14	98	
48	63	
146	32	
213	87	92	95	
214	88	90	91	94	97	
215	16	
220	100	
244	57	
245	48	52	55	56	
246	42	47	49	
247	10	80	82	85	87	89	94	
248	7	10	12	13	15	78	81	83	84	86	87	89	91	94	98	
249	16	16	17	19	88	
250	18	
278	57	
279	47	51	52	52	54	55	56	57	58	58	61	
280	41	43	45	46	47	48	49	50	51	53	
281	9	14	44	46	73	80	
282	7	10	11	12	14	14	15	79	80	84	86	94	
283	12	13	16	17	19	20	21	23	79	84	88	89	
284	17	
312	57	
313	52	53	54	55	56	56	57	60	
314	45	47	48	49	50	50	51	53	55	59	
315	8	42	44	45	46	49	
316	3	6	9	10	11	13	14	15	
317	12	13	14	15	16	17	18	20	25	81	84	86	93	97	
318	16	17	21	
347	52	56	57	61	
348	48	50	51	52	53	54	55	59	
349	41	44	45	46	47	49	49	
350	9	10	13	
351	6	8	11	12	13	14	15	16	18	79	82	85	
352	17	17	20	21	23	
353	23	
381	52	56	57	
382	48	49	50	51	52	53	53	54	55	55	57	59	
383	42	45	47	48	49	50	
384	5	9	10	14	
385	6	8	11	12	13	14	14	15	16	17	18	19	23	70	
386	18	21	22	
394	92	
396	93	
397	98	
415	53	57	58	
416	47	48	50	51	52	54	55	60	
417	45	49	53	
418	5	7	9	10	11	14	
419	6	12	13	15	16	17	18	19	20	23	25	27	
420	2	22	
423	88	92	
424	87	91	92	96	
425	87	88	90	92	96	
426	87	91	92	94	97	
427	83	86	87	89	91	92	93	96	
428	86	87	88	90	91	92	94	97	
429	83	87	90	91	92	93	96	
430	82	87	88	89	91	92	95	98	
431	8	86	87	87	88	90	92	94	96	
432	11	83	85	87	87	89	90	91	93	93	95	97	
433	86	87	88	89	90	92	93	96	
434	88	91	92	94	97	
435	18	87	89	91	96	
436	16	
437	63	
438	63	64	
449	52	55	57	61	
450	47	49	50	51	53	54	92	
451	45	49	83	84	87	89	91	94	
452	4	7	9	10	11	12	14	15	88	92	
453	13	15	16	18	20	24	
454	90	92	
455	87	88	89	91	92	95	98	
456	87	87	89	91	92	95	97	
457	85	86	87	89	90	92	94	95	98	98	
458	81	82	86	86	87	88	89	90	92	94	96	98	98	
459	81	82	85	86	86	87	88	89	90	91	93	93	95	97	99	
460	80	81	83	85	86	86	87	88	89	90	91	94	96	
461	78	80	81	82	84	85	86	86	87	88	89	90	94	96	99	
462	8	78	80	82	84	85	86	87	89	90	91	94	96	
463	12	77	79	81	82	84	85	86	87	88	88	89	90	92	94	97	98	
464	78	80	81	83	84	85	86	87	88	89	90	94	99	
465	7	78	79	80	82	83	83	84	85	87	88	89	91	95	100	
466	7	10	78	79	80	82	83	84	85	86	87	88	89	90	95	98	
467	12	14	79	81	82	83	83	85	86	86	87	89	90	93	96	99	
468	7	10	15	78	81	82	83	83	84	85	86	87	88	89	91	94	96	
469	7	11	12	15	17	82	85	87	88	90	94	
470	16	17	18	21	53	54	55	90	
482	52	57	
483	46	50	51	52	53	54	55	56	59	
484	47	49	50	51	54	59	83	85	87	90	92	94	99	
485	82	85	86	87	89	90	92	93	97	99	
486	4	7	10	12	14	15	81	85	87	91	98	
487	81	83	87	90	92	94	97	
488	81	82	85	86	87	88	89	90	91	94	96	
489	80	82	83	84	85	86	87	89	90	92	94	96	
490	78	80	81	83	83	84	85	86	87	88	89	90	94	97	
491	37	40	78	78	80	81	82	83	85	86	87	89	90	94	
492	36	77	79	80	81	82	83	84	85	87	88	89	91	
493	17	19	33	41	56	67	77	79	80	81	82	83	84	85	89	
494	17	18	21	39	42	47	48	57	68	77	79	80	81	84	85	
495	19	20	29	38	41	46	67	78	79	80	82	83	85	
496	18	20	39	42	44	46	48	48	58	67	71	77	79	81	83	85	89	100	
497	19	30	40	44	46	57	66	71	79	80	82	84	
498	18	19	21	38	41	43	46	48	49	57	60	68	71	79	80	84	86	100	
499	18	20	41	43	43	46	48	58	67	79	80	84	
500	12	18	19	22	27	29	37	37	37	39	42	46	48	66	78	79	80	81	84	
501	15	19	20	46	66	71	77	79	80	81	84	89	
502	7	9	10	12	14	15	19	41	71	79	80	81	84	85	101	
503	7	9	11	12	13	13	14	15	16	18	18	19	21	26	68	70	79	80	84	85	
504	16	18	19	20	21	24	80	
507	84	85	
515	58	
516	48	52	55	56	57	61	
517	42	46	47	48	49	50	50	51	53	53	54	
518	42	44	47	49	51	80	85	89	95	
519	41	66	78	80	81	83	84	86	88	
520	5	8	12	14	19	38	84	
521	8	20	41	78	79	80	82	84	85	88	90	
522	38	77	79	80	82	84	85	86	90	93	
523	17	36	40	48	52	67	77	78	79	81	82	84	85	86	89	
524	16	17	19	41	47	58	67	78	79	80	82	84	85	86	88	
525	17	18	19	19	20	41	42	43	46	47	48	57	60	66	69	80	83	88	
526	11	14	16	17	18	18	20	20	22	27	29	40	42	43	44	47	48	56	58	63	65	67	68	70	79	81	83	
527	16	18	19	20	21	22	41	43	43	45	47	57	67	69	72	79	
528	18	19	20	21	23	24	27	30	42	44	45	47	49	52	54	56	59	63	70	79	83	
529	18	20	21	22	23	30	42	43	44	45	46	47	48	51	55	56	58	58	63	64	69	71	
530	19	20	22	23	25	32	33	41	43	44	45	46	47	48	50	52	55	56	60	67	68	72	
531	19	21	22	23	25	27	41	44	45	47	49	55	57	58	62	68	70	
532	19	21	22	24	28	32	35	42	43	44	45	46	48	48	50	52	54	57	58	67	71	
533	20	21	23	24	32	42	43	45	46	48	49	51	55	58	61	63	71	
534	18	20	21	23	23	26	30	34	43	43	44	46	48	49	55	57	60	66	69	73	
535	13	18	20	21	22	24	29	40	43	44	45	47	49	67	70	
536	7	10	13	15	19	20	21	23	25	29	42	44	46	65	71	79	
537	2	7	12	14	15	19	20	21	23	24	68	
538	2	18	21	22	25	28	
549	58	
550	51	52	53	54	55	56	57	60	63	
551	32	35	42	46	47	49	49	50	51	53	53	55	56	57	58	61	
552	30	35	37	41	42	43	44	45	46	47	48	49	51	56	58	60	67	73	80	
553	19	36	41	43	44	45	46	47	48	56	60	67	69	
554	3	19	20	22	23	27	29	34	42	43	44	46	47	48	48	50	52	54	56	58	62	65	68	68	70	
555	19	20	22	37	39	42	43	44	45	46	47	49	52	56	58	67	70	80	
556	19	20	21	22	27	30	37	41	42	44	46	47	48	56	63	64	68	69	79	83	
557	11	14	16	19	20	21	26	33	41	43	43	44	47	48	67	69	73	79	
558	12	14	17	19	20	21	22	24	26	35	41	44	63	66	69	
559	11	13	14	15	18	18	19	20	21	22	23	25	44	62	63	70	
560	21	22	24	45	62	
561	21	23	24	25	45	55	
562	22	24	45	54	62	64	
563	22	25	
564	23	25	
565	23	24	55	
566	24	55	
567	23	25	53	55	
568	23	
569	25	
570	23	
571	23	
584	53	55	61	
585	34	50	51	54	55	59	62	
586	44	45	48	48	51	54	55	59	63	
587	23	25	43	49	55	62	
588	24	45	51	54	55	60	71	
589	22	23	24	25	33	45	50	55	59	
590	21	23	24	25	44	49	61	63	72	
591	22	24	45	
592	22	24	45	74	
593	22	25	
594	25	
625	25	
694	102	
728	104	
1171	66	
1185	47	
1197	74	
1206	100	
1227	37	
1228	72	
1229	56	
1242	21	
1250	99	
1260	38	
1270	18	
1271	29	
1273	75	
1289	15	
1300	28	
1301	35	
1309	3	
1313	93	97	
1317	81	
1330	29	
1334	41	
1335	47	
1337	52	
1342	30	
1343	55	
1344	18	
1355	60	
1368	19	42	58	
1369	17	18	20	31	40	46	48	
1370	22	43	46	52	69	
1371	43	52	72	
1384	31	47	
1401	18	
1402	8	12	13	15	16	18	20	56	57	
1403	16	17	19	20	21	24	32	48	52	54	56	59	63	
1404	18	18	22	40	43	44	46	49	50	54	70	
1405	44	48	
1406	51	
1410	28	
1434	25	
1435	9	
1436	6	9	10	13	14	19	57	58	
1437	16	18	20	23	23	51	52	53	54	55	57	60	
1438	17	22	42	45	46	47	49	50	52	53	
1439	44	46	49	54	72	
1440	50	
1441	73	
1448	23	
1454	18	
1459	7	
1462	102	
1464	21	
1466	26	
1469	14	24	
1470	7	10	11	14	
1471	8	11	12	13	14	15	17	18	20	52	53	54	55	56	57	59	80	96	
1472	17	19	20	23	42	45	47	48	50	50	54	
1473	44	47	49	53	
1474	51	
1481	20	
1497	21	
1501	5	25	
1504	7	8	11	13	15	
1505	7	11	12	14	15	18	19	22	23	53	56	57	60	79	88	
1506	17	18	19	20	50	51	53	54	55	56	
1507	44	45	47	48	49	50	52	56	
1508	52	76	
1509	58	
1510	17	
1515	16	55	
1519	49	
1526	102	
1538	8	11	14	19	
1539	4	10	11	12	14	14	15	16	19	23	52	55	56	58	
1540	16	17	21	47	51	52	53	53	54	56	60	
1541	45	49	88	91	96	
1542	48	
1544	31	
1546	49	66	
1547	59	
1548	16	19	40	57	70	
1549	20	34	
1550	21	38	40	44	47	53	55	
1551	29	
1552	22	43	48	48	60	72	
1553	43	60	
1554	46	49	71	
1555	27	44	46	
1556	28	
1557	46	
1566	42	
1568	8	
1572	8	9	11	14	
1573	5	7	10	11	13	14	15	16	17	18	20	52	56	
1574	17	21	23	25	46	47	50	51	53	54	
1575	45	47	48	78	81	85	90	93	
1576	39	45	53	
1577	66	
1578	16	21	30	40	44	67	
1579	18	19	22	29	36	39	47	56	68	
1580	17	18	20	42	44	46	47	51	68	
1581	13	19	21	31	37	42	45	47	56	62	67	
1582	16	19	20	38	42	44	47	57	63	66	
1583	17	20	22	24	28	42	45	46	48	57	66	70	
1584	18	19	21	24	29	40	44	47	53	55	57	62	64	66	70	
1585	19	21	33	40	43	43	45	46	47	49	53	57	69	
1586	20	22	26	39	42	45	46	50	56	60	64	69	
1587	19	21	24	26	32	40	43	44	45	46	48	48	50	55	58	59	69	
1588	19	20	24	33	34	41	44	46	47	50	53	57	61	65	69	
1589	21	34	40	43	44	46	47	49	57	60	66	69	
1590	22	39	43	45	46	49	56	67	70	
1591	41	46	48	54	
1592	57	57	58	73	
1593	60	
1595	9	
1599	74	
1605	8	14	42	
1606	9	11	13	15	17	20	41	56	57	68	
1607	8	12	14	16	17	19	20	21	24	35	39	47	51	52	53	54	55	56	59	
1608	18	21	22	26	37	42	44	46	47	48	49	50	
1609	44	46	48	48	50	54	62	64	68	84	
1610	19	41	43	47	68	68	
1611	13	16	19	22	26	29	38	41	44	47	59	
1612	6	16	18	19	21	24	45	48	57	68	68	69	
1613	13	15	16	18	19	20	21	25	27	30	41	43	43	45	47	62	63	68	
1614	18	20	22	23	24	35	41	44	47	49	54	56	59	73	
1615	19	21	23	23	25	27	42	43	45	49	61	64	69	
1616	19	20	22	23	27	43	43	45	48	57	60	69	
1617	19	20	22	25	27	29	44	48	53	57	61	
1618	20	21	23	24	32	45	49	54	61	72	
1619	21	23	25	33	44	48	50	54	58	58	65	
1620	21	23	30	44	45	49	52	54	60	65	
1621	21	23	24	33	34	44	45	48	51	55	56	58	60	65	
1622	20	22	25	34	43	44	50	53	55	56	62	65	
1623	21	23	23	25	28	42	43	45	48	50	52	55	56	58	58	60	73	
1624	21	25	42	44	45	46	47	48	48	50	51	53	54	58	71	
1625	43	45	46	47	48	49	51	57	72	
1626	44	47	
1629	79	80	80	
1633	10	
1634	17	
1638	14	31	
1639	10	13	20	
1640	7	9	11	14	15	16	17	19	21	57	70	
1641	13	16	17	18	18	19	20	21	24	25	34	52	53	54	55	56	59	71	
1642	21	22	30	41	43	45	47	48	49	50	51	55	57	58	62	
1643	42	44	46	55	57	63	66	70	
1644	15	19	21	24	26	33	34	42	44	45	47	48	69	
1645	11	13	18	19	20	22	24	42	44	65	67	67	68	69	
1646	10	15	20	21	22	24	44	64	69	71	
1647	20	21	22	24	55	
1648	23	25	45	65	
1649	24	65	93	
1650	24	
1651	87	92	97	
1652	92	97	
1653	88	91	92	
1654	91	93	
1655	87	88	91	93	97	
1656	73	88	92	97	
1657	39	39	40	52	53	54	55	57	87	92	98	
1658	51	52	54	55	57	61	92	
1659	45	50	52	53	
1660	53	60	
1663	88	
1668	42	
1670	38	
1671	4	
1672	24	93	
1673	7	9	10	12	13	14	16	19	
1674	8	10	12	13	13	14	15	16	17	18	19	20	22	
1675	17	19	20	22	23	23	24	55	
1676	22	45	51	53	60	64	
1678	93	
1679	15	23	23	25	93	
1680	25	91	
1681	87	91	92	95	97	
1682	87	88	89	90	90	91	95	96	98	
1683	82	87	89	90	90	91	94	95	
1684	81	82	86	87	88	89	90	91	93	94	96	100	
1685	81	82	85	86	87	88	88	89	91	94	97	
1686	78	81	82	83	85	86	87	88	89	91	94	95	98	
1687	78	81	82	84	85	86	87	88	88	90	92	93	95	97	99	
1688	82	85	86	86	87	88	89	90	92	95	98	
1689	82	83	85	86	87	88	89	90	94	97	
1690	77	78	82	84	85	86	87	87	89	89	91	94	96	
1691	77	78	81	82	86	87	88	89	90	92	94	97	
1692	52	54	82	85	86	87	88	89	90	91	93	93	95	95	
1693	87	89	91	94	96	
1697	88	89	
1701	40	
1705	41	
1706	14	
1707	8	9	10	12	13	14	
1708	5	7	10	11	12	15	17	20	96	
1709	23	87	88	90	91	93	95	96	
1710	87	88	89	90	91	92	94	95	96	
1711	82	86	87	88	89	90	90	92	94	95	97	
1712	83	87	87	89	90	92	94	95	98	
1713	83	87	87	89	90	91	92	94	95	
1714	86	86	87	89	89	91	92	93	94	97	99	
1715	77	81	82	85	85	86	88	88	89	91	94	96	
1716	77	78	80	81	82	83	84	85	86	89	90	93	97	100	
1717	77	78	80	80	81	82	83	84	85	87	88	89	91	95	99	
1718	77	78	79	80	81	83	83	84	85	88	89	91	94	
1719	78	78	79	80	82	83	85	87	89	96	
1720	79	80	81	83	84	86	89	93	
1721	79	79	80	82	83	84	86	89	
1722	78	78	79	81	83	83	84	85	87	88	95	
1723	77	79	80	81	83	84	85	87	97	
1724	79	80	81	83	84	86	88	89	96	
1725	78	79	80	82	83	85	88	90	
1726	77	79	80	81	83	84	85	87	89	99	
1727	78	80	81	84	87	88	92	97	
1728	82	90	
1733	69	
1740	12	
1741	5	11	15	
1742	12	14	80	86	90	97	
1743	78	79	80	81	82	84	85	86	87	88	90	92	96	99	
1744	11	77	79	80	81	82	83	84	85	86	87	89	91	95	
1745	78	79	80	81	82	83	84	85	87	89	93	95	99	
1746	77	79	80	81	82	83	84	85	87	88	89	91	94	
1747	77	79	80	81	82	84	85	86	88	90	95	98	
1748	77	79	80	81	83	83	84	85	87	88	91	95	
1749	77	78	79	81	83	83	85	100	
1750	79	81	83	88	88	95	
1751	80	84	
1752	79	
1753	80	85	
1754	78	81	87	
1755	78	81	87	
1756	81	98	
1757	80	93	
1758	79	84	
1759	82	104	
1760	80	
1761	82	
1762	92	
1776	80	83	
1777	12	79	82	84	
1778	78	79	82	83	85	
1779	79	80	82	84	
1780	78	79	81	85	97	
1781	78	80	
1782	78	80	85	
1783	81	90	
1786	83	
1794	89	97	
1797	74	
1809	31	46	
1810	93	
1811	96	
1815	85	
1829	94	
1837	61	
1846	69	87	
1849	98	
1853	95	
1859	100	
1872	81	
1874	101	
1881	87	
1886	82	
1895	54	
1924	41	
1933	48	
1955	76	
1958	21	
1959	29	
1962	87	
1969	16	
1995	15	27	93	
1998	24	
2008	21	
2009	55	
2010	48	
2014	83	
2025	28	
2026	53	
2033	5	
2061	52	
2065	27	
2067	78	
2068	30	
2079	8	
2110	15	33	
2123	25	
2126	98	
2130	17	
2157	6	
2199	102	
2222	7	
2258	100	
2299	4	
2305	1	
