218	8	
219	7	
247	92	98	
248	17	
278	56	
279	47	52	
280	87	89	92	95	
281	82	86	87	88	89	90	92	94	97	
282	17	87	90	92	95	
283	17	92	
289	92	
290	87	91	95	
291	93	
311	58	
312	51	52	56	
313	46	47	49	50	54	
314	46	48	80	82	84	86	87	89	92	95	
315	6	10	77	79	81	82	84	85	86	88	89	91	95	
316	6	9	11	13	14	77	80	82	83	83	84	86	86	88	88	89	91	95	98	
317	13	15	16	18	19	82	85	86	88	88	90	97	
318	16	18	20	
322	48	50	
323	83	86	88	89	90	93	96	100	
324	7	10	81	83	85	87	87	88	90	91	93	95	99	
325	16	82	84	85	86	87	88	89	91	95	
326	16	17	87	95	
330	87	90	92	95	
331	87	92	
332	18	88	93	
345	56	57	
346	48	51	52	52	54	55	57	62	
347	45	47	48	49	49	50	51	52	53	54	
348	44	47	49	81	85	91	
349	10	78	78	80	82	83	85	93	95	100	
350	8	8	10	11	12	13	14	15	16	18	79	80	81	82	84	86	89	93	100	
351	11	13	14	15	15	16	17	19	21	78	78	80	82	84	
352	17	18	19	21	
354	56	58	
355	51	52	54	55	56	57	
356	46	47	49	50	51	53	53	
357	45	46	48	81	85	87	91	98	
358	8	8	10	14	78	79	80	82	84	85	87	88	90	92	93	98	
359	7	10	11	12	14	14	16	18	19	77	79	80	82	84	85	86	88	90	95	99	
360	15	16	17	17	19	20	82	86	
361	57	
362	91	97	
363	86	87	89	90	91	93	93	95	98	
364	10	78	82	83	85	86	87	88	88	89	91	93	94	96	100	
365	12	15	77	80	82	84	85	87	88	88	89	91	92	94	97	98	
366	17	83	87	88	89	91	95	
367	17	92	
379	53	57	58	
380	47	50	51	52	52	54	55	55	56	57	60	
381	46	47	48	48	49	50	50	51	53	91	
382	44	45	49	82	84	88	89	91	95	
383	5	9	85	89	
384	5	6	8	9	10	11	12	14	15	19	68	78	
385	6	11	12	13	15	15	16	17	17	18	18	19	20	22	24	80	
386	17	18	20	21	22	26	
388	56	57	
389	51	52	52	54	55	56	58	58	
390	48	48	49	50	50	51	53	53	56	91	100	
391	44	46	48	49	82	83	86	91	
392	9	11	13	15	79	81	83	86	89	
393	5	6	8	9	10	11	12	12	13	14	14	15	18	79	80	83	86	88	96	
394	16	17	20	22	79	83	87	90	92	93	97	98	
395	52	54	87	88	90	91	95	
396	53	86	87	88	90	91	93	95	97	
397	78	80	81	83	83	85	86	87	88	90	91	95	98	
398	7	78	79	80	81	82	84	85	86	88	89	91	96	
399	8	9	11	13	13	15	17	79	80	81	82	83	85	85	87	89	92	95	
400	10	11	12	14	15	16	18	81	82	84	86	87	88	89	91	94	97	99	
401	16	16	17	18	19	21	26	
413	52	56	57	60	
414	47	50	51	52	52	53	54	55	56	58	60	
415	44	46	47	49	50	50	52	53	85	88	89	92	95	
416	43	45	48	50	83	85	91	97	
417	8	10	14	84	
418	7	9	10	11	12	13	14	14	15	16	18	20	
419	7	11	13	15	16	16	17	17	18	19	20	20	21	23	24	
420	22	
422	56	58	
423	51	51	52	52	54	55	55	56	58	61	
424	47	48	49	50	51	52	53	54	86	88	88	91	96	101	
425	50	83	85	88	90	97	
426	9	85	
427	3	7	10	11	13	13	14	15	81	87	92	96	
428	7	81	83	85	86	87	88	89	91	93	94	
429	54	78	80	81	82	84	85	86	87	88	89	90	91	93	93	95	99	
430	52	80	81	82	83	85	86	87	88	89	91	93	96	
431	47	79	81	82	84	85	86	94	
432	6	13	79	81	84	
433	10	13	15	17	19	67	78	80	82	84	88	
434	6	8	11	12	12	14	15	15	16	17	18	19	78	79	80	83	85	
435	13	16	17	18	18	19	20	21	27	80	84	
436	18	22	
447	52	53	54	55	56	56	57	59	
448	46	47	48	49	50	51	51	52	53	53	54	55	57	58	61	
449	44	46	47	49	49	50	52	54	84	
450	44	80	85	89	
451	8	9	12	13	
452	4	7	9	10	11	12	13	14	15	15	16	18	20	
453	12	15	16	17	19	20	22	23	25	
454	91	
455	88	91	
456	86	87	90	91	94	96	
457	51	51	52	54	55	56	62	87	88	88	90	92	94	96	
458	51	54	81	82	85	87	88	89	91	93	94	97	
459	52	82	85	87	90	93	
460	13	
461	5	6	
462	7	16	79	80	83	85	86	89	98	
463	16	40	46	77	79	81	82	83	84	86	89	98	
464	18	20	39	47	48	66	78	79	81	82	84	86	88	
465	11	14	17	19	38	42	52	57	62	65	67	79	
466	15	16	17	18	19	20	21	26	33	41	45	46	47	48	50	66	68	69	73	
467	8	10	14	16	19	20	21	22	28	38	43	45	64	66	71	
468	2	7	10	11	12	13	13	14	14	15	16	17	18	19	20	21	22	23	25	69	80	
469	17	20	21	22	22	25	27	70	
470	23	
481	52	55	56	57	58	59	61	
482	41	46	47	47	48	49	50	50	51	52	53	54	55	56	57	
483	37	42	43	45	46	46	47	49	49	51	53	85	
484	45	46	48	83	99	
485	6	9	10	14	
486	4	7	9	11	12	14	15	16	19	25	
487	11	13	15	16	78	80	82	86	87	88	90	92	94	96	
488	82	85	86	87	89	90	92	94	96	
489	82	85	86	87	89	90	92	93	95	100	
490	81	83	84	85	86	87	88	89	90	91	94	96	
491	77	80	81	82	83	84	85	86	87	89	90	94	96	99	
492	55	78	80	82	83	84	85	86	87	89	90	91	96	
493	80	82	84	87	89	95	98	
494	18	
495	9	14	18	28	
496	16	17	18	19	20	24	40	43	45	48	60	65	67	68	78	
497	13	14	16	17	18	18	19	20	20	27	42	45	46	47	50	52	55	59	61	65	69	72	78	
498	15	17	18	20	21	22	23	28	41	44	45	47	49	50	57	61	67	68	70	
499	12	14	15	19	20	21	21	23	24	27	43	44	45	49	61	67	70	73	
500	11	15	17	18	19	20	21	21	22	23	24	26	29	36	36	43	48	61	70	
501	11	14	21	22	23	24	25	38	71	
502	4	14	21	22	24	25	
503	21	23	24	
514	57	
515	51	52	54	55	56	57	60	
516	47	48	49	50	51	52	52	53	54	55	56	58	59	63	
517	31	41	44	45	46	47	48	48	49	50	50	53	59	
518	39	43	44	46	47	48	49	73	
519	66	
520	5	8	11	94	
521	3	8	10	13	78	79	81	82	84	85	87	89	96	
522	77	80	81	82	83	84	85	86	88	88	90	94	96	
523	46	57	77	79	80	81	82	83	84	85	86	87	88	90	94	98	
524	47	74	74	75	76	78	79	80	81	84	85	86	89	93	
525	46	79	80	82	84	85	88	90	93	
526	79	81	84	86	95	
527	17	88	
528	9	14	66	70	84	
529	9	11	12	13	14	15	16	17	18	23	67	
530	14	15	16	17	18	19	20	21	24	25	27	71	
531	13	18	19	20	21	22	23	24	25	26	33	65	73	
532	21	22	23	24	25	29	74	
533	4	23	23	25	
534	22	24	
535	23	25	
536	24	74	
541	89	89	
549	53	55	57	61	
550	35	50	51	52	53	54	55	55	56	56	57	59	60	63	
551	34	42	45	46	47	48	49	50	50	51	52	53	55	56	56	57	59	61	68	
552	27	40	43	44	45	46	46	47	48	48	49	53	56	56	58	58	67	
553	26	40	42	44	45	46	47	47	49	57	67	69	72	
554	19	21	26	29	34	37	38	42	44	46	47	48	50	56	58	60	68	68	70	84	
555	1	19	20	22	37	41	45	46	47	48	49	57	71	
556	19	21	41	44	47	49	57	60	66	69	78	79	81	84	
557	18	19	20	26	38	42	43	46	47	48	50	56	57	61	68	69	79	80	84	
558	17	19	20	40	44	46	47	49	52	56	58	58	66	70	79	81	83	
559	18	19	20	26	31	40	42	43	44	46	47	47	48	49	50	68	69	71	78	
560	22	43	44	46	48	51	70	79	84	
561	8	
562	9	11	12	14	15	20	24	67	
563	10	11	12	13	13	14	15	16	17	18	19	19	23	26	
564	12	15	17	17	18	19	20	21	22	23	24	26	
565	21	22	24	
579	48	
584	52	55	60	
585	50	51	52	53	54	57	59	62	
586	33	34	42	45	47	50	51	53	54	55	57	59	61	63	73	
587	24	41	48	48	50	51	55	57	60	67	69	
588	21	23	23	24	30	41	44	45	47	49	51	54	57	60	64	72	
589	19	20	22	24	25	40	44	46	48	48	50	55	58	59	62	64	67	69	
590	19	21	22	24	25	41	43	45	48	50	55	61	70	
591	15	20	21	23	24	42	44	57	58	58	63	65	69	
592	21	22	24	25	27	35	49	51	52	52	53	54	55	56	56	57	60	61	68	69	
593	22	23	23	24	28	42	44	45	46	47	48	49	49	50	50	51	52	53	57	60	
594	25	41	43	44	45	46	47	48	48	49	50	70	
595	8	13	39	
596	5	6	9	11	12	14	15	16	17	19	20	25	28	70	
597	7	11	12	13	14	15	16	17	18	18	19	19	20	21	23	69	
598	15	17	20	21	22	22	23	
607	8	8	9	
621	55	
622	24	55	65	
623	25	55	
624	23	24	25	64	
625	24	25	57	73	
626	22	24	35	52	53	53	54	55	56	57	60	
627	23	37	41	47	48	49	50	51	52	53	54	55	56	58	59	63	
628	32	40	43	44	44	45	46	47	48	49	50	73	
629	9	11	14	18	41	44	49	64	65	66	68	70	73	
630	7	10	12	13	13	14	15	16	18	19	20	21	23	24	65	69	71	
631	3	15	19	20	21	22	23	24	24	25	
632	22	23	
660	53	55	95	96	
661	50	54	61	
662	24	45	65	
663	11	13	24	25	45	
664	22	24	25	
665	23	24	
694	103	
697	25	75	
727	5	
728	2	
1162	39	
1166	55	
1167	11	65	
1171	67	
1172	56	101	
1202	60	
1228	75	
1232	24	
1240	9	
1249	56	
1251	14	
1276	10	
1281	9	
1283	92	
1289	100	
1295	38	
1303	65	
1313	41	
1317	32	
1319	2	
1321	68	
1345	8	
1350	66	
1353	7	
1369	43	
1370	49	
1371	47	48	
1374	11	
1399	16	
1400	17	
1402	40	56	
1403	21	46	50	68	
1406	48	
1407	20	
1409	30	
1410	17	20	
1411	46	
1412	39	46	
1413	47	
1418	27	
1419	28	47	
1433	7	
1434	19	
1435	14	16	57	
1436	16	18	18	19	24	26	37	39	52	57	60	67	
1437	20	21	32	42	44	46	47	48	50	56	59	
1438	22	41	45	46	48	48	50	52	57	71	
1439	47	70	
1443	39	
1444	20	
1445	43	57	67	
1446	41	46	47	48	56	
1447	46	49	53	66	69	
1448	40	46	
1450	18	
1451	77	
1452	46	
1453	68	
1454	70	
1455	56	
1467	17	
1468	10	25	
1469	10	12	14	19	
1470	15	16	17	18	18	19	20	22	28	53	56	58	59	68	
1471	17	20	21	23	23	24	41	44	46	48	49	50	51	53	54	56	61	64	69	73	
1472	22	24	26	38	43	45	46	47	48	48	49	51	56	69	
1473	43	45	46	47	49	71	
1474	51	
1477	10	10	15	24	72	
1478	10	16	
1479	16	17	19	20	22	23	30	40	48	56	58	59	61	
1480	18	20	21	24	26	30	40	44	46	48	49	50	52	53	56	57	60	67	68	73	
1481	22	42	43	45	46	47	49	50	72	
1482	46	49	
1483	40	44	75	
1484	16	20	39	67	
1485	16	19	41	46	
1486	20	25	27	39	46	47	49	66	71	
1487	41	44	47	50	56	66	
1488	46	48	
1489	46	
1491	56	
1494	62	
1495	70	
1498	42	
1502	8	13	
1503	6	8	10	11	12	13	14	15	17	18	
1504	12	12	15	16	17	19	20	21	24	55	57	
1505	17	18	20	21	23	24	50	51	52	53	53	55	57	58	61	
1506	23	45	47	48	48	48	49	50	51	52	54	56	60	
1507	44	46	48	48	49	50	52	54	
1508	43	
1509	54	
1510	22	
1511	9	
1512	6	9	11	12	14	15	16	18	
1513	12	15	16	17	18	19	20	21	25	26	56	57	61	
1514	17	18	20	20	21	23	23	24	33	37	45	46	47	48	50	51	52	52	54	56	57	58	60	
1515	43	45	46	47	48	49	50	54	59	66	68	
1516	43	46	48	58	73	
1517	41	47	75	
1518	16	18	18	39	67	
1519	16	17	18	20	21	23	24	27	39	46	52	57	60	65	67	72	
1520	19	20	22	24	28	40	44	46	47	48	49	50	51	53	54	57	58	61	71	
1521	22	25	26	29	39	43	43	45	46	47	49	50	52	58	71	74	
1522	39	44	46	47	48	50	59	68	
1523	49	
1525	76	
1536	9	13	15	
1537	7	9	10	11	12	13	13	14	15	16	17	19	
1538	7	13	15	15	16	17	18	18	19	20	21	58	69	
1539	17	18	20	21	23	51	52	53	53	54	55	56	57	60	
1540	46	47	48	49	50	51	51	52	54	56	58	62	
1541	46	49	55	
1542	49	
1545	5	11	16	18	
1546	8	9	10	11	13	13	14	16	20	
1547	12	13	14	15	16	17	18	18	19	20	21	23	24	58	69	
1548	18	21	22	23	25	37	51	52	55	56	57	59	60	
1549	29	42	44	45	46	47	48	48	49	49	50	51	53	55	59	
1550	32	42	44	46	49	50	71	
1551	9	12	14	19	40	47	65	68	75	
1552	11	13	13	14	17	18	19	21	23	67	69	
1553	17	18	18	19	20	22	24	25	53	57	
1554	21	22	23	25	51	52	54	55	56	57	58	59	61	65	
1555	24	32	37	42	44	45	47	49	50	51	52	53	53	54	55	56	59	61	
1556	44	46	47	47	48	49	50	54	68	
1557	45	46	49	55	74	
1560	66	66	67	
1568	11	
1569	13	
1570	10	15	22	
1571	5	8	9	11	12	13	14	15	16	17	19	20	24	
1572	13	15	16	17	18	18	19	20	21	24	26	56	57	
1573	21	22	48	50	51	52	54	55	56	58	61	
1574	44	46	48	48	49	50	51	53	53	
1575	43	48	50	83	85	89	96	
1576	44	
1577	38	
1578	12	19	46	
1579	4	9	12	14	16	20	26	46	66	
1580	5	7	8	10	11	12	15	16	18	18	19	21	26	
1581	12	13	15	16	17	18	19	20	21	22	24	71	
1582	18	21	22	51	52	53	53	54	55	56	59	62	
1583	29	35	41	47	48	49	50	51	55	59	
1584	44	45	47	49	59	64	72	
1585	9	12	14	20	24	26	44	65	68	68	73	
1586	12	14	15	18	19	20	22	24	26	29	72	
1587	21	22	23	23	24	
1588	22	25	52	53	57	58	
1589	50	51	51	52	53	53	54	55	56	59	
1590	45	47	49	49	50	51	52	56	58	
1591	44	50	56	74	
1594	65	
1602	64	
1603	11	
1604	6	8	10	11	13	15	
1605	5	7	10	11	12	14	14	15	16	18	18	19	22	
1606	15	16	17	18	19	20	22	23	27	53	56	57	
1607	22	37	47	48	50	50	51	52	53	53	54	55	57	58	61	
1608	32	38	44	45	47	48	48	49	50	52	58	
1609	43	45	47	48	49	50	52	60	64	67	82	
1610	39	45	46	59	
1611	20	26	39	46	67	70	
1612	12	15	16	18	18	20	23	40	47	65	
1613	9	11	14	16	19	21	23	23	42	67	70	
1614	6	9	10	11	13	13	14	15	16	18	18	19	21	22	24	26	70	
1615	20	21	22	24	26	
1616	22	23	54	
1617	51	55	
1618	64	
1619	24	
1620	24	
1621	92	
1622	53	87	88	91	92	94	96	
1623	52	53	54	57	62	88	89	90	91	93	93	95	97	
1624	53	83	86	87	90	92	94	96	
1625	91	
1630	9	
1635	19	
1637	8	15	
1638	9	10	12	14	15	20	
1639	7	9	11	12	13	13	14	15	16	17	18	19	21	24	26	
1640	16	17	17	19	20	22	55	57	
1641	22	51	51	52	54	54	55	56	57	59	61	
1642	31	40	42	45	47	48	49	50	51	52	53	55	57	58	61	
1643	40	43	44	45	46	47	49	50	61	66	71	74	
1644	19	23	41	45	47	49	62	69	
1645	13	15	19	21	23	26	39	46	61	68	70	
1646	13	14	17	19	20	21	22	25	29	45	61	73	86	
1647	12	14	18	19	20	21	22	23	23	25	30	44	69	
1648	8	12	15	21	22	24	70	
1649	23	24	
1651	52	
1652	48	92	97	
1653	20	86	87	88	89	90	91	92	96	
1654	82	86	87	88	89	90	91	94	95	97	
1655	53	82	83	85	86	87	88	88	89	90	91	93	95	96	
1656	78	80	81	82	83	84	85	86	87	89	90	91	94	96	
1657	77	81	82	83	84	85	86	87	89	90	92	96	
1658	79	80	81	82	83	84	85	86	88	90	93	
1659	86	88	
1660	60	
1670	23	30	
1671	13	
1672	5	7	8	10	11	13	15	52	
1673	7	9	10	11	12	13	14	15	16	20	22	27	82	
1674	16	17	18	19	20	22	23	90	92	
1675	18	53	55	58	
1676	51	55	60	65	
1677	24	32	34	50	55	60	
1678	25	45	59	59	60	65	72	
1679	14	15	21	23	24	63	
1680	15	21	22	24	25	85	
1681	22	24	25	
1682	25	
1683	56	57	
1684	51	52	55	
1685	47	49	50	52	53	56	87	91	93	97	
1686	81	82	85	87	88	88	89	91	94	96	
1687	76	77	79	80	81	82	83	84	85	86	87	89	95	98	
1688	76	78	79	80	81	81	83	83	84	85	86	88	89	92	95	101	
1689	77	79	80	81	82	84	85	86	95	99	
1690	77	79	80	81	84	85	88	88	96	
1691	29	29	30	77	78	79	81	83	85	87	88	97	
1692	78	80	83	85	88	98	
1693	84	
1706	10	13	
1707	5	7	9	10	12	13	14	19	81	85	89	93	
1708	7	10	11	13	14	80	82	84	85	87	88	90	92	95	98	99	
1709	17	82	87	87	90	91	92	94	95	97	
1710	87	88	90	91	92	95	97	
1711	87	88	90	91	92	97	
1712	91	93	96	
1713	88	91	92	96	
1714	87	88	91	92	95	96	
1715	86	87	88	89	90	91	93	94	95	97	
1716	16	19	87	91	92	97	
1717	52	53	56	57	59	
1718	47	50	51	52	54	55	56	61	
1719	45	48	49	50	52	82	85	87	89	91	93	97	
1720	79	80	82	83	84	86	90	93	99	
1721	79	80	84	88	93	
1722	79	84	88	
1723	78	80	85	98	
1724	79	83	
1726	82	
1738	26	
1740	8	
1741	5	9	13	14	90	
1742	9	11	16	47	78	79	80	82	84	86	88	94	
1743	9	13	13	77	79	80	81	82	83	84	85	86	87	88	89	90	91	94	97	
1744	77	80	81	82	83	84	84	85	86	87	89	90	92	94	96	100	
1745	11	78	81	82	84	85	86	86	88	89	90	92	94	96	100	
1746	78	81	82	83	84	85	86	86	87	88	89	90	91	93	94	97	99	
1747	81	82	85	86	87	89	90	92	93	95	99	
1748	77	81	82	83	86	87	89	90	94	97	
1749	7	9	10	11	14	15	76	77	80	80	83	84	85	86	87	89	93	100	
1750	8	13	15	16	17	19	56	78	81	82	84	85	87	88	90	97	
1751	18	21	51	52	53	55	57	61	93	
1752	50	51	52	54	87	88	90	91	92	94	97	
1753	49	80	83	84	86	87	88	90	92	96	
1754	78	81	84	86	89	
1755	78	84	
1756	81	
1765	100	100	102	
1771	58	
1776	4	8	11	85	89	
1777	4	78	80	82	83	86	
1778	13	24	77	78	79	80	82	84	86	89	
1779	10	15	79	79	80	81	83	83	84	86	92	
1780	79	80	80	81	84	85	89	
1781	77	78	80	81	83	83	85	88	
1782	8	14	78	80	81	84	86	88	90	92	92	93	93	
1783	5	8	10	11	13	15	78	79	83	84	99	
1784	12	15	17	79	80	83	84	86	89	92	94	
1785	51	52	55	82	83	85	86	86	87	89	90	91	92	94	96	
1786	52	54	83	84	85	86	87	88	89	90	91	94	96	100	
1787	80	81	83	84	86	88	91	
1788	81	85	
1789	37	99	
1791	84	90	
1793	18	
1796	27	
1809	94	
1810	13	83	
1811	81	95	
1812	80	80	85	
1813	79	85	
1814	79	83	90	
1815	79	81	90	
1816	8	80	86	94	
1817	3	5	9	14	91	94	
1818	80	82	85	88	89	98	
1819	77	79	80	81	82	84	85	85	86	88	90	95	
1820	77	79	80	81	83	84	86	87	89	94	
1821	58	78	80	87	89	
1822	96	
1832	70	
1838	23	
1839	19	
1843	57	93	
1845	37	
1846	94	
1847	8	85	
1848	33	83	103	
1851	85	
1852	80	
1853	78	80	81	84	89	97	
1854	78	80	86	
1855	83	
1872	57	
1883	2	
1884	69	
1888	96	
1889	81	86	
1890	37	
1909	15	
1921	83	
1932	77	
1954	9	
1955	37	
1975	9	
1978	100	
1980	100	
1992	11	
2010	80	
2014	3	
2019	17	
2029	82	
2032	11	
2033	74	
2047	53	
2061	93	
2065	13	77	
2067	85	
2068	27	
2095	3	
2098	30	
2110	34	
2115	50	
2125	17	
2139	103	
2156	36	
2167	96	
2171	25	
2177	13	
2182	10	
2204	28	
2219	9	
2306	4	
