11	14	
118	86	
175	34	
218	11	
248	92	94	
249	87	90	92	94	98	
250	87	88	89	91	92	95	98	
251	16	
279	56	
280	92	
281	87	90	91	95	
282	86	87	89	90	91	94	96	100	
283	8	14	82	83	84	85	86	87	89	90	91	92	93	95	
284	2	6	11	81	82	83	84	85	86	87	89	90	94	
285	13	16	17	18	18	20	83	88	100	
311	57	
312	57	
313	40	46	50	56	
314	41	47	48	50	55	82	85	89	99	
315	46	47	48	51	53	82	84	85	88	94	99	
316	80	81	82	83	84	85	87	88	89	91	93	99	
317	9	11	16	66	80	81	82	84	84	85	87	89	95	101	
318	6	8	9	10	11	11	12	13	14	15	15	16	18	19	80	81	82	83	85	
319	12	16	17	18	19	20	21	
320	18	23	
346	52	55	56	62	
347	50	51	53	54	55	56	57	60	
348	35	42	44	45	46	47	50	51	51	53	54	56	58	
349	32	40	43	44	44	45	46	47	47	48	49	50	54	80	83	
350	9	44	46	79	80	83	
351	6	9	10	12	14	18	81	84	
352	2	7	9	11	11	12	13	14	14	15	16	17	18	19	20	21	23	
353	3	13	15	17	17	19	20	21	22	
354	23	
381	52	55	56	57	58	
382	47	48	49	50	51	51	52	53	54	54	55	56	59	
383	43	44	45	46	47	48	49	49	50	53	
384	9	44	
385	6	8	8	10	11	12	14	15	16	18	
386	2	4	6	11	12	13	14	15	17	17	18	19	20	21	24	
387	18	20	21	23	
399	92	
400	92	97	
401	86	88	89	91	92	95	
402	17	
405	70	71	71	
415	56	57	58	
416	35	48	51	51	52	53	54	55	55	56	57	59	61	
417	45	46	46	47	48	49	50	51	54	
418	8	43	45	48	
419	4	7	9	11	11	13	14	14	15	26	
420	13	15	15	16	17	18	18	19	20	21	23	25	
421	22	23	
430	93	
431	91	98	
432	88	91	92	94	97	
433	86	88	89	91	92	93	94	97	
434	83	85	87	88	89	90	91	93	94	96	
435	7	10	12	14	81	83	84	85	86	88	89	91	95	99	
436	13	16	17	18	20	82	85	87	93	
449	56	57	
450	48	50	51	51	52	53	53	54	55	55	56	59	
451	45	46	46	47	48	49	49	50	
452	8	9	43	45	
453	5	7	8	10	11	11	12	13	14	15	15	18	
454	1	12	13	15	15	16	17	18	19	20	21	22	24	26	
455	22	
462	91	93	98	
463	87	91	93	96	
464	86	87	90	92	95	98	
465	36	83	85	86	88	88	90	91	92	93	93	96	
466	82	83	85	86	87	88	89	90	91	91	94	95	
467	80	82	82	85	86	86	88	89	90	91	94	
468	10	17	38	68	81	82	83	83	84	85	87	89	
469	6	8	9	10	11	12	13	13	14	15	16	16	18	18	19	20	80	82	84	85	
470	15	17	19	20	21	22	23	82	
471	21	
483	52	57	58	
484	48	50	51	52	52	53	54	55	55	56	59	
485	45	46	47	49	49	50	51	53	
486	10	45	48	92	
487	5	6	8	10	11	12	12	14	14	15	
488	12	13	15	16	17	17	18	19	20	22	23	
493	92	
494	88	91	92	
495	87	88	91	92	93	96	
496	47	86	88	89	90	92	95	98	
497	82	83	84	85	87	89	90	91	94	96	99	
498	80	82	82	84	86	87	88	89	91	93	95	
499	80	81	82	84	85	86	87	89	90	95	
500	10	34	39	80	81	82	83	84	85	87	89	93	99	
501	8	11	13	16	17	18	19	19	39	44	80	81	83	83	84	89	102	
502	9	11	12	13	14	15	17	18	19	20	21	44	80	84	
503	4	6	12	14	15	18	18	20	21	21	22	23	24	
504	21	22	23	25	
517	51	53	56	57	59	
518	36	47	50	51	52	53	54	54	55	60	
519	44	45	46	47	48	49	50	90	
520	10	43	45	91	
521	2	7	8	8	10	11	11	12	14	15	15	
522	13	16	17	19	21	23	88	91	97	
523	87	91	92	95	
524	87	90	92	96	
525	86	88	91	92	95	
526	86	88	90	91	92	94	96	100	
527	82	86	87	88	89	90	91	93	95	101	
528	82	86	87	89	90	91	94	96	99	
529	34	42	56	57	81	82	83	85	86	87	89	90	93	95	
530	16	17	18	42	46	47	48	48	49	50	52	58	58	80	82	83	84	86	89	
531	28	30	41	42	43	44	46	47	47	48	51	80	81	82	84	85	100	
532	21	41	44	45	46	48	48	50	80	81	84	85	88	100	
533	10	15	19	29	42	43	66	69	80	82	83	85	
534	7	10	11	13	13	14	15	16	17	18	19	20	44	64	69	80	82	
535	8	11	12	13	15	15	16	17	19	19	20	21	22	23	24	27	44	
536	15	18	20	21	22	24	25	45	
537	2	23	25	
551	52	55	56	56	57	59	
552	47	49	50	51	52	53	54	55	56	56	58	59	61	
553	31	37	39	42	44	45	46	47	48	48	49	50	51	53	83	
554	10	32	41	43	44	46	46	48	49	80	
555	5	7	9	11	14	15	26	44	68	
556	12	19	21	81	83	83	85	86	89	94	
557	82	83	84	85	87	89	90	94	99	
558	17	47	85	86	88	89	91	93	101	
559	17	43	46	56	59	67	82	83	84	86	89	94	100	
560	18	38	40	46	48	49	57	66	81	82	84	85	89	99	
561	17	20	31	34	42	43	45	46	47	49	68	80	82	83	84	85	99	
562	18	19	20	33	40	42	44	45	46	48	80	81	83	84	85	88	
563	7	10	12	13	15	17	19	20	27	34	44	48	57	62	65	80	81	84	
564	18	19	20	21	34	44	50	51	52	53	54	55	56	57	59	62	65	
565	20	21	23	23	25	33	38	41	45	47	48	48	49	50	53	54	56	63	
566	13	25	28	43	43	45	45	47	49	66	
567	7	10	11	13	14	17	20	22	25	26	29	44	68	
568	8	12	14	15	19	20	21	21	23	24	25	
569	3	21	22	23	24	
570	24	
571	20	
575	97	98	
585	57	
586	51	52	53	53	54	55	55	57	59	62	
587	44	49	50	51	52	54	55	57	59	62	
588	31	35	42	44	45	46	47	48	49	50	51	54	56	58	62	
589	23	24	42	43	44	45	47	48	49	66	70	
590	14	20	22	23	29	34	39	43	43	45	46	47	49	56	60	67	80	
591	14	17	18	20	22	44	47	49	57	62	66	79	80	81	84	
592	19	20	22	23	29	42	44	47	49	56	62	67	80	83	84	
593	13	19	20	33	40	44	49	62	67	80	84	
594	15	20	21	23	44	50	55	58	80	
595	20	21	23	25	27	44	50	55	63	
596	15	22	23	25	28	49	63	
597	21	23	24	
598	22	25	55	62	
599	50	53	62	
600	45	
601	23	23	
602	1	21	24	
609	98	
621	53	54	55	
622	51	54	59	
623	25	45	53	53	55	62	
624	24	25	
625	21	23	25	53	
626	21	23	25	
627	21	24	
628	25	
727	4	
728	2	
818	82	
1165	32	
1166	65	
1171	101	
1173	50	
1180	1	
1188	97	
1192	33	
1194	3	
1212	8	
1243	6	
1248	70	
1251	87	
1261	26	95	
1266	86	
1277	42	76	
1281	36	
1282	60	
1286	70	
1297	37	
1305	42	93	
1308	90	
1311	77	
1318	71	
1319	103	
1328	72	
1331	39	
1337	40	
1339	88	
1352	2	
1353	61	
1357	69	
1361	16	
1365	35	
1366	41	
1371	67	
1373	15	
1377	9	
1389	51	
1402	46	
1403	43	47	84	
1404	10	11	17	19	36	40	47	57	
1405	17	22	33	42	44	47	52	56	
1406	43	44	46	49	
1407	46	
1408	78	
1418	1	
1421	54	
1430	36	
1435	15	18	19	
1436	13	16	19	29	41	66	
1437	15	17	19	21	38	68	
1438	15	16	17	18	19	21	25	40	44	56	57	58	64	74	
1439	17	19	21	22	24	26	43	44	45	47	48	48	49	51	54	57	61	64	
1440	25	44	45	46	49	50	52	54	
1441	48	
1449	18	
1456	61	
1457	15	
1458	4	
1459	70	
1469	14	21	24	
1470	9	12	14	17	19	24	24	
1471	11	12	13	15	16	19	21	24	
1472	15	16	17	19	20	22	23	25	53	55	56	57	60	
1473	18	20	22	23	47	48	49	50	51	52	53	54	55	60	
1474	25	44	45	47	49	50	52	62	
1484	46	
1490	12	
1492	1	
1493	59	
1494	89	
1502	10	
1503	11	15	
1504	8	9	12	13	15	24	
1505	7	9	11	12	14	15	16	56	87	92	
1506	13	16	17	18	18	19	52	53	55	56	60	
1507	23	47	49	50	51	52	53	54	55	57	59	
1508	44	45	48	48	50	52	55	88	89	91	93	
1521	37	58	
1524	51	
1528	69	
1538	9	13	14	81	92	98	
1539	5	7	9	10	11	12	13	14	19	57	81	84	87	102	
1540	12	13	16	17	18	19	20	22	24	52	53	54	54	56	59	69	83	
1541	21	45	46	47	48	50	51	53	55	97	
1542	45	46	49	53	80	86	90	95	
1543	94	
1545	27	
1550	12	20	
1554	16	22	67	
1555	17	17	20	23	43	47	50	56	
1556	17	19	42	44	46	48	53	61	
1557	23	41	45	46	47	52	56	68	69	74	
1559	51	
1560	66	66	66	67	68	
1565	101	
1572	9	89	98	
1573	5	6	8	9	10	11	12	13	14	15	21	53	56	58	85	
1574	12	14	15	16	16	17	18	20	22	23	26	48	50	51	52	53	53	54	56	83	
1575	18	21	41	44	45	46	48	49	49	50	52	55	95	
1576	47	49	52	57	81	84	90	97	
1577	43	90	
1582	17	
1583	17	
1584	16	20	88	
1585	22	29	37	41	44	46	
1586	30	33	68	
1587	18	18	24	36	39	43	46	48	
1588	13	16	19	29	43	44	47	67	
1589	6	16	17	19	20	23	24	31	34	42	47	56	58	62	64	66	
1590	17	21	22	25	44	47	48	50	51	53	53	55	57	90	
1591	21	23	25	43	44	46	47	49	50	
1592	43	66	
1597	74	
1602	55	
1603	15	
1606	9	
1607	4	7	9	10	11	12	14	15	22	53	55	56	57	
1608	12	13	15	16	17	18	18	19	20	22	24	50	51	51	52	53	54	58	
1609	22	42	45	46	48	49	50	51	52	55	58	93	97	
1610	43	46	91	
1611	38	86	
1612	28	49	
1615	25	39	43	
1616	26	42	
1617	22	37	
1618	18	24	38	43	49	
1619	16	18	20	23	28	43	47	48	66	
1620	12	15	16	19	21	26	41	44	48	59	64	66	
1621	12	15	16	17	18	20	21	24	29	42	43	46	64	67	
1622	13	14	17	20	21	22	24	44	63	67	
1623	14	20	21	23	24	44	52	55	56	59	
1624	21	23	25	51	52	53	53	54	55	59	
1625	49	50	52	54	91	92	95	
1626	92	
1629	65	
1639	27	52	
1640	10	21	
1641	5	7	8	9	10	11	13	15	18	53	57	58	67	
1642	12	15	16	17	18	19	20	21	23	36	47	48	51	52	52	53	54	55	57	59	62	
1643	23	43	43	44	45	47	48	49	50	52	54	
1644	38	46	51	91	
1645	53	
1646	42	78	
1647	42	48	
1648	39	48	57	
1649	18	18	22	38	38	43	44	47	69	
1650	15	20	23	46	66	
1651	8	11	14	17	19	20	23	43	65	67	
1652	8	12	14	15	17	18	19	21	24	28	45	
1653	11	15	16	19	20	22	25	45	
1654	12	14	18	20	22	23	24	27	30	
1655	6	21	22	24	25	56	90	
1656	1	22	25	53	
1657	51	53	55	56	88	92	95	97	
1658	55	87	88	89	90	91	95	98	
1659	55	82	88	89	90	91	94	
1660	86	91	
1674	6	8	11	14	
1675	3	6	9	10	11	12	14	15	16	17	19	23	56	57	
1676	12	13	15	16	17	19	20	21	24	48	50	51	52	53	54	55	57	58	
1677	18	22	31	37	42	44	45	46	47	48	49	50	53	56	
1678	19	36	42	44	46	48	50	57	60	66	
1679	26	42	45	46	48	
1680	44	48	48	61	
1681	11	15	17	19	21	26	42	43	57	60	
1682	11	15	17	19	21	23	25	44	53	68	
1683	12	15	19	21	22	26	43	45	49	62	63	
1684	9	15	19	21	23	24	44	49	
1685	12	15	20	22	23	25	44	
1686	12	15	48	93	
1687	13	25	87	88	91	92	96	97	
1688	17	56	87	92	97	
1689	52	88	92	93	
1690	51	55	86	87	90	91	92	93	95	97	
1691	82	83	86	87	89	90	90	93	94	96	
1692	82	83	84	84	85	87	89	91	94	
1693	81	83	83	84	86	90	93	
1694	84	
1701	64	
1708	9	11	13	15	19	
1709	7	10	11	12	14	15	24	55	
1710	3	8	13	15	18	20	53	54	55	56	59	92	93	95	
1711	17	51	53	55	60	65	88	91	92	96	
1712	45	49	53	59	
1713	14	23	44	53	53	60	65	
1714	14	24	45	65	
1715	14	22	64	
1716	25	
1717	23	88	97	
1718	25	52	87	88	92	96	
1719	87	88	91	92	94	96	
1720	86	87	89	91	95	
1721	6	9	11	15	81	82	83	84	85	86	89	91	97	
1722	13	82	83	85	86	87	88	89	91	94	96	
1723	52	54	83	86	87	89	90	91	93	94	99	
1724	80	81	82	84	85	86	88	89	90	91	93	97	
1725	79	80	82	84	86	88	91	
1726	81	84	87	92	
1727	19	82	86	
1731	95	96	96	
1740	27	
1741	14	
1742	5	6	9	14	
1743	4	10	14	
1744	8	10	12	15	81	82	83	84	86	89	91	97	99	
1745	7	9	13	18	82	83	85	86	87	89	90	91	93	95	99	
1746	86	87	90	91	93	94	96	
1747	87	91	93	96	
1748	91	94	98	
1749	87	90	92	94	
1750	83	87	91	93	94	100	
1751	83	86	87	89	94	
1752	82	83	85	85	87	89	90	93	95	99	
1753	82	83	84	85	87	89	94	
1754	81	84	86	93	94	
1755	80	82	84	88	
1756	81	82	84	86	89	93	
1757	80	80	81	82	84	84	85	87	88	90	99	
1758	79	81	82	83	85	90	97	
1759	84	
1760	85	
1761	99	
1762	89	
1769	71	
1772	21	
1776	14	
1777	4	87	90	94	
1778	4	13	81	83	83	85	88	95	
1779	12	80	81	82	83	84	85	86	89	93	99	
1780	81	81	82	84	85	86	88	91	95	
1781	82	83	84	85	88	88	91	100	
1782	81	82	85	87	90	93	93	
1783	80	81	84	85	89	100	
1784	80	81	83	84	86	89	98	
1785	79	81	83	85	89	99	
1786	84	
1787	80	85	
1788	83	87	91	
1790	82	85	94	
1791	80	81	84	94	
1792	85	89	
1793	84	
1801	5	
1813	4	81	84	
1814	83	83	85	
1815	80	82	86	
1816	82	85	
1817	80	83	
1818	82	86	
1820	84	
1821	94	
1847	92	
1851	95	
1876	87	
1880	62	
1884	34	
1892	3	
1906	70	
1907	30	
1926	3	41	
1930	85	
1947	38	
1948	96	
1959	7	84	
1966	64	
1974	24	74	
1977	5	
1979	29	
1993	88	
2010	10	
2012	5	
2014	98	
2029	21	37	
2049	6	
2054	73	
2075	77	
2083	52	
2112	94	
2135	54	
2153	12	
2162	18	
2185	1	
2194	92	
2204	15	
