48	62	
50	73	74	76	
80	48	73	
149	92	
182	92	
183	86	87	89	91	95	
184	16	17	
214	58	58	
215	50	52	54	91	96	
216	8	85	86	88	89	90	91	95	97	98	
217	10	11	14	15	16	81	83	83	85	86	88	90	93	98	
218	16	17	18	18	19	20	27	102	
219	23	
232	16	
247	56	57	58	58	
248	50	51	53	54	55	
249	46	48	48	50	51	54	81	85	87	89	92	94	
250	9	14	81	82	83	83	85	86	86	88	89	90	93	95	
251	5	6	8	11	11	12	14	15	16	17	18	18	20	27	69	80	82	86	
252	17	18	19	20	22	
253	22	
264	91	
265	10	86	87	88	88	90	91	93	94	96	
266	12	86	87	88	89	90	92	93	96	98	102	
267	16	17	98	
281	53	56	56	57	58	59	61	
282	48	51	52	53	54	55	60	
283	8	47	49	50	51	54	80	84	86	89	98	
284	6	9	10	11	13	13	14	15	18	19	78	80	81	84	86	
285	7	12	15	16	17	18	19	19	20	21	23	
286	1	21	22	
296	57	
297	55	56	95	
298	54	82	86	87	88	90	91	93	96	99	
299	9	39	81	82	83	85	86	87	88	89	90	91	95	
300	7	9	10	12	14	15	16	46	77	80	82	83	84	85	86	89	94	
301	13	16	16	17	18	19	20	81	85	
302	22	
314	57	
315	53	55	56	57	59	61	
316	47	48	50	51	51	52	53	54	55	59	87	92	95	
317	9	10	41	48	49	53	83	86	88	90	93	93	99	
318	4	6	8	9	10	11	12	12	13	14	15	15	16	26	78	
319	13	15	16	16	17	18	19	20	20	22	23	25	
320	22	
328	57	
329	52	56	
330	52	54	59	87	92	96	
331	52	53	82	85	87	88	88	90	91	93	95	97	
332	40	47	50	67	80	82	84	85	86	88	89	93	100	
333	10	13	16	16	17	19	20	28	41	43	70	79	80	81	83	85	
334	8	10	11	12	14	14	15	17	18	18	19	20	21	70	78	80	83	84	103	
335	2	13	17	19	20	21	22	23	25	27	
348	56	57	60	
349	52	52	55	56	59	62	
350	48	48	50	51	52	54	55	86	88	89	92	95	
351	8	10	11	13	82	83	86	91	
352	2	6	10	11	12	12	14	14	15	16	17	18	19	20	73	
353	17	18	19	20	21	22	23	23	
361	57	
362	56	63	
363	51	52	54	62	88	91	92	95	
364	52	54	81	82	85	86	87	88	90	91	94	96	100	
365	10	16	30	40	67	77	80	81	83	83	85	86	89	93	
366	7	9	11	12	13	14	15	16	17	18	18	19	20	23	70	79	81	83	
367	12	13	15	17	19	20	21	22	24	25	26	45	72	
368	5	21	22	23	24	25	73	
369	22	24	
381	57	
382	52	55	56	57	58	59	63	
383	47	50	51	52	52	53	54	55	59	
384	49	50	51	82	84	86	88	91	95	
385	4	6	7	9	10	11	12	14	14	16	80	82	84	89	
386	11	12	13	14	15	16	16	17	18	19	20	20	22	24	27	69	
387	18	20	21	22	
395	53	57	58	
396	52	54	57	58	90	92	95	
397	52	54	55	81	85	86	90	91	93	95	97	98	
398	8	10	14	16	18	41	79	81	82	83	84	85	86	89	90	94	
399	8	10	12	13	13	14	15	16	17	19	20	23	26	69	79	81	85	
400	12	15	17	18	19	20	21	24	25	26	45	
401	22	23	24	
415	57	
416	52	56	57	58	59	60	63	
417	46	47	49	50	51	52	53	54	55	60	91	
418	9	10	30	48	49	81	85	88	91	93	
419	6	7	9	10	11	12	14	14	15	16	19	
420	16	16	17	18	19	20	20	21	23	24	
421	22	
428	56	61	
429	52	54	56	59	92	
430	51	53	55	82	86	87	89	90	92	95	100	
431	10	38	46	79	80	82	83	85	86	87	88	
432	7	9	11	12	14	15	16	17	18	19	27	29	45	69	79	
433	5	6	13	15	16	17	18	20	21	21	22	23	24	45	
434	22	24	
449	57	58	
450	51	52	53	54	55	56	57	59	62	
451	47	48	48	49	50	51	54	55	90	101	
452	4	6	9	10	13	49	81	84	87	
453	6	8	11	12	12	14	15	16	16	19	20	23	28	70	
454	2	13	17	18	20	21	22	25	
455	23	
461	56	61	
462	52	54	57	60	92	97	
463	52	54	81	86	87	87	89	91	92	94	96	100	
464	8	39	78	80	82	83	84	85	87	89	90	94	99	
465	10	11	12	14	15	16	17	18	18	19	26	70	78	80	84	
466	4	8	13	14	15	17	18	19	20	21	22	23	24	71	74	
467	21	23	24	
483	57	61	
484	52	52	53	54	55	57	58	59	61	
485	45	47	48	48	49	50	51	53	54	85	88	
486	9	10	13	14	84	99	
487	3	6	11	12	14	15	16	17	19	20	23	25	26	
488	17	18	19	20	22	
494	56	
495	52	54	60	87	88	89	91	92	95	
496	39	52	54	81	83	85	86	88	89	90	92	94	97	
497	8	16	18	28	39	77	79	81	82	83	84	86	89	94	100	
498	8	10	11	12	13	14	15	16	17	19	20	44	68	71	80	85	
499	5	12	15	18	19	20	21	21	22	23	24	45	72	
500	21	22	25	
502	43	44	
507	84	84	86	
517	53	56	57	60	
518	47	51	52	53	54	55	55	57	58	62	
519	46	47	48	49	50	54	87	91	95	
520	5	8	9	10	11	14	28	88	91	
521	7	11	12	13	14	15	16	17	17	18	20	21	24	
522	18	21	22	
527	88	92	96	
528	87	88	90	91	93	96	103	
529	37	41	46	54	81	82	85	86	87	89	90	94	96	100	
530	10	17	18	79	81	82	85	86	89	95	
531	8	10	12	13	13	14	15	16	17	19	20	20	23	27	40	44	69	71	79	83	
532	5	12	15	19	20	21	22	23	25	72	
533	22	24	
551	53	55	56	57	57	58	60	62	
552	47	50	51	52	53	54	54	55	56	59	63	
553	13	46	47	48	48	49	50	87	97	
554	5	8	8	10	11	12	13	14	15	86	
555	11	12	14	15	16	17	18	19	20	21	22	23	
556	21	22	
559	57	59	91	93	
560	54	87	88	90	92	93	96	
561	55	82	84	85	86	87	89	90	91	93	94	96	
562	18	39	78	80	81	83	83	84	85	86	89	91	93	99	
563	8	9	11	13	15	17	19	28	39	44	70	78	79	80	81	83	84	89	
564	10	12	14	15	16	17	18	18	19	20	21	24	45	71	79	
565	12	19	20	21	22	23	24	
566	22	25	
571	22	22	
585	56	56	57	57	59	61	
586	48	50	51	51	52	53	53	54	54	55	55	56	58	59	61	
587	8	10	46	47	48	48	49	50	50	54	85	95	
588	5	7	9	10	11	12	14	14	46	
589	6	12	13	15	15	16	18	19	20	22	24	91	
590	88	92	
591	87	88	91	97	
592	87	90	92	94	96	
593	53	83	85	86	87	88	89	91	95	97	99	
594	39	47	81	82	84	85	86	89	90	93	96	99	
595	10	14	17	18	40	45	69	79	81	82	84	85	86	
596	7	11	14	15	16	17	17	18	19	20	28	45	69	71	79	81	
597	12	13	15	17	19	20	21	22	23	24	27	45	70	
598	20	21	22	24	25	
599	24	
606	13	14	15	
619	56	57	57	59	61	
620	43	50	51	52	52	54	54	55	56	56	57	58	60	
621	31	42	45	46	47	47	48	49	49	50	51	51	53	66	
622	4	6	9	11	12	14	44	46	47	48	
623	6	11	12	15	21	46	82	84	86	87	88	91	93	97	99	
624	7	46	82	84	85	86	87	89	90	94	96	
625	46	82	85	85	86	87	89	90	91	93	95	
626	40	81	82	83	85	86	87	88	88	90	91	93	94	96	99	
627	16	41	46	67	77	79	80	81	83	84	85	86	88	89	93	
628	7	8	11	13	13	15	16	17	18	19	20	27	39	45	69	78	78	80	81	82	83	84	
629	10	12	14	15	17	18	18	19	20	21	23	27	45	68	71	78	80	
630	20	21	22	24	25	
631	22	25	
643	2	3	
653	58	60	63	
654	52	54	55	56	57	59	60	61	
655	31	50	51	52	53	53	54	55	55	56	57	58	59	60	63	
656	10	29	40	43	44	45	46	48	48	49	50	51	53	56	57	58	66	69	74	
657	18	19	21	37	41	43	45	45	47	49	49	56	57	59	67	68	72	80	85	
658	18	19	20	43	43	45	46	48	48	49	50	56	58	59	67	69	71	77	78	79	81	82	83	84	88	104	
659	19	20	40	45	47	48	49	50	66	69	79	80	82	83	84	85	88	99	
660	8	10	17	19	20	43	45	47	49	64	67	69	70	79	80	81	84	85	
661	9	10	12	13	14	14	15	16	18	18	19	20	21	23	27	44	70	79	
662	12	14	15	19	20	21	22	23	24	27	45	71	75	
663	21	22	24	
689	53	54	55	58	60	64	74	
690	24	52	55	57	60	
691	21	23	25	30	51	55	60	63	63	
692	21	22	24	25	45	51	54	61	70	79	
693	14	21	23	24	25	34	50	55	61	80	
694	15	21	22	23	24	25	45	72	79	
695	21	22	24	25	
696	22	24	
725	25	
728	25	
1171	67	
1172	74	
1192	66	
1200	56	
1201	17	
1226	15	
1236	51	76	
1240	80	81	
1244	61	
1249	7	
1250	33	
1266	17	
1269	73	
1272	46	48	
1273	33	
1274	59	
1277	10	51	
1279	7	
1282	7	68	
1283	32	
1288	1	
1290	62	
1294	77	
1301	27	
1304	40	
1305	47	51	
1307	47	
1318	8	
1320	90	
1322	62	
1329	3	
1334	21	
1336	42	
1337	18	26	41	
1338	16	19	21	25	26	41	56	61	
1339	20	45	46	47	50	51	55	57	58	69	
1340	45	48	50	55	
1341	51	
1342	60	
1347	32	
1350	11	
1351	60	
1354	46	
1355	60	
1356	67	
1361	1	
1370	13	16	37	
1371	11	13	15	16	17	18	19	
1372	16	17	19	20	22	45	48	56	58	60	69	
1373	21	23	24	47	49	50	51	54	57	58	
1374	49	54	
1384	18	
1385	10	
1386	16	21	38	
1387	21	46	61	
1388	46	48	49	59	
1390	48	63	
1403	10	16	
1404	10	12	14	29	
1405	7	11	13	14	16	17	18	18	20	21	23	25	58	
1406	18	22	23	25	47	52	53	55	57	59	61	71	
1407	48	49	51	52	54	56	96	
1408	49	
1410	32	
1414	29	
1416	68	
1418	21	
1419	16	20	29	43	46	
1420	16	17	19	21	24	35	42	
1421	17	19	21	24	48	49	52	56	57	58	61	69	
1422	45	47	48	50	51	53	55	56	58	61	71	74	
1423	45	47	49	50	56	74	
1437	10	13	
1438	7	9	11	12	13	14	15	17	
1439	12	13	15	16	16	17	18	19	20	21	23	25	56	59	62	
1440	22	46	47	51	52	53	53	54	55	59	
1441	48	50	54	56	83	86	89	91	93	97	
1442	54	86	
1452	12	13	18	20	32	39	
1453	10	13	16	17	18	20	41	
1454	16	17	18	19	20	22	26	29	61	70	
1455	20	21	23	24	53	55	56	57	58	60	61	
1456	23	25	51	52	54	56	59	61	
1457	50	52	54	
1466	40	
1467	38	
1469	20	
1471	10	14	
1472	6	8	9	10	11	12	14	14	15	16	17	19	23	58	
1473	13	15	16	17	18	19	20	21	24	26	52	53	55	57	59	61	69	
1474	22	47	48	50	51	51	53	54	55	56	58	92	
1475	50	62	80	85	88	92	95	
1476	83	
1480	18	
1482	20	
1483	9	32	
1484	37	
1485	9	18	43	
1486	10	12	13	15	16	18	19	21	23	26	39	71	
1487	10	12	14	15	17	18	20	21	23	26	69	
1488	20	22	24	58	
1489	23	52	55	57	88	92	96	
1490	53	54	83	89	91	94	96	
1491	55	
1503	14	
1504	25	
1505	9	10	12	13	14	16	18	
1506	7	11	12	14	15	16	17	18	19	22	24	57	58	69	
1507	17	20	22	23	28	48	53	55	55	56	60	
1508	49	51	52	54	55	58	86	89	91	95	101	
1509	49	55	83	88	90	
1510	53	
1514	23	
1516	17	
1517	38	42	
1518	9	14	17	18	
1519	9	11	14	15	16	18	20	20	21	27	41	72	
1520	11	12	14	15	17	18	19	21	22	23	56	70	
1521	22	24	53	59	73	
1522	51	54	88	90	91	96	
1523	53	82	83	85	86	87	89	91	94	97	99	
1524	77	81	82	84	85	86	88	89	91	93	100	
1525	81	86	92	96	
1531	10	
1538	11	14	
1539	5	8	9	10	12	13	14	16	18	23	
1540	7	12	15	16	17	19	20	21	25	56	57	62	70	
1541	22	23	47	47	51	52	53	54	55	62	
1542	47	48	50	51	55	81	84	86	88	91	94	
1543	62	64	85	
1550	18	
1551	9	14	38	72	
1552	10	11	14	15	16	18	18	19	
1553	12	14	15	16	17	19	20	21	23	24	44	57	69	
1554	23	25	52	56	62	
1555	50	52	53	55	58	87	90	92	96	
1556	55	59	82	86	87	89	92	93	96	
1557	79	80	81	84	87	89	95	
1558	79	81	83	85	95	
1559	84	
1560	80	
1561	87	
1568	99	
1570	8	
1572	10	13	
1573	4	7	9	10	11	12	14	15	16	18	19	25	57	58	
1574	12	13	15	16	17	18	19	19	20	22	23	25	53	55	56	59	62	
1575	22	48	50	51	52	53	53	53	54	55	59	
1576	49	51	56	61	80	82	83	86	90	102	
1577	55	85	
1583	13	
1584	13	18	22	40	72	
1585	7	9	11	14	16	17	18	20	27	39	68	69	
1586	7	10	12	13	14	15	16	17	19	20	22	23	57	71	74	
1587	20	22	24	57	58	
1588	23	49	51	52	53	54	90	92	96	
1589	83	84	85	86	88	89	90	93	95	
1590	78	80	82	84	85	89	93	
1591	79	83	83	
1592	51	
1593	85	
1596	12	
1600	77	
1602	11	
1606	5	6	9	10	12	13	15	
1607	5	7	10	11	12	14	15	17	19	20	24	27	
1608	17	18	20	22	25	52	52	55	55	56	58	60	62	
1609	47	48	49	50	52	53	53	54	58	89	92	95	99	
1610	50	59	81	85	
1611	97	
1615	18	
1616	12	
1617	9	16	28	
1618	8	10	12	13	15	18	19	22	25	41	44	68	
1619	12	15	17	18	19	20	22	24	26	56	57	72	
1620	22	24	56	
1621	23	53	54	55	59	87	88	91	92	96	
1622	55	77	81	82	86	87	88	88	89	91	94	99	
1623	53	79	80	81	84	86	
1624	81	86	88	
1629	79	80	80	
1635	14	34	
1639	8	
1640	9	11	13	15	17	21	
1641	7	11	12	15	16	19	23	27	57	58	61	
1642	17	18	21	22	47	52	54	55	57	59	62	
1643	45	47	48	49	51	53	53	55	84	86	90	
1644	49	66	88	90	
1645	52	
1646	26	42	
1648	42	
1649	15	19	24	37	38	46	
1650	10	14	16	20	
1651	11	14	16	18	19	20	22	24	27	28	42	44	70	
1652	8	11	13	13	15	18	19	20	22	58	71	
1653	5	5	20	22	23	58	
1654	52	54	88	90	92	97	
1655	54	81	82	84	85	87	89	91	94	97	
1656	79	80	81	84	86	91	
1657	86	90	
1668	40	
1673	13	
1674	7	9	10	11	13	14	17	18	20	
1675	7	11	12	14	15	16	17	19	20	26	56	57	59	61	
1676	17	18	20	22	23	47	48	51	52	53	54	55	56	58	
1677	46	47	49	50	52	55	81	83	87	91	95	
1678	46	49	59	101	
1681	14	39	
1682	13	16	18	21	41	
1683	10	15	17	19	21	26	41	47	67	68	
1684	10	12	14	17	18	19	20	22	24	45	71	
1685	12	17	19	20	22	24	72	
1686	22	61	
1687	52	53	55	59	87	87	90	91	95	97	
1688	82	85	86	87	89	91	95	102	
1689	79	80	82	83	85	91	
1690	80	83	99	
1691	81	86	
1692	26	26	27	
1704	9	
1705	14	
1707	9	
1708	4	6	8	9	10	12	13	14	15	17	
1709	15	16	16	18	19	21	55	56	57	58	59	62	
1710	17	18	20	21	23	48	52	53	54	57	62	
1711	46	47	49	50	52	53	55	86	
1712	38	47	48	
1714	16	42	48	68	
1715	8	12	15	16	18	20	38	46	67	
1716	10	13	14	16	18	18	20	21	44	71	
1717	11	15	19	20	22	23	27	71	
1718	22	24	56	
1719	22	25	55	58	88	91	93	
1720	54	86	87	88	89	91	94	96	
1721	54	78	80	81	83	84	86	87	88	90	94	
1722	78	80	83	83	84	86	88	94	
1723	79	88	
1726	91	
1727	20	21	21	
1741	10	15	
1742	7	9	11	11	13	13	14	15	19	
1743	12	15	15	16	17	18	18	19	21	24	53	55	56	57	58	60	62	
1744	18	21	22	33	48	51	52	53	54	55	56	57	59	60	
1745	29	44	47	48	48	49	50	52	55	56	58	68	
1746	31	42	43	45	46	47	49	50	
1747	9	14	18	19	21	40	45	47	50	61	65	67	69	
1748	11	14	17	19	20	23	24	42	44	67	71	
1749	10	11	14	18	19	20	22	24	27	50	71	
1750	15	21	22	25	72	
1751	22	23	24	53	93	
1752	87	90	91	95	98	
1753	83	86	86	88	89	90	95	98	
1754	21	80	82	84	86	87	90	94	102	
1755	80	82	84	92	95	
1756	79	
1757	86	
1758	18	
1763	27	
1764	6	
1769	18	
1771	15	
1775	9	
1776	6	9	10	11	12	13	14	15	16	19	24	
1777	7	12	13	15	16	17	20	88	93	
1778	17	18	21	23	53	54	60	62	64	
1779	33	33	49	51	53	54	57	58	60	
1780	50	51	62	64	70	75	
1781	11	14	20	22	23	45	50	70	
1782	19	21	22	24	26	71	
1783	21	22	24	
1784	22	55	87	92	97	
1785	55	82	87	88	89	89	90	92	95	103	
1786	82	84	85	86	87	88	90	93	
1787	78	80	81	84	86	90	98	
1788	39	80	82	83	86	
1789	80	88	
1791	98	
1798	5	5	
1809	9	44	
1810	10	12	14	
1811	8	10	11	12	14	15	19	25	87	90	97	
1812	13	82	86	87	87	89	90	91	92	94	95	98	
1813	88	91	92	95	96	
1814	74	84	88	90	91	93	96	
1815	25	90	92	97	
1816	55	87	91	92	98	
1817	55	86	87	88	89	90	92	95	97	
1818	55	78	82	83	85	86	87	88	88	90	94	
1819	79	80	81	83	83	84	85	87	89	96	100	
1820	79	80	84	86	95	99	
1821	79	86	99	
1822	94	
1828	102	
1835	64	
1838	5	
1843	3	
1844	11	14	
1845	5	10	15	81	84	88	
1846	11	15	78	79	80	81	83	83	85	86	88	89	95	
1847	77	81	83	85	86	87	88	89	90	91	93	96	99	
1848	78	81	82	83	86	87	89	89	91	95	99	
1849	78	82	86	86	87	88	89	91	93	
1850	78	81	83	86	87	88	88	89	93	94	101	
1851	81	82	84	85	87	89	95	
1852	78	79	80	82	85	87	90	95	100	
1853	79	81	
1854	83	
1855	85	
1856	67	
1857	56	
1859	86	
1866	1	
1876	100	
1878	70	
1879	81	94	
1880	79	81	86	88	93	
1881	78	79	81	84	86	88	94	
1882	79	80	84	86	89	94	
1883	79	80	83	83	85	88	89	
1884	79	80	82	84	85	91	99	
1885	78	79	81	83	85	
1895	95	
1898	103	
1899	103	
1915	91	
1916	83	95	
1927	101	
1944	31	
1950	34	
1952	83	
1966	56	
1969	6	
1976	17	
1998	28	
2008	86	
2016	58	
2017	63	
2029	97	
2069	19	
2071	3	
2072	89	
2080	74	
2098	17	
2117	52	
2137	21	
2178	6	
2212	8	
2222	8	
2241	3	
