48	62	
50	76	
111	91	93	
112	86	88	91	92	95	
113	87	92	
114	17	
118	75	
142	56	
144	47	48	51	
145	85	87	89	90	91	93	94	
146	8	11	13	81	82	83	84	85	87	88	89	90	91	93	94	96	
147	12	15	16	83	84	85	86	88	88	90	91	93	97	102	
148	16	19	86	90	
149	17	
156	92	
157	83	86	87	89	91	92	95	
158	16	86	90	
176	53	56	59	
177	46	47	48	49	51	52	55	58	
178	44	46	47	49	51	97	
179	80	82	84	85	87	88	89	93	96	99	
180	4	6	9	11	80	81	82	84	84	86	87	89	
181	8	8	10	11	13	14	17	19	81	82	83	84	85	87	90	96	
182	13	15	16	17	18	19	20	81	83	86	90	94	99	
183	18	
188	56	
189	48	
190	83	85	86	88	90	91	94	99	
191	8	11	13	81	82	84	85	86	87	88	90	92	94	
192	12	16	16	19	82	84	86	89	94	
193	18	19	
210	52	52	54	56	
211	36	47	47	48	49	50	51	51	52	53	55	56	58	
212	42	43	45	46	47	48	49	50	54	
213	80	84	90	
214	8	10	12	14	15	79	82	83	85	100	
215	5	6	9	10	11	12	13	13	14	15	16	19	81	82	
216	11	13	14	15	16	17	18	19	20	21	83	93	94	
217	18	21	23	
221	52	55	57	
222	43	47	48	50	51	52	54	56	
223	42	45	46	47	48	50	96	
224	80	82	85	87	88	91	93	99	
225	4	7	9	10	11	13	13	14	80	81	82	83	84	86	89	
226	11	12	14	15	16	16	17	18	18	19	81	84	
227	17	17	20	22	
244	52	53	54	55	56	57	60	
245	43	47	47	48	48	49	49	50	51	51	52	53	54	55	59	
246	32	41	44	45	46	46	47	49	49	
247	44	90	
248	3	8	10	12	13	
249	6	8	9	10	11	12	13	14	15	16	18	24	81	
250	12	13	14	15	16	17	17	18	19	20	21	22	24	
251	18	20	22	
255	51	52	53	54	55	56	57	
256	47	48	49	50	51	51	52	54	54	59	
257	41	45	46	47	49	49	50	98	
258	44	87	90	
259	4	9	10	11	12	14	14	15	79	81	84	
260	7	12	13	15	16	17	18	19	20	22	82	86	
261	17	19	21	22	
278	51	52	53	54	55	56	57	
279	35	46	47	48	49	50	50	51	51	52	53	54	55	56	58	
280	41	43	45	46	47	48	49	49	98	
281	43	46	90	
282	9	10	12	14	
283	7	9	10	11	12	13	13	14	15	16	19	25	
284	8	12	15	16	16	17	18	18	19	20	20	21	23	24	
285	15	20	22	
289	52	53	54	55	56	57	59	
290	46	47	49	50	51	51	52	52	54	54	55	56	60	
291	44	45	46	47	48	49	50	51	88	91	93	93	
292	44	86	89	91	95	
293	5	8	8	9	10	11	13	14	15	
294	6	12	13	14	15	17	18	19	21	23	83	87	92	94	
295	17	19	21	83	87	90	91	93	94	
296	87	91	92	94	
297	88	92	
298	17	
312	52	53	55	56	57	
313	34	37	42	46	47	47	48	49	50	51	51	52	53	54	55	58	
314	43	44	45	46	46	49	49	50	
315	47	48	
316	9	12	13	16	
317	6	7	9	10	11	12	13	14	15	16	26	
318	8	11	12	15	16	17	18	18	19	20	22	24	86	
319	16	17	20	21	24	
322	57	
323	47	51	52	54	56	
324	43	46	48	49	50	51	52	53	54	59	
325	45	46	49	50	84	86	89	93	96	
326	10	65	82	86	88	88	90	94	
327	4	6	9	11	13	13	15	86	90	96	102	
328	7	11	12	14	15	16	21	81	82	85	87	89	91	95	
329	17	81	82	84	85	86	88	89	90	91	92	95	
330	10	82	83	84	85	86	88	89	90	91	92	94	97	
331	11	15	82	83	84	85	86	88	89	91	94	96	
332	16	17	18	19	86	89	
346	52	52	53	55	56	
347	34	42	47	48	49	50	50	51	52	52	53	54	55	57	58	
348	41	44	45	46	47	49	50	97	
349	43	49	
350	8	10	12	90	
351	6	9	11	12	13	13	14	15	17	20	
352	3	7	10	12	13	15	15	16	17	18	19	19	20	21	25	
353	17	18	20	21	22	
356	57	
357	48	51	52	52	53	54	55	56	57	59	
358	41	45	46	47	49	49	50	51	53	55	
359	44	84	88	88	91	
360	83	84	96	
361	9	14	87	
362	11	81	82	85	89	
363	17	80	81	84	85	87	89	95	
364	10	14	18	67	80	81	82	83	84	84	86	89	
365	8	9	11	11	12	13	14	15	16	18	81	81	82	84	85	93	
366	16	17	18	19	19	20	25	82	84	
380	51	52	53	54	55	56	57	58	60	
381	35	42	46	47	47	48	49	50	50	51	51	52	53	54	55	56	60	
382	32	41	44	45	46	47	48	49	
383	43	
384	8	10	13	
385	4	7	9	10	11	12	13	14	15	15	16	18	19	23	
386	11	12	15	15	16	17	17	18	19	20	21	23	27	
387	17	20	22	
390	53	55	56	58	92	
391	51	52	53	53	54	55	57	59	87	88	91	92	95	
392	45	48	49	50	52	53	54	87	89	90	92	93	95	
393	45	49	78	84	86	88	90	91	93	
394	87	89	98	
395	4	18	
396	15	23	67	
397	16	17	18	19	21	23	37	39	41	43	46	66	81	83	
398	9	13	14	15	16	17	18	19	20	21	28	29	40	43	46	68	80	81	
399	5	7	11	12	13	13	14	15	15	17	19	20	21	22	26	80	
400	18	19	20	21	21	22	24	28	
401	22	
414	51	52	53	55	56	57	59	
415	35	42	48	50	51	52	52	53	54	56	58	60	
416	34	41	44	45	45	46	47	48	49	49	50	54	
417	44	78	
418	6	9	11	13	
419	4	6	8	8	10	11	12	14	15	15	16	17	19	20	24	27	
420	13	15	16	16	17	18	18	19	20	21	22	26	
421	21	22	
423	92	95	
424	85	86	88	88	90	91	92	94	96	
425	51	52	54	55	81	82	83	84	85	87	88	89	90	91	92	93	96	
426	52	54	59	81	82	84	85	86	87	88	89	90	92	93	95	100	
427	49	81	83	83	84	86	89	92	94	98	
429	8	12	13	
430	9	10	12	13	14	15	16	17	18	19	29	66	68	
431	12	14	15	17	18	18	19	20	20	22	24	26	42	
432	12	13	17	19	20	21	22	22	24	25	27	
433	5	21	22	23	24	
434	23	24	
448	52	55	56	58	
449	34	43	47	47	48	50	50	51	51	52	53	53	54	54	55	56	60	
450	40	42	44	45	46	47	49	49	
451	44	
452	9	10	11	14	
453	3	6	8	10	11	12	13	13	14	15	15	16	18	18	19	21	24	
454	16	17	20	21	22	24	
455	23	53	55	56	59	
456	49	51	88	91	96	
457	36	48	51	54	86	87	88	90	91	94	95	
458	53	80	81	82	84	85	86	87	89	90	94	
459	47	53	80	81	82	84	85	86	89	
460	79	80	81	82	83	84	86	88	
461	8	78	80	84	90	
462	9	84	
463	9	11	12	13	14	15	20	
464	5	7	10	11	13	13	14	15	16	17	18	18	19	20	21	22	24	26	
465	15	17	18	19	20	21	22	23	24	
466	22	24	
468	48	
469	48	51	
473	80	81	82	
482	52	52	55	56	57	58	
483	34	46	47	48	49	50	50	51	51	52	53	54	55	56	59	
484	41	43	45	45	46	46	47	48	49	50	60	79	
485	43	46	
486	5	6	10	13	15	
487	8	9	11	12	13	14	15	16	18	82	93	
488	2	16	20	23	82	86	87	91	92	96	
489	51	53	54	56	86	87	89	90	92	93	96	
490	48	51	55	82	85	86	88	89	90	93	95	
491	39	41	47	52	55	56	57	62	66	79	81	82	84	85	86	89	
492	16	17	18	19	38	39	41	43	44	46	47	48	48	51	56	57	59	68	79	80	82	84	
493	21	22	26	32	35	36	40	41	43	45	46	47	48	49	50	55	64	
494	22	26	39	42	45	46	47	49	81	
495	22	26	66	83	
496	6	11	
497	5	8	9	10	12	13	14	15	16	19	25	
498	7	11	12	13	14	15	15	16	17	18	19	20	22	23	
499	17	18	19	20	21	22	25	
500	23	
516	52	54	56	58	
517	35	36	42	47	48	49	50	50	51	51	52	53	54	55	56	60	
518	42	44	45	46	47	48	49	50	51	54	
519	44	47	48	96	
520	8	14	
521	1	5	10	11	14	24	81	82	85	93	
522	8	12	17	18	81	82	83	83	85	86	89	91	94	
523	16	17	42	48	81	82	83	83	84	85	86	88	90	95	
524	8	16	17	18	33	40	64	80	82	83	84	
525	11	13	14	15	17	18	19	20	53	79	83	
526	20	21	22	24	34	43	43	51	52	52	54	55	56	58	61	
527	21	22	23	24	42	45	48	49	50	51	51	52	53	54	56	56	58	60	65	
528	23	24	32	34	37	38	41	42	43	44	45	45	46	47	48	48	49	50	51	53	54	
529	41	44	45	46	46	47	48	48	49	76	
530	9	25	44	
531	5	6	9	10	11	12	13	14	15	16	19	24	28	
532	8	11	12	14	15	15	16	16	17	18	18	19	20	21	24	
533	13	17	17	20	21	22	
534	23	
550	52	53	55	56	57	
551	43	46	47	48	49	50	51	51	52	53	54	55	56	59	
552	33	41	44	45	46	47	48	48	49	52	
553	43	48	
555	5	10	18	97	
556	4	9	11	13	14	17	18	80	81	85	102	
557	6	11	12	14	16	16	17	19	20	22	42	70	80	81	84	
558	13	14	15	16	17	18	18	19	20	21	26	65	
559	15	20	21	22	23	25	28	
560	22	23	25	55	
561	50	51	52	52	53	54	55	56	57	58	61	
562	33	42	45	47	49	50	51	51	52	53	54	55	56	60	
563	33	39	42	44	44	45	46	46	47	48	49	49	51	
564	9	43	
565	6	9	10	12	14	15	18	
566	2	7	10	12	13	14	15	16	17	18	19	20	21	22	24	
567	16	17	20	21	23	23	
584	52	52	55	56	58	
585	35	38	43	46	47	48	49	50	50	51	51	52	52	53	53	54	54	55	57	59	
586	43	44	45	46	46	47	48	49	50	51	54	
587	45	46	48	97	
588	10	
589	9	12	14	16	17	19	41	67	68	
590	5	7	9	10	11	13	14	15	15	16	17	17	18	19	20	21	24	65	
591	12	14	15	17	18	20	20	21	22	23	24	25	
592	20	22	23	24	
595	52	53	56	57	
596	34	43	47	48	50	51	51	52	52	54	54	55	56	59	61	
597	34	39	42	44	45	46	47	47	49	49	50	53	
598	44	
599	7	9	10	11	14	14	19	
600	3	7	12	13	14	15	15	16	17	17	19	19	20	23	25	26	69	
601	16	17	18	20	21	22	
607	9	10	
618	52	53	55	57	
619	34	42	47	48	50	51	51	52	53	54	54	55	55	58	58	60	
620	37	40	42	43	45	46	47	47	48	49	50	51	53	
621	32	40	44	46	47	49	78	
622	8	12	14	16	18	38	41	43	68	
623	9	11	12	13	13	14	15	16	17	19	19	22	23	27	41	67	
624	7	12	13	15	15	17	18	19	19	20	21	22	23	25	26	
625	5	21	22	22	24	25	
626	22	
629	52	53	56	57	
630	36	47	49	50	51	51	52	52	53	54	55	57	59	
631	42	45	46	47	48	48	49	49	50	
632	44	49	
633	4	7	9	10	11	12	13	14	15	16	
634	7	11	12	13	14	15	16	17	18	19	20	21	24	26	
635	17	18	20	21	22	
652	52	53	55	56	57	
653	35	51	51	52	53	54	55	57	59	
654	31	36	41	43	44	45	47	48	49	50	52	53	55	61	67	
655	31	40	44	46	48	65	
656	11	14	19	21	23	25	41	44	64	
657	7	12	14	19	20	21	22	23	24	26	
658	21	22	24	
659	23	
663	52	57	
664	47	49	50	51	51	52	53	54	55	59	
665	40	42	45	46	47	47	48	49	49	50	53	
666	8	44	46	48	
667	4	8	10	11	12	14	14	15	
668	11	12	13	14	15	15	16	19	20	22	87	
669	16	17	18	20	21	23	23	88	
670	18	
687	53	53	55	
688	55	
689	65	
690	24	
691	15	23	24	
697	52	53	54	55	56	
698	36	47	48	50	51	51	52	53	53	54	55	56	58	60	
699	32	41	42	44	45	46	47	48	48	49	50	
700	44	78	
701	5	7	9	10	12	13	15	
702	7	9	11	11	12	13	14	15	16	18	20	81	84	
703	12	16	17	17	19	20	21	22	
704	18	21	
731	52	53	56	58	
732	37	47	50	50	51	52	52	53	54	54	55	55	56	60	
733	42	43	43	45	45	46	47	48	48	49	49	50	51	58	
734	42	44	45	
735	6	8	10	12	14	15	
736	6	11	12	13	14	15	15	16	19	20	23	83	84	
737	13	15	16	17	18	19	20	21	22	24	86	
738	18	21	22	
765	53	55	56	58	
766	34	48	50	51	52	52	54	55	55	56	60	
767	36	39	41	43	44	45	46	47	47	48	49	49	50	51	53	59	
768	31	39	44	45	46	48	49	
769	8	9	11	14	15	
770	7	10	11	12	13	14	14	15	16	17	19	20	24	82	
771	12	15	16	17	18	19	20	21	22	82	
772	23	
800	34	51	52	52	53	54	55	56	57	58	
801	33	37	40	43	45	48	49	50	50	51	52	53	54	57	59	
802	30	36	40	42	43	44	45	46	47	49	50	
803	10	14	24	40	65	68	
804	5	7	8	10	11	13	13	14	15	17	18	19	20	24	26	
805	15	19	20	21	22	23	
806	22	23	
834	53	54	
835	50	52	54	55	58	61	
836	32	45	
837	14	24	41	44	64	
838	5	6	22	23	24	
839	22	24	25	
1168	69	
1187	4	
1189	85	
1192	86	
1199	42	
1205	66	
1206	78	
1210	8	26	
1211	56	
1217	101	
1219	97	
1232	36	
1235	58	
1236	50	
1240	26	72	
1241	18	
1254	6	
1259	96	
1265	35	
1266	37	
1267	16	18	20	42	45	47	
1268	18	20	29	39	46	47	69	
1270	65	
1272	59	
1277	27	
1278	38	
1279	26	47	
1283	10	
1284	30	
1286	21	
1299	14	17	
1300	15	17	22	27	43	57	66	
1301	16	17	18	19	21	39	42	51	52	55	56	59	66	
1302	17	18	20	21	22	23	30	40	42	44	46	47	48	48	50	53	57	67	
1303	41	44	46	48	50	
1308	78	
1310	27	
1311	18	
1312	16	19	34	37	39	42	44	46	48	
1313	22	26	43	46	
1314	48	
1331	37	
1332	15	
1333	10	14	17	26	
1334	7	10	12	13	13	14	15	17	19	20	57	
1335	15	16	16	17	18	19	19	20	21	23	25	35	48	51	52	53	53	54	56	59	
1336	20	21	22	23	24	25	34	36	40	43	44	46	47	48	49	50	51	54	57	58	
1337	23	42	45	46	47	48	50	54	
1338	45	49	
1343	26	64	
1344	15	
1345	11	14	16	18	19	26	57	
1346	16	17	18	19	20	23	37	38	42	47	52	55	56	60	65	
1347	18	20	21	27	42	44	46	47	49	50	54	68	
1348	45	49	
1351	12	
1352	70	
1359	4	
1367	9	13	14	
1368	7	9	10	11	12	14	14	15	16	19	24	45	
1369	13	16	17	18	19	19	20	21	24	52	53	54	55	56	58	
1370	18	21	22	25	37	40	47	47	49	50	50	51	52	54	55	57	63	
1371	43	45	46	48	48	48	49	51	55	
1372	19	43	45	97	
1377	9	
1378	9	14	18	23	
1379	6	8	10	11	12	13	14	16	18	52	56	57	
1380	15	16	16	17	19	20	21	23	23	25	51	52	53	55	56	58	60	
1381	21	22	24	41	43	43	45	46	47	49	50	51	53	55	56	
1382	38	45	48	50	53	
1396	22	41	
1401	6	9	11	14	19	
1402	5	6	7	9	10	11	11	12	13	14	14	15	17	19	20	
1403	12	15	16	17	17	18	18	19	19	20	21	23	52	55	56	57	
1404	18	22	42	46	47	48	49	50	51	52	53	54	55	56	59	
1405	42	44	45	47	49	50	55	
1406	45	48	48	
1408	51	
1411	10	
1412	10	17	
1413	6	8	8	10	11	12	14	15	16	18	18	24	56	57	
1414	13	15	16	16	17	19	19	20	21	24	35	51	52	52	53	54	55	57	59	69	
1415	21	21	22	36	41	43	45	46	47	48	49	50	51	53	53	60	
1416	43	45	48	48	
1418	27	49	
1420	49	
1424	4	61	
1428	2	
1435	6	9	11	14	17	
1436	4	6	8	8	10	11	11	12	13	14	15	17	18	22	
1437	16	16	17	19	19	20	21	24	51	52	54	56	57	
1438	18	21	22	35	41	47	48	50	51	52	53	53	54	
1439	42	44	45	46	47	48	49	50	52	54	55	60	
1440	44	50	
1443	96	
1444	19	
1445	11	
1446	9	13	17	19	
1447	7	9	11	12	13	13	14	15	16	17	19	53	56	57	
1448	2	8	15	16	17	18	19	20	21	23	35	38	48	50	51	52	53	53	54	55	57	60	
1449	18	21	23	37	41	43	45	46	46	47	49	50	51	52	54	
1450	42	44	45	46	47	48	51	59	65	
1451	28	36	38	48	57	
1452	27	41	43	46	52	53	
1453	27	38	47	49	
1455	58	
1456	31	54	
1458	70	
1461	7	74	
1464	76	
1469	8	12	14	20	
1470	4	6	9	10	11	12	13	13	14	15	16	17	19	23	
1471	13	15	16	16	17	18	18	19	20	21	23	51	52	54	58	
1472	18	21	22	35	43	46	47	48	49	50	51	52	53	53	54	55	57	
1473	40	43	44	46	47	48	49	50	51	
1474	45	50	
1475	45	
1476	51	
1479	9	13	
1480	9	11	13	14	17	67	
1481	4	10	12	14	15	16	17	18	19	20	24	26	58	
1482	15	17	17	18	19	20	21	22	23	25	52	53	53	54	55	56	61	
1483	33	37	40	43	43	45	47	48	49	50	52	54	55	56	59	
1484	30	36	41	44	46	48	48	50	53	55	57	62	
1485	28	36	40	43	45	47	50	53	56	61	
1486	22	23	40	42	43	46	47	48	50	52	58	
1487	27	40	45	47	49	50	
1488	48	75	
1490	7	
1499	32	
1503	9	11	14	
1504	4	6	7	8	9	10	11	12	13	14	15	18	18	
1505	13	15	16	17	17	19	19	20	21	23	23	27	52	53	55	56	69	
1506	21	22	43	47	48	50	51	52	53	53	54	55	57	59	
1507	42	45	46	47	49	49	50	52	54	
1508	45	46	49	54	93	
1509	55	
1513	10	13	18	18	82	
1514	7	9	10	11	13	14	15	16	19	
1515	5	7	11	12	15	15	16	16	17	18	19	19	20	21	22	23	69	
1516	20	21	22	23	25	53	55	58	
1517	50	52	54	
1518	45	50	53	54	56	60	63	
1519	24	44	45	49	51	52	53	55	56	58	59	65	
1520	24	36	45	47	49	50	51	52	53	54	57	59	65	93	
1521	44	45	47	48	49	50	55	
1522	43	
1524	73	
1526	68	
1537	6	8	11	13	15	
1538	4	7	9	10	11	12	13	14	15	16	19	
1539	12	13	15	16	17	17	18	19	20	21	24	27	51	52	55	56	57	70	
1540	17	22	23	34	42	47	50	51	51	52	53	54	58	61	
1541	43	45	46	47	48	48	50	52	53	55	61	97	
1542	35	50	93	
1543	36	
1545	25	36	41	
1546	17	18	41	47	
1547	11	19	21	23	26	38	
1548	7	9	10	11	12	13	14	15	16	17	18	19	20	26	69	
1549	7	12	12	15	15	16	17	17	19	19	20	21	22	24	69	
1550	18	20	21	22	25	
1552	93	
1553	52	53	53	55	57	86	88	91	92	95	
1554	51	52	53	54	58	86	87	88	90	91	92	94	96	
1555	45	50	83	86	88	89	89	91	94	96	
1556	54	
1563	67	
1568	98	
1571	7	9	15	
1572	5	7	8	10	10	11	12	13	14	15	16	20	23	
1573	2	12	13	15	15	16	17	18	19	19	20	52	53	56	71	
1574	18	18	21	23	35	43	47	48	49	50	50	51	52	54	55	56	
1575	44	47	49	50	51	54	86	89	91	94	
1576	45	46	50	90	
1578	11	41	68	
1579	12	15	16	17	19	42	
1580	15	16	17	18	18	19	20	23	24	26	41	48	62	70	
1581	12	15	16	17	19	21	22	23	26	39	44	
1582	4	7	8	11	13	14	15	16	18	18	19	20	22	24	26	
1583	13	17	20	21	22	24	25	
1584	22	
1585	46	48	51	52	53	
1586	46	50	90	92	94	
1587	80	81	82	85	85	87	88	90	91	93	95	98	
1588	53	54	80	81	82	83	84	85	86	89	95	
1589	80	82	84	85	87	89	92	93	
1590	82	85	92	94	
1595	76	76	76	77	
1596	74	
1601	74	
1605	9	14	
1606	5	7	9	10	11	11	12	13	14	15	18	25	57	
1607	2	13	15	16	17	18	19	20	21	24	50	51	52	54	55	56	57	
1608	18	21	22	37	41	45	46	47	48	48	49	50	51	52	53	
1609	33	35	43	45	47	49	50	51	85	89	
1610	49	59	
1611	14	
1612	6	9	11	13	16	17	18	19	40	
1613	10	12	14	15	16	17	18	19	20	22	23	25	
1614	12	14	16	17	19	21	22	24	26	
1615	21	23	24	65	93	
1616	16	21	23	23	
1617	22	25	56	
1618	36	48	51	52	53	53	55	56	58	
1619	44	46	47	49	50	50	51	54	59	
1620	44	48	48	50	81	83	85	88	91	96	
1621	48	78	80	81	84	85	88	91	
1622	79	81	83	85	89	93	
1623	79	81	83	85	
1624	70	
1626	28	
1628	12	87	
1633	11	
1639	5	9	13	18	
1640	5	7	8	10	11	12	13	14	14	15	20	57	67	
1641	1	12	16	16	17	19	20	21	23	25	35	51	52	53	54	55	56	57	58	60	
1642	17	18	21	22	41	46	47	49	50	51	52	53	54	55	59	
1643	32	38	41	43	43	44	45	46	47	48	49	50	59	
1644	29	39	45	46	48	
1645	9	12	14	45	48	63	
1646	10	12	14	15	17	19	20	22	24	
1647	7	12	14	20	21	22	23	25	
1648	87	88	92	93	94	96	
1649	13	86	87	87	89	90	91	93	94	96	
1650	83	86	87	88	89	90	91	92	94	95	96	
1651	16	17	19	52	57	86	87	88	91	93	94	97	
1652	50	51	51	52	53	53	54	56	58	
1653	42	45	46	47	48	48	49	50	51	52	54	58	
1654	45	47	49	51	55	79	85	92	97	
1655	80	
1656	85	
1657	42	42	42	
1660	20	
1661	18	
1663	66	
1669	44	
1673	10	15	
1674	5	6	8	9	10	11	11	12	13	14	15	15	16	17	19	20	
1675	2	12	15	16	16	17	18	18	19	20	21	25	52	55	56	58	69	
1676	17	21	22	23	34	50	51	52	53	53	54	55	57	61	
1677	30	35	42	45	47	48	49	50	56	61	
1678	42	44	46	49	
1679	12	14	24	65	
1680	4	24	25	50	91	93	
1681	86	87	91	92	94	96	
1682	81	82	84	85	87	89	90	93	95	
1683	80	80	81	82	84	85	87	89	91	
1684	6	8	10	11	13	14	15	79	80	81	81	82	84	84	85	87	90	94	
1685	8	13	55	57	81	82	82	84	85	86	87	89	92	95	
1686	16	17	18	18	20	35	36	47	51	52	52	53	54	55	56	59	86	88	90	97	
1687	43	43	45	46	48	48	49	50	51	53	55	56	58	
1688	41	45	46	49	50	92	
1689	48	50	90	93	
1690	72	82	
1695	83	
1706	11	
1707	4	9	12	14	27	29	
1708	3	7	8	9	10	11	12	13	14	15	16	17	
1709	12	16	17	18	18	19	20	27	70	85	
1710	17	18	20	22	23	55	57	
1711	51	54	56	
1712	48	49	50	53	56	93	
1713	50	53	87	90	92	93	96	
1714	86	88	90	92	
1715	80	81	83	83	84	86	89	94	
1716	9	79	80	84	85	89	95	
1717	5	79	81	85	90	
1718	3	9	13	14	79	81	84	92	95	
1719	6	8	9	10	11	13	13	14	15	17	18	56	58	58	80	80	81	82	84	86	89	
1720	12	16	16	18	19	20	27	37	47	50	51	51	52	53	54	55	56	81	82	83	84	86	94	
1721	21	45	46	47	48	49	50	51	53	
1722	43	48	50	89	
1723	50	
1726	97	
1729	3	
1735	11	
1737	15	
1739	15	
1741	8	11	14	
1742	4	6	9	10	11	12	13	13	14	15	17	18	
1743	12	14	15	15	16	16	17	18	19	20	21	23	56	
1744	17	21	22	52	
1745	47	49	50	51	53	54	56	59	91	93	95	
1746	49	51	82	85	87	87	89	90	91	92	95	
1747	52	80	82	84	86	87	89	90	94	
1748	80	83	84	86	91	
1749	80	83	86	94	
1750	82	83	
1751	13	84	
1752	6	8	14	19	
1753	8	9	10	12	14	14	15	18	53	57	58	83	86	
1754	15	16	17	18	19	19	20	23	51	52	54	55	56	83	83	
1755	17	22	41	45	46	47	48	49	50	51	53	53	54	57	60	
1756	43	45	46	48	97	
1757	44	49	
1758	96	
1759	1	
1768	79	
1773	22	
1774	15	
1775	9	14	
1776	7	9	10	11	12	14	14	15	17	18	21	23	
1777	2	8	12	13	15	17	19	19	20	24	53	58	83	87	91	93	
1778	22	50	51	53	55	87	88	89	90	91	93	94	96	
1779	48	50	57	58	85	87	88	89	90	91	92	94	97	
1780	51	54	80	81	82	83	83	84	86	87	89	90	93	93	96	
1781	79	80	83	84	86	91	93	
1782	91	
1786	10	
1787	5	7	8	9	10	11	12	14	14	15	17	18	21	52	56	57	
1788	7	12	13	15	15	16	16	17	18	19	20	21	23	23	34	52	53	54	55	57	60	68	82	
1789	20	21	41	44	45	46	47	48	48	49	50	51	52	53	55	
1790	41	44	46	49	51	59	93	
1791	49	
1794	68	
1809	9	
1810	3	6	9	11	13	13	14	19	
1811	82	83	85	88	89	91	95	
1812	54	81	81	82	84	85	85	86	87	89	90	91	95	
1813	80	81	82	84	84	85	86	87	89	90	92	94	
1814	80	82	84	85	89	
1816	91	
1820	8	95	
1821	4	6	9	10	11	12	13	14	15	15	19	53	57	
1822	7	12	16	17	18	19	20	22	35	38	51	52	53	54	54	55	56	58	59	
1823	17	17	18	20	21	23	42	45	46	46	47	48	49	50	51	52	54	55	
1824	44	46	48	49	50	
1825	43	48	
1826	64	76	
1831	73	
1843	4	72	
1844	9	16	
1845	2	13	81	84	86	93	
1846	79	80	81	82	83	85	89	94	
1847	80	82	83	84	88	89	92	
1848	81	85	90	
1850	91	
1854	7	11	14	
1855	3	7	9	10	11	12	13	14	15	16	
1856	7	12	15	16	16	17	18	19	20	21	24	26	50	51	52	52	53	54	56	58	59	70	82	
1857	18	21	22	35	43	46	47	48	49	49	50	51	52	54	56	
1858	45	46	47	48	49	51	
1859	44	50	
1863	48	
1871	40	
1878	4	
1879	82	83	
1880	82	86	93	95	
1881	86	
1888	8	22	
1889	5	9	10	11	12	14	15	68	
1890	7	12	13	14	15	16	17	18	18	20	21	23	51	52	53	54	55	57	62	
1891	21	22	23	42	46	47	48	49	50	51	52	54	56	60	
1892	40	44	46	48	49	52	54	59	
1893	44	46	
1911	60	
1919	15	
1922	12	14	
1923	5	7	8	9	10	11	13	14	15	
1924	7	11	12	13	14	15	15	16	17	19	21	23	24	53	54	55	56	58	85	91	
1925	18	21	22	48	50	51	51	52	54	55	57	60	88	91	93	
1926	43	44	45	47	49	50	52	54	62	92	
1927	49	
1929	61	
1932	21	
1933	67	
1946	90	
1947	102	
1956	12	
1957	9	11	14	22	
1958	7	10	12	13	14	15	22	82	85	89	
1959	50	51	53	55	81	82	84	85	86	87	89	90	92	94	101	
1960	53	82	83	85	86	87	89	89	90	92	93	95	
1961	86	90	93	
1974	95	
1975	20	44	56	
1978	11	40	
1991	10	
1992	5	11	82	84	90	93	101	
1993	81	81	82	83	84	85	88	90	92	95	
1994	80	81	82	83	84	85	88	91	
1995	81	84	88	94	
2010	42	
2015	82	
2016	13	
2017	15	
2027	81	84	
2028	79	80	84	
2029	85	94	
2045	62	
2049	23	
2056	34	
2069	53	
2071	80	
2075	58	
2088	86	
2091	2	
2098	35	
2101	64	
2126	87	
2137	94	
2171	17	
2178	8	
2199	103	
2206	102	
2252	4	
