46	52	
50	74	
82	92	
83	88	91	93	96	
84	87	92	97	
112	41	42	
114	93	97	
115	87	90	91	93	96	
116	82	86	87	90	91	93	94	97	
117	10	14	82	83	85	86	87	88	89	90	92	94	97	
118	83	86	87	89	90	91	92	94	
119	17	88	92	96	
147	47	49	53	
148	51	86	88	90	91	95	
149	81	82	83	84	85	86	88	88	89	90	92	93	93	96	
150	80	81	82	83	84	85	86	87	88	89	91	95	
151	6	8	12	14	80	81	82	83	84	85	89	96	
152	10	12	14	81	82	84	85	87	88	90	91	94	99	
153	7	12	15	17	19	81	82	84	85	86	88	89	91	93	
154	17	21	86	91	
179	56	
180	47	48	50	51	53	53	58	
181	46	48	49	51	59	
182	50	80	82	84	86	88	89	91	93	95	
183	16	57	79	80	82	84	85	86	89	95	
184	13	16	17	18	29	36	39	42	48	78	79	80	83	85	
185	17	17	19	21	29	39	41	43	46	47	79	80	
186	5	6	9	10	12	14	21	67	80	82	83	
187	8	10	12	13	14	15	15	18	81	82	84	85	93	99	
188	16	17	19	20	84	86	89	99	
189	17	
212	20	22	
213	52	56	57	
214	34	46	47	49	50	51	51	52	53	55	
215	45	46	47	48	49	88	92	93	
216	13	43	77	79	80	84	86	90	91	94	
217	9	10	14	15	53	65	80	82	83	85	
218	6	10	13	15	16	16	17	18	18	19	19	20	26	52	53	54	56	57	61	65	71	
219	17	20	21	22	23	23	24	30	35	38	42	44	46	47	47	49	50	
220	22	23	30	41	43	44	48	67	
221	5	7	9	11	12	13	14	66	83	
222	7	12	15	17	18	19	21	24	81	83	
223	21	
246	56	
247	47	51	52	53	54	56	
248	43	46	47	48	48	49	50	51	52	54	55	58	
249	41	44	47	49	82	85	91	97	
250	8	10	68	79	83	86	89	100	101	
251	6	9	11	12	13	13	14	15	16	17	18	18	19	29	
252	2	8	12	15	16	17	18	18	19	20	22	24	52	55	57	
253	20	22	23	25	47	49	51	53	56	60	
254	23	23	33	40	43	44	45	46	48	
255	4	8	
256	11	13	15	20	23	23	
257	20	22	
281	47	51	52	53	53	54	55	56	58	
282	41	46	47	49	50	51	52	54	61	
283	44	45	48	82	86	89	91	95	
284	8	10	11	13	14	18	67	78	85	99	
285	4	7	10	11	12	14	15	16	17	17	18	19	19	21	25	26	
286	17	20	21	22	23	25	26	
287	23	
289	3	25	
290	25	
314	52	53	55	56	59	
315	46	47	49	50	51	52	54	55	59	
316	44	47	48	49	51	54	87	90	97	
317	44	82	84	86	88	90	93	93	
318	3	6	8	9	10	11	12	13	14	15	16	18	
319	7	11	13	15	16	17	17	19	19	20	24	
320	3	18	21	22	23	
347	57	
348	51	52	53	55	56	
349	45	47	48	49	50	51	52	53	55	59	
350	44	45	49	83	85	89	92	93	98	
351	8	9	11	14	79	81	84	87	88	90	98	
352	6	9	11	11	12	13	14	14	15	16	18	19	23	
353	13	17	17	18	18	19	20	21	22	23	25	
368	88	
381	53	56	
382	36	47	48	50	50	51	52	54	55	56	58	58	
383	45	46	47	48	49	50	53	
384	43	45	48	78	82	85	87	88	90	96	
385	8	9	10	12	14	66	78	82	84	90	
386	6	10	11	12	12	13	14	15	15	16	17	19	20	24	
387	2	17	17	18	19	20	21	22	25	
401	87	91	93	97	
402	83	87	88	89	90	92	94	97	
403	85	87	89	91	95	
404	17	
415	52	56	57	
416	37	47	48	50	51	51	52	53	55	57	58	
417	42	44	46	47	48	49	53	
418	45	78	81	85	89	93	
419	5	9	10	13	14	15	87	89	100	
420	6	8	11	12	13	13	14	15	15	16	19	20	21	26	71	
421	16	17	18	19	20	21	22	23	24	
433	50	58	
434	50	92	
435	82	85	87	89	90	92	95	
436	8	11	14	56	57	68	80	81	83	84	84	85	87	89	91	94	102	
437	12	14	15	16	17	19	20	80	81	82	84	85	89	
438	18	21	
449	52	52	55	56	57	
450	46	47	47	49	50	50	51	52	53	54	54	55	56	59	
451	39	42	43	44	45	46	47	48	49	51	53	
452	45	77	
453	5	7	9	10	11	13	14	84	
454	1	7	10	11	12	13	14	14	15	15	16	16	17	18	19	20	23	69	
455	17	18	19	20	21	22	24	
466	52	57	
467	50	52	54	87	90	92	94	97	
468	81	83	85	86	87	88	90	91	93	94	96	99	
469	9	14	40	66	81	82	83	85	86	88	89	96	
470	3	6	9	10	12	13	14	15	16	17	18	19	19	79	80	81	
471	5	12	15	17	18	19	19	20	21	24	27	
472	18	21	22	
483	52	53	55	56	57	
484	36	42	46	47	48	49	50	51	51	52	53	53	54	54	56	58	60	
485	41	42	44	45	45	46	46	47	48	48	49	50	
486	41	44	46	78	
487	4	7	9	10	11	13	14	15	
488	5	8	11	12	12	13	14	15	16	18	19	25	28	68	
489	16	17	18	19	20	21	22	23	24	
498	56	
499	52	88	91	
500	50	52	55	61	83	87	89	91	93	95	
501	38	39	55	60	82	83	85	86	87	89	90	91	93	97	
502	10	18	37	80	81	82	83	84	85	86	88	90	
503	10	11	13	14	15	16	17	19	20	79	80	84	
504	8	10	12	13	14	15	17	18	19	19	20	21	24	68	
505	18	20	21	22	23	25	
506	23	
517	52	53	56	58	
518	48	50	51	52	52	54	54	55	56	57	60	
519	33	41	42	45	46	47	47	49	49	50	51	53	
520	39	44	45	46	48	
521	9	10	11	13	14	68	
522	2	5	6	8	10	11	12	14	15	15	16	17	18	19	20	21	23	86	
523	16	17	18	19	20	21	22	24	26	
531	57	88	92	
532	57	88	91	92	96	
533	36	53	55	85	87	88	89	90	92	93	97	
534	81	82	83	84	85	86	88	88	90	98	
535	10	18	38	43	45	66	78	80	81	83	83	84	86	94	
536	6	10	11	13	14	15	16	17	19	19	20	64	80	
537	4	7	11	13	14	18	18	19	20	21	24	27	69	
538	5	20	21	23	24	25	
539	23	
551	53	57	
552	47	50	51	52	53	54	55	56	57	58	60	
553	41	45	46	47	48	49	49	50	51	52	54	59	
554	39	43	44	46	48	49	
555	5	9	10	14	
556	6	8	10	11	12	13	13	14	15	17	19	23	27	85	
557	16	17	18	19	20	22	91	
558	17	
563	87	91	97	
564	87	90	92	95	
565	83	85	86	87	89	90	92	95	
566	82	83	84	85	87	89	90	92	94	97	
567	40	80	81	82	83	84	85	87	89	
568	8	10	13	13	17	18	18	19	26	43	68	79	80	81	84	85	
569	7	9	12	14	15	16	18	19	19	20	21	23	26	79	
570	12	15	21	22	25	26	
571	21	23	
572	16	17	18	
585	55	58	
586	48	51	52	52	53	54	55	56	58	60	
587	42	43	46	47	48	49	49	50	51	51	53	54	60	
588	33	39	42	44	45	46	47	48	49	
589	5	8	10	
590	7	8	10	11	12	13	14	15	15	18	83	
591	13	14	15	17	19	21	22	81	82	85	86	88	89	90	92	93	97	
592	17	90	92	95	
593	88	91	93	
594	91	93	97	
595	88	91	92	
596	87	88	90	92	93	95	
597	82	85	86	88	89	90	91	92	93	96	
598	81	82	84	85	86	87	88	89	91	94	97	
599	41	48	66	79	81	81	82	84	84	86	87	88	90	93	
600	8	16	18	19	41	79	80	81	84	85	88	
601	10	11	13	13	14	15	16	17	18	19	19	20	26	79	80	
602	7	12	15	18	19	20	20	21	27	70	
603	21	22	23	24	27	
604	23	
609	103	103	
620	51	52	53	54	55	57	59	
621	35	47	47	49	50	51	51	52	54	55	56	57	58	59	
622	39	41	42	44	45	45	46	46	47	47	48	49	49	50	58	
623	5	31	38	43	45	46	47	
624	4	6	8	10	11	14	
625	9	11	12	14	15	16	80	81	82	84	85	86	90	98	
626	12	17	82	82	83	84	86	87	88	89	91	92	94	98	
627	81	82	84	86	87	89	90	91	97	
628	82	83	85	86	87	89	90	92	95	
629	82	83	85	86	87	89	90	92	94	96	100	
630	36	82	84	85	86	87	89	90	95	99	
631	36	53	80	81	82	83	84	85	86	89	90	94	
632	10	16	17	18	19	28	41	66	80	81	82	83	84	85	89	
633	10	13	13	15	16	17	17	18	19	20	29	39	79	80	83	
634	7	8	11	12	13	15	17	18	19	20	20	21	22	23	25	28	65	
635	5	20	21	22	24	29	
636	22	23	25	
637	23	
654	55	
655	50	51	52	53	54	55	57	58	59	
656	34	36	42	45	46	47	48	49	50	50	51	53	53	54	56	59	64	
657	31	33	40	41	43	44	44	45	46	47	47	49	50	59	63	
658	9	36	38	41	42	44	46	47	49	66	
659	5	21	36	40	46	47	81	83	
660	6	11	14	19	21	46	81	82	83	84	89	
661	19	41	46	57	67	80	80	81	83	84	88	93	
662	17	19	26	40	46	48	56	80	81	82	84	85	88	98	
663	17	19	37	39	41	46	47	48	48	66	70	79	80	81	84	85	89	
664	17	18	19	20	40	42	44	46	47	62	79	80	81	82	83	84	
665	6	9	11	13	15	16	18	18	20	21	27	38	43	43	47	63	66	78	80	81	84	
666	7	10	12	13	15	17	18	19	19	20	26	
667	15	17	19	19	21	22	23	24	25	65	
668	22	23	23	25	
669	24	
689	55	
690	51	53	53	54	55	56	58	62	
691	34	45	51	52	54	55	57	60	63	
692	24	42	43	46	48	49	50	51	53	55	59	63	
693	24	25	31	40	43	44	45	46	47	49	50	52	53	56	58	62	
694	20	22	24	32	34	41	44	47	49	52	58	60	67	
695	18	20	22	23	24	35	41	44	47	49	63	
696	13	13	19	21	22	27	34	40	44	55	57	59	80	
697	15	19	20	21	23	25	28	44	50	53	55	62	63	79	
698	12	15	20	21	22	23	24	25	43	44	65	79	
699	22	23	24	25	28	
700	22	23	24	
701	22	23	25	
726	53	54	55	
727	61	
728	53	
729	23	23	25	45	64	
730	24	64	
731	22	24	
732	24	
1165	82	
1169	56	
1173	44	
1175	59	
1193	20	
1197	49	
1198	17	
1200	37	
1202	96	
1203	48	57	66	
1206	49	
1208	65	
1209	14	
1214	90	
1221	61	
1236	22	24	
1238	19	46	52	
1239	39	46	
1240	63	
1241	46	
1248	80	
1253	69	
1260	68	
1261	98	
1268	16	
1269	19	37	44	
1270	35	
1271	16	17	18	20	35	41	47	
1272	17	19	20	22	26	37	40	43	46	48	51	54	56	59	63	
1273	20	22	30	34	41	43	46	47	49	51	56	61	
1274	20	22	40	45	46	48	
1282	59	
1283	61	
1287	101	
1295	67	
1303	9	15	16	19	36	68	
1304	9	12	13	15	16	17	19	22	24	26	34	
1305	11	14	17	18	19	20	21	24	34	42	44	47	65	
1306	19	20	21	22	23	45	50	51	52	54	56	59	63	65	
1307	22	25	32	34	43	43	45	47	48	49	50	51	52	53	57	58	61	
1308	23	40	42	44	46	47	48	49	51	56	
1309	42	45	46	47	49	
1316	10	93	
1333	27	
1335	20	
1336	10	14	
1337	6	8	10	11	13	14	17	20	23	27	
1338	11	12	13	15	16	16	17	18	19	20	21	23	27	65	69	
1339	15	17	18	20	20	22	24	47	
1340	22	25	55	92	
1341	51	52	53	54	55	57	59	86	87	89	90	92	94	96	
1342	16	35	43	45	48	51	53	53	57	59	90	92	95	
1343	40	43	44	46	48	49	50	55	
1344	50	
1367	25	
1370	11	15	16	
1371	6	9	10	12	13	13	14	15	16	19	28	67	
1372	13	15	16	16	17	18	19	20	21	22	23	47	51	53	56	58	
1373	21	22	24	46	49	51	
1374	82	86	87	89	90	92	93	96	99	
1375	6	9	13	55	80	81	82	83	84	86	89	91	
1376	7	50	51	53	54	55	58	62	81	82	84	86	87	89	90	93	94	
1377	48	49	51	87	88	90	92	96	
1378	45	93	
1382	94	
1385	7	
1396	58	
1403	10	
1404	10	13	14	25	
1405	4	8	10	10	11	12	14	14	15	16	18	18	20	23	25	53	56	58	
1406	13	17	17	20	22	24	46	47	50	51	52	54	57	102	
1407	23	44	47	48	50	87	90	92	94	
1408	78	79	81	83	84	85	87	89	96	
1409	9	80	82	85	89	98	
1410	11	55	80	82	83	89	
1411	53	80	81	82	84	85	87	89	92	94	
1412	53	87	90	
1415	49	
1424	3	
1433	5	
1435	21	
1436	14	
1437	15	
1438	11	12	14	15	16	57	67	
1439	5	7	11	12	13	14	15	16	18	19	20	22	24	51	52	56	
1440	18	21	23	24	46	47	49	50	51	53	54	
1441	38	44	48	50	82	84	86	87	89	91	93	94	96	98	
1442	19	80	83	86	90	93	
1444	88	
1445	79	80	83	84	
1446	81	84	
1449	77	
1456	31	
1468	34	
1470	33	
1471	9	14	18	
1472	7	9	11	12	14	15	16	19	28	53	56	67	
1473	7	13	15	15	16	16	17	18	18	19	20	22	24	42	47	48	49	50	51	54	57	59	
1474	21	22	44	47	49	50	53	
1475	46	53	78	80	82	83	85	88	89	91	98	
1476	80	
1479	60	
1480	86	
1502	21	
1504	14	32	
1505	7	10	11	14	18	
1506	8	11	12	13	13	14	15	16	17	18	19	52	53	55	56	69	
1507	16	17	20	21	22	24	27	41	42	46	47	50	51	51	53	54	
1508	23	44	46	48	50	55	93	94	
1509	49	53	79	82	84	
1510	88	
1517	26	37	
1522	37	
1523	37	56	
1524	48	56	
1525	46	
1537	35	
1539	8	9	11	12	14	15	
1540	5	7	11	12	13	14	15	16	17	18	19	20	21	22	24	36	51	52	53	54	55	56	60	71	
1541	20	22	23	24	41	43	46	46	47	48	48	49	50	52	54	55	59	
1542	44	47	49	89	
1543	45	
1545	90	
1555	18	
1556	16	19	36	
1557	17	19	21	25	42	47	57	67	
1558	21	23	26	39	43	45	46	48	49	56	65	66	
1559	47	53	
1560	66	66	
1562	2	2	
1565	3	
1568	12	
1572	8	13	14	
1573	1	6	9	10	11	12	13	14	15	16	19	28	56	58	
1574	5	8	12	13	15	15	16	17	17	19	20	21	24	37	48	51	52	52	54	55	57	60	69	
1575	18	21	22	25	42	45	46	47	48	49	49	50	51	53	53	54	
1576	16	42	44	45	49	50	
1577	53	98	
1578	54	
1579	66	
1583	31	97	
1589	9	24	38	
1590	12	14	16	18	19	21	24	27	29	67	
1591	15	17	18	19	20	21	25	26	45	51	53	55	56	59	
1592	18	21	22	24	43	45	47	48	49	50	52	59	
1593	44	48	52	
1594	65	
1596	84	
1603	39	
1604	19	
1606	8	11	14	
1607	6	9	10	10	11	13	14	15	18	18	53	57	
1608	12	13	15	16	16	17	18	19	20	22	24	25	36	50	51	52	52	53	54	55	56	59	69	
1609	18	23	41	46	46	47	48	49	50	51	52	53	56	59	
1610	41	43	45	46	49	54	78	
1611	90	
1615	79	
1622	9	13	17	19	38	67	
1623	10	14	16	17	19	22	38	66	
1624	6	9	11	12	14	15	16	17	18	19	19	20	22	23	58	
1625	18	20	22	24	47	49	50	51	52	54	
1626	25	45	48	50	52	54	57	61	91	92	97	
1627	48	56	86	88	91	94	
1634	7	
1640	9	14	
1641	4	6	8	9	10	11	12	13	15	17	18	
1642	12	15	16	18	19	20	22	25	48	52	52	54	54	55	57	59	60	
1643	17	23	37	40	42	45	46	47	49	49	50	51	53	54	56	
1644	43	44	46	48	49	95	
1645	48	
1650	83	
1653	31	
1654	20	66	
1655	9	15	17	19	31	
1656	10	12	14	16	17	18	19	21	24	66	
1657	11	12	13	15	17	19	20	22	24	56	
1658	8	21	22	23	25	51	53	55	57	93	
1659	22	25	50	51	55	58	92	93	96	
1660	81	82	85	86	87	88	89	91	94	
1661	79	81	85	94	100	
1669	13	17	
1674	5	11	
1675	4	8	9	10	11	13	14	18	57	
1676	6	8	11	12	13	14	15	15	17	19	21	26	51	52	52	54	55	55	57	60	82	84	86	90	
1677	16	17	18	19	21	23	27	37	40	43	46	47	48	49	50	51	53	57	
1678	44	48	48	49	53	78	78	
1679	40	45	55	
1681	51	
1684	25	37	55	
1685	25	35	
1686	25	
1687	16	19	28	41	68	92	
1688	12	15	17	19	20	33	34	
1689	7	10	12	13	15	16	17	19	20	22	27	43	64	
1690	14	20	21	22	23	68	
1691	21	22	24	25	56	92	
1692	52	53	86	87	90	92	95	98	
1693	82	85	86	87	89	91	93	95	
1694	79	80	83	84	86	90	97	
1695	84	91	95	
1698	75	
1704	22	
1707	16	
1708	5	17	28	
1709	4	9	11	13	14	15	18	
1710	6	8	11	12	13	14	15	15	16	19	22	53	54	54	55	56	58	60	81	84	100	
1711	16	17	18	20	21	23	41	42	46	47	48	49	50	51	52	54	55	71	86	92	
1712	38	42	44	45	46	47	49	59	
1713	49	
1715	21	
1717	16	
1718	20	40	
1719	17	22	34	41	
1720	11	13	17	19	21	24	41	
1721	11	14	16	17	18	19	21	28	35	65	
1722	5	12	15	17	20	21	23	24	44	65	
1723	23	24	52	
1724	22	25	51	55	56	90	91	93	98	
1725	82	83	85	86	88	90	91	94	97	
1726	80	81	83	84	86	88	90	94	
1727	21	22	79	81	82	83	85	88	89	101	
1728	16	78	82	
1729	84	
1739	46	
1741	12	
1743	8	9	10	12	13	15	
1744	7	9	10	11	12	14	15	16	20	28	52	53	54	55	56	58	83	85	92	97	
1745	13	16	17	18	18	20	22	24	34	47	48	49	50	51	52	53	54	55	57	62	83	86	88	91	93	
1746	30	37	39	42	44	45	46	47	48	49	49	51	
1747	32	36	41	43	45	46	48	49	57	
1748	43	45	46	
1749	20	40	46	50	56	
1750	21	23	40	50	
1751	17	19	27	40	61	
1752	10	15	17	19	20	26	34	38	66	69	
1753	8	12	15	16	17	19	20	21	24	26	34	39	45	64	
1754	5	12	14	15	17	19	20	21	22	23	25	44	65	
1755	22	23	25	56	65	
1756	22	25	50	52	54	92	96	
1757	83	88	90	91	93	93	95	
1758	82	83	84	86	88	88	90	92	95	
1759	80	81	82	83	86	92	93	
1760	78	80	84	88	97	
1761	80	
1762	15	15	
1776	8	
1777	4	10	15	
1778	7	9	10	11	12	13	14	20	53	81	87	89	
1779	13	16	21	35	50	51	52	54	55	56	60	82	84	86	88	90	92	97	99	
1780	16	18	21	42	47	49	50	51	52	53	55	57	58	61	92	
1781	33	41	44	45	48	49	51	53	62	
1782	27	29	37	40	43	44	46	48	48	51	53	56	58	
1783	19	22	25	32	41	62	64	
1784	18	20	22	29	40	45	46	48	62	
1785	8	13	14	17	19	21	23	23	33	42	44	70	
1786	11	14	15	18	19	21	22	23	28	63	71	
1787	15	21	22	24	
1788	23	24	56	92	
1789	23	52	56	87	88	89	90	91	93	93	96	
1790	82	86	87	88	90	91	93	95	
1791	79	80	81	82	84	85	88	89	91	96	
1792	80	83	84	85	
1793	80	
1794	85	90	
1797	74	
1803	66	
1804	39	
1811	8	
1812	5	9	11	13	14	20	85	
1813	7	10	11	12	14	15	53	81	82	84	85	86	91	
1814	13	17	53	55	83	85	85	86	87	88	90	91	92	93	95	
1815	52	55	87	88	90	90	92	94	95	
1816	64	87	91	92	
1817	24	54	64	92	
1818	15	24	92	
1819	23	24	88	91	93	
1820	25	53	90	91	92	94	97	
1821	51	83	86	86	87	90	91	93	94	95	97	
1822	86	88	89	91	92	94	95	
1823	80	81	82	84	85	86	89	93	101	
1824	79	80	81	83	83	84	86	89	99	
1825	79	81	83	
1826	80	86	100	
1827	91	
1835	85	
1846	13	
1847	5	8	10	14	82	84	89	98	
1848	9	80	81	81	82	84	85	86	88	90	98	
1849	9	12	14	81	82	83	84	85	86	88	89	91	94	101	
1850	82	83	85	86	88	89	90	94	101	
1851	85	87	88	89	90	93	93	96	
1852	82	86	87	89	90	92	93	97	
1853	83	83	84	85	87	89	90	91	95	99	
1854	81	82	83	84	85	87	89	91	
1855	81	81	82	83	84	85	86	89	
1856	79	80	81	82	83	84	86	89	93	95	100	
1857	78	79	82	84	88	
1858	79	96	
1863	17	85	
1882	80	84	89	101	
1883	78	80	81	83	85	
1884	80	81	83	84	87	92	94	101	
1885	80	81	82	84	85	87	89	
1886	79	80	81	82	83	85	88	89	95	
1887	79	81	82	84	85	93	
1888	79	80	81	84	93	99	
1889	78	79	82	83	96	100	
1890	81	92	
1898	5	
1903	74	
1905	67	
1906	39	
1919	82	83	
1920	82	
1921	85	
1922	100	
1923	52	90	95	
1940	86	
1948	101	
1952	46	
1955	95	
1959	14	
1964	44	
1968	1	64	76	
1973	71	
1980	73	
1983	98	
1984	99	
1986	24	
2002	77	
2009	53	
2011	49	
2015	8	8	71	
2016	13	
2023	2	94	
2032	58	
2035	79	
2044	22	
2052	14	
2054	71	
2067	27	
2081	92	
2085	8	
2106	12	
2109	26	
2113	11	
2122	54	
2138	52	
2158	14	
2194	20	
2203	98	
2228	1	
2254	10	
2263	6	
