15	66	
48	2	
49	65	
112	42	
145	34	
146	33	93	
147	87	92	
148	19	
180	8	86	87	89	91	
181	81	82	85	87	89	91	95	
182	16	82	89	95	
211	57	
212	52	56	
213	51	55	86	87	89	91	
214	81	83	85	86	87	88	90	91	95	
215	10	11	13	78	79	81	82	84	85	88	91	93	
216	8	12	15	16	17	18	18	19	80	89	
217	20	
245	52	60	
246	49	51	52	52	54	59	86	88	90	92	
247	50	52	81	82	83	84	86	87	89	90	94	98	
248	9	80	81	84	86	89	92	95	
249	6	8	10	11	12	13	14	15	16	17	19	68	79	81	84	
250	8	12	15	16	17	18	19	20	21	22	
251	18	21	22	
254	1	
265	92	
277	57	
278	52	55	57	
279	34	46	48	49	50	51	52	54	55	56	
280	50	51	54	81	82	84	85	90	96	
281	78	79	80	81	82	83	84	86	89	93	
282	7	9	10	12	13	14	78	79	80	83	84	
283	8	11	12	13	13	14	15	16	17	19	20	21	23	25	69	
284	16	17	18	19	20	21	22	25	
285	13	14	15	23	
286	12	12	12	13	75	
295	88	90	93	
296	87	89	91	95	
297	82	86	87	89	90	92	97	
298	82	86	87	88	88	90	91	93	95	
299	83	87	89	91	92	97	
300	17	
311	53	56	57	
312	48	51	52	53	54	55	56	56	58	59	61	
313	41	44	46	47	47	48	49	50	51	52	54	
314	31	36	41	43	45	46	47	49	51	78	80	83	
315	6	44	79	81	84	
316	6	8	8	9	10	11	12	13	14	15	90	95	
317	6	12	13	14	15	15	16	17	19	21	24	87	91	
318	13	17	18	20	21	24	87	90	92	
319	17	
328	83	87	90	91	98	
329	83	85	86	87	88	89	90	92	97	
330	81	82	84	85	86	87	88	90	91	94	97	
331	9	80	81	82	83	84	85	86	87	88	89	90	93	94	96	
332	11	16	80	81	82	83	84	85	86	89	91	96	
333	7	11	13	15	18	80	81	82	84	85	87	88	90	92	96	
334	16	17	19	
346	51	52	53	54	55	56	57	58	61	
347	47	49	50	51	51	52	53	54	55	55	56	57	58	61	
348	33	39	42	44	45	45	46	47	48	48	49	53	56	57	58	
349	8	28	41	43	43	44	44	45	46	46	47	49	50	78	
350	8	10	11	13	43	46	48	
351	1	6	9	11	12	13	14	15	21	25	80	85	89	96	
352	12	15	17	18	20	23	80	82	84	85	87	89	91	96	100	
353	16	17	19	
360	87	89	91	93	96	
361	83	85	87	88	88	89	91	93	96	
362	53	81	82	84	85	87	88	89	91	92	94	97	
363	78	79	81	82	84	85	87	89	94	98	
364	46	78	79	80	81	82	83	84	85	88	
365	79	80	81	82	83	84	89	
366	6	8	10	12	13	79	80	81	82	83	85	
367	7	11	12	13	13	14	15	15	16	17	18	18	19	20	28	69	78	79	80	83	
368	16	17	18	20	20	22	24	
380	55	62	
381	51	53	54	55	56	57	59	
382	33	48	50	51	52	54	55	56	56	57	59	62	65	
383	45	47	48	49	50	50	51	53	54	56	59	
384	5	8	25	43	43	44	45	46	47	48	49	
385	7	9	10	12	13	15	78	80	83	
386	8	9	11	12	12	14	15	15	16	19	79	80	82	84	90	94	
387	16	17	18	19	21	81	95	
388	18	
392	92	
393	83	86	88	89	91	92	94	
394	53	59	82	83	84	86	87	88	88	90	92	96	
395	47	53	81	82	83	84	85	86	89	93	98	
396	16	47	55	57	66	80	81	82	83	84	86	88	
397	16	17	19	42	44	45	46	48	49	51	54	59	68	79	80	
398	27	43	44	45	46	47	49	49	79	100	
399	11	14	28	47	49	66	78	
400	7	9	10	11	14	15	16	19	81	85	
401	5	6	7	11	12	13	14	15	15	16	16	17	18	18	19	19	20	21	23	24	69	79	
402	17	20	21	22	23	24	
416	52	56	57	58	60	
417	47	50	50	51	52	53	54	54	55	56	59	60	
418	44	45	46	47	48	48	49	49	50	
419	4	9	14	44	
420	7	9	10	12	13	13	14	15	17	18	23	69	80	
421	12	16	17	18	18	19	20	21	24	80	
422	21	
425	56	86	88	89	91	96	
426	52	54	82	83	85	86	88	88	90	91	96	
427	80	81	82	84	85	87	89	90	96	
428	16	52	53	67	80	81	82	84	85	89	
429	9	16	17	18	19	44	46	48	68	70	78	79	80	84	
430	6	11	12	14	17	18	19	20	26	43	44	46	49	57	61	78	
431	20	20	21	23	26	43	43	45	46	47	49	51	52	53	54	55	55	57	59	70	
432	22	22	33	42	45	46	48	50	55	
433	9	14	44	66	
434	7	10	12	13	14	15	16	17	19	20	21	27	45	69	73	
435	13	15	18	18	19	20	21	22	22	24	25	28	
436	21	22	23	25	
437	61	62	63	
450	53	56	57	58	60	
451	35	48	50	50	51	52	53	54	55	56	60	
452	46	48	49	49	50	53	86	88	89	
453	8	9	44	67	
454	5	7	10	11	12	12	13	13	14	15	15	16	17	18	19	20	79	
455	17	18	19	20	21	22	23	24	
456	23	
457	57	92	
458	53	57	87	89	90	93	
459	53	53	81	82	84	85	86	88	89	91	93	93	97	
460	48	80	81	82	84	85	86	89	94	
461	16	17	67	78	80	81	83	84	
462	7	10	11	13	15	16	17	18	18	19	20	44	45	48	70	79	
463	17	19	20	20	21	22	23	25	27	43	56	58	
464	21	22	23	26	51	52	54	55	56	57	60	
465	22	23	25	27	32	42	46	47	50	51	52	54	55	61	
466	43	45	47	49	66	
467	6	9	11	13	14	17	18	20	43	45	
468	12	14	15	20	21	22	24	25	26	
469	22	23	24	25	
483	57	
484	52	53	55	56	57	59	
485	47	49	50	51	52	54	55	56	62	86	
486	48	50	53	82	84	86	87	90	93	100	
487	8	9	11	13	14	16	68	80	
488	2	5	6	10	11	12	14	15	16	17	18	19	19	20	23	25	
489	18	20	21	22	25	
490	86	88	90	92	97	
491	54	82	85	86	88	88	90	92	95	
492	53	81	82	83	84	86	87	88	89	91	92	96	99	
493	43	67	77	80	81	82	83	85	
494	9	11	13	14	16	17	19	20	46	48	79	80	83	
495	9	12	13	14	15	16	18	18	19	20	21	26	43	70	79	
496	20	21	22	23	23	25	26	
497	20	22	23	24	25	58	
498	53	60	
499	49	51	
500	9	14	36	37	44	
501	23	25	38	
502	22	24	
517	52	57	60	
518	46	50	51	52	54	55	59	
519	47	48	49	50	54	83	86	88	88	90	93	94	
520	9	81	82	83	85	86	88	91	94	
521	4	6	8	9	10	11	12	14	15	16	16	19	70	79	
522	6	13	18	21	22	24	25	
523	23	52	87	88	90	92	97	
524	52	55	59	82	83	84	86	87	88	89	90	92	95	
525	54	80	81	82	83	84	85	87	89	90	96	
526	10	16	17	19	67	79	80	81	83	84	
527	7	9	11	12	14	14	15	16	17	18	18	19	20	43	70	79	83	
528	7	11	12	14	15	17	18	18	19	20	21	24	27	69	
529	20	21	22	24	
530	22	23	24	
550	57	
551	48	51	53	54	55	56	57	58	
552	46	47	48	49	50	51	52	54	55	
553	45	50	79	82	84	86	91	
554	7	9	10	12	13	50	79	81	83	84	86	90	
555	4	7	11	12	15	16	23	88	93	
556	22	86	87	89	91	92	94	98	
557	53	80	81	82	84	85	86	88	89	91	96	
558	46	54	66	80	81	82	84	85	89	
559	10	15	16	17	17	19	43	69	79	80	81	
560	8	9	11	13	14	15	16	17	18	18	19	20	21	26	43	45	46	70	79	
561	11	12	19	20	21	22	24	25	
562	22	23	23	24	
563	22	24	
571	21	
572	17	17	
584	53	56	57	
585	48	50	51	52	52	53	54	55	55	56	57	59	61	
586	44	46	47	48	49	49	50	51	52	54	54	
587	45	49	78	82	84	88	88	
588	7	10	14	80	100	
589	7	12	17	19	83	
590	46	79	80	81	83	83	85	89	96	
591	8	17	18	43	48	78	79	80	81	83	
592	8	10	11	14	15	16	16	17	19	19	69	78	79	83	
593	11	13	15	17	18	19	19	20	21	44	73	
594	13	15	20	21	22	23	23	24	
595	21	22	23	25	
608	6	
618	53	55	56	57	58	
619	35	47	51	52	52	53	54	55	55	57	59	61	
620	40	44	45	46	47	48	48	49	50	51	52	53	55	88	
621	29	40	44	45	46	47	49	67	
622	11	41	47	79	
623	10	16	20	44	48	66	69	
624	9	12	14	16	17	18	19	20	42	43	47	66	69	78	80	
625	9	11	12	14	15	15	16	17	18	19	20	43	69	79	
626	12	18	19	20	20	21	22	23	24	69	
627	20	21	22	22	23	24	
628	22	25	
642	5	5	
652	52	56	57	58	61	
653	50	51	52	52	53	54	55	55	56	57	59	61	
654	32	42	44	45	46	47	48	48	49	50	50	51	52	53	55	56	58	59	67	
655	41	43	43	44	45	47	48	49	50	67	
656	8	15	19	21	28	40	43	43	45	47	49	64	66	71	
657	9	12	14	17	18	19	20	21	22	25	44	45	67	69	
658	11	13	13	15	17	18	19	20	21	22	23	24	28	44	72	
659	20	21	22	24	25	
660	21	22	23	23	25	
687	53	54	55	59	
688	50	52	54	60	
689	24	45	49	55	
690	15	24	27	45	
691	14	22	23	23	25	
692	21	23	23	25	
858	37	
1164	17	
1169	18	
1172	69	
1182	94	
1198	19	
1203	66	
1227	17	
1230	51	
1231	41	
1251	16	
1264	58	
1267	36	
1268	38	
1269	45	
1276	32	
1277	13	
1298	30	
1301	41	
1302	43	
1303	50	56	
1304	43	46	48	
1320	2	
1335	15	19	
1336	17	18	20	43	47	56	58	
1337	20	22	45	46	48	49	52	56	70	
1338	44	47	49	64	
1339	53	
1348	60	
1350	60	
1351	26	
1352	24	
1354	12	
1367	16	
1368	18	
1369	10	12	15	16	19	57	67	68	
1370	16	17	18	18	19	21	26	46	48	52	56	60	
1371	20	21	23	24	45	47	49	50	52	53	58	
1372	44	47	48	57	
1382	17	
1385	6	12	47	
1397	42	
1399	32	
1401	16	21	
1402	9	12	13	15	16	17	18	19	21	45	69	
1403	10	12	14	15	17	18	19	20	23	25	27	43	56	58	69	
1404	18	20	21	22	24	48	50	51	52	54	55	57	71	
1405	22	45	46	49	50	54	88	90	
1406	49	58	87	92	
1407	67	
1409	53	
1414	25	
1416	18	
1417	59	
1419	21	37	47	
1420	46	
1423	59	
1435	10	12	14	16	18	
1436	7	9	11	12	14	16	17	18	19	20	21	24	57	68	
1437	17	18	19	20	21	22	23	28	52	53	55	57	60	71	
1438	21	22	24	25	45	47	48	49	50	51	52	54	
1439	43	47	49	52	54	81	83	
1440	51	81	84	102	
1442	10	10	10	11	11	11	
1444	25	
1445	42	
1447	24	
1450	46	
1451	16	20	30	46	
1452	17	20	43	45	47	50	67	
1453	18	19	21	41	44	47	49	56	59	
1454	21	25	27	43	44	46	47	48	68	69	
1455	42	45	46	47	49	54	57	59	
1456	51	
1458	71	
1465	14	
1468	8	11	
1469	6	9	10	11	13	14	15	20	24	
1470	7	12	13	14	15	16	18	19	21	24	57	87	92	
1471	16	18	21	23	24	34	51	52	53	54	55	55	56	60	87	92	93	
1472	23	35	45	47	47	49	50	51	52	54	55	56	59	93	
1473	42	43	44	45	46	47	48	49	52	
1474	44	48	48	52	56	62	
1477	69	
1482	17	24	41	
1483	11	
1484	13	16	18	19	43	49	
1485	16	18	19	20	22	43	47	71	
1486	15	16	17	18	20	20	22	24	28	42	45	48	52	55	57	62	67	69	
1487	17	19	21	22	24	27	37	42	44	45	48	49	52	54	56	57	59	67	
1488	21	22	24	28	31	44	46	47	48	49	50	52	54	56	58	58	60	
1489	22	43	45	47	48	49	51	53	
1490	45	47	48	
1502	10	
1503	7	9	11	12	14	15	19	
1504	8	10	11	12	14	15	21	81	84	86	89	98	
1505	13	19	52	53	55	56	57	59	61	81	82	83	84	85	86	88	89	91	95	
1506	16	50	51	54	55	56	59	82	86	87	88	89	90	91	96	
1507	17	32	42	45	47	49	50	51	52	54	60	
1508	43	44	46	47	48	49	51	59	
1509	44	51	
1512	20	26	41	
1515	17	
1516	11	16	18	19	25	43	47	
1517	9	11	13	15	16	18	19	20	42	43	46	67	69	
1518	11	13	16	18	19	20	22	23	25	27	45	
1519	15	16	18	18	20	21	22	25	26	44	
1520	19	20	22	23	24	25	93	
1521	22	24	25	52	53	55	56	57	59	61	
1522	23	34	50	50	51	52	53	54	55	56	57	58	61	
1523	44	45	47	48	49	50	52	61	88	93	
1524	49	
1532	21	
1537	13	14	
1538	5	8	10	13	59	78	80	83	83	
1539	7	9	11	13	15	78	79	80	80	83	84	86	89	98	
1540	7	11	12	15	18	19	33	53	54	55	56	57	60	79	80	81	82	83	85	87	90	96	
1541	17	19	35	47	48	50	51	52	54	54	55	56	58	59	
1542	42	43	44	45	46	48	48	49	50	52	
1543	37	45	48	50	
1546	20	
1548	13	16	19	46	
1549	11	14	16	17	18	19	22	26	43	
1550	9	12	14	16	17	19	20	21	44	69	
1551	11	13	14	18	19	20	21	23	24	
1552	7	12	14	20	21	22	24	91	93	
1553	23	46	86	87	90	91	97	
1554	58	85	87	89	91	96	
1555	52	55	56	60	92	96	
1556	50	51	51	53	53	54	55	57	58	87	90	92	
1557	48	49	51	55	82	85	86	88	90	97	
1560	60	
1567	33	
1568	50	
1569	21	
1571	12	
1572	8	13	99	
1573	9	15	79	98	
1574	6	8	10	11	12	13	13	14	15	16	20	55	56	58	60	78	79	81	84	
1575	16	17	18	18	19	20	21	51	51	52	53	54	55	56	61	69	84	
1576	44	45	46	49	50	51	52	53	55	60	
1577	45	48	54	
1578	65	
1579	16	54	
1580	10	19	
1581	12	17	19	22	27	43	68	
1582	6	10	14	16	17	19	20	23	27	47	
1583	4	11	13	13	15	17	18	19	20	21	23	45	68	
1584	12	21	22	24	26	57	
1585	22	23	25	91	
1586	82	86	87	88	89	90	92	95	
1587	7	8	78	80	81	82	84	85	87	89	94	
1588	6	10	11	13	15	16	80	81	83	83	85	
1589	18	51	52	54	55	58	83	85	87	89	91	93	
1590	51	52	54	82	83	85	86	87	88	90	91	95	
1591	58	79	80	82	83	83	85	86	91	94	
1592	58	58	82	
1593	58	59	
1607	6	8	10	13	13	17	18	
1608	5	6	10	11	12	13	14	15	16	17	18	19	21	24	55	56	57	
1609	17	20	21	22	25	47	48	52	53	53	54	55	57	59	68	
1610	23	44	46	49	50	51	54	55	83	88	89	93	
1611	49	85	
1613	17	19	29	43	
1614	8	9	12	15	17	18	20	22	25	29	
1615	11	13	14	15	17	19	21	22	45	69	
1616	12	20	21	22	23	23	
1617	5	21	22	23	25	51	59	88	91	92	
1618	16	52	87	89	91	94	97	
1619	77	81	82	83	84	85	86	87	88	90	93	94	98	102	
1620	80	81	82	83	85	89	93	
1621	9	11	14	79	80	84	89	
1622	17	52	57	81	87	87	95	
1623	52	55	81	82	85	87	88	90	
1624	78	78	80	81	82	83	85	87	88	90	94	
1625	79	81	84	91	
1626	80	
1627	54	
1636	30	
1639	27	
1640	9	
1641	9	10	12	14	16	20	58	68	71	
1642	4	7	12	15	16	18	18	19	20	21	23	25	55	56	58	60	
1643	21	22	23	24	33	38	46	50	50	51	53	54	55	
1644	48	50	53	81	82	84	85	87	89	90	
1645	43	
1646	13	13	16	20	26	69	
1647	6	8	11	14	17	18	18	19	21	23	28	45	68	
1648	10	12	14	15	16	17	19	20	21	25	44	
1649	23	24	25	26	
1650	25	51	52	53	59	87	88	89	91	98	
1651	53	54	82	83	84	85	86	89	92	95	
1652	77	80	81	83	83	85	87	88	91	93	
1653	79	79	81	86	
1654	78	80	84	91	
1655	7	78	87	98	
1656	79	82	85	90	95	
1657	81	82	83	85	88	92	95	98	
1658	79	81	83	94	
1659	88	88	
1660	96	
1670	27	
1674	9	11	14	17	19	
1675	7	9	10	12	13	13	15	16	17	18	19	21	24	56	57	69	
1676	12	15	17	18	19	20	21	22	23	24	27	46	47	51	52	53	54	59	
1677	22	43	46	48	48	49	51	55	59	92	
1678	45	46	79	81	83	83	85	
1679	11	14	17	18	45	
1680	9	11	12	15	17	19	20	44	70	
1681	11	13	14	15	18	20	21	22	23	25	27	57	
1682	22	24	25	52	55	56	92	
1683	23	51	54	83	86	88	89	90	91	95	
1684	54	80	81	82	84	86	87	89	93	
1685	79	80	81	84	85	89	
1686	78	80	
1687	81	84	
1688	85	
1689	96	
1690	82	88	89	
1691	29	29	30	79	85	89	
1692	92	
1693	32	
1706	13	
1707	8	17	
1708	9	11	12	13	14	15	17	18	67	
1709	8	12	15	16	16	17	19	20	21	23	52	55	56	57	59	
1710	17	18	20	21	22	25	43	47	48	53	55	59	
1711	33	40	43	44	46	47	49	63	83	
1712	10	13	42	46	69	
1713	11	15	18	18	19	21	28	45	65	70	
1714	20	22	23	24	26	58	73	85	
1715	22	23	24	52	54	87	88	89	91	93	97	
1716	53	82	83	85	86	88	88	90	91	94	98	
1717	55	78	80	81	82	84	85	87	89	92	96	
1718	78	79	81	83	83	86	91	94	
1719	78	81	86	90	
1720	98	
1727	20	
1732	66	
1734	85	
1741	10	14	
1742	8	9	10	11	12	14	15	15	16	18	19	22	
1743	8	13	15	16	16	17	17	17	19	19	20	22	23	25	53	55	56	61	68	
1744	18	21	22	25	51	54	58	62	
1745	44	49	
1746	10	24	49	65	
1747	25	52	59	91	
1748	50	52	53	87	89	90	91	94	97	
1749	55	77	81	82	83	84	85	86	90	
1750	79	80	81	83	84	86	91	
1751	79	81	84	87	
1752	78	
1754	94	
1763	12	12	12	
1765	102	
1769	57	
1775	10	12	15	16	26	
1776	5	8	9	10	11	12	13	13	14	14	15	18	18	20	22	23	
1777	12	16	17	19	20	21	24	26	27	91	
1778	22	88	91	93	
1779	53	87	92	
1780	52	54	86	87	88	89	91	92	96	
1781	51	53	55	82	85	86	87	88	89	91	94	
1782	54	80	81	82	83	84	86	89	90	96	
1783	78	78	79	81	85	88	
1784	78	80	83	100	
1808	9	
1809	10	12	13	
1810	6	8	9	10	12	13	14	15	24	
1811	13	17	25	25	82	83	86	87	89	90	92	94	96	
1812	81	82	83	84	85	86	87	87	89	89	91	92	95	98	
1813	55	82	82	85	86	87	87	88	89	90	92	94	96	
1814	54	81	82	83	84	85	85	86	89	96	
1815	79	80	81	82	83	84	86	90	98	
1816	79	80	82	84	89	94	
1817	83	86	
1819	79	
1821	93	
1843	11	13	
1844	9	14	83	
1845	79	80	81	84	86	91	
1846	78	79	79	80	81	82	83	85	89	
1847	78	79	81	82	83	84	87	89	91	
1848	78	79	80	82	83	85	89	95	
1849	79	82	84	
1850	81	87	
1853	90	
1855	8	73	
1863	54	
1876	99	
1879	79	83	91	
1880	79	81	83	
1881	80	84	88	
1882	79	86	86	89	
1890	69	
1896	56	
1901	75	
1905	59	
1906	9	
1909	90	
1914	81	100	
1916	81	
1922	92	
1925	8	
1930	22	
1946	90	
1947	21	
1951	47	
1967	65	
1981	93	
1986	64	
2000	38	50	
2010	59	
2022	86	
2042	1	
2058	51	
2077	31	
2078	31	
2081	16	
2084	8	
2100	81	
2104	87	
2121	11	
2123	3	
2128	51	
2130	84	
2150	20	
2151	8	
2153	13	
2157	8	
2177	15	
2178	18	
2188	22	
2213	23	
2215	8	
2219	8	
2229	22	
