47	4	
50	74	76	
160	93	
161	91	93	97	
192	56	
193	87	92	
194	10	82	86	87	89	90	91	92	97	
195	13	82	85	86	88	89	90	91	92	95	98	
196	17	83	86	88	88	90	91	92	94	98	
197	16	18	88	
225	57	59	
226	52	54	92	97	
227	54	81	83	85	86	88	89	90	91	95	
228	10	80	82	83	83	84	86	87	89	90	92	94	97	
229	10	13	80	81	82	83	84	86	87	89	90	94	98	
230	7	10	13	15	16	80	81	83	84	85	86	88	89	91	93	96	
231	16	17	20	81	83	85	86	88	89	91	93	97	99	
232	16	17	19	
245	46	
246	87	91	
247	87	88	89	91	92	97	
248	88	92	97	
258	57	59	
259	53	55	57	61	88	92	
260	52	54	55	82	85	86	87	89	91	92	95	
261	54	81	82	84	85	86	88	89	90	93	96	101	
262	53	80	81	84	85	87	88	98	
263	9	80	81	82	83	84	86	
264	1	4	7	9	11	12	13	14	17	80	81	83	84	85	100	
265	6	8	10	11	12	14	14	15	16	17	18	19	81	82	83	84	85	86	90	94	
266	16	17	17	19	20	21	24	
277	58	
278	56	57	
279	46	48	50	52	
280	81	84	87	88	91	93	98	
281	9	13	14	81	82	83	84	85	86	87	89	90	92	95	
282	12	15	81	83	85	86	87	89	91	93	94	97	
283	16	17	18	87	91	94	
284	17	
292	53	54	55	56	58	86	88	89	90	92	97	
293	51	53	54	55	57	58	82	85	86	87	88	89	90	91	93	94	97	
294	51	54	81	82	83	84	85	86	87	89	90	92	94	97	102	
295	80	81	82	83	84	85	90	94	
296	79	81	83	95	
297	9	38	82	
298	9	10	11	13	14	19	38	67	80	
299	1	6	8	10	11	12	13	13	14	15	15	16	17	17	18	19	20	71	81	85	
300	16	17	18	19	20	21	22	23	85	
311	58	
312	52	53	55	56	57	60	
313	46	47	48	49	50	51	52	54	55	59	63	
314	45	46	49	50	54	80	83	86	88	89	96	
315	6	9	11	14	79	80	82	84	85	88	98	
316	6	9	10	11	13	13	14	15	16	80	81	82	84	85	86	88	90	93	
317	7	12	15	16	16	17	19	81	83	84	86	89	92	93	99	
318	16	17	18	20	
324	53	57	59	
325	52	55	56	59	86	88	91	95	
326	52	53	82	84	85	86	87	89	91	93	94	
327	54	80	81	82	83	84	86	87	89	90	91	96	
328	79	81	82	84	85	87	89	
329	82	84	89	
330	38	67	
331	11	13	15	16	17	18	19	40	45	46	
332	7	10	12	13	14	15	16	17	18	18	19	19	20	24	26	45	46	69	
333	2	8	11	12	14	14	15	16	17	18	19	20	21	22	24	43	70	
334	3	19	20	21	22	23	25	
335	22	
345	56	57	
346	52	53	54	55	56	57	58	60	
347	46	47	49	49	50	51	51	52	53	54	55	56	58	
348	41	44	45	46	47	48	49	82	83	
349	8	13	47	79	82	84	89	94	
350	8	10	10	11	13	14	80	81	84	90	99	
351	7	11	12	13	14	15	16	16	18	19	80	82	83	85	89	98	
352	16	17	18	19	20	21	
353	23	
356	56	
357	56	
358	52	53	54	55	57	58	86	90	92	94	
359	51	54	57	59	63	81	83	85	86	87	89	90	91	93	93	97	
360	51	54	81	83	83	85	86	88	90	92	97	98	
361	80	81	82	84	85	89	
362	81	
363	14	17	41	
364	11	13	14	16	17	18	18	21	41	69	
365	8	9	11	12	14	15	16	16	17	18	18	19	20	21	22	24	42	69	
366	11	13	15	17	19	20	21	22	22	24	25	28	74	
367	2	5	13	15	21	22	23	24	25	
368	22	24	
380	52	54	55	55	56	57	57	59	60	62	
381	46	47	49	50	51	51	52	53	53	54	55	56	57	58	60	
382	44	45	46	47	48	49	50	51	54	56	
383	44	48	
384	5	8	9	10	12	14	15	
385	7	10	11	12	13	14	14	15	16	17	18	19	20	23	71	80	98	
386	13	16	16	17	18	19	20	21	22	25	98	
387	21	
389	56	
390	56	59	
391	52	54	56	58	87	91	92	95	
392	54	55	81	83	85	86	87	88	89	91	92	94	97	
393	54	80	81	82	84	85	87	88	90	92	97	
394	80	81	84	85	87	88	
395	99	
396	40	
397	9	11	12	14	16	19	25	70	
398	6	11	12	13	14	14	15	16	16	17	18	19	19	20	21	22	24	43	68	71	
399	15	18	19	20	21	22	23	24	25	26	
400	22	23	25	
414	52	55	56	57	58	58	60	
415	36	50	51	52	53	53	54	55	56	57	58	59	60	63	
416	34	44	45	46	47	48	48	49	50	51	52	54	
417	45	46	
418	5	6	8	9	10	12	14	96	
419	5	7	10	11	12	13	13	14	15	16	17	18	19	21	24	
420	3	16	17	17	19	20	21	22	23	26	
421	21	
423	56	58	
424	53	53	55	56	58	87	90	92	97	
425	51	52	54	81	83	84	85	86	88	88	90	91	92	96	
426	55	79	81	82	84	85	86	88	90	96	
427	79	80	81	83	83	89	
428	19	80	83	
429	37	41	88	
430	9	11	14	15	16	17	18	19	21	45	69	
431	5	7	9	10	11	12	14	14	15	16	17	18	19	20	21	27	44	72	
432	13	14	16	18	19	20	20	21	22	23	23	24	25	26	
433	22	22	
448	53	55	57	58	60	62	
449	46	48	50	51	52	52	53	54	55	55	56	57	59	61	
450	45	46	47	49	50	50	51	54	55	59	
451	45	48	
452	6	8	9	10	12	13	14	
453	4	7	10	11	12	12	13	14	15	15	16	16	18	19	20	24	70	
454	17	18	20	21	22	26	
455	23	
456	56	59	
457	52	53	54	57	58	86	88	90	92	96	
458	51	54	81	82	85	86	87	88	88	89	91	93	94	97	
459	53	66	80	82	83	84	85	86	87	89	90	96	
460	79	80	82	83	85	88	
461	80	
462	13	14	16	41	
463	10	12	13	14	15	16	17	18	19	24	26	71	
464	5	8	11	12	13	14	15	16	16	17	18	19	19	20	21	22	24	44	69	
465	15	18	19	20	21	21	23	24	25	
466	22	23	24	
482	52	56	57	57	59	
483	36	47	50	51	51	52	52	53	54	55	56	56	58	58	60	62	
484	43	45	46	47	48	48	49	50	51	51	53	53	55	
485	45	46	49	
486	6	8	10	12	14	15	101	
487	5	6	10	11	12	13	14	14	15	16	17	19	
488	3	17	18	20	21	23	92	
489	56	87	90	92	
490	55	56	86	87	89	90	92	93	97	
491	52	53	55	81	82	84	85	86	87	89	91	93	94	99	
492	54	81	82	83	83	84	85	86	89	90	92	97	
493	37	79	81	82	84	90	93	
494	82	98	
495	17	18	27	41	
496	8	9	11	13	16	17	19	19	21	24	27	43	45	70	
497	5	6	8	9	11	12	14	14	15	16	17	18	18	19	20	21	23	26	48	69	
498	13	17	18	20	21	22	22	24	25	
499	22	23	24	
516	53	57	58	58	61	
517	47	49	50	51	52	52	54	55	56	57	59	61	
518	45	46	47	48	49	49	50	51	52	53	54	
519	44	46	49	
520	8	10	13	
521	7	10	12	12	14	15	16	18	24	84	92	98	100	
522	81	85	87	88	89	91	95	
523	52	54	82	83	85	86	87	89	90	91	95	98	
524	52	53	81	82	83	84	85	86	87	88	88	89	91	94	97	
525	79	80	81	83	83	84	85	87	89	90	98	
526	80	81	84	86	89	
527	47	86	90	
528	11	14	16	42	43	46	
529	8	8	11	12	14	15	16	17	18	18	19	68	
530	11	13	13	14	15	16	17	18	19	20	20	21	23	25	26	43	
531	15	18	20	21	22	23	23	24	27	
532	21	22	25	
535	28	
536	26	26	
550	53	55	56	57	59	61	
551	33	48	50	51	52	52	54	54	55	56	57	57	58	59	61	
552	42	45	46	47	48	48	49	50	51	53	53	55	
553	44	46	47	48	50	
554	10	52	
555	7	10	12	15	55	85	90	
556	3	81	82	83	85	86	88	88	89	91	93	98	98	
557	55	80	81	82	84	85	86	88	90	91	93	99	
558	80	81	82	84	85	90	93	
559	79	80	
560	14	
561	9	14	16	69	
562	9	11	13	14	15	16	17	18	18	19	20	21	23	26	41	44	47	70	
563	10	12	13	14	15	17	19	19	20	21	22	24	28	45	75	
564	18	20	21	22	23	24	27	
565	22	23	25	
584	55	56	57	
585	38	51	52	52	53	53	54	55	55	56	56	57	57	58	59	60	62	
586	45	46	47	47	48	49	50	50	51	51	52	53	54	54	55	56	58	60	
587	42	44	45	46	46	47	49	49	
588	45	48	
589	46	83	
590	80	81	84	
591	79	80	81	83	88	89	
592	18	81	84	86	
593	15	41	84	
594	10	14	17	20	41	46	67	
595	6	8	9	11	12	12	13	14	15	16	17	18	18	19	20	23	71	
596	14	15	16	17	18	18	19	20	20	21	23	24	27	70	
597	21	22	23	24	25	
598	23	
619	53	55	55	56	56	57	58	59	60	62	
620	45	47	49	50	51	52	52	54	54	55	56	56	57	59	62	
621	42	45	46	46	47	48	48	49	49	50	51	52	54	56	60	
622	44	45	48	50	
623	48	80	
624	49	100	
625	14	
626	15	69	
627	8	11	14	16	43	
628	9	11	12	13	14	15	16	17	17	18	19	19	20	40	44	68	71	
629	12	14	15	16	17	18	18	19	20	20	22	23	24	25	26	
630	21	22	23	24	
631	22	25	
652	90	
653	57	58	62	
654	33	51	52	52	53	54	55	56	57	57	58	59	61	
655	40	45	47	48	49	50	50	51	52	53	54	55	56	57	58	59	
656	38	41	43	44	45	45	46	46	47	48	49	50	52	54	72	
657	28	44	46	50	
658	42	67	
659	11	18	40	
660	9	13	14	16	17	18	19	40	45	47	71	
661	8	9	10	12	13	13	14	14	15	16	17	17	19	20	20	22	25	27	40	44	46	69	
662	12	14	15	17	18	19	20	20	21	22	23	24	25	27	
663	3	20	21	22	23	24	
664	23	
688	52	55	56	57	59	61	
689	35	48	50	51	52	52	53	54	55	56	56	57	58	58	60	
690	31	42	44	45	46	47	48	49	49	50	51	52	53	55	56	60	68	69	
691	41	44	45	45	46	47	48	49	49	51	
692	40	43	44	46	46	48	48	51	67	71	
693	8	10	11	13	13	14	15	17	18	19	20	42	44	71	
694	7	10	12	14	15	16	17	17	18	19	20	21	23	23	24	73	
695	4	13	14	17	20	21	22	22	23	24	25	26	
696	22	23	25	
723	33	51	53	55	57	58	60	
724	35	51	52	52	54	55	55	57	58	58	59	61	63	
725	25	42	45	47	49	50	50	51	54	56	61	67	
726	8	12	14	23	24	25	27	28	44	45	48	48	49	
727	10	12	13	14	15	15	16	19	19	21	24	25	43	45	69	
728	13	17	19	21	22	23	23	24	
729	22	
758	59	
760	13	65	
761	5	23	24	25	
762	24	
1166	32	
1169	7	
1170	68	
1186	100	
1190	79	
1198	20	
1211	40	
1229	23	
1230	58	
1231	20	34	
1235	19	
1237	66	
1240	79	82	
1241	72	
1246	9	
1250	46	
1276	85	
1278	10	
1281	36	
1283	47	
1289	11	
1301	53	
1305	28	
1312	9	
1313	21	28	
1315	24	
1316	43	45	46	52	
1317	46	48	49	56	71	
1318	43	46	48	
1319	30	44	
1320	48	
1329	19	
1343	26	
1348	18	21	
1349	15	16	18	18	23	37	
1350	16	17	19	20	24	27	29	43	44	46	48	49	52	57	60	
1351	18	20	21	23	33	42	45	46	47	48	49	51	56	57	58	69	
1352	38	44	46	47	49	51	55	63	
1353	45	46	48	
1354	50	68	
1368	40	47	
1370	48	
1371	49	83	
1373	42	
1380	21	
1381	43	
1382	10	12	13	16	18	20	26	29	40	
1383	6	12	15	16	17	18	18	19	20	22	23	42	69	
1384	17	19	19	20	21	24	28	51	57	59	62	71	
1385	20	21	22	24	33	44	48	49	51	52	53	55	56	57	58	58	59	61	
1386	23	24	42	43	45	46	47	48	49	50	51	53	54	55	56	57	63	69	
1387	5	44	45	46	47	48	49	51	
1388	44	48	49	58	
1400	15	
1401	20	37	43	
1402	17	19	22	27	43	56	67	
1403	20	41	45	46	48	49	51	54	56	58	
1404	28	40	44	47	50	
1405	47	
1406	46	
1414	17	19	45	
1415	9	12	13	15	16	17	19	39	43	
1416	9	11	14	15	16	17	17	18	19	21	22	40	69	
1417	11	13	14	15	16	17	19	20	21	22	24	25	
1418	18	21	22	23	24	
1419	22	24	52	53	55	56	58	59	61	
1420	50	51	52	52	53	55	56	57	59	60	61	
1421	44	45	47	49	50	51	52	53	53	54	60	63	
1422	44	48	50	55	
1423	59	
1429	50	
1434	9	13	
1435	10	14	15	16	18	18	23	
1436	16	17	19	20	23	56	57	58	59	62	70	
1437	17	18	20	22	24	30	42	45	47	50	51	52	54	56	58	60	66	72	
1438	22	42	44	45	46	47	48	48	49	51	52	57	
1439	44	46	47	49	54	
1440	49	
1444	20	
1447	14	17	
1448	10	14	16	17	19	21	25	40	44	46	
1449	10	12	14	15	16	17	19	20	24	26	43	71	
1450	7	11	12	14	15	17	18	19	20	21	22	24	
1451	20	21	22	23	23	25	
1452	22	
1453	56	57	57	60	
1454	51	51	52	53	54	55	55	56	57	59	
1455	50	51	53	53	55	91	93	
1456	50	61	
1463	62	
1466	21	
1468	10	
1469	8	10	11	13	14	15	16	19	21	25	
1470	12	14	15	16	16	17	18	18	19	20	21	24	57	70	
1471	17	20	21	22	24	26	51	52	54	55	56	57	59	60	
1472	23	37	43	45	46	47	48	49	50	51	52	53	54	56	59	
1473	45	46	47	48	49	49	51	55	56	
1474	40	45	49	65	
1477	19	55	
1478	20	
1479	19	
1480	15	19	
1481	9	12	13	15	17	18	20	24	
1482	11	13	15	16	17	18	19	20	21	25	69	
1483	11	14	15	17	20	21	23	24	45	
1484	20	22	23	23	25	
1486	56	60	
1487	52	55	56	61	88	92	
1488	52	54	55	59	83	85	86	87	89	90	92	94	96	
1489	50	54	55	63	82	83	85	86	87	88	90	91	96	99	
1490	54	
1491	89	
1502	9	14	
1503	7	9	10	11	12	13	13	14	15	17	18	25	
1504	2	5	7	11	12	16	17	18	19	21	23	25	93	
1505	17	18	21	22	53	56	56	57	58	60	61	
1506	48	50	51	51	52	54	54	55	57	58	
1507	45	47	48	49	49	50	51	52	53	56	
1508	45	47	49	52	53	
1511	17	
1513	17	19	
1514	11	13	15	16	17	19	20	24	26	41	44	71	
1515	8	10	12	13	14	15	16	18	18	19	20	21	22	24	26	59	70	
1516	8	12	15	15	17	19	20	21	22	24	25	73	
1517	21	23	23	25	
1518	56	
1519	57	59	
1520	52	54	59	91	92	
1521	52	54	55	59	82	85	86	87	88	89	90	91	93	93	95	
1522	54	82	83	84	85	86	88	88	89	92	94	
1523	78	79	81	83	84	86	89	93	
1524	22	82	83	91	
1525	7	
1526	59	
1527	74	
1536	10	14	
1537	4	7	9	10	11	12	13	14	15	18	
1538	7	11	12	14	15	16	17	18	19	21	
1539	16	17	17	19	19	20	21	53	57	60	61	
1540	51	52	52	54	54	55	56	58	59	60	
1541	45	46	47	48	49	50	52	53	54	60	64	
1542	44	48	49	51	
1545	19	99	
1546	13	19	44	
1547	7	9	11	13	15	16	18	19	21	24	26	40	45	
1548	8	11	14	15	16	16	17	18	19	20	20	21	23	26	72	
1549	11	12	14	15	18	19	20	21	22	24	44	
1550	21	22	24	25	
1551	57	
1552	56	59	
1553	51	52	53	54	55	57	58	62	88	91	93	
1554	51	54	82	85	86	87	88	88	89	90	92	94	97	
1555	53	79	80	81	83	83	84	85	87	89	99	
1556	79	80	82	84	85	88	
1557	80	
1558	81	
1561	10	
1570	5	9	18	
1571	5	9	11	13	13	15	21	
1572	5	8	10	11	12	13	14	15	16	17	19	21	21	81	86	92	
1573	16	17	18	19	19	21	22	24	56	56	57	58	60	62	
1574	48	50	51	52	52	53	54	55	57	59	
1575	44	45	46	47	49	50	50	52	53	54	
1576	44	49	50	55	
1577	44	54	61	
1578	16	
1579	12	13	16	20	42	
1580	4	11	13	15	16	18	19	20	
1581	8	10	12	14	15	16	17	18	19	20	21	22	23	26	73	
1582	8	13	14	18	18	19	20	21	22	24	
1583	21	23	23	25	83	
1584	56	
1585	57	
1586	51	52	55	63	88	90	92	96	
1587	52	53	54	58	82	83	85	86	87	88	88	89	91	93	95	98	99	
1588	54	79	80	82	83	83	84	85	87	90	95	
1589	81	85	91	
1590	84	
1591	82	86	
1593	85	
1600	46	
1604	9	
1605	5	9	11	13	13	15	19	53	
1606	5	7	9	11	11	12	14	14	15	16	17	18	21	98	
1607	16	17	18	19	20	21	23	23	26	53	56	57	59	61	
1608	48	51	51	52	53	54	54	55	56	57	58	59	60	
1609	42	45	46	47	48	49	50	50	51	53	54	
1610	45	46	50	
1611	44	66	
1612	10	16	18	19	25	41	
1613	10	12	13	14	16	17	19	20	25	40	47	71	
1614	5	6	10	12	13	14	15	16	17	18	18	19	20	21	23	24	25	27	44	
1615	7	15	20	21	22	24	28	
1616	22	23	24	
1617	23	57	
1618	52	56	59	
1619	50	51	52	54	55	
1620	51	53	55	81	83	84	85	86	88	89	90	92	93	96	
1621	53	60	79	80	81	82	84	85	87	89	91	
1622	78	80	82	84	91	
1623	84	
1625	58	
1630	75	
1638	9	75	
1639	5	9	10	12	13	15	19	
1640	4	7	9	11	12	13	14	15	16	17	19	21	
1641	16	17	18	18	19	21	22	24	57	58	60	62	
1642	22	48	51	52	53	54	54	55	57	58	59	60	
1643	42	45	45	46	47	49	50	50	51	54	55	59	64	
1644	38	45	47	48	50	
1645	9	19	43	49	49	67	
1646	10	13	13	14	16	17	18	19	20	22	25	27	40	44	46	
1647	4	6	9	12	13	15	16	17	18	19	20	21	22	23	25	27	70	
1648	15	17	20	21	22	24	
1649	23	25	
1650	57	
1651	57	
1652	52	53	53	54	55	59	88	92	97	
1653	51	53	55	58	63	81	82	85	86	87	88	89	90	91	92	93	95	99	
1654	53	79	80	81	82	84	85	86	91	94	
1655	78	80	82	84	
1656	81	89	
1657	103	
1661	18	
1666	76	
1671	19	
1672	12	15	
1673	4	7	8	10	11	14	15	18	21	
1674	4	6	10	11	12	13	14	14	15	16	17	18	19	20	22	23	26	
1675	17	17	19	19	20	21	24	35	56	57	61	
1676	22	51	52	53	54	55	56	57	58	60	
1677	33	34	43	45	47	48	49	50	51	54	
1678	38	45	46	49	51	64	
1679	8	12	13	15	17	20	24	42	43	45	49	69	
1680	11	12	14	16	18	18	19	21	22	24	69	75	
1681	8	12	20	21	23	24	25	
1682	4	25	
1683	57	
1684	52	56	
1685	52	54	55	87	88	89	90	92	95	
1686	54	55	58	81	82	83	84	85	86	87	89	90	92	93	95	97	
1687	53	79	80	81	82	83	84	85	86	88	91	95	99	
1688	80	83	84	88	
1689	29	
1703	34	
1705	9	
1706	18	
1707	4	8	8	10	11	14	15	18	
1708	6	10	11	12	13	14	15	16	17	18	21	28	
1709	16	16	17	18	20	21	24	
1710	18	22	54	60	
1711	32	50	65	
1712	9	14	24	45	50	64	
1713	4	9	15	21	24	45	
1714	21	23	24	
1715	23	
1716	57	
1717	52	55	57	93	
1718	52	53	54	83	85	86	86	87	89	90	91	92	94	96	
1719	54	56	81	82	83	84	85	86	87	89	90	91	93	97	99	
1720	54	79	80	81	83	84	85	86	89	
1721	79	80	83	84	87	88	
1722	89	
1723	99	
1726	94	
1727	21	21	22	
1739	50	
1740	14	
1741	8	10	13	15	23	
1742	6	9	10	11	12	13	14	15	17	19	42	86	90	95	98	
1743	15	16	17	18	19	21	81	85	87	89	90	92	96	101	
1744	17	17	20	22	48	
1747	25	
1749	56	58	61	
1750	52	55	56	60	
1751	50	51	53	55	86	88	89	90	92	96	99	
1752	53	58	80	81	81	83	83	84	85	86	88	89	94	98	
1753	79	80	81	83	84	85	86	89	95	
1754	81	85	94	
1755	81	
1758	90	
1774	85	
1775	5	11	21	
1776	6	8	10	11	13	14	15	21	31	32	83	
1777	3	6	10	11	12	13	14	15	15	16	18	19	80	81	83	85	87	89	91	96	101	
1778	16	17	18	18	19	21	91	
1779	23	
1783	52	56	60	92	
1784	53	53	54	56	62	82	85	86	87	89	90	91	93	93	95	98	
1785	55	80	81	82	83	83	84	86	87	89	90	90	91	94	100	
1786	81	84	88	89	94	100	
1787	80	
1788	82	86	92	103	
1801	85	
1803	72	
1809	8	14	31	
1810	8	10	14	
1811	1	8	10	11	11	12	14	15	15	17	18	24	81	83	83	87	90	97	
1812	12	13	15	16	18	19	21	80	82	84	86	87	88	90	91	93	94	97	
1813	22	93	
1815	57	
1816	53	54	55	56	61	87	88	90	92	96	
1817	51	54	82	83	84	86	86	87	88	88	89	90	91	93	94	96	
1818	53	58	80	81	83	83	84	85	86	87	88	89	93	
1819	78	79	81	83	84	85	89	95	
1820	83	83	87	
1821	90	
1823	4	17	
1838	99	
1840	28	
1844	8	14	
1845	5	8	10	11	13	14	81	85	96	
1846	7	10	11	12	12	13	14	15	16	18	80	81	82	84	85	87	88	90	92	97	
1847	16	20	85	86	87	88	90	90	91	92	95	97	
1848	17	53	56	91	92	93	97	
1849	51	53	54	56	87	90	92	96	
1850	52	54	81	82	84	85	86	88	89	90	92	93	96	100	
1851	55	81	82	83	84	85	86	89	100	
1852	78	80	82	84	86	89	102	
1853	82	88	
1856	20	85	
1860	33	
1867	82	
1872	55	
1876	11	
1879	5	11	16	93	
1880	6	10	13	17	80	81	84	86	90	98	
1881	8	11	13	14	80	81	82	84	85	86	88	90	92	93	95	100	
1882	52	55	81	82	85	85	86	87	88	89	90	92	94	96	
1883	53	81	82	83	85	86	87	88	89	90	91	93	94	97	101	
1884	54	79	80	81	83	83	84	85	88	89	92	
1885	79	80	82	84	86	98	
1886	54	85	93	
1887	101	
1905	27	61	
1911	85	
1914	81	86	
1915	5	79	81	84	88	92	
1916	79	80	81	83	84	85	89	90	94	98	
1917	80	82	84	85	88	89	92	
1918	80	82	87	
1935	87	
1950	81	85	89	
1951	79	83	83	86	98	
1952	63	
1954	90	
1976	50	56	
1978	86	
1980	56	
1981	87	
1982	81	
1986	89	
1991	7	
2008	99	
2013	44	
2014	98	
2016	90	
2027	84	
2046	70	
2074	77	
2077	97	
2079	49	
2085	7	
2087	34	
2104	80	
2109	49	
2143	14	
2144	24	
2154	14	
2181	96	
2189	88	
2203	29	
2205	26	
2211	98	
