109	57	
110	36	
112	9	87	92	96	
113	18	86	93	95	
114	17	
143	58	
144	52	56	60	
145	47	50	51	54	
146	8	10	49	83	84	86	90	92	94	97	
147	11	12	13	15	16	19	84	86	88	
148	16	17	19	21	
152	91	
177	57	
178	51	52	54	55	56	57	58	61	
179	46	47	49	50	51	53	
180	5	6	9	10	49	86	90	96	
181	7	10	12	13	15	16	19	84	87	
182	16	17	18	20	22	22	
211	57	
212	52	52	55	56	58	60	
213	46	47	49	50	51	53	54	96	
214	7	9	11	14	48	86	90	92	95	
215	8	12	13	14	15	16	19	
216	16	17	18	20	22	24	
245	57	58	61	
246	34	51	52	52	54	55	55	56	56	59	61	
247	45	47	48	49	50	51	53	54	92	
248	9	10	14	44	90	
249	2	5	6	8	11	12	13	14	15	15	16	17	18	19	24	71	89	
250	17	18	20	21	22	26	
254	105	
279	56	57	
280	51	51	52	53	54	54	55	58	60	
281	46	48	48	49	50	54	92	97	99	
282	5	8	11	13	14	88	92	
283	6	10	12	12	14	15	16	17	18	19	24	
284	17	18	20	21	22	23	
313	56	57	58	59	
314	47	51	51	52	53	54	55	61	
315	8	47	49	50	53	90	95	
316	5	8	9	11	12	13	14	
317	11	13	15	15	16	17	17	18	19	20	23	27	
318	17	21	22	
346	58	
347	52	53	55	56	57	61	
348	48	50	51	52	55	58	
349	10	13	31	45	46	49	50	84	88	94	
350	4	7	8	10	11	12	13	14	15	
351	12	15	16	17	18	19	20	21	23	
352	17	20	22	
381	52	55	56	57	59	61	
382	46	48	49	50	51	52	53	54	55	58	
383	10	14	32	45	46	48	49	83	91	93	
384	5	7	9	10	11	12	13	14	15	18	
385	15	16	17	18	20	20	24	
386	22	
398	91	93	97	
399	92	93	96	
400	92	97	
401	92	93	
402	16	91	93	
415	55	56	56	57	59	61	
416	47	50	51	52	53	53	54	55	58	
417	8	46	48	49	92	96	
418	5	7	9	10	11	12	14	15	18	
419	2	13	16	17	17	18	19	20	25	
420	22	
426	92	
427	92	97	
428	93	98	
429	91	93	95	
430	90	92	93	93	95	100	
431	83	86	87	89	91	92	93	95	97	99	
432	82	86	87	88	88	89	90	91	92	94	95	97	100	
433	9	85	86	87	89	90	91	92	93	94	96	99	
434	11	16	82	86	87	89	90	91	92	93	95	97	101	
435	8	12	13	16	86	87	88	88	90	91	92	94	96	98	
436	11	14	17	19	86	87	88	90	91	95	99	
437	16	17	20	
448	58	
449	36	51	53	55	56	56	59	62	
450	46	47	49	50	51	52	53	54	55	
451	9	48	49	91	95	
452	5	6	8	10	11	12	13	13	14	15	15	16	19	
453	15	17	17	18	19	20	21	22	24	
458	91	93	95	97	
459	87	88	90	91	92	94	95	97	99	
460	85	87	88	89	91	92	93	94	95	98	98	
461	83	86	86	87	88	90	91	92	94	95	97	101	
462	87	88	88	90	93	94	95	97	101	
463	39	82	85	86	87	89	90	91	92	93	94	96	97	98	102	
464	37	40	47	84	85	86	87	88	90	91	92	94	96	99	
465	16	38	40	43	47	56	81	82	83	84	85	86	88	89	90	92	94	102	
466	18	36	41	46	48	56	66	69	81	82	84	85	86	87	89	90	95	101	
467	8	18	18	20	27	39	42	43	45	46	47	50	82	82	84	85	86	86	88	89	102	103	
468	11	18	40	44	48	66	68	81	82	83	84	85	86	87	88	89	91	93	
469	9	11	14	16	18	19	21	41	44	46	68	70	82	84	85	86	87	89	90	100	
470	6	8	10	12	13	14	14	15	16	17	18	19	20	21	44	82	83	83	84	86	89	93	99	104	
471	13	17	18	19	20	21	23	26	93	
482	57	
483	51	52	52	53	54	55	56	56	57	58	59	61	
484	46	47	48	49	50	50	51	52	54	54	
485	9	10	13	44	45	47	49	86	89	92	95	
486	6	8	10	11	12	14	15	15	18	19	
487	2	17	17	20	21	22	23	
490	55	87	90	91	93	96	
491	87	90	92	94	96	98	
492	84	86	87	87	89	90	91	92	94	96	100	
493	42	46	82	84	85	86	87	89	90	91	92	93	95	97	100	
494	16	38	38	46	56	66	82	83	83	84	85	86	87	89	90	91	94	97	100	105	
495	18	18	42	43	46	82	83	83	84	85	86	87	88	89	90	91	93	100	
496	19	40	46	47	48	82	83	84	85	86	87	89	90	91	94	99	103	
497	16	17	19	39	43	43	46	50	63	68	68	81	82	83	83	84	85	87	88	89	94	101	
498	15	16	17	18	19	20	21	41	45	46	49	61	82	83	85	86	89	
499	11	18	19	19	20	21	43	44	45	46	48	48	50	57	58	60	65	67	70	82	84	88	
500	15	18	19	20	20	21	22	24	36	36	37	43	44	45	48	50	53	55	56	59	61	63	82	84	
501	17	20	21	22	23	23	42	44	47	49	50	56	58	61	84	89	
502	2	12	14	18	19	21	22	25	42	44	45	48	49	52	62	66	83	84	103	
503	5	6	12	15	17	19	20	21	23	24	26	44	50	83	84	
504	7	10	12	14	19	21	22	23	24	26	43	84	
505	1	20	21	23	23	
516	57	58	
517	51	52	53	55	56	59	61	
518	47	48	50	50	51	52	53	54	
519	8	9	11	45	48	50	92	
520	1	4	7	8	10	11	12	13	13	14	15	15	16	
521	18	22	
522	62	92	97	
523	52	55	63	87	88	90	91	92	94	95	99	
524	85	86	87	88	89	91	91	94	96	100	
525	18	42	82	83	84	85	86	87	88	89	90	92	93	95	99	103	
526	16	17	18	20	42	44	59	68	82	83	83	84	85	86	89	90	93	100	
527	16	17	19	19	21	27	41	44	45	47	49	50	54	57	58	61	65	68	69	81	82	83	84	85	87	88	
528	18	18	19	20	21	26	42	43	44	45	47	49	50	57	58	60	66	81	82	84	85	
529	19	20	21	23	26	39	44	44	45	47	48	49	51	54	57	59	65	67	81	82	83	85	
530	12	15	18	19	20	21	24	44	45	47	48	49	50	65	82	84	
531	10	13	13	15	18	19	20	21	22	23	23	27	43	44	65	69	84	
532	14	19	20	21	22	23	25	44	49	61	65	68	83	
533	21	22	23	25	
534	21	22	23	24	63	
535	22	23	25	64	
536	24	
537	22	24	
538	4	23	
541	92	92	93	
550	57	
551	35	51	52	53	54	55	55	56	56	57	57	58	59	61	
552	45	46	47	48	49	50	50	51	54	54	96	
553	8	11	42	44	45	46	47	48	49	
554	3	5	11	12	14	48	90	95	
555	85	86	87	89	90	91	92	93	94	96	98	99	
556	16	42	46	55	82	86	87	88	89	90	92	93	93	95	100	
557	16	41	51	67	82	84	85	87	88	89	90	92	94	99	
558	16	19	42	43	45	47	48	64	66	81	82	83	84	86	88	89	93	98	
559	10	12	13	15	17	18	18	19	20	26	42	44	45	46	64	67	69	81	82	84	88	
560	7	12	14	15	16	18	19	20	20	22	24	44	45	48	84	
561	19	20	21	22	23	25	45	50	
562	21	22	23	24	52	55	61	
563	20	22	23	24	45	
564	24	25	45	64	
565	23	23	25	
566	25	
570	24	
571	19	19	20	
584	57	
585	35	52	52	53	55	55	56	56	57	57	58	60	61	
586	47	48	50	50	51	52	53	53	54	55	55	56	57	58	59	62	
587	26	29	39	42	44	45	46	47	49	49	50	56	67	
588	5	10	18	41	43	44	46	48	48	49	57	84	88	
589	12	14	16	19	20	26	38	41	43	44	47	49	57	60	67	68	82	83	84	85	88	90	
590	17	18	19	19	20	22	43	43	45	48	48	50	56	65	71	81	82	83	84	85	88	89	98	
591	13	14	17	18	19	20	21	28	43	44	45	49	64	67	71	81	83	84	
592	12	13	15	19	20	21	22	23	25	45	48	84	
593	5	15	20	21	22	24	26	
594	22	23	24	25	
595	22	23	23	25	
619	57	61	
620	32	51	52	54	55	59	61	
621	43	45	48	50	51	58	67	
622	5	15	23	26	44	49	61	65	
623	15	19	21	24	25	26	45	83	
624	15	20	21	22	24	24	45	50	65	
625	21	23	24	24	
626	21	22	24	25	
627	22	
660	96	
753	3	
1157	63	
1175	6	
1184	63	
1198	37	
1203	67	
1205	67	
1207	38	
1226	99	
1233	17	
1234	45	48	
1235	43	46	48	
1236	51	
1240	59	
1244	20	
1251	61	
1265	34	
1266	13	
1267	17	18	
1268	17	20	45	48	56	59	
1269	22	46	47	49	
1270	46	55	
1274	11	
1282	40	
1284	11	
1289	5	
1293	22	
1300	10	14	
1301	11	15	16	18	57	61	
1302	16	17	20	21	24	51	54	56	58	
1303	22	46	48	49	51	53	
1304	50	
1309	37	
1311	26	
1312	56	
1320	21	
1322	104	
1333	15	22	
1334	10	14	25	
1335	8	11	12	14	15	16	17	19	56	57	62	
1336	18	19	20	22	23	25	50	51	53	55	57	59	
1337	46	48	49	50	51	
1338	46	51	
1339	83	
1341	75	
1343	20	
1353	8	
1363	4	
1365	34	
1367	15	17	
1368	9	
1369	7	10	11	12	14	15	16	19	56	57	58	61	
1370	16	17	18	18	19	20	21	51	52	53	54	55	56	57	
1371	23	45	46	47	48	49	50	54	64	
1393	90	
1396	95	
1400	27	
1401	32	
1402	9	14	
1403	7	10	11	12	14	15	16	17	19	56	56	57	59	61	
1404	16	17	17	19	20	22	24	51	52	55	58	
1405	44	47	48	49	51	54	
1406	51	60	
1413	26	
1425	102	
1429	39	
1430	3	
1433	22	
1435	16	
1436	9	13	14	15	19	
1437	5	7	12	15	16	18	19	56	57	61	
1438	17	19	20	21	25	48	52	53	53	54	55	56	58	
1439	45	46	49	50	54	96	
1440	49	54	
1444	69	
1448	68	
1452	20	
1457	70	
1463	41	
1470	8	10	12	13	14	16	18	23	
1471	5	11	12	14	15	16	17	19	20	25	57	59	
1472	18	20	21	22	25	46	47	51	52	53	54	57	
1473	48	49	50	53	81	92	97	
1479	28	
1482	61	
1485	47	
1487	27	
1488	49	
1490	8	
1491	23	
1494	75	
1496	1	
1498	34	
1503	12	15	
1504	4	7	9	10	12	14	15	16	18	58	
1505	5	13	15	16	17	19	20	22	52	55	57	59	
1506	21	23	46	48	50	51	53	54	
1507	44	46	49	51	53	89	
1508	55	
1513	68	
1514	64	
1515	61	
1518	28	66	
1519	42	47	57	
1520	21	42	46	73	
1521	47	67	
1522	41	43	46	
1523	39	46	50	
1526	8	49	57	
1537	9	14	
1538	1	4	9	10	12	13	14	16	19	
1539	12	15	16	17	19	21	24	52	53	54	55	56	58	59	61	
1540	18	22	46	48	50	51	53	54	62	
1541	50	86	88	98	
1542	48	
1545	67	
1547	39	46	
1548	20	29	40	
1549	49	
1550	60	68	80	
1551	16	27	45	47	
1552	13	17	18	26	41	44	47	
1553	7	16	18	20	42	44	48	56	60	68	
1554	21	23	42	44	46	47	50	55	56	58	58	66	69	
1555	20	23	24	28	40	43	45	46	48	49	51	54	56	61	
1556	20	23	28	37	42	44	47	49	54	56	58	59	
1557	43	44	47	48	50	54	56	68	
1558	45	46	47	48	50	58	68	
1572	5	8	9	11	12	13	14	16	58	
1573	12	15	16	16	18	19	19	21	52	53	55	56	59	61	
1574	18	21	23	46	47	49	50	51	52	54	
1575	45	48	50	
1576	49	
1577	30	
1578	78	81	97	
1579	19	27	48	
1580	19	42	46	48	
1581	16	19	23	42	48	51	56	62	64	68	72	
1582	19	22	39	44	46	57	60	68	
1583	17	19	21	40	43	45	46	47	48	68	
1584	14	16	19	21	27	41	43	45	47	50	61	
1585	19	20	27	42	44	47	49	60	66	69	
1586	12	15	16	17	18	20	21	26	44	46	66	
1587	12	16	19	20	22	24	43	45	48	61	63	
1588	18	18	19	21	22	24	26	44	49	52	54	60	69	
1589	20	21	23	23	25	26	44	49	51	54	56	58	61	64	
1590	21	24	44	45	48	49	50	52	54	56	57	58	60	73	
1591	20	22	25	27	44	45	49	50	52	54	56	57	58	61	
1592	19	23	45	47	48	49	50	51	53	60	
1593	8	45	48	50	
1595	14	
1596	68	
1597	88	
1604	39	
1605	9	13	
1606	4	6	10	11	12	14	15	17	18	56	57	58	
1607	13	16	17	18	19	20	21	24	51	52	53	54	55	55	57	59	
1608	21	23	46	47	49	50	50	52	54	62	
1609	49	50	57	91	
1610	55	96	
1611	24	
1612	14	17	46	
1613	15	18	19	29	40	43	68	
1614	15	16	17	19	20	22	23	43	44	47	
1615	18	19	20	21	24	26	45	63	69	
1616	18	20	21	22	23	27	43	43	45	47	48	51	53	56	61	70	
1617	13	19	20	22	24	44	47	49	55	56	59	67	69	
1618	19	20	22	24	45	49	62	65	
1619	14	20	21	22	25	26	45	51	68	
1620	21	23	23	26	
1621	21	22	24	25	
1622	24	
1624	25	55	58	
1625	52	52	53	53	54	55	56	60	
1626	50	50	52	53	53	54	55	58	
1627	50	59	
1634	41	
1636	38	
1637	97	
1639	5	10	14	
1640	6	8	10	11	12	13	14	15	16	21	56	57	
1641	13	16	16	17	18	19	20	23	23	25	35	52	52	54	55	55	56	57	58	60	
1642	22	46	47	49	50	51	52	53	55	59	
1643	29	44	46	48	67	93	
1644	42	44	
1645	12	14	17	18	21	24	39	47	48	
1646	9	15	17	19	20	21	26	43	43	
1647	10	13	13	15	16	18	18	19	21	22	25	27	45	48	70	
1648	15	17	20	21	22	23	25	44	
1649	21	24	27	
1650	23	23	24	
1651	23	25	
1652	23	25	
1654	92	93	
1655	88	91	92	93	95	96	98	
1656	88	91	92	92	95	96	98	100	
1657	86	87	88	91	92	93	94	96	102	
1658	88	90	91	92	95	96	
1659	88	91	92	93	93	94	96	101	
1660	54	87	88	90	91	92	95	
1664	74	
1670	38	
1673	9	14	
1674	7	10	10	11	12	13	14	15	16	18	18	20	56	57	
1675	3	13	17	17	18	19	21	24	35	36	51	52	53	54	55	56	57	58	60	
1676	18	22	43	45	46	47	48	49	50	51	55	
1677	14	41	44	46	47	49	56	66	
1678	10	14	18	20	28	44	47	64	
1679	12	14	15	17	19	20	24	44	
1680	6	10	13	14	15	18	20	21	22	24	45	
1681	21	22	23	25	
1682	24	25	
1683	92	93	96	
1684	92	93	95	96	98	
1685	88	91	91	92	93	95	96	
1686	92	93	96	97	
1687	87	87	90	91	92	93	94	95	97	
1688	86	87	88	90	92	93	95	98	99	
1689	83	85	86	87	88	89	90	92	94	101	
1690	82	83	84	85	85	86	87	88	89	91	94	97	
1691	29	29	29	30	81	82	84	85	86	88	89	90	94	96	99	
1692	82	84	85	86	86	89	90	91	93	97	98	101	
1693	82	84	85	86	87	89	91	94	99	
1694	82	84	85	86	89	98	
1695	86	
1706	19	
1707	4	10	13	
1708	5	8	9	10	11	12	13	14	16	
1709	2	16	17	18	18	19	20	53	54	55	57	59	62	
1710	17	21	23	52	54	61	
1711	24	45	50	54	55	55	
1712	9	11	13	15	21	23	65	
1713	22	23	25	
1714	24	97	
1715	54	91	92	97	
1716	88	92	93	93	95	96	
1717	86	86	87	90	91	92	93	95	99	
1718	10	82	82	83	85	85	86	86	88	88	89	90	92	94	96	101	
1719	82	82	84	85	85	86	88	89	89	90	92	96	98	
1720	82	84	85	85	86	87	88	89	90	92	94	96	99	101	
1721	81	82	82	84	85	86	87	88	89	90	93	99	105	
1722	81	83	83	84	85	86	87	88	90	95	
1723	81	84	85	86	
1724	81	84	85	88	89	97	
1725	83	86	90	93	
1726	83	85	86	88	97	
1727	84	85	90	94	99	
1728	16	83	95	99	
1741	4	9	13	
1742	5	7	9	10	11	12	14	15	18	
1743	3	7	12	13	14	15	16	18	21	23	85	91	98	
1744	93	98	
1745	92	93	97	
1746	92	96	98	
1747	54	91	92	94	96	
1748	90	91	93	94	96	98	101	
1749	82	83	86	87	88	89	90	91	93	95	99	102	
1750	81	82	85	86	87	89	90	92	94	98	
1751	81	82	83	84	85	86	89	94	99	
1752	81	84	85	88	91	93	
1753	83	83	84	85	87	103	
1754	83	84	85	86	91	
1755	82	83	85	92	98	
1756	85	95	
1757	83	89	93	
1759	86	104	
1761	85	91	
1762	14	15	15	
1764	71	
1775	11	
1776	3	10	12	14	
1777	7	12	22	83	85	86	88	90	92	93	95	
1778	83	86	87	88	89	90	91	92	94	96	101	
1779	86	87	89	90	91	94	95	98	102	
1780	86	87	88	89	90	91	93	95	97	102	
1781	82	85	85	87	88	89	91	94	98	
1782	81	82	84	85	86	88	88	90	92	92	93	97	
1783	80	81	84	85	86	90	94	
1784	83	83	85	89	98	99	
1785	85	88	
1786	83	
1787	14	
1788	83	
1791	11	
1792	89	
1794	90	
1811	6	13	83	84	87	89	101	
1812	81	82	84	85	85	86	89	91	94	100	
1813	81	83	84	85	86	87	88	90	94	100	
1814	82	83	84	84	86	88	
1815	81	83	85	87	94	100	
1816	10	84	94	
1817	84	
1818	11	91	
1824	99	
1825	94	
1830	99	
1843	82	
1845	85	
1846	84	89	
1847	85	89	
1848	84	89	95	103	
1849	83	93	
1850	87	89	
1858	98	
1868	83	
1876	90	
1877	82	93	
1879	87	
1880	83	92	
1889	93	
1895	2	
1920	5	
1923	92	
1925	7	
1926	17	
1931	7	
1935	56	
1937	89	
1954	46	
1955	7	
1964	31	
1968	59	
1975	68	
1990	86	
2001	75	
2002	66	
2004	63	
2008	101	
2014	102	
2016	102	
2034	58	
2041	74	
2045	21	104	
2049	24	
2064	36	
2087	101	
2112	48	
2118	46	51	
2143	18	
2156	10	
2157	14	
2182	12	
2185	18	
2186	8	
2211	18	
2216	8	
2219	13	
2227	6	
2260	9	
