48	97	98	
80	49	
84	70	71	
113	45	
133	65	
218	92	
219	87	91	93	95	
220	16	89	91	96	
221	17	
250	56	
251	52	
252	51	85	86	88	89	90	91	95	
253	9	82	84	85	87	88	89	97	100	
254	1	6	11	12	14	16	17	19	82	85	89	
255	18	22	
283	57	
284	37	51	53	55	58	61	
285	46	48	49	50	51	55	91	
286	9	81	83	83	84	86	90	
287	6	7	10	11	13	14	15	16	17	18	19	40	44	69	81	83	
288	3	12	14	17	21	22	24	26	
289	22	
317	56	58	
318	47	51	52	53	54	55	56	59	
319	9	49	50	53	85	88	89	92	
320	6	10	12	14	68	83	84	
321	4	5	5	7	13	14	16	17	18	19	20	21	23	24	
322	21	22	24	
325	87	92	96	
326	86	88	91	95	
350	56	
351	56	59	61	
352	48	51	52	53	54	93	
353	9	50	82	83	85	88	98	
354	8	11	12	14	15	16	19	70	
355	13	18	20	24	
357	56	59	
358	47	53	
359	13	86	88	89	90	
360	7	11	15	16	19	82	84	86	88	90	92	93	
361	16	17	
384	57	
385	52	55	59	
386	50	53	86	88	89	90	93	
387	6	9	11	14	16	80	85	
388	5	11	13	14	15	16	17	20	21	24	26	
389	23	
391	56	57	58	59	61	
392	47	51	52	54	55	59	
393	8	9	13	44	46	48	49	83	84	
394	7	10	11	12	14	15	81	82	84	85	99	
395	17	18	19	20	22	
398	87	
399	88	91	93	95	
400	91	93	
401	17	87	91	97	
417	56	62	
418	60	92	
419	51	53	55	86	88	89	91	93	
420	9	82	84	86	98	
421	10	12	15	16	17	18	19	
422	17	21	22	23	
425	52	56	57	59	61	
426	50	51	53	54	55	
427	9	13	48	49	89	
428	4	7	10	11	12	14	15	15	86	88	93	94	100	
429	13	18	21	82	86	90	92	93	98	
430	88	91	92	94	98	
431	87	89	91	96	
432	86	87	89	90	93	95	
433	14	81	83	84	85	86	87	89	90	97	
434	81	82	85	86	87	88	90	91	95	102	
435	13	16	83	84	85	87	88	94	
436	16	17	18	22	56	85	
451	52	56	61	91	97	
452	53	54	85	87	88	89	90	92	95	
453	10	18	82	83	85	87	89	92	93	99	
454	7	9	11	12	14	16	80	84	
455	5	13	21	24	
456	92	
457	91	93	
458	88	91	92	
459	52	56	58	60	88	91	93	97	
460	52	53	54	87	90	92	93	97	
461	4	8	48	48	49	53	86	88	88	90	94	
462	10	12	14	82	85	90	
463	16	18	19	80	82	84	85	88	90	93	
464	18	18	39	47	82	83	84	86	89	
465	20	39	46	48	50	57	59	67	80	81	83	84	89	
466	17	19	41	43	45	47	48	49	57	60	67	80	81	84	85	
467	16	19	21	26	29	40	44	45	46	48	49	66	80	81	84	85	
468	8	11	14	16	19	20	29	43	44	47	71	81	82	83	84	
469	6	10	12	13	15	17	19	20	21	43	73	80	82	84	
470	20	21	23	55	55	
483	53	56	62	
484	51	53	55	56	61	87	90	91	93	96	
485	52	85	86	87	89	90	91	94	
486	81	82	83	83	85	85	86	87	89	91	95	
487	6	11	13	14	16	19	80	81	84	86	90	93	
488	7	12	88	93	
489	87	90	94	
490	11	82	85	87	89	90	91	94	
491	16	82	83	86	87	88	89	92	95	98	
492	17	18	57	58	82	85	86	89	100	
493	42	44	47	51	53	57	71	82	85	
494	44	46	47	49	50	52	54	82	83	85	88	
495	11	43	48	68	82	84	
496	11	14	16	18	19	20	27	29	45	68	71	100	
497	12	15	17	18	19	19	20	21	24	43	45	48	74	79	81	83	
498	15	18	20	21	22	28	44	80	83	
499	20	21	23	23	48	55	62	80	
500	20	22	25	45	49	54	
501	23	24	49	
502	22	24	
503	23	24	
504	23	25	
515	57	
516	36	56	58	59	
517	46	47	49	50	52	54	
518	47	49	52	54	81	83	85	86	87	88	90	
519	42	46	54	81	82	84	85	86	88	89	94	99	
520	11	14	18	43	80	81	83	84	85	89	94	103	
521	8	9	12	16	19	81	82	83	85	89	98	
522	16	17	19	21	42	43	47	56	58	66	68	83	
523	17	18	20	26	42	44	46	48	49	56	67	81	84	100	
524	19	42	44	45	46	47	48	80	81	83	84	101	
525	9	12	17	18	20	20	26	43	44	45	48	48	68	69	80	81	84	
526	13	14	20	21	22	44	57	58	80	81	83	
527	20	22	34	45	51	52	53	54	55	56	59	62	64	84	
528	23	45	46	47	48	49	50	51	54	80	
529	7	10	13	15	43	45	48	
530	14	15	17	18	19	21	24	25	27	
531	22	23	24	25	
532	23	25	
533	24	
534	24	
550	52	53	55	56	57	59	60	62	
551	31	47	48	49	50	51	52	54	55	56	57	58	62	66	
552	31	42	43	44	45	46	47	49	50	55	56	57	60	66	82	
553	19	43	44	45	46	47	48	50	57	60	65	70	80	83	
554	15	16	18	19	20	24	26	28	41	44	44	46	48	48	50	65	69	80	
555	8	10	13	13	15	16	19	20	21	22	24	41	44	45	46	71	
556	19	20	21	22	25	27	44	61	70	
557	20	21	23	45	54	58	
558	22	25	50	54	65	
559	21	23	24	45	
560	22	23	25	
561	25	35	37	52	53	54	55	56	57	58	60	63	
562	47	49	50	53	
563	10	11	13	44	
564	12	15	16	19	20	24	28	69	
565	21	22	25	
584	52	55	
585	50	51	54	55	61	
586	45	47	50	54	60	
587	24	25	27	28	51	54	65	
588	23	24	25	65	
589	20	22	24	25	
590	23	23	25	
591	25	
595	59	63	
596	32	43	47	50	51	53	
597	5	11	14	44	
598	15	18	19	20	24	28	
629	63	
886	88	
1157	98	
1158	58	
1165	23	
1171	7	
1173	8	
1202	18	
1206	70	
1207	72	
1235	59	
1237	54	
1239	67	68	
1242	12	
1248	5	
1249	94	
1250	51	
1251	90	
1278	8	69	77	
1282	37	54	
1286	64	
1288	61	63	
1305	27	
1320	84	
1341	49	54	
1342	29	46	
1343	67	
1345	60	
1348	76	
1350	19	
1373	14	
1374	16	42	58	
1375	18	19	22	45	47	48	53	70	
1376	22	26	44	46	49	
1379	59	
1380	60	
1385	11	
1391	14	
1406	2	13	22	
1407	9	14	16	19	
1408	16	17	19	20	23	23	56	61	70	
1409	18	21	25	45	49	51	53	55	56	60	
1410	23	49	51	59	
1413	47	
1414	30	
1423	51	
1424	8	
1427	7	
1429	10	
1440	2	7	12	13	18	
1441	8	10	11	15	16	19	20	58	
1442	20	22	25	28	
1443	23	50	51	54	60	90	92	96	
1444	54	90	
1447	37	
1448	47	78	
1450	67	
1472	42	
1474	7	8	10	15	16	
1475	12	13	17	19	21	24	52	56	58	59	71	
1476	18	22	47	51	54	63	
1477	3	3	4	52	54	82	84	86	88	
1478	81	85	89	98	
1480	17	
1481	17	19	45	56	
1482	44	47	49	
1483	46	
1484	61	
1486	7	
1492	70	
1507	11	14	
1508	7	10	11	14	16	19	
1509	5	13	15	17	20	21	25	27	52	56	58	
1510	23	50	53	55	87	91	95	
1511	53	81	84	94	
1512	28	84	90	
1513	11	20	29	
1514	13	35	
1515	16	17	19	20	22	23	52	56	59	
1516	22	44	45	46	47	49	50	58	63	
1517	46	50	
1519	38	49	62	
1520	46	
1521	62	66	
1522	44	
1523	4	46	59	
1524	75	
1532	40	
1536	40	
1541	9	11	13	17	
1542	6	11	14	16	18	19	20	24	44	56	60	69	
1543	21	51	54	55	59	
1544	48	51	53	59	82	85	87	89	94	
1545	85	91	
1547	8	
1548	10	12	13	14	15	18	18	57	
1549	15	16	17	19	20	21	24	52	56	58	58	59	
1550	22	45	46	48	49	50	52	53	55	57	65	
1551	36	46	
1552	49	
1553	19	24	47	
1554	16	19	42	47	58	64	67	72	
1555	21	40	45	46	49	
1556	20	28	45	47	48	56	59	
1557	43	46	49	73	
1558	47	49	
1561	54	
1571	40	
1572	16	
1573	43	
1574	11	14	18	19	42	47	68	
1575	7	9	11	15	17	19	21	24	26	37	56	
1576	22	25	48	53	57	59	
1577	23	35	46	51	55	87	90	93	
1578	46	80	83	84	86	
1579	84	
1580	46	
1581	17	19	
1582	5	8	8	10	12	14	15	16	20	57	
1583	13	15	16	16	17	19	20	22	25	35	51	52	55	56	57	59	61	
1584	23	43	44	45	47	50	50	52	53	56	58	61	67	
1585	45	47	49	50	53	56	63	67	
1586	13	18	21	26	43	45	49	67	
1587	14	19	21	25	26	28	44	49	61	
1588	17	19	20	24	70	
1589	18	20	22	23	25	26	49	55	56	58	62	65	
1590	24	45	50	52	54	56	58	61	
1591	22	45	48	50	54	57	
1592	49	53	
1594	4	
1606	11	29	
1607	10	15	19	43	
1608	9	12	13	15	16	17	19	21	25	37	47	56	69	
1609	21	23	52	56	59	69	
1610	47	48	50	52	54	
1611	43	47	49	58	64	81	84	99	
1612	17	18	43	48	51	56	68	68	
1613	18	18	20	42	45	46	48	63	
1614	14	20	26	33	44	46	59	69	
1615	8	13	18	20	23	31	43	49	
1616	4	8	10	11	14	16	18	18	20	21	69	
1617	13	15	17	18	19	20	22	23	52	56	57	59	61	
1618	21	22	50	51	54	54	60	
1619	45	49	51	54	60	
1620	14	23	
1621	5	8	14	
1622	25	88	93	
1623	90	91	
1624	55	87	92	97	
1625	50	54	87	90	93	
1626	53	
1628	7	
1637	43	
1638	15	
1639	16	19	
1640	10	13	15	16	17	19	41	45	68	
1641	11	13	15	16	17	19	20	23	27	44	57	58	
1642	17	18	20	21	22	24	44	48	52	56	59	
1643	22	24	42	44	45	47	49	51	54	62	66	
1644	44	48	51	55	59	
1645	19	26	44	49	60	68	
1646	20	21	24	28	45	58	62	
1647	20	22	25	50	54	
1648	23	23	50	55	65	
1649	11	15	25	
1650	7	10	12	14	22	24	92	
1651	23	23	25	63	
1652	52	54	92	94	
1653	86	87	90	91	97	
1654	87	89	91	95	
1655	83	86	89	92	93	
1656	82	85	87	90	
1657	83	84	86	88	89	92	94	99	
1658	81	82	83	85	86	88	90	94	
1659	82	85	88	89	92	
1663	83	84	84	
1672	8	79	
1673	10	12	14	17	18	20	23	
1674	8	8	11	13	14	16	17	19	20	21	24	
1675	12	14	19	21	22	23	24	
1676	21	22	24	25	52	55	57	59	64	
1677	52	54	
1678	92	
1679	91	
1680	25	91	92	94	
1681	53	55	87	88	92	94	
1682	90	92	
1683	10	90	97	
1684	7	13	56	82	88	91	
1685	17	20	53	54	61	61	
1686	51	81	82	85	86	88	89	93	98	99	
1687	52	80	81	83	83	84	85	87	89	94	
1688	81	82	83	85	87	90	
1689	82	84	91	99	
1690	81	84	96	
1691	80	82	84	86	
1692	81	85	89	102	
1693	82	84	
1694	85	
1704	2	
1706	9	12	13	
1707	6	9	10	12	14	15	17	
1708	10	12	13	18	22	24	49	96	
1709	87	91	93	95	
1710	83	87	88	89	90	91	93	93	95	96	
1711	85	86	87	88	89	90	91	93	94	98	
1712	86	87	90	92	94	
1713	83	86	89	91	97	
1714	83	84	86	88	90	98	
1715	81	82	84	85	90	94	98	
1716	81	84	86	88	91	102	
1717	15	81	84	88	
1718	5	8	12	14	15	20	81	84	99	
1719	21	55	58	81	84	89	93	94	100	
1720	49	53	56	80	82	84	86	89	93	
1721	80	85	
1722	84	
1723	85	
1724	82	84	
1726	84	
1730	70	
1740	14	
1741	8	10	13	22	
1742	81	85	88	92	93	98	
1743	80	81	82	83	84	85	86	88	90	92	95	98	
1744	80	81	82	83	83	84	85	86	89	91	100	
1745	81	81	82	83	84	85	86	88	91	94	
1746	80	81	83	83	84	87	89	92	97	
1747	80	83	85	89	
1748	81	84	85	91	98	
1749	79	81	84	88	
1750	81	83	89	
1751	8	14	83	97	
1752	4	14	87	
1753	55	82	84	87	89	91	
1754	84	87	89	
1755	86	
1761	44	
1763	9	9	10	
1772	79	
1774	100	
1776	36	81	83	85	88	
1777	80	81	85	89	
1778	80	81	84	
1779	80	82	84	
1780	80	
1782	83	
1784	11	
1786	5	
1787	81	85	90	100	
1788	84	
1790	88	
1803	8	
1812	84	89	
1813	86	
1814	87	
1820	99	
1821	83	84	
1822	84	89	
1823	32	63	
1834	72	
1837	33	
1843	47	
1845	88	
1847	94	
1850	9	103	
1873	15	
1874	41	
1876	70	
1882	25	
1884	103	
1889	99	
1915	21	
1921	5	
1927	1	
1942	54	
1956	21	
1969	7	
1976	96	
1987	84	
1989	5	
2005	70	
2008	60	
2013	8	69	
2033	36	
2043	60	
2079	14	
2084	95	
2088	18	
2091	20	
2094	4	
2102	46	
2111	50	
2112	95	
2129	45	
2162	93	
2195	15	
2215	97	
2225	4	11	
2227	15	
2239	23	
2263	7	
2291	4	
