50	76	
85	92	
86	87	90	92	95	
87	87	90	92	96	
88	17	
116	56	
118	54	88	90	92	94	98	
119	81	83	86	87	88	89	90	92	94	96	99	
120	8	11	77	80	81	83	84	85	86	87	88	89	90	92	93	96	
121	6	11	14	16	16	17	18	81	82	84	86	88	99	
122	16	17	19	20	
150	52	58	93	
151	51	53	55	58	86	87	89	90	92	96	
152	52	55	82	86	87	89	90	92	94	95	
153	9	37	38	78	80	81	83	84	85	86	87	89	91	94	
154	5	9	10	11	14	16	17	18	19	78	78	80	81	83	85	99	
155	7	11	12	13	15	16	16	17	18	19	20	20	71	78	79	
156	18	20	21	22	25	
182	57	
183	53	56	
184	51	53	55	86	88	90	91	93	95	
185	51	55	59	80	82	85	86	87	88	88	90	91	94	96	
186	36	67	78	79	80	81	82	84	85	86	87	88	90	94	100	
187	7	10	12	13	14	16	19	44	79	81	84	
188	4	8	11	12	14	16	17	18	19	19	20	21	23	23	25	72	
189	3	18	20	21	22	23	25	
190	22	
216	52	56	59	87	92	98	
217	51	53	54	56	86	87	89	90	91	94	97	
218	38	51	80	82	83	85	86	87	88	89	90	93	96	
219	7	10	38	77	80	81	83	83	84	86	87	90	
220	9	11	14	16	17	19	29	68	79	83	85	102	
221	7	11	12	13	14	14	15	16	17	18	18	19	20	21	24	45	
222	13	15	17	20	21	22	24	25	
223	23	
248	56	
249	51	54	92	
250	50	52	54	58	82	86	87	88	89	90	91	95	97	
251	18	37	50	51	54	81	82	83	85	86	87	88	89	91	93	95	98	
252	9	16	28	78	80	81	82	83	84	85	87	91	
253	8	10	11	13	14	16	18	19	43	44	69	77	79	82	85	
254	6	9	11	12	13	13	14	15	16	17	18	19	19	20	21	23	24	26	72	
255	2	4	15	18	19	20	21	22	23	25	73	
256	22	24	
281	56	61	
282	47	52	54	57	58	
283	45	46	48	49	50	52	53	55	83	85	89	
284	50	54	78	80	81	82	83	84	85	86	89	91	94	
285	9	13	42	78	80	81	84	85	86	88	93	
286	9	11	12	13	14	16	17	18	19	42	71	79	81	84	99	
287	7	10	11	13	14	14	15	16	17	17	18	19	20	20	22	23	25	26	71	
288	3	17	20	21	22	24	28	100	101	102	
289	23	25	
315	52	55	57	58	62	
316	48	50	50	51	52	53	53	54	55	56	57	58	61	
317	41	43	45	46	47	48	48	49	50	51	54	
318	40	44	45	49	79	82	84	
319	8	9	10	12	13	14	15	68	78	81	83	
320	5	7	10	12	12	14	14	15	16	17	18	18	19	20	20	23	25	26	68	72	
321	18	20	21	22	22	24	
322	22	23	
332	86	88	90	93	96	
333	86	87	89	90	92	94	96	
334	17	89	93	97	
335	18	
349	56	57	63	
350	36	51	51	52	54	54	55	56	57	59	61	
351	45	46	47	48	49	50	51	52	53	54	
352	8	10	44	45	48	
353	4	7	10	11	12	13	14	14	15	16	17	18	19	23	69	
354	13	15	16	17	18	18	20	21	21	24	27	
355	22	23	25	
364	56	58	88	93	
365	54	85	87	88	88	90	91	95	
366	9	38	39	81	83	85	86	87	89	91	95	
367	6	8	10	12	14	16	19	78	80	81	82	83	84	85	86	88	90	93	96	98	
368	11	12	15	16	17	18	19	20	80	82	84	85	89	
369	18	19	26	
383	57	
384	36	51	52	53	53	54	55	56	58	60	63	
385	45	46	47	49	50	54	
386	8	10	14	44	
387	4	7	10	12	13	13	14	15	16	18	24	25	
388	16	17	20	21	22	23	
395	56	
397	86	88	91	92	94	97	
398	36	53	53	83	86	87	87	89	90	92	95	97	
399	42	46	80	81	82	84	85	86	87	89	91	93	96	99	
400	9	13	16	38	77	79	81	82	84	85	89	100	
401	7	8	11	12	13	14	15	16	17	18	18	19	20	21	38	44	69	79	80	84	
402	12	15	17	19	20	21	22	24	79	
403	21	22	
417	57	58	
418	51	52	52	54	55	56	57	60	
419	43	45	46	47	47	49	50	51	53	
420	4	6	8	10	12	14	44	48	
421	6	10	11	12	13	14	15	15	16	18	24	
422	16	17	17	19	20	21	25	
428	56	
429	92	
430	55	87	88	90	91	93	97	101	
431	53	78	81	83	84	85	86	87	88	89	92	95	
432	43	79	81	82	84	85	86	87	88	90	93	
433	11	13	15	16	17	18	19	20	41	69	77	78	80	81	83	84	85	
434	7	10	12	14	15	16	17	19	20	21	27	44	69	79	
435	4	12	15	19	20	21	22	23	24	25	27	69	78	
436	21	23	23	25	
451	58	
452	51	52	53	54	55	56	57	57	59	61	
453	42	46	47	48	50	50	51	53	56	64	
454	8	10	13	44	44	45	46	48	
455	6	7	9	10	11	12	13	14	15	25	80	
456	16	17	18	19	20	21	24	87	97	
457	17	
462	52	60	90	91	
463	36	51	54	82	86	87	88	89	90	91	93	94	97	
464	33	54	78	80	82	84	85	86	88	90	92	94	97	
465	8	13	16	17	18	35	42	44	78	79	80	82	84	86	98	
466	10	11	14	15	16	17	19	20	21	44	45	69	71	78	80	83	
467	12	13	13	15	15	18	19	20	21	22	23	25	45	71	
468	14	20	21	22	24	25	46	46	47	74	
469	24	50	50	
486	52	53	55	56	57	58	60	63	
487	47	49	50	50	51	52	54	54	56	60	
488	4	44	45	46	47	48	49	50	
489	6	8	9	11	12	14	15	
490	13	15	16	16	17	18	19	21	82	84	87	94	
491	17	20	22	
493	57	
494	92	97	
495	53	55	87	88	89	91	92	95	
496	38	39	52	55	82	86	87	88	90	91	94	95	98	
497	9	16	43	80	81	82	84	85	86	89	95	
498	9	11	14	16	16	18	19	35	41	69	79	81	83	85	
499	7	10	12	13	13	15	17	19	19	20	21	45	69	71	79	
500	4	15	20	21	22	22	24	25	74	
501	21	23	24	25	
520	52	57	58	60	
521	50	51	52	54	55	57	60	
522	8	45	46	48	49	50	
523	9	11	14	
524	11	12	13	14	15	16	16	19	20	25	
525	18	20	21	23	
526	56	
527	52	91	95	
528	37	55	82	86	87	89	91	92	94	97	
529	55	60	80	81	82	84	85	86	87	89	90	94	96	98	
530	9	13	16	18	29	38	43	45	47	79	80	82	83	85	88	94	98	
531	10	12	14	15	16	17	18	19	20	40	45	69	71	78	79	82	83	
532	8	11	13	13	15	19	20	20	21	22	24	25	27	45	72	78	
533	21	23	24	25	
534	21	
554	55	56	58	60	
555	47	50	51	51	52	53	54	55	56	61	
556	45	47	48	49	54	
557	6	9	11	13	14	15	
558	12	15	16	19	20	25	
559	23	88	90	92	
560	56	87	89	90	92	94	97	
561	53	55	82	85	86	87	88	88	90	91	92	94	96	99	
562	39	68	80	81	82	83	84	85	86	88	90	95	
563	6	9	11	12	14	16	18	19	42	43	45	47	78	79	80	81	83	85	
564	11	12	14	15	16	17	18	19	20	20	25	27	70	78	80	
565	4	7	12	18	19	21	22	23	24	25	26	
566	21	23	24	
588	52	55	56	56	58	59	
589	47	49	50	51	52	53	54	56	59	
590	49	50	53	86	90	93	94	
591	7	10	12	13	14	18	86	91	95	
592	89	91	94	96	
593	82	85	86	87	89	91	94	96	100	
594	34	42	81	82	83	84	85	86	87	88	89	91	94	96	
595	17	38	67	77	80	81	82	83	84	85	
596	8	10	12	13	15	16	17	18	18	19	20	29	41	44	70	78	79	84	
597	6	12	15	17	18	20	20	21	24	25	26	69	
598	4	21	21	23	23	24	73	
621	57	
622	51	52	54	56	57	59	62	
623	49	50	51	51	53	54	55	59	87	88	90	92	95	
624	49	50	81	83	86	87	89	91	97	
625	10	37	82	84	86	89	
626	16	80	81	83	85	87	89	91	94	100	
627	17	28	38	43	77	78	79	80	81	82	83	84	85	88	90	95	
628	10	14	16	17	18	19	28	41	45	68	78	80	81	82	84	
629	8	10	12	13	14	15	17	18	19	19	20	44	69	70	79	80	84	
630	13	15	17	20	21	22	23	24	25	
631	21	22	24	
655	56	57	62	
656	51	52	53	54	58	61	88	90	92	96	
657	49	50	51	53	55	81	86	87	89	90	92	93	96	
658	40	48	49	82	83	85	86	88	89	94	
659	3	10	14	16	18	39	83	85	
660	8	11	13	16	17	19	21	26	39	44	47	69	79	84	
661	11	12	13	14	15	16	17	18	19	20	20	22	27	43	45	69	71	80	
662	11	12	14	15	16	18	19	20	21	22	23	24	26	44	69	
663	15	20	21	22	23	24	25	
664	22	25	
688	57	
689	46	50	51	53	54	56	
690	46	48	50	52	54	55	56	59	82	85	86	87	89	90	92	94	97	
691	43	49	53	82	83	83	84	86	87	88	90	95	
692	8	9	10	14	16	39	48	48	67	79	81	83	85	
693	7	8	10	11	12	13	14	17	18	19	19	20	27	43	44	69	72	
694	8	11	12	13	15	15	17	18	18	19	20	21	23	24	26	43	69	
695	15	20	21	22	24	25	
696	23	24	
721	57	
722	38	42	47	51	52	55	56	59	
723	36	46	47	49	50	51	52	53	54	56	59	86	
724	34	37	40	44	48	49	80	82	84	85	90	94	
725	10	11	13	15	16	18	19	26	43	44	48	65	66	68	78	78	80	84	
726	8	10	12	14	15	16	17	19	19	20	21	22	25	44	68	71	
727	11	13	14	15	18	19	20	21	22	23	23	24	25	27	29	43	72	
728	22	24	74	
729	22	
755	55	57	
756	51	52	53	54	54	55	56	58	59	60	
757	30	42	45	47	50	51	54	67	
758	11	14	21	44	45	49	61	65	67	72	78	
759	8	11	13	14	15	19	20	23	24	44	73	
760	12	14	18	21	22	24	25	72	
761	22	24	
762	1	
790	51	
791	52	
792	23	
793	23	25	
1160	65	
1163	32	
1165	42	
1170	103	
1176	42	
1177	19	
1181	56	
1192	81	
1193	31	
1208	42	47	50	
1209	47	
1210	47	
1211	10	
1234	50	
1238	14	
1239	40	
1240	18	42	80	
1241	17	19	28	30	40	48	55	58	60	67	
1242	21	30	40	44	47	50	55	73	
1243	22	44	47	48	50	70	
1245	62	
1252	25	
1253	101	
1271	30	
1272	38	
1273	11	17	20	26	37	
1274	13	14	16	17	19	23	26	45	68	73	
1275	15	16	17	19	20	22	24	28	43	44	56	57	59	73	
1276	18	20	22	23	25	45	47	48	48	50	51	54	55	56	59	63	70	
1277	44	45	49	50	53	
1278	49	
1302	59	
1305	39	
1306	12	15	16	19	38	43	
1307	9	12	15	16	17	19	21	
1308	11	13	14	16	18	19	20	22	24	44	69	
1309	13	15	22	23	23	25	52	53	55	57	59	69	
1310	22	49	50	52	53	54	55	59	63	88	92	
1311	50	55	58	88	92	
1327	53	
1337	18	41	
1338	18	41	
1339	10	13	17	
1340	9	11	13	15	16	17	18	19	24	44	70	
1341	11	14	16	18	19	20	21	24	27	43	73	
1342	20	21	23	23	25	57	
1343	22	25	51	53	54	55	91	93	
1344	18	51	54	57	83	85	86	87	89	90	92	94	101	
1345	55	81	82	85	87	89	96	
1346	87	
1348	5	
1360	2	69	
1362	74	
1366	81	
1368	65	
1369	16	
1370	88	
1371	19	37	40	
1372	10	13	16	19	23	
1373	10	11	16	18	18	20	28	43	68	
1374	8	8	10	12	13	13	14	17	19	19	20	22	23	25	43	70	
1375	18	21	21	22	24	28	53	56	58	
1376	23	50	51	52	54	55	
1377	51	55	82	86	87	88	89	91	95	98	
1378	77	79	81	82	84	85	87	88	
1379	79	80	86	94	
1380	88	
1384	68	
1393	4	
1401	74	
1402	44	64	
1403	17	
1405	10	13	14	16	17	19	25	43	43	
1406	8	10	12	13	15	16	17	23	26	70	
1407	5	10	12	14	15	16	16	16	16	18	19	20	22	25	28	44	69	
1408	20	22	23	23	24	53	58	
1409	50	51	52	54	87	91	92	96	
1410	51	54	58	62	82	86	86	88	88	89	91	92	93	95	98	
1411	77	79	80	81	83	84	85	87	88	90	94	100	
1412	80	85	95	
1413	49	80	84	
1418	68	
1420	10	
1421	46	
1423	50	
1438	9	11	13	15	16	
1439	9	10	12	14	17	19	22	25	
1440	11	13	14	15	16	17	18	19	20	21	23	24	57	
1441	21	22	23	25	52	57	
1442	50	51	53	53	55	88	91	92	96	
1443	51	55	82	85	86	87	88	89	91	94	98	
1444	78	79	80	82	83	84	86	96	98	99	99	99	
1445	78	80	85	
1446	83	
1449	11	18	
1454	48	
1455	11	46	60	
1456	49	70	
1457	48	
1458	60	
1466	103	
1471	10	
1472	10	12	14	
1473	7	10	11	12	13	13	14	15	17	19	
1474	12	16	16	17	18	20	22	25	57	
1475	23	46	50	51	52	54	55	57	58	
1476	49	51	54	83	86	87	89	90	93	94	96	
1477	52	54	78	79	81	83	83	84	86	87	89	97	
1478	80	83	83	85	92	93	
1479	10	81	
1480	73	
1482	18	
1486	40	
1487	11	17	19	32	34	
1488	17	19	20	26	41	43	46	48	50	56	58	59	67	71	
1489	21	23	26	43	44	46	47	49	51	55	67	71	
1490	23	45	46	49	
1491	48	
1505	7	10	
1506	9	12	14	28	
1507	5	7	10	11	12	14	14	15	16	19	57	
1508	13	16	17	19	20	22	23	53	55	57	58	62	
1509	46	49	50	51	54	56	86	87	88	90	94	97	
1510	49	54	77	79	80	81	84	86	88	90	
1511	79	81	85	
1512	82	
1517	38	
1518	24	
1519	18	29	40	46	
1520	12	14	16	20	71	
1521	7	12	13	15	16	18	19	20	23	24	30	43	44	
1522	18	19	20	21	22	24	51	52	57	58	58	61	72	
1523	22	45	49	50	52	54	55	57	59	
1524	49	50	54	
1525	54	62	74	
1538	10	
1539	1	15	
1540	6	10	13	15	18	
1541	5	7	11	12	14	15	16	19	27	56	57	
1542	16	17	19	21	22	25	27	43	48	51	52	53	55	56	60	
1543	45	46	47	49	50	56	58	80	84	
1544	44	49	54	79	82	83	87	88	94	
1545	84	
1546	65	
1547	53	
1549	28	
1551	39	
1552	14	16	20	42	47	
1553	10	15	16	17	19	22	25	35	40	46	70	
1554	10	13	14	16	18	20	21	23	24	27	44	69	
1555	6	13	15	21	22	23	25	44	56	69	73	
1556	22	25	52	53	55	93	
1557	51	52	55	73	86	87	90	92	95	
1558	74	89	
1571	55	
1574	10	13	13	16	
1575	4	7	9	11	12	14	15	17	57	58	61	89	
1576	15	16	17	18	19	20	22	27	53	54	55	56	57	60	
1577	22	41	45	46	46	48	48	49	50	54	58	
1578	44	46	52	
1581	17	
1583	40	
1584	14	16	31	40	49	
1585	10	14	17	18	40	66	
1586	9	11	14	16	17	18	20	22	23	29	71	
1587	11	13	13	15	17	19	20	21	24	70	
1588	20	21	22	24	57	93	
1589	23	52	54	73	87	92	96	
1590	54	55	88	90	92	95	
1591	55	81	82	85	86	87	89	92	94	99	
1592	80	83	84	86	89	93	
1593	81	
1608	5	7	10	
1609	5	7	9	10	11	12	14	15	17	19	22	25	58	
1610	13	15	16	17	19	21	51	52	53	56	59	62	87	89	89	94	
1611	23	40	47	48	49	50	50	51	54	60	
1612	44	46	49	
1615	22	25	
1617	16	19	48	68	
1618	9	12	13	16	18	20	23	42	44	
1619	6	9	12	14	15	16	17	19	20	21	24	27	69	
1620	12	15	21	23	24	27	56	72	
1621	21	23	25	88	93	
1622	56	87	88	90	91	93	95	97	
1623	54	82	86	88	88	89	91	94	96	
1624	77	80	81	82	83	84	86	88	89	91	95	99	
1625	49	49	49	80	82	83	85	87	90	
1626	18	80	95	
1627	83	
1629	12	
1636	18	
1638	19	
1641	9	
1642	14	
1643	4	6	8	10	11	14	17	28	97	
1644	12	17	19	21	53	55	55	56	57	59	61	80	84	90	
1645	17	18	20	22	43	48	51	52	54	55	56	59	
1646	44	47	49	50	52	54	
1647	43	52	
1648	37	38	
1649	23	
1650	13	13	16	18	19	21	23	40	
1651	11	14	16	17	19	20	23	26	29	34	41	69	
1652	10	12	13	15	17	18	19	20	21	24	45	70	
1653	12	21	22	25	56	72	
1654	52	92	97	
1655	54	82	85	86	87	89	90	93	95	97	99	
1656	77	80	81	82	84	85	86	89	92	97	
1657	38	38	39	39	77	79	81	82	83	84	86	90	
1658	33	41	78	80	83	84	
1659	80	85	
1666	92	
1675	16	
1676	9	
1677	9	12	13	14	
1678	8	11	12	15	16	18	18	19	22	24	56	57	81	84	98	
1679	21	43	46	47	50	51	52	54	55	57	60	
1680	45	48	49	51	
1681	30	37	39	45	49	61	
1682	12	14	17	20	47	67	
1683	10	14	16	18	19	20	38	43	
1684	10	12	14	16	17	19	20	24	44	70	
1685	18	19	20	22	24	27	45	71	
1686	22	
1687	53	54	59	87	87	89	91	93	95	97	
1688	82	85	86	87	89	90	92	94	98	
1689	78	80	81	82	83	84	86	93	
1690	79	80	83	83	85	89	
1691	80	84	98	
1703	13	
1706	104	
1711	7	9	11	14	15	20	
1712	5	8	12	13	15	16	17	19	20	23	27	56	57	61	
1713	17	18	20	21	41	46	47	50	51	53	53	55	60	
1714	41	43	45	46	48	48	50	68	
1715	41	44	64	67	
1716	10	12	14	16	18	20	48	70	
1717	9	12	15	19	20	21	23	25	44	68	72	
1718	15	22	24	61	
1719	22	54	87	92	97	
1720	53	54	86	87	89	91	94	97	
1721	77	81	82	83	84	85	87	88	90	
1722	78	79	80	82	83	84	85	88	95	
1723	79	82	85	
1724	81	
1727	76	
1731	97	98	
1744	19	24	
1745	8	9	11	13	15	16	
1746	8	12	12	15	16	17	19	20	22	24	24	52	55	56	57	59	62	
1747	18	21	22	31	42	45	47	48	51	52	54	55	56	60	
1748	32	33	42	44	45	46	47	49	61	67	70	
1749	10	13	15	19	24	45	72	
1750	15	20	21	24	44	56	65	
1751	22	23	24	25	58	85	93	
1752	53	55	86	87	89	90	92	96	
1753	53	82	85	86	87	88	89	92	93	96	
1754	81	82	83	84	85	87	88	92	96	
1755	79	80	83	85	93	
1756	81	88	88	97	
1757	80	
1765	98	
1777	15	16	27	40	
1778	9	13	
1779	4	6	9	10	11	14	15	16	18	19	
1780	5	7	13	15	15	16	17	18	19	20	21	22	23	68	
1781	18	20	21	22	24	27	51	54	61	82	
1782	53	62	
1783	24	
1784	53	58	88	91	93	98	
1785	54	83	86	87	90	91	94	98	
1786	55	82	85	86	87	89	90	95	98	
1787	79	80	81	84	85	89	
1788	78	80	84	
1789	40	88	
1811	9	16	39	
1812	9	10	12	13	15	16	17	18	19	21	
1813	6	9	11	12	13	14	15	17	18	19	20	23	25	26	70	
1814	15	17	19	20	21	23	24	25	27	
1815	22	53	
1816	55	87	90	92	
1817	53	54	86	87	87	89	90	92	94	95	
1818	14	55	83	85	86	87	89	90	95	
1819	78	80	81	82	84	85	86	87	88	91	93	
1820	79	80	83	85	
1821	78	83	84	91	
1822	85	
1832	98	
1841	101	
1843	16	
1844	10	16	
1845	8	10	12	14	18	18	25	
1846	8	10	11	12	13	15	16	17	18	19	21	23	28	70	94	
1847	12	17	20	21	22	24	72	
1848	22	92	
1849	52	53	55	57	86	87	88	89	90	92	94	96	98	
1850	23	55	82	86	87	88	88	89	90	94	96	98	
1851	77	80	81	83	83	84	85	86	89	95	99	
1852	79	80	81	84	85	88	92	95	
1853	79	81	85	100	
1854	65	83	90	
1855	38	82	
1861	73	
1867	86	
1872	25	
1878	10	13	16	19	24	
1879	8	9	10	12	13	14	15	16	18	25	
1880	12	15	17	20	22	24	
1881	21	22	25	52	56	91	93	97	
1882	52	55	83	86	87	88	89	91	92	94	95	97	100	
1883	80	81	82	84	85	86	89	90	91	94	
1884	78	78	80	81	82	83	84	85	87	87	89	92	95	
1885	78	79	81	84	86	96	
1886	78	84	88	
1888	84	
1890	99	
1899	27	
1911	22	
1912	9	12	14	
1913	7	11	12	14	15	
1914	88	90	92	94	96	
1915	81	82	85	86	87	89	91	95	100	
1916	77	80	81	82	84	85	87	89	91	95	
1917	78	79	80	82	83	85	88	92	
1918	80	82	85	
1942	91	
1946	10	
1947	4	
1948	79	80	81	83	84	86	90	
1949	78	79	80	81	83	85	94	
1950	78	80	83	86	
1951	80	85	98	
1956	53	
1961	80	
1977	37	
1978	15	
1980	37	
1982	78	80	
1983	80	84	88	93	
1984	82	
1993	71	
2007	49	
2016	94	
2023	19	
2028	100	
2031	38	
2043	56	
2044	15	22	
2047	60	
2076	36	
2086	61	
2096	31	
2101	97	
2109	83	
2138	21	
2181	11	
2215	8	
