48	62	
110	52	
111	53	55	
126	93	
127	87	91	92	94	98	
128	88	90	91	95	
129	16	17	
159	52	53	92	
160	87	88	90	91	92	95	98	
161	6	10	81	83	84	85	86	87	89	89	91	92	93	95	
162	8	11	12	14	15	16	83	84	85	86	87	90	92	93	99	
163	16	17	18	20	
190	56	
191	56	58	
192	51	53	54	56	
193	49	50	52	55	82	85	86	88	89	91	92	94	
194	81	82	83	83	85	86	87	89	90	91	92	94	98	
195	8	9	10	14	80	82	84	85	87	89	90	95	99	
196	7	10	11	12	13	14	15	15	16	17	18	19	68	81	82	84	85	99	
197	13	16	17	18	19	20	20	22	23	26	83	
223	57	
224	56	
225	52	54	57	61	
226	50	51	52	53	54	86	89	91	92	94	97	
227	49	54	81	82	84	85	86	88	89	90	91	94	98	
228	42	66	81	82	84	85	89	96	
229	5	8	9	10	12	13	16	19	43	82	84	
230	3	6	8	9	11	11	12	13	14	14	15	16	16	17	18	18	19	19	20	21	27	68	83	
231	16	17	19	20	21	22	23	
232	23	
257	56	57	61	
258	51	52	53	55	56	58	
259	49	51	52	53	55	91	93	94	97	
260	38	49	51	53	81	83	84	85	87	88	89	91	92	94	
261	39	42	81	82	83	85	86	90	95	98	
262	9	11	14	15	18	19	41	72	84	
263	4	7	9	11	12	13	14	14	15	16	17	17	18	19	20	43	69	
264	12	13	15	17	18	19	20	20	21	22	23	24	
265	2	21	22	
290	56	
291	51	52	54	56	58	
292	49	50	51	52	53	55	90	91	93	96	
293	42	48	49	52	55	82	84	85	86	87	88	90	91	92	95	
294	42	50	67	80	81	83	84	85	87	88	90	94	99	
295	9	13	16	17	19	41	43	44	48	64	67	81	83	
296	7	9	11	12	13	14	15	17	18	19	20	21	23	26	42	43	48	
297	5	11	13	15	16	18	19	20	21	21	23	24	
298	21	22	22	24	
299	23	
313	91	93	96	
314	88	91	92	
323	57	
324	51	56	58	62	
325	50	51	53	53	55	61	93	97	
326	49	50	52	54	85	87	88	89	91	93	95	101	
327	9	42	48	65	81	82	84	85	87	89	90	95	100	
328	7	10	11	12	13	14	16	17	18	18	19	81	84	
329	12	15	17	18	19	19	20	21	22	24	44	
330	13	14	15	18	19	21	22	23	23	24	
331	22	24	
344	56	
346	49	
347	82	86	87	89	90	92	95	101	
348	7	10	14	83	85	86	87	89	91	92	94	99	
349	16	17	20	83	87	90	93	
350	18	
357	56	59	
358	50	51	53	53	55	56	58	
359	49	50	54	83	86	89	90	91	93	95	
360	65	66	81	83	83	85	86	88	89	91	96	99	
361	7	9	11	12	14	14	16	16	18	19	42	70	82	84	
362	8	11	13	14	15	16	17	19	19	20	21	23	24	
363	2	15	18	21	21	22	23	25	
364	21	25	
378	56	57	61	
379	35	50	51	52	53	54	56	59	
380	45	46	47	48	49	50	94	
381	14	80	82	84	85	87	89	90	95	100	
382	6	8	9	11	12	13	14	19	81	82	83	84	85	86	88	89	91	100	
383	13	14	15	16	17	19	83	87	
384	17	18	22	
390	56	58	
391	52	54	55	57	
392	50	51	52	53	54	90	92	96	
393	49	80	82	85	86	88	90	91	95	
394	6	9	10	12	13	14	16	18	80	81	85	86	88	
395	3	7	11	13	14	15	16	17	17	18	19	20	21	
396	18	20	21	22	23	23	25	
397	22	
412	54	57	58	
413	34	37	47	48	50	51	52	52	53	54	54	55	56	59	61	
414	42	44	45	46	47	48	49	49	50	51	53	
415	10	43	46	49	80	85	95	
416	7	9	10	11	12	13	14	15	81	83	86	98	
417	7	11	12	13	14	14	15	16	16	17	19	20	86	92	94	100	
418	16	17	18	19	20	21	
419	18	
423	56	
424	53	55	57	59	
425	49	50	51	52	54	55	91	
426	41	47	48	50	82	84	86	88	88	90	91	94	98	
427	9	13	42	81	83	84	86	88	90	
428	6	8	9	11	12	12	13	14	15	15	16	17	17	18	19	19	20	26	70	84	
429	15	17	19	20	20	21	23	25	
430	22	
446	53	57	61	
447	51	52	52	53	53	54	55	55	56	57	57	58	60	61	
448	46	47	48	49	50	50	51	51	54	55	58	61	
449	43	43	44	45	46	48	49	50	
450	2	5	7	9	10	11	13	14	68	101	
451	6	8	11	12	12	13	14	14	15	16	18	19	24	82	83	86	
452	16	17	18	18	20	21	22	
456	57	
457	51	53	57	
458	51	52	54	55	60	91	96	
459	49	54	86	87	89	91	92	93	95	100	
460	9	14	16	43	68	80	82	84	85	87	89	92	95	
461	3	7	10	11	12	13	14	15	16	16	17	18	
462	12	15	17	18	18	19	20	21	21	23	24	
463	21	22	25	
481	52	55	55	56	57	58	60	
482	34	45	46	47	48	49	50	51	52	53	53	54	55	58	61	
483	42	43	44	45	46	46	47	48	49	50	
484	4	6	9	10	10	13	14	44	
485	6	8	10	11	12	12	14	15	15	16	18	68	83	84	
486	16	17	18	19	20	22	23	
489	57	
491	50	51	53	53	55	59	
492	50	55	85	87	90	91	92	93	95	
493	9	13	43	82	83	84	86	87	88	90	91	93	97	98	
494	6	9	11	12	14	15	16	17	18	19	69	81	84	
495	4	13	15	17	18	19	19	20	21	23	24	
496	21	22	24	
515	53	55	55	56	57	58	61	
516	48	51	51	52	53	54	54	55	55	56	59	62	
517	33	42	44	45	47	47	48	49	49	50	54	
518	8	9	13	43	48	
519	2	7	10	11	12	13	14	14	15	17	
520	13	15	16	17	18	19	20	21	23	23	86	92	
521	17	
523	52	57	
524	51	52	53	54	55	91	
525	49	50	54	86	87	90	91	93	94	97	
526	67	81	83	83	84	85	87	88	89	91	94	96	
527	7	8	10	11	13	14	15	16	17	18	65	80	82	83	84	86	
528	12	15	16	17	18	18	19	20	21	
529	21	22	23	25	
530	23	
534	33	34	
549	53	56	57	61	
550	34	37	48	50	51	52	52	54	54	55	56	58	59	61	
551	43	44	45	46	47	49	49	50	53	
552	3	9	44	48	
553	7	9	11	12	13	14	14	15	83	92	94	
554	12	15	16	19	21	23	83	86	91	
555	17	18	
556	56	58	
557	51	52	53	55	92	
558	49	50	52	53	55	87	89	91	92	93	96	
559	67	81	82	83	85	86	88	89	90	92	95	
560	8	10	11	13	14	15	16	18	81	84	86	
561	8	11	12	14	15	16	17	17	19	19	21	24	70	
562	15	18	20	21	22	24	
563	23	
575	97	97	
583	56	57	
584	51	52	52	53	54	55	55	56	57	59	61	
585	36	38	43	45	46	47	48	48	49	49	50	50	51	52	53	54	58	
586	8	44	45	46	48	49	
587	5	6	8	9	10	12	14	92	
588	7	11	12	13	14	15	15	16	19	21	24	82	83	85	87	88	92	96	99	
589	17	18	19	21	57	93	
590	51	52	54	92	
591	50	51	53	55	82	85	87	89	91	92	94	96	
592	42	54	66	81	83	85	86	88	88	90	91	94	96	
593	9	11	14	16	42	80	81	83	85	86	99	
594	3	7	11	12	13	14	14	15	16	17	18	19	19	20	26	70	83	
595	13	18	19	20	21	22	23	24	25	
596	22	
609	100	
618	52	53	54	55	55	56	57	58	58	60	
619	47	48	50	50	51	52	53	54	54	55	56	59	
620	43	44	44	45	46	47	48	48	49	50	
621	8	8	9	10	13	
622	6	7	10	12	12	14	15	15	70	82	85	87	92	98	
623	17	22	52	55	56	84	86	87	90	91	93	95	
624	33	51	52	53	55	86	88	89	90	92	94	98	99	
625	81	82	84	85	86	88	88	89	91	94	
626	6	9	11	14	43	44	79	81	82	84	85	89	
627	4	7	9	11	12	13	13	14	15	16	16	17	18	18	19	19	83	
628	3	15	16	17	19	20	21	22	24	
629	22	23	25	
652	52	53	55	56	57	57	62	
653	35	37	50	51	51	52	52	53	54	55	56	58	59	61	
654	42	43	44	45	46	47	48	48	49	50	50	51	53	
655	4	9	43	45	46	
656	8	12	13	15	81	83	83	84	87	91	97	
657	23	52	82	83	83	85	86	89	89	91	95	98	
658	43	82	82	83	85	86	87	89	90	91	94	
659	10	19	46	80	82	83	85	87	99	
660	8	10	12	12	13	14	15	16	17	18	18	19	20	43	69	
661	4	13	15	16	17	19	20	21	22	24	25	26	
662	22	23	24	
686	53	56	57	58	
687	38	51	52	53	54	54	55	55	56	57	59	61	
688	36	42	45	47	47	49	49	50	50	51	53	54	59	
689	30	41	44	45	46	47	48	49	50	
690	5	41	47	
691	17	19	40	42	43	48	66	69	81	82	84	85	88	
692	6	10	12	14	16	18	18	19	26	42	65	69	80	82	84	85	86	100	
693	8	9	11	12	13	14	15	15	16	17	19	19	20	22	26	69	83	
694	3	13	15	18	19	20	21	22	23	24	25	
695	21	22	
721	51	52	54	55	56	57	58	58	60	62	
722	45	46	47	48	49	50	51	51	52	53	54	59	
723	30	39	42	43	44	45	46	47	49	49	66	
724	7	10	13	39	42	43	44	46	47	62	64	
725	8	12	13	15	16	17	18	19	20	23	24	41	44	45	67	71	84	
726	6	9	11	14	15	18	19	20	21	22	24	43	
727	12	15	17	19	21	22	23	23	25	26	
728	3	22	25	
755	55	
756	52	53	54	55	58	60	
757	45	50	54	
758	23	43	65	
759	13	21	24	25	45	
760	15	21	23	23	25	
859	43	
920	96	
1158	26	90	
1165	18	
1171	11	
1192	59	
1205	22	65	
1212	37	
1215	47	
1216	48	
1219	99	
1223	79	
1227	30	
1234	17	58	59	
1238	71	
1248	37	
1249	47	49	
1250	47	56	
1252	103	
1253	5	
1257	79	
1272	31	
1275	72	
1281	21	
1282	17	19	41	46	56	
1283	17	20	26	40	42	44	46	47	49	54	56	59	67	
1284	22	44	46	49	
1285	43	
1286	60	
1289	5	
1295	22	
1296	15	
1297	15	
1314	21	
1315	10	13	16	19	23	42	
1316	11	16	17	19	20	21	25	26	43	46	56	57	60	68	
1317	17	18	19	20	21	22	23	33	41	43	44	46	47	48	49	50	51	53	54	56	61	
1318	22	44	45	46	47	49	49	
1319	45	49	
1346	55	
1347	13	
1348	10	15	16	19	22	42	67	
1349	6	9	11	13	13	14	16	17	18	19	20	27	42	
1350	12	16	17	18	18	19	20	21	23	23	52	55	55	56	57	59	61	
1351	20	21	22	24	25	26	35	47	48	49	50	50	51	52	53	54	55	56	58	
1352	44	46	48	48	49	50	54	93	
1355	49	
1357	61	
1363	24	60	
1365	3	
1373	33	
1374	3	
1377	35	
1381	9	13	14	16	17	18	21	28	43	
1382	5	6	9	11	12	13	14	16	17	18	20	25	69	
1383	8	10	12	14	16	17	18	18	19	20	21	22	57	69	
1384	15	20	20	21	23	23	25	34	52	55	56	58	60	
1385	22	48	50	51	52	53	54	54	60	92	
1386	49	53	55	87	91	92	95	
1387	53	
1389	77	
1413	17	17	
1414	10	14	14	17	
1415	7	9	10	12	13	14	16	17	18	18	20	69	
1416	7	11	12	14	15	16	17	17	19	20	21	22	24	43	
1417	15	20	21	22	23	25	57	59	
1418	50	52	53	54	55	56	93	
1419	50	52	54	87	89	90	92	93	95	
1420	56	81	82	85	87	88	90	95	100	
1421	55	87	90	
1435	23	
1436	53	
1443	24	
1444	77	
1446	19	
1447	8	
1448	9	11	13	14	16	19	68	69	
1449	7	11	12	13	14	15	16	17	18	18	19	20	24	27	
1450	21	22	24	53	56	
1451	23	52	54	55	88	90	91	92	94	96	
1452	52	54	87	88	90	91	92	94	97	
1453	55	81	82	84	85	86	88	89	90	93	95	98	
1454	79	81	84	88	89	94	
1455	88	
1465	18	
1468	17	43	
1469	3	17	19	30	40	43	47	
1470	47	50	58	
1471	43	
1473	50	
1475	87	
1481	10	13	14	15	17	19	70	
1482	8	10	12	14	15	16	16	18	18	19	20	22	24	26	43	57	70	
1483	13	21	23	24	26	51	52	55	
1484	23	51	87	90	91	92	94	97	
1485	54	56	82	85	85	86	88	89	90	91	93	94	
1486	54	80	81	82	83	84	85	86	89	90	93	93	96	
1487	79	81	83	85	90	
1488	82	85	96	
1490	92	
1499	5	23	70	
1501	18	
1502	12	14	20	43	56	
1503	16	17	18	19	20	25	39	43	56	59	65	70	
1504	18	20	22	23	42	44	45	46	47	48	50	53	56	61	
1505	45	46	49	
1510	66	
1513	12	14	19	
1514	10	14	22	25	
1515	7	9	11	12	13	14	15	16	17	18	19	20	21	25	57	
1516	15	20	21	22	24	52	55	57	
1517	22	49	50	52	53	54	91	93	96	
1518	54	82	83	84	85	86	87	89	89	90	92	95	
1519	80	81	83	85	87	90	97	
1520	80	83	83	85	88	
1521	84	88	
1523	49	
1524	58	
1527	70	
1535	10	13	
1536	6	8	11	12	13	14	15	17	18	57	58	62	65	
1537	16	16	17	18	19	20	21	24	51	52	54	55	56	59	
1538	18	20	21	22	24	42	44	45	46	47	48	49	50	52	53	57	
1539	44	46	48	
1540	48	
1546	9	
1547	10	14	22	
1548	7	8	10	11	14	15	16	17	18	19	21	24	57	70	
1549	12	15	15	17	17	18	19	20	21	23	25	26	52	59	
1550	21	22	24	49	51	52	53	55	
1551	48	51	54	59	86	88	89	90	92	94	98	99	
1552	81	84	85	89	92	94	
1553	84	
1561	4	102	
1565	38	
1568	10	
1569	10	13	
1570	6	8	9	10	11	12	13	13	14	15	19	57	
1571	13	16	17	18	18	19	20	23	24	34	52	53	54	55	55	56	57	58	59	60	
1572	17	21	22	42	45	46	47	47	50	50	51	52	53	54	55	56	59	
1573	43	44	46	47	48	50	54	60	
1576	79	
1579	17	
1580	9	16	40	
1581	9	11	13	13	15	16	17	20	
1582	7	11	12	14	15	16	17	18	18	19	20	21	25	50	53	56	68	
1583	17	21	23	24	50	51	52	53	54	55	58	
1584	48	50	53	86	88	91	92	93	94	96	
1585	79	81	82	83	85	87	89	92	97	
1586	56	81	84	88	89	
1587	84	
1595	77	78	
1596	94	
1603	9	11	
1604	5	7	8	9	10	11	13	13	13	14	15	18	48	
1605	7	12	15	16	18	21	24	52	53	55	56	57	59	62	87	91	95	
1606	16	17	18	20	42	46	47	48	49	50	50	51	53	54	54	60	
1607	42	43	45	46	48	49	
1608	53	
1610	31	
1611	76	
1612	17	101	
1613	19	24	
1614	5	7	9	12	14	17	19	20	25	42	43	66	
1615	5	6	9	11	12	14	15	17	18	20	21	25	58	
1616	20	21	22	24	48	52	53	54	
1617	22	49	52	54	88	90	91	92	93	95	97	
1618	81	82	85	86	88	89	91	93	96	
1619	81	84	87	89	
1621	99	
1629	78	
1633	14	
1636	32	37	
1637	10	
1638	4	6	9	10	12	13	15	
1639	6	8	11	11	12	14	15	16	20	52	53	55	55	56	58	60	62	81	82	84	85	87	89	95	
1640	16	16	17	18	18	19	21	43	47	50	50	51	52	53	54	55	57	60	
1641	40	44	45	46	47	48	49	50	54	
1642	45	50	60	
1645	13	43	
1647	9	12	13	15	16	17	19	23	23	42	
1648	6	9	11	14	15	16	17	18	19	21	25	57	
1649	13	21	23	25	25	51	51	52	55	
1650	49	50	51	53	55	91	93	95	97	
1651	54	81	83	84	85	87	89	91	94	
1652	80	83	84	91	
1653	53	
1671	39	53	
1672	9	11	14	87	94	
1673	6	7	10	10	11	12	13	14	15	18	19	53	55	56	57	59	62	82	84	86	93	
1674	16	17	19	19	20	22	50	51	52	53	53	54	55	57	59	82	85	90	
1675	23	42	44	45	46	47	48	49	50	52	54	
1676	45	46	49	66	
1679	15	17	43	
1680	8	11	15	17	19	42	67	
1681	9	11	13	14	15	16	17	18	20	21	23	25	26	57	
1682	15	17	20	22	23	24	51	52	55	59	
1683	22	24	49	50	51	53	55	58	92	93	
1684	2	52	53	60	82	83	86	87	89	90	93	96	103	
1685	79	82	84	86	89	
1686	83	88	
1687	101	
1705	7	
1706	8	10	15	
1707	4	6	8	9	10	11	12	13	14	15	16	18	55	57	82	84	
1708	13	16	17	19	20	34	36	50	51	52	53	53	54	55	56	57	58	61	82	84	90	100	
1709	17	18	21	23	42	45	47	49	50	51	54	
1710	42	44	46	48	50	52	54	
1713	9	11	14	17	19	42	
1714	8	11	12	13	15	16	17	18	19	21	56	70	
1715	12	15	17	18	19	20	21	23	53	55	56	58	
1716	22	24	50	51	52	54	55	
1717	49	52	54	85	86	88	90	91	93	95	98	
1718	79	80	82	84	86	89	92	
1719	101	
1720	6	
1728	16	16	
1740	10	13	
1741	3	7	9	11	12	13	14	15	
1742	8	12	15	16	17	19	21	24	52	53	54	55	56	57	58	59	60	82	85	88	90	96	99	
1743	17	18	20	21	41	47	49	50	51	53	54	56	59	62	
1744	40	43	45	46	47	48	49	50	55	
1745	42	44	66	
1746	9	14	16	18	24	28	43	
1747	10	12	14	15	17	18	20	21	25	70	
1748	7	12	13	14	15	20	21	22	24	43	56	58	
1749	22	23	24	50	51	52	53	54	56	58	
1750	50	54	86	87	89	90	92	93	95	99	
1751	53	80	82	83	85	86	90	96	
1752	82	85	92	
1753	88	
1754	31	
1755	64	
1762	15	
1766	73	
1769	84	
1774	9	14	
1775	5	9	11	13	15	25	
1776	6	8	10	11	12	13	14	15	17	18	20	52	53	56	57	58	58	60	82	84	87	97	
1777	16	17	18	19	20	23	36	43	47	48	50	51	52	53	54	55	57	60	
1778	30	41	42	44	45	46	47	49	50	55	67	
1779	10	40	45	46	67	
1780	8	10	13	14	19	21	27	43	
1781	11	13	14	15	18	19	20	21	24	26	56	58	68	
1782	21	22	23	24	52	53	54	57	58	
1783	49	51	53	86	87	88	90	91	92	93	95	
1784	80	81	83	84	84	86	88	90	94	100	
1785	79	83	84	88	
1786	83	
1787	90	101	
1791	25	
1799	103	103	104	
1802	93	
1804	28	
1809	5	8	8	10	13	15	90	
1810	7	11	12	13	14	14	15	16	82	85	94	
1811	13	16	17	17	19	20	23	25	52	54	55	57	61	63	86	93	
1812	18	44	45	48	49	51	54	
1813	9	13	43	44	57	63	
1814	15	22	24	44	53	57	
1815	22	24	50	51	53	54	93	
1816	50	53	87	88	90	91	93	95	97	
1817	80	81	83	83	84	85	87	89	92	95	99	
1818	80	83	84	87	88	
1822	85	
1827	96	
1838	30	
1840	70	
1841	42	
1843	9	11	86	
1844	5	6	8	10	10	11	13	13	14	17	18	83	86	
1845	2	2	12	13	15	15	16	19	23	82	85	87	90	93	97	
1846	17	18	21	
1847	57	58	
1848	25	50	52	53	53	55	92	93	96	
1849	52	55	86	87	89	90	92	95	
1850	81	82	84	86	87	89	93	
1851	81	85	92	
1855	17	
1859	36	
1862	87	
1863	14	
1868	67	
1877	9	23	
1878	5	6	8	10	11	13	13	14	25	99	
1879	2	7	11	12	14	15	18	81	83	83	85	87	89	90	93	96	
1880	86	87	90	90	91	93	93	95	97	
1881	52	54	87	89	91	92	94	95	97	101	
1882	54	83	86	87	88	89	90	91	94	96	99	
1883	54	80	81	83	84	85	87	88	90	92	95	
1884	80	84	86	89	99	103	
1885	54	82	85	
1887	99	
1891	92	
1905	70	
1906	73	
1907	84	
1911	10	
1912	3	8	11	13	
1913	82	84	86	89	
1914	81	82	82	83	84	85	86	87	88	89	90	96	99	
1915	79	81	81	83	83	84	85	87	88	90	91	93	100	
1916	80	81	82	84	85	89	93	93	100	
1917	83	85	92	
1918	83	
1919	83	
1920	90	
1930	103	
1941	74	
1947	8	84	99	
1948	79	80	81	83	85	93	
1949	79	82	85	
1950	82	85	88	100	
1952	8	
1960	83	
1963	40	
1973	70	
1980	11	
1981	90	
1982	83	
1983	20	99	104	
1993	63	
2009	89	
2016	100	
2025	56	
2026	35	
2030	22	
2031	21	
2038	89	
2050	27	
2053	98	
2057	17	
2079	59	
2081	81	
2093	20	
2101	89	
2120	90	
2125	51	
2127	28	
2131	3	
2142	98	
2185	18	
2193	10	
2199	1	
