115	57	
116	58	
144	88	90	91	95	
145	87	90	93	
176	56	
177	47	49	53	
178	8	48	82	85	87	89	91	94	97	
179	13	15	18	78	81	82	85	87	89	90	96	98	
180	17	20	
186	97	
210	52	53	55	56	57	59	
211	47	47	48	49	50	51	
212	8	10	13	45	46	49	79	82	84	86	89	96	
213	6	11	12	12	14	15	18	78	79	81	84	86	88	88	91	95	
214	16	17	19	21	88	89	92	
215	18	
243	58	
244	51	52	53	54	55	56	57	59	60	
245	46	47	48	49	50	50	51	54	55	
246	5	9	13	44	46	48	49	85	90	
247	7	9	10	11	12	14	15	15	16	18	79	83	84	87	96	
248	3	7	11	13	15	16	16	17	18	19	22	78	81	85	90	
249	17	22	
277	57	
278	51	52	53	55	55	56	57	58	58	59	
279	45	46	47	48	49	50	50	51	52	53	54	
280	10	13	45	46	48	49	84	
281	1	5	6	8	9	11	12	13	14	15	80	
282	7	11	12	14	15	16	17	17	18	19	21	81	85	98	
283	16	17	18	19	21	22	
298	88	
312	51	52	53	54	55	56	57	58	58	59	62	
313	45	46	47	47	48	49	49	50	51	52	53	54	
314	8	11	44	46	49	
315	3	6	9	10	11	13	14	14	15	
316	7	10	12	13	14	15	16	17	18	18	19	20	20	22	23	26	
317	17	20	22	
330	87	91	92	96	
331	87	88	89	91	92	94	97	
332	10	83	86	87	87	89	91	92	94	96	
333	82	86	87	89	90	92	93	96	
334	16	17	90	
345	57	
346	52	52	53	54	55	56	57	58	60	
347	47	48	48	49	50	50	51	52	53	54	
348	9	13	44	46	48	92	
349	6	8	9	10	11	12	13	14	15	15	16	18	
350	1	12	15	16	16	17	18	19	20	22	
351	17	18	21	23	
360	57	
362	56	87	91	93	97	
363	87	89	90	92	94	97	
364	81	82	85	86	87	88	89	90	91	95	97	
365	77	78	80	81	82	84	85	86	87	88	89	90	91	94	96	100	
366	5	10	13	16	80	81	82	84	85	86	89	90	94	98	101	
367	7	10	11	12	14	15	16	17	18	19	77	79	80	82	83	84	85	86	89	91	94	96	99	
368	13	16	17	18	19	20	21	26	83	
369	22	
379	58	
380	52	52	53	54	55	55	56	56	57	59	61	
381	46	47	47	48	49	50	50	51	51	54	55	58	
382	9	45	46	49	
383	8	8	10	11	12	12	13	14	15	
384	12	13	15	16	17	18	18	19	20	21	23	25	
385	20	23	
394	92	96	
395	87	88	90	92	93	96	
396	82	85	86	87	89	90	92	95	97	
397	55	77	80	81	82	83	84	85	87	88	89	91	93	95	97	
398	36	79	80	81	82	84	85	85	86	89	90	93	97	
399	38	39	47	67	79	80	82	84	85	86	94	
400	6	8	10	13	16	18	19	28	42	67	77	78	79	81	82	84	85	88	
401	4	6	10	11	12	14	14	15	16	17	18	19	20	21	70	78	79	81	
402	13	18	20	20	21	22	79	84	
403	23	
413	58	
414	51	52	53	55	56	56	57	58	59	61	
415	47	50	51	51	52	53	54	60	
416	44	45	46	47	48	49	50	
417	5	6	8	8	9	10	11	12	14	14	15	
418	2	12	13	15	16	17	18	19	21	22	25	
419	17	17	20	22	
427	55	86	88	90	92	97	
428	54	83	86	87	87	88	90	91	93	94	97	
429	37	55	77	80	81	83	84	85	86	87	89	90	92	94	96	
430	54	58	78	79	81	82	83	84	85	86	88	88	89	95	
431	16	39	48	66	76	78	79	80	82	83	85	86	89	93	
432	11	14	16	17	18	29	38	45	65	66	78	80	82	83	85	
433	11	14	15	16	17	19	19	20	39	43	69	79	82	
434	6	11	13	13	14	15	17	18	19	20	21	21	23	24	26	43	45	67	68	70	
435	5	8	12	14	15	19	20	21	21	22	23	25	26	71	
436	2	21	22	25	
448	52	53	55	56	57	58	60	61	
449	46	47	48	50	51	51	52	52	54	54	55	56	58	60	
450	45	46	47	49	49	72	74	
451	7	9	11	12	14	15	44	
452	8	10	11	12	13	13	14	15	16	18	19	22	23	81	85	88	
453	15	17	17	20	21	
458	93	
459	88	91	93	96	
460	54	82	85	87	88	88	90	91	93	94	97	
461	54	80	81	83	84	85	86	87	88	89	90	92	94	97	
462	37	54	77	80	81	83	84	85	86	88	88	89	91	94	97	
463	37	42	47	66	77	78	80	81	84	85	86	88	90	95	
464	16	17	19	20	34	43	47	60	62	66	78	79	81	
465	6	10	13	14	16	17	18	19	19	20	23	26	42	45	51	69	71	
466	8	12	14	17	18	19	20	20	21	22	23	24	27	45	45	48	67	69	70	72	
467	11	13	14	15	19	20	21	22	23	24	27	44	48	65	69	72	
468	12	15	20	21	22	24	24	73	
469	22	24	49	
481	58	
482	52	53	57	57	60	
483	47	49	50	51	51	52	54	55	56	58	59	61	
484	42	44	45	46	46	47	48	48	49	50	50	53	
485	5	6	8	9	11	14	28	45	46	
486	7	11	12	13	14	15	15	19	82	85	88	93	93	
487	16	17	18	21	23	92	97	
489	87	
490	87	91	96	
491	57	88	91	93	96	
492	54	86	87	90	91	92	96	
493	54	78	81	84	86	87	88	89	90	92	95	
494	54	77	78	79	81	82	84	85	86	87	89	90	92	95	
495	18	40	66	76	77	79	80	82	84	85	86	88	90	
496	16	17	19	20	26	30	42	61	65	66	68	77	79	80	82	84	
497	8	12	13	15	16	17	18	18	19	20	21	24	45	70	78	83	
498	11	12	14	15	16	17	19	20	21	22	24	27	43	43	68	70	73	
499	13	14	19	20	21	22	23	23	24	
500	20	22	23	24	25	26	
501	24	41	42	42	
502	24	
516	55	57	
517	50	51	51	52	53	54	55	55	56	57	59	60	62	64	
518	47	47	49	50	50	51	54	
519	3	8	10	43	45	46	48	49	72	
520	5	7	9	11	12	13	13	14	15	79	86	91	104	
521	7	11	12	16	17	82	84	86	87	88	88	90	91	93	95	
522	85	87	87	89	90	91	94	96	
523	86	87	88	89	90	92	93	96	
524	82	86	87	87	88	90	91	93	93	95	
525	77	81	82	84	85	86	87	88	89	90	91	95	
526	38	48	53	77	80	81	82	84	85	86	87	88	89	91	94	96	100	
527	47	79	80	82	83	84	85	86	88	89	94	98	
528	13	16	40	46	67	77	79	80	81	83	85	88	98	
529	7	10	12	14	15	16	17	19	20	41	45	70	79	83	
530	12	14	15	16	17	18	18	19	20	21	22	24	27	29	45	69	71	
531	15	20	21	22	23	23	24	25	44	71	
532	21	22	23	25	
533	24	74	
541	92	92	93	
551	52	52	53	55	55	56	57	57	58	58	60	62	
552	43	47	48	49	50	51	52	53	54	56	57	59	62	
553	29	43	44	45	47	47	48	48	49	50	69	
554	2	5	10	12	14	46	49	70	84	
555	6	12	78	79	81	82	84	85	86	87	89	95	98	
556	36	77	78	79	81	82	83	85	86	86	87	88	90	93	96	
557	76	77	80	81	82	83	84	85	86	89	90	94	
558	47	77	81	82	83	84	85	87	88	89	96	98	
559	39	46	77	78	79	80	81	82	83	83	85	86	90	93	98	
560	14	16	18	18	20	29	39	43	47	51	58	62	68	69	78	79	80	81	83	84	88	99	
561	8	13	16	17	18	19	21	41	45	46	48	49	51	67	69	72	78	80	83	
562	10	12	14	15	16	17	18	19	20	21	26	43	44	65	67	69	71	
563	11	13	14	15	18	19	20	21	22	23	24	27	70	
564	13	20	21	22	24	25	
565	22	25	
585	57	58	61	
586	51	52	52	53	53	54	55	55	56	57	58	59	60	61	62	
587	32	37	43	45	47	48	49	49	50	50	51	52	54	56	57	58	60	68	
588	3	38	42	44	45	45	46	46	47	48	49	49	50	56	58	58	67	70	
589	20	26	29	43	44	45	46	47	48	49	56	57	60	66	68	70	79	80	103	
590	16	19	21	39	42	45	46	47	49	55	56	58	59	69	72	79	80	83	
591	17	18	20	21	39	42	45	47	48	50	58	60	67	69	78	80	81	83	85	88	
592	16	19	20	38	42	45	47	49	61	66	69	78	80	83	83	84	84	86	
593	7	11	13	14	15	16	18	19	20	20	22	40	45	46	48	62	65	68	68	70	80	
594	8	11	12	13	14	15	17	18	19	20	21	23	24	26	44	49	65	70	
595	11	15	19	20	21	22	23	24	25	26	49	63	70	
596	5	21	23	23	25	27	
597	23	23	25	
620	31	53	58	61	
621	26	33	51	53	54	60	62	
622	25	48	50	51	52	54	56	58	60	62	
623	22	24	25	26	29	45	48	49	50	56	59	61	72	
624	20	22	24	44	49	51	59	63	64	69	72	78	
625	14	20	21	23	23	24	27	43	45	49	59	62	67	69	78	
626	8	14	18	20	21	22	23	24	26	45	71	74	
627	10	20	21	22	23	24	25	26	63	72	
628	20	22	23	24	72	
629	22	24	
655	24	25	
658	24	63	
659	24	73	
660	24	
1164	28	30	
1165	28	
1171	67	103	
1172	89	
1174	56	
1198	75	
1199	76	
1211	99	
1216	46	
1225	38	
1243	3	
1245	23	
1253	2	
1259	39	
1260	70	
1264	37	
1266	47	
1267	47	
1278	9	
1298	18	
1299	18	40	
1300	20	42	47	56	61	66	
1301	26	46	49	72	
1302	49	
1305	54	55	
1317	74	
1324	4	
1326	69	
1327	46	
1331	44	
1333	13	17	33	57	61	
1334	16	16	17	19	21	22	24	41	51	52	56	59	66	
1335	43	44	47	48	49	50	59	71	
1336	48	54	
1341	8	
1353	5	
1358	1	
1366	9	27	
1367	6	10	11	13	14	15	16	18	57	
1368	16	16	17	19	19	21	23	24	26	51	52	53	55	56	58	60	62	
1369	21	23	43	43	45	45	46	47	47	49	49	50	51	54	57	58	
1370	45	46	47	48	50	71	
1371	46	
1376	18	
1379	8	14	
1381	74	
1400	10	14	
1401	8	9	10	10	11	12	13	14	14	18	20	25	58	
1402	15	16	17	19	20	21	22	23	51	52	53	54	55	56	57	59	61	
1403	21	22	45	47	47	50	50	51	52	54	58	63	
1404	44	47	48	49	54	57	
1405	53	
1407	41	41	
1412	22	
1416	20	
1418	2	
1419	55	
1421	46	53	
1422	47	57	
1425	2	
1431	2	
1432	35	
1434	9	14	21	
1435	5	7	9	10	12	13	14	14	15	16	17	21	
1436	3	12	13	16	16	17	18	19	20	21	24	52	52	54	55	56	57	59	62	
1437	18	22	47	49	50	51	52	53	54	55	57	58	
1438	45	47	49	50	51	53	64	
1441	74	
1452	17	18	38	
1453	39	51	
1454	28	50	60	66	68	
1455	46	48	56	
1456	47	48	
1461	63	
1468	8	11	13	
1469	5	6	8	9	10	11	14	15	16	19	
1470	13	15	16	16	17	18	18	19	20	21	24	52	55	56	57	58	61	
1471	22	46	47	49	50	51	52	53	54	56	60	
1472	45	46	48	50	
1473	48	
1482	21	
1483	19	36	
1484	26	46	66	
1485	16	18	40	
1486	16	20	24	26	41	47	50	68	70	
1487	16	18	19	21	26	42	45	47	50	56	57	59	68	72	
1488	20	21	28	40	45	46	47	49	51	53	54	56	59	61	67	72	
1489	23	26	43	44	46	47	48	49	51	58	71	
1490	47	48	50	69	
1502	9	13	17	21	
1503	3	7	8	9	10	11	12	14	14	16	57	
1504	12	13	16	17	18	18	19	20	22	24	52	54	55	56	57	58	59	
1505	18	22	45	46	47	49	50	51	53	54	62	
1506	44	47	48	49	52	86	92	
1507	28	49	
1513	59	
1516	16	21	37	42	
1517	16	20	25	38	67	
1518	16	17	19	43	53	66	
1519	13	14	17	19	20	22	27	41	46	70	
1520	12	15	16	17	19	20	22	23	27	28	48	63	68	
1521	18	19	21	22	24	29	44	51	57	58	60	63	64	70	
1522	21	22	23	24	25	45	50	51	51	52	54	55	56	56	57	59	61	71	
1523	45	48	49	50	51	52	53	55	59	71	
1524	49	51	57	
1527	72	
1536	10	
1537	4	6	8	9	10	11	12	13	13	14	15	18	24	58	
1538	15	16	16	17	18	19	20	51	52	53	54	55	56	57	59	63	
1539	18	21	22	46	47	49	49	50	51	55	56	59	
1540	45	46	48	49	51	59	63	
1541	49	
1542	49	
1544	25	81	
1546	46	
1547	16	47	
1548	17	
1549	13	17	20	27	45	49	70	
1550	16	20	39	67	
1551	6	9	12	13	16	18	19	20	40	45	71	
1552	11	14	16	18	18	19	20	22	24	41	45	49	67	68	72	
1553	11	14	15	16	17	19	20	21	22	24	25	65	71	
1554	22	23	24	26	69	
1555	23	24	57	
1556	51	52	54	55	59	92	
1557	50	51	53	55	56	58	87	88	90	92	95	
1558	51	
1561	68	68	69	69	70	
1564	86	
1569	91	
1570	9	19	
1571	3	7	9	10	11	12	14	14	15	19	
1572	13	15	16	16	17	18	20	21	53	55	56	57	58	59	61	
1573	18	21	23	47	47	49	50	51	52	54	55	56	59	63	
1574	44	46	47	48	49	50	56	
1575	47	49	
1578	16	
1579	100	
1580	37	48	67	
1581	17	
1582	18	20	26	41	68	
1583	9	11	14	16	17	19	21	42	67	
1584	11	13	13	15	16	18	19	20	22	24	28	72	
1585	7	9	11	14	15	18	18	19	20	22	25	26	43	49	68	71	
1586	15	20	21	23	24	26	71	
1587	22	23	23	25	92	
1588	57	92	93	
1589	54	55	87	88	90	91	93	94	96	
1590	53	55	59	83	87	87	90	91	93	94	96	
1591	60	82	83	84	85	86	87	89	92	95	98	
1592	81	86	89	
1604	10	
1605	4	7	8	10	11	13	13	14	15	18	
1606	12	15	16	17	18	20	52	53	56	56	57	58	59	61	
1607	17	21	23	36	43	47	48	49	50	51	52	54	55	56	60	
1608	45	46	47	49	50	51	72	
1609	49	51	
1610	77	
1611	48	
1612	40	
1613	25	47	
1614	10	17	19	25	
1615	13	14	16	17	19	20	23	26	40	45	67	69	
1616	7	11	13	15	16	17	18	20	21	38	43	45	50	67	71	73	
1617	11	13	14	17	18	19	20	22	24	27	28	71	
1618	12	15	20	21	22	23	25	71	
1619	22	24	
1621	86	87	88	89	90	91	93	93	95	
1622	83	85	86	87	87	88	89	90	92	95	97	
1623	80	81	82	83	85	86	87	89	90	95	98	
1624	76	77	79	81	82	84	85	86	88	90	92	95	
1625	79	80	83	84	86	90	
1638	9	
1639	3	9	10	12	13	15	
1640	7	11	12	14	15	16	17	20	56	57	82	86	90	94	
1641	16	17	18	19	21	51	52	53	53	54	55	56	57	58	58	60	
1642	36	45	46	47	48	49	50	51	52	54	56	61	
1643	37	43	45	46	48	49	68	
1644	32	45	47	58	
1645	16	19	25	29	36	42	46	61	
1646	14	16	18	20	38	42	47	48	59	71	
1647	14	16	18	20	24	27	47	49	66	71	
1648	6	11	13	15	17	19	21	24	27	43	45	46	64	70	76	
1649	12	15	16	18	19	20	22	24	27	64	69	
1650	12	21	22	23	25	26	45	58	70	
1651	21	22	24	56	
1652	23	24	
1653	54	55	86	86	87	89	90	91	92	95	98	
1654	82	83	86	87	88	89	90	93	95	97	99	
1655	77	80	81	82	83	83	84	85	87	89	96	100	
1656	77	78	79	80	81	82	83	84	85	88	88	91	95	
1657	76	78	79	81	82	84	85	89	92	95	
1658	24	78	80	83	86	89	
1659	79	90	
1660	88	
1664	71	
1671	25	
1672	10	
1673	5	9	12	13	15	
1674	5	6	8	10	11	12	13	14	15	16	18	18	20	79	88	89	96	
1675	16	17	19	20	35	52	52	55	57	58	58	59	62	83	87	89	92	96	
1676	18	23	42	48	50	50	52	54	56	58	59	
1677	25	26	39	45	47	48	49	50	67	69	
1678	19	41	44	46	48	49	59	64	67	71	
1679	10	14	16	19	22	39	46	60	65	
1680	11	18	18	20	21	23	23	27	39	45	46	49	61	65	68	68	73	76	77	
1681	5	13	14	19	20	22	24	43	45	49	71	
1682	9	12	14	15	21	23	23	24	65	69	
1683	12	21	22	24	56	
1684	23	24	56	
1685	53	53	54	87	90	91	93	95	98	
1686	55	82	83	85	86	87	89	90	92	94	95	97	99	
1687	77	78	79	80	82	83	84	84	85	86	88	89	92	94	
1688	76	78	79	80	81	82	83	84	85	86	88	90	94	100	
1689	78	78	80	82	85	96	
1690	79	81	84	
1691	79	85	
1692	84	
1693	90	
1694	47	
1701	16	38	
1702	19	
1707	4	
1708	4	8	9	10	11	12	13	14	21	86	
1709	7	15	16	19	55	78	79	82	85	87	89	91	95	
1710	16	17	18	20	54	57	59	62	63	
1711	29	35	51	54	61	
1712	22	23	25	44	50	70	
1713	12	20	22	23	25	64	70	73	
1714	15	21	24	27	64	
1715	21	22	23	25	
1716	24	25	92	
1717	52	86	87	88	91	92	95	96	
1718	54	86	86	87	88	90	91	92	93	95	97	
1719	54	78	81	82	83	84	85	86	88	88	89	91	96	
1720	78	79	80	81	83	84	85	86	88	97	
1721	79	81	85	
1722	81	84	94	
1731	63	
1735	21	
1739	29	
1741	4	8	13	
1742	5	9	11	13	15	83	96	100	
1743	7	9	11	12	14	15	16	79	81	84	86	88	91	95	100	
1744	12	13	15	17	81	83	85	86	87	89	90	92	93	95	97	
1745	18	87	88	89	90	91	93	95	97	
1746	87	91	92	
1747	87	88	90	92	96	
1748	90	91	92	96	
1749	55	87	87	89	90	91	93	93	94	96	
1750	83	86	87	87	89	90	91	94	96	98	
1751	76	77	81	82	83	85	86	87	88	89	94	96	99	
1752	79	80	81	82	83	84	84	85	87	89	95	101	
1753	77	79	80	82	84	85	87	87	92	94	
1754	80	82	85	93	
1755	78	
1770	100	
1776	10	14	
1777	4	10	80	84	90	
1778	7	10	13	14	77	78	80	81	82	84	85	87	89	95	
1779	9	77	81	82	83	84	85	86	87	89	91	95	
1780	78	81	82	82	85	86	87	88	89	91	94	95	98	
1781	78	81	83	85	85	86	88	89	91	94	97	101	
1782	77	80	82	83	85	86	87	88	90	91	94	98	
1783	76	77	80	80	81	82	83	84	85	86	87	88	90	
1784	78	79	80	80	81	82	83	84	86	89	94	100	
1785	77	78	79	80	82	85	88	92	96	
1786	78	80	82	85	98	
1787	79	85	
1793	104	
1798	5	
1806	6	
1811	87	
1812	10	18	19	21	78	81	84	95	
1813	15	78	79	81	84	85	87	91	
1814	77	79	80	80	82	83	84	86	88	99	
1815	78	78	79	80	81	84	86	
1816	78	78	79	81	83	84	86	89	93	
1817	78	81	84	100	
1818	39	79	82	84	89	
1823	6	
1826	65	
1832	55	
1847	80	85	
1848	79	85	
1849	81	84	
1850	102	
1851	66	80	90	93	
1857	100	104	
1859	71	
1874	103	
1875	33	
1882	96	
1884	87	
1889	38	
1913	54	
1915	69	
1934	71	
1950	24	
1963	41	75	
1979	8	
1982	15	
2007	72	
2008	9	
2012	37	
2025	96	
2043	12	
2047	39	
2049	68	
2069	101	
2072	2	
2073	71	
2075	10	
2093	62	
2109	33	
2198	23	
2206	12	
2211	10	
2246	9	
2262	101	
2266	100	
