14	102	
16	72	
179	91	
182	22	
211	91	
212	9	85	87	88	89	90	92	93	98	
213	81	83	84	85	86	87	89	90	91	93	94	
214	13	16	82	85	87	89	90	92	93	
215	16	
218	11	
229	92	
230	92	
231	87	93	
243	56	57	61	
244	47	51	54	
245	46	48	52	
246	80	81	83	84	86	89	91	
247	7	8	10	14	79	80	81	82	84	85	86	89	90	96	99	
248	6	11	12	14	16	80	81	82	83	85	89	91	95	98	
249	16	17	18	21	90	94	
250	21	
261	91	
262	86	88	89	90	92	97	
263	82	86	87	88	90	92	96	
264	83	85	86	87	88	90	91	92	94	
265	83	84	86	87	89	91	92	
266	17	
277	52	56	56	57	
278	34	47	50	50	51	52	53	53	54	55	56	57	59	
279	42	43	44	45	46	47	47	48	49	49	50	
280	44	47	48	79	83	
281	6	8	10	12	14	79	80	82	83	89	
282	6	10	11	12	13	14	14	15	19	80	81	83	84	86	88	91	94	
283	11	13	15	16	17	19	20	81	83	87	90	
284	17	18	20	22	
293	91	
294	86	88	89	91	93	96	
295	82	86	87	88	88	89	90	92	93	97	
296	80	81	82	84	85	86	88	89	90	92	96	
297	79	80	82	83	84	85	87	88	89	90	94	
298	9	11	79	80	81	82	83	83	84	85	87	88	89	91	94	99	
299	7	10	11	13	14	15	16	79	80	81	83	84	85	86	88	91	99	
300	16	16	17	18	19	86	
311	57	61	
312	48	50	51	52	53	54	54	55	56	56	57	59	61	
313	35	42	44	45	46	46	47	48	49	50	50	51	54	55	56	58	
314	39	43	44	45	46	47	48	49	
315	9	44	
316	2	7	8	9	10	11	12	14	14	15	79	82	86	91	
317	6	11	12	13	14	15	15	16	17	19	20	80	81	84	86	90	93	94	99	
318	16	17	18	20	22	92	
326	56	88	91	
327	52	53	85	87	88	89	90	92	94	
328	55	81	82	83	84	85	86	87	88	89	90	91	96	
329	53	81	82	83	83	84	85	86	87	89	90	91	94	
330	80	81	82	83	83	84	86	89	93	94	
331	79	80	81	83	84	89	93	
332	6	9	10	12	14	66	79	81	85	
333	1	6	7	10	11	12	13	13	14	14	15	16	17	19	20	79	80	
334	16	17	18	19	20	20	21	
335	18	22	
345	58	
346	51	52	53	54	55	56	56	57	60	
347	36	47	48	49	50	50	51	52	53	54	54	55	56	59	
348	43	43	45	45	46	47	49	51	
349	10	45	49	
350	4	7	9	10	11	12	13	14	
351	6	8	10	11	12	13	14	15	15	17	19	24	79	80	81	84	87	89	91	
352	15	16	17	18	20	22	25	82	85	90	99	
353	17	
358	56	57	
359	52	55	57	61	
360	49	51	53	86	88	89	91	94	
361	50	81	82	83	84	86	87	88	89	91	94	
362	54	80	81	82	83	84	86	89	92	94	
363	79	80	82	84	86	89	
364	78	79	80	84	
365	4	17	67	82	
366	7	9	10	12	14	15	16	17	18	19	43	81	83	
367	6	8	10	11	12	13	13	14	15	15	16	17	18	18	19	20	20	21	23	24	27	29	69	
368	17	19	20	21	22	23	23	
380	53	55	56	57	60	
381	47	48	49	50	51	51	52	52	54	54	55	56	57	58	60	
382	41	45	45	46	46	47	49	49	50	54	
383	9	43	44	46	49	
384	9	10	12	14	
385	7	8	10	11	12	13	13	14	15	16	21	23	79	80	84	
386	11	12	13	15	15	16	17	18	18	19	20	80	81	85	91	97	99	
387	17	20	22	
391	56	
392	56	58	59	92	
393	50	51	52	53	54	55	56	85	87	89	91	93	96	
394	48	50	51	55	81	82	84	85	87	89	91	93	98	
395	55	80	81	82	83	84	86	89	
396	46	79	81	85	
397	79	81	100	
398	12	14	16	18	19	20	41	47	67	
399	10	12	14	15	16	17	18	18	19	20	21	23	26	28	43	44	45	47	70	
400	7	9	11	12	14	15	16	18	18	19	20	20	21	24	44	69	
401	1	4	7	13	15	20	20	21	22	23	24	25	27	
402	22	23	
414	53	55	56	57	60	
415	34	51	51	52	54	54	55	56	57	58	58	59	61	
416	38	42	44	45	46	47	47	48	48	49	50	50	51	53	53	54	61	
417	44	45	46	47	49	
418	9	13	
419	5	7	9	10	11	13	14	15	20	24	84	
420	8	12	13	13	15	15	16	17	18	19	21	80	
421	17	18	19	20	21	23	
425	52	57	87	92	
426	51	52	53	55	83	85	87	88	90	91	95	
427	50	51	53	81	82	83	85	86	88	88	90	92	96	
428	39	81	82	83	84	86	87	88	90	92	94	
429	46	79	81	83	86	88	99	
430	13	41	46	66	84	
431	6	8	10	13	16	18	18	44	68	
432	9	11	12	14	15	16	17	17	18	19	19	20	25	27	44	
433	5	6	10	13	15	17	18	19	20	20	21	21	23	23	25	27	
434	22	23	24	25	26	
435	2	21	23	24	
449	51	52	53	54	55	55	56	56	57	59	62	
450	42	46	47	48	49	49	50	50	51	53	54	55	56	58	
451	41	44	44	45	46	47	49	49	
452	45	48	
453	5	6	7	8	9	11	12	14	15	18	87	93	100	
454	2	7	9	11	12	12	13	14	15	15	16	16	17	19	19	21	69	80	84	91	97	99	
455	17	18	19	21	22	23	
457	57	
458	55	88	90	92	
459	51	54	57	58	82	85	87	88	89	90	91	95	
460	53	55	80	81	82	84	85	86	87	88	89	91	93	93	98	
461	53	79	80	81	83	83	84	85	86	89	96	
462	80	82	83	86	
463	11	16	19	68	
464	8	10	13	14	16	17	18	19	19	20	22	44	46	48	68	
465	6	10	11	13	13	14	15	17	18	18	19	20	21	24	26	43	
466	15	18	20	20	21	22	23	25	26	
467	21	22	23	23	25	
483	51	52	53	55	56	57	58	59	61	
484	37	46	47	50	50	51	52	53	53	54	55	59	62	
485	43	44	45	46	47	48	48	49	49	50	51	59	
486	45	
487	6	9	10	11	14	15	68	84	
488	1	6	8	10	12	12	13	14	15	17	19	20	23	81	85	93	
489	16	17	18	20	21	22	25	87	91	
490	88	92	
491	52	53	56	86	87	89	91	95	
492	53	54	82	83	84	85	86	87	89	90	91	93	94	100	
493	51	78	81	82	83	83	84	85	87	89	90	93	93	98	
494	79	80	81	82	83	85	87	89	
495	16	42	68	79	81	
496	8	10	16	16	17	18	18	19	20	26	29	44	65	67	
497	9	11	12	13	14	15	16	17	18	18	19	20	20	23	28	43	44	
498	12	14	15	16	18	18	20	20	21	22	24	25	43	
499	20	21	22	23	23	24	26	
500	21	23	24	
517	52	53	55	56	57	58	61	
518	47	48	50	50	51	52	53	53	54	55	55	56	58	61	
519	44	45	46	47	49	49	50	52	54	
520	43	45	50	
521	7	9	10	12	13	15	
522	2	6	8	10	11	12	14	15	15	16	18	20	24	82	86	91	
523	22	52	56	81	83	84	85	86	88	89	90	92	94	
524	52	54	56	82	83	85	86	87	89	90	91	93	95	
525	52	53	81	82	83	84	85	86	87	89	90	91	94	
526	54	79	81	82	82	84	85	86	88	89	95	
527	43	79	80	81	84	85	86	89	
528	10	14	17	68	78	80	85	
529	8	10	11	13	14	15	16	16	18	19	43	
530	12	14	16	17	18	19	20	21	22	23	24	27	28	45	70	
531	13	14	18	20	21	22	23	24	25	44	
532	21	22	24	25	
536	26	
551	52	55	55	56	57	58	58	61	
552	35	46	47	49	50	51	51	52	53	54	55	56	57	59	60	
553	39	43	45	45	46	46	47	48	48	49	49	50	53	55	
554	43	45	46	49	49	50	50	
555	8	12	14	
556	2	4	6	9	11	12	15	17	81	91	97	99	
557	80	81	82	84	85	87	89	90	94	
558	52	81	82	83	84	85	86	88	90	91	97	99	
559	79	80	81	82	83	84	87	89	94	
560	79	80	83	84	88	
561	8	12	14	16	44	69	79	
562	9	10	12	14	15	16	17	18	18	19	20	21	40	44	45	71	
563	11	12	13	14	15	17	19	19	20	21	23	44	
564	13	15	17	18	20	21	22	22	23	24	26	
565	22	25	
570	25	25	
585	53	55	56	57	57	60	
586	47	50	51	51	52	53	53	54	54	55	55	56	57	58	59	61	
587	45	46	47	48	48	49	49	50	50	51	54	
588	44	45	47	49	
589	44	
590	88	
591	78	79	80	82	83	
592	42	79	80	81	84	85	88	
593	16	19	42	78	79	83	83	
594	6	8	10	14	16	19	67	
595	6	9	10	11	12	14	15	15	16	17	17	18	19	20	44	
596	5	12	14	15	16	17	18	18	19	20	21	21	23	23	24	26	44	
597	21	22	22	24	25	
598	22	23	
619	56	57	
620	34	50	51	52	52	54	55	55	56	57	58	58	60	
621	42	45	46	47	47	48	49	50	50	51	52	53	55	56	
622	42	43	44	45	46	48	48	49	
624	5	49	
626	10	14	16	18	47	71	
627	9	11	13	14	16	17	17	18	19	21	42	43	45	46	71	
628	7	9	11	12	13	14	15	16	17	18	19	19	20	22	24	44	46	70	
629	12	15	17	18	19	20	20	21	22	24	25	27	
630	21	22	23	23	24	
653	58	
654	35	51	52	53	54	55	55	56	57	58	59	61	
655	35	43	45	47	48	49	50	51	51	52	53	54	55	56	58	59	61	
656	30	36	41	43	43	44	45	46	47	48	49	49	50	51	55	57	
657	28	41	44	45	46	47	
658	12	43	
659	8	12	13	15	17	19	21	25	28	46	68	
660	8	10	12	13	14	15	16	17	18	18	19	20	41	43	47	68	
661	10	12	14	15	17	18	19	20	20	21	22	24	24	27	70	
662	13	15	18	20	21	22	23	24	25	26	
663	21	22	23	24	
688	53	55	56	58	60	
689	35	51	52	53	54	55	55	56	56	57	59	62	
690	31	43	44	45	45	46	47	49	49	50	51	52	53	55	57	59	
691	29	41	42	44	44	45	46	47	47	48	49	49	51	63	66	
692	9	11	13	15	19	39	43	43	44	46	64	69	
693	10	11	12	14	14	15	16	17	18	19	20	21	23	27	69	
694	7	12	15	17	18	19	20	21	22	24	25	27	
695	20	21	22	23	24	25	
696	22	
717	13	
723	53	55	
724	35	50	54	55	60	64	
725	45	47	50	53	
726	23	24	45	64	
727	12	20	22	23	24	25	
728	23	24	
761	25	
831	80	
1167	15	
1172	35	
1174	9	23	
1175	70	
1179	68	
1184	54	
1186	52	
1205	68	
1206	49	74	
1216	38	
1236	67	
1251	84	
1260	92	
1263	45	
1267	45	
1269	22	
1272	17	
1280	82	
1286	101	
1289	100	
1294	74	
1297	20	
1303	26	
1312	67	73	
1315	75	
1322	62	
1333	32	
1334	20	
1335	42	44	53	69	
1336	60	
1341	75	
1351	29	
1353	67	
1366	26	
1367	16	19	43	
1368	16	17	18	20	23	37	40	43	45	46	48	57	62	
1369	19	21	24	43	45	46	47	50	
1370	43	44	46	50	
1375	16	
1383	17	27	
1384	43	46	
1385	67	
1386	47	
1387	56	70	
1391	10	
1392	92	
1400	10	13	
1401	7	11	12	14	15	16	19	20	24	58	
1402	16	17	19	20	21	22	24	43	52	55	56	57	60	65	
1403	20	21	22	23	25	37	42	44	45	46	47	48	49	50	52	53	55	56	59	
1404	23	25	43	45	46	48	49	50	53	
1405	43	47	
1412	40	41	
1415	24	
1416	42	44	47	
1417	12	47	
1418	17	18	20	26	38	39	43	46	
1419	18	19	21	26	42	45	47	48	52	58	58	
1420	20	22	25	27	41	44	47	48	48	50	57	61	
1421	27	42	43	45	46	48	49	51	
1425	64	
1432	15	
1434	8	10	13	15	23	
1435	6	10	11	12	13	14	15	17	18	21	24	
1436	13	16	17	18	20	20	21	24	52	53	55	56	57	59	61	
1437	17	21	23	25	48	49	50	51	51	54	55	57	58	61	
1438	23	37	42	44	45	46	47	49	50	51	52	53	
1439	44	47	48	54	
1440	63	
1441	54	
1443	86	
1446	67	
1448	19	48	
1449	11	18	41	
1450	12	14	16	20	42	
1451	7	8	11	14	15	16	18	19	22	
1452	15	16	17	18	19	20	20	22	28	43	43	49	65	68	
1453	17	18	18	19	20	21	23	23	34	44	45	46	48	48	50	53	55	56	57	58	61	64	
1454	21	22	23	42	44	45	47	49	50	51	53	55	56	59	69	
1455	22	42	44	45	46	47	48	49	51	53	56	
1456	49	67	
1468	9	13	13	17	24	
1469	6	8	10	11	13	14	15	
1470	7	12	14	15	16	18	18	21	24	56	57	80	81	85	89	92	94	98	
1471	16	17	17	20	21	34	51	51	52	53	53	54	55	56	59	61	
1472	43	44	45	46	47	47	48	49	50	51	53	54	56	59	
1473	44	45	46	47	48	50	
1474	43	49	
1479	16	
1481	14	17	
1482	16	18	
1483	12	14	16	17	18	20	22	24	45	70	
1484	12	14	17	18	19	20	21	23	26	42	43	45	46	48	65	69	
1485	8	8	11	15	17	19	20	21	22	24	45	69	
1486	13	14	19	20	21	23	23	25	26	45	
1487	22	24	51	52	54	55	55	56	56	57	58	59	
1488	23	23	25	47	48	50	51	52	53	54	55	56	59	61	
1489	43	44	45	47	48	49	50	52	53	54	
1490	49	
1503	7	8	9	11	13	15	18	91	
1504	6	7	10	11	11	12	13	14	15	15	20	57	80	81	84	91	101	
1505	16	16	17	18	18	19	20	21	35	51	52	53	54	55	56	57	59	61	82	
1506	22	33	42	45	47	49	50	51	52	54	55	56	61	
1507	42	44	45	46	47	48	49	50	50	52	53	
1508	36	44	47	49	50	54	
1509	45	47	
1513	16	35	
1515	9	16	19	
1516	9	11	13	13	14	16	17	19	21	25	
1517	10	12	15	16	17	18	19	20	21	22	25	26	68	
1518	13	15	18	19	20	21	23	24	
1519	22	23	23	25	
1520	22	57	
1521	52	56	62	93	
1522	50	50	51	52	53	54	55	57	58	87	88	89	90	91	92	
1523	50	52	53	82	83	85	86	88	89	90	93	94	
1529	69	
1533	49	
1537	8	9	11	13	15	
1538	6	9	10	11	12	13	14	15	15	16	20	80	
1539	12	15	16	17	18	19	20	22	24	52	53	55	56	57	81	91	97	
1540	17	18	23	35	36	50	51	52	53	54	55	56	57	59	60	63	
1541	45	46	47	48	49	49	50	52	54	55	
1542	43	45	46	49	50	
1543	47	51	
1544	68	
1545	16	
1548	15	17	18	
1549	7	8	10	12	13	14	16	17	19	21	
1550	9	10	12	14	15	15	16	17	18	19	20	21	24	26	
1551	13	15	17	18	19	20	21	22	24	26	
1552	21	22	24	25	
1554	52	55	56	87	91	93	
1555	52	53	55	56	82	85	86	87	88	88	89	91	93	94	
1556	52	53	55	81	82	83	84	85	86	87	89	90	92	94	98	
1557	80	81	82	84	86	91	100	
1560	71	
1561	69	70	70	71	
1571	2	9	12	15	19	93	
1572	5	7	9	10	11	12	13	14	15	20	93	
1573	8	12	13	15	15	17	18	20	21	57	58	81	83	84	86	89	91	96	
1574	16	17	21	23	36	51	51	52	53	53	54	55	56	57	59	
1575	45	45	47	48	48	49	50	50	51	53	53	54	55	
1576	43	45	47	49	50	51	53	
1580	47	
1581	10	15	18	19	
1582	8	11	13	15	16	17	18	20	45	67	70	
1583	9	10	12	14	15	16	17	18	19	20	22	25	45	
1584	12	13	15	17	20	21	22	23	23	
1585	21	22	24	
1586	53	56	92	
1587	35	51	52	54	87	88	89	91	92	97	
1588	52	54	82	82	84	85	86	87	88	89	90	95	
1589	77	81	82	83	84	85	87	90	
1590	79	80	80	82	84	85	87	89	
1591	79	80	82	84	
1592	84	
1595	81	
1605	3	8	13	
1606	5	9	10	11	13	15	19	88	
1607	1	6	7	11	12	12	14	15	15	18	20	24	80	81	86	
1608	16	17	17	19	20	21	51	52	52	53	54	54	55	56	56	57	58	60	82	86	
1609	35	42	46	47	47	50	51	52	53	54	55	56	60	
1610	44	45	46	47	48	49	50	54	
1611	44	50	
1613	11	44	
1614	10	14	16	17	18	20	22	28	
1615	9	12	14	15	17	18	19	21	22	23	27	44	69	
1616	8	11	13	13	15	17	18	19	20	22	23	28	45	68	
1617	15	15	20	21	22	23	25	28	
1618	21	22	23	25	
1619	88	92	
1620	52	53	54	85	86	87	89	90	91	93	93	95	
1621	53	55	81	81	82	84	85	85	86	88	89	90	92	93	
1622	54	79	80	81	82	83	84	85	88	89	94	
1623	79	80	81	83	85	88	93	
1624	79	85	93	
1639	10	15	
1640	5	9	10	14	16	
1641	7	9	10	11	12	13	13	14	15	17	19	69	80	93	100	
1642	16	17	17	18	19	20	21	22	23	52	54	55	56	57	59	60	62	69	
1643	34	42	47	48	49	50	50	51	53	53	54	55	58	60	
1644	36	41	44	45	46	48	49	50	51	
1645	45	49	
1646	19	42	48	67	
1647	9	13	15	16	17	18	20	28	67	
1648	10	13	14	16	17	20	22	24	43	44	
1649	11	13	14	15	17	18	20	21	22	24	70	
1650	22	23	23	25	28	56	
1651	22	24	52	56	
1652	51	53	54	86	87	90	91	92	94	97	
1653	55	59	81	82	83	84	85	86	87	88	89	90	91	93	96	103	
1654	55	79	80	81	82	82	83	84	85	86	88	91	96	
1655	79	79	80	81	83	87	88	
1656	78	79	82	84	94	
1657	82	85	
1658	85	
1668	13	
1673	21	
1674	5	7	9	11	14	20	
1675	5	6	8	9	10	11	12	12	13	14	15	16	17	19	24	58	83	
1676	13	15	16	16	17	19	19	20	21	24	34	52	53	55	55	56	57	59	62	82	
1677	18	22	36	47	49	50	51	52	53	53	54	55	56	58	
1678	32	36	42	44	45	46	47	48	49	50	51	58	63	
1679	42	44	45	46	49	66	68	
1680	6	10	12	14	19	43	44	
1681	5	8	10	12	14	15	16	17	18	20	21	23	24	25	
1682	5	12	14	15	17	20	21	22	23	24	27	45	
1683	20	21	22	23	25	56	58	
1684	22	34	51	52	54	92	
1685	49	51	53	53	83	86	87	89	90	92	95	
1686	53	57	80	81	82	83	83	84	85	86	88	90	94	
1687	79	80	81	82	83	84	87	91	96	100	
1688	79	80	81	84	87	88	
1689	79	84	
1692	83	
1696	70	
1707	9	
1708	9	11	13	15	
1709	4	6	7	9	10	11	12	14	14	15	16	93	
1710	15	16	17	18	18	19	20	23	23	25	55	57	93	
1711	18	22	51	52	55	57	59	
1712	43	44	45	47	48	49	51	54	60	
1713	8	23	26	42	44	45	46	47	49	
1714	12	15	20	23	44	64	
1715	13	15	20	21	22	23	25	45	
1716	22	24	56	
1717	52	53	55	88	92	
1718	51	52	54	55	59	82	83	85	86	86	87	88	89	90	92	94	97	
1719	80	81	82	84	85	86	87	88	89	91	96	
1720	79	80	81	84	90	95	99	
1721	78	80	84	
1722	81	84	
1723	85	
1724	86	
1727	64	
1740	11	
1741	9	19	36	36	37	
1742	9	12	14	39	
1743	4	6	8	9	10	11	12	13	13	14	14	21	27	80	95	
1744	12	13	15	15	16	17	18	18	19	20	21	81	86	
1745	17	20	21	23	
1746	54	
1748	23	25	
1749	25	57	59	92	
1750	52	54	87	88	91	92	
1751	51	53	55	82	83	86	86	87	88	89	91	94	96	
1752	54	79	80	81	82	84	85	86	88	92	94	
1753	79	80	81	83	84	86	
1754	80	84	
1756	21	102	
1757	5	
1763	8	
1764	7	7	
1767	69	
1770	3	
1776	9	22	26	
1777	4	7	9	10	10	11	12	13	14	15	16	20	
1778	7	12	13	15	15	16	17	19	20	80	82	84	87	90	93	94	
1779	16	17	18	20	21	23	
1782	57	93	
1783	51	52	55	56	82	83	85	86	87	88	89	90	92	94	
1784	54	81	82	82	84	85	86	87	89	90	92	94	98	99	
1785	53	53	79	80	81	81	82	84	85	87	89	91	
1786	79	81	83	88	90	
1787	80	84	
1788	84	94	
1798	74	
1810	12	
1811	5	7	8	10	11	13	13	14	94	
1812	7	11	12	13	14	15	20	22	23	79	81	83	84	86	90	
1813	17	18	18	20	83	86	87	88	90	92	94	
1814	88	92	
1815	51	53	54	87	89	91	93	98	
1816	52	82	85	85	86	88	88	89	90	92	95	
1817	52	58	80	81	82	83	84	85	87	89	91	94	
1818	80	80	81	83	83	84	85	86	88	
1819	78	80	84	
1820	84	
1821	82	
1822	84	
1827	7	
1837	70	
1842	16	
1844	4	5	8	
1845	8	10	14	91	
1846	5	9	10	11	12	14	15	79	80	82	86	90	93	
1847	7	12	13	81	82	84	85	86	88	90	91	93	94	97	100	
1848	52	54	55	82	83	85	86	87	88	89	90	90	91	93	94	98	
1849	52	54	81	83	83	85	85	86	87	88	90	91	96	
1850	79	80	81	82	83	83	84	85	87	91	98	
1851	78	80	81	83	86	
1852	54	78	80	85	
1853	86	89	
1854	63	85	
1857	102	
1863	4	
1880	5	7	11	15	
1881	2	7	7	79	80	81	84	86	89	
1882	55	79	80	81	82	83	84	85	87	89	91	93	
1883	78	79	80	81	82	83	85	87	88	91	96	
1884	79	80	86	90	
1885	78	83	83	
1892	12	
1894	4	
1896	69	
1914	11	42	83	90	
1915	80	84	89	99	
1916	79	80	86	
1917	81	
1918	84	
1920	99	
1923	63	
1924	12	43	
1944	68	
1950	84	
1951	86	
1954	90	
1958	63	
1987	99	
1988	102	
1991	52	
1999	33	
2001	45	
2013	27	
2014	60	
2015	12	
2048	2	
2052	62	
2054	20	
2078	28	
2084	13	24	
2123	4	
2157	101	
2234	3	
2263	7	
