48	62	
113	92	
142	39	
146	88	90	92	
147	86	87	88	88	90	91	92	95	
148	86	87	90	92	94	
149	88	92	
179	46	50	58	
180	82	85	87	90	
181	9	80	82	83	84	85	86	87	89	90	97	
182	6	12	14	16	81	81	82	84	85	86	87	88	89	91	92	94	97	
183	16	17	18	82	85	86	88	90	91	95	
184	16	18	91	
211	57	
212	51	52	54	55	56	57	59	
213	36	43	45	46	47	47	49	50	52	53	54	56	
214	44	46	48	49	84	
215	7	8	10	14	78	79	80	81	83	84	89	
216	6	8	10	12	13	15	79	80	81	82	84	85	87	88	90	
217	11	12	15	16	18	80	82	83	84	85	86	87	89	90	91	94	100	
218	16	81	82	83	85	86	87	88	88	90	91	93	93	97	
219	16	82	86	87	88	90	91	93	93	
220	83	87	88	90	92	97	100	
221	83	87	90	92	96	
222	17	88	93	
245	58	
246	35	51	52	53	54	55	55	56	57	57	60	
247	47	48	50	51	51	52	53	54	55	56	58	62	
248	32	44	45	45	46	48	48	49	49	50	53	56	
249	43	46	
250	10	12	15	78	79	82	84	100	
251	5	7	8	11	13	14	16	79	80	81	83	84	
252	12	14	17	79	80	81	81	83	83	84	85	90	
253	5	81	82	83	84	85	86	89	90	97	99	
254	13	81	82	83	84	85	86	89	90	93	95	
255	8	11	14	16	81	82	83	84	85	88	90	96	
256	16	17	18	81	85	86	90	
280	53	55	56	57	57	
281	35	48	49	50	51	51	52	53	54	54	55	56	57	59	
282	45	45	46	47	48	48	49	50	50	51	
283	44	49	66	
284	5	11	16	19	56	59	
285	4	13	17	18	18	19	20	22	26	41	42	43	44	47	48	56	58	66	69	78	
286	10	20	20	22	26	41	43	44	46	47	48	50	70	79	80	98	
287	20	41	43	46	67	72	79	79	80	
288	7	9	15	18	18	20	21	41	46	48	66	79	80	82	84	
289	6	9	11	12	14	17	18	19	20	28	43	69	78	79	81	
290	3	7	11	13	15	16	19	20	21	22	70	80	83	
291	20	22	
314	53	56	57	58	
315	35	47	48	50	51	51	52	53	54	54	55	59	62	
316	32	44	45	46	47	49	49	50	50	53	
317	9	44	
318	7	10	11	12	13	14	15	15	16	19	
319	16	17	18	18	19	20	21	23	24	50	61	
320	19	21	22	23	23	24	32	42	44	45	47	50	53	59	65	
321	14	20	22	25	26	43	44	48	63	78	
322	11	13	15	19	20	21	23	24	26	44	69	78	
323	21	22	23	24	25	
324	21	23	24	
325	23	
329	88	
330	88	92	
331	88	92	
332	87	88	92	
333	87	91	93	
334	93	
348	55	56	57	62	
349	35	47	50	51	51	52	53	54	54	55	58	61	
350	45	45	46	47	48	49	50	50	88	92	
351	8	10	13	44	48	
352	4	6	10	11	12	12	14	15	15	16	19	23	27	71	
353	15	16	17	17	18	19	19	20	21	22	25	
354	23	25	
356	24	
357	24	
362	87	91	93	
363	86	87	89	91	92	94	98	
364	82	85	86	87	88	89	90	91	94	
365	82	83	84	85	86	87	89	90	91	93	94	
366	82	85	86	87	89	90	92	94	98	
367	15	81	82	84	85	86	87	89	90	91	95	99	
368	16	17	18	82	85	86	87	89	90	92	96	
369	17	
381	58	
382	52	53	55	56	57	
383	34	37	47	48	50	50	51	52	52	54	54	55	56	59	
384	45	46	47	48	49	50	51	86	88	92	
385	9	10	11	13	87	92	
386	2	7	10	11	12	12	13	14	15	16	18	19	27	69	
387	16	17	18	19	20	21	22	25	27	
388	23	
394	56	88	91	
395	87	88	89	90	92	94	
396	85	86	87	89	90	91	96	
397	80	81	82	83	84	86	87	88	90	91	93	
398	80	81	82	82	83	84	85	86	87	89	90	94	
399	10	79	80	81	82	83	84	85	86	89	
400	8	79	81	81	82	83	84	85	86	88	90	
401	8	10	14	16	79	80	81	82	83	83	84	86	88	94	100	
402	6	10	11	12	15	16	16	17	18	20	70	79	80	81	82	83	84	86	97	
403	17	18	19	21	26	82	
405	71	71	
415	58	
416	52	55	56	57	61	
417	46	47	48	49	50	51	52	53	53	54	55	58	61	
418	44	46	49	50	83	83	86	92	
419	9	10	14	48	83	87	
420	2	7	10	11	12	13	13	15	15	16	16	18	19	20	69	
421	12	17	18	18	19	20	21	22	24	
425	92	
426	88	92	
427	54	85	87	88	89	90	92	94	
428	82	85	86	87	88	89	90	91	93	94	
429	54	80	81	82	83	84	85	86	87	88	89	90	92	94	
430	79	80	81	82	83	84	85	87	88	90	95	
431	41	68	79	80	81	83	84	85	98	
432	78	79	80	83	83	85	
433	79	80	81	88	
434	8	18	79	79	81	84	86	88	
435	9	10	12	13	14	16	17	18	19	66	69	79	80	81	
436	2	7	10	11	12	14	15	16	17	18	19	19	20	21	23	29	71	79	80	
437	18	20	21	22	22	23	
449	57	
450	51	52	53	54	55	56	57	59	
451	34	46	47	48	48	49	50	51	52	53	54	
452	44	46	47	49	83	87	
453	4	7	9	10	11	13	15	83	84	
454	5	6	8	9	11	11	12	13	14	15	15	16	17	17	19	19	20	23	25	26	28	69	
455	17	18	20	21	21	22	25	
457	93	
458	87	91	
459	86	87	88	88	90	91	93	96	
460	54	82	83	85	86	87	89	90	92	94	98	
461	54	80	81	82	83	83	84	85	86	87	88	89	90	94	
462	47	54	80	82	83	84	84	86	87	89	90	95	
463	78	80	81	82	84	85	89	
464	16	19	42	44	46	79	81	83	83	89	
465	16	17	18	19	42	43	44	46	47	49	52	56	59	68	69	79	
466	17	19	20	22	27	29	41	43	44	45	46	47	47	48	49	59	63	66	71	79	
467	14	19	21	22	42	44	47	48	67	83	
468	6	9	11	14	15	16	18	19	22	29	44	65	71	81	
469	4	8	9	10	12	13	14	15	16	17	19	19	20	21	21	23	23	25	45	69	
470	4	15	21	21	22	23	23	25	28	
471	22	23	24	
483	53	57	
484	34	48	51	52	53	54	55	55	56	57	59	
485	35	38	45	46	47	49	50	50	51	52	54	59	
486	46	48	49	86	90	94	
487	4	8	9	11	12	14	15	
488	7	11	12	13	15	15	16	17	18	19	20	23	
489	18	21	22	88	93	
490	86	87	90	92	
491	83	87	89	90	92	
492	54	82	83	83	85	86	87	88	89	90	91	92	93	
493	82	83	83	84	85	87	88	90	91	97	
494	53	78	80	81	82	84	85	86	87	88	90	93	
495	16	77	78	80	81	82	84	85	94	
496	17	19	47	67	78	79	81	84	89	
497	10	14	16	17	18	19	20	42	44	45	64	78	80	
498	10	12	14	15	16	17	18	19	20	20	21	23	27	42	44	48	65	69	
499	18	18	19	20	21	21	22	24	25	35	44	47	48	51	52	55	56	59	60	65	69	
500	19	20	21	22	23	24	25	26	43	44	45	47	48	49	50	54	58	60	66	
501	10	21	22	25	27	29	39	43	44	45	47	48	64	67	
502	6	9	11	13	14	15	20	21	22	24	44	65	
503	5	15	20	21	22	23	24	25	26	
504	5	22	23	24	
517	56	57	62	
518	47	51	52	52	53	54	55	56	59	
519	45	46	47	48	49	50	51	53	54	
520	44	49	85	89	92	
521	8	9	10	11	14	15	18	85	92	
522	7	10	12	13	14	21	25	87	91	96	
523	23	81	82	84	86	87	88	89	91	92	98	
524	52	81	82	85	86	87	88	88	90	91	94	98	
525	54	80	81	82	84	85	86	86	87	88	89	90	92	94	
526	53	80	81	82	84	85	86	87	89	94	
527	78	79	80	82	83	84	86	88	
528	14	16	18	43	47	69	79	80	81	83	85	
529	10	13	16	17	19	20	44	45	46	48	65	68	78	80	83	
530	11	14	15	17	18	19	20	20	21	25	27	44	45	47	49	64	66	69	78	
531	11	13	14	15	18	19	20	21	21	22	23	23	25	26	27	43	45	65	70	
532	5	11	15	20	21	22	23	24	25	26	45	
533	21	23	24	25	
534	22	24	
535	24	
536	23	25	
537	22	
551	53	56	56	57	
552	35	48	50	51	51	52	54	54	55	56	56	58	58	60	
553	32	43	45	46	47	49	49	50	51	53	88	92	
554	45	47	48	49	82	83	87	89	
555	4	6	9	11	13	15	81	99	
556	4	6	11	16	20	79	82	85	90	
557	78	79	80	81	82	84	85	86	89	91	
558	80	81	82	83	84	85	89	93	
559	16	43	47	55	78	79	80	80	81	83	83	85	
560	14	17	19	43	68	78	79	80	83	84	99	
561	11	13	15	16	17	18	20	42	45	46	48	67	69	79	
562	7	10	11	14	15	16	17	19	19	20	21	28	44	65	70	
563	11	13	13	15	17	19	19	20	21	22	23	25	43	71	
564	5	15	20	22	22	24	25	28	
565	22	23	23	24	
585	52	53	56	57	61	
586	46	48	50	51	51	52	52	54	54	55	55	57	59	60	
587	47	49	49	50	51	53	61	83	86	88	89	92	
588	42	44	48	82	85	87	90	
589	14	
590	16	21	46	82	88	
591	17	18	20	43	47	62	79	80	82	85	
592	16	17	19	20	45	47	60	69	78	79	80	84	
593	12	16	17	18	18	19	20	21	26	42	43	44	45	46	48	48	61	64	69	79	
594	10	13	13	15	17	19	20	20	22	27	40	43	44	45	47	49	63	65	69	
595	6	11	15	18	18	19	20	21	22	23	24	27	44	70	
596	15	20	21	22	23	23	24	25	26	45	70	
597	21	22	24	25	
598	22	
607	10	
613	45	
618	57	
619	52	53	54	55	57	58	62	
620	43	46	47	48	50	51	52	53	54	55	
621	45	46	48	50	51	55	61	82	84	86	95	
622	42	48	48	61	78	81	83	84	86	
623	16	19	29	41	45	46	48	63	66	70	
624	12	14	16	17	18	19	20	22	41	43	44	47	69	
625	9	12	14	15	16	17	19	19	20	21	24	26	43	44	48	65	68	69	72	
626	10	12	14	15	16	18	19	19	20	21	22	23	27	28	43	45	65	
627	18	19	20	21	21	22	23	24	50	65	
628	21	22	24	25	64	
629	21	23	24	25	
652	56	57	
653	34	50	51	52	53	53	54	55	55	56	56	57	58	60	
654	31	34	37	41	43	45	46	47	48	49	50	50	51	52	54	55	57	62	
655	42	43	44	46	47	48	48	49	79	84	
656	9	11	13	15	16	18	19	42	43	64	66	69	
657	9	11	14	15	16	17	19	19	20	20	21	42	44	67	70	
658	13	15	16	18	19	20	21	22	23	24	25	45	
659	4	13	21	22	23	24	24	
660	3	21	23	23	25	
661	22	25	74	
662	25	
687	53	54	55	57	59	62	
688	32	50	51	54	55	60	
689	29	41	45	46	48	49	64	67	
690	8	10	14	24	44	
691	19	20	21	22	24	25	
692	21	22	23	24	25	73	
693	25	
722	55	
724	23	
725	25	
1162	25	
1170	29	
1174	14	
1176	15	
1182	72	
1183	92	
1185	89	
1186	52	
1189	101	
1197	25	
1201	80	
1205	65	
1209	34	
1232	22	
1234	55	
1235	44	
1268	40	46	
1269	42	46	
1276	18	35	
1279	35	
1282	38	
1284	38	
1286	62	
1299	44	
1301	18	
1302	17	19	21	57	66	
1303	20	42	43	46	48	49	58	71	
1304	41	44	47	50	
1306	66	
1309	34	
1314	70	
1323	70	
1329	53	
1334	11	18	
1335	12	14	16	19	
1336	15	16	17	18	18	19	21	24	29	35	56	58	59	62	
1337	17	18	19	20	21	22	24	39	43	45	47	50	51	53	56	60	71	
1338	21	22	24	30	40	43	44	45	46	47	48	48	49	50	52	59	68	
1339	41	44	46	49	57	72	
1340	27	46	49	69	
1341	46	
1342	27	
1353	12	
1357	7	
1367	14	
1368	14	
1369	7	9	11	14	15	17	21	25	
1370	8	12	13	16	17	18	20	24	53	57	60	
1371	16	17	17	19	20	21	22	23	24	48	50	51	53	54	55	56	57	59	61	71	
1372	25	32	39	43	44	45	46	47	47	49	50	51	54	56	59	
1373	30	37	42	44	45	46	47	48	49	58	71	
1374	32	43	44	47	48	48	51	54	57	58	71	
1375	19	41	47	51	56	
1376	20	26	42	44	46	51	
1377	26	45	46	49	70	
1378	44	77	
1399	4	
1400	47	
1401	83	
1403	8	9	10	12	13	14	16	
1404	7	10	11	12	14	14	15	16	18	21	23	95	
1405	16	16	17	19	20	21	25	27	53	55	60	
1406	35	50	51	53	54	56	58	60	62	
1407	45	47	49	49	51	55	56	58	58	59	
1408	23	44	45	47	49	51	53	56	61	64	92	
1409	20	23	27	43	45	48	49	53	56	57	58	61	65	70	
1410	20	21	23	27	30	44	45	48	49	51	55	56	59	62	
1411	21	32	43	43	45	47	48	49	50	52	55	61	
1412	45	52	
1417	21	
1426	74	
1434	98	
1436	14	67	
1437	8	8	10	13	14	
1438	5	6	10	11	12	14	14	15	15	16	17	20	24	80	83	
1439	13	16	17	17	18	19	20	21	24	68	
1440	88	92	
1441	83	86	87	88	89	91	92	94	97	
1442	86	86	88	89	90	91	95	
1443	80	87	91	92	97	
1444	35	51	53	54	55	56	73	87	90	91	
1445	51	52	54	83	86	87	89	91	96	
1446	65	87	90	96	
1447	34	
1448	53	
1454	42	
1458	9	
1462	68	
1470	16	
1471	9	10	13	81	
1472	7	9	10	11	12	13	14	15	16	17	19	36	56	57	69	99	
1473	15	16	16	17	18	18	19	20	22	23	26	51	52	54	56	69	
1474	22	45	47	48	50	86	
1475	8	80	81	82	84	85	89	
1476	80	81	83	84	85	86	91	96	
1477	80	81	82	84	85	86	89	92	97	
1478	81	82	84	85	86	88	90	96	
1479	80	82	84	85	90	98	
1480	80	82	86	
1483	16	
1484	42	
1485	18	25	58	
1486	40	44	47	
1487	28	30	45	47	58	
1488	20	36	43	48	51	56	67	72	
1489	44	46	48	
1490	31	45	47	
1505	9	10	14	
1506	3	5	7	10	12	13	14	15	16	18	19	56	57	
1507	16	17	18	19	20	22	23	51	52	52	53	54	56	
1508	44	45	46	48	48	49	50	52	54	84	90	
1509	78	80	85	89	96	
1510	78	79	82	89	
1511	79	80	81	82	83	88	
1512	79	81	83	84	85	88	
1513	79	80	84	90	
1514	79	86	95	
1515	82	
1517	17	68	
1518	13	16	18	19	23	42	44	47	66	
1519	16	17	19	21	27	43	45	47	
1520	18	18	20	21	25	27	37	42	45	47	49	51	55	57	58	62	64	71	
1521	20	22	23	29	35	36	42	44	45	46	48	48	51	57	60	67	70	
1522	20	21	24	42	44	45	47	50	56	57	58	60	66	
1523	22	23	26	38	44	46	47	48	50	52	53	59	62	71	
1524	41	43	45	46	47	49	50	58	59	
1527	56	
1535	3	16	
1537	39	
1538	11	
1539	8	8	10	14	14	15	19	24	
1540	5	6	10	11	12	14	15	15	16	18	19	21	24	35	36	53	55	56	57	62	71	
1541	18	19	21	22	24	25	26	34	47	48	50	51	53	53	54	55	57	58	69	
1542	44	45	46	47	48	49	50	52	56	87	90	
1543	44	46	50	84	
1544	46	81	
1545	65	85	
1546	79	
1547	17	83	
1548	47	
1549	14	16	
1550	14	16	17	20	44	46	67	
1551	10	13	16	18	19	21	28	43	44	47	
1552	11	14	16	18	18	19	20	22	24	42	66	69	
1553	16	17	19	20	21	22	24	25	45	51	58	65	
1554	21	22	24	27	28	44	45	49	57	62	64	71	
1555	22	23	23	25	44	45	49	50	55	58	61	
1556	20	22	23	25	45	50	52	54	56	57	59	62	
1557	24	36	45	47	48	49	50	50	51	52	53	55	56	60	
1558	43	45	46	49	49	59	
1559	48	54	
1560	60	
1565	58	
1570	36	
1571	14	
1573	6	9	10	12	13	15	16	18	
1574	4	7	10	11	12	14	15	15	16	17	18	20	23	23	53	55	56	57	60	
1575	17	18	19	21	22	24	26	48	50	51	51	52	53	54	55	59	
1576	44	46	49	50	51	53	53	58	88	
1577	49	86	
1579	27	64	84	
1580	17	46	
1581	16	19	41	48	
1582	13	16	19	41	
1583	10	14	16	17	18	20	22	23	43	45	47	71	
1584	12	14	17	19	20	21	24	30	46	70	
1585	11	14	18	18	19	21	22	24	44	69	
1586	7	12	15	20	21	23	23	25	27	45	
1587	21	22	24	25	
1588	21	22	24	91	
1589	56	
1590	25	52	55	55	57	59	
1591	49	50	51	52	53	54	55	56	60	87	90	91	93	
1592	49	50	53	82	85	86	88	89	90	92	94	
1594	49	63	64	64	64	
1606	9	
1607	6	9	10	11	13	13	14	18	24	47	
1608	5	7	11	12	14	15	16	17	18	19	21	23	25	35	52	53	55	56	56	57	60	
1609	17	21	22	26	34	46	47	48	50	51	52	54	55	56	62	
1610	44	46	47	49	50	53	55	83	86	
1611	46	
1612	63	98	
1613	8	45	
1614	9	17	19	21	26	47	67	
1615	12	13	17	19	20	22	28	43	43	46	
1616	10	14	17	18	19	21	22	40	45	49	65	69	
1617	11	14	17	19	20	21	23	25	44	73	
1618	11	13	15	17	19	20	21	23	24	25	29	70	
1619	22	23	24	25	
1620	24	88	92	
1621	87	90	91	92	95	
1622	82	85	86	87	88	88	89	91	92	93	96	
1623	53	57	82	87	89	91	92	94	97	
1624	51	52	54	55	56	86	87	90	91	92	95	
1625	51	53	54	56	82	85	85	86	87	88	89	91	
1626	78	80	81	82	83	84	86	90	
1627	92	
1630	10	95	
1632	71	
1633	30	
1640	9	14	
1641	6	9	11	12	13	14	16	24	
1642	6	8	12	14	15	16	16	18	19	19	20	21	24	27	29	35	53	55	56	57	59	61	69	
1643	18	21	22	34	43	46	47	48	49	50	51	51	54	54	60	
1644	39	44	47	49	50	53	60	83	89	
1645	40	47	49	62	102	
1646	9	14	20	39	44	46	66	
1647	10	15	16	18	18	20	23	26	44	64	
1648	9	12	14	15	16	17	18	19	21	24	27	43	69	
1649	12	13	15	17	19	21	22	23	25	26	29	44	49	65	68	83	
1650	15	20	22	24	25	45	65	69	
1651	21	23	24	25	56	
1652	23	23	25	92	
1653	86	87	88	89	90	92	93	97	
1654	82	83	85	86	87	89	90	92	93	96	
1655	80	81	82	83	83	84	85	87	89	90	95	
1656	7	12	14	79	80	80	81	82	83	84	85	87	89	92	97	
1657	52	54	80	81	82	83	84	86	87	88	89	91	94	
1658	80	82	83	83	84	85	86	87	88	89	92	94	96	
1659	79	80	81	82	83	85	86	88	90	95	
1660	79	82	84	89	
1661	84	
1665	6	
1673	12	
1674	8	10	18	19	
1675	6	8	10	11	12	13	14	15	16	17	18	
1676	12	13	15	16	16	17	18	19	20	21	22	24	34	52	53	55	56	58	58	60	69	
1677	18	21	22	23	27	41	47	48	49	50	51	52	54	55	57	61	
1678	31	39	43	44	45	46	47	49	50	60	
1679	42	45	46	61	65	66	69	
1680	11	15	16	18	18	20	21	25	43	44	46	50	71	
1681	9	12	15	17	18	19	21	22	24	45	65	67	71	
1682	13	15	20	22	23	23	24	27	45	
1683	21	22	24	
1684	18	22	24	91	93	
1685	83	86	87	88	88	89	91	93	95	
1686	53	54	82	82	83	85	86	87	88	89	90	92	93	95	98	
1687	81	82	82	83	84	85	85	86	89	92	96	
1688	80	80	81	82	84	85	86	89	90	
1689	79	80	81	82	84	
1690	78	80	81	83	86	
1691	78	79	80	84	85	94	
1692	79	80	81	83	84	85	91	
1693	55	80	84	89	
1695	82	
1706	27	
1708	9	12	14	27	
1709	7	10	11	12	13	13	14	15	16	19	
1710	3	15	16	17	17	18	19	20	21	23	24	25	28	55	69	
1711	17	22	23	50	51	55	58	61	
1712	28	44	48	48	49	60	
1713	14	23	43	45	
1714	21	24	26	65	
1715	4	22	23	23	25	88	92	
1716	24	88	92	
1717	52	53	55	86	87	91	92	94	98	
1718	56	82	83	85	85	86	87	88	89	90	91	95	
1719	54	80	81	82	83	84	85	86	87	89	90	
1720	80	80	81	82	84	85	88	88	
1721	78	79	80	81	83	85	88	
1722	78	80	83	85	88	
1723	79	84	89	
1724	85	
1725	80	85	88	
1726	82	87	
1727	84	93	
1735	5	
1736	74	
1739	54	
1741	8	
1742	8	10	12	13	15	18	27	67	
1743	2	5	6	9	10	11	12	14	14	15	16	17	19	20	24	71	
1744	12	13	15	16	17	18	19	20	21	22	23	71	
1745	21	22	
1746	92	
1747	87	92	
1748	90	91	93	98	
1749	82	85	86	87	89	90	91	93	97	
1750	55	82	83	85	86	87	88	89	90	93	93	95	
1751	54	81	82	83	84	85	86	87	88	89	93	94	97	
1752	79	80	81	81	83	84	85	87	88	91	94	
1753	79	80	81	84	86	97	
1754	79	81	84	87	95	
1755	79	82	83	
1756	86	
1757	84	
1764	8	
1772	26	
1775	12	
1776	9	11	12	14	15	16	19	21	
1777	4	7	10	11	12	13	14	15	16	16	17	18	19	20	21	24	28	71	
1778	18	20	21	22	24	
1779	23	87	88	89	91	92	
1780	55	82	83	85	86	87	87	88	89	90	91	93	94	96	
1781	52	55	82	84	85	86	87	88	89	91	93	97	
1782	80	81	82	84	85	86	87	88	90	91	
1783	78	79	80	81	81	82	83	84	85	86	88	91	97	
1784	79	80	80	81	82	83	84	87	88	
1785	78	78	79	80	81	82	84	86	89	
1786	79	81	86	
1787	78	81	84	
1788	86	
1803	12	
1808	27	
1809	9	12	14	
1810	7	10	11	12	14	15	18	20	
1811	8	12	13	16	19	21	25	87	90	91	
1812	25	53	54	87	87	89	90	91	93	94	
1813	81	82	84	85	86	86	87	89	90	91	95	
1814	81	82	83	83	84	85	86	87	88	91	
1815	80	80	81	82	83	84	85	88	91	96	
1816	79	80	81	82	83	85	90	93	98	
1817	79	81	85	
1818	79	80	83	
1819	81	
1820	85	
1829	47	
1838	44	
1844	4	7	9	11	14	
1845	7	12	81	85	88	89	97	98	
1846	80	81	82	82	83	84	85	87	88	89	91	98	
1847	78	80	81	82	83	84	85	87	88	90	
1848	78	79	80	82	84	86	90	
1849	78	80	82	83	86	
1850	80	85	
1851	81	
1862	33	
1878	11	
1879	80	83	83	
1880	78	79	81	82	83	85	85	91	98	
1881	79	82	84	86	93	
1882	79	87	
1886	95	
1912	72	
1914	79	
1918	92	
1919	12	
1920	93	
1932	46	
1941	60	
1943	93	
1944	88	
1946	90	
1947	82	
1952	23	
2005	94	
2014	68	93	
2016	44	
2023	13	
2029	87	
2039	79	
2052	97	
2053	62	
2054	22	
2055	9	
2061	91	
2066	33	
2091	4	
2102	58	
2106	6	
2108	88	
2109	8	
2119	49	
2168	102	
2180	93	
2206	99	
2217	11	
2229	9	
