14	100	
48	62	
117	93	
118	77	78	85	93	98	
149	92	98	
150	88	90	92	97	
151	85	86	87	89	90	91	92	95	
152	9	13	79	80	81	83	86	87	90	91	92	94	96	
153	14	16	17	20	85	88	90	93	96	100	
154	18	
181	56	59	93	
182	88	91	92	96	
183	83	85	86	87	89	90	91	94	96	98	
184	80	81	82	84	86	86	87	89	90	91	92	94	96	102	
185	81	82	82	83	84	85	87	88	88	89	92	94	97	99	
186	8	9	10	11	13	14	16	18	80	81	82	84	85	86	87	88	90	95	97	98	99	
187	8	12	15	16	17	19	20	69	80	82	83	
188	17	18	20	21	
212	57	
213	56	
214	30	32	46	58	91	98	
215	54	57	85	87	88	90	92	96	98	
216	55	82	83	85	86	87	87	89	90	91	93	94	97	99	
217	53	81	82	83	84	85	86	87	88	89	90	92	93	97	101	
218	40	46	78	79	80	81	82	83	84	85	87	89	91	97	99	
219	10	14	16	19	47	70	78	80	81	82	83	84	
220	4	6	8	9	10	11	12	13	14	15	16	17	18	18	19	20	27	43	68	71	78	80	81	83	84	
221	12	15	15	17	17	19	20	20	21	24	
222	21	22	
246	56	57	59	62	
247	38	47	50	52	54	56	58	58	62	
248	47	48	48	50	53	55	61	83	85	87	89	91	94	
249	46	47	47	50	55	78	79	81	82	83	84	85	86	88	89	94	
250	46	49	53	67	79	80	81	82	83	84	85	86	87	89	90	95	102	
251	16	19	46	68	79	80	81	83	84	87	89	
252	7	10	13	13	15	16	17	19	46	70	78	79	81	84	
253	4	4	6	9	11	12	13	14	15	16	17	18	18	19	20	21	22	23	27	44	45	68	71	79	
254	7	11	12	14	15	17	18	19	20	21	22	24	27	29	44	73	75	
255	3	15	20	21	22	23	23	25	74	
280	53	60	63	
281	32	50	51	53	54	55	56	57	58	59	61	
282	45	48	50	51	52	52	54	55	56	57	58	59	60	64	79	81	
283	31	45	47	48	49	50	50	51	53	55	79	80	
284	10	41	44	49	51	53	68	79	80	
285	7	9	11	12	13	14	14	15	16	17	17	18	19	20	29	43	71	80	
286	7	11	13	13	15	15	16	17	18	19	19	20	21	22	24	26	73	
287	15	18	20	21	22	23	24	25	26	74	
288	23	24	
299	91	93	96	
300	87	91	93	96	
301	17	
315	55	57	61	63	
316	48	51	52	52	53	53	54	55	56	58	60	76	
317	30	48	48	49	50	51	54	
318	7	9	10	13	14	15	74	
319	8	11	12	14	15	16	16	17	18	19	20	23	25	72	
320	17	20	21	21	22	23	24	
330	58	
331	56	
332	86	87	90	92	96	
333	81	83	85	86	87	89	90	91	92	95	97	
334	8	10	11	12	14	16	81	82	84	86	88	88	90	92	96	99	
335	16	17	17	19	20	24	
349	57	57	58	60	63	
350	48	52	52	54	55	
351	10	49	50	53	
352	8	11	11	12	14	14	15	18	74	
353	12	17	17	18	19	20	21	24	
354	23	
362	57	
363	57	
364	55	57	61	87	91	97	
365	58	86	87	88	88	90	91	92	94	96	
366	82	83	84	85	87	88	88	90	92	94	97	99	
367	8	9	11	13	41	46	48	80	81	82	84	85	86	89	90	94	101	
368	4	7	10	11	12	13	14	15	16	17	18	18	19	20	42	69	80	82	83	
369	15	17	17	18	19	20	21	21	
370	22	
383	52	53	55	56	57	58	59	61	
384	48	50	51	52	54	54	
385	9	10	49	50	82	86	89	
386	7	11	12	13	14	15	15	16	19	68	
387	17	18	19	20	22	25	
395	58	
396	90	92	96	
397	57	59	87	88	91	92	96	
398	55	81	83	83	85	86	87	89	90	91	93	94	97	102	
399	41	47	67	79	81	82	83	83	85	86	87	88	89	91	94	98	100	
400	17	42	46	80	81	82	84	85	86	
401	7	9	11	12	14	14	15	16	17	17	18	19	20	21	71	79	81	83	98	
402	2	3	7	12	13	15	15	17	18	20	20	21	22	23	24	28	45	70	73	79	
403	21	21	22	25	
404	22	
417	35	52	56	57	58	59	60	62	
418	47	50	51	52	52	53	54	55	
419	9	10	14	45	48	50	85	101	
420	7	11	12	13	14	15	16	18	19	69	72	
421	17	19	20	21	23	25	
428	56	60	88	
429	90	92	96	
430	82	83	86	87	88	88	89	90	92	95	100	
431	78	81	82	84	85	86	87	88	89	91	95	97	98	
432	14	16	40	46	80	81	82	84	85	86	87	88	90	97	101	
433	10	14	15	16	16	18	18	19	20	39	45	70	80	80	81	82	84	
434	7	10	12	13	14	15	16	17	18	19	20	21	28	45	49	70	72	79	84	
435	12	15	19	20	21	22	23	24	25	27	72	75	
436	2	21	22	23	24	25	
450	58	
451	52	53	55	56	57	58	59	60	62	
452	47	50	51	51	52	54	55	
453	9	10	11	13	49	50	83	86	96	
454	3	7	12	12	14	15	16	17	18	19	24	72	
455	17	20	21	22	
460	56	58	
461	87	88	91	93	96	
462	58	83	87	88	89	90	92	93	96	
463	55	81	82	83	84	85	86	87	88	88	89	90	91	93	93	96	99	
464	16	18	43	46	81	82	84	85	87	89	91	94	99	
465	10	17	18	46	48	68	69	79	80	81	84	85	
466	7	9	11	13	13	14	16	17	18	19	20	21	27	44	69	72	78	80	81	84	
467	11	12	14	15	16	18	19	20	21	21	23	23	25	44	72	73	
468	12	18	20	21	22	23	24	25	
469	21	24	
484	57	58	
485	52	55	56	57	58	59	60	62	
486	47	48	50	51	51	52	53	54	
487	9	10	14	49	82	86	96	
488	7	11	12	13	14	15	16	16	19	20	26	70	
489	17	18	20	21	23	
492	57	59	
493	87	91	92	97	
494	56	59	86	87	88	88	90	91	93	94	97	
495	46	55	82	83	84	85	86	87	88	89	90	91	92	95	98	100	
496	40	46	66	81	82	83	84	86	87	89	90	93	96	98	
497	10	16	17	19	45	47	50	69	79	80	81	82	84	86	89	98	
498	9	12	14	16	17	17	18	19	20	21	26	44	48	50	70	72	78	80	81	83	85	
499	6	9	11	13	13	14	15	17	19	20	21	22	24	27	44	70	79	
500	14	15	16	18	20	20	21	22	23	24	25	28	74	
501	21	23	24	25	
518	57	58	63	
519	52	53	55	57	59	60	
520	33	47	48	50	51	52	53	54	88	104	
521	6	9	10	11	13	14	
522	8	12	16	17	19	20	23	
523	21	22	
524	56	60	
525	56	61	88	91	98	
526	56	83	87	88	88	90	91	92	94	97	
527	55	82	82	85	86	87	88	88	90	91	93	95	97	100	
528	41	46	80	81	82	83	83	85	86	87	89	90	95	100	
529	14	16	46	47	50	78	79	80	81	82	84	85	87	95	
530	11	14	15	16	17	18	19	20	42	44	50	70	78	79	81	104	
531	10	12	14	15	17	18	19	20	21	21	22	23	26	29	43	45	48	70	73	79	
532	13	14	20	20	21	22	23	25	49	72	
533	21	22	23	24	27	74	
534	5	21	24	74	
552	56	57	58	60	
553	52	53	54	55	56	59	60	62	64	
554	50	51	54	88	91	
555	7	8	10	11	13	14	48	88	93	
556	12	20	25	73	92	98	
557	23	88	91	93	
558	57	61	87	90	92	94	96	
559	82	83	85	86	87	89	90	92	93	95	98	
560	42	46	68	80	82	83	84	85	86	87	89	90	91	94	100	
561	10	17	18	46	49	80	81	82	83	85	89	
562	8	11	13	15	16	17	18	19	20	43	43	46	49	70	73	78	79	81	82	84	89	
563	10	12	13	15	17	18	19	20	21	23	26	28	47	49	70	73	79	80	
564	12	14	17	19	20	21	22	24	25	44	73	73	
565	20	22	23	24	25	75	
566	22	25	
586	56	57	59	61	
587	51	52	53	53	55	55	56	59	60	
588	47	49	50	52	54	82	84	86	87	91	96	102	
589	6	9	11	14	87	90	
590	12	83	86	87	89	90	92	95	97	
591	82	82	84	86	87	87	89	90	92	95	97	99	
592	43	46	81	82	83	85	86	87	88	90	91	93	96	100	
593	10	13	16	18	43	46	79	80	81	82	84	85	86	88	94	102	
594	10	16	17	19	26	46	49	69	71	79	80	81	84	
595	6	10	11	13	14	15	17	18	18	19	20	21	26	43	49	70	72	80	83	
596	15	17	19	20	21	22	23	25	27	29	73	
597	20	21	22	23	24	
598	22	25	
599	74	
607	8	9	
608	8	
619	58	
620	53	56	57	58	59	60	
621	50	51	52	53	54	55	56	57	59	61	90	98	
622	46	48	49	50	52	53	80	82	84	86	87	90	93	
623	10	47	84	86	89	95	101	
624	3	15	20	40	43	46	80	82	84	86	88	95	
625	16	17	18	20	40	45	46	51	66	68	72	80	81	82	83	83	84	86	89	
626	11	14	16	17	19	19	20	26	40	43	45	46	49	50	64	70	72	79	80	81	82	84	85	88	98	
627	8	11	12	13	14	16	18	18	19	20	21	27	44	48	68	71	78	79	81	84	
628	13	15	17	18	19	20	21	24	27	70	80	104	
629	15	20	22	22	23	25	27	
630	22	25	
653	56	57	58	60	
654	53	55	56	57	59	61	
655	33	47	48	50	51	52	53	54	55	58	85	87	88	89	91	95	
656	41	46	49	51	54	63	80	82	83	84	86	88	89	95	101	103	
657	4	10	15	16	17	19	41	45	46	69	81	83	88	
658	10	12	14	15	16	17	18	18	19	20	21	42	45	48	50	69	71	81	
659	7	13	14	15	17	19	20	21	22	23	24	69	72	79	80	
660	15	18	19	20	22	23	24	50	
661	15	20	22	23	24	25	74	
662	22	23	24	74	
663	23	
686	58	
687	56	57	59	60	62	
688	31	51	52	53	54	55	57	58	
689	42	45	46	47	48	49	50	51	54	55	64	80	82	83	83	85	87	94	100	
690	10	13	15	16	18	42	44	48	68	70	79	81	84	
691	5	8	11	12	14	15	16	17	19	19	20	23	48	69	72	
692	5	7	12	14	15	18	19	20	21	22	23	24	25	26	70	75	
693	21	22	24	25	
694	22	25	
721	55	57	61	
722	33	51	52	53	55	61	63	
723	29	49	50	65	79	
724	5	7	10	13	13	15	20	24	45	49	65	70	
725	20	21	22	23	24	25	
726	22	23	75	
757	74	
758	24	74	
759	74	
1188	101	
1202	36	
1203	43	
1205	6	64	
1207	71	
1208	70	
1217	53	
1229	43	
1238	10	
1240	26	
1241	47	49	
1245	33	
1251	95	
1252	52	
1253	96	
1258	101	
1263	38	
1271	20	
1272	46	
1273	17	28	30	40	45	46	50	
1274	23	43	45	47	49	58	58	72	76	76	76	77	
1275	46	48	50	54	66	
1286	96	
1287	47	
1301	42	72	
1302	42	
1303	17	18	
1305	17	19	29	32	42	44	46	52	70	
1306	12	17	19	21	38	47	49	69	74	
1307	17	19	20	22	42	43	47	50	56	57	60	62	69	
1308	21	23	25	45	46	48	48	50	51	54	58	59	69	
1309	44	48	49	50	51	53	74	
1310	50	59	
1311	57	
1325	89	
1331	87	
1334	25	
1335	42	
1336	19	19	23	47	
1337	12	16	18	
1338	12	14	17	19	21	45	48	70	
1339	12	15	16	17	18	20	21	23	24	39	44	46	48	70	
1340	12	15	17	19	21	24	28	44	49	69	74	
1341	18	20	21	23	23	25	44	51	57	58	58	59	61	73	
1342	21	22	23	25	52	53	53	54	55	56	59	74	
1343	49	51	52	54	55	58	
1344	39	
1348	30	
1365	38	
1369	16	
1370	10	15	16	18	19	28	28	66	68	
1371	10	12	14	17	18	18	19	21	28	44	67	70	74	
1372	11	13	13	14	15	16	17	19	20	21	23	25	27	29	45	71	
1373	15	18	19	20	21	23	23	25	74	
1374	21	22	24	25	56	57	74	
1375	7	23	25	55	56	58	61	74	
1376	51	52	53	54	55	56	60	88	92	97	101	
1377	54	88	
1378	53	
1381	13	
1402	9	13	18	
1403	9	11	14	19	
1404	10	13	14	15	17	18	20	23	23	74	
1405	3	10	12	14	15	16	18	20	22	23	25	26	75	
1406	22	24	27	
1407	22	23	24	57	58	
1408	58	60	87	90	91	97	
1409	54	55	58	86	87	88	89	90	91	93	95	98	100	
1410	53	81	82	84	85	86	88	89	90	93	94	98	
1411	81	83	83	86	90	95	
1416	22	
1419	21	
1421	41	46	
1422	46	48	51	
1423	11	47	
1424	57	
1434	38	
1436	9	14	
1437	6	9	12	14	15	
1438	8	10	12	14	15	16	18	25	90	96	
1439	12	13	15	91	93	95	
1440	17	18	56	58	
1441	52	54	55	57	59	87	88	90	91	92	94	96	
1442	12	54	58	82	84	86	86	88	88	89	90	92	93	96	101	
1443	78	80	81	82	83	83	84	85	88	89	94	
1444	79	80	81	82	83	85	104	
1445	79	
1446	91	
1453	16	
1454	17	45	
1455	16	18	19	43	46	51	56	58	63	
1456	21	47	49	51	53	57	62	70	
1457	48	50	
1469	39	
1471	8	
1472	8	10	13	14	81	85	90	93	101	
1473	7	12	13	14	15	16	18	18	20	56	58	60	68	80	81	84	88	99	
1474	17	21	46	47	53	55	56	87	91	95	
1475	51	55	59	81	82	82	83	84	85	86	88	89	90	92	95	99	
1476	52	80	81	82	83	84	85	87	91	
1477	79	80	85	94	
1478	55	80	85	88	99	
1479	83	
1484	48	62	
1486	10	18	29	43	44	
1487	13	17	18	20	46	
1488	12	14	17	19	20	24	27	43	45	47	69	
1489	16	17	19	20	21	25	27	52	53	56	57	58	59	60	62	71	
1490	21	22	25	27	45	48	49	50	51	53	54	56	
1491	45	49	50	56	
1492	49	54	
1503	8	
1505	9	
1506	4	6	9	11	13	14	15	16	19	58	81	85	
1507	13	15	16	17	18	20	22	24	56	57	59	
1508	22	46	47	52	54	56	59	82	85	87	89	102	
1509	48	51	54	79	80	82	84	85	100	
1510	79	82	84	89	101	
1512	83	
1516	17	27	
1517	17	
1518	30	48	
1519	6	13	16	20	46	
1520	6	10	14	17	18	18	20	23	41	45	46	71	
1521	10	12	13	15	17	18	20	21	24	72	74	
1522	12	15	19	20	21	22	23	25	28	44	50	62	71	74	
1523	22	23	25	53	55	56	58	58	59	60	61	89	
1524	51	52	53	54	55	64	75	
1525	49	
1531	14	
1535	49	
1539	11	
1540	3	7	10	11	12	14	15	19	21	23	57	
1541	17	18	19	21	24	52	56	58	58	59	
1542	22	47	50	51	52	54	57	102	
1543	48	50	54	80	84	
1550	47	50	
1551	44	
1552	15	16	17	19	21	23	42	44	46	49	71	
1553	8	10	12	14	16	17	19	20	24	28	46	48	69	
1554	10	12	14	15	16	17	20	21	22	25	26	70	
1555	15	21	22	23	24	25	56	58	75	
1556	22	25	56	
1557	53	54	55	58	59	87	88	90	92	95	97	
1558	54	55	83	87	88	89	90	93	97	
1561	71	93	
1566	45	
1571	38	
1573	9	14	
1574	4	7	10	11	12	14	15	16	20	57	58	
1575	13	18	19	20	22	27	52	55	55	56	59	63	72	74	
1576	47	51	53	53	54	56	58	85	88	
1577	49	55	
1578	50	
1579	77	
1583	14	17	42	48	
1584	8	13	16	18	19	22	47	67	
1585	9	11	14	15	16	17	18	19	22	24	27	41	44	46	70	
1586	12	14	16	17	19	20	21	24	68	71	
1587	7	12	14	19	20	22	24	27	74	
1588	20	21	22	24	58	58	75	
1589	23	88	91	92	96	
1590	54	61	87	90	92	94	97	
1591	55	81	83	84	85	86	88	89	91	94	
1592	80	81	82	84	85	87	89	102	
1594	11	51	
1596	70	
1603	58	
1607	8	10	14	
1608	5	6	11	12	13	14	15	16	19	25	58	61	
1609	17	18	20	21	22	53	54	55	56	57	59	61	64	71	
1610	45	47	49	50	51	53	54	
1611	39	48	51	102	
1612	52	
1614	18	33	
1615	21	46	48	
1616	10	15	17	20	26	43	43	46	69	
1617	11	14	17	18	18	20	41	47	66	69	
1618	10	13	14	16	17	19	20	21	25	28	70	
1619	7	12	14	18	19	20	21	23	24	71	
1620	21	23	23	25	57	75	
1621	22	25	57	59	73	
1622	55	57	87	88	90	91	94	96	
1623	54	82	83	86	88	88	90	90	92	94	98	99	
1624	81	82	83	84	85	87	88	89	91	93	96	
1625	80	81	83	85	86	92	
1626	79	81	84	93	
1627	84	
1641	3	3	10	52	
1642	6	8	11	13	14	15	19	22	57	61	70	
1643	17	18	20	22	24	52	53	55	56	58	60	63	
1644	23	46	50	51	52	54	56	86	88	
1645	48	52	57	
1647	16	24	28	105	
1648	15	16	18	41	68	70	
1649	11	15	17	19	20	23	41	48	
1650	9	13	14	15	17	19	21	22	48	70	
1651	12	14	15	18	19	20	22	23	23	25	26	44	70	74	
1652	15	21	22	23	24	56	74	
1653	22	25	56	92	
1654	57	59	88	90	91	92	96	
1655	54	55	83	86	87	88	89	89	91	92	94	95	97	101	
1656	80	81	82	84	85	85	87	89	90	93	97	101	
1657	80	81	82	83	85	87	89	92	
1658	66	79	80	82	83	85	94	
1659	81	86	90	
1667	44	72	
1675	9	11	13	16	
1676	4	6	7	11	12	13	14	15	17	19	23	34	57	58	60	62	69	
1677	17	18	20	21	52	53	54	55	57	61	
1678	46	48	48	50	51	60	84	87	91	101	
1679	45	46	
1680	10	16	43	67	71	
1681	11	14	16	17	19	24	26	40	45	47	67	72	
1682	11	13	15	16	18	19	20	21	26	44	48	71	
1683	8	11	13	15	19	19	20	21	23	23	26	45	71	73	
1684	20	22	23	25	56	74	
1685	22	24	56	58	74	93	
1686	57	91	92	
1687	83	85	86	87	88	89	90	92	93	95	97	
1688	82	83	84	85	86	87	88	89	90	91	95	99	
1689	80	81	82	84	85	86	91	
1690	79	80	82	83	84	87	89	93	
1691	80	84	
1692	35	
1697	92	92	
1698	7	
1707	12	
1709	8	10	12	14	
1710	6	13	14	15	16	16	18	18	20	25	57	58	60	62	73	
1711	17	17	21	22	24	30	47	52	53	56	60	
1712	38	44	47	48	48	49	50	52	55	58	82	83	86	92	
1713	19	26	40	44	46	47	49	51	67	70	
1714	10	13	13	16	19	21	24	45	47	66	72	
1715	11	14	16	18	18	19	21	23	26	44	70	
1716	13	15	20	22	23	
1717	21	22	24	57	
1718	25	57	87	88	91	92	97	
1719	86	87	88	89	90	91	92	95	97	101	
1720	82	83	84	85	86	87	88	89	91	95	98	101	
1721	80	81	81	83	84	85	86	88	89	101	
1722	79	80	82	83	84	86	91	95	
1723	79	80	83	84	86	101	
1724	78	84	
1725	89	
1731	93	
1740	34	
1742	7	10	14	
1743	7	9	10	12	13	15	16	25	
1744	6	11	12	14	15	16	17	18	18	19	21	23	26	35	61	71	
1745	18	19	20	21	24	27	52	53	54	60	64	72	
1746	26	45	48	48	50	51	63	66	72	104	
1747	5	7	10	14	23	26	44	49	63	72	
1748	12	14	15	21	23	25	57	61	71	
1749	21	22	24	57	74	
1750	25	74	92	97	
1751	87	88	89	90	92	96	98	
1752	82	82	84	85	86	86	88	89	90	94	96	100	
1753	81	82	83	84	85	86	88	89	96	
1754	80	81	82	84	85	87	89	101	
1755	78	80	82	84	89	95	
1756	81	
1758	84	
1762	73	
1773	33	
1776	9	18	21	
1777	7	9	10	11	11	13	14	15	16	17	19	26	72	
1778	12	13	14	15	16	16	17	18	19	20	21	70	73	
1779	17	20	21	23	24	52	55	
1780	56	
1781	24	58	76	92	
1782	25	88	93	96	98	
1783	83	86	87	88	90	92	95	97	
1784	82	83	85	86	87	88	89	91	93	96	100	
1785	78	80	81	82	83	84	85	86	89	90	101	
1786	80	82	83	84	87	94	103	
1787	78	80	82	83	85	
1788	82	84	
1789	105	
1794	23	
1801	73	
1807	14	
1809	11	
1810	9	12	14	
1811	4	7	9	9	10	11	12	14	14	15	16	17	19	20	24	70	
1812	13	17	18	21	22	24	
1813	22	59	91	92	97	
1814	57	61	87	88	90	91	92	95	96	98	
1815	83	86	87	88	89	91	95	97	
1816	82	84	85	86	89	90	91	95	98	
1817	23	81	81	82	84	84	85	87	89	91	94	
1818	80	81	82	84	85	86	88	97	
1819	79	82	84	89	99	
1820	80	83	95	
1821	102	
1823	88	
1829	16	
1843	9	13	
1844	6	9	10	11	13	14	15	18	19	57	
1845	6	12	13	15	15	17	19	20	25	75	
1846	23	25	57	73	87	91	92	93	97	
1847	55	85	86	87	89	90	90	91	93	94	97	
1848	81	82	83	84	85	86	88	88	89	91	94	
1849	80	81	83	84	85	86	88	89	92	95	
1850	79	80	81	83	85	86	88	
1851	79	80	82	86	
1852	79	82	84	92	
1853	91	
1854	92	
1856	62	
1858	22	
1861	98	
1877	9	14	
1878	6	10	12	15	
1879	87	90	92	95	
1880	82	85	86	87	88	88	89	91	95	98	100	
1881	80	81	82	83	84	86	87	89	91	95	101	
1882	78	80	81	84	85	90	95	99	
1883	79	80	85	
1884	84	
1887	65	
1891	89	
1895	74	
1901	56	
1909	10	
1913	83	85	87	89	94	98	
1914	79	80	81	82	83	85	91	
1915	79	80	83	90	
1916	80	83	92	
1918	85	
1922	59	
1924	14	
1936	61	
1947	80	86	95	
1948	78	80	86	88	
1949	84	
1953	95	
1957	96	
1960	14	95	
1968	7	
1977	19	
1989	92	
1991	41	
1992	47	
1995	23	
2003	3	
2008	7	
2016	91	
2017	100	
2023	89	
2046	57	
2051	96	
2061	65	
2069	48	
2076	76	
2083	9	
2093	42	64	
2096	7	
2111	9	
2127	102	
2148	21	
2152	5	
2157	2	
2215	11	
2220	5	
2298	5	
