43	23	
44	21	21	
220	100	
252	92	
253	87	90	92	97	
254	87	90	91	92	94	97	
255	87	88	90	91	95	
256	16	19	
284	88	91	93	
285	87	91	92	96	
286	86	87	88	88	90	91	92	94	96	
287	37	82	85	86	87	88	89	91	93	95	
288	9	46	81	82	84	85	86	87	88	89	94	96	100	
289	6	11	12	14	15	16	17	19	80	81	83	84	85	86	90	93	98	
290	15	16	17	18	19	20	
316	53	
317	87	88	90	91	93	96	
318	53	83	86	87	88	89	90	91	93	95	97	101	
319	36	39	82	83	85	86	87	88	88	89	90	92	95	100	
320	35	46	78	80	82	83	84	85	86	87	89	94	
321	10	16	18	20	44	46	79	81	82	83	84	86	88	99	
322	9	12	13	16	17	18	19	20	26	43	48	51	70	73	79	80	83	85	
323	7	10	11	12	15	16	18	18	19	20	21	22	24	26	45	70	73	78	79	
324	20	21	22	28	
325	22	
348	57	
349	52	56	60	
350	47	50	52	54	58	
351	46	48	48	50	54	81	82	85	86	87	89	90	93	95	101	
352	41	53	81	82	84	85	86	87	89	90	94	
353	16	17	18	19	72	77	79	80	81	84	85	98	
354	9	11	14	16	17	18	19	20	28	45	70	72	79	80	84	
355	11	13	14	15	19	20	21	23	27	29	72	79	81	
356	12	14	18	20	21	22	24	
357	5	22	23	24	
365	92	
366	91	93	95	
367	87	90	92	97	
368	17	88	
383	52	52	53	55	56	57	58	59	60	
384	37	48	49	50	51	52	53	54	59	63	84	
385	9	45	46	47	48	48	49	50	53	67	79	81	83	84	85	
386	6	9	10	11	13	14	79	80	82	84	89	102	
387	11	12	14	15	16	17	18	20	24	79	
388	12	15	16	17	20	21	23	23	24	27	
389	21	22	24	
396	92	
397	87	91	93	94	97	
398	87	90	92	93	95	97	
399	83	86	87	88	89	90	91	95	97	
400	8	42	47	83	86	87	88	88	90	91	95	99	
401	10	12	14	15	16	19	46	81	83	83	85	86	87	88	89	95	100	
402	16	17	17	19	20	81	88	
404	67	67	68	
417	33	53	55	56	57	57	58	59	60	62	
418	50	51	51	52	53	54	54	55	56	56	59	64	
419	44	45	47	48	49	50	51	54	69	72	
420	6	9	11	12	13	14	44	45	46	46	47	48	49	71	
421	8	10	11	12	14	15	16	18	22	29	
422	16	17	19	20	22	
427	93	
428	88	91	93	96	
429	90	92	95	98	
430	39	83	87	88	89	91	92	94	98	
431	41	47	78	81	82	85	86	87	88	89	90	95	103	
432	17	40	46	78	81	82	84	85	86	87	88	89	91	
433	16	18	19	39	46	52	60	81	83	84	85	86	89	
434	9	16	18	19	20	33	45	47	49	70	78	80	81	83	84	85	
435	5	6	10	11	13	13	14	15	17	19	20	21	26	44	69	71	79	80	81	84	85	100	
436	17	20	21	22	24	26	69	80	84	
452	52	53	54	55	56	57	57	58	59	60	62	
453	48	50	51	52	53	53	54	55	56	56	58	59	
454	8	32	47	48	48	49	50	51	
455	3	7	9	10	11	12	13	14	15	80	89	
456	14	15	16	17	17	18	20	21	82	98	
459	88	
460	87	92	95	
461	83	86	87	88	89	90	92	95	
462	36	46	47	83	86	87	88	89	90	91	92	95	97	
463	46	48	66	78	80	82	84	85	86	87	88	89	90	92	93	95	
464	17	18	34	41	45	47	60	80	82	84	85	86	88	90	
465	16	17	19	20	26	45	47	50	57	59	62	69	72	79	80	82	84	85	98	
466	11	14	18	18	19	20	21	28	41	44	45	49	70	72	77	79	80	83	85	
467	10	12	14	19	20	21	22	24	49	65	69	71	79	80	84	
468	4	10	13	15	20	21	22	23	25	46	64	74	79	
469	21	22	23	24	
470	1	23	
486	57	58	61	
487	51	52	52	54	55	56	59	61	64	
488	9	49	50	51	53	
489	5	6	8	10	11	12	13	14	15	48	
490	12	15	16	19	69	69	71	80	85	87	89	91	92	94	97	
491	83	87	91	92	95	
492	87	87	90	92	95	
493	46	86	87	89	90	92	94	95	98	
494	37	38	46	67	82	83	85	86	87	88	90	91	94	96	99	
495	17	18	34	46	51	80	82	83	84	85	86	89	90	94	99	
496	10	16	17	18	19	40	44	46	48	51	67	69	73	77	79	81	82	84	85	90	102	
497	9	13	13	17	18	19	21	27	42	45	49	60	70	72	77	79	80	82	83	84	
498	12	14	15	17	19	21	21	26	70	79	80	83	
499	19	21	22	23	23	24	27	65	78	
500	15	22	24	25	28	73	
501	22	24	
502	24	45	45	74	
513	80	
520	56	57	60	
521	51	52	53	54	55	58	88	92	
522	48	50	52	53	63	86	88	89	91	
523	4	7	10	84	88	89	95	
524	8	11	13	46	80	82	85	87	88	90	96	
525	17	46	78	80	82	84	85	86	87	88	90	91	95	99	
526	16	19	58	67	81	82	83	85	86	87	88	90	93	95	99	
527	16	17	18	20	30	39	44	50	52	68	71	80	81	82	83	85	86	89	98	
528	8	11	15	17	19	20	47	48	50	70	73	78	80	81	84	86	
529	13	15	17	19	20	21	23	26	44	60	65	69	71	78	80	
530	14	19	20	21	24	25	72	
531	21	22	23	24	65	
532	21	24	73	
533	73	
552	58	
553	56	62	
554	54	56	58	62	93	
555	51	52	53	54	58	83	85	86	87	89	91	92	94	97	
556	41	46	49	53	81	82	85	87	89	91	94	100	
557	8	14	18	26	38	48	49	66	84	
558	11	15	16	17	18	19	21	28	43	48	70	72	79	80	83	84	
559	10	13	14	17	18	19	20	20	43	45	50	69	70	77	79	80	81	83	85	100	
560	7	12	14	15	17	18	18	20	21	22	28	29	43	45	49	70	72	79	80	84	
561	13	19	20	21	23	24	44	62	72	79	
562	14	21	22	24	79	
563	21	23	24	73	
564	24	
586	56	60	93	
587	52	53	54	57	60	87	91	93	
588	46	52	54	66	83	86	87	88	88	89	91	92	95	100	
589	42	50	54	61	64	81	82	83	84	86	87	88	89	94	
590	9	13	16	17	19	42	47	50	69	73	79	81	84	88	
591	6	10	11	13	14	15	17	18	18	19	20	21	26	45	70	72	
592	12	14	15	17	19	20	20	21	22	24	45	48	73	
593	14	19	21	22	23	24	25	28	
594	23	24	
595	21	23	24	
608	6	6	7	
618	58	
619	47	52	56	
620	46	49	52	87	89	92	96	101	
621	50	53	55	67	83	85	86	87	88	90	92	95	98	99	
622	16	39	46	49	79	80	82	82	84	85	86	89	98	
623	10	11	13	14	15	16	18	19	42	44	45	49	69	71	80	82	84	85	
624	8	8	12	14	15	16	18	19	19	20	21	24	27	50	69	72	
625	12	15	19	20	21	22	24	24	27	
626	21	23	24	25	
627	74	
652	56	57	58	60	62	
653	51	52	53	53	54	56	56	59	
654	39	44	45	47	49	50	50	51	55	58	68	81	84	86	89	
655	8	9	11	14	18	42	43	45	48	67	70	78	79	80	82	84	85	
656	10	13	14	15	17	18	19	20	21	24	27	49	71	79	80	83	
657	3	15	19	20	21	22	24	25	73	
658	22	23	23	25	
686	61	
687	53	55	59	61	
688	50	72	
689	12	14	21	23	25	73	
690	22	23	24	
691	24	
723	25	
724	2	
1159	85	
1172	87	
1174	8	
1175	92	
1185	5	
1208	21	
1210	15	
1211	5	
1226	42	
1230	42	
1241	53	
1242	93	
1243	4	
1256	77	
1278	36	
1280	10	
1281	37	
1282	37	
1301	48	
1318	8	
1337	18	
1340	18	
1342	48	
1344	51	59	
1345	57	
1372	17	23	
1375	58	
1376	29	46	48	57	71	102	
1377	46	71	
1378	48	
1383	31	
1395	13	
1405	25	
1407	19	43	46	81	
1408	13	20	30	38	46	
1409	16	17	19	21	29	43	45	46	50	56	59	69	
1410	19	21	31	41	47	48	50	57	59	62	70	
1411	21	45	46	47	48	49	51	53	54	71	
1412	49	70	
1413	48	
1432	92	
1438	23	40	
1439	14	16	47	
1440	14	16	19	23	23	24	41	44	48	
1441	9	15	16	18	19	20	26	42	48	72	
1442	12	15	16	17	19	20	23	26	69	
1443	18	19	21	23	23	25	49	58	59	65	70	
1444	24	28	52	54	55	56	57	59	60	64	73	
1445	22	50	51	53	53	55	58	59	
1446	50	
1447	49	
1448	68	
1449	66	
1451	36	
1453	36	
1454	83	
1470	99	
1471	11	17	
1472	11	16	20	40	
1473	10	13	16	17	19	22	38	71	
1474	11	13	14	16	18	18	19	21	25	44	48	69	
1475	12	14	19	20	22	23	26	73	
1476	7	21	24	73	74	
1477	23	24	73	92	
1478	56	61	88	90	92	95	98	
1479	53	55	87	90	91	93	96	
1480	54	65	
1486	48	
1487	46	
1488	39	47	56	
1489	48	68	
1490	46	56	
1495	99	
1499	76	
1502	24	
1504	8	
1505	8	12	16	
1506	8	11	13	13	15	16	17	20	25	
1507	12	13	15	16	16	18	18	19	21	24	73	
1508	21	22	24	25	48	
1509	22	88	91	93	97	
1510	54	87	88	91	93	95	97	
1511	53	86	87	88	89	90	91	94	98	
1512	57	78	82	85	87	89	90	92	95	
1513	81	82	84	85	87	88	94	
1514	58	
1515	89	
1517	52	
1518	56	66	
1519	46	50	66	
1520	18	24	45	47	49	
1521	17	19	39	46	59	67	
1522	19	21	24	28	42	44	49	52	56	57	59	
1523	26	45	47	49	51	57	60	69	
1524	46	48	49	52	69	
1526	2	4	
1534	57	
1539	7	10	23	
1540	8	9	10	12	13	14	15	19	24	
1541	13	16	17	18	19	21	23	25	56	57	58	61	
1542	18	50	51	52	54	56	57	61	
1543	45	46	47	48	49	50	52	54	57	82	
1544	49	51	78	81	82	85	86	88	90	95	
1545	80	82	83	84	85	87	
1546	79	80	82	84	86	88	
1547	60	78	80	83	93	
1548	85	
1550	42	
1551	16	20	42	47	
1552	16	19	43	46	52	58	66	72	
1553	17	19	22	24	41	47	49	57	71	
1554	11	13	17	20	22	27	32	42	45	48	48	50	65	67	69	
1555	14	20	21	23	24	26	51	57	59	63	70	
1556	19	20	22	24	53	56	57	59	60	73	73	
1557	22	50	51	52	54	56	60	74	
1558	48	50	54	61	
1568	39	
1570	41	
1572	13	
1573	8	24	
1574	5	6	9	10	11	13	14	15	
1575	8	12	13	17	18	57	58	62	87	90	91	95	
1576	16	16	21	54	55	57	58	59	62	88	98	
1577	47	49	50	51	54	55	57	59	73	
1578	44	45	46	47	48	49	51	64	70	79	83	
1579	78	80	85	90	95	
1580	50	
1581	18	42	48	67	81	89	
1583	17	20	38	45	72	
1584	16	18	19	22	26	45	48	49	60	65	68	70	
1585	12	13	17	18	19	22	26	44	48	67	72	
1586	14	16	19	21	23	25	29	70	
1587	13	15	19	20	22	25	60	63	72	
1588	14	20	21	23	24	74	
1589	22	
1590	25	55	97	
1591	52	54	61	87	88	90	91	96	
1593	58	59	59	59	
1606	91	
1607	4	8	
1608	3	11	14	
1609	6	8	9	11	12	13	15	19	23	80	81	85	88	88	91	96	99	
1610	16	17	18	20	52	56	57	59	61	80	81	83	86	89	95	
1611	48	50	51	52	53	54	55	56	58	58	
1612	44	46	47	49	50	52	54	
1613	44	44	46	49	61	74	
1614	19	24	41	44	46	50	68	70	84	
1615	11	17	19	26	41	
1616	11	14	17	19	20	42	45	47	48	70	
1617	15	17	18	19	21	26	45	62	69	
1618	13	17	20	21	22	23	68	72	
1619	12	15	22	24	
1620	23	25	
1621	87	88	91	92	95	98	
1622	74	87	88	90	92	94	96	98	
1623	89	90	92	94	97	
1624	78	83	85	86	88	89	91	94	96	
1625	82	85	86	87	89	91	93	
1626	81	85	88	94	
1629	82	82	83	
1634	92	
1636	26	
1642	15	22	
1643	6	9	10	12	14	15	16	26	78	80	84	
1644	7	11	13	15	16	17	18	19	22	57	58	60	63	79	80	85	88	
1645	17	18	20	22	27	37	52	55	56	57	59	
1646	36	44	45	46	47	48	49	50	51	53	54	54	55	56	59	63	
1647	27	45	47	48	49	51	
1648	11	15	17	20	22	24	26	43	49	68	71	
1649	10	13	14	18	20	22	23	65	72	
1650	11	15	21	23	25	26	65	71	
1651	12	15	22	24	
1652	24	92	97	
1653	76	87	88	91	91	97	
1654	88	89	90	92	94	97	
1655	81	82	84	85	86	89	92	95	
1656	80	81	82	83	84	85	86	89	90	94	
1657	41	41	41	42	42	78	81	83	83	84	85	87	88	90	
1658	79	81	82	84	86	94	
1659	79	81	84	87	89	
1660	86	92	
1663	83	
1675	9	17	
1676	22	27	41	
1677	7	9	10	12	13	14	17	18	20	41	57	
1678	7	12	13	15	16	17	18	19	20	21	23	60	63	70	84	
1679	20	21	23	27	51	53	55	57	59	61	
1680	50	51	54	58	59	
1681	15	17	24	50	54	65	70	73	
1682	4	10	14	24	
1683	23	24	91	93	
1684	88	91	93	96	
1685	88	89	90	93	94	97	
1686	82	85	87	89	90	94	97	102	
1687	77	81	82	83	84	85	85	86	89	93	98	99	
1688	78	80	82	83	83	84	85	86	89	91	
1689	79	80	82	84	86	89	
1690	44	80	85	91	
1691	81	85	96	
1692	82	97	
1693	86	
1694	85	
1701	101	
1705	13	
1707	36	
1708	19	
1709	9	38	
1710	8	10	12	14	17	20	40	72	
1711	10	11	13	14	15	15	16	17	18	19	20	21	22	25	71	
1712	8	13	15	20	20	21	23	24	25	70	
1713	21	23	
1714	55	88	92	96	
1715	74	87	88	90	91	98	
1716	54	87	92	95	97	
1717	86	87	90	93	97	99	
1718	77	81	82	82	85	85	87	89	90	98	
1719	78	80	81	82	84	85	86	89	91	
1720	79	80	82	83	85	88	94	
1721	78	80	82	85	85	90	94	
1722	80	86	
1723	81	
1724	83	
1732	95	
1733	96	
1740	8	
1742	10	15	16	20	
1743	9	12	14	16	17	19	21	45	
1744	10	11	12	14	15	16	17	18	19	20	22	24	44	70	
1745	3	8	11	13	15	20	21	22	23	25	56	
1746	19	88	91	92	96	
1747	54	87	88	90	91	92	93	95	97	
1748	78	82	86	87	88	89	91	93	95	99	
1749	77	81	82	85	86	87	89	91	93	100	
1750	81	82	85	86	89	91	93	
1751	79	80	83	84	85	89	
1752	78	80	82	84	92	95	
1753	79	82	84	
1754	83	84	91	
1755	2	
1774	12	19	
1775	11	13	19	29	
1776	8	11	14	16	17	19	20	22	31	
1777	3	9	11	13	14	18	19	21	23	23	74	
1778	5	22	24	92	
1779	52	73	88	90	91	93	96	98	
1780	82	86	87	88	89	90	92	94	96	100	
1781	78	81	82	83	84	84	86	87	88	90	94	99	
1782	79	80	82	83	84	86	88	90	92	94	101	
1783	78	79	82	83	85	101	
1784	78	80	81	85	89	
1785	79	88	
1787	17	
1798	4	4	4	
1800	11	
1803	81	
1808	10	
1809	6	8	10	11	13	14	15	
1810	5	12	15	17	20	
1811	23	74	91	96	
1812	87	88	90	91	94	97	
1813	82	85	86	87	88	89	91	97	
1814	79	81	82	83	84	85	86	88	89	97	101	
1815	79	80	82	85	
1816	79	82	84	88	
1817	79	97	
1820	4	
1823	84	
1824	104	
1832	95	
1833	92	
1842	11	15	
1843	10	14	
1844	91	96	
1845	83	86	87	89	90	93	93	96	100	
1846	80	81	82	83	84	86	88	89	91	93	
1847	79	80	82	83	85	87	88	90	
1848	79	80	84	87	
1849	85	
1853	65	
1859	73	
1878	81	85	90	
1879	79	80	81	84	86	89	92	
1880	79	82	84	
1881	85	
1882	83	
1883	97	103	
1906	71	
1913	14	86	
1914	90	
1915	3	
1931	97	
1944	80	
1946	97	
1947	83	
1964	58	
1966	40	
2007	6	15	
2008	8	
2010	12	
2031	27	
2043	25	
2047	8	
2050	11	
2068	31	
2072	77	
2075	53	
2093	62	
2096	75	
2099	48	
2100	91	
2118	6	6	
2140	90	
2166	95	
2177	34	
2192	101	
2202	25	
2204	27	
2207	1	
2216	8	
2233	98	
2234	100	
2256	1	
