47	57	
84	78	
146	33	
162	86	87	92	98	
163	82	86	87	89	91	95	
164	85	86	87	88	91	94	
165	16	86	
194	51	
195	86	88	91	93	93	
196	81	83	85	86	87	89	90	93	94	96	
197	77	79	80	81	82	84	85	85	87	88	89	91	93	95	98	
198	13	14	16	77	79	80	82	83	84	85	86	89	93	99	
199	16	16	17	18	20	
219	6	
227	52	55	57	
228	50	51	53	53	86	88	89	92	96	
229	50	82	83	85	86	88	89	91	95	98	
230	78	79	80	81	83	84	85	87	88	90	95	
231	8	10	76	78	78	79	81	83	85	94	
232	5	6	10	11	12	13	13	14	15	16	17	18	18	19	69	77	78	79	83	
233	12	16	17	18	19	21	22	28	
234	22	
249	88	91	
250	87	92	
253	5	
259	57	
260	51	53	54	56	
261	51	52	54	87	89	92	96	
262	49	50	52	53	55	81	83	84	86	87	89	91	94	
263	50	77	78	80	81	83	83	85	86	87	90	94	99	
264	14	39	79	81	85	
265	8	8	10	11	12	13	14	15	16	17	18	19	21	68	79	
266	5	6	10	12	12	14	15	15	17	18	19	20	21	21	23	23	25	68	
267	18	20	22	22	24	
282	87	93	97	
283	81	82	85	86	87	89	91	93	96	
284	80	82	84	85	86	87	89	90	94	97	98	
285	16	17	88	92	
293	53	57	
294	50	51	52	54	87	91	
295	50	51	54	82	84	85	87	89	90	92	95	
296	37	49	77	79	80	82	84	85	87	88	90	94	
297	14	16	43	45	64	66	78	80	85	
298	8	8	10	11	12	13	14	16	18	18	19	21	26	43	64	69	78	
299	5	9	11	12	14	15	16	17	18	19	19	20	21	24	68	
300	13	15	18	19	21	21	23	24	25	26	
301	23	24	
313	57	
314	52	56	
315	46	48	50	51	54	
316	46	81	84	86	88	89	91	98	
317	9	76	78	78	80	81	83	84	85	86	87	88	91	93	96	
318	7	9	10	11	13	13	14	77	78	79	80	82	83	84	85	89	94	98	
319	16	17	18	20	85	
320	18	22	
325	56	
326	52	
327	50	51	53	54	57	87	90	93	
328	50	51	55	81	83	84	86	87	88	89	91	93	93	96	
329	38	77	79	81	82	83	85	86	87	88	89	91	94	
330	9	16	38	67	77	78	80	82	84	
331	6	9	10	12	13	14	16	17	17	18	19	20	21	
332	3	7	11	12	14	15	17	19	19	20	21	22	24	27	70	
333	4	12	18	20	21	22	24	25	
334	23	
347	53	56	58	
348	52	53	54	56	58	
349	47	48	48	49	50	51	91	98	
350	49	77	79	81	84	85	87	90	94	
351	5	9	76	77	79	80	82	84	
352	6	8	9	10	11	12	13	13	14	15	16	19	20	77	79	83	
353	1	7	12	15	16	17	17	18	18	19	20	21	23	27	70	79	83	
354	17	22	
359	51	56	
360	50	51	52	54	59	92	
361	49	50	51	54	82	86	87	89	91	96	
362	54	79	81	82	84	85	87	89	91	95	
363	10	16	18	40	66	77	80	84	
364	8	9	10	11	12	13	14	15	16	17	17	18	19	20	70	
365	11	12	14	15	17	18	19	20	21	22	23	24	25	70	
366	21	22	24	
367	23	
381	52	56	60	
382	47	49	50	51	52	53	54	55	56	59	
383	45	46	47	48	49	50	51	53	58	80	84	86	89	91	95	
384	45	77	80	82	83	85	87	89	94	
385	5	7	9	10	11	14	15	16	19	
386	10	11	12	13	14	15	15	16	16	17	18	19	20	21	23	
387	17	19	20	21	22	24	27	
388	23	
392	58	
393	50	51	52	54	57	87	93	
394	49	50	51	53	54	55	82	86	87	89	90	93	95	
395	37	40	49	78	79	81	82	84	85	86	88	89	90	93	97	
396	10	68	77	78	80	82	84	
397	7	9	10	11	12	14	15	16	17	18	19	20	41	79	
398	5	12	13	14	15	16	18	20	21	22	22	24	25	27	
399	22	23	24	25	
414	56	
415	52	53	55	56	58	58	
416	43	45	46	47	48	49	50	51	52	53	54	
417	46	49	54	81	83	87	89	92	
418	10	80	83	85	89	94	
419	3	6	8	9	10	11	13	13	14	15	16	
420	8	12	14	15	16	16	17	18	18	19	20	21	22	24	69	
421	1	20	21	22	
425	53	56	
426	51	52	55	
427	50	51	54	82	85	86	88	89	92	96	
428	50	54	79	81	82	83	85	86	87	89	90	91	95	
429	8	10	14	44	64	68	76	79	81	84	85	
430	6	8	10	11	12	13	14	15	16	16	17	18	19	20	64	
431	4	11	13	14	15	17	19	19	20	21	22	23	25	
432	3	20	21	22	23	24	
449	48	51	52	52	54	55	55	56	57	58	61	
450	41	45	46	47	48	49	49	50	51	53	54	55	60	
451	43	45	46	49	82	86	92	
452	9	10	14	66	79	
453	4	7	8	8	10	11	11	12	13	14	14	15	16	16	18	19	21	23	
454	12	15	16	17	18	18	19	20	21	22	23	25	26	
455	22	
458	56	
459	51	53	57	88	90	93	97	
460	52	55	82	84	85	86	87	88	89	91	93	95	
461	50	77	78	80	81	83	83	84	85	86	87	89	93	94	
462	8	13	68	77	78	80	82	84	85	88	
463	6	9	11	12	13	14	15	16	17	17	18	19	20	23	26	29	44	79	
464	12	13	15	17	18	19	20	21	22	24	70	
465	21	22	23	23	25	
482	56	58	
483	51	51	52	52	53	53	54	55	56	57	60	
484	42	44	45	46	46	47	48	48	49	49	50	51	51	54	
485	44	45	46	49	63	93	
486	6	9	11	14	
487	5	7	10	11	12	13	14	14	15	16	17	18	20	23	26	
488	13	17	18	19	20	21	22	23	26	
490	57	
491	52	56	
492	51	87	90	92	98	
493	51	52	53	77	82	84	86	87	89	90	92	95	
494	76	77	79	80	82	83	83	84	85	87	89	90	93	95	
495	8	10	17	41	75	76	79	81	83	84	98	
496	8	10	11	12	13	15	16	17	18	18	19	19	20	27	42	69	
497	11	12	14	15	16	17	19	20	20	21	22	23	24	27	71	
498	21	22	23	25	
516	57	
517	34	50	51	52	52	53	54	55	55	56	58	62	
518	43	45	46	47	47	49	49	50	50	51	53	
519	44	45	48	90	
520	8	9	10	13	15	
521	5	6	8	10	11	12	12	13	14	15	16	16	17	19	20	24	26	69	
522	17	18	20	21	22	23	
523	23	56	
524	52	
525	50	51	52	54	57	59	86	87	88	89	91	96	
526	50	53	54	77	82	83	85	86	87	88	88	90	91	94	97	
527	46	76	78	79	80	81	83	83	84	86	87	88	90	95	
528	10	13	76	78	78	80	82	84	
529	7	8	10	11	12	13	14	15	16	17	18	19	65	68	79	
530	5	11	14	15	16	17	18	18	19	20	21	22	23	24	25	27	70	
531	21	22	24	
532	23	
550	57	
551	34	36	48	50	51	51	52	53	54	55	55	56	57	58	
552	43	45	46	47	47	49	49	50	51	53	54	
553	44	45	46	48	
554	5	8	9	10	11	12	13	15	28	74	
555	11	12	13	13	14	15	16	17	18	19	20	22	
556	17	20	21	22	23	24	
557	52	
558	50	52	55	56	86	87	90	92	95	
559	50	52	54	78	80	81	83	84	85	86	87	89	91	94	96	
560	34	76	77	79	80	81	84	85	86	89	93	
561	9	14	16	38	77	80	81	88	
562	3	6	7	8	10	11	12	14	14	15	16	17	18	19	20	65	69	
563	5	11	12	13	14	15	15	16	17	19	19	20	21	23	24	27	
564	18	20	21	22	24	
565	22	
584	57	
585	50	51	51	52	52	53	53	54	55	55	56	56	57	60	
586	43	45	46	47	47	48	48	49	50	50	51	53	54	58	
587	9	45	46	92	
588	5	7	8	9	11	12	13	14	
589	10	11	12	14	15	15	16	17	19	20	24	88	92	98	
590	18	22	52	57	86	87	91	
591	50	51	53	55	82	85	86	87	88	89	91	93	94	97	
592	38	50	52	53	76	80	82	84	86	87	89	90	94	97	
593	76	77	79	80	82	84	84	86	93	
594	9	11	17	41	77	78	80	83	101	
595	8	10	11	13	14	16	17	19	19	20	67	68	
596	11	13	14	15	16	17	18	18	19	20	21	22	24	26	43	
597	3	13	20	21	22	23	23	24	28	
598	22	
607	10	10	13	
618	57	
619	51	52	53	54	54	55	56	57	59	
620	42	44	45	46	47	47	48	48	49	50	50	51	53	55	
621	42	44	45	46	49	
622	5	6	10	11	13	14	91	
623	7	9	11	13	15	78	82	84	85	86	93	95	
624	54	79	81	82	84	85	85	86	89	91	93	95	98	
625	53	55	77	80	81	82	83	83	84	85	86	87	89	91	95	
626	38	78	78	80	80	81	83	85	86	88	90	93	
627	8	11	13	16	17	19	42	43	47	66	69	79	
628	7	10	11	12	14	14	15	17	17	18	18	19	20	26	44	65	69	72	
629	3	8	11	13	15	15	16	17	18	19	20	20	21	23	24	25	70	
630	5	21	22	23	24	
631	22	
652	57	
653	51	51	52	53	53	54	55	55	56	57	58	60	
654	46	47	47	49	50	50	51	52	53	54	56	62	
655	43	44	45	46	47	48	49	53	
656	8	43	
657	12	80	85	88	
658	77	78	79	80	82	84	85	88	98	
659	9	42	68	78	78	79	81	84	85	
660	8	10	11	13	13	14	16	17	18	18	19	40	67	80	83	
661	9	11	12	13	14	15	16	17	17	19	19	20	21	23	25	27	
662	3	11	14	15	18	20	21	22	22	23	24	26	69	
663	21	22	23	25	
686	56	58	
687	51	52	53	53	54	55	55	56	57	60	
688	42	47	47	48	49	49	50	51	51	54	55	59	
689	31	40	42	44	45	46	47	48	49	49	53	54	56	
690	4	38	47	58	
691	8	20	38	42	46	83	
692	12	14	16	20	42	48	67	78	
693	7	9	10	11	14	15	16	17	18	19	19	21	26	41	64	68	70	
694	3	8	10	12	13	14	15	16	17	18	18	19	19	20	21	24	26	
695	12	19	20	21	22	23	24	25	
696	23	23	
721	35	51	52	53	55	55	56	57	58	59	63	
722	43	47	48	49	50	51	51	53	54	55	56	58	59	62	
723	30	33	37	42	43	44	45	46	47	48	48	49	50	56	57	61	66	72	
724	30	35	41	43	44	45	46	47	49	56	60	68	69	
725	8	14	19	21	23	39	42	44	46	63	65	68	71	
726	10	12	13	15	16	18	19	19	20	21	25	42	44	68	74	
727	6	11	12	14	15	16	18	19	20	21	22	23	24	24	
728	5	18	21	23	24	
729	22	
756	50	53	53	54	55	59	
757	33	52	55	57	59	
758	23	45	51	61	65	
759	15	21	24	25	44	63	65	
760	5	11	21	23	23	25	
761	22	24	25	
762	22	25	
794	25	
1176	31	
1209	13	
1227	22	
1240	27	81	
1241	75	
1252	1	
1259	2	
1267	38	
1275	73	
1277	10	
1282	67	
1284	29	41	50	
1285	46	
1286	44	
1287	49	81	
1288	15	
1290	61	
1291	75	
1309	12	
1316	37	
1317	17	29	37	
1318	18	20	42	45	46	48	49	57	62	
1319	18	22	47	52	57	67	
1320	27	43	43	47	49	
1321	54	67	
1350	14	
1351	14	17	19	23	41	
1352	16	17	19	20	21	34	41	47	52	57	58	61	65	68	
1353	19	20	21	23	25	28	42	44	46	47	49	51	52	54	58	60	
1354	23	44	45	46	48	49	51	69	
1355	43	48	
1363	28	
1370	41	
1371	85	
1373	15	
1374	9	
1378	32	
1383	11	14	21	
1384	9	11	15	16	17	19	41	
1385	10	12	13	13	14	15	16	18	18	19	20	21	24	65	69	
1386	15	16	17	19	20	21	22	24	26	52	56	58	60	
1387	21	22	23	24	47	49	50	51	52	53	54	55	56	62	74	
1388	33	45	47	48	49	51	54	56	61	87	92	96	
1390	53	
1399	25	27	
1401	25	
1402	45	101	
1404	43	47	
1405	48	
1406	44	46	
1412	75	
1415	35	
1416	8	
1417	10	12	15	16	18	20	24	
1418	8	9	10	12	13	13	15	16	18	19	20	22	24	71	89	
1419	7	12	14	15	18	19	20	21	22	24	56	
1420	21	22	24	50	51	52	54	56	59	93	
1421	50	51	53	53	54	56	60	86	87	88	89	91	93	95	
1422	50	81	82	84	86	87	88	90	95	
1423	24	59	
1436	75	
1438	16	18	19	34	37	39	56	57	61	
1439	16	17	19	21	23	42	46	47	49	52	56	68	69	
1440	42	44	46	48	50	82	
1441	46	48	69	
1447	71	
1448	18	
1449	26	
1450	7	9	12	15	16	18	
1451	7	9	10	12	13	14	15	16	17	18	19	21	26	68	
1452	7	12	14	15	16	17	19	19	20	21	23	25	27	
1453	21	22	23	23	25	51	52	58	88	
1454	50	52	54	82	83	85	85	86	88	88	90	91	95	
1455	55	59	76	78	81	82	84	85	86	88	89	91	96	
1456	76	78	80	82	84	92	94	
1457	83	92	
1464	44	
1466	25	
1471	8	11	15	16	
1472	11	13	14	16	16	18	19	20	23	56	57	66	69	
1473	16	17	18	19	20	21	24	29	42	43	47	49	50	51	54	56	58	70	
1474	21	22	25	42	44	45	46	47	48	49	50	52	53	62	69	
1475	46	59	
1478	21	
1481	28	
1482	18	29	
1483	10	15	16	18	21	68	
1484	6	9	11	12	14	17	18	19	21	23	27	
1485	11	13	15	18	19	20	21	22	23	26	57	70	
1486	21	22	24	50	52	54	92	
1487	50	52	55	83	86	87	89	91	93	94	97	
1488	22	77	79	80	82	84	84	85	87	89	93	97	
1489	76	79	81	83	85	90	
1490	79	85	88	
1491	75	
1504	8	14	
1505	8	9	11	12	13	14	17	19	21	68	
1506	4	11	12	15	16	17	18	19	20	22	23	53	57	
1507	17	18	21	22	24	47	51	52	52	54	55	58	61	
1508	23	45	47	48	50	51	53	55	87	90	93	
1509	49	53	92	
1513	47	
1514	23	
1516	7	9	13	14	17	19	
1517	9	11	12	13	15	16	18	18	19	21	
1518	6	12	15	17	19	20	21	22	23	24	27	69	
1519	22	23	50	51	52	55	58	93	
1520	51	54	82	86	87	88	88	90	91	94	97	
1521	53	76	78	78	80	81	82	84	85	86	88	90	97	
1522	79	80	82	83	86	95	
1523	42	80	
1524	62	80	
1525	89	
1537	9	15	
1538	8	11	14	18	
1539	5	8	9	11	12	13	14	15	16	20	25	58	
1540	12	16	17	18	20	21	22	23	24	52	54	55	56	
1541	21	22	46	47	49	50	51	53	54	55	60	
1542	45	47	49	50	54	80	83	85	89	92	98	
1543	86	88	
1547	39	
1548	9	16	
1549	9	12	14	17	18	26	39	
1550	8	10	12	14	15	16	17	19	21	65	
1551	6	12	13	14	15	16	17	18	19	20	21	23	25	27	56	69	
1552	21	22	23	24	51	52	53	53	55	91	93	
1553	50	52	55	58	82	85	86	87	89	90	92	94	97	
1554	76	77	79	80	81	83	83	85	86	89	94	
1555	79	82	84	88	
1556	78	
1557	81	101	
1567	33	
1571	9	
1572	9	11	12	14	15	18	
1573	5	7	10	11	12	13	14	14	15	16	16	16	19	20	24	56	56	58	
1574	13	15	16	17	18	19	21	22	24	27	48	51	51	52	53	53	54	56	
1575	23	44	45	46	47	49	50	51	52	54	
1576	44	48	50	57	79	81	86	89	
1577	53	79	84	
1578	49	
1580	38	
1582	11	17	19	44	67	
1583	9	11	13	13	14	15	16	17	19	21	26	38	68	
1584	4	7	8	11	12	14	15	17	18	20	21	22	25	57	
1585	20	21	23	24	48	51	53	54	
1586	50	52	53	55	57	82	86	87	89	90	92	94	
1587	76	78	78	79	80	82	83	84	85	87	90	97	
1588	79	81	86	91	95	
1589	80	
1590	84	
1594	22	
1599	92	
1603	21	
1604	24	67	
1605	5	14	
1606	4	8	8	9	10	11	13	14	15	
1607	7	12	12	14	15	16	17	17	18	19	20	21	24	52	56	57	
1608	17	20	22	23	25	48	50	50	51	52	53	53	54	56	58	61	
1609	44	46	48	48	49	51	52	91	93	
1610	43	80	84	91	
1614	13	18	23	25	
1615	7	9	15	16	18	20	69	
1616	5	8	10	12	13	15	17	18	21	27	30	39	68	
1617	5	12	14	15	17	19	20	21	52	71	
1618	18	20	22	23	24	25	47	50	51	52	54	
1619	49	51	54	57	82	86	87	88	90	92	94	96	
1620	77	78	79	81	82	83	84	86	89	91	95	
1621	54	80	93	
1622	80	
1636	24	
1640	5	6	8	9	10	12	13	14	16	
1641	8	11	12	15	16	17	18	19	21	23	25	52	53	56	57	62	69	
1642	17	17	21	22	42	46	47	50	51	51	52	53	54	56	58	61	
1643	44	45	46	48	49	51	54	81	85	89	91	
1644	45	48	80	90	
1645	34	
1647	18	25	68	
1648	6	9	11	14	16	18	19	25	26	38	
1649	9	11	13	13	15	16	18	19	20	22	25	27	64	66	72	
1650	15	20	21	23	24	26	44	53	65	71	
1651	22	23	23	25	48	49	50	51	52	54	55	58	
1652	50	51	54	78	86	87	90	92	93	95	
1653	76	79	80	81	82	83	84	85	89	95	
1654	77	79	82	83	87	
1655	82	
1656	67	
1667	72	
1673	14	
1674	7	9	10	10	11	13	14	17	18	20	23	57	
1675	8	11	12	13	15	15	16	17	18	20	24	28	52	55	56	
1676	17	18	20	21	22	42	46	47	49	50	51	52	53	54	58	
1677	45	46	47	48	50	54	56	80	85	89	92	
1678	45	
1679	38	
1680	16	
1681	6	9	11	14	16	17	19	22	38	66	
1682	3	8	10	12	13	13	14	16	17	19	20	21	23	27	65	67	70	
1683	11	12	15	18	19	20	21	22	23	23	56	
1684	21	22	24	50	51	52	53	54	55	58	
1685	49	51	53	54	82	86	87	88	89	90	92	94	97	
1686	52	77	79	80	81	83	84	86	89	91	94	97	
1687	76	78	80	84	91	95	
1688	82	101	
1706	74	
1707	11	14	
1708	5	6	7	9	10	10	11	14	14	15	16	24	29	57	
1709	2	7	13	13	15	16	17	18	20	51	52	53	53	54	55	56	57	60	
1710	17	18	21	22	23	45	46	47	50	52	54	
1711	44	47	48	50	53	80	85	89	
1712	8	43	
1713	15	19	29	39	79	
1714	7	9	12	13	16	19	20	38	70	
1715	9	11	14	16	17	19	20	23	25	69	
1716	11	13	15	17	18	20	21	23	23	44	69	
1717	21	22	25	50	51	52	53	54	59	88	93	
1718	50	52	55	58	82	85	86	87	88	90	91	93	94	97	
1719	49	77	79	80	81	83	83	85	86	89	93	
1720	78	80	82	83	86	90	
1721	84	
1738	36	
1740	13	
1741	15	
1742	6	8	8	9	10	11	12	14	15	18	21	58	
1743	12	13	14	15	15	16	16	17	19	20	23	24	27	35	51	52	53	54	55	56	56	58	58	60	
1744	17	18	21	22	36	42	45	46	47	48	49	50	50	52	55	61	
1745	31	42	44	45	46	49	55	59	66	72	81	
1746	8	13	19	41	45	47	48	68	
1747	9	11	13	15	19	21	24	40	64	67	
1748	9	11	12	13	14	15	16	17	18	19	20	22	24	64	
1749	12	15	19	20	21	22	24	
1750	23	23	25	52	55	
1751	49	51	53	53	55	82	85	86	88	89	91	94	97	
1752	78	79	80	81	82	83	84	85	86	89	93	95	
1753	79	80	85	89	
1754	78	
1755	83	
1756	84	
1761	29	
1772	4	
1773	97	
1775	10	13	
1776	6	8	9	10	11	13	14	15	17	19	23	
1777	7	12	12	15	16	16	17	18	19	20	26	35	52	54	55	56	58	60	
1778	17	18	20	21	23	43	45	46	47	49	50	51	54	55	57	60	
1779	30	39	43	44	45	47	48	51	60	
1780	10	18	32	41	45	48	63	64	70	
1781	10	13	13	15	18	19	22	25	44	69	
1782	8	19	20	22	23	24	26	57	70	
1783	21	22	24	51	52	55	58	87	88	90	92	97	
1784	51	53	82	83	85	86	86	88	88	89	90	93	95	97	
1785	55	76	77	79	80	81	82	83	85	86	89	91	95	
1786	77	79	81	84	90	
1787	79	84	92	
1808	13	
1809	8	
1810	6	9	10	11	13	13	14	27	
1811	7	11	12	13	15	16	17	19	20	24	
1812	16	17	18	21	22	26	55	59	
1813	55	62	65	
1814	24	45	56	
1815	24	51	52	
1816	23	51	86	87	90	91	96	
1817	51	53	78	80	81	82	83	84	85	86	89	91	94	
1818	76	77	78	79	80	81	82	84	85	86	88	92	93	
1819	77	79	82	84	87	90	
1820	82	84	
1821	71	81	
1823	51	
1828	28	
1841	53	
1843	18	
1844	7	8	9	10	12	13	14	
1845	7	11	12	12	13	14	15	15	17	19	24	
1846	17	18	21	22	83	86	87	91	93	97	
1847	58	87	92	
1848	52	53	56	88	90	91	93	96	
1849	50	51	54	57	86	87	89	90	91	93	95	
1850	54	77	81	82	85	86	87	88	90	93	
1851	54	77	79	80	82	84	87	88	97	
1852	77	79	83	84	
1858	83	
1877	21	
1878	8	9	10	12	14	
1879	3	7	9	11	12	13	14	15	15	16	81	84	86	88	91	93	
1880	77	80	82	83	84	85	86	86	88	88	90	94	96	
1881	78	82	83	86	87	88	88	89	91	93	94	95	96	
1882	52	54	77	81	82	85	85	86	87	89	91	92	94	95	
1883	78	79	80	81	82	84	85	86	88	89	91	94	
1884	78	78	80	81	84	85	89	94	98	
1885	80	85	
1887	83	
1890	101	
1911	18	
1912	4	9	13	
1913	5	78	80	84	
1914	76	77	78	78	79	80	83	84	86	92	93	
1915	76	77	79	80	81	83	84	85	90	99	
1916	76	78	78	79	80	82	83	85	88	98	
1917	77	80	81	84	88	
1918	80	95	
1926	66	
1942	35	
1944	8	
1947	86	
1948	80	
1949	78	81	88	94	
1950	85	88	94	
1951	85	
1952	88	96	
1954	17	
1956	40	82	
1960	43	
1966	30	
1969	97	
1972	79	
1978	16	
1979	81	
1980	11	97	
1984	83	
1985	83	
1994	92	
2000	33	
2016	53	
2025	28	63	
2043	58	
2044	66	
2067	28	
2080	36	
2090	91	
2094	27	
2104	56	
2120	2	
2170	96	
2221	8	
2227	97	
2232	25	
2257	100	
2308	3	
