41	83	
84	80	
152	89	
216	88	92	96	97	
217	92	
247	56	
249	86	88	90	91	93	96	
250	9	11	13	81	82	85	86	87	89	90	91	94	96	
251	16	16	82	86	89	95	
252	18	
263	56	
264	92	
265	88	90	91	95	
266	17	
279	58	
280	53	
281	51	53	57	60	88	91	95	
282	86	87	89	90	92	94	96	
283	9	39	81	82	83	85	86	87	89	90	93	100	
284	6	9	10	12	14	16	19	20	79	81	82	84	85	85	88	101	
285	11	13	17	18	18	19	20	21	26	72	79	85	
286	21	23	
297	87	98	
298	82	87	88	88	90	91	94	97	
299	7	11	14	82	85	86	87	89	90	92	94	97	98	
300	16	17	18	20	87	89	
312	57	
313	53	56	57	61	
314	47	49	51	52	55	57	58	
315	49	51	53	82	85	86	87	89	91	93	97	99	
316	80	81	82	84	85	86	87	88	89	93	95	101	
317	6	8	10	12	13	14	16	16	18	41	69	80	81	83	84	
318	10	11	12	13	14	15	17	18	18	19	20	21	69	79	
319	3	20	21	22	24	
320	22	
329	56	92	
330	55	87	88	90	91	93	95	
331	53	83	85	86	87	88	89	90	92	93	95	98	
332	9	40	80	81	83	84	85	86	87	89	90	93	96	
333	7	10	11	12	13	14	14	15	16	17	19	68	78	79	80	81	83	85	89	
334	12	15	16	17	18	19	20	20	24	26	80	
335	18	21	
346	56	58	
347	52	52	54	56	61	
348	47	49	50	51	52	53	54	58	86	91	95	
349	9	40	48	50	80	82	83	83	85	86	89	94	
350	9	11	12	13	14	16	16	19	28	69	79	80	82	83	85	
351	7	12	14	15	16	17	18	18	19	20	21	24	72	79	
352	5	15	21	22	23	23	25	74	
353	22	
360	57	
361	56	
362	87	89	91	93	95	
363	53	86	87	88	88	89	91	92	94	97	98	
364	60	81	82	83	84	85	86	87	89	90	93	95	99	
365	38	39	46	68	78	80	81	83	84	85	86	89	91	94	
366	7	9	11	12	14	14	16	17	18	18	19	20	44	70	80	81	84	
367	5	7	11	13	14	14	15	16	17	19	20	21	21	23	24	27	44	
368	20	21	22	23	24	
369	22	
380	56	57	
381	47	51	52	53	54	55	56	58	60	64	
382	46	47	49	50	51	54	86	89	93	
383	6	9	10	12	13	14	80	86	
384	5	7	10	12	12	15	16	18	19	20	21	24	29	74	79	
385	15	20	21	22	23	25	
394	92	
395	52	53	57	87	90	92	94	97	99	
396	54	83	85	86	87	88	90	91	95	97	100	
397	38	46	50	78	80	81	82	83	85	86	88	89	91	94	97	
398	8	11	13	15	17	19	41	69	79	80	82	83	84	85	88	99	
399	10	12	13	14	15	16	17	18	18	19	20	21	28	70	79	81	84	
400	7	10	12	14	19	20	21	21	22	24	25	27	43	72	
401	20	22	23	23	25	73	
402	25	
414	53	56	56	57	59	61	
415	51	52	54	54	56	58	60	
416	45	46	48	48	49	50	52	53	84	87	89	98	
417	7	9	10	11	12	14	14	84	
418	12	13	15	15	16	17	17	18	19	20	20	24	
419	21	22	
426	91	
427	87	90	92	96	
428	53	55	86	87	88	88	90	92	95	98	
429	47	51	80	82	83	85	86	87	88	89	91	94	96	
430	40	46	80	81	82	84	85	87	88	89	94	
431	8	10	12	13	16	17	19	40	69	79	81	83	85	
432	10	11	12	13	14	15	16	17	18	19	19	20	21	25	26	28	45	69	72	78	
433	17	18	19	20	21	22	23	24	25	74	
434	23	24	
435	23	
448	53	57	58	59	61	
449	48	51	51	52	53	54	54	55	59	64	
450	9	31	45	46	48	49	85	
451	5	6	7	10	11	12	13	14	15	15	16	84	104	
452	13	15	16	17	18	19	20	21	22	23	25	74	
458	57	93	
459	87	91	92	97	
460	55	83	87	88	89	90	92	94	97	
461	81	82	84	85	86	87	88	89	90	92	94	96	100	
462	38	39	46	55	66	80	82	84	86	87	89	90	93	96	100	
463	13	16	17	18	19	30	34	43	70	79	81	82	84	85	88	
464	7	10	11	14	15	16	18	18	19	20	21	44	48	65	69	73	79	81	
465	4	6	11	13	13	15	18	19	20	21	22	24	25	26	43	70	
466	4	21	22	23	23	24	
467	22	24	74	
469	52	53	
470	54	
482	53	56	57	57	59	61	
483	47	50	51	51	52	54	54	55	56	58	
484	9	13	45	47	48	49	50	87	91	
485	6	8	10	11	11	12	14	15	16	18	
486	16	17	17	19	20	21	25	
490	91	
491	87	91	93	98	
492	86	87	88	89	90	92	95	99	
493	38	83	85	86	87	88	88	89	90	92	94	96	
494	16	19	38	68	77	80	82	83	84	85	86	89	90	94	
495	11	16	17	18	19	43	43	77	79	80	82	84	85	
496	7	9	11	13	14	16	17	18	19	20	21	26	28	71	73	79	81	83	
497	9	12	14	15	19	20	21	21	24	25	26	43	69	79	
498	21	22	23	24	25	
499	22	23	75	
507	84	84	85	
515	58	
516	52	56	56	57	59	61	
517	47	50	51	51	52	53	53	54	55	58	
518	8	10	45	46	47	48	49	50	91	
519	7	9	11	11	12	13	13	14	15	18	
520	17	20	21	88	
521	87	91	92	
522	87	90	91	
523	86	87	90	91	94	97	
524	83	86	87	88	88	89	91	92	93	95	100	
525	82	84	85	86	87	89	90	91	93	95	
526	20	37	40	81	82	83	84	86	87	89	93	95	99	
527	8	13	16	17	18	19	42	44	70	78	80	81	83	84	85	
528	10	12	13	15	16	17	18	19	21	27	43	45	68	71	78	80	81	84	
529	14	17	18	20	20	22	23	69	72	73	79	
530	20	21	22	23	24	
531	24	74	
550	52	53	56	57	57	60	61	
551	47	48	49	50	51	52	52	54	54	55	58	63	
552	9	45	46	47	48	49	86	89	104	
553	6	7	11	13	14	15	85	90	95	
554	81	83	86	87	88	89	91	94	96	98	
555	46	81	83	85	86	86	87	88	89	90	92	94	96	99	
556	46	78	82	83	85	86	87	88	88	89	90	92	93	95	98	
557	39	46	80	82	83	84	85	86	87	88	89	91	93	95	
558	38	40	80	81	82	84	85	86	98	
559	12	14	16	17	18	19	28	43	45	48	51	69	72	79	80	81	82	83	84	88	99	
560	8	10	12	13	14	15	16	17	19	20	21	45	65	69	71	79	81	84	
561	6	12	14	18	18	20	20	22	24	26	45	70	80	
562	21	23	24	
563	21	23	23	25	
579	46	
584	53	55	56	57	57	58	60	61	
585	32	42	48	51	51	52	52	53	54	54	55	55	56	57	58	58	59	60	
586	29	41	44	45	46	47	49	49	50	50	52	53	56	58	59	68	70	
587	12	19	39	43	44	45	46	48	48	49	51	56	66	70	72	
588	16	19	20	39	43	45	47	49	52	56	58	58	68	69	78	79	80	82	84	86	
589	18	19	20	26	38	43	46	48	48	50	56	58	59	67	70	79	80	81	82	83	84	85	89	98	
590	16	18	18	19	20	40	45	47	49	50	58	60	70	72	79	80	81	84	
591	11	15	19	20	21	27	42	43	45	48	49	51	65	67	69	71	78	79	80	84	
592	8	10	11	13	13	15	17	19	20	21	26	43	45	65	67	70	72	79	80	84	
593	12	14	15	18	19	20	22	24	65	71	78	
594	3	20	22	23	24	25	65	74	
595	21	23	24	
619	53	54	55	55	56	60	63	64	
620	31	45	51	55	59	61	
621	24	29	50	53	59	66	
622	21	22	24	25	45	54	59	63	64	71	79	
623	20	22	24	27	54	60	78	
624	20	22	23	23	24	26	52	54	65	71	79	
625	21	22	25	28	75	
626	20	22	23	23	
627	22	24	25	
628	75	
655	74	
656	24	
657	74	
659	25	
1159	74	
1163	73	
1165	75	
1199	27	
1208	81	89	
1216	22	
1236	83	
1240	82	
1242	13	28	
1259	99	
1268	56	
1269	3	
1273	28	
1276	96	
1286	54	
1295	37	
1301	40	
1305	97	
1308	92	
1317	15	34	
1318	3	
1328	48	
1330	45	
1331	49	
1338	47	
1350	18	
1355	58	
1370	19	
1371	16	26	37	42	44	47	67	
1372	18	47	51	59	68	
1373	45	47	48	
1383	32	
1385	69	
1388	46	
1389	69	
1395	92	
1400	25	
1403	10	17	38	39	
1404	12	14	17	20	24	
1405	16	18	19	20	27	29	58	60	69	
1406	23	25	45	48	49	51	52	54	59	62	69	
1407	45	49	50	55	58	70	
1408	52	
1412	31	
1414	11	
1415	20	
1417	18	
1418	45	
1419	16	30	41	46	
1420	17	19	30	36	40	57	62	
1421	21	45	47	48	51	56	70	
1422	47	48	50	55	56	70	
1435	40	
1436	20	40	
1437	8	9	12	14	17	19	20	70	
1438	10	12	14	15	16	17	18	19	21	23	45	69	73	
1439	13	17	20	21	24	53	56	59	71	
1440	23	25	51	53	54	55	59	93	
1441	50	54	58	
1443	86	
1446	53	
1447	7	
1450	18	36	
1451	37	
1452	11	17	18	48	
1453	10	16	19	23	41	
1454	16	17	19	20	22	53	56	57	58	60	72	
1455	18	21	22	24	26	45	48	50	51	53	54	57	60	72	
1456	45	49	50	52	56	60	
1458	53	
1469	14	
1470	7	9	12	14	15	16	17	18	20	24	
1471	11	12	14	15	16	17	19	20	21	25	29	58	70	
1472	20	21	23	24	56	
1473	23	24	50	51	54	63	88	91	
1474	53	59	86	87	88	89	91	95	
1475	54	57	83	86	89	97	
1481	30	
1483	36	46	
1484	16	20	
1485	13	17	19	23	43	72	
1486	9	12	14	16	18	18	19	20	38	70	
1487	11	12	14	15	17	18	20	21	23	24	26	44	58	69	
1488	20	21	22	23	25	28	55	56	59	60	63	73	
1489	22	50	50	51	52	53	54	55	56	58	
1490	49	53	67	
1502	9	
1503	10	12	14	17	
1504	8	9	10	11	12	12	14	15	16	17	18	21	
1505	17	17	20	21	23	24	53	58	
1506	3	22	50	52	54	63	75	88	91	96	
1507	50	53	54	82	86	87	89	90	94	99	
1508	78	81	83	84	86	88	
1509	80	87	93	
1510	52	
1513	41	
1515	11	16	
1516	17	20	29	
1517	10	16	19	37	42	72	
1518	10	13	14	17	18	20	24	26	42	
1519	11	14	15	17	18	19	21	22	24	26	29	43	69	
1520	11	15	20	21	22	23	25	56	70	
1521	22	23	24	58	59	74	
1522	51	52	54	55	56	90	92	92	93	97	
1523	54	86	87	90	91	94	97	
1524	55	87	
1534	17	
1536	6	9	16	
1537	9	11	13	14	
1538	5	7	12	13	14	15	16	17	19	21	24	57	62	89	
1539	17	18	20	22	25	47	51	52	54	55	56	59	
1540	48	49	51	54	58	64	82	85	87	89	91	94	
1541	49	54	80	81	82	83	84	86	88	94	98	
1542	81	84	101	
1543	86	
1547	10	
1548	41	
1549	12	16	19	
1550	9	14	16	19	42	
1551	9	11	14	16	17	18	19	21	26	39	70	
1552	10	12	14	15	17	19	19	20	22	23	27	45	
1553	15	21	22	24	56	74	
1554	25	52	74	
1555	53	54	87	88	89	90	92	93	96	
1556	87	88	89	91	96	
1557	80	81	83	83	84	86	89	95	
1558	81	85	
1562	84	
1565	69	
1570	8	
1571	3	9	10	12	13	15	16	19	23	
1572	5	6	12	15	15	16	17	18	20	24	56	57	59	61	
1573	17	21	22	47	48	50	51	52	54	55	58	59	
1574	49	51	54	79	81	83	86	87	90	96	
1575	50	81	86	96	
1576	100	
1578	29	
1579	19	74	
1581	17	
1582	13	13	16	18	19	39	45	66	72	
1583	4	11	14	16	17	19	20	24	39	45	46	70	
1584	7	11	12	14	15	17	19	20	21	23	27	43	70	74	
1585	8	12	15	19	20	22	23	28	72	
1586	22	23	73	
1587	13	25	53	54	56	90	91	93	97	
1588	54	86	87	89	90	91	93	95	97	100	
1589	55	77	82	84	85	86	87	89	91	96	99	
1590	79	80	81	83	85	86	88	90	
1591	79	81	85	90	
1592	87	93	
1593	45	
1594	64	64	65	65	
1602	24	
1603	97	
1604	12	14	
1605	4	7	9	10	11	14	14	
1606	13	15	16	16	17	19	23	24	52	53	56	57	58	59	62	
1607	18	22	46	47	48	49	50	51	54	58	
1608	47	49	58	83	83	86	
1609	87	
1611	41	47	
1612	25	
1613	34	38	
1614	11	17	18	20	26	38	42	48	69	
1615	12	14	16	18	20	22	23	29	43	66	69	
1616	7	12	14	17	18	20	21	70	
1617	7	11	13	15	19	21	23	24	26	69	
1618	21	22	23	25	
1619	88	93	
1620	55	87	88	90	92	93	95	97	
1621	81	82	85	86	87	88	89	90	92	95	
1622	79	81	82	83	84	85	86	88	88	90	95	
1623	79	80	82	83	85	87	
1624	9	80	83	88	
1625	84	
1627	11	
1629	84	
1630	84	
1638	10	
1639	4	6	8	10	11	12	14	15	
1640	13	15	16	17	18	18	19	21	25	53	55	56	56	58	60	62	
1641	17	21	22	47	48	50	50	51	53	54	55	58	58	
1642	30	38	48	49	50	
1643	46	85	
1644	37	46	67	
1645	16	19	37	47	68	
1646	17	20	22	29	45	
1647	13	14	16	18	19	20	23	41	44	46	48	70	
1648	12	13	15	16	17	18	20	21	23	28	65	69	95	
1649	11	15	21	23	25	71	
1650	22	24	74	
1651	23	74	88	92	96	
1652	54	88	92	94	96	
1653	82	82	85	86	87	89	90	92	95	99	
1654	81	81	82	84	85	86	88	89	93	97	
1655	79	80	82	83	85	88	
1656	78	79	82	86	
1657	100	
1658	42	
1659	85	
1661	8	
1670	32	
1672	9	
1673	7	9	10	11	12	13	14	15	16	18	20	24	57	
1674	12	15	16	17	19	20	21	24	33	53	54	55	56	57	58	59	61	
1675	21	22	47	49	50	51	53	53	54	55	57	62	68	
1676	40	44	45	46	47	48	49	51	56	68	85	
1677	19	37	41	47	50	68	
1678	14	17	19	21	46	49	57	60	
1679	14	16	18	18	20	27	40	43	46	66	70	
1680	12	14	16	18	19	21	22	24	34	45	65	71	75	
1681	11	14	20	22	23	25	65	72	
1682	22	24	25	
1683	23	24	91	93	98	
1684	55	88	91	92	94	96	
1685	82	86	87	89	91	95	99	
1686	80	81	82	84	85	87	89	94	98	101	
1687	78	79	80	81	83	85	86	88	100	
1688	78	79	81	84	86	91	93	
1689	79	81	84	102	
1691	84	
1692	84	
1697	82	
1704	8	
1706	9	15	
1707	4	7	9	10	11	12	14	14	17	19	
1708	12	13	16	17	18	18	19	20	23	53	55	55	57	60	61	
1709	17	21	22	32	51	53	54	55	58	59	62	
1710	24	45	53	58	62	69	73	
1711	14	20	23	28	29	44	71	
1712	11	14	19	20	21	24	65	71	74	
1713	20	21	22	24	
1714	22	24	
1715	23	25	88	91	92	97	
1716	54	87	91	92	95	97	
1717	83	85	86	87	90	92	95	
1718	80	81	82	84	84	85	86	89	90	93	95	100	
1719	78	80	81	82	83	84	86	89	92	100	
1720	78	79	81	84	91	94	
1721	81	84	99	
1722	84	
1738	32	
1740	9	15	
1741	3	7	9	10	11	12	14	14	15	23	
1742	13	15	17	20	90	92	97	
1743	23	55	88	91	92	97	
1744	87	93	
1745	75	88	90	91	95	98	
1746	87	88	91	92	96	
1747	87	90	91	95	96	
1748	54	89	90	92	95	96	
1749	77	82	86	87	89	91	94	101	
1750	78	81	82	84	85	86	88	89	92	95	
1751	80	81	83	84	85	87	89	96	
1752	78	80	81	84	91	
1753	79	85	100	
1757	78	
1760	17	
1761	6	
1762	14	14	15	15	
1769	35	44	
1774	9	
1775	4	11	15	
1776	8	9	12	12	15	82	84	86	89	92	
1777	81	82	84	85	86	87	88	89	91	93	95	99	
1778	82	83	85	86	87	88	89	91	95	
1779	83	85	86	87	88	90	93	93	95	
1780	7	81	82	83	85	86	87	89	92	94	96	99	
1781	77	81	83	84	86	87	88	89	93	100	
1782	80	81	82	84	85	86	88	90	92	95	100	
1783	78	80	81	83	83	84	86	88	
1784	79	80	82	83	86	90	
1785	79	83	86	
1786	88	
1787	84	
1788	91	
1799	88	
1810	79	81	86	90	
1811	78	79	80	81	83	83	85	88	90	94	100	
1812	78	79	81	84	85	87	89	99	
1813	79	80	82	84	85	87	89	
1814	79	80	82	83	85	90	
1815	78	79	80	83	84	88	99	
1816	78	80	81	84	89	
1817	79	
1818	83	
1820	77	
1827	53	
1840	28	
1845	79	87	
1846	79	84	
1847	82	85	
1848	82	86	
1852	63	
1854	2	67	72	
1855	73	
1857	58	
1874	62	
1892	3	
1895	89	
1898	87	
1906	65	
1908	30	
1911	91	
1913	12	
1914	89	
1916	1	
1927	81	
1957	35	60	
1964	31	
1967	11	
1979	23	
1980	39	
1992	74	
1993	36	
1994	66	
2007	80	
2015	73	
2017	20	
2019	14	
2028	30	
2031	28	
2049	70	
2050	3	
2066	45	
2067	10	
2072	74	
2081	79	
2097	90	
2102	27	
2121	3	83	
2143	4	
2163	45	
2170	19	
2171	93	
2180	32	
2205	26	
2212	8	
2214	1	8	
