47	4	
80	50	
151	88	92	
152	87	90	91	
153	83	85	86	87	89	90	91	93	95	
154	83	85	86	87	88	89	91	92	93	95	
155	83	86	88	91	92	97	
156	16	92	
181	24	
183	16	
184	87	90	93	
185	54	86	87	90	91	93	96	
186	81	82	84	85	86	87	88	90	91	94	95	96	99	
187	81	82	83	84	85	86	87	88	89	91	93	96	100	
188	8	9	12	14	80	81	82	83	84	85	86	88	89	90	91	95	101	
189	10	15	16	80	81	82	83	84	85	86	87	89	90	92	94	
190	13	17	82	84	85	87	89	90	92	96	
191	17	87	92	
216	86	88	90	92	95	
217	53	57	86	87	89	90	91	92	94	
218	52	56	82	83	84	85	87	87	89	90	91	93	95	
219	54	80	82	83	83	84	85	86	88	88	90	91	98	
220	79	80	81	82	83	84	85	86	87	89	90	92	94	
221	79	80	81	84	85	87	88	
222	10	79	79	80	81	84	86	
223	8	10	11	13	14	15	79	80	81	82	84	85	89	95	100	
224	7	11	12	14	15	17	18	80	81	81	82	84	85	86	87	89	91	93	93	98	
225	16	17	21	82	83	85	87	89	90	92	95	
226	16	17	19	
247	56	
248	53	
249	53	86	88	90	91	97	
250	57	80	81	82	83	84	85	86	87	89	90	91	93	93	97	
251	54	81	82	83	84	85	86	87	88	89	91	93	94	100	
252	36	53	80	81	82	83	84	85	86	87	89	90	98	
253	37	41	46	55	79	80	82	84	85	
254	37	46	79	80	81	84	
255	48	79	80	85	
256	46	80	84	
257	5	7	9	12	14	80	84	94	
258	4	6	8	10	12	14	15	79	80	81	84	85	90	92	
259	6	10	11	13	14	15	16	18	80	81	82	84	85	87	89	91	95	
260	16	17	18	20	88	91	97	
281	53	56	57	58	88	90	93	
282	55	86	88	89	90	92	94	
283	51	53	80	81	82	84	85	86	87	89	90	92	94	
284	79	80	81	82	84	85	86	87	88	90	93	
285	18	37	38	79	80	81	82	84	85	87	89	98	
286	16	36	42	61	80	81	84	
287	17	18	19	20	24	41	43	45	47	48	49	50	57	58	60	68	68	80	81	
288	21	36	40	43	44	45	46	47	49	50	55	56	57	59	61	
289	20	22	25	27	36	39	44	45	46	47	47	48	50	51	56	60	71	
290	43	43	44	46	47	48	49	
291	38	48	
292	6	9	11	13	15	82	84	
293	1	6	8	9	10	11	12	12	14	15	15	80	81	83	85	91	95	
294	13	15	16	17	18	20	22	82	84	86	90	95	
295	17	21	
313	56	
314	52	54	57	87	90	92	
315	52	54	82	85	86	87	89	90	92	97	99	
316	52	54	55	58	80	81	82	83	84	85	86	88	89	90	91	95	98	
317	37	39	54	80	81	82	83	84	85	87	88	91	95	
318	66	78	79	80	83	84	
319	9	11	13	14	17	18	41	43	79	81	
320	7	11	12	14	15	16	17	18	19	20	44	48	68	78	83	
321	17	18	19	20	21	21	22	23	25	35	43	45	51	60	
322	21	22	22	24	25	44	49	51	55	56	57	58	60	62	64	
323	21	22	24	36	45	46	48	49	50	51	52	53	55	56	56	57	58	58	59	61	
324	23	23	25	44	45	45	46	47	48	49	49	50	52	53	56	59	
325	43	44	45	46	47	48	49	
326	10	14	
327	3	6	8	8	10	11	12	14	14	15	16	19	80	83	
328	2	6	11	12	13	14	15	16	16	17	18	20	22	79	80	82	83	85	88	93	99	
329	16	17	17	18	20	21	
346	57	58	
347	51	52	54	
348	49	51	53	56	81	83	85	86	88	89	90	92	95	
349	50	54	78	79	80	81	83	83	84	86	87	88	90	95	
350	53	80	80	81	83	83	84	86	90	95	
351	38	42	69	79	81	85	
352	9	12	14	16	17	18	19	41	45	46	49	
353	3	6	8	9	10	11	12	13	14	15	16	17	18	18	19	20	21	24	44	70	
354	11	13	14	15	17	18	19	20	21	22	24	26	
355	21	22	23	23	25	
356	24	58	
357	51	52	55	56	57	57	59	61	
358	46	47	49	50	51	51	52	53	53	54	55	56	58	58	60	
359	44	45	46	47	49	50	
360	8	46	
361	8	10	11	13	14	15	95	
362	2	6	7	11	12	13	14	15	16	17	19	20	23	81	
363	16	17	18	20	21	22	27	
364	22	
379	56	57	
380	48	52	54	55	56	57	58	61	
381	46	47	49	50	51	52	53	55	56	85	88	
382	37	45	48	48	50	53	80	82	84	86	89	
383	48	54	79	81	83	84	86	96	
384	9	16	19	38	42	43	66	79	
385	7	10	11	13	14	15	16	17	18	18	19	20	24	26	42	69	
386	10	12	13	14	15	16	17	17	18	19	20	20	21	23	
387	12	14	19	20	21	22	24	25	27	
388	22	23	24	
391	52	55	56	57	57	58	59	61	62	
392	43	47	48	51	51	52	53	53	54	55	55	56	58	59	63	
393	44	45	46	47	48	49	50	51	52	54	
394	48	
395	5	7	9	10	11	12	13	14	19	
396	1	7	11	12	13	14	15	15	16	17	18	19	23	23	
397	16	17	17	18	20	21	22	
413	56	57	58	
414	51	52	52	54	55	55	56	56	57	58	59	60	63	
415	31	33	41	45	47	48	49	50	51	51	52	53	54	56	59	
416	38	43	43	44	45	46	47	48	49	50	58	79	
417	10	40	45	46	49	65	80	
418	7	10	11	12	14	16	17	18	18	19	20	26	41	43	44	49	69	
419	7	10	12	13	14	15	17	18	19	20	20	21	23	24	26	44	
420	18	20	21	22	23	23	25	26	
421	22	
424	58	
425	52	56	56	57	60	62	
426	47	50	50	51	52	53	53	54	54	55	58	61	
427	44	45	46	47	48	49	50	51	56	
428	11	44	46	48	
429	4	7	8	10	11	12	14	15	16	
430	7	10	11	12	13	14	15	15	16	17	18	19	22	24	
431	13	17	17	18	19	21	22	28	
432	23	
448	53	55	58	59	60	62	
449	32	48	50	51	52	54	55	60	
450	44	45	47	49	65	
451	8	10	12	14	15	19	24	26	44	65	
452	12	15	19	20	22	23	24	25	65	
453	14	21	23	24	
458	58	
459	52	53	56	57	58	60	62	
460	47	51	52	52	54	54	55	57	60	
461	45	46	47	48	49	50	51	53	
462	9	
463	4	9	10	12	14	15	16	19	24	
464	7	10	11	12	13	14	15	16	16	17	17	18	19	20	21	23	
465	13	18	19	20	21	22	
466	23	
483	55	
484	65	
485	23	
489	93	
490	92	
492	87	92	
493	53	55	57	58	60	87	90	91	92	97	
494	51	51	52	53	54	55	55	57	60	86	87	88	89	91	92	95	
495	49	50	50	53	86	87	89	90	92	94	
496	9	48	
497	5	7	9	10	11	13	13	14	15	18	
498	5	6	12	12	14	15	16	17	18	20	21	22	23	25	
499	16	17	19	21	22	24	
501	88	
518	83	90	91	93	
519	87	90	91	92	97	
520	87	88	90	91	92	94	
521	83	86	87	90	91	92	97	
522	86	88	89	90	92	97	
523	85	87	88	89	90	91	97	
524	86	87	88	89	90	92	95	
525	83	86	87	88	90	91	93	95	
526	82	85	86	87	88	89	91	92	94	97	
527	55	80	81	82	84	85	86	87	88	89	90	92	94	
528	52	54	55	80	81	81	82	83	84	85	86	87	89	90	92	94	99	
529	53	81	82	83	83	84	86	88	88	90	95	
530	9	
531	4	7	9	10	11	13	14	14	15	19	
532	8	11	12	13	13	14	15	16	17	20	23	24	82	87	90	93	94	
533	16	17	21	82	85	86	87	88	89	91	92	93	
534	82	85	86	87	88	89	90	92	93	97	
535	82	83	86	88	89	90	92	93	95	
536	85	87	89	90	92	95	
537	17	
548	62	
549	56	
550	52	
551	46	49	54	86	88	90	95	
552	81	82	84	85	87	88	88	89	91	92	97	
553	81	82	83	84	85	86	87	88	89	90	91	94	97	
554	81	81	82	83	84	85	86	87	89	90	92	93	96	99	
555	80	81	82	83	83	84	85	86	87	88	89	90	92	94	96	
556	80	81	82	82	84	85	86	87	89	90	91	94	98	
557	80	81	82	83	83	84	85	86	87	89	90	91	93	98	
558	83	84	85	86	89	90	91	93	97	101	
559	81	81	82	83	84	85	86	87	88	90	91	94	101	
560	79	80	81	82	83	84	85	86	88	88	90	92	95	
561	79	80	81	82	83	84	86	88	90	99	
562	37	56	79	80	81	82	83	84	85	89	99	
563	65	79	80	82	85	
564	5	36	46	80	
565	10	14	46	
566	2	7	10	12	14	80	82	84	89	
567	12	17	80	81	82	84	84	85	87	88	90	97	98	
568	9	80	80	81	82	83	83	84	84	85	86	86	88	88	89	93	
569	10	14	79	80	81	82	83	84	85	86	87	89	90	91	96	99	
570	7	11	14	15	16	17	81	82	83	83	84	85	86	88	88	90	91	94	100	
571	16	16	18	19	
572	17	
583	52	56	57	58	
584	46	47	50	51	52	53	54	55	56	58	59	
585	46	47	48	49	50	51	54	82	83	85	90	93	
586	46	53	80	81	82	83	84	85	90	93	
587	79	80	81	82	84	85	90	94	101	
588	38	78	79	80	81	82	83	84	86	89	102	
589	11	79	80	80	81	82	84	
590	9	36	66	79	80	80	81	84	88	
591	78	79	80	81	81	84	96	
592	80	80	81	83	85	86	86	87	88	88	
593	37	42	46	79	80	81	83	83	85	98	
594	16	18	37	41	46	58	60	79	80	81	84	
595	20	35	36	42	45	46	47	48	58	79	80	84	
596	18	18	21	26	36	41	42	44	46	47	49	68	80	
597	18	20	41	43	45	46	47	48	58	58	63	67	
598	19	21	24	33	41	46	48	48	56	
599	4	15	20	40	43	43	46	47	57	67	69	
600	14	19	21	24	39	43	45	47	48	58	80	
601	20	38	42	46	47	56	67	79	80	81	83	
602	26	42	45	46	47	80	81	99	
603	6	9	10	13	14	39	67	79	80	81	
604	3	7	10	11	12	13	14	14	15	16	18	27	79	80	80	81	84	85	89	98	
605	13	16	16	17	18	18	19	20	21	82	83	100	
606	13	14	14	18	22	
609	102	102	102	
616	57	
617	52	54	55	56	57	57	58	60	
618	33	43	48	50	50	51	51	52	53	53	54	55	56	57	58	58	63	
619	39	44	45	46	47	47	49	50	51	52	53	55	56	84	
620	28	29	32	39	43	44	46	46	48	48	51	78	80	83	88	
621	18	28	29	38	45	47	62	79	
622	19	39	43	44	47	58	58	79	80	83	99	
623	17	19	38	38	43	44	46	47	51	56	58	66	69	83	
624	18	19	20	42	44	45	46	47	48	49	56	57	62	79	
625	17	19	20	39	42	44	45	46	47	48	50	54	58	61	71	80	
626	17	19	20	23	37	40	44	45	47	48	49	79	
627	11	15	16	18	19	19	21	26	36	42	43	44	46	48	48	58	59	65	68	80	
628	16	17	19	20	21	27	42	43	44	47	49	56	60	65	67	69	
629	17	18	19	20	21	22	24	41	44	45	47	48	49	55	57	58	61	64	
630	18	19	20	21	22	23	26	40	43	44	47	48	49	52	54	55	57	59	62	65	
631	20	21	22	23	24	26	34	38	44	45	48	48	49	55	56	57	58	62	
632	20	20	21	22	24	35	37	42	43	44	45	46	48	49	50	51	54	56	58	59	61	
633	19	20	21	22	23	25	26	34	43	44	45	47	49	50	55	57	60	
634	4	20	21	22	23	25	34	41	43	44	45	46	48	49	51	55	56	57	58	60	62	65	
635	21	22	24	35	36	42	43	44	46	48	48	49	50	52	55	56	57	58	59	61	69	
636	20	21	23	23	26	37	42	44	45	46	47	48	49	50	51	54	58	
637	9	13	21	22	24	27	31	42	44	44	45	47	48	48	49	68	
638	4	6	7	9	10	11	12	13	14	15	16	19	21	44	46	71	
639	13	16	17	18	19	20	21	21	22	25	26	71	99	
640	21	23	
643	2	2	3	
651	55	57	61	
652	33	50	51	51	52	53	54	55	55	56	56	57	58	58	59	60	62	
653	39	45	48	49	50	50	51	51	52	54	56	57	59	61	
654	39	42	43	44	45	46	47	48	48	49	50	50	
655	9	19	21	27	38	42	43	44	45	46	47	49	57	58	64	69	
656	13	15	17	18	19	20	21	43	43	45	47	49	57	60	64	68	
657	18	19	20	21	22	23	25	41	44	47	49	57	60	70	
658	19	21	22	23	24	25	44	45	47	49	51	53	56	61	65	67	
659	19	21	22	24	25	44	48	48	51	55	56	59	65	
660	14	19	21	22	23	25	26	44	45	48	49	63	
661	7	10	14	20	22	24	25	28	43	61	64	
662	15	20	21	22	24	25	44	61	
663	20	22	24	25	45	55	61	
664	22	24	54	60	
665	23	50	
666	22	25	60	64	
667	23	24	51	54	
668	25	61	
669	23	25	55	57	59	61	
670	23	24	51	54	55	59	
671	22	24	45	49	65	
672	4	8	10	12	14	21	24	44	
673	19	21	22	23	26	
686	53	55	59	
687	52	54	55	59	62	
688	25	50	55	60	
689	14	21	23	24	26	
690	15	22	23	24	25	
691	22	24	25	55	
692	23	24	25	
693	25	
694	23	24	
695	24	
706	3	25	
865	84	
920	94	
1158	31	
1161	17	
1163	9	
1166	75	
1167	74	
1170	102	
1172	27	
1182	16	
1193	31	
1236	53	
1240	75	
1243	48	
1245	4	
1248	63	
1270	18	
1274	26	46	
1275	39	44	47	56	
1276	46	56	
1278	50	69	
1282	56	
1291	4	
1301	68	
1303	28	
1307	17	19	38	48	
1308	17	20	37	39	46	57	60	
1309	18	21	36	41	44	46	48	48	56	63	
1310	20	24	33	43	44	46	47	50	56	59	70	
1311	42	45	46	47	49	57	69	
1312	42	46	49	
1313	47	
1314	80	
1334	68	
1338	16	18	
1339	46	
1340	14	18	37	
1341	15	17	19	20	23	42	44	
1342	16	17	18	19	20	24	42	46	48	61	69	
1343	17	19	20	21	22	25	40	44	47	49	52	56	59	61	66	70	
1344	20	21	23	25	33	42	43	45	46	47	49	50	52	54	56	57	60	
1345	23	26	40	43	44	45	46	47	48	48	49	51	54	56	60	
1346	42	44	46	47	49	
1347	46	
1349	56	
1368	20	
1371	17	20	27	28	44	
1372	17	19	37	38	42	44	47	
1373	9	14	17	19	22	42	47	
1374	11	13	15	16	17	18	20	22	23	27	39	
1375	7	9	12	13	15	16	17	18	19	20	21	22	25	44	
1376	17	19	20	21	22	23	24	
1377	21	22	23	25	52	55	57	61	
1378	23	25	51	53	54	55	56	57	57	59	62	
1379	33	36	45	47	49	50	50	51	52	54	55	56	57	58	60	
1380	44	45	46	48	48	49	50	51	55	57	58	
1381	43	44	46	47	48	49	50	53	63	
1382	44	53	
1383	4	
1385	45	
1396	7	
1402	19	
1404	14	17	21	
1405	14	17	19	21	42	44	
1406	12	15	16	17	18	19	21	22	23	28	41	45	48	49	70	
1407	8	12	15	16	19	20	21	25	44	46	69	
1408	10	13	14	17	19	20	21	23	24	45	65	70	
1409	12	15	18	20	21	22	23	25	
1410	21	22	24	88	
1411	87	92	
1412	53	57	
1413	52	53	54	55	57	57	58	58	60	62	
1414	47	50	51	52	53	54	54	55	56	56	58	59	60	
1415	42	43	45	46	47	48	48	49	50	51	52	54	
1416	45	46	50	
1417	49	56	
1420	59	
1421	84	
1435	17	42	
1436	20	
1437	11	13	16	20	39	44	
1438	9	11	13	14	16	17	19	40	45	
1439	11	12	14	15	16	18	18	19	20	22	23	25	
1440	12	15	17	20	21	22	23	24	45	
1441	21	22	23	25	
1442	24	88	91	92	
1443	82	86	88	89	90	90	91	94	
1444	85	87	88	89	90	92	93	95	
1445	82	83	85	86	87	88	88	89	91	92	93	95	
1446	16	85	87	88	89	90	92	94	97	
1447	56	57	57	62	
1448	51	52	52	53	54	55	56	57	58	58	60	61	
1449	45	46	47	47	48	49	50	51	52	53	55	56	57	60	
1450	43	45	46	48	48	49	54	
1451	46	59	
1457	98	
1468	25	
1469	16	28	
1470	11	15	16	17	19	43	
1471	10	12	14	17	17	19	20	21	23	39	42	44	70	
1472	7	10	12	14	15	16	17	19	20	21	25	
1473	7	12	15	15	17	18	19	20	21	23	23	25	44	
1474	21	22	23	25	57	
1475	51	52	55	59	87	91	92	
1476	82	85	86	87	89	90	92	94	
1477	23	79	80	81	82	83	84	86	89	93	94	99	
1478	80	81	82	83	83	84	85	86	88	89	93	99	
1479	7	10	14	80	80	81	82	83	84	85	89	99	
1480	7	11	12	14	17	80	81	82	82	84	85	86	87	89	92	94	
1481	16	17	20	58	82	83	84	86	90	92	93	
1482	17	18	53	55	56	57	58	59	61	
1483	45	47	49	50	51	51	53	53	54	57	
1484	44	45	46	48	48	49	50	51	
1503	9	12	13	18	18	
1504	6	10	12	13	14	16	17	19	20	24	29	69	
1505	12	14	15	16	17	18	19	20	21	22	25	43	
1506	12	20	21	23	24	57	
1507	23	25	57	92	
1508	52	54	55	61	86	87	89	90	92	93	96	
1509	51	53	55	82	83	84	85	86	87	88	89	91	94	97	102	
1510	53	80	81	82	83	83	84	86	89	90	100	
1511	80	81	82	84	89	
1512	80	82	84	
1513	12	79	80	82	84	88	93	
1514	8	9	10	12	14	15	16	80	81	83	83	85	89	
1515	8	12	13	15	15	16	16	17	18	19	20	21	69	80	81	82	84	92	98	
1516	17	21	22	53	55	55	56	57	58	60	62	
1517	48	50	51	52	53	54	54	55	56	57	59	61	
1518	44	45	46	48	49	50	51	52	54	55	
1519	45	48	52	55	
1524	63	
1530	85	
1531	37	74	
1536	10	15	24	
1537	7	9	10	12	13	13	14	15	16	18	28	
1538	11	12	14	15	16	16	17	19	19	20	22	23	71	
1539	18	20	21	22	24	25	58	
1540	52	92	93	
1541	52	53	54	83	86	87	88	89	90	91	93	94	98	
1542	51	54	80	81	82	83	85	87	88	89	92	93	
1543	54	78	79	80	81	82	84	84	86	88	92	94	
1544	79	80	86	90	94	
1545	80	86	89	95	
1546	89	
1547	8	85	
1548	5	8	10	11	12	13	14	15	16	18	
1549	7	12	12	14	15	16	16	17	19	19	21	25	68	80	
1550	17	18	20	21	22	55	56	57	57	59	
1551	50	51	51	52	53	54	55	56	58	59	
1552	44	45	46	47	48	49	50	51	52	53	55	57	
1553	44	46	48	50	55	
1555	3	69	
1557	7	49	
1569	88	
1570	7	9	11	15	18	24	
1571	7	9	10	11	13	13	14	15	24	
1572	12	15	16	18	20	23	87	91	95	
1573	52	56	85	86	87	89	90	91	93	95	
1574	51	53	54	55	56	82	82	83	85	86	86	87	88	89	90	92	94	97	
1575	54	80	82	82	84	84	85	86	89	91	97	
1576	80	81	82	83	85	90	99	
1577	80	86	
1578	83	84	
1580	88	
1581	8	24	
1582	5	9	10	10	12	14	14	16	
1583	6	8	11	12	13	14	15	15	16	17	18	19	20	22	24	26	70	
1584	17	20	21	22	53	55	56	56	57	59	61	
1585	47	51	52	54	54	55	56	57	60	
1586	45	47	48	48	49	50	51	52	53	55	
1587	49	
1588	49	55	58	
1589	11	
1604	9	
1605	4	6	8	11	12	13	15	
1606	81	82	85	86	89	91	93	98	100	
1607	81	82	83	83	84	85	86	88	88	89	91	96	
1608	80	81	81	82	84	85	87	89	
1609	79	80	81	83	83	85	87	89	
1610	80	84	
1611	46	84	
1614	26	
1615	9	16	22	
1616	5	6	9	10	11	13	14	17	20	71	
1617	6	8	12	13	13	14	15	15	16	16	17	19	22	
1618	16	17	17	18	19	20	21	22	25	55	56	56	58	59	60	
1619	47	50	51	51	52	53	53	54	55	56	61	
1620	45	47	48	49	51	52	54	56	59	86	91	93	
1621	49	53	
1624	36	46	
1626	63	
1638	6	
1639	10	83	
1640	81	83	
1641	80	81	84	86	
1642	39	49	54	79	80	84	86	
1644	47	70	
1645	17	37	98	
1646	51	68	
1647	16	46	49	
1648	1	16	19	37	39	44	47	67	69	
1649	9	16	18	21	27	42	44	46	67	
1650	9	10	11	13	14	15	16	18	20	22	24	42	46	
1651	2	7	12	13	13	14	15	16	17	19	19	20	21	24	26	58	69	
1652	18	20	21	23	25	27	52	53	55	56	57	59	60	
1653	39	46	47	48	50	51	52	53	53	54	55	56	57	58	60	
1654	33	40	45	46	47	48	49	49	51	54	62	85	
1655	41	45	47	50	54	63	
1656	40	46	59	67	
1657	42	
1658	44	44	45	45	46	
1672	24	
1673	16	43	57	
1674	16	18	19	22	37	40	47	50	
1675	18	21	27	32	37	42	44	47	49	57	61	83	
1676	19	33	42	45	47	48	66	70	
1677	18	19	21	39	45	47	50	59	67	
1678	18	20	23	33	39	43	44	47	48	52	59	
1679	19	23	26	38	43	45	47	49	57	58	
1680	16	19	21	39	45	47	48	
1681	13	14	17	19	22	24	38	42	43	48	60	
1682	15	16	18	19	20	22	24	26	40	44	47	60	68	
1683	11	16	18	19	20	21	22	26	39	43	45	47	66	69	
1684	5	6	9	11	13	13	15	16	18	18	19	21	23	25	43	49	
1685	19	20	22	23	24	26	44	
1686	21	23	53	55	55	57	57	59	61	
1687	36	43	49	50	51	52	54	55	56	57	58	60	67	
1688	30	37	42	45	46	48	49	50	51	52	53	55	56	60	
1689	42	44	45	46	47	49	51	54	54	56	58	70	76	
1690	19	27	40	44	46	47	49	54	56	59	
1691	20	23	23	26	40	43	45	46	47	49	53	54	59	65	68	
1692	28	42	44	46	48	49	56	59	
1693	48	51	54	
1696	9	
1701	2	
1705	14	
1706	15	16	19	
1707	7	12	14	16	17	18	19	21	
1708	16	17	18	19	20	22	24	26	40	44	48	57	59	62	65	66	70	
1709	17	19	20	22	27	42	43	45	48	50	54	58	59	
1710	18	18	20	21	23	25	44	45	46	48	48	49	51	55	58	60	67	72	
1711	20	21	23	24	43	44	45	47	50	55	57	61	
1712	18	20	21	23	24	28	39	43	44	45	47	49	51	55	57	59	66	69	
1713	19	21	22	23	26	42	44	45	47	48	50	56	59	65	68	75	
1714	18	20	21	23	26	42	44	45	47	48	65	
1715	10	14	18	18	20	21	24	26	35	44	45	48	61	
1716	12	13	17	20	21	22	23	45	71	
1717	20	21	22	24	
1718	23	24	
1719	22	24	
1721	50	51	52	53	54	55	58	58	60	
1722	50	52	54	57	60	
1723	44	48	49	51	54	56	58	59	65	
1724	20	22	24	44	49	50	53	55	56	57	58	60	64	
1725	20	22	24	27	32	41	44	45	48	49	50	51	52	54	55	56	57	59	61	
1726	44	45	46	47	48	49	49	50	51	54	
1727	44	46	49	
1737	54	
1739	11	17	
1740	9	10	12	14	17	20	23	
1741	6	9	12	13	14	15	16	17	18	19	20	24	70	
1742	13	16	17	17	19	20	21	22	23	27	
1743	21	22	24	64	
1744	22	24	53	54	62	
1745	23	23	25	
1746	25	54	
1747	24	
1748	24	65	
1749	4	24	37	
1750	23	25	92	
1751	87	90	91	92	
1752	87	88	90	91	92	93	98	
1753	86	87	90	91	92	96	
1754	87	88	89	90	92	93	
1755	86	87	89	91	92	94	98	
1756	87	91	92	95	
1757	88	91	92	98	
1758	25	61	87	88	91	92	
1759	35	51	52	53	53	54	55	56	58	58	59	61	88	92	
1760	45	47	47	49	50	50	51	54	55	
1761	44	48	49	
1762	52	
1764	6	6	6	
1769	54	
1773	9	
1774	5	6	8	10	11	13	14	15	18	20	
1775	12	13	14	14	15	17	19	21	25	92	95	
1776	16	16	17	20	22	23	23	23	92	
1777	93	
1778	87	90	91	93	
1779	86	87	90	91	92	95	
1780	83	86	87	89	90	91	95	97	
1781	86	87	90	91	92	94	
1782	83	86	87	91	92	93	97	
1783	82	83	85	86	87	89	90	92	93	96	
1784	83	85	86	87	88	88	89	90	92	93	96	
1785	81	82	82	84	85	86	87	88	89	90	92	94	100	
1786	82	84	84	85	86	87	88	89	91	97	
1787	81	81	82	84	85	86	88	88	89	90	92	93	100	
1788	81	82	84	85	86	87	89	90	91	93	96	98	
1789	81	81	82	83	83	84	85	86	87	88	89	90	92	93	97	
1790	81	81	82	83	84	85	86	87	88	90	93	96	98	
1791	81	82	82	83	84	84	85	86	89	90	91	93	96	
1792	12	83	85	86	87	87	89	90	94	97	
1793	52	52	55	55	63	82	83	85	86	87	88	89	90	91	93	97	
1794	51	52	53	55	59	85	86	88	90	91	93	94	98	
1795	49	51	54	88	
1807	11	
1808	6	10	13	14	20	
1809	6	7	8	10	11	12	13	14	15	18	81	87	89	92	
1810	13	80	81	82	85	86	88	89	90	91	93	95	99	
1811	24	25	83	85	86	87	89	89	90	91	93	94	95	
1812	81	82	83	85	85	86	87	88	89	90	91	94	
1813	81	81	82	85	86	86	87	88	89	91	94	
1814	81	82	84	84	85	86	87	88	89	92	93	
1815	80	81	82	82	83	84	85	87	88	90	96	99	
1816	80	81	82	84	85	86	88	89	91	94	96	
1817	80	80	81	82	84	84	85	88	88	90	92	94	
1818	80	81	82	83	83	84	85	86	88	91	100	
1819	79	80	81	82	83	84	85	90	97	
1820	79	80	81	83	83	84	86	92	
1821	79	80	80	81	83	83	84	91	99	
1822	80	81	82	83	85	86	88	90	
1823	79	79	80	81	83	84	85	90	
1824	79	79	80	81	84	85	88	101	
1825	79	80	81	82	84	86	89	97	
1826	8	13	80	80	81	82	84	85	88	89	93	
1827	80	81	82	83	84	85	88	90	97	
1828	54	80	81	82	83	84	84	85	87	89	96	
1829	85	92	95	
1837	51	
1842	11	
1843	10	12	14	80	86	100	
1844	80	81	82	83	84	87	93	94	100	
1845	80	81	81	82	83	84	85	86	87	88	91	
1846	79	80	81	82	83	83	84	87	88	90	99	
1847	80	81	83	83	84	87	89	91	94	
1848	80	80	82	83	85	87	90	
1849	79	81	82	83	84	90	94	
1850	80	81	82	83	85	88	88	
1851	80	81	83	84	
1852	79	80	84	
1853	39	80	88	
1854	82	89	101	
1855	82	
1856	81	84	91	
1857	80	
1858	81	84	
1859	79	85	
1860	81	84	
1861	79	81	84	
1862	79	80	81	84	90	
1863	81	85	88	
1873	45	78	
1878	80	84	
1879	79	81	84	89	
1880	79	83	86	
1881	79	86	
1882	83	
1883	82	86	88	
1886	84	
1894	40	101	
1896	29	86	88	101	
1905	1	
1909	102	
1913	86	89	
1926	101	
1927	46	
1928	86	
1940	62	
1953	96	
1974	81	
1981	47	
1982	4	
1989	101	
1993	89	
2032	29	
2033	20	
2042	51	
2046	5	
2051	18	
2065	34	
2070	89	
2076	47	
2081	56	
2100	30	
2122	7	
2136	25	
2181	12	
2212	24	
