84	80	
114	79	80	
177	26	27	
181	24	
183	17	
184	92	
185	91	93	
186	92	
187	87	89	91	92	95	
188	83	85	87	89	90	92	93	
189	17	88	91	93	
214	87	90	91	
215	87	92	
216	87	88	91	93	
217	85	87	88	90	91	93	97	
218	82	83	84	85	86	87	88	88	89	91	92	96	
219	81	82	84	85	86	87	89	90	91	93	97	
220	81	82	85	86	87	88	88	89	90	92	93	95	
221	80	81	82	84	85	86	87	88	89	90	92	96	
222	9	13	80	81	82	83	84	85	86	87	88	90	92	93	97	
223	16	81	82	84	86	90	91	
224	16	18	20	
247	87	91	
248	82	84	85	87	89	90	92	93	97	
249	81	82	83	84	85	86	87	89	90	91	94	97	
250	80	81	82	83	84	85	85	86	87	89	90	91	95	
251	81	82	83	83	84	85	87	88	89	90	92	95	97	
252	80	81	81	82	84	85	86	87	89	91	95	
253	80	81	82	83	84	85	87	88	89	92	97	
254	79	80	81	82	82	83	84	86	89	89	91	95	
255	8	79	80	81	81	82	84	85	88	90	96	
256	4	9	10	11	13	79	80	81	84	85	90	
257	7	11	12	14	15	16	18	80	81	83	83	85	87	88	90	95	99	
258	16	16	17	18	20	82	84	87	92	
278	57	
279	56	57	
280	42	46	47	49	50	52	53	55	57	
281	46	48	50	83	87	
282	79	80	81	82	83	85	86	88	92	94	
283	79	80	81	82	83	84	86	88	90	95	
284	78	79	80	81	82	83	84	86	89	91	93	98	
285	47	78	79	80	82	84	85	87	88	
286	46	79	80	81	83	84	
287	41	48	68	78	79	80	81	83	85	
288	46	79	80	81	84	101	
289	69	79	80	84	88	
290	5	6	9	11	14	79	81	84	
291	5	6	8	9	10	11	12	13	13	14	15	16	17	19	79	80	83	85	90	97	
292	7	12	15	16	17	18	20	21	80	81	83	84	86	89	97	98	
293	16	17	20	
312	58	
313	51	53	54	56	56	57	61	
314	34	36	42	46	47	49	49	50	51	52	53	54	56	58	62	
315	42	45	46	46	47	48	49	50	56	
316	37	44	47	48	79	
317	19	47	78	80	83	
318	40	47	66	79	80	83	
319	16	17	19	40	43	43	46	48	61	66	70	79	81	
320	16	18	18	19	21	40	43	44	46	49	57	58	61	71	78	83	
321	17	19	20	20	22	28	29	34	40	43	44	45	47	48	48	50	52	56	57	58	59	67	68	79	
322	19	20	21	21	23	26	40	42	44	45	46	47	48	49	50	
323	28	44	45	48	49	73	
324	9	11	43	
325	7	9	10	11	12	14	15	19	82	
326	3	7	12	13	14	15	15	16	17	18	19	20	23	25	69	80	85	
327	17	17	21	22	
347	52	53	55	56	57	58	60	
348	43	48	50	51	52	53	54	54	55	56	57	60	
349	31	34	39	42	44	45	46	47	48	48	49	50	51	57	58	63	
350	41	43	43	44	45	46	47	48	49	52	57	58	67	
351	18	18	19	27	41	44	45	46	47	48	49	61	64	66	
352	9	12	13	15	18	19	20	21	23	26	43	43	44	47	60	73	
353	14	19	20	20	21	22	25	27	28	42	44	46	49	68	69	
354	11	14	18	19	20	22	23	23	25	44	49	57	59	64	
355	20	21	22	23	25	28	34	45	49	51	53	54	55	56	57	58	58	60	
356	21	23	24	25	42	44	45	46	47	49	50	51	51	52	54	55	56	59	
357	42	44	44	45	46	47	48	49	49	50	54	
358	4	8	48	
359	4	6	9	10	11	12	13	14	15	16	18	19	70	
360	7	11	12	14	15	16	17	17	19	19	20	21	24	70	98	
361	18	20	21	23	
381	53	
382	50	52	54	55	62	
383	49	52	54	61	
384	25	31	35	45	51	62	
385	21	23	25	45	62	
386	22	24	29	45	
387	22	23	24	25	
388	23	25	58	
389	25	51	52	53	55	56	57	61	
390	47	49	50	50	51	52	53	54	55	56	59	
391	43	45	46	47	48	49	50	51	54	92	
392	9	
393	4	7	10	10	11	12	13	13	14	15	16	16	18	24	
394	5	8	12	13	15	16	17	17	18	18	19	20	20	21	23	24	26	
395	21	22	24	
422	57	
423	52	52	53	54	55	56	57	59	62	
424	43	47	47	50	51	52	53	54	54	59	
425	46	48	49	51	86	91	
426	8	9	11	13	
427	5	6	7	10	11	11	12	14	15	15	19	24	
428	1	13	15	16	17	18	19	20	21	22	24	28	
429	22	93	
430	92	
431	92	
432	88	91	93	
433	92	
449	87	92	
450	88	90	92	
451	87	88	90	92	
452	87	90	92	
453	88	89	91	92	
454	83	88	89	91	93	
455	87	89	91	92	
456	86	88	90	92	
457	51	52	52	54	55	56	57	60	87	91	93	
458	47	50	50	51	52	53	54	55	58	83	87	89	91	93	96	
459	44	48	83	85	86	88	88	91	97	
460	9	12	15	84	88	
461	1	3	6	8	9	11	12	13	14	14	15	16	82	
462	12	17	19	21	22	81	83	86	87	90	91	92	94	
463	81	82	85	86	87	88	89	90	91	92	95	
464	82	83	84	85	86	88	89	90	92	94	
465	81	82	85	86	87	88	89	91	92	95	
466	81	83	85	86	87	89	90	91	97	
467	17	19	83	88	90	92	
483	83	86	88	89	91	96	
484	81	83	83	84	85	86	87	89	90	91	93	96	
485	82	83	83	85	85	86	87	89	90	92	94	98	
486	81	82	83	83	84	85	86	87	88	89	90	92	94	
487	80	81	82	83	84	85	86	86	87	89	90	92	94	98	
488	81	82	83	84	85	86	87	89	90	91	93	96	
489	81	82	83	83	84	86	87	88	89	91	93	95	
490	80	82	82	83	84	85	86	88	89	90	91	93	95	
491	52	55	56	80	81	82	83	84	85	86	87	88	90	91	97	99	
492	50	51	53	55	81	82	83	84	85	86	87	88	89	90	91	96	
493	50	82	84	86	88	89	92	93	
494	10	14	86	
495	3	7	10	11	14	
496	11	14	22	80	81	83	84	86	89	91	98	98	
497	79	80	81	82	83	84	86	89	91	94	100	
498	79	80	81	82	84	85	86	89	93	94	99	
499	10	15	79	80	81	82	83	83	84	85	87	88	90	93	98	
500	7	11	12	13	14	79	80	80	81	82	83	84	85	86	89	91	93	97	
501	12	15	16	17	18	81	83	84	86	87	90	91	92	97	101	
502	17	83	86	87	89	91	93	96	
503	18	
514	56	57	
515	52	54	56	57	
516	43	45	46	47	48	49	50	52	53	
517	81	82	85	88	89	
518	79	80	81	82	83	84	85	86	88	91	
519	79	80	81	82	84	85	88	90	94	100	
520	78	79	80	81	82	83	84	85	87	88	90	
521	10	78	79	80	81	82	83	84	86	89	90	94	98	
522	79	80	81	82	84	85	85	89	97	
523	12	79	80	81	82	83	84	86	88	
524	78	79	80	81	83	83	84	85	88	89	99	
525	52	78	80	81	82	84	85	87	88	90	94	
526	79	80	81	82	84	84	86	88	93	
527	78	80	82	83	85	
529	20	
530	7	36	79	
531	10	79	80	82	83	91	98	
532	79	80	82	83	89	100	
533	11	13	79	80	82	85	
534	3	7	8	10	12	14	15	78	79	80	81	82	86	89	
535	9	11	13	13	14	16	21	32	32	79	80	80	81	84	85	86	89	90	95	
536	6	11	12	14	16	18	80	81	82	84	85	86	88	90	91	97	
537	16	17	19	83	85	
548	57	
549	36	50	51	52	54	55	56	57	57	58	60	61	
550	33	43	45	46	47	48	48	49	49	50	51	53	54	59	
551	39	43	44	45	46	47	48	50	79	
552	39	47	79	80	98	
553	41	47	78	79	83	89	
554	79	80	99	
555	40	79	80	83	
556	38	47	79	80	83	88	
557	38	78	80	83	
558	69	80	81	
559	53	78	79	81	84	95	
560	78	80	84	99	
561	48	49	80	88	
562	16	
563	41	43	
564	37	41	46	71	84	
565	19	36	46	60	
566	38	42	45	46	49	81	
567	20	24	47	66	
568	5	11	27	40	46	79	
569	4	7	9	10	12	13	79	80	83	89	99	
570	7	10	11	12	13	14	15	16	17	18	19	20	79	80	82	83	85	
571	13	16	17	18	19	20	21	26	
572	18	22	
583	51	52	53	55	56	57	58	60	
584	34	47	48	49	50	50	51	52	53	54	55	55	56	56	57	59	60	
585	29	36	40	42	44	45	45	46	47	47	48	48	49	49	50	51	52	54	56	56	57	59	62	
586	24	29	36	41	43	44	45	46	47	47	49	50	56	57	58	62	70	76	
587	19	23	36	40	42	43	44	45	46	47	48	49	50	58	68	73	
588	19	21	24	41	43	44	46	47	50	80	
589	19	39	44	47	60	
590	17	18	19	21	23	29	36	40	44	46	47	50	56	57	59	66	68	
591	16	17	19	20	21	41	43	44	45	47	47	48	49	51	56	57	58	72	
592	20	21	22	26	36	40	42	43	44	45	46	46	47	48	49	56	58	68	
593	22	40	43	45	46	47	49	
594	19	26	42	46	68	
595	16	18	20	30	40	46	48	51	54	63	
596	16	18	19	20	23	29	35	40	42	43	45	47	52	57	59	61	68	70	
597	16	17	18	18	19	19	20	23	26	34	40	43	43	44	45	47	48	48	49	56	57	58	62	
598	19	20	20	21	24	26	40	43	44	46	47	48	48	49	56	57	58	60	69	
599	20	20	21	22	24	26	28	29	37	41	43	44	45	46	47	48	48	49	54	56	57	59	65	70	
600	19	20	21	22	26	27	37	42	43	44	45	46	47	48	48	50	55	57	58	58	59	61	65	67	68	
601	20	21	22	23	23	27	28	42	43	44	45	46	47	48	48	49	51	56	59	
602	4	9	20	21	26	41	43	43	44	45	46	47	48	48	70	
603	9	10	11	13	14	20	21	28	45	69	
604	3	4	7	10	11	12	12	13	14	15	15	16	17	18	19	19	20	21	23	27	69	78	
605	17	19	20	21	22	22	23	28	
606	22	
613	45	
618	50	52	54	55	60	
619	51	54	55	57	58	59	62	
620	44	45	49	50	51	52	53	55	56	57	60	
621	23	23	24	32	41	45	45	47	47	48	49	50	51	53	54	56	57	58	60	64	
622	22	24	25	40	43	43	44	45	46	47	48	49	50	61	64	66	
623	9	13	19	22	25	26	40	44	45	46	63	64	66	72	
624	11	14	15	19	20	22	23	24	27	44	47	49	57	63	68	
625	18	19	20	21	22	24	25	26	35	45	50	51	52	53	54	55	56	57	58	58	60	
626	21	22	23	24	24	28	36	41	44	45	47	47	49	50	51	52	54	56	59	61	63	
627	22	23	24	25	29	40	43	44	44	45	46	47	48	49	50	53	57	63	
628	12	14	20	38	41	44	45	47	48	62	69	
629	8	12	15	17	19	20	20	22	23	25	28	44	45	48	65	68	
630	12	14	15	18	19	20	21	22	23	25	26	43	45	50	64	68	
631	20	21	22	24	24	25	45	49	61	63	
632	21	22	23	23	24	28	49	52	54	58	63	
633	22	24	25	30	45	49	60	
634	23	23	24	50	53	54	55	56	58	60	63	
635	21	24	25	34	44	48	49	50	51	52	54	55	56	59	61	
636	21	23	24	25	29	42	44	45	47	48	49	50	54	
637	4	8	10	13	14	21	24	29	43	44	47	48	65	
638	4	6	12	14	15	19	20	22	24	25	68	
639	21	22	23	24	
655	52	54	65	
656	24	45	50	
657	24	45	
658	22	24	25	
659	24	51	
660	51	53	55	57	58	62	65	
661	23	49	
662	23	25	45	64	
663	11	15	20	22	24	25	27	45	
664	23	25	
665	23	24	25	
669	54	
670	51	64	
671	5	23	
672	23	25	
696	25	
1157	24	
1168	19	
1176	42	
1179	91	
1185	102	
1186	4	
1196	53	
1223	65	
1230	40	
1243	19	
1250	8	
1261	24	
1263	53	
1268	38	
1270	83	
1272	55	
1274	83	
1275	27	
1276	13	
1283	92	
1285	100	
1288	50	
1297	37	
1299	96	
1302	77	
1303	28	
1308	66	
1311	11	56	
1314	29	
1316	50	
1319	8	
1332	29	
1336	39	53	
1337	41	47	
1338	19	46	
1339	48	56	60	
1340	41	
1341	18	19	78	
1342	45	48	62	67	70	
1343	18	19	23	37	42	45	46	49	57	61	
1344	21	26	44	46	48	
1345	44	46	
1346	14	
1348	8	
1350	69	
1369	16	48	
1370	17	19	42	46	
1371	17	18	22	37	41	46	
1372	19	22	28	47	60	67	70	
1373	16	19	37	43	43	46	59	67	
1374	16	17	19	21	25	27	37	42	45	46	48	48	59	
1375	16	18	18	20	21	24	29	38	42	45	46	49	58	59	68	70	
1376	17	19	21	23	29	43	45	57	
1377	16	18	19	20	24	36	42	47	48	51	54	57	59	65	
1378	20	22	23	28	42	44	45	46	47	48	48	50	52	53	56	60	68	
1379	44	46	47	49	
1380	44	47	50	56	60	
1383	34	
1396	8	
1400	19	
1402	16	18	
1403	12	17	19	22	29	61	
1404	16	17	19	20	23	24	29	41	44	47	61	
1405	17	18	20	21	25	29	40	44	47	49	59	69	
1406	15	19	20	22	24	38	43	45	47	49	62	67	
1407	19	20	22	23	42	43	46	51	58	62	
1408	18	18	19	20	22	24	28	44	48	49	61	68	
1409	20	21	22	24	25	27	43	45	49	59	68	
1410	14	19	20	22	24	26	44	45	48	57	60	65	71	
1411	20	21	22	24	25	26	45	50	51	52	54	55	56	57	58	58	60	
1412	22	24	28	28	36	40	44	45	47	48	49	49	50	51	52	53	54	56	57	60	
1413	43	44	46	47	48	48	49	50	51	56	
1414	43	46	
1415	46	
1416	29	
1417	4	
1418	56	
1422	5	
1425	83	
1431	16	34	
1435	10	
1436	8	11	14	25	
1437	12	14	15	16	17	19	20	
1438	15	16	17	18	18	19	21	22	24	28	64	70	
1439	15	17	20	21	22	24	25	45	50	65	
1440	15	22	24	25	28	45	
1441	22	23	25	
1442	22	24	
1443	23	25	88	92	
1444	88	91	
1445	52	55	57	57	60	92	
1446	36	47	50	51	51	52	53	53	54	55	56	57	58	60	
1447	43	44	45	46	47	47	48	49	50	51	52	54	56	58	
1448	44	46	48	48	50	
1452	8	
1469	13	
1470	7	10	10	11	14	15	17	18	24	
1471	8	9	11	11	12	13	14	15	16	18	20	24	
1472	16	17	19	20	21	23	25	
1473	22	88	92	93	
1474	87	92	93	
1475	86	87	90	91	92	97	
1476	83	86	87	89	90	91	93	94	96	
1477	82	82	85	86	87	88	89	90	92	94	97	
1478	82	85	86	86	88	89	90	92	93	97	
1479	16	82	85	87	89	90	92	96	
1480	18	50	51	51	52	54	55	56	57	58	60	62	
1481	45	46	47	49	50	51	52	53	54	56	59	61	
1482	43	45	47	48	49	51	54	
1483	44	
1484	58	
1489	69	
1503	12	
1504	8	11	13	15	
1505	5	7	10	11	12	13	14	15	16	22	24	81	91	96	
1506	17	82	85	86	88	89	90	91	93	96	
1507	82	83	85	86	87	88	88	89	90	91	96	
1508	82	83	85	85	86	88	88	89	90	91	94	
1509	77	81	82	83	83	84	85	86	87	88	90	93	96	
1510	78	80	81	82	83	84	85	86	88	89	90	93	
1511	10	80	81	82	83	83	84	86	90	
1512	6	10	11	14	15	79	80	81	83	83	84	85	88	89	
1513	8	11	12	14	15	16	17	18	20	57	80	80	81	82	83	86	89	
1514	17	17	19	21	51	52	53	55	56	57	58	62	
1515	47	48	49	49	50	51	52	54	55	57	58	62	
1516	45	46	49	52	88	89	92	
1524	11	
1527	2	
1538	5	10	14	
1539	5	9	13	80	85	
1540	79	80	81	83	85	91	101	
1541	79	80	80	81	82	83	84	86	91	97	
1542	79	80	80	82	84	86	91	95	99	
1543	78	79	81	83	84	85	90	96	
1544	79	80	81	84	92	
1545	8	79	81	84	86	99	
1546	8	10	12	13	15	18	68	79	81	85	
1547	1	7	10	11	12	14	15	16	17	19	19	20	23	58	79	81	
1548	17	18	19	20	21	22	35	48	52	56	57	59	62	
1549	42	44	45	46	47	48	49	50	51	53	53	53	55	
1550	47	48	52	81	86	
1551	36	
1552	48	
1555	20	
1567	81	
1568	37	
1569	21	
1572	47	101	
1573	15	
1574	19	39	80	83	
1575	80	82	85	
1576	78	80	82	86	
1577	43	79	
1578	19	39	64	80	83	
1579	8	13	
1580	4	6	9	10	12	14	15	17	19	24	26	
1581	7	11	12	13	14	15	16	17	17	18	19	20	21	24	26	53	56	57	60	
1582	17	20	21	21	22	25	33	47	48	50	51	51	52	54	54	55	56	58	60	
1583	41	44	45	46	47	48	48	49	50	51	54	56	61	
1584	30	41	44	47	50	56	81	
1585	31	37	42	46	50	64	
1586	46	49	57	61	
1587	44	47	48	68	
1588	27	44	44	47	63	70	
1589	45	
1594	12	82	
1596	68	
1598	101	
1604	40	
1605	17	18	28	40	
1606	16	20	40	46	49	
1607	20	38	44	47	63	
1608	21	37	39	44	46	48	57	68	
1609	22	23	44	46	47	69	
1610	36	40	44	46	61	68	
1611	19	22	24	26	43	44	48	50	57	61	68	
1612	19	43	47	71	
1613	9	19	22	23	41	47	68	
1614	6	8	10	11	12	13	14	15	15	17	18	19	21	27	
1615	1	7	12	13	14	15	16	17	18	19	20	21	22	23	27	57	69	
1616	20	21	22	34	48	51	52	53	53	54	55	56	57	58	60	
1617	28	37	38	45	45	46	47	48	48	49	50	54	56	58	60	
1618	31	37	41	43	45	46	47	49	51	56	
1619	21	41	44	46	47	48	51	57	58	64	67	
1620	20	22	28	35	40	44	46	48	49	52	57	59	
1621	19	22	24	26	40	43	43	45	46	47	48	50	52	58	62	
1622	26	38	45	46	47	50	58	70	
1623	44	46	49	
1624	10	46	71	
1625	75	
1628	13	
1638	14	21	
1639	16	17	18	20	42	45	68	
1640	16	17	18	19	21	24	28	37	41	44	47	49	60	64	
1641	19	22	24	42	44	45	46	48	48	51	54	56	61	69	
1642	18	19	21	23	23	27	37	40	43	44	46	47	49	56	58	62	67	70	
1643	19	21	24	28	41	44	47	49	55	57	59	
1644	19	20	22	25	36	41	44	45	47	49	51	54	56	60	66	
1645	19	20	22	24	27	35	36	41	44	45	47	48	50	56	60	67	
1646	13	16	19	20	22	24	42	43	45	46	48	48	50	59	
1647	15	17	19	20	22	24	27	29	41	45	48	65	68	
1648	8	9	10	12	13	14	15	17	19	21	22	23	25	44	68	
1649	2	18	20	22	24	25	27	69	
1650	22	51	53	53	54	55	57	58	61	
1651	48	49	50	52	54	56	59	
1652	44	45	49	51	57	58	62	65	67	
1653	20	23	25	26	35	44	47	48	50	55	57	60	
1654	22	24	27	33	42	44	47	49	51	53	56	57	59	62	65	69	
1655	21	23	24	43	44	47	48	49	50	51	52	53	54	55	56	58	58	62	
1656	23	31	35	40	44	45	46	46	47	49	50	51	54	56	60	69	
1657	43	45	46	48	48	50	58	
1658	40	43	46	47	50	69	
1659	73	
1660	43	69	
1668	80	
1670	14	56	
1671	13	18	27	
1672	7	9	10	11	14	15	18	24	
1673	12	13	14	15	16	17	18	19	20	21	23	25	35	70	
1674	17	19	20	21	22	24	26	45	64	
1675	20	21	23	23	24	45	50	60	64	
1676	21	24	26	28	44	49	60	
1677	21	23	24	25	35	45	48	51	55	60	65	
1678	22	25	45	48	61	
1679	21	23	24	45	50	61	
1680	21	23	23	25	45	49	61	
1681	22	23	25	45	49	
1682	13	15	21	24	25	27	45	
1683	21	22	24	
1688	55	57	
1689	25	33	52	53	54	55	56	57	59	61	
1690	24	45	48	49	50	51	52	54	56	57	59	61	
1691	29	40	43	44	45	46	47	49	50	52	54	56	58	
1692	27	27	27	28	44	46	47	48	48	49	50	54	57	
1693	43	46	50	
1694	32	
1697	65	66	
1705	9	13	
1706	7	9	10	11	13	14	15	18	18	24	
1707	7	11	12	14	15	15	17	19	21	23	87	91	92	
1708	17	18	20	21	22	23	88	
1709	17	24	93	
1712	25	
1713	92	
1714	92	
1719	88	92	
1720	87	88	92	93	
1721	87	91	92	
1722	88	92	92	
1723	88	91	92	93	
1724	51	52	53	54	55	56	57	58	62	91	92	93	
1725	34	45	47	50	51	52	53	54	55	56	60	
1726	42	44	46	47	48	49	50	51	52	54	
1727	50	
1737	5	
1739	12	14	
1740	4	7	9	10	15	23	
1741	7	9	10	12	13	13	14	15	16	81	86	89	93	101	
1742	12	15	17	82	83	85	86	87	89	90	92	93	95	100	
1743	82	83	85	86	87	88	89	89	90	91	93	94	96	
1744	17	82	85	86	87	90	91	94	97	
1745	87	88	90	91	92	96	
1746	86	87	88	90	91	92	94	
1747	82	82	85	86	87	88	89	90	92	93	96	
1748	82	83	86	87	88	89	90	91	93	95	
1749	17	83	86	87	88	90	91	93	93	98	
1750	88	91	93	
1751	87	89	91	92	96	
1752	83	85	86	87	89	90	91	92	95	
1753	82	83	85	85	86	87	88	89	89	91	93	95	98	
1754	82	83	85	86	86	87	88	89	90	92	96	
1755	82	82	83	84	85	86	86	88	88	89	90	91	93	96	
1756	82	82	84	85	86	87	89	89	90	91	93	93	96	
1757	81	82	82	85	85	86	87	89	90	91	92	96	
1758	52	53	55	56	58	82	83	84	85	85	86	88	88	89	90	92	96	
1759	50	51	52	53	54	55	62	82	86	86	88	89	91	92	95	
1760	48	50	52	55	58	83	87	90	92	96	
1772	28	
1774	12	
1775	5	8	13	81	83	
1776	12	79	80	81	84	85	89	99	
1777	7	8	10	12	13	15	16	78	79	80	81	82	83	83	84	85	89	97	100	
1778	80	80	81	82	83	83	84	85	86	88	88	90	93	97	
1779	82	82	84	85	86	86	88	88	89	91	94	98	
1780	80	81	82	82	83	84	85	86	88	88	90	92	94	96	98	
1781	14	78	80	81	82	84	85	87	88	91	
1782	8	9	11	14	79	80	80	81	82	83	84	86	89	90	93	95	99	
1783	7	13	15	79	80	81	82	83	83	84	85	87	88	90	92	98	
1784	81	82	83	84	85	86	87	89	90	91	94	
1785	81	82	82	83	84	85	86	87	88	89	90	91	95	
1786	81	82	84	85	86	87	88	89	92	94	99	
1787	79	80	81	82	84	85	87	89	94	
1788	79	80	81	82	84	85	86	88	91	
1789	79	80	80	81	82	84	85	91	95	
1790	79	79	80	80	81	82	83	84	85	90	99	
1791	11	13	79	79	80	80	81	82	83	84	87	88	91	
1792	7	11	53	80	81	82	84	84	86	90	94	99	
1793	51	53	54	80	81	82	83	83	84	85	86	89	90	96	99	
1794	80	81	83	84	85	87	88	90	96	
1795	54	84	89	
1796	14	
1799	55	
1809	5	92	
1810	10	10	14	79	81	83	88	
1811	4	79	80	82	87	92	
1812	78	79	80	84	87	97	
1813	79	80	81	82	83	84	85	86	92	
1814	79	80	81	83	83	84	86	
1815	79	80	82	83	87	98	
1816	5	12	79	81	87	
1817	8	13	78	79	81	85	91	
1818	80	81	81	82	84	84	86	88	88	91	94	98	
1819	78	79	80	81	84	85	88	95	
1820	79	80	81	83	85	88	92	
1821	78	79	81	84	95	
1822	79	83	84	88	
1823	78	80	85	90	
1824	78	80	85	89	
1825	79	81	85	99	
1826	79	81	84	86	89	
1827	79	80	81	84	86	89	
1828	79	80	81	84	85	94	
1829	85	
1830	101	
1837	25	
1839	86	
1842	62	
1846	81	83	96	
1847	80	89	
1848	80	88	96	
1849	85	
1850	94	
1851	82	
1852	79	80	84	
1853	79	82	83	88	
1854	79	83	
1856	16	89	
1860	84	
1861	81	85	
1862	82	84	
1870	81	
1875	96	
1877	42	
1878	32	
1879	58	
1881	32	84	89	
1882	22	
1884	48	
1886	85	
1897	99	
1917	14	
1921	3	
1946	53	
1998	58	
2022	38	
2047	70	
2054	93	
2080	2	
2088	86	
2111	10	
2112	30	
2113	32	
2116	7	
2133	99	
2168	26	
2171	25	
2178	9	
2205	26	
2214	13	
2217	9	
2219	7	
2220	11	
