12	8	
15	66	
49	65	
81	54	
181	23	25	
185	92	
187	92	
217	88	92	
218	11	83	86	87	90	92	94	
219	82	85	86	88	90	91	93	94	
220	82	85	86	87	90	91	92	94	
221	81	83	84	86	88	89	91	92	95	
222	16	
249	57	
250	47	87	
251	82	86	88	89	90	94	
252	80	82	83	84	85	86	87	88	89	90	94	98	
253	80	81	82	83	84	85	87	89	90	97	99	
254	1	8	11	80	81	82	83	83	84	85	87	88	89	90	93	93	95	98	
255	6	10	12	13	15	16	79	80	81	82	84	86	89	91	96	
256	16	17	18	18	20	86	88	90	92	94	
282	57	
283	51	52	56	56	58	58	
284	46	47	49	50	52	
285	44	46	46	47	49	52	58	79	81	83	
286	40	44	46	48	49	52	80	81	83	85	
287	45	46	46	48	69	79	80	81	83	
288	8	10	19	44	46	68	71	79	80	81	84	101	
289	7	10	11	12	12	14	15	79	80	82	83	90	95	
290	7	11	13	15	16	18	20	22	82	84	86	88	90	91	96	
291	16	18	82	87	91	93	
292	17	
317	52	55	57	58	60	
318	31	51	52	53	53	54	55	56	57	58	59	62	
319	32	41	48	48	50	50	53	55	56	59	61	79	
320	20	35	44	45	45	49	51	53	55	56	57	58	59	61	66	71	
321	20	22	24	27	28	44	45	48	48	50	50	52	55	56	57	58	59	78	
322	5	19	20	22	25	28	43	45	45	46	47	49	50	51	70	
323	5	7	9	11	13	15	22	44	45	46	47	48	49	79	
324	7	11	12	13	15	21	80	81	83	83	85	
325	12	16	18	20	81	83	83	85	87	92	98	
326	16	17	19	92	
354	23	25	55	57	
355	25	35	52	55	55	56	57	59	60	62	
356	23	25	31	50	51	52	53	54	55	56	57	59	60	
357	4	29	42	44	45	47	48	49	50	51	53	72	
358	4	6	8	9	11	14	44	46	49	
359	6	11	12	12	14	15	18	21	80	81	85	89	98	
360	16	17	19	22	86	91	92	
361	18	
389	92	
390	52	54	55	56	57	59	60	
391	52	53	53	54	55	56	58	59	
392	9	45	48	49	50	
393	1	7	9	10	11	12	14	15	24	93	
394	12	13	15	16	17	19	80	82	83	85	86	89	91	93	96	
395	16	17	20	
417	92	
418	88	89	91	93	
419	87	88	90	91	93	95	
420	86	88	91	97	
421	83	86	87	90	92	95	
422	83	87	89	91	92	96	
423	83	86	88	89	91	92	95	
424	85	87	88	90	91	93	94	
425	52	53	55	57	59	87	88	90	91	92	95	
426	50	51	54	87	88	90	91	93	96	
427	4	6	9	11	13	14	86	88	89	93	
428	7	10	11	12	14	15	19	81	82	84	86	88	91	93	
429	13	16	17	17	19	21	82	85	87	91	92	97	
430	17	88	91	93	
432	93	
449	87	88	89	91	98	
450	82	83	86	87	89	91	93	96	
451	83	85	86	87	88	89	91	94	
452	81	82	83	84	85	87	89	91	96	
453	6	80	81	82	84	85	87	89	90	95	
454	80	81	82	84	85	86	89	91	93	
455	80	81	82	84	85	87	88	90	93	
456	80	81	82	83	84	85	86	88	90	94	
457	46	81	82	83	84	85	86	89	93	97	
458	7	80	81	82	83	83	84	85	86	89	95	98	
459	80	81	82	83	83	84	85	86	87	89	90	94	
460	54	80	81	82	83	84	85	87	89	91	97	
461	9	80	82	84	86	
462	7	8	10	11	12	13	14	15	18	80	82	84	87	90	
463	12	16	20	80	81	83	84	85	86	87	89	90	91	94	97	
464	13	16	82	83	84	85	86	88	90	91	92	95	
465	81	82	85	86	88	88	90	91	92	93	
466	86	88	89	91	92	97	
467	92	
469	51	51	51	
480	56	
481	47	
482	54	86	87	89	91	95	
483	57	81	82	84	86	87	93	
484	56	78	81	81	82	84	85	88	
485	40	47	50	57	81	82	83	84	
486	16	38	40	46	49	58	69	79	80	84	
487	17	19	27	43	47	48	48	57	68	69	79	80	80	83	84	
488	19	42	43	45	46	48	49	56	58	79	80	81	84	
489	18	19	20	42	45	47	49	51	56	58	69	79	80	81	83	100	
490	17	20	27	44	45	46	47	49	50	51	55	56	57	59	71	79	80	81	
491	5	20	27	42	43	45	46	47	48	49	50	51	56	58	67	70	78	79	80	84	
492	27	42	44	45	46	47	47	49	52	80	81	
493	45	46	46	47	48	56	79	80	81	84	99	
494	46	54	79	80	81	83	85	
495	4	9	81	90	
496	5	6	10	12	13	17	94	
497	10	14	16	79	80	81	82	84	93	
498	11	17	46	79	80	81	82	84	85	89	96	
499	8	12	14	80	80	81	82	83	84	85	89	91	94	97	
500	11	15	80	81	82	82	83	84	85	87	89	91	93	97	
501	13	16	81	83	84	85	87	89	90	92	97	
502	17	86	
513	57	
514	52	56	57	59	
515	47	50	51	52	54	
516	40	44	46	48	49	54	67	80	81	83	86	
517	18	45	47	60	79	80	84	98	
518	17	18	20	44	45	47	50	56	60	70	79	
519	15	19	20	43	43	45	49	61	69	79	
520	18	19	21	22	23	26	45	48	55	56	58	
521	19	21	24	33	45	54	61	69	
522	21	23	24	49	54	
523	22	23	24	50	54	57	59	63	
524	21	23	23	25	27	29	50	52	54	55	56	57	59	63	
525	22	23	25	31	49	50	51	52	54	54	55	56	57	59	60	62	
526	24	29	34	44	45	47	48	48	49	50	51	53	53	54	55	56	57	58	59	
527	22	43	44	45	46	47	48	49	49	50	51	56	56	58	58	71	
528	22	42	44	45	46	47	48	49	49	51	79	
529	23	43	44	46	46	47	49	
530	12	19	28	42	69	
531	5	16	17	19	20	21	27	28	39	45	46	48	50	56	58	69	80	
532	9	20	23	29	42	43	45	46	47	48	49	50	51	69	79	81	
533	9	15	21	44	46	47	49	68	80	80	84	
534	7	9	11	13	13	15	40	44	46	79	79	80	81	81	83	84	
535	7	10	11	12	14	14	15	16	18	18	72	79	80	81	84	86	
536	16	17	18	19	20	82	
537	22	
547	58	
548	55	56	57	60	
549	31	47	50	51	53	54	55	56	59	65	
550	8	42	44	45	49	72	
551	12	13	15	20	
552	19	21	22	23	28	
553	21	22	23	25	
554	22	24	
555	25	
556	23	24	
559	33	55	60	
560	51	53	53	55	55	56	57	58	59	61	
561	25	31	49	50	51	52	53	54	55	56	56	57	59	60	63	
562	23	25	31	36	43	44	45	47	48	48	49	50	50	51	53	54	55	56	58	59	
563	21	24	43	44	45	46	47	49	50	66	
564	7	10	11	14	15	19	20	27	45	61	66	70	
565	17	18	19	20	21	22	23	24	26	51	52	54	55	57	58	58	60	
566	20	22	22	24	25	26	30	43	44	48	50	51	52	54	55	57	59	61	
567	19	22	23	31	38	45	45	46	47	49	50	51	53	59	70	
568	2	3	9	11	14	18	20	21	23	26	43	44	45	46	48	49	68	74	79	
569	7	11	12	13	14	15	16	19	20	21	21	26	70	79	
570	13	15	17	18	20	21	23	26	
571	21	21	22	23	
585	23	25	
595	34	52	60	
596	24	52	54	55	59	
597	13	23	25	26	45	48	50	
598	8	14	20	23	25	29	45	49	
599	21	22	24	
600	23	24	51	53	55	
601	25	51	54	60	
602	9	23	24	
603	3	5	21	23	24	
604	23	
609	100	101	101	
632	24	
987	5	
1163	45	48	
1171	32	
1172	68	
1185	5	
1198	71	
1202	57	
1203	58	
1217	62	
1239	17	
1241	61	
1242	56	
1247	19	
1248	9	
1251	99	
1261	35	
1274	27	
1275	45	73	
1277	11	
1278	27	
1292	76	
1302	30	
1303	28	
1313	29	
1316	21	
1318	52	
1319	8	
1329	89	
1338	75	
1340	56	
1341	47	
1342	45	47	
1343	44	47	
1344	50	
1345	50	
1347	72	
1349	35	
1354	8	
1357	5	
1362	16	
1371	22	
1373	13	16	18	43	
1374	19	45	47	
1375	17	19	20	26	39	44	46	48	50	55	56	58	62	
1376	19	21	44	46	47	50	55	70	
1377	26	45	46	47	49	50	58	
1378	49	
1380	52	
1385	84	
1402	36	66	
1405	15	
1406	13	16	18	20	
1407	14	17	19	21	24	45	
1408	15	17	18	18	19	21	24	28	31	44	
1409	3	15	16	17	19	20	22	23	26	34	43	49	57	59	62	
1410	19	20	22	25	49	51	52	53	54	55	56	57	58	59	61	
1411	21	23	43	44	45	46	47	47	48	49	50	51	52	53	61	
1412	45	46	47	49	50	
1413	49	
1414	49	
1416	13	
1422	72	
1423	51	
1434	1	
1439	3	4	8	11	15	24	
1440	11	12	14	17	19	23	
1441	11	13	15	16	17	19	21	24	93	
1442	15	16	18	20	21	23	23	88	92	93	
1443	22	24	58	62	88	91	92	
1444	25	52	53	54	55	56	57	59	60	61	87	91	92	
1445	32	36	48	50	51	51	53	54	55	56	57	58	60	
1446	43	45	46	47	49	49	50	52	55	56	59	
1447	45	46	48	48	50	
1457	100	
1464	64	
1472	15	22	
1473	9	14	
1474	9	11	13	14	
1475	8	12	14	16	81	83	85	87	90	97	
1476	17	82	86	88	89	90	96	
1477	81	82	82	84	85	86	89	91	94	
1478	58	61	82	82	84	85	86	87	89	90	91	93	
1479	17	52	53	54	55	57	59	61	82	85	87	88	91	92	94	
1480	43	49	50	51	52	54	57	59	61	
1481	45	47	48	49	50	52	53	58	58	
1482	45	46	50	
1484	17	
1492	72	
1506	78	
1508	5	
1509	80	87	
1510	79	80	81	83	85	90	94	
1511	79	80	81	82	84	87	88	
1512	7	8	10	12	13	15	79	80	81	83	84	86	90	
1513	15	16	58	60	80	81	82	83	84	85	87	89	93	
1514	16	17	52	53	55	57	59	62	86	88	92	
1515	45	47	48	49	50	51	54	56	58	62	
1516	44	46	48	49	59	
1517	47	
1520	80	
1523	32	37	
1525	73	
1526	7	
1527	7	
1537	11	
1541	50	
1543	47	49	83	100	
1544	42	46	79	84	
1545	18	48	85	
1546	4	10	13	79	83	
1547	6	9	11	14	47	79	81	84	93	
1548	13	16	18	18	19	56	57	58	61	81	82	84	87	90	96	99	
1549	16	17	21	33	36	48	51	52	53	54	57	59	
1550	44	45	46	47	48	49	50	51	55	
1551	46	48	55	
1552	45	
1556	69	
1559	50	70	74	93	
1566	63	
1571	47	
1572	39	
1573	15	18	19	38	46	51	57	62	
1574	19	26	38	46	49	
1575	19	44	47	48	59	
1576	19	44	47	48	51	54	59	70	
1577	15	16	19	44	46	47	49	61	69	
1578	16	18	20	40	43	47	50	57	59	71	
1579	16	19	21	26	32	41	45	48	51	57	71	
1580	8	17	19	21	45	46	48	49	51	63	
1581	8	10	14	16	19	21	42	43	48	49	72	
1582	11	12	14	15	17	18	19	21	57	57	62	70	81	84	
1583	16	17	20	21	23	48	51	52	52	54	54	55	56	57	58	60	
1584	44	45	47	48	49	50	50	51	53	55	58	61	
1585	44	46	48	49	51	53	58	
1586	44	46	47	51	53	71	
1587	45	49	
1588	51	57	
1589	69	
1593	63	63	
1594	63	65	
1604	16	39	
1605	16	20	32	38	48	48	
1606	18	19	25	44	47	71	
1607	17	19	20	43	58	69	
1608	17	19	20	23	44	51	54	56	61	65	70	
1609	18	20	21	23	25	29	45	51	54	57	60	
1610	18	20	22	25	32	34	45	49	55	62	
1611	19	21	23	24	49	55	
1612	18	18	20	22	24	45	55	64	
1613	19	20	21	23	24	26	52	55	59	62	65	
1614	19	21	23	25	27	30	45	51	62	
1615	10	13	19	21	23	23	25	43	45	49	
1616	5	6	11	15	19	20	22	25	26	57	58	69	
1617	20	21	23	24	26	51	52	55	56	57	59	60	63	
1618	22	32	34	47	48	50	50	51	53	55	56	58	58	60	
1619	42	44	45	46	48	49	49	50	52	53	55	56	57	61	
1620	30	42	44	47	48	49	50	52	55	57	59	67	68	
1621	22	43	44	45	46	48	49	51	56	59	
1622	27	45	46	47	49	57	71	
1623	45	46	48	68	
1624	51	
1635	20	
1637	9	13	29	
1638	13	17	18	19	
1639	14	17	19	20	22	24	45	
1640	15	20	21	30	
1641	13	21	23	23	25	
1642	24	91	93	
1643	23	25	87	92	97	
1644	24	86	86	88	91	94	
1645	25	83	85	86	88	89	90	92	94	
1646	24	85	86	89	90	91	94	96	
1647	82	86	87	89	90	91	94	
1648	15	24	86	87	92	94	
1649	16	23	25	87	88	91	92	
1650	24	
1651	23	34	55	62	
1652	52	54	55	58	61	
1653	25	30	51	54	55	58	58	60	
1654	24	30	50	52	53	55	56	57	59	62	
1655	22	24	30	34	43	44	45	45	48	50	51	52	53	55	56	58	58	61	
1656	22	45	46	47	49	50	52	54	56	57	60	69	
1657	39	39	39	40	43	43	46	47	48	49	51	61	
1658	45	47	49	
1659	55	
1668	29	
1670	9	29	
1671	10	11	14	15	16	19	
1672	13	15	15	17	19	21	24	
1673	23	25	88	
1674	83	88	89	90	95	
1675	83	86	87	90	91	93	97	
1676	83	85	86	88	90	91	98	
1677	81	82	83	83	84	85	87	88	90	93	93	98	
1678	81	82	83	84	85	87	89	93	
1679	80	81	83	84	85	
1680	14	80	81	83	84	86	88	98	
1681	7	10	13	80	81	82	83	84	88	89	91	95	
1682	7	10	12	13	15	19	81	82	83	84	85	86	88	90	93	96	98	
1683	8	10	12	14	81	82	83	86	87	89	90	92	96	
1684	17	19	81	82	83	86	87	89	90	91	93	93	96	
1685	87	91	92	98	
1686	92	
1687	83	85	86	87	89	90	92	94	97	
1688	17	58	83	86	87	91	92	94	97	
1689	24	55	58	59	62	86	88	91	92	97	
1690	24	51	52	54	56	59	61	87	88	92	
1691	50	51	53	55	56	58	
1692	49	53	
1704	6	10	
1705	4	7	10	11	12	14	
1706	87	90	92	97	
1707	81	83	85	86	87	89	91	93	96	
1708	81	82	84	90	93	
1709	80	81	82	84	85	90	97	
1710	78	80	81	85	89	
1711	78	80	81	87	
1712	78	80	85	91	98	
1713	78	81	
1714	81	84	95	
1715	4	79	82	
1716	13	14	79	81	85	89	
1717	7	10	13	15	17	80	81	82	83	84	89	92	
1718	8	10	12	14	15	19	80	80	81	82	84	85	88	88	90	92	97	
1719	81	82	83	83	84	85	87	88	89	91	92	95	
1720	82	83	84	84	86	86	88	88	89	91	93	94	
1721	9	80	80	81	82	84	85	86	88	88	90	
1722	10	12	80	81	82	84	84	85	87	88	89	92	94	
1723	81	82	83	84	85	87	89	90	95	
1724	53	55	55	81	82	82	85	86	87	89	90	91	94	98	
1725	54	82	82	85	86	89	91	93	97	
1726	53	65	
1727	18	
1728	18	18	73	
1732	67	
1735	26	82	
1738	11	15	
1739	4	
1740	79	81	84	
1741	80	81	84	90	
1742	80	85	89	
1743	80	89	
1745	82	
1746	86	
1747	95	99	
1748	85	
1749	92	
1750	5	7	99	
1751	10	80	99	
1752	5	6	11	14	79	81	83	
1753	79	81	82	84	85	87	89	97	
1754	80	81	82	84	85	86	87	89	99	
1755	79	80	82	84	86	97	98	
1756	4	7	79	81	84	91	
1757	6	79	79	80	82	84	87	89	93	
1758	79	80	81	81	83	83	85	89	94	
1759	79	80	81	82	84	87	89	94	
1760	80	86	
1774	81	
1775	84	
1776	88	
1779	32	
1782	99	
1786	15	
1787	80	83	
1788	80	81	83	85	
1789	81	86	
1790	83	
1791	80	
1792	82	88	96	
1793	79	
1794	97	
1797	48	
1798	86	
1808	100	
1812	97	
1822	85	
1824	1	
1836	92	
1848	25	
1854	4	
1856	10	
1865	62	
1871	61	
1876	61	
1882	4	
1889	38	80	
1890	14	
1895	94	
1907	101	
1909	61	
1910	92	
1921	34	
1933	48	
1936	70	
1960	67	
1968	74	
2000	41	
2007	12	
2012	65	
2014	30	
2027	53	
2035	54	
2049	15	
2057	83	
2088	36	
2090	13	
2109	82	
2112	21	
2113	29	
2114	35	
2134	79	
2170	92	
