115	92	
116	87	92	96	
117	91	93	97	
118	85	87	92	
146	32	
147	91	93	97	
148	88	91	92	93	96	
149	82	83	85	87	88	89	90	91	92	94	96	
150	82	83	85	86	87	88	89	90	91	93	94	97	
151	11	82	85	86	87	89	90	91	92	96	
152	83	86	87	91	91	94	96	
153	83	86	88	89	91	92	95	
154	88	92	
179	56	
180	87	92	96	
181	53	83	87	88	90	91	92	95	
182	80	82	83	84	85	86	87	89	90	91	92	93	95	98	
183	80	81	82	84	85	86	87	88	89	90	92	93	94	96	
184	11	80	81	82	83	84	85	86	88	89	90	96	
185	6	9	13	80	81	81	82	83	85	86	87	88	90	93	96	100	
186	10	14	80	81	82	83	84	85	86	87	88	89	90	91	95	98	
187	7	12	13	15	81	82	83	84	85	86	88	89	90	91	93	94	96	99	
188	16	17	19	83	86	87	89	90	92	94	
189	16	17	
211	58	
212	51	57	
213	50	52	53	88	91	96	
214	51	54	58	81	83	85	86	88	88	90	91	92	94	96	
215	53	80	82	83	84	85	87	89	90	91	94	97	98	
216	78	79	80	81	82	84	85	86	88	90	91	96	
217	19	41	46	80	81	83	83	84	86	100	
218	16	18	38	43	46	47	56	71	79	80	82	84	
219	20	38	46	47	69	79	80	81	84	
220	7	9	14	44	46	79	80	82	84	85	87	89	100	
221	6	9	10	12	13	15	79	80	81	83	84	85	87	89	103	
222	7	10	11	12	14	15	16	17	18	80	81	83	84	85	87	89	100	
223	16	18	19	20	86	
244	57	
245	51	53	54	56	
246	47	48	50	51	52	55	95	
247	49	51	54	82	85	86	88	89	92	93	95	
248	52	54	79	81	82	84	86	88	89	90	92	93	96	
249	39	78	79	81	82	84	85	89	93	
250	10	16	18	20	42	67	79	80	84	
251	12	15	16	17	18	18	19	20	40	44	48	49	58	60	64	67	
252	18	19	20	20	23	23	27	29	42	43	44	47	49	51	54	56	57	59	61	64	
253	20	21	22	23	26	31	37	42	44	44	45	46	47	47	48	49	50	52	54	56	59	
254	21	22	23	26	43	43	44	45	46	47	47	48	49	
255	3	6	9	10	11	13	79	80	
256	7	9	10	11	12	13	13	14	15	16	18	19	80	82	85	96	99	
257	16	17	18	19	20	22	86	
258	17	23	
277	57	
278	52	57	
279	35	47	49	50	51	52	53	53	55	57	61	
280	47	48	50	51	52	55	82	86	88	90	92	94	97	
281	50	66	80	82	84	86	87	90	92	95	100	
282	12	14	48	50	62	79	80	82	83	85	
283	8	10	14	16	17	18	18	19	20	40	43	44	45	46	64	68	80	
284	6	10	11	12	14	15	16	17	18	18	19	20	20	21	22	44	46	
285	11	13	19	20	21	21	23	23	25	26	45	
286	21	22	23	23	24	45	51	54	55	56	57	58	59	65	
287	22	46	47	48	49	50	50	51	52	52	53	54	55	55	56	59	65	
288	32	42	44	45	45	46	47	48	49	49	50	51	53	
289	9	44	
290	3	5	6	8	9	11	12	12	14	14	15	16	18	19	83	
291	8	12	13	15	16	17	18	18	19	20	21	22	23	81	84	100	
292	17	21	
311	57	
312	51	52	53	54	55	56	59	
313	45	46	47	48	49	50	51	53	54	55	61	95	
314	44	48	50	81	84	86	87	90	94	
315	9	79	81	84	86	89	
316	7	10	11	12	13	14	15	16	17	18	18	19	65	69	79	
317	8	11	13	14	15	16	17	18	18	19	20	21	22	23	25	26	65	
318	13	17	20	21	22	24	25	
319	21	22	24	
320	52	55	56	57	
321	34	46	48	50	51	52	53	54	54	55	56	59	61	
322	45	47	49	50	50	54	92	
323	9	13	44	48	
324	2	6	7	9	10	11	12	13	14	15	16	18	
325	3	13	15	16	17	17	18	19	20	20	21	24	
326	18	23	
345	53	56	57	58	
346	47	48	50	51	51	52	53	53	54	55	56	61	
347	41	45	46	46	47	48	49	50	51	54	95	
348	43	45	49	67	79	83	83	
349	4	6	9	11	12	14	15	79	86	
350	7	11	12	13	14	15	16	17	18	18	19	20	20	24	68	
351	15	16	17	19	20	21	23	23	25	
352	22	24	
353	57	
354	52	53	55	56	57	58	60	
355	36	47	49	50	51	52	54	55	56	61	
356	43	45	46	47	48	49	50	51	53	91	
357	8	9	10	13	89	
358	7	10	10	11	12	12	14	14	15	15	16	16	19	
359	2	8	13	15	16	17	18	19	20	21	21	23	24	
360	18	23	
379	53	57	
380	51	52	53	54	54	55	56	56	57	59	60	
381	37	40	43	46	47	47	48	49	50	50	51	53	
382	10	31	44	45	49	
383	8	8	10	11	12	13	14	14	15	23	
384	11	12	15	16	17	19	20	21	22	23	25	
385	21	22	25	
388	52	53	54	55	56	57	58	59	61	
389	46	47	48	48	49	50	51	52	54	55	60	
390	43	45	46	48	49	50	51	85	90	
391	6	8	9	13	44	80	100	
392	2	5	7	10	11	12	12	14	14	15	16	16	18	19	23	68	
393	13	15	16	17	18	19	20	20	21	22	26	
394	23	
414	51	52	53	54	55	56	57	58	60	
415	43	47	50	51	53	58	63	
416	39	44	44	45	46	48	50	67	
417	5	8	9	10	11	13	14	14	27	43	
418	11	13	15	16	18	19	20	21	22	24	68	
419	18	22	
421	57	
422	52	52	54	55	56	57	59	
423	46	47	49	50	50	51	52	53	53	54	55	62	
424	45	46	49	50	86	91	95	
425	9	10	11	13	14	90	97	
426	5	6	8	10	11	12	12	13	14	15	16	17	19	24	
427	1	15	16	17	18	20	21	22	23	
430	92	
431	92	96	
432	90	92	93	96	
433	88	92	98	
449	51	54	55	61	
450	45	
451	5	14	23	
452	22	23	25	
455	58	
456	48	51	52	52	54	55	56	56	57	59	
457	43	46	47	48	49	50	51	53	54	60	
458	44	48	89	95	
459	5	7	9	10	12	14	15	90	
460	3	7	11	12	13	14	15	15	16	17	19	20	
461	18	21	23	87	92	98	
462	91	92	
463	87	88	92	94	98	
464	87	88	90	91	93	95	97	
465	8	82	83	84	86	87	88	89	90	91	93	94	97	
466	10	14	81	82	85	86	87	88	89	90	91	92	95	97	100	
467	13	17	82	83	85	86	88	89	90	91	93	94	96	
468	16	83	86	88	90	92	95	
469	16	92	
489	58	
490	34	52	52	53	54	55	56	56	60	
491	47	49	50	50	51	52	54	55	93	
492	43	45	46	48	87	89	96	
493	3	6	9	11	14	15	
494	5	7	11	13	15	22	83	90	95	
495	7	13	82	83	85	86	87	89	90	91	92	93	93	97	
496	82	83	85	86	87	89	90	91	92	94	96	98	99	
497	81	82	83	84	86	87	88	89	90	91	92	93	95	96	
498	81	82	83	84	85	86	88	89	90	92	94	97	
499	10	80	81	82	83	84	85	87	88	90	94	
500	6	8	11	38	79	80	81	82	83	83	85	86	88	88	89	94	
501	10	12	14	38	38	81	82	83	84	85	86	88	89	90	91	92	96	
502	7	10	12	14	16	81	82	83	84	85	86	87	88	90	91	92	93	95	98	
503	12	17	82	86	88	89	91	92	94	97	99	
504	16	17	91	
523	53	91	92	96	
524	51	52	52	54	55	57	59	88	90	91	92	94	96	
525	48	49	50	51	52	53	54	56	61	86	87	89	90	92	95	
526	86	88	89	91	92	93	96	
527	94	
528	7	12	15	81	83	85	89	94	
529	79	80	81	82	83	84	85	87	88	90	
530	79	80	81	82	84	85	87	88	89	94	98	
531	79	80	81	82	83	84	86	90	94	99	
532	38	79	80	82	84	85	89	
533	49	79	81	83	84	93	
534	80	81	
535	8	8	11	15	79	80	81	84	86	
536	2	6	9	10	11	14	80	81	82	83	84	85	86	88	90	99	
537	2	7	11	12	13	13	14	15	16	81	82	83	83	84	85	87	89	90	95	
538	16	16	17	18	18	19	21	85	88	
539	22	
554	93	
555	88	90	91	93	97	
556	83	87	89	90	92	93	94	97	
557	81	82	85	87	88	88	89	90	92	93	94	97	
558	52	53	55	82	84	85	87	88	89	90	91	92	93	94	96	
559	52	80	82	83	83	85	86	87	88	89	90	91	93	95	99	
560	81	84	85	87	89	92	97	100	
561	4	85	90	
562	56	83	90	
563	44	46	80	85	98	
564	17	41	43	46	80	81	83	
565	17	20	41	46	47	79	80	84	
566	17	27	40	45	46	48	51	56	58	80	84	
567	44	
568	43	83	
569	9	27	
570	9	12	14	16	82	84	102	
571	5	6	7	8	9	10	11	12	12	14	14	15	15	16	17	18	69	80	81	84	86	
572	1	13	15	16	17	18	19	19	20	21	24	69	83	
573	18	22	
575	97	97	
587	92	
588	53	86	87	89	91	92	95	
589	52	53	81	82	83	85	86	87	89	90	91	92	95	97	
590	80	81	82	84	85	87	88	89	91	92	94	97	
591	79	80	81	81	82	83	85	86	87	89	90	95	
592	37	79	80	81	82	83	84	85	87	89	100	
593	16	42	43	46	79	80	81	83	83	84	86	89	98	
594	17	20	29	35	40	47	49	57	62	79	82	83	
595	16	17	19	21	40	44	45	46	47	48	56	57	62	68	70	
596	14	17	18	18	19	20	30	36	39	42	44	45	46	47	48	48	50	57	60	66	
597	15	16	19	20	21	26	40	43	44	46	47	49	56	58	65	66	
598	16	18	18	19	20	21	23	27	29	40	43	44	46	47	49	57	58	58	62	63	68	71	
599	17	19	20	21	22	27	30	36	40	43	43	44	47	48	48	51	55	56	57	58	60	65	66	
600	20	21	22	23	24	26	31	41	44	45	46	47	47	48	49	50	53	56	59	63	
601	22	23	23	26	32	40	42	43	44	45	46	48	48	49	52	53	
602	24	28	40	44	47	59	65	
603	10	39	44	46	69	
604	8	9	11	13	13	14	16	18	19	20	44	67	
605	4	7	8	10	11	12	13	14	14	15	16	17	18	18	19	19	20	21	22	25	70	
606	15	17	20	20	21	22	23	24	
607	21	23	
608	6	
618	85	
619	46	
620	52	54	88	90	92	95	
621	51	54	82	85	86	87	89	90	91	93	93	95	98	
622	53	53	80	82	82	84	85	86	87	88	88	90	91	93	94	96	99	
623	37	80	81	82	84	84	85	86	87	88	90	94	
624	66	79	80	81	83	84	86	88	95	
625	14	17	42	66	79	80	81	84	
626	14	16	17	18	19	41	45	47	48	50	56	58	62	66	69	79	81	83	
627	16	17	17	19	19	20	26	39	43	44	45	47	58	62	65	68	68	79	
628	7	13	13	15	17	18	19	20	21	43	44	45	46	48	61	65	67	
629	15	18	18	20	20	21	22	24	26	28	42	45	47	48	59	63	65	
630	15	19	20	22	23	24	25	41	44	47	49	54	59	63	
631	20	22	23	23	24	25	27	45	58	
632	20	21	22	23	24	44	55	60	64	69	
633	20	21	22	23	24	25	45	50	52	53	54	55	57	58	58	61	
634	24	25	34	36	45	50	50	51	53	54	55	56	57	58	59	61	
635	23	43	43	44	45	46	47	48	48	49	50	50	52	54	60	64	66	76	
636	19	24	28	28	41	44	44	45	46	47	48	49	58	62	64	66	
637	8	11	15	19	20	22	26	38	43	44	46	65	
638	5	9	11	13	14	15	18	18	20	20	21	23	24	25	26	43	64	71	
639	5	11	13	15	20	21	22	23	24	25	69	
640	22	23	24	
642	5	5	
651	56	58	
652	34	51	52	55	57	
653	37	46	47	48	49	50	52	53	
654	46	50	52	53	81	83	84	86	89	91	94	98	100	
655	53	55	79	81	82	83	84	85	86	87	88	90	97	
656	18	41	79	80	81	82	83	84	85	86	89	
657	16	17	18	38	42	45	47	55	67	79	80	81	84	86	100	
658	8	14	16	17	19	20	41	44	45	46	47	49	62	66	80	83	
659	9	11	14	15	16	18	18	19	20	21	44	45	67	69	
660	11	12	14	15	17	18	19	19	20	21	23	25	27	43	67	
661	13	14	20	20	21	22	24	25	26	45	49	65	
662	21	22	23	23	24	25	63	
663	21	22	23	25	65	
664	24	
665	24	
666	24	
667	55	
668	24	53	54	57	59	
669	25	51	55	62	76	
670	23	25	
671	24	27	64	
672	5	23	24	
673	23	25	
685	56	57	
686	35	51	51	52	53	53	54	55	55	56	57	58	59	
687	31	38	42	46	47	48	48	49	50	51	52	54	56	66	
688	36	42	43	45	46	47	48	48	49	53	56	67	78	80	89	
689	19	38	41	43	44	47	63	67	80	81	82	84	86	
690	9	12	14	16	19	20	45	46	65	68	79	80	
691	11	13	14	17	18	18	19	19	20	22	26	41	43	45	47	65	
692	12	13	15	17	19	20	20	21	22	24	25	30	45	64	69	
693	11	15	19	20	22	23	23	24	45	70	
694	22	22	24	25	26	
695	23	
696	25	
720	34	51	52	54	55	55	56	58	61	
721	45	47	50	51	54	55	59	61	66	
722	31	42	44	45	46	47	48	50	59	64	67	
723	11	15	23	25	43	44	45	60	63	65	
724	7	13	14	15	19	20	22	23	25	49	65	
725	1	12	15	20	21	22	22	24	25	65	
726	22	23	24	25	
755	55	61	
757	25	64	
758	24	
1162	41	
1171	11	
1184	52	103	
1186	80	
1195	38	
1205	47	
1208	9	59	
1215	54	
1228	38	
1229	54	
1232	2	
1236	48	
1237	46	
1238	44	
1240	66	75	
1247	95	
1249	95	
1264	37	
1269	19	
1271	17	21	46	48	56	
1272	36	41	44	46	48	51	
1273	47	68	
1274	44	46	78	
1277	48	
1278	9	
1285	13	
1289	11	100	
1300	17	
1301	34	
1302	40	46	78	
1303	15	16	18	47	
1304	16	18	19	22	35	36	40	43	46	60	
1305	16	18	19	21	23	25	41	44	46	48	49	56	58	59	
1306	20	22	24	29	40	42	43	45	46	47	49	52	54	56	59	65	
1307	22	24	41	44	45	46	47	49	51	57	58	68	
1308	31	39	44	46	47	49	64	67	
1309	41	43	45	46	47	48	57	58	
1310	28	53	
1311	29	
1318	60	
1319	24	
1320	5	
1331	58	
1332	37	38	
1334	16	
1335	15	16	18	
1336	10	15	16	19	23	40	70	
1337	11	13	14	16	18	19	20	21	38	65	
1338	12	15	16	17	18	19	20	21	23	24	27	27	42	44	49	58	61	65	70	
1339	17	19	20	21	23	25	26	44	49	52	57	62	65	
1340	21	23	24	26	33	34	45	49	51	55	56	58	59	
1341	21	23	24	44	45	49	50	52	54	55	56	58	60	64	
1342	22	23	25	29	33	42	43	45	47	48	49	51	52	54	56	57	60	
1343	22	24	41	43	44	46	47	48	49	51	54	59	69	
1344	43	43	45	47	48	49	52	56	
1348	11	
1350	64	
1368	10	16	
1369	8	11	14	16	19	21	67	
1370	9	11	13	14	15	16	17	18	18	19	20	22	24	44	64	
1371	12	14	15	16	17	19	20	21	23	24	26	44	65	70	
1372	21	22	23	24	
1373	21	22	24	
1374	88	92	93	
1375	55	57	62	91	92	97	
1376	17	24	35	50	51	52	54	55	56	56	58	59	
1377	36	41	43	47	47	49	49	50	51	52	53	55	57	63	
1378	44	45	46	47	48	49	51	
1379	44	
1383	27	
1384	33	
1388	5	
1401	8	16	18	
1402	10	12	14	16	18	20	67	
1403	8	9	11	12	13	15	16	17	17	19	19	21	25	
1404	12	15	17	17	18	19	20	21	23	23	25	70	
1405	21	22	24	
1406	93	
1407	87	88	90	90	91	93	93	95	97	
1408	82	83	85	86	86	87	89	89	90	93	94	97	
1409	8	11	82	84	85	86	88	88	89	90	92	94	96	
1410	13	16	52	53	54	55	56	57	58	61	83	85	86	87	89	90	91	93	95	98	
1411	16	17	18	19	47	48	50	50	51	52	52	54	55	56	60	87	
1412	41	43	44	45	46	47	47	49	49	51	54	56	58	
1413	44	47	49	52	
1419	12	56	
1421	8	
1425	3	
1426	2	
1428	68	
1431	37	
1433	15	
1435	10	12	13	17	18	
1436	7	9	11	12	14	15	16	17	18	19	22	23	26	67	69	
1437	8	13	15	17	17	19	20	20	21	24	28	
1438	20	21	22	23	25	
1439	51	52	53	55	87	91	92	94	96	98	
1440	82	86	86	87	89	90	91	92	94	96	99	
1441	80	81	82	83	84	85	86	87	89	90	91	94	
1442	79	80	81	82	84	85	87	88	90	
1443	10	79	80	81	82	83	84	86	89	
1444	7	9	10	11	12	14	15	16	19	20	53	55	56	57	80	80	81	82	84	85	87	89	96	
1445	17	19	19	21	51	51	52	53	54	55	56	58	62	81	83	85	93	
1446	45	46	47	48	49	49	50	51	54	58	61	
1447	44	48	52	54	
1454	31	
1459	72	
1468	9	19	
1469	6	9	10	12	14	15	18	19	67	
1470	7	10	12	13	13	14	15	16	17	17	19	20	21	23	26	57	
1471	18	20	21	22	24	48	51	53	55	56	
1472	23	47	50	53	87	91	92	94	97	
1473	25	52	81	82	83	83	84	85	86	87	88	89	91	93	95	
1474	80	81	83	83	84	85	86	88	90	94	
1475	79	80	81	85	88	93	97	
1476	79	84	86	
1477	8	11	14	80	85	
1478	5	6	9	10	11	13	13	14	15	16	16	18	18	56	56	57	68	70	82	85	
1479	16	16	17	19	19	20	22	25	26	47	48	51	52	53	53	54	55	56	57	59	
1480	23	43	45	46	48	49	49	51	54	60	
1481	44	47	52	60	91	
1483	64	
1498	32	
1502	8	10	14	
1503	6	8	10	10	11	12	13	14	15	16	20	57	
1504	13	16	17	19	20	21	24	52	55	57	
1505	18	22	46	48	49	50	52	53	56	98	
1506	50	53	80	82	84	85	87	89	90	95	
1507	52	78	79	81	84	88	90	97	99	
1508	80	86	90	
1509	85	
1511	6	10	12	14	18	
1512	4	6	8	10	11	13	14	15	16	18	20	24	56	57	58	
1513	16	17	19	20	21	22	24	47	51	52	54	55	56	58	
1514	22	42	44	45	46	47	48	49	50	51	53	55	56	
1515	46	
1516	63	
1522	51	54	
1523	59	
1526	18	
1536	8	11	
1537	6	8	9	10	11	13	14	15	16	19	57	
1538	13	15	17	19	21	51	51	53	53	54	55	56	58	59	83	87	93	
1539	18	21	47	48	49	51	56	88	91	95	
1540	45	48	51	78	80	83	85	89	94	
1541	82	83	
1542	53	
1544	10	13	16	19	88	
1545	9	11	13	15	16	18	25	
1546	6	8	10	11	12	14	14	15	16	18	20	24	53	55	56	57	58	
1547	16	17	20	21	22	24	47	51	53	54	55	56	62	
1548	44	45	47	48	49	50	52	54	56	58	93	95	
1549	49	92	93	
1555	46	
1556	70	
1561	72	72	73	82	
1566	88	
1568	35	
1571	4	7	8	10	12	14	
1572	12	14	15	52	58	62	82	82	86	91	98	99	
1573	50	53	82	84	86	87	90	91	92	93	96	
1574	36	53	79	87	89	93	
1577	13	
1578	19	82	
1579	5	7	8	10	11	13	14	18	25	
1580	7	12	14	15	15	16	16	17	19	19	21	24	27	56	57	61	
1581	17	18	20	21	22	24	42	46	47	48	50	50	51	52	53	54	55	60	
1582	38	43	44	45	46	49	50	58	88	91	
1583	50	88	
1584	41	
1585	20	48	
1586	18	42	44	46	48	61	
1587	19	25	42	45	46	48	50	56	59	
1588	36	42	44	47	
1589	47	88	98	
1595	73	
1599	9	
1600	75	
1604	11	
1605	11	15	
1606	7	80	85	88	94	
1607	81	82	83	85	86	88	88	90	95	
1608	84	89	94	
1610	54	
1611	94	
1612	11	15	20	
1613	8	9	10	12	14	14	15	18	23	
1614	8	12	13	15	16	16	17	18	19	20	22	24	53	55	56	56	58	59	61	
1615	21	23	25	43	46	47	49	50	51	52	54	55	58	59	
1616	30	38	41	45	46	47	48	49	50	53	56	85	
1617	43	45	46	47	61	
1618	19	39	44	46	47	62	72	
1619	15	17	20	23	24	26	37	39	43	46	68	
1620	11	15	16	18	18	19	21	23	34	42	43	46	58	60	65	67	
1621	18	19	21	23	25	26	41	44	46	48	50	52	53	56	58	60	65	66	
1622	21	22	25	26	29	40	42	43	44	45	46	47	48	49	50	55	56	61	64	
1623	23	24	37	41	44	45	46	48	49	51	54	58	58	
1624	43	45	46	47	49	68	
1625	43	46	
1626	44	46	84	
1634	35	
1636	9	
1639	12	
1640	83	89	
1641	80	83	84	87	
1642	84	88	
1643	90	101	
1644	36	
1646	10	15	19	
1647	5	6	8	9	10	11	12	13	14	15	17	19	
1648	12	15	16	17	18	18	19	20	23	23	25	26	35	53	55	56	57	60	
1649	18	22	34	43	48	50	51	52	54	55	56	59	
1650	36	38	44	45	46	47	48	49	51	53	57	59	63	65	66	68	
1651	26	41	43	44	46	47	48	51	55	60	66	
1652	14	17	20	22	24	28	41	43	44	47	49	59	65	67	
1653	9	13	18	19	20	22	24	26	44	47	48	64	64	
1654	5	14	17	20	21	22	23	25	26	43	57	61	64	
1655	20	21	22	24	32	45	49	51	54	55	58	59	
1656	22	23	24	32	35	45	47	48	50	51	53	53	55	57	59	62	65	
1657	24	40	42	44	45	46	47	48	49	51	52	54	57	58	60	
1658	25	26	28	40	42	44	45	45	46	47	48	48	49	51	54	56	58	63	
1659	43	43	44	46	49	51	53	
1660	1	48	58	
1661	64	75	
1672	43	
1676	84	
1677	19	42	
1678	20	43	48	67	
1679	17	20	26	39	46	
1680	11	14	18	19	21	39	44	66	70	
1681	8	9	11	12	14	14	15	17	18	20	21	23	25	26	40	67	
1682	7	12	13	15	15	16	17	19	20	21	22	24	
1683	20	21	23	55	61	
1684	50	54	
1685	51	55	63	
1686	23	25	
1687	23	24	65	
1688	22	23	24	
1689	24	
1690	53	55	58	62	
1691	34	51	52	54	55	56	56	57	58	59	63	
1692	42	45	48	48	49	50	51	52	53	53	54	56	56	60	
1693	33	42	43	45	45	46	47	49	49	50	52	58	
1694	45	49	
1695	48	
1703	6	
1709	23	
1710	16	42	47	
1711	6	13	13	17	18	20	39	68	70	
1712	15	16	17	19	20	22	26	29	39	43	44	47	67	
1713	12	15	16	17	19	19	21	22	23	40	45	46	48	63	64	
1714	8	12	15	16	17	19	20	21	27	43	45	46	67	
1715	5	10	12	14	15	16	19	20	22	23	24	44	
1716	18	21	22	24	
1717	21	23	
1721	92	
1722	92	93	
1723	92	
1725	56	56	58	60	
1726	25	48	50	51	51	52	53	53	54	55	56	61	
1727	21	21	45	47	48	49	50	53	54	60	
1728	24	
1729	54	
1740	78	
1741	18	19	42	
1742	43	
1743	12	16	18	19	28	42	46	66	70	
1744	10	13	13	16	18	19	20	22	41	48	
1745	11	13	15	16	17	18	19	20	23	24	26	45	64	68	
1746	11	14	17	19	20	21	22	24	44	68	
1747	14	21	23	24	25	65	
1748	22	24	
1749	23	23	25	93	
1750	24	93	
1751	88	90	91	92	95	97	
1752	86	87	88	89	90	91	92	94	95	98	
1753	87	88	89	90	91	92	94	95	97	
1754	87	88	89	90	91	91	93	94	97	
1755	82	86	86	87	88	88	89	90	91	92	93	94	96	
1756	9	14	17	82	85	86	87	88	89	90	91	92	94	95	98	99	
1757	11	16	82	86	87	89	90	91	93	93	97	
1758	18	86	88	91	92	97	
1759	53	55	56	88	91	92	
1760	19	50	51	52	54	55	56	60	88	91	93	95	97	
1761	49	51	54	82	86	87	90	91	93	97	
1762	92	
1774	16	20	
1775	13	
1776	11	14	16	18	18	20	21	28	37	43	45	66	
1777	7	10	12	14	16	19	20	22	25	
1778	4	11	13	13	15	16	17	18	19	20	22	23	44	69	85	
1779	12	14	20	21	22	24	
1780	21	23	24	84	
1781	23	24	
1782	93	96	
1783	83	86	87	88	90	90	91	94	96	
1784	83	85	86	87	87	88	89	90	91	93	94	96	100	
1785	78	81	82	85	86	87	89	90	91	92	94	98	
1786	82	83	84	85	86	87	88	90	91	94	98	101	
1787	80	81	82	83	84	85	86	87	89	90	91	94	101	
1788	81	82	83	84	85	86	87	88	89	91	93	93	
1789	80	80	81	82	83	84	85	86	89	91	96	100	
1790	7	9	11	14	79	80	81	81	82	83	84	85	86	88	92	94	
1791	7	10	12	14	80	81	81	83	83	84	85	88	90	92	96	
1792	82	84	85	86	87	89	89	90	92	94	95	
1793	53	54	82	83	85	86	87	87	89	89	90	91	94	96	103	
1794	82	83	84	85	86	87	88	89	90	91	93	94	96	
1795	55	79	81	82	83	84	85	87	88	89	92	93	96	
1796	81	86	90	
1809	8	9	11	12	14	15	16	
1810	12	14	15	16	17	18	19	20	22	23	27	69	86	
1811	11	13	13	15	16	17	18	19	20	22	24	25	26	45	
1812	22	23	25	
1813	25	92	
1814	53	87	88	90	91	92	95	96	
1815	51	54	87	88	90	91	92	94	95	97	
1816	53	82	83	84	86	87	88	88	89	90	92	95	96	
1817	80	81	82	83	84	85	87	89	90	93	99	
1818	80	81	81	82	83	84	85	86	87	87	89	99	
1819	79	80	81	83	83	84	85	86	88	91	95	
1820	79	81	82	84	86	88	97	
1821	79	80	81	84	89	
1822	79	80	82	84	85	88	93	99	
1823	78	80	83	86	90	
1824	11	14	80	85	
1825	79	80	82	84	
1826	80	81	82	84	85	87	89	90	98	
1827	79	80	81	82	83	84	85	86	88	90	95	
1828	80	81	81	83	84	84	85	87	90	97	
1829	79	82	84	86	89	
1842	8	12	
1843	9	10	11	12	14	14	16	20	
1844	8	11	12	13	15	15	16	17	19	21	92	
1845	18	21	23	88	92	93	97	
1846	87	88	91	91	92	95	96	
1847	54	86	87	88	89	90	91	92	93	94	95	98	100	
1848	81	82	85	86	87	88	89	90	92	93	97	102	
1849	77	81	82	83	83	84	85	86	87	89	90	93	94	
1850	79	80	81	82	84	85	87	89	94	99	
1851	79	81	83	83	91	95	
1852	79	81	84	86	90	95	
1853	80	
1854	83	89	
1855	83	89	101	
1856	80	89	
1857	85	
1858	85	
1860	79	83	86	89	
1861	79	82	83	
1862	79	81	84	
1863	86	
1876	10	
1877	5	6	9	11	13	14	
1878	7	12	81	82	86	90	92	98	100	
1879	82	83	85	85	86	88	89	90	91	92	95	
1880	78	81	82	82	84	84	85	86	87	88	90	92	93	95	99	
1881	78	80	81	82	84	85	86	89	91	94	
1882	79	80	82	83	84	86	89	92	94	
1883	79	80	82	84	86	88	
1884	79	84	90	
1885	11	81	89	
1886	85	
1887	58	84	
1888	91	
1889	85	
1893	86	
1895	93	
1897	66	84	
1912	80	83	84	89	
1913	80	81	82	84	85	86	89	93	100	
1914	79	80	81	83	85	89	
1915	79	83	83	87	88	98	
1916	80	88	90	
1918	84	
1927	5	
1947	79	84	88	101	
1948	80	83	91	
1949	94	
1950	55	
1976	13	
1977	14	
1981	100	100	
1983	6	
1992	3	
1994	8	
2014	90	
2015	89	
2023	86	
2029	91	
2036	58	
2045	18	
2049	46	
2052	14	
2055	47	
2057	38	
2066	77	
2078	11	
2081	100	
2084	14	
2095	93	
2096	2	
2100	6	
2108	97	
2150	8	
2178	8	
2220	7	
2223	10	
2277	8	
