145	35	
146	32	
182	20	
219	7	
220	93	103	
221	93	
222	91	
250	100	102	
251	93	
252	88	90	91	98	
253	86	88	90	91	92	94	97	
254	82	86	87	89	90	91	92	95	98	
255	6	9	82	83	85	86	87	88	89	91	92	95	98	
256	12	83	84	86	87	88	90	91	93	94	98	
257	17	91	
284	88	90	92	95	
285	83	87	89	90	92	97	
286	82	84	86	87	88	88	90	91	92	93	95	
287	81	82	83	83	84	86	87	88	90	94	
288	80	81	82	83	84	85	87	88	89	93	96	
289	9	11	80	81	82	84	84	85	87	89	93	98	
290	6	9	11	12	14	15	16	18	81	82	83	84	85	87	88	90	92	97	
291	11	13	15	16	17	19	80	82	84	86	89	92	100	
292	17	18	19	
315	92	
316	87	88	90	92	95	
317	53	83	86	87	89	90	91	94	97	
318	82	83	84	85	87	87	89	90	91	93	93	95	100	
319	41	55	81	82	83	84	85	87	88	89	90	94	100	
320	42	46	49	57	59	68	79	80	81	82	83	84	85	87	89	99	
321	16	17	19	20	41	44	46	48	49	56	57	58	61	67	79	80	81	84	99	
322	18	19	20	20	27	40	42	43	44	45	46	47	48	49	51	68	80	81	83	
323	13	21	22	27	30	39	44	44	46	49	78	80	83	
324	7	9	10	12	13	14	22	79	80	82	84	
325	7	11	13	14	15	16	17	18	19	80	82	84	86	99	
326	16	17	18	20	21	
348	92	
349	53	86	87	89	90	92	95	
350	81	82	84	86	88	89	90	91	93	95	
351	40	47	53	80	81	82	83	84	85	87	88	89	90	93	96	
352	16	46	78	80	82	83	84	85	89	98	
353	9	14	16	17	18	18	20	41	44	70	80	81	84	98	
354	6	10	12	13	15	16	17	18	18	19	20	29	44	46	66	70	79	83	
355	15	18	19	20	21	23	44	52	55	56	57	59	63	64	
356	20	21	22	23	24	25	26	42	45	47	50	51	52	53	53	54	55	59	62	
357	22	24	25	42	44	45	46	47	48	49	50	
358	4	7	9	10	11	13	14	
359	8	11	12	14	15	16	18	19	21	23	81	
360	17	18	19	21	22	
365	92	
366	92	
380	58	
381	51	52	54	57	83	86	88	90	92	93	
382	38	47	50	51	54	87	88	89	90	92	94	98	
383	46	51	53	67	79	81	82	83	85	86	89	91	94	
384	41	44	46	61	68	79	80	81	83	83	84	85	89	100	
385	9	13	14	16	17	18	19	20	42	44	47	78	79	80	84	
386	10	12	14	17	18	19	20	20	22	28	41	44	65	69	79	
387	4	7	13	14	17	19	20	21	23	24	25	45	65	68	78	
388	21	22	23	24	25	
389	21	22	23	24	25	52	55	56	57	62	
390	50	51	52	53	53	54	55	56	58	
391	41	45	46	47	48	49	50	51	63	
392	3	9	10	13	48	
393	5	7	11	12	13	14	15	15	16	19	
394	17	18	20	21	23	
396	93	
397	93	96	
398	87	88	90	92	96	
399	83	86	87	89	90	92	94	97	
400	10	83	86	87	90	91	95	98	
401	16	17	86	
412	58	
413	47	51	52	
414	36	41	45	47	49	52	56	66	
415	38	41	47	48	52	55	56	58	59	66	81	84	99	
416	19	29	43	44	47	49	55	62	68	81	82	83	84	
417	14	17	19	44	47	60	70	79	81	
418	8	10	11	14	17	18	19	20	43	64	68	69	79	
419	13	17	19	20	21	22	23	24	26	44	65	73	
420	15	21	22	23	24	28	
421	21	22	23	25	
423	53	56	57	
424	47	51	52	53	54	54	55	58	61	
425	42	46	46	48	48	49	50	
426	4	9	10	13	45	
427	5	6	7	9	11	12	14	14	15	25	82	85	91	96	
428	18	22	88	91	93	
429	90	92	95	
430	87	88	90	91	92	96	
431	82	86	87	89	90	92	95	
432	81	83	84	85	86	87	89	90	91	93	95	
433	8	66	81	82	83	84	85	86	87	88	89	90	94	
434	6	11	12	13	14	15	16	18	20	80	81	82	84	85	87	89	
435	15	16	17	18	19	20	27	
436	22	
439	73	73	74	
447	52	53	54	55	56	59	
448	31	49	51	54	61	
449	45	50	60	68	
450	22	45	48	65	72	78	
451	11	20	22	23	45	65	69	
452	22	24	25	
453	15	23	24	
457	57	58	
458	48	51	52	53	53	54	55	55	56	60	
459	47	48	49	50	
460	9	44	48	
461	3	6	9	11	12	14	15	81	83	85	87	88	91	94	
462	82	85	86	88	89	90	91	92	95	100	
463	81	82	84	85	86	87	88	89	91	91	93	93	95	100	
464	40	81	83	83	84	85	86	89	90	92	94	97	
465	16	42	46	66	79	80	81	82	83	84	85	87	88	89	99	
466	16	17	19	28	40	47	67	78	80	81	83	84	85	89	99	
467	8	11	14	16	17	18	18	19	20	21	41	44	45	49	66	79	80	84	85	
468	6	10	11	12	13	14	14	15	17	19	20	20	21	26	44	69	79	80	
469	18	20	21	22	22	24	27	
491	53	56	57	
492	34	50	51	52	53	54	55	56	60	87	93	
493	48	48	49	50	86	87	90	92	96	
494	88	89	92	97	
495	6	11	81	86	90	
496	40	46	80	81	82	83	85	86	89	90	95	98	
497	16	18	46	67	79	80	81	82	84	85	88	89	95	99	
498	12	13	16	16	18	18	19	20	26	42	44	47	79	80	82	84	85	88	
499	11	14	16	17	18	19	20	21	41	44	46	64	69	79	80	
500	8	11	13	13	15	16	18	18	19	20	20	21	22	25	27	44	64	68	78	
501	12	14	20	21	22	23	23	25	
502	4	21	23	23	24	
503	22	23	
524	57	78	92	98	
525	51	52	54	56	87	88	92	93	95	
526	51	52	53	55	86	87	89	90	91	93	95	98	
527	51	54	81	82	83	84	85	86	87	89	90	92	93	96	
528	45	46	66	81	82	85	87	
529	10	15	16	18	19	42	44	47	62	67	77	
530	10	15	17	18	18	19	20	26	40	43	44	47	49	70	79	85	
531	9	11	13	13	14	17	18	19	20	21	21	23	26	28	40	44	64	68	79	
532	12	13	14	19	20	20	21	22	23	26	44	64	69	
533	20	21	22	23	24	27	64	
534	21	22	23	25	
535	22	25	
555	88	91	93	
556	90	92	96	
557	87	90	91	93	94	98	
558	78	80	81	82	85	87	88	89	90	91	92	93	96	
559	53	81	82	83	84	85	87	88	89	90	91	95	98	101	
560	40	54	80	81	82	83	84	85	86	88	88	89	90	95	
561	9	16	41	48	67	80	81	82	84	86	89	
562	10	13	13	15	16	17	19	19	40	44	63	66	71	
563	6	10	12	14	15	17	18	19	19	20	23	27	41	43	45	
564	14	15	17	18	19	20	21	22	23	24	27	45	65	
565	15	20	21	22	24	25	
566	22	23	24	
567	23	24	
584	78	
587	87	92	93	98	
588	83	87	88	90	91	93	96	
589	82	86	87	89	90	91	93	95	98	
590	37	53	81	82	85	86	87	88	89	90	92	93	96	
591	46	80	81	82	83	84	85	86	87	88	89	90	94	
592	18	41	79	81	82	83	84	85	86	87	89	93	
593	16	18	41	46	67	79	80	80	82	83	84	86	
594	8	12	16	17	18	19	40	44	46	49	64	68	72	78	79	80	83	
595	10	11	13	14	15	16	17	18	19	20	21	43	46	79	
596	13	14	15	17	18	18	19	20	21	22	24	45	70	
597	20	21	22	23	24	25	26	
598	22	23	23	25	
599	25	
608	6	
619	52	87	90	92	95	
620	83	86	87	90	91	93	93	96	
621	81	82	85	86	87	89	90	91	95	
622	81	82	83	84	85	86	87	88	89	90	91	95	97	99	
623	53	80	82	83	83	84	85	86	86	88	88	90	96	
624	16	18	37	41	43	43	47	51	58	67	79	80	81	82	83	84	85	88	94	98	
625	16	17	18	19	41	43	47	48	48	59	68	69	79	80	81	82	83	84	98	
626	10	14	16	17	18	19	20	39	43	44	45	47	50	59	65	68	71	78	79	81	84	
627	10	12	13	15	16	17	19	19	20	22	27	29	45	63	68	72	79	
628	11	14	16	18	19	19	20	21	24	44	65	
629	13	20	21	22	22	23	24	25	
630	22	24	25	
642	4	5	
650	56	
651	51	53	56	58	58	
652	43	46	47	48	50	52	56	58	
653	37	40	47	48	51	53	56	80	82	85	88	100	
654	38	41	43	43	46	47	48	48	51	56	59	67	80	81	83	84	85	86	88	
655	16	18	42	43	44	46	47	50	57	59	66	79	81	82	83	84	85	88	98	
656	17	18	19	21	38	39	42	46	47	49	67	68	78	79	80	81	83	84	85	
657	8	10	12	14	16	19	19	20	43	44	45	47	60	65	67	69	79	80	82	84	
658	11	13	14	15	16	18	18	19	20	21	23	27	45	64	80	
659	15	19	20	21	22	24	27	45	50	65	68	
660	20	21	22	23	24	24	45	50	64	69	
661	21	23	24	25	
662	22	23	23	24	
663	22	25	
685	34	52	54	55	59	
686	49	50	53	55	58	63	65	
687	32	45	48	50	53	55	58	61	79	
688	19	44	50	54	55	59	64	68	80	
689	20	21	22	24	43	45	47	49	54	59	63	79	
690	13	21	22	23	24	27	44	50	64	
691	14	20	21	22	23	24	25	28	45	50	64	
692	21	22	23	24	
693	22	24	
719	55	
722	24	
723	25	
852	86	
1162	16	
1185	94	
1196	69	
1207	20	
1211	59	
1212	5	
1217	51	
1218	4	
1232	70	
1236	81	
1237	83	
1244	14	
1250	8	
1267	37	
1277	12	
1278	34	
1282	14	
1283	36	
1293	15	
1295	67	
1302	29	
1314	15	
1338	38	
1341	17	46	
1342	46	62	
1347	12	
1354	26	
1361	67	
1374	11	17	57	
1375	16	38	47	56	58	
1376	18	19	38	56	72	
1377	26	44	48	49	
1378	44	48	
1381	78	
1382	10	55	
1385	27	
1397	2	
1400	41	
1401	39	
1404	16	
1406	20	
1407	16	18	27	68	
1408	16	19	43	44	67	
1409	16	17	18	20	22	27	39	47	50	56	63	66	
1410	17	19	20	21	24	28	36	41	43	45	46	51	56	57	59	63	67	
1411	20	21	41	44	45	46	47	48	50	51	55	57	67	
1412	23	41	43	45	46	47	48	50	63	
1413	45	48	49	60	
1414	25	
1419	8	
1421	58	
1423	67	
1436	23	37	
1438	16	50	
1439	13	18	41	45	46	
1440	15	16	18	18	19	22	24	46	66	103	
1441	12	17	19	20	43	44	67	
1442	13	14	17	18	18	19	20	21	25	27	45	62	
1443	19	21	22	23	25	27	45	49	62	70	
1444	22	24	45	51	55	57	58	59	61	
1445	21	23	23	25	27	45	49	50	51	52	53	54	56	57	59	
1446	24	40	43	44	45	46	47	48	48	49	50	50	51	54	65	
1447	43	45	47	49	53	54	58	
1448	39	46	
1450	17	
1457	19	
1459	2	
1466	9	32	
1470	15	
1471	16	18	41	
1472	16	19	22	38	39	43	45	72	
1473	13	14	16	18	18	19	22	43	47	69	
1474	9	12	17	19	20	22	24	70	
1475	12	15	18	19	20	22	25	28	45	69	
1476	15	21	23	23	24	93	
1477	24	88	91	93	98	
1478	25	57	87	90	91	93	93	97	
1479	52	52	53	53	54	55	56	58	59	86	87	89	90	92	94	97	
1480	17	48	49	49	50	51	54	55	56	59	
1481	43	45	46	49	51	53	64	76	
1482	48	63	
1486	17	
1490	1	
1502	16	37	
1504	9	13	15	18	18	67	
1505	13	14	16	17	19	20	22	26	43	43	67	
1506	12	15	17	18	18	19	21	23	23	45	64	
1507	13	14	20	22	23	25	64	
1508	22	23	24	93	
1509	22	24	53	55	88	91	92	
1510	86	87	90	91	92	94	
1511	83	84	85	87	89	91	97	
1512	11	15	81	82	84	85	86	88	88	90	92	
1513	8	11	12	14	15	16	19	56	57	58	62	80	81	82	83	84	86	88	90	97	
1514	17	17	19	20	42	47	48	50	51	52	53	54	58	60	86	
1515	43	45	46	48	49	54	
1516	46	
1517	64	
1518	33	47	
1519	18	43	70	
1520	23	37	40	48	67	
1521	46	50	
1522	43	47	49	
1523	44	61	
1536	12	18	21	
1537	10	15	16	17	18	20	23	28	
1538	4	6	10	12	13	14	17	19	20	24	68	
1539	12	14	17	19	21	24	
1540	23	24	92	
1541	23	25	87	88	91	92	94	96	
1542	53	83	87	89	90	92	94	97	
1543	81	82	85	86	87	89	90	92	94	98	
1544	78	80	81	82	84	85	86	89	94	98	
1545	79	81	83	83	84	85	87	89	
1546	8	11	78	79	81	83	85	
1547	5	10	11	13	14	15	16	18	20	57	61	79	81	83	87	
1548	16	17	19	20	21	38	42	47	48	51	52	54	55	57	59	62	81	85	
1549	44	46	48	49	50	54	
1551	47	
1552	10	31	41	48	66	
1553	17	20	41	
1554	8	16	18	20	22	23	39	44	47	48	57	73	
1555	19	21	26	36	42	43	47	50	53	55	58	62	63	
1556	20	22	45	46	47	48	50	98	
1557	45	51	
1558	48	
1565	42	
1569	9	14	
1570	10	12	13	15	16	19	
1571	10	14	17	23	
1572	23	24	93	98	
1573	25	87	91	92	94	
1574	53	83	86	86	87	89	90	92	93	96	
1575	82	83	84	85	86	89	90	93	101	
1576	78	81	82	84	85	88	
1577	78	79	80	83	83	85	90	
1578	80	82	84	87	89	
1579	83	
1580	9	12	15	
1581	5	6	10	11	12	13	14	17	18	22	24	56	58	60	
1582	16	17	18	19	20	24	41	47	48	50	50	52	53	54	55	57	60	81	
1583	18	37	38	43	44	45	46	47	48	50	54	
1584	26	28	43	45	46	49	57	61	
1585	13	16	18	37	40	47	49	66	
1586	15	17	19	20	43	44	46	
1587	6	12	13	15	17	19	20	23	26	43	45	48	62	64	
1588	18	18	19	20	22	24	45	52	57	65	68	
1589	21	22	24	45	49	50	51	52	53	54	55	56	58	60	63	
1590	23	24	45	46	48	48	49	50	52	73	
1591	43	
1603	9	
1604	5	10	12	
1605	13	87	90	93	
1606	82	86	88	90	
1607	81	83	84	86	87	88	91	97	98	
1608	80	81	82	83	83	84	86	89	93	99	
1609	78	79	81	83	84	86	88	98	
1610	79	83	83	85	88	98	
1611	79	
1613	16	21	
1614	7	8	11	14	20	24	
1615	6	10	11	12	14	14	15	16	18	18	20	53	57	
1616	17	17	19	19	20	22	23	48	51	53	54	55	56	59	62	68	
1617	20	22	30	42	44	45	46	47	49	55	57	60	
1618	42	44	46	47	49	62	65	
1619	13	18	19	21	24	26	44	61	68	
1620	13	15	21	22	24	26	43	50	65	
1621	20	21	23	24	45	46	65	
1622	23	24	25	53	92	
1623	25	51	52	54	55	56	89	90	92	95	97	
1624	54	87	88	90	91	96	
1638	5	
1639	80	83	86	
1640	80	82	84	88	99	
1641	79	81	85	
1642	78	80	85	93	102	
1643	81	90	
1645	66	67	
1646	19	
1647	29	43	46	66	100	
1648	7	11	14	17	18	20	24	40	68	
1649	4	8	8	9	10	11	13	14	15	17	19	20	21	24	
1650	17	19	20	21	22	24	27	53	55	59	
1651	22	23	50	60	64	
1652	23	65	
1653	24	93	
1654	24	53	90	92	
1655	86	87	89	90	91	93	95	97	
1656	54	82	83	85	86	87	88	89	90	92	93	96	98	
1657	81	82	84	85	86	87	88	90	92	94	
1658	80	81	81	83	84	85	86	89	93	97	99	
1659	81	86	
1668	36	
1671	27	
1673	82	
1675	87	
1677	23	
1678	19	
1679	16	19	64	65	
1680	12	16	19	23	41	44	47	68	69	
1681	12	13	15	16	18	19	24	39	
1682	8	9	11	13	14	15	16	18	18	19	20	22	43	44	68	68	
1683	5	6	10	12	14	15	19	20	20	21	23	23	
1684	20	21	22	24	
1685	22	91	92	98	
1686	87	88	90	92	95	97	
1687	54	83	86	87	87	89	90	91	94	95	97	
1688	53	83	85	86	86	87	89	90	91	93	98	98	
1689	80	81	82	83	84	85	87	89	100	
1690	34	34	35	35	80	81	82	84	85	87	89	
1691	79	80	83	83	84	87	97	
1692	39	80	86	
1701	40	
1706	73	
1708	11	18	
1709	47	
1710	42	48	59	67	
1711	17	19	25	42	68	
1712	12	18	19	28	42	47	68	
1713	10	13	13	16	18	18	20	23	23	27	42	45	47	
1714	13	16	17	19	20	21	28	43	44	46	63	68	
1715	7	10	14	17	19	20	21	23	23	25	26	45	64	
1716	12	15	20	22	24	56	
1717	21	22	25	53	
1718	52	87	88	90	91	93	95	
1719	82	83	85	86	87	88	89	89	90	91	93	95	
1720	81	82	83	84	85	86	88	88	90	93	93	101	
1721	80	81	81	82	84	84	86	88	90	93	
1722	79	81	82	83	84	85	87	89	93	
1723	79	80	83	84	86	93	
1724	78	80	84	94	
1726	83	98	
1729	25	
1737	26	
1741	19	24	43	
1742	19	38	42	
1743	10	17	20	43	48	49	69	
1744	12	15	16	18	19	21	26	42	46	68	68	
1745	12	14	16	18	18	20	22	25	42	45	46	62	63	67	
1746	11	13	15	17	19	21	22	24	27	45	50	
1747	3	13	15	21	23	24	27	44	64	69	
1748	15	20	22	23	23	24	65	
1749	22	24	92	
1750	23	25	52	91	92	
1751	52	54	87	89	89	90	92	95	97	
1752	81	82	83	84	85	86	87	88	89	91	94	98	
1753	80	81	82	83	83	84	85	87	90	93	
1754	79	80	82	83	84	86	98	
1755	78	80	84	89	
1756	80	86	
1773	15	20	
1774	20	67	
1775	12	15	16	17	19	21	23	66	
1776	12	13	15	16	17	19	20	21	44	66	
1777	11	11	15	16	18	18	19	21	23	24	27	45	63	64	67	
1778	12	14	19	21	22	44	
1779	14	20	22	23	23	25	26	
1780	22	24	91	93	
1781	22	24	87	88	90	91	93	97	
1782	25	87	88	92	93	94	97	
1783	55	82	83	86	87	88	89	90	91	93	94	97	
1784	54	82	82	85	86	87	88	89	90	94	97	98	
1785	78	80	81	81	82	84	84	85	87	88	89	91	97	
1786	79	81	83	84	86	89	99	
1787	79	82	88	
1788	84	
1789	87	
1795	40	
1798	3	
1799	3	3	
1805	15	
1807	8	
1808	9	11	14	15	16	
1809	10	12	14	16	18	19	20	23	
1810	11	15	22	25	
1811	23	24	88	90	91	93	97	
1812	24	87	91	92	93	95	98	
1813	54	88	90	91	92	95	97	
1814	86	86	87	88	89	90	91	95	99	
1815	82	83	84	86	87	89	91	98	
1816	78	81	82	83	84	85	87	88	90	93	95	
1817	79	80	81	82	84	85	86	89	
1818	78	79	81	82	83	84	85	88	88	93	
1819	79	81	83	85	
1820	80	
1821	94	
1824	92	
1827	3	
1837	68	
1840	68	
1841	8	86	
1842	4	9	12	14	21	
1843	83	87	91	97	
1844	83	85	86	88	88	90	93	97	
1845	82	82	86	87	89	90	96	100	
1846	81	82	83	84	85	86	87	88	89	90	91	95	
1847	77	82	83	84	85	86	87	88	89	90	91	91	93	
1848	80	81	82	84	85	86	89	91	93	98	
1849	79	80	81	84	86	89	
1850	79	80	83	83	85	98	
1851	78	80	82	95	
1852	80	84	
1853	99	
1854	88	
1862	39	
1863	40	
1873	29	
1875	5	13	
1877	80	83	
1878	79	80	82	84	86	95	
1879	79	80	81	84	85	88	90	93	
1880	78	79	80	82	84	
1881	78	80	81	84	87	90	101	
1882	79	83	86	89	
1883	80	84	90	
1884	96	
1905	67	
1906	24	
1911	89	93	
1913	83	
1914	89	
1915	99	
1916	83	
1918	94	
1919	95	
1920	62	
1923	81	
1928	54	
1929	75	
1944	95	
1946	34	95	
1962	1	
1982	20	
1985	7	
2003	63	
2015	94	
2020	102	
2025	71	
2041	65	
2043	59	
2047	101	
2051	16	
2062	72	
2079	35	
2087	10	
2110	27	
2139	54	
2147	12	
2156	37	
2168	24	
2169	38	
2171	98	
2180	18	
2182	12	
2199	96	
2217	12	
2236	23	
