14	101	
111	36	
147	28	
156	87	91	
157	83	87	88	89	91	93	96	
158	92	97	
189	52	91	93	95	
190	85	86	87	88	90	91	92	93	95	
191	6	10	13	77	80	82	84	85	86	87	89	91	94	97	
192	15	16	19	78	82	85	86	87	88	90	92	94	97	
193	16	18	19	86	
218	10	
220	88	
221	51	57	
222	50	52	53	87	89	91	95	
223	49	82	85	86	87	88	89	91	92	95	97	
224	77	79	80	81	82	83	85	86	87	88	88	90	94	96	99	
225	7	9	10	14	16	77	78	79	81	82	83	84	86	88	88	91	93	
226	7	10	11	12	13	13	14	15	16	17	77	78	79	81	82	84	85	86	89	
227	16	17	17	18	18	20	21	25	82	84	
253	56	
254	2	52	54	56	
255	51	53	54	86	87	90	92	94	96	
256	50	52	54	81	82	85	86	87	88	90	91	93	95	
257	49	76	78	79	81	82	83	85	86	87	88	90	94	
258	10	77	78	80	81	84	85	89	93	
259	9	10	12	13	14	17	67	78	80	84	
260	6	8	10	11	12	13	13	14	15	15	16	16	17	18	19	20	79	
261	15	16	17	19	20	21	22	25	
287	51	53	92	
288	51	52	87	88	89	90	92	93	95	98	99	
289	43	53	55	57	59	77	80	82	84	85	86	87	88	89	90	94	96	
290	30	35	41	46	48	50	53	78	78	80	81	82	84	85	88	94	
291	42	44	46	47	49	72	79	80	84	
292	9	79	
293	4	7	9	10	10	11	12	13	14	15	16	
294	7	11	12	14	15	16	17	18	18	19	20	21	23	
295	18	19	20	21	22	23	
320	51	52	54	56	92	98	
321	50	52	54	82	85	87	88	89	91	93	95	
322	37	78	80	82	83	85	86	87	89	90	92	94	
323	6	16	35	57	77	79	80	81	83	84	
324	16	17	19	20	23	44	47	48	50	51	55	57	59	62	65	70	80	
325	21	43	45	46	47	49	50	70	79	
326	9	11	43	75	
327	3	6	8	9	10	11	11	12	14	14	15	16	19	20	69	
328	12	13	15	17	17	18	19	20	20	21	23	23	25	26	
329	18	21	22	
352	57	
353	51	52	55	57	88	90	93	97	
354	51	52	54	86	87	88	90	91	93	94	96	
355	80	81	83	84	85	86	87	89	90	96	99	
356	9	11	14	39	66	77	79	81	82	83	84	86	88	
357	7	11	12	14	14	16	17	17	19	19	20	56	57	69	79	
358	18	20	21	22	24	25	46	47	49	50	51	52	54	55	57	60	69	
359	44	45	47	49	
360	6	8	9	13	45	66	
361	6	10	11	12	12	13	14	15	16	17	19	20	24	70	
362	2	17	18	19	20	21	22	24	
363	22	
384	56	
385	53	
386	51	52	90	91	94	97	
387	50	52	54	81	83	86	87	89	91	92	95	
388	35	39	54	59	78	80	82	84	85	86	87	89	90	92	94	97	
389	9	16	19	40	45	67	77	78	80	82	84	85	
390	7	10	11	13	13	14	15	16	17	17	18	19	20	44	70	80	84	
391	12	15	17	18	19	20	21	21	24	25	36	52	53	56	57	61	68	
392	22	23	46	47	47	50	51	52	54	55	59	
393	44	45	46	48	50	96	
394	6	8	9	10	12	13	14	
395	4	12	13	14	15	16	16	17	18	19	20	23	
396	18	20	21	22	23	
404	67	
418	52	56	
419	52	54	87	88	90	92	94	
420	52	54	83	85	86	87	89	91	94	95	
421	40	78	80	81	83	84	85	86	88	90	94	
422	10	14	16	19	40	67	77	79	80	82	83	85	89	
423	7	9	11	12	14	15	16	17	18	19	19	20	26	44	64	69	80	
424	5	13	15	18	19	20	21	22	23	24	26	57	69	
425	21	22	24	51	52	53	55	56	57	61	
426	46	47	48	48	49	50	51	53	55	
427	30	40	44	45	
428	4	6	8	9	10	11	12	12	13	14	15	19	
429	12	13	15	16	17	18	18	19	19	20	24	26	
430	21	23	
438	63	64	
451	91	
452	51	53	53	85	87	88	90	91	93	94	96	98	
453	52	55	82	86	87	88	89	90	91	93	94	96	98	
454	41	67	79	80	82	85	86	87	88	90	93	
455	9	11	13	15	16	17	18	19	41	45	67	77	79	81	85	
456	7	11	12	13	14	15	16	17	18	19	19	20	21	23	27	44	69	
457	12	15	19	20	21	22	23	24	72	
458	22	57	
459	35	51	52	52	55	56	60	
460	46	47	49	50	51	54	
461	8	10	13	43	45	65	
462	3	6	10	11	12	13	14	15	16	
463	15	16	17	17	18	18	19	20	21	22	24	
464	22	
473	79	80	
483	53	92	
484	51	87	88	91	92	95	
485	54	82	86	87	88	88	90	91	92	94	96	98	
486	54	79	80	82	84	85	86	87	88	89	90	92	95	
487	76	78	78	80	81	82	83	83	84	85	86	87	89	91	97	100	
488	7	8	10	11	12	13	14	15	16	17	18	78	79	80	82	83	85	88	
489	12	14	15	16	17	19	19	20	21	23	25	
490	4	18	21	22	24	
491	22	25	
492	56	
493	50	51	52	53	54	55	56	59	
494	45	47	49	50	
495	6	8	10	14	86	91	96	
496	11	12	13	15	16	17	18	19	20	69	
497	17	19	20	22	23	25	
515	56	
516	53	57	95	
517	51	52	55	86	87	90	91	93	94	98	
518	51	55	81	82	84	85	86	87	88	89	90	91	92	94	96	
519	51	54	78	79	81	82	84	86	87	89	90	92	95	
520	77	78	80	81	83	83	84	85	89	
521	7	8	10	11	14	16	79	80	85	91	
522	7	10	12	13	14	15	17	19	21	24	
523	15	18	19	21	22	25	88	90	92	97	
524	87	90	91	97	
525	86	87	92	96	
526	53	88	91	92	
527	51	51	54	90	92	96	
528	87	89	91	93	95	
529	7	10	11	13	14	82	86	89	91	93	
530	15	16	17	18	19	23	25	
531	17	21	22	
548	53	56	57	
549	42	46	47	50	52	57	
550	42	45	46	47	48	50	53	57	88	94	
551	51	57	80	81	83	83	85	86	89	95	
552	36	39	50	78	79	80	81	83	84	85	86	89	91	99	
553	47	77	79	81	83	84	86	88	
554	40	78	79	85	88	
555	7	10	13	83	83	
556	1	3	8	10	12	13	15	16	20	25	90	
557	6	15	16	82	83	85	86	89	95	
558	7	9	82	83	84	85	86	87	88	89	90	93	95	
559	10	77	81	82	84	85	86	88	89	90	94	96	
560	77	81	82	84	85	86	87	89	90	91	94	96	99	
561	51	54	78	81	83	85	86	87	88	89	90	91	92	94	97	
562	77	81	82	83	84	85	86	87	88	89	91	92	95	98	98	
563	8	10	11	12	13	14	77	80	82	84	86	88	88	90	94	101	
564	8	12	15	16	17	20	24	87	92	97	
565	18	87	88	89	90	92	95	98	
566	87	88	90	91	96	
567	87	90	92	96	
568	93	
570	24	24	
580	52	
582	53	55	57	58	60	
583	34	47	50	50	51	52	54	55	55	56	57	59	
584	42	43	44	45	46	47	47	47	48	48	49	49	50	51	52	53	56	57	59	
585	27	33	40	42	43	44	45	46	47	47	49	50	51	56	57	59	67	69	72	79	81	
586	20	39	42	44	45	46	46	47	48	48	50	56	58	59	66	68	79	81	85	
587	19	20	22	26	39	42	44	45	46	47	48	50	56	68	69	71	79	
588	18	19	21	23	40	42	43	44	46	47	49	57	67	
589	15	18	18	19	21	24	32	39	42	44	46	47	48	56	67	69	
590	5	16	18	20	21	24	38	41	44	47	56	68	70	80	
591	17	19	20	21	28	40	42	43	46	47	48	56	57	68	73	77	78	79	81	
592	20	23	39	42	44	46	47	47	49	56	68	70	77	78	80	81	84	
593	20	29	39	43	43	46	48	56	76	77	78	80	81	83	84	101	
594	19	40	43	46	47	50	68	68	77	78	79	80	81	83	85	
595	30	41	46	47	49	76	77	79	80	81	84	85	
596	9	14	42	67	78	79	80	82	83	84	
597	5	6	9	11	13	15	16	18	40	79	82	84	
598	11	14	17	20	21	28	42	82	86	
599	77	81	82	83	83	84	85	86	89	94	
600	7	10	77	80	81	82	84	85	86	87	89	90	93	95	100	
601	6	9	12	15	18	78	81	82	84	86	87	88	89	91	93	96	
602	16	84	85	86	87	89	90	91	92	93	94	96	
603	86	88	90	91	96	
604	16	
617	53	53	55	55	57	59	
618	35	50	52	54	55	60	
619	33	45	51	52	53	54	55	56	60	63	65	72	
620	24	25	35	43	44	45	47	49	50	53	55	58	58	62	73	
621	20	22	24	35	42	44	47	48	50	53	55	56	59	62	65	70	
622	21	22	23	24	41	44	45	47	49	50	55	56	59	60	68	72	
623	20	21	24	25	44	45	47	49	55	57	60	65	70	
624	3	20	21	23	24	28	43	44	45	48	50	53	55	58	60	65	69	
625	19	20	22	23	24	25	33	45	50	51	55	57	60	65	71	
626	21	22	23	23	24	33	34	45	46	50	51	54	56	60	65	68	
627	22	25	42	43	45	48	51	53	54	56	57	58	61	64	66	72	
628	21	23	24	33	40	44	45	47	48	48	50	51	52	54	56	58	60	66	70	
629	21	22	25	33	41	43	43	44	45	46	47	48	48	49	50	53	70	79	
630	22	26	40	44	56	57	66	70	80	
631	13	16	18	19	20	23	24	26	33	36	42	45	47	49	51	56	57	64	66	69	
632	20	21	21	22	32	41	43	44	45	46	47	48	49	50	52	56	57	59	68	79	
633	20	22	23	26	33	39	41	43	44	46	47	48	48	49	56	67	68	72	79	80	
634	9	14	27	38	42	43	44	46	46	48	49	67	69	78	78	79	80	83	85	
635	6	9	11	15	21	26	40	46	77	79	80	82	84	85	88	
636	11	13	13	78	79	80	81	83	83	84	86	88	
637	8	10	12	13	15	77	80	81	83	84	85	86	89	93	96	99	
638	16	16	17	20	82	85	87	90	94	
639	18	
653	54	
654	55	63	
655	24	74	
656	25	64	
657	25	64	74	
658	24	55	
659	25	55	
660	54	
661	25	52	55	57	
662	24	45	51	52	53	54	55	59	61	
663	24	33	42	44	45	47	48	50	54	61	
664	10	13	35	43	60	66	71	
665	19	21	23	26	50	55	59	69	
666	20	21	22	24	45	51	52	53	55	56	58	59	61	65	
667	22	28	45	48	49	50	52	53	54	55	56	57	61	
668	24	29	41	43	45	49	50	51	56	57	57	60	67	68	
669	22	31	41	43	44	45	47	48	49	50	71	
670	10	21	23	24	26	29	40	43	43	44	46	48	49	69	72	79	80	84	
671	2	4	6	8	9	10	11	13	13	14	15	20	21	67	69	77	78	79	80	84	
672	12	15	16	18	19	21	27	79	85	101	
673	18	22	
696	55	
697	65	
698	24	
701	51	55	73	
702	52	54	55	58	59	
703	50	51	53	54	55	56	60	63	65	
704	22	32	45	47	49	50	
705	8	10	13	23	23	44	72	
706	1	12	15	19	21	69	79	
707	22	23	
740	24	
1193	75	
1214	19	
1217	4	
1236	54	
1239	7	
1240	68	
1253	3	
1268	39	
1278	82	
1279	45	51	
1280	46	
1285	11	63	
1292	97	
1302	32	
1310	16	34	39	
1311	17	37	39	
1312	17	19	25	42	46	50	55	66	
1313	28	32	41	45	46	47	48	71	
1314	41	46	49	64	72	
1329	19	
1342	20	
1343	22	
1344	18	42	
1345	12	13	16	19	21	38	47	58	
1346	17	18	18	19	20	22	42	43	47	51	52	54	56	60	69	
1347	17	19	21	22	24	32	40	42	44	46	47	48	50	56	60	68	69	
1348	44	46	48	51	54	71	
1349	43	48	70	
1351	83	
1355	50	
1361	83	
1369	31	
1371	17	25	
1373	26	85	
1374	13	
1376	14	26	
1377	16	26	
1378	9	11	13	15	16	18	18	20	43	66	72	
1379	11	12	14	15	16	17	18	19	20	22	24	26	58	65	70	
1380	17	17	19	20	22	23	24	25	45	51	52	54	55	56	57	58	60	65	69	
1381	21	22	23	25	43	45	46	47	49	50	52	53	54	55	57	59	
1382	44	45	46	47	48	49	50	55	
1383	45	53	
1386	14	
1387	75	
1401	39	
1402	24	
1405	16	
1409	3	27	39	
1410	10	15	16	19	27	31	
1411	8	11	12	14	16	17	18	19	39	45	70	
1412	9	11	12	14	16	17	19	20	21	22	24	28	44	69	
1413	7	13	14	17	19	20	21	22	24	27	57	70	
1414	21	22	23	23	25	52	55	56	57	59	61	
1415	46	47	48	49	50	51	52	53	54	55	60	60	
1416	45	49	51	54	97	
1417	48	58	64	
1436	52	
1442	10	18	
1443	9	13	16	20	39	
1444	9	11	13	13	15	16	17	19	20	22	67	70	
1445	10	12	14	15	18	20	21	22	23	25	28	43	55	70	
1446	12	14	22	23	
1447	22	23	57	88	92	
1448	51	51	52	54	55	56	57	59	
1449	46	47	49	49	50	52	53	55	
1450	45	48	54	85	87	89	93	94	98	
1451	49	63	92	
1464	15	
1473	43	
1475	14	26	
1476	7	11	13	15	17	18	
1477	7	10	11	13	14	16	17	18	19	20	23	26	68	
1478	12	15	17	19	20	21	23	24	69	
1479	21	22	24	50	
1480	90	93	94	98	
1481	12	15	16	57	58	78	81	83	85	86	89	96	100	
1482	16	17	47	48	51	52	53	54	55	56	87	
1483	45	46	47	49	50	51	54	92	
1484	51	78	80	83	85	87	89	
1485	82	85	
1486	31	
1508	8	
1509	9	13	15	17	19	26	41	44	68	
1510	8	10	12	14	15	17	18	19	20	25	
1511	11	13	14	16	18	19	19	20	22	23	28	56	65	70	
1512	21	22	23	25	51	52	53	55	
1513	49	55	87	90	92	94	96	
1514	8	78	80	82	84	85	87	88	89	90	
1515	6	10	11	12	14	16	19	53	57	78	79	81	85	90	
1516	18	20	22	46	47	50	51	51	53	53	54	59	79	83	
1517	49	50	52	60	87	89	90	92	95	98	
1518	48	81	83	86	91	95	
1519	59	
1520	40	
1525	72	
1526	65	
1533	57	
1541	12	17	22	39	
1542	10	13	15	16	17	18	20	43	67	
1543	6	11	13	14	15	16	17	19	20	22	24	26	
1544	5	8	12	14	15	17	18	21	22	23	25	27	56	68	
1545	5	21	22	24	51	52	52	55	57	
1546	50	87	90	92	95	97	
1547	77	80	81	83	85	86	87	88	90	95	
1548	7	9	11	14	58	80	82	84	87	88	93	100	
1549	6	12	13	14	15	16	17	18	19	26	52	53	56	61	68	
1550	18	20	22	46	47	49	50	51	53	54	55	56	
1551	45	47	48	78	81	85	87	89	92	94	
1552	85	92	
1553	59	
1563	7	
1568	12	
1569	47	
1570	25	
1571	24	
1573	40	
1574	15	17	18	26	40	66	70	
1575	7	8	11	13	15	16	19	22	24	41	68	
1576	5	10	12	13	14	16	17	19	20	21	
1577	18	19	20	21	23	24	26	53	71	
1578	22	23	50	52	56	92	97	
1579	51	53	83	87	88	90	91	93	93	95	
1580	76	78	81	82	83	84	85	86	87	88	90	91	93	95	
1581	79	81	85	87	88	95	
1582	6	9	10	12	13	14	15	17	56	57	79	84	
1583	7	12	15	15	16	16	19	20	51	52	52	54	55	56	104	
1584	21	23	45	47	49	49	51	52	58	
1585	49	80	82	84	87	89	92	97	
1586	82	83	
1588	91	
1593	62	62	63	
1595	77	77	78	
1598	76	
1604	38	
1606	37	43	
1607	10	16	19	43	48	68	
1608	9	13	15	17	18	18	19	21	23	42	46	67	
1609	9	11	13	15	17	19	20	22	25	27	66	71	
1610	13	15	21	23	23	25	46	52	69	
1611	22	50	51	52	53	55	87	90	93	96	
1612	50	83	85	86	87	88	89	90	91	92	93	95	98	
1613	54	76	80	82	84	85	86	90	95	98	
1614	79	80	82	84	85	87	89	96	
1615	11	17	78	83	86	96	
1616	7	9	10	11	13	14	15	16	56	57	
1617	13	14	15	16	17	18	18	20	25	26	50	51	52	55	56	
1618	17	22	46	48	49	52	92	94	
1619	49	81	85	91	
1620	94	
1624	28	
1638	41	
1639	16	20	40	47	66	
1640	8	9	12	13	15	16	18	18	20	38	
1641	9	12	15	17	18	19	22	24	34	42	68	90	
1642	12	15	16	17	20	20	21	23	24	57	64	68	
1643	21	22	24	45	47	50	51	53	
1644	23	25	37	46	48	50	52	
1645	19	48	52	54	56	82	84	85	87	88	91	100	
1646	46	50	77	78	80	81	82	83	84	86	
1647	38	77	78	80	83	85	88	
1648	79	79	
1649	11	14	19	
1650	7	10	12	15	16	18	20	23	53	56	58	
1651	19	21	46	47	48	50	51	53	54	
1652	23	44	46	50	60	81	86	89	91	95	98	
1653	52	80	86	88	
1654	9	94	
1656	42	
1658	59	
1668	37	
1671	74	
1672	9	12	14	16	18	18	42	68	
1673	8	12	14	16	17	18	20	21	22	25	42	66	
1674	8	10	12	13	14	16	17	19	20	22	23	27	64	66	70	
1675	12	14	15	18	19	20	21	23	23	25	44	58	69	
1676	20	21	22	23	25	52	53	55	56	57	73	
1677	42	46	47	49	50	51	52	54	55	56	58	
1678	31	40	45	46	47	48	50	51	55	57	61	66	
1679	40	43	45	46	47	50	67	78	81	84	
1680	40	44	46	48	50	59	81	84	
1681	21	27	30	36	38	42	44	46	47	56	60	69	84	
1682	19	22	40	45	46	69	
1683	10	15	19	21	38	71	
1684	8	11	13	16	17	19	21	53	56	59	70	
1685	18	19	20	22	24	42	44	46	47	49	50	51	54	61	71	
1686	48	50	53	81	84	91	
1687	39	43	46	85	99	
1688	39	51	
1689	52	64	
1690	46	
1693	27	58	
1705	10	12	14	16	
1706	8	9	11	13	13	14	16	17	19	20	25	
1707	12	13	15	16	17	18	19	21	22	24	29	
1708	11	17	19	20	21	23	23	
1709	22	24	
1710	23	55	56	
1711	51	52	53	55	56	58	59	
1712	33	34	44	45	49	50	53	54	57	60	
1713	33	44	45	49	51	55	56	58	59	72	
1714	22	24	43	45	48	50	52	53	55	56	61	64	70	
1715	20	21	23	31	41	43	44	48	48	49	59	69	
1716	8	15	19	21	43	43	45	49	59	64	66	69	72	
1717	10	15	19	20	22	23	25	35	45	49	65	69	
1718	5	16	20	21	25	44	51	52	54	55	56	58	58	60	71	
1719	20	21	23	24	33	39	42	45	46	47	48	48	49	50	51	54	57	
1720	31	38	43	44	45	46	47	49	54	57	61	68	71	
1721	42	47	50	56	66	
1722	23	26	37	39	45	46	47	49	52	70	
1723	43	46	51	69	
1724	26	46	48	
1725	46	
1737	24	
1738	8	14	
1739	9	11	
1740	7	9	10	11	13	13	14	23	
1741	7	12	14	15	16	86	87	89	91	92	96	
1742	16	86	87	89	90	91	93	95	96	
1743	16	87	88	90	91	92	93	95	98	
1744	86	87	88	90	91	92	93	95	97	
1745	86	87	87	89	90	91	92	94	95	98	
1746	55	87	87	91	92	95	97	
1747	87	88	90	92	95	97	
1748	89	91	92	95	
1749	54	64	73	87	91	93	96	
1750	24	88	92	98	
1751	11	16	23	25	74	91	93	
1752	23	25	52	53	54	55	56	60	
1753	45	50	51	54	59	62	91	93	
1754	16	23	35	45	52	54	57	58	60	92	
1755	17	24	45	48	51	53	55	57	59	63	
1756	21	22	23	30	42	44	45	47	49	51	53	55	56	58	59	62	66	69	
1757	21	25	40	43	44	45	46	47	48	48	49	51	57	62	66	70	
1758	27	33	40	45	46	47	50	55	62	71	74	
1759	40	43	46	49	60	73	
1760	72	
1763	46	
1769	44	
1771	94	
1773	11	
1774	11	14	83	
1775	9	76	77	80	81	84	85	88	90	97	100	
1776	12	76	77	78	80	81	84	85	86	87	88	89	93	99	
1777	8	12	77	78	80	81	82	83	84	84	85	86	88	90	93	95	
1778	77	78	80	81	82	83	84	84	85	86	87	89	91	94	
1779	78	81	82	82	84	85	86	87	88	90	92	94	
1780	78	81	81	82	83	84	85	85	86	87	88	89	92	93	95	101	
1781	13	77	78	81	82	83	84	86	87	89	94	
1782	7	77	81	82	84	85	86	89	91	95	98	
1783	77	80	81	82	84	85	86	87	89	90	96	
1784	10	13	82	85	86	87	89	90	94	98	
1785	6	11	77	81	82	86	87	89	90	92	96	100	
1786	18	86	87	89	91	95	
1787	9	13	83	86	87	89	90	91	93	95	99	
1788	87	89	90	92	94	97	
1789	87	89	90	92	94	96	
1790	52	53	55	61	87	88	90	91	96	97	
1791	16	33	51	54	55	57	58	59	87	92	
1792	45	48	49	50	52	53	55	57	60	65	93	
1793	24	42	44	45	47	49	50	56	61	70	
1794	44	46	48	52	
1799	2	2	2	
1809	81	84	
1810	78	80	85	89	
1811	13	76	79	79	81	82	83	85	88	100	
1812	76	79	80	84	86	89	99	
1813	78	79	81	83	83	84	86	88	88	100	
1814	78	79	80	82	84	85	98	
1815	79	80	81	84	86	98	
1816	15	79	80	82	83	86	88	93	
1817	78	80	82	84	
1818	10	78	79	80	82	83	84	86	90	
1819	6	11	14	79	80	82	84	85	88	89	
1820	53	78	81	83	84	86	89	90	93	97	98	
1821	77	79	80	81	83	84	86	87	88	90	96	
1822	77	80	82	84	85	87	89	92	95	
1823	8	8	12	15	76	77	80	81	83	83	84	85	87	88	90	
1824	8	12	15	16	77	78	80	81	82	84	85	85	87	89	91	93	
1825	12	78	82	83	84	85	86	87	88	90	93	93	95	100	
1826	16	52	55	56	60	87	90	91	94	96	
1827	33	50	51	53	59	88	91	93	97	
1828	52	73	
1831	21	
1843	81	
1844	85	
1845	79	87	
1846	78	83	84	
1847	78	81	
1848	82	84	88	
1849	79	85	
1850	87	
1851	78	90	101	
1852	78	82	101	
1853	78	81	102	
1854	78	79	81	84	87	88	91	96	
1855	77	79	81	84	86	93	93	
1856	78	84	
1857	78	99	
1858	13	79	83	89	
1859	8	77	79	81	84	86	88	
1860	52	76	77	79	80	81	84	85	86	88	89	92	94	
1861	53	54	78	80	82	85	86	88	88	90	96	
1862	79	91	93	
1872	102	
1878	68	
1885	85	
1888	82	85	
1889	80	83	
1890	69	84	
1891	86	
1892	86	
1893	80	84	
1894	79	83	
1895	79	81	84	86	95	
1896	79	82	84	86	90	96	
1914	2	
1916	23	
1919	84	
1925	86	
1929	82	
1930	78	
1931	32	
1936	66	
1942	59	
1958	36	99	104	
1977	7	
1978	7	
1979	4	15	
1988	104	
1994	96	
1996	15	95	
2009	7	66	
2028	12	
2031	41	
2036	18	
2044	7	
2045	59	
2052	8	
2064	96	
2079	11	
2096	27	
2098	22	36	
2099	44	
2171	17	
2176	85	
2186	3	
