118	75	75	76	76	77	77	86	
152	81	
182	21	
187	88	91	93	95	
188	87	90	91	93	94	
189	87	91	93	
217	93	
218	93	
219	88	91	93	96	
220	87	89	90	92	93	95	103	
221	82	83	85	87	88	89	90	92	94	
222	11	82	83	84	86	87	88	89	91	93	94	101	
223	7	13	16	82	83	84	85	87	89	90	92	97	
224	16	17	83	93	
250	88	92	
251	87	90	91	92	95	
252	83	85	87	88	88	89	90	91	93	94	
253	81	82	84	85	86	88	89	90	91	94	
254	80	81	82	84	85	86	88	88	89	90	91	94	97	103	
255	79	80	81	82	83	84	85	88	89	90	93	97	99	
256	3	8	9	11	80	81	82	84	85	86	88	90	99	
257	6	8	11	12	13	13	15	16	18	80	81	82	84	85	87	88	91	95	
258	16	16	17	19	85	90	
259	18	
282	51	91	
283	87	90	92	94	
284	81	83	84	85	86	87	89	90	92	94	96	
285	80	81	82	84	86	87	88	90	91	94	97	100	
286	36	40	46	57	81	82	84	85	86	89	90	99	
287	18	19	36	40	42	46	46	47	48	49	53	69	80	81	83	83	85	99	
288	46	80	81	82	83	85	
289	79	80	84	
290	4	6	8	10	14	80	82	84	
291	7	9	10	11	12	12	14	14	15	16	18	80	81	84	91	
292	12	14	15	16	16	17	19	20	81	84	88	
293	17	18	22	
314	50	53	56	
315	36	42	47	48	50	
316	36	47	48	52	57	
317	37	41	47	49	57	80	81	83	84	88	95	99	
318	36	41	43	46	50	60	66	69	79	80	81	83	85	88	
319	8	18	18	39	42	56	59	67	79	80	81	84	
320	12	15	17	18	19	20	39	42	46	48	51	52	53	53	55	56	57	59	63	79	80	83	
321	20	20	21	23	27	29	38	42	44	46	47	48	48	49	50	51	54	57	60	63	69	79	
322	21	22	23	24	40	42	43	44	46	48	50	54	
323	48	
324	9	11	15	93	
325	4	7	9	11	11	13	13	14	15	15	16	19	
326	8	12	14	15	16	16	17	18	18	19	20	21	22	24	84	
327	22	
347	53	
348	51	53	54	56	
349	37	42	45	47	49	51	56	59	
350	42	45	46	49	52	54	62	
351	18	26	41	45	50	58	63	66	79	
352	20	21	44	63	
353	13	20	22	23	24	28	43	53	57	
354	21	22	24	25	51	52	53	54	55	56	57	70	
355	21	23	23	25	35	43	45	46	47	49	50	50	51	52	53	54	56	60	65	
356	40	44	45	46	47	48	49	50	50	
357	43	49	
358	8	10	11	13	15	67	
359	7	10	11	12	12	13	15	15	16	18	19	24	
360	12	15	16	17	17	18	19	20	21	22	24	26	
361	23	
362	92	
363	91	93	95	
364	87	90	91	94	
382	52	
386	25	
388	25	51	52	53	54	55	56	56	58	
389	35	37	43	46	47	48	48	49	50	51	51	54	55	60	
390	41	44	45	46	46	47	48	49	49	51	53	
391	44	46	48	78	
392	3	6	9	10	12	14	
393	3	6	7	10	11	12	12	13	13	14	15	15	16	17	19	20	25	
394	17	18	20	21	22	93	
395	92	96	
396	85	87	89	90	92	94	96	99	
397	8	81	82	84	86	87	88	89	91	92	94	96	
398	11	14	16	19	81	82	83	84	85	86	89	90	93	99	
399	16	17	19	21	
422	52	53	54	56	57	
423	48	49	50	50	51	51	52	52	53	54	55	57	60	
424	45	46	47	48	48	49	50	51	
425	38	43	
426	6	9	10	12	
427	6	8	11	12	13	14	15	17	24	
428	18	82	86	87	90	91	95	
429	37	81	82	83	84	86	87	88	89	90	91	93	95	
430	80	81	82	84	85	87	88	89	91	94	
431	9	16	39	67	78	79	80	81	83	84	86	
432	6	7	10	11	12	14	15	16	17	18	19	26	79	81	84	
433	13	17	18	19	20	21	22	25	28	
439	77	77	78	
456	48	51	52	54	56	
457	48	49	50	50	51	52	53	54	55	58	
458	45	47	49	50	83	87	90	92	96	
459	44	86	90	93	94	97	
460	9	
461	2	12	14	20	37	39	81	86	
462	16	19	43	46	81	83	84	85	89	93	
463	17	18	19	29	40	63	80	81	84	85	
464	10	12	14	16	18	19	20	40	79	81	83	
465	7	9	11	12	14	15	16	18	19	19	20	27	80	
466	12	14	15	18	20	21	22	23	24	26	
467	22	23	
490	51	52	55	70	71	86	88	91	93	
491	49	50	52	54	55	59	87	90	92	94	98	
492	36	49	81	83	84	86	87	89	90	91	92	93	96	
493	18	38	42	48	78	82	83	85	88	90	
494	4	10	13	16	17	19	42	81	
495	11	14	15	17	18	18	19	20	20	23	27	41	43	48	49	59	64	
496	12	15	16	17	19	20	20	21	22	26	28	41	62	63	69	80	
497	11	15	18	19	20	21	22	24	28	30	42	44	65	79	
498	12	14	18	20	21	23	23	24	65	
499	2	12	21	22	23	25	
500	22	
507	85	85	85	
520	92	
521	87	92	93	
522	86	87	89	91	92	94	96	
523	53	83	85	86	87	89	90	92	93	96	
524	51	54	74	77	81	82	85	86	87	89	90	91	94	99	
525	49	54	80	81	83	83	84	85	86	88	89	91	93	96	
526	37	78	80	82	83	84	85	86	88	90	94	
527	9	11	13	15	16	17	19	63	66	79	84	
528	6	11	12	13	15	16	17	18	19	19	20	35	65	
529	15	16	18	19	20	21	22	23	23	24	27	45	64	
530	21	22	23	24	63	
531	22	24	25	
532	22	25	
533	25	
552	87	91	93	
553	87	92	94	96	
554	82	86	87	89	91	92	94	96	
555	82	84	86	87	88	89	90	94	97	99	
556	80	82	83	84	85	86	87	88	90	91	93	
557	38	40	42	47	48	49	53	58	80	81	82	84	85	86	88	
558	17	37	41	46	48	55	79	81	82	83	85	89	98	
559	20	67	78	79	81	82	84	88	
560	9	10	12	13	14	15	18	28	64	66	79	80	
561	4	7	10	11	12	14	15	16	17	18	19	20	23	25	
562	15	17	21	21	22	23	25	
563	21	22	24	
572	17	17	17	
580	51	
581	53	
584	91	93	96	
585	87	88	90	91	92	93	95	
586	56	83	85	86	87	89	90	91	94	96	
587	81	82	84	85	87	88	90	92	93	
588	37	39	46	56	59	81	82	82	84	84	86	88	90	94	
589	16	17	19	40	43	47	49	62	67	79	79	80	81	82	83	84	88	
590	8	14	16	18	18	19	20	33	35	40	48	56	61	79	80	81	
591	15	20	21	34	42	44	47	50	51	52	54	55	57	59	64	78	79	80	
592	20	21	37	39	42	44	45	46	47	48	49	53	61	63	
593	22	23	23	25	26	32	44	45	79	
594	5	8	10	11	12	13	14	23	
595	12	15	17	18	19	20	20	21	23	24	27	
596	21	22	25	
616	47	51	53	
617	86	88	90	93	93	97	
618	81	83	85	85	88	89	90	94	
619	16	36	39	41	47	56	61	80	81	82	84	85	86	89	
620	16	18	19	41	47	60	66	79	80	81	84	85	89	100	
621	16	18	19	20	26	30	40	44	46	62	67	79	80	81	83	99	
622	7	11	12	14	15	17	19	20	65	78	79	80	84	
623	12	15	17	19	20	21	23	27	34	44	50	60	64	69	79	
624	9	21	22	23	24	27	45	53	57	65	
625	21	22	24	24	33	50	51	52	54	55	57	64	
626	21	23	23	25	42	45	46	50	
627	41	44	64	67	
628	5	8	12	14	24	27	
629	18	20	21	23	26	
648	53	57	
649	38	47	48	50	51	57	
650	40	43	44	46	47	49	51	
651	32	38	41	45	46	49	81	84	
652	9	14	28	38	62	78	79	81	84	
653	13	14	16	18	18	19	20	31	42	44	52	60	65	68	78	79	84	
654	14	19	20	22	26	35	43	45	51	63	63	79	
655	20	21	23	23	24	27	35	63	
656	20	20	21	22	22	23	24	
657	20	22	24	
659	53	55	
661	73	
662	23	
682	52	55	
683	51	52	53	54	55	57	
684	51	54	62	63	
685	31	44	48	65	79	
686	15	22	24	43	64	
687	22	23	24	
688	22	23	23	
753	3	
886	89	
1159	90	
1161	20	
1175	7	
1178	54	
1190	83	
1191	14	34	
1202	22	85	
1207	92	
1216	35	
1236	20	
1240	37	
1243	55	
1244	12	
1251	70	99	
1255	93	
1260	71	
1270	27	
1274	73	73	74	74	74	74	
1279	76	
1296	20	
1302	28	
1303	26	35	
1308	91	
1309	38	48	
1312	50	
1332	32	
1338	37	
1340	17	26	
1342	16	20	38	46	
1343	17	19	39	46	53	59	69	
1344	39	45	46	48	53	58	
1345	46	
1346	8	59	
1348	68	
1352	70	
1355	83	
1362	5	15	
1366	52	
1373	13	35	
1374	17	18	36	39	45	47	64	
1375	16	19	46	63	66	
1376	16	18	18	19	23	37	41	46	52	57	63	66	
1377	16	17	19	20	22	25	31	33	36	41	46	47	49	51	53	56	60	
1378	21	22	24	37	40	42	44	46	47	49	50	
1379	22	46	48	58	60	
1380	52	
1381	25	
1383	39	
1384	20	
1390	60	
1392	68	
1393	2	
1404	17	
1405	18	41	
1406	16	20	36	42	68	69	
1407	12	15	16	18	19	22	41	46	48	
1408	14	16	18	19	20	22	39	
1409	10	14	16	18	19	20	22	23	28	
1410	12	14	15	16	18	19	20	21	25	26	30	43	53	55	57	
1411	18	19	20	21	23	24	25	31	42	48	50	51	52	53	54	56	59	64	
1412	21	23	24	39	42	44	45	46	47	47	48	49	50	51	54	56	58	
1413	23	40	43	45	46	47	48	49	50	
1414	42	45	
1415	51	54	
1431	15	
1432	44	
1437	19	32	
1438	16	19	41	66	
1439	12	15	17	19	21	24	34	41	
1440	12	13	16	18	19	20	22	24	
1441	20	21	22	25	64	70	
1442	13	14	20	22	23	23	25	26	65	93	
1443	10	14	22	23	25	92	
1444	24	88	90	92	
1445	18	21	25	51	52	53	54	55	56	58	58	
1446	42	46	47	48	49	50	50	51	52	52	53	54	56	61	
1447	41	43	44	46	47	49	49	51	55	
1448	44	49	
1452	53	
1468	32	
1471	8	11	14	19	
1472	9	12	14	16	20	
1473	10	13	14	15	18	22	24	
1474	22	23	25	88	91	93	
1475	24	87	92	95	98	
1476	87	89	90	92	93	95	
1477	10	82	83	85	86	88	89	90	92	94	
1478	7	9	11	12	14	15	16	17	82	84	86	88	89	92	101	
1479	16	18	19	20	52	53	54	55	56	57	82	92	
1480	18	41	47	48	49	49	50	50	51	53	53	55	57	59	
1481	42	43	45	47	49	50	52	56	
1482	41	45	48	
1483	48	
1486	59	
1490	66	
1502	34	
1504	13	
1505	10	15	
1506	7	13	
1507	87	90	92	94	
1508	86	88	89	90	99	
1509	82	83	84	85	87	90	93	96	
1510	80	81	82	83	84	85	89	90	93	
1511	10	79	80	82	84	87	
1512	7	9	10	12	13	14	15	18	19	81	83	85	91	
1513	13	15	15	16	17	19	20	21	52	53	56	57	58	68	81	85	101	
1514	18	22	41	46	47	48	49	50	50	51	53	54	55	56	
1515	41	44	45	46	50	61	
1516	41	82	89	94	
1517	34	
1518	16	37	42	62	65	67	
1519	18	22	24	31	42	47	49	56	67	
1520	39	46	48	
1527	68	
1528	68	
1539	69	
1541	80	82	83	85	91	
1542	79	80	82	83	87	98	
1543	78	80	83	85	90	98	
1544	79	81	85	
1545	10	14	80	83	86	96	
1546	5	6	8	8	10	11	12	13	14	15	17	18	24	67	82	83	89	
1547	12	15	15	16	19	19	20	24	52	54	55	57	59	82	84	
1548	18	21	23	40	42	45	45	46	47	48	49	50	51	52	53	54	56	58	60	
1549	32	40	43	45	47	49	50	54	
1550	13	38	42	45	63	
1551	13	18	34	61	68	74	
1552	17	19	20	28	39	43	48	51	55	56	58	61	
1553	18	19	21	22	23	25	39	44	46	47	48	49	51	52	53	57	62	69	
1554	24	27	41	44	47	49	
1556	49	
1558	85	
1570	14	
1574	40	
1576	19	102	
1579	3	9	14	
1580	6	9	10	11	12	13	14	15	16	17	19	21	102	
1581	12	12	15	15	16	17	17	18	19	20	21	24	51	52	52	53	54	55	57	59	69	82	
1582	20	21	22	35	40	43	45	46	47	48	49	50	51	54	56	59	
1583	34	38	41	44	45	46	48	48	61	
1584	26	42	45	67	72	
1585	12	15	18	20	24	26	63	63	
1586	13	20	22	24	44	51	52	53	54	56	59	
1587	22	24	48	50	51	52	54	60	92	
1588	23	45	50	55	58	88	91	92	96	
1594	18	
1595	74	74	74	75	
1608	93	
1610	85	
1613	8	11	13	15	17	18	25	26	
1614	4	6	9	10	11	12	13	14	15	16	17	18	19	20	22	23	25	26	68	
1615	12	15	17	20	21	22	24	52	53	55	
1616	22	23	48	51	59	
1617	44	54	62	
1618	93	
1619	52	
1620	25	52	54	87	92	94	96	
1621	55	82	83	86	87	89	90	91	93	
1622	78	81	82	85	86	89	92	
1629	79	79	80	81	
1630	66	
1637	27	35	
1640	32	
1641	17	
1642	38	
1644	36	40	59	
1645	16	19	24	29	37	62	67	
1646	10	15	17	18	20	44	67	
1647	6	10	11	13	14	15	16	17	19	20	23	27	67	
1648	8	11	12	13	14	15	16	17	18	19	19	21	22	24	65	
1649	21	23	25	
1650	53	92	93	96	
1651	17	86	87	88	89	90	92	93	95	97	
1652	83	86	87	90	92	94	97	
1653	82	83	85	86	88	88	89	90	91	94	97	
1654	80	81	82	83	85	86	88	89	92	94	96	
1655	79	80	82	84	87	89	94	
1656	80	81	84	89	
1670	33	
1671	15	22	
1672	90	
1676	40	58	
1677	14	17	19	40	60	67	70	
1678	14	16	18	19	20	23	38	59	
1679	14	17	18	20	22	26	44	62	63	64	64	65	70	
1680	10	12	15	16	19	20	21	23	23	44	69	
1681	11	13	15	17	19	20	22	23	25	26	69	
1682	22	24	25	47	52	
1683	23	49	52	91	92	95	
1684	50	81	82	84	86	87	88	88	89	90	92	94	98	
1685	80	81	82	83	83	84	85	86	88	89	90	93	97	
1686	79	80	80	82	84	85	88	89	92	94	98	
1687	79	80	81	83	85	95	
1688	79	80	82	84	88	
1689	81	85	
1691	17	
1697	65	
1699	76	
1701	20	55	
1702	31	76	
1706	28	39	
1707	16	38	40	
1708	13	18	19	27	67	69	
1709	14	17	19	24	41	62	67	
1710	11	15	17	18	20	24	26	61	
1711	13	14	15	17	19	21	22	24	27	32	43	63	70	
1712	10	14	20	21	23	24	44	
1713	15	22	23	23	
1714	12	24	57	88	92	93	95	
1715	23	51	52	55	87	90	92	
1716	47	48	50	51	53	98	
1717	52	55	82	84	86	87	89	90	92	93	96	
1718	79	80	81	82	83	84	85	87	89	92	94	
1719	79	80	81	85	
1720	79	80	83	
1721	80	85	89	
1722	82	87	94	
1724	84	
1731	89	
1736	25	52	
1737	38	
1739	16	19	39	
1740	10	16	20	39	65	66	68	
1741	13	13	16	18	18	19	21	
1742	15	17	19	21	22	26	35	43	63	
1743	13	13	15	19	21	23	25	28	69	
1744	11	13	15	21	23	23	65	
1745	22	24	91	92	97	
1746	87	88	90	91	93	94	96	
1747	83	86	88	89	90	92	94	96	
1748	9	57	82	87	89	90	95	
1749	6	13	51	52	53	55	56	81	82	83	84	85	88	88	91	100	
1750	45	46	49	82	85	87	89	91	93	96	
1751	53	80	81	83	83	84	86	88	94	
1752	79	81	84	
1753	82	86	93	
1756	3	94	
1763	8	
1764	6	7	7	
1769	68	81	
1771	81	
1772	12	13	17	18	68	
1773	6	10	14	16	19	20	22	25	35	
1774	14	17	20	21	23	26	44	
1775	14	21	22	24	25	65	93	
1776	22	24	92	97	
1777	87	90	92	95	97	
1778	86	87	89	90	92	94	97	
1779	82	85	86	88	89	91	94	
1780	80	81	82	83	84	84	86	89	94	101	
1781	80	81	83	84	85	89	
1782	11	79	80	83	83	85	89	92	94	
1783	53	79	80	82	85	93	99	
1784	80	81	82	83	85	87	89	90	93	96	
1785	78	82	87	88	93	93	99	
1792	88	
1798	83	
1805	9	13	
1806	9	11	13	15	20	
1807	7	11	12	15	21	
1808	23	23	88	91	96	
1809	83	86	87	91	92	95	
1810	82	82	86	89	91	93	96	
1811	82	83	84	85	87	89	90	94	
1812	80	81	82	83	84	86	88	91	
1813	79	81	84	85	86	88	91	
1814	79	82	84	89	93	
1815	79	82	86	
1817	87	89	100	
1818	81	82	83	85	88	90	94	
1819	82	87	
1836	94	
1838	72	
1839	12	
1840	12	14	
1841	8	82	89	96	101	
1842	81	82	83	84	86	89	92	94	
1843	80	82	84	86	89	
1844	80	81	84	88	88	95	
1845	79	80	84	
1846	78	80	84	88	101	
1847	81	83	92	
1848	9	10	12	
1849	12	94	
1850	84	93	
1851	83	
1852	80	85	
1856	100	
1858	76	
1872	14	
1874	5	
1875	8	81	84	88	
1876	78	80	82	84	
1877	78	80	100	
1878	84	
1879	83	88	
1880	85	
1884	41	
1886	64	
1895	33	58	
1908	27	
1911	89	
1923	32	
1926	17	
1945	19	
1950	100	
1953	96	
1969	78	
1974	51	
1983	69	
2008	85	
2022	86	
2028	3	
2032	82	
2050	8	
2064	103	
2075	13	
2083	7	33	
2087	100	
2109	26	
2118	54	
2120	33	
2126	87	
2133	45	
2165	95	
2178	10	
2179	18	
2204	97	
2240	96	
2255	3	
2256	11	
2274	9	
2281	5	
