115	57	
184	92	
185	91	
186	93	97	98	
213	18	
216	88	93	
217	86	88	90	92	96	
218	81	83	84	85	86	87	89	90	91	95	
219	6	12	82	83	84	85	86	87	88	89	91	92	94	97	
220	82	86	87	88	89	90	92	97	
221	86	88	91	93	
222	16	
249	57	91	
250	50	54	82	86	87	89	96	
251	78	81	82	83	85	86	89	90	93	96	
252	79	80	81	82	83	84	85	86	88	93	100	
253	5	9	78	79	80	81	82	84	85	88	
254	6	10	12	14	16	80	81	82	83	83	84	85	88	89	90	94	98	
255	8	11	15	81	82	83	83	85	86	89	90	92	96	
256	16	82	86	87	88	90	91	95	
257	16	
281	56	57	
282	46	47	51	53	54	57	
283	41	43	46	48	49	50	53	56	57	
284	41	43	46	48	49	52	56	58	58	67	79	80	83	
285	20	33	39	42	43	46	47	49	56	58	67	79	80	83	
286	19	27	28	35	40	42	43	44	46	47	48	48	49	56	67	79	80	
287	6	19	20	26	40	42	44	44	46	47	48	48	66	72	79	
288	9	27	41	44	46	72	78	79	
289	6	9	10	12	15	78	79	80	82	84	85	88	
290	7	10	12	13	13	14	16	19	80	81	82	84	85	88	89	91	95	
291	16	17	18	18	20	85	89	94	
292	17	
316	52	54	55	61	
317	32	33	49	51	54	57	60	
318	45	50	55	62	
319	23	25	44	52	54	57	60	
320	21	23	23	24	30	45	49	51	53	54	55	56	57	60	
321	24	33	35	43	44	45	47	48	48	50	51	52	53	54	55	56	58	60	
322	23	24	40	42	44	45	46	46	47	49	49	50	69	
323	9	13	44	44	46	48	
324	6	8	10	11	12	13	14	15	79	80	81	83	85	
325	16	17	18	19	21	83	83	86	89	92	93	
326	16	17	21	
354	55	57	
355	50	51	52	54	54	55	56	57	59	61	
356	42	46	47	49	50	51	51	53	55	59	
357	9	43	45	46	48	49	
358	7	9	10	11	11	13	14	
359	7	11	12	14	15	17	19	20	80	82	85	88	89	90	93	
360	17	18	19	22	87	89	91	92	
361	92	
362	88	90	93	
363	88	91	
364	87	91	93	
365	93	
388	57	
389	51	52	54	55	56	57	59	
390	49	50	51	51	53	53	54	56	60	
391	45	47	48	49	93	
392	9	10	87	
393	7	9	10	11	12	13	13	14	15	16	79	81	83	85	87	90	93	
394	12	15	16	17	21	81	82	85	87	88	89	90	92	96	
395	83	85	86	87	88	90	91	95	
396	83	85	86	87	89	90	95	
397	82	83	84	85	87	89	90	92	93	96	
398	81	82	83	84	85	86	87	89	90	91	93	96	
399	16	18	81	83	85	86	87	89	90	92	96	
400	16	
422	58	
423	52	53	54	55	56	61	88	92	
424	51	52	54	55	59	86	88	90	91	95	
425	36	48	50	53	82	85	87	90	92	97	
426	5	10	94	
427	7	10	12	14	78	80	81	85	98	
428	6	11	37	47	80	81	82	83	84	86	89	99	
429	67	79	80	81	82	84	85	86	88	93	100	
430	79	80	82	84	85	89	98	
431	79	80	82	84	85	88	
432	7	10	79	80	81	82	84	85	86	88	90	97	
433	8	10	11	13	14	19	80	81	82	84	85	89	
434	16	16	17	17	18	20	
435	22	
436	56	
454	88	91	98	
455	82	85	87	88	90	91	93	98	
456	57	82	86	87	88	89	90	92	94	98	
457	51	52	55	57	82	84	86	87	89	91	94	97	
458	51	54	80	81	82	83	83	84	85	86	87	89	91	93	96	101	
459	51	80	81	82	83	85	86	88	90	94	
460	16	57	67	85	
461	5	13	16	17	18	20	23	30	34	40	43	45	46	47	48	68	69	
462	13	15	16	17	18	19	20	21	38	43	43	45	46	48	49	57	58	58	63	78	80	
463	20	20	21	27	34	42	44	45	46	47	49	52	56	57	60	67	69	78	
464	21	23	28	29	40	42	44	45	46	47	48	48	49	50	51	57	58	79	
465	22	30	36	39	43	44	46	47	49	78	
466	6	9	12	13	66	78	79	
467	5	6	8	10	11	11	12	13	14	15	15	16	17	19	20	70	78	79	83	
468	12	13	16	17	17	18	19	19	20	21	83	
469	22	49	49	
485	88	92	
486	87	89	91	
487	82	86	87	88	90	92	94	97	
488	80	82	83	84	85	86	89	91	93	98	
489	56	80	81	82	83	84	85	86	89	97	
490	36	42	80	81	82	83	83	84	86	89	95	
491	46	48	52	54	70	77	79	80	80	82	83	85	
492	78	79	80	81	83	84	88	
493	10	13	15	78	80	81	85	
494	8	11	12	14	15	16	16	17	18	18	19	21	23	26	28	69	74	
495	13	14	15	17	18	18	19	20	21	21	24	25	33	63	68	
496	20	21	22	23	24	25	44	53	65	
497	21	23	24	25	29	52	53	54	55	56	57	59	62	
498	25	42	46	47	49	50	50	51	52	54	55	58	60	
499	30	42	44	45	47	48	49	50	64	
500	10	11	13	18	41	44	
501	3	8	10	11	12	13	14	15	17	19	20	21	22	24	26	68	
502	18	20	21	22	23	25	26	
503	22	
518	86	88	90	91	97	
519	56	82	86	87	89	90	92	95	
520	56	78	81	82	83	83	84	85	87	88	89	93	97	99	
521	41	78	80	80	82	83	83	84	85	89	95	
522	16	18	40	46	66	77	78	80	81	84	94	
523	12	17	19	26	40	44	46	48	52	56	57	60	68	72	78	78	79	80	
524	18	19	20	21	42	43	45	46	47	48	50	51	52	54	56	59	73	74	75	79	80	
525	21	28	41	43	44	45	46	47	48	48	49	51	70	79	
526	44	
527	7	8	10	11	12	13	14	15	65	68	79	
528	6	11	12	13	14	15	16	16	17	18	18	19	20	69	
529	16	17	19	21	22	23	24	28	
530	22	58	
531	50	51	53	54	55	57	61	
532	30	33	49	51	55	
533	41	44	45	49	64	67	
534	4	12	14	19	23	63	
535	12	15	20	21	24	
536	22	27	27	
541	93	
550	52	58	86	88	89	91	94	
551	82	85	86	87	89	90	92	94	98	
552	36	53	81	83	84	85	86	89	90	92	94	96	
553	42	46	61	66	77	79	80	82	83	84	
554	16	18	29	40	46	47	49	59	69	79	80	81	85	
555	17	19	20	32	40	43	45	65	68	79	
556	8	10	13	14	18	19	20	22	26	44	49	62	63	69	
557	18	20	21	22	24	28	44	53	56	58	60	71	
558	21	23	24	25	34	48	50	50	51	52	53	54	55	55	56	57	59	61	
559	22	44	45	46	46	47	49	49	50	51	
560	10	30	43	44	48	
561	6	8	8	9	10	11	12	13	13	14	15	16	68	
562	12	14	15	16	16	17	18	19	20	21	22	24	69	
563	20	21	22	
565	55	
568	25	
569	23	
575	93	94	
580	49	
581	57	
582	54	
583	47	49	56	
584	42	48	52	53	78	79	80	83	84	86	90	94	
585	16	18	42	46	47	63	67	70	80	81	84	
586	16	19	43	46	68	71	78	79	80	82	84	
587	11	13	13	15	17	19	20	43	68	71	79	
588	11	15	17	20	21	22	24	44	62	
589	15	20	22	23	24	25	27	45	
590	22	24	
591	53	55	56	57	
592	48	50	51	52	53	54	55	58	60	
593	46	48	49	50	51	87	
594	9	45	67	
595	6	8	10	11	11	12	14	15	16	19	
596	16	17	18	19	20	21	22	23	25	
597	22	
615	53	55	56	57	
616	48	50	51	52	54	55	
617	32	41	43	44	45	46	48	49	50	61	67	
618	14	35	45	61	67	79	
619	13	17	19	20	24	44	48	79	
620	14	20	22	24	44	
621	15	21	23	23	25	
622	22	24	
624	57	
625	52	56	57	61	
626	46	47	50	51	52	53	54	55	61	
627	49	80	82	86	90	94	
628	7	10	11	13	14	80	
629	12	14	15	16	17	19	19	21	24	26	72	
630	18	21	22	23	24	
650	51	54	62	
651	45	50	
652	5	
653	22	25	
654	23	24	
658	57	
659	50	51	52	55	57	60	
660	47	49	50	51	87	93	
661	8	10	45	67	79	82	
662	11	11	12	14	15	16	18	19	28	
663	13	15	17	19	20	21	22	24	
664	22	
692	58	58	
693	46	49	50	51	54	55	
694	33	40	43	45	47	48	50	103	
695	10	12	69	
696	12	13	15	17	20	21	24	28	
697	21	22	25	
726	52	55	59	
727	50	59	
728	44	
729	3	6	13	15	24	
730	24	
1157	89	
1168	9	
1173	33	
1174	93	
1212	6	
1213	10	
1235	33	
1236	18	
1242	11	
1270	53	
1277	29	
1279	91	
1280	8	
1289	100	
1298	18	
1304	26	
1305	53	
1318	28	
1336	38	
1339	17	48	
1340	40	45	54	67	
1341	46	50	
1342	45	49	57	
1343	46	
1346	20	
1347	89	
1352	30	
1360	75	
1368	21	37	
1369	18	
1372	11	15	16	40	
1373	17	23	42	47	53	67	70	
1374	8	16	18	18	20	22	26	37	39	45	46	48	50	57	58	68	
1375	21	23	26	29	34	42	43	46	47	50	56	
1376	23	36	42	44	46	47	49	69	101	
1377	46	51	66	
1378	48	65	
1379	1	67	
1380	29	
1384	6	
1386	5	
1404	8	13	
1405	14	17	19	
1406	7	11	13	17	19	21	26	
1407	7	12	15	16	18	19	20	22	24	60	
1408	18	19	20	21	23	26	45	52	55	56	57	58	61	92	
1409	20	22	24	44	47	48	49	51	54	56	57	60	93	
1410	22	24	27	33	38	42	43	44	47	48	48	49	51	53	56	59	67	
1411	27	42	43	45	46	46	48	49	51	
1412	43	44	46	48	50	
1417	27	
1418	29	
1422	71	
1429	20	
1433	5	
1435	21	
1437	14	
1438	10	14	
1439	7	10	12	14	16	24	
1440	7	10	13	14	15	17	24	88	91	
1441	25	82	87	90	91	94	97	
1442	85	86	87	88	89	90	92	95	
1443	52	58	82	85	86	88	88	89	91	96	
1444	51	52	54	55	56	57	60	86	87	89	90	95	97	
1445	30	45	47	48	49	50	51	52	54	57	59	64	92	
1446	25	40	43	44	45	46	47	48	49	50	
1447	44	47	49	55	
1449	27	
1458	11	
1460	8	
1472	4	12	14	
1473	6	11	
1474	13	81	84	87	91	96	
1475	80	81	83	83	85	88	90	98	
1476	12	79	80	81	83	84	86	88	91	
1477	9	12	13	78	79	80	81	83	83	85	97	
1478	7	10	12	14	15	52	55	56	57	78	80	82	83	84	85	87	89	94	
1479	16	19	36	47	48	51	51	53	53	54	55	56	57	59	61	83	85	87	88	90	
1480	18	43	44	45	46	47	49	49	50	54	59	
1481	42	44	46	49	60	
1482	50	53	
1483	41	
1488	55	
1491	47	
1507	12	
1508	81	86	
1509	78	80	
1510	79	81	
1511	10	14	79	82	90	96	
1512	6	8	10	11	14	15	57	80	83	86	
1513	12	13	14	15	16	17	19	20	53	56	57	59	62	80	81	85	98	
1514	17	18	19	20	40	46	47	47	49	50	51	53	54	55	56	59	
1515	38	43	43	45	46	48	52	56	59	
1516	27	46	49	
1517	44	47	50	
1518	39	44	47	61	
1519	27	29	39	46	
1520	46	49	
1521	42	44	47	
1522	48	
1538	43	
1543	27	
1544	22	26	
1545	10	39	
1546	9	10	13	14	19	24	67	
1547	7	11	12	13	14	15	16	19	20	23	55	57	58	59	62	80	
1548	16	17	18	19	20	21	22	40	47	48	50	52	54	56	57	59	62	
1549	29	37	39	43	43	44	45	46	47	49	49	51	53	56	60	
1550	30	34	38	42	44	46	47	49	54	56	59	69	
1551	20	37	42	45	46	48	49	58	59	
1552	18	20	23	36	42	44	46	47	49	55	68	
1553	20	22	23	42	44	46	47	49	53	53	56	58	65	66	
1554	26	33	40	43	44	46	47	48	49	50	56	58	64	66	
1555	23	44	46	49	
1556	54	
1558	9	
1559	11	
1565	42	42	
1572	71	
1575	19	36	
1578	29	37	42	66	
1579	9	13	16	18	24	
1580	5	6	10	11	14	15	17	18	20	
1581	8	11	12	13	14	14	15	16	17	18	19	20	22	25	71	
1582	17	19	20	21	22	25	51	53	55	56	58	60	
1583	45	49	50	53	58	88	
1584	24	44	49	50	54	62	64	
1585	24	51	55	58	
1586	22	24	51	55	58	61	65	92	
1587	16	22	23	25	33	52	55	56	57	58	59	92	
1588	20	22	23	26	42	44	46	47	48	49	50	51	52	54	55	57	60	
1589	22	42	44	45	46	47	49	50	60	
1590	45	51	
1594	64	64	65	65	
1600	49	
1605	41	
1608	36	
1609	19	25	45	48	64	
1610	16	19	36	40	45	47	66	70	
1611	14	16	19	21	45	64	
1612	14	17	19	21	24	26	38	40	43	47	
1613	8	12	15	16	17	18	20	21	24	26	44	65	71	
1614	10	11	13	14	15	16	17	18	20	21	23	23	25	26	30	43	69	
1615	8	13	15	21	22	23	25	
1616	22	24	92	
1617	82	86	87	89	90	91	94	97	
1618	82	87	88	89	90	91	95	97	
1619	82	83	85	86	87	88	90	92	95	
1620	14	85	86	88	89	91	94	97	
1621	16	56	57	62	82	86	90	92	96	
1622	17	50	50	51	52	54	55	57	58	93	
1623	45	48	49	50	53	53	91	
1624	45	49	
1630	60	
1639	42	
1640	35	37	41	
1641	24	46	49	
1642	13	17	19	38	43	46	71	
1643	15	17	18	20	25	27	42	43	47	70	
1644	13	16	19	20	21	24	30	43	44	70	
1645	3	13	18	20	22	24	45	51	65	66	67	69	
1646	13	15	20	21	23	23	92	
1647	11	14	21	22	24	
1648	17	20	22	24	56	
1649	25	46	48	50	51	52	
1650	11	49	87	88	90	92	95	
1651	77	80	81	82	83	83	84	86	88	90	94	
1652	77	79	80	81	83	85	86	89	92	94	
1653	77	79	79	80	81	83	84	90	94	98	
1654	7	8	10	13	19	79	79	80	81	83	85	88	94	
1655	12	53	55	79	80	82	87	88	
1656	50	51	54	55	56	59	80	82	86	87	88	90	92	96	
1657	53	53	77	82	84	85	86	89	91	93	
1658	82	91	
1664	67	
1670	78	
1672	19	
1673	10	40	
1674	11	14	16	18	19	21	42	46	69	
1675	11	14	16	17	18	20	69	
1676	12	15	19	21	23	23	26	43	64	
1677	12	14	15	20	22	24	26	65	83	
1678	23	24	91	
1679	24	65	87	88	89	91	96	
1680	82	86	87	88	89	91	94	98	
1681	7	11	13	14	57	81	82	84	86	87	89	91	93	98	
1682	15	16	51	52	52	54	55	56	60	86	91	
1683	46	47	49	50	51	52	53	55	56	60	92	
1684	45	49	51	77	79	80	81	83	83	84	86	88	88	90	96	100	
1685	78	80	82	85	92	
1686	78	80	83	
1687	14	79	92	
1688	8	11	14	79	83	
1689	81	86	90	94	
1690	80	81	82	83	85	87	88	90	95	
1691	30	78	79	80	81	83	85	87	88	95	
1692	28	28	91	
1696	80	
1703	18	
1705	20	27	
1706	13	14	17	18	20	40	44	66	70	
1707	11	14	17	19	21	27	44	
1708	7	11	12	15	15	18	18	19	21	70	
1709	21	22	24	
1710	23	83	87	89	91	
1711	17	83	85	86	87	88	89	91	94	97	
1712	82	83	86	87	89	90	93	94	
1713	77	80	81	83	83	85	86	89	94	
1714	82	83	85	89	
1715	5	8	8	10	11	13	14	15	15	16	56	58	79	80	82	84	97	
1716	6	12	15	16	17	18	20	26	48	52	53	53	54	55	56	70	80	86	100	
1717	46	49	50	51	54	85	87	91	96	
1718	49	78	79	81	83	84	87	91	97	
1719	79	
1721	82	
1722	13	88	
1723	2	80	85	
1724	57	79	80	84	
1725	80	
1726	85	
1727	54	
1728	16	16	17	
1736	28	
1737	4	12	
1739	13	13	15	16	20	
1740	12	15	17	19	20	25	
1741	7	12	21	22	24	91	
1742	24	87	89	91	97	
1743	54	82	83	85	86	89	91	96	
1744	20	78	81	82	84	85	88	90	94	99	
1745	79	81	82	84	87	89	96	
1746	78	79	80	81	84	88	
1747	78	80	
1748	10	16	79	83	84	88	100	
1749	5	8	9	10	11	13	13	14	17	19	58	69	78	
1750	1	15	17	18	20	22	47	51	53	53	55	62	70	79	
1751	22	49	51	54	80	82	84	86	87	88	91	94	98	
1752	50	80	86	
1753	86	96	
1754	87	
1755	91	
1756	4	
1757	85	
1758	82	85	91	
1769	41	
1772	8	12	14	
1773	11	12	15	23	
1774	25	86	89	92	96	
1775	78	82	86	88	91	94	
1776	77	81	83	84	86	89	92	98	
1777	78	80	81	84	88	96	
1778	79	80	84	88	
1779	79	80	84	
1780	80	86	93	
1781	80	88	
1782	3	8	10	12	14	
1783	5	8	13	15	16	17	19	26	52	53	57	59	
1784	18	20	21	23	23	47	50	52	55	91	
1785	49	55	79	80	81	83	84	85	89	93	96	
1786	82	84	
1787	83	
1788	88	
1793	97	
1806	12	
1807	5	
1808	80	83	84	86	88	
1809	79	81	84	89	
1810	78	80	88	
1811	79	82	84	92	
1812	80	85	
1813	86	
1814	8	95	
1815	10	14	91	
1816	7	10	12	13	14	16	19	58	
1817	4	12	15	17	20	21	23	51	52	54	
1818	52	53	85	87	88	90	95	
1819	17	78	81	85	89	
1820	99	
1828	16	
1842	79	
1843	80	90	
1844	83	
1845	44	
1848	19	
1849	9	12	15	
1850	12	15	20	52	
1851	2	51	54	86	90	
1852	55	80	82	84	85	89	93	97	
1853	79	86	
1854	82	
1870	80	
1874	9	
1876	72	84	
1879	62	
1882	8	
1883	12	
1885	81	85	87	89	101	
1886	79	82	84	88	
1887	51	84	
1888	91	
1894	6	
1901	1	
1914	17	61	
1915	31	
1919	81	83	
1921	83	
1928	7	
1959	38	
1980	30	
1982	22	
1986	89	
1988	92	
1993	86	
2007	28	
2008	11	
2012	55	
2014	61	
2056	9	
2076	96	
2078	76	
2106	11	
2140	97	
2144	18	
2146	23	
2160	16	
2181	9	31	
2188	11	
2190	11	
2205	23	
2217	9	
2218	12	
2219	10	
2227	5	
2238	25	
2256	7	
