214	92	
216	92	
217	91	
218	12	87	92	
243	56	
245	92	96	
246	86	88	90	92	94	97	
247	83	84	87	88	88	90	91	94	96	
248	82	85	86	87	89	90	92	93	95	98	
249	81	83	85	87	88	88	89	91	93	96	98	
250	77	82	83	85	86	87	88	89	90	92	94	96	
251	8	78	82	85	87	88	88	89	90	92	93	95	97	
252	82	85	86	87	88	90	91	94	96	
253	87	88	89	91	92	96	
254	18	88	92	
277	38	52	56	58	
278	46	47	49	51	56	
279	46	47	49	82	85	88	
280	40	43	46	78	81	82	84	86	90	
281	47	76	78	80	81	84	85	87	100	
282	18	37	42	43	47	49	57	77	79	80	81	84	85	
283	46	56	77	78	78	80	81	82	84	85	89	98	
284	42	43	46	47	49	76	77	79	80	81	84	85	88	98	
285	12	13	46	47	77	79	80	84	85	
286	7	10	14	46	77	79	81	82	83	84	85	87	88	93	
287	7	8	11	15	77	80	81	83	84	85	86	88	89	91	94	97	
288	13	15	16	21	82	85	86	88	89	91	94	97	
289	16	18	87	92	
311	53	55	59	
312	50	51	54	56	58	58	62	
313	31	42	44	48	49	51	54	55	56	58	59	63	66	70	
314	20	29	34	42	44	47	49	50	54	56	61	70	
315	21	45	46	48	49	51	55	58	61	65	67	69	72	80	83	
316	20	21	33	42	44	45	48	49	52	57	59	65	71	78	
317	19	21	23	26	42	45	47	49	52	56	58	59	64	69	71	
318	20	22	23	28	32	33	43	45	47	49	50	52	55	56	57	59	61	63	69	79	
319	3	21	42	45	47	48	48	49	50	56	57	58	60	69	71	79	
320	9	21	27	32	39	42	43	44	45	46	47	49	50	68	71	78	80	83	
321	6	9	11	13	15	44	46	48	70	78	80	84	
322	7	10	12	14	15	18	77	79	81	83	84	85	86	89	95	
323	12	16	19	83	85	86	88	89	90	93	96	
324	17	
348	24	53	64	
349	24	55	
350	25	65	
351	23	23	64	
352	24	54	62	65	
353	24	51	52	53	55	56	58	58	60	
354	36	45	48	50	50	51	53	53	54	56	56	59	65	
355	33	44	45	46	47	49	49	50	71	78	
356	9	10	12	14	43	46	48	70	79	81	
357	2	7	10	12	13	14	15	15	18	77	79	80	82	84	85	90	97	
358	16	17	17	20	83	87	92	
359	18	
387	55	63	
388	52	54	55	56	57	57	59	61	
389	35	47	49	50	51	52	53	54	58	65	
390	5	43	44	45	47	47	48	49	49	70	
391	4	8	9	11	12	14	15	68	79	83	
392	11	13	15	16	19	21	80	82	86	87	89	97	99	
393	17	18	22	
422	57	58	
423	34	52	52	53	54	55	55	56	57	60	
424	46	47	48	50	51	52	54	
425	5	6	9	10	14	44	49	71	
426	7	11	12	13	14	15	78	79	81	85	87	90	93	
427	16	17	19	21	88	
433	93	
457	52	52	55	56	57	58	58	60	
458	48	50	51	52	53	
459	9	13	45	49	
460	4	7	9	11	12	13	14	15	19	86	91	
461	15	17	18	22	81	85	87	88	90	92	94	96	
462	87	88	90	91	93	96	
463	87	88	91	92	95	
464	86	87	90	91	94	97	
465	86	87	88	89	91	92	94	97	
466	83	86	87	90	91	93	95	97	
467	87	90	91	96	
473	80	81	82	
490	87	92	97	
491	52	56	57	90	92	98	
492	50	51	53	54	87	88	91	94	97	
493	10	88	91	92	94	97	
494	4	6	10	12	14	15	82	83	87	89	98	
495	10	14	46	76	77	79	81	83	83	84	85	87	88	90	94	
496	46	77	78	81	82	85	86	87	89	90	92	94	97	99	
497	37	76	78	79	81	82	83	83	84	85	86	89	90	91	94	95	98	
498	77	80	81	82	84	85	86	87	88	90	93	95	
499	78	80	81	82	84	85	85	87	89	93	96	
500	10	16	37	46	77	78	79	80	81	82	84	85	86	88	90	95	
501	10	12	15	17	20	77	78	81	82	83	84	85	87	88	89	93	103	
502	13	15	17	19	83	86	87	88	90	93	
503	17	
507	87	88	
521	56	58	87	92	
522	87	90	91	96	
523	87	88	89	90	92	94	97	
524	82	85	86	87	89	90	91	94	96	
525	58	78	81	83	85	85	86	87	88	89	91	92	94	97	
526	42	48	51	54	77	80	82	83	84	85	86	87	89	90	93	94	97	
527	16	41	46	66	78	80	81	85	86	89	95	
528	9	15	16	17	19	37	41	45	47	50	57	59	66	80	
529	17	18	19	20	22	27	42	43	45	46	47	48	50	56	57	59	69	70	79	81	84	
530	18	18	20	21	27	29	34	42	45	47	48	48	49	50	51	56	59	68	68	70	77	79	81	83	
531	18	19	21	22	37	39	43	44	45	46	47	49	50	57	58	63	68	69	71	76	79	80	84	99	
532	19	20	21	28	35	43	44	45	47	49	50	56	58	61	70	71	77	78	80	81	83	
533	13	17	19	20	21	22	27	35	41	45	45	48	49	50	57	58	67	68	70	72	79	80	83	
534	8	19	20	21	27	42	44	45	49	70	72	76	79	80	83	
535	8	11	13	15	18	19	20	21	45	49	67	68	70	79	84	
536	12	13	14	15	19	21	22	29	43	79	81	100	
537	19	21	
552	56	
553	47	50	53	
554	46	87	89	91	94	96	
555	54	55	82	85	86	87	88	89	91	93	95	98	98	
556	57	77	80	82	85	86	87	88	89	93	
557	17	41	46	48	50	57	60	77	81	82	84	85	86	89	
558	27	38	42	44	46	47	49	53	56	58	60	77	81	82	83	85	88	
559	16	18	19	26	38	42	44	47	49	51	57	60	67	68	77	79	80	81	84	
560	17	18	18	19	20	27	28	42	44	45	46	47	48	49	66	69	71	78	79	80	84	
561	8	10	12	14	18	19	20	28	44	46	49	60	63	67	68	69	72	80	83	
562	13	15	16	20	20	21	23	24	29	44	51	61	64	70	
563	19	21	22	22	24	35	52	61	65	70	
564	21	23	24	45	49	51	60	64	69	
565	21	23	24	25	50	60	65	72	
566	22	23	25	26	50	63	65	
567	22	23	24	
568	21	23	24	55	64	
569	25	63	
570	23	23	
571	20	
585	57	
586	52	55	57	58	59	
587	32	43	48	49	50	52	53	56	68	
588	42	44	46	47	49	50	56	60	68	77	80	82	83	
589	19	26	43	44	46	48	48	57	60	67	78	79	80	81	83	85	
590	17	19	20	21	40	45	47	57	60	69	72	79	80	83	
591	19	20	22	28	28	43	44	47	49	55	62	64	69	72	78	80	84	
592	15	21	22	61	65	69	78	
593	21	22	23	33	45	49	54	62	64	69	
594	20	22	23	24	51	
595	12	20	22	23	25	
596	22	23	25	73	
597	24	
620	34	52	55	60	
621	35	52	54	61	
622	50	65	
623	24	30	63	78	
624	22	23	25	64	72	
625	22	23	24	
626	24	
627	22	24	
628	24	
652	90	
656	74	
1163	53	
1190	70	
1237	47	66	
1238	59	
1247	12	
1249	5	
1271	96	
1272	56	
1276	45	
1296	25	
1303	25	
1307	47	
1335	46	
1337	47	
1341	48	
1350	103	
1352	1	
1353	69	
1367	26	38	46	
1368	16	37	
1369	48	49	57	66	
1370	24	29	38	41	45	48	67	
1371	59	
1372	45	46	48	58	71	
1373	15	41	43	46	49	70	
1374	46	56	70	
1375	46	52	55	
1380	20	
1398	16	
1399	16	
1400	16	18	
1401	16	19	22	67	
1402	12	16	19	21	42	44	67	
1403	18	19	20	22	26	43	45	49	58	59	72	
1404	18	20	22	23	45	48	48	52	54	57	62	67	70	
1405	19	21	24	28	33	42	43	45	50	56	61	67	71	
1406	21	23	26	44	48	48	50	55	57	59	62	71	
1407	21	35	42	44	47	49	51	55	56	57	61	69	
1408	21	23	26	40	44	46	47	49	51	57	60	69	
1409	22	26	26	43	47	49	66	69	
1410	44	46	48	
1413	67	
1416	7	
1420	89	
1434	11	14	20	
1435	6	11	14	16	17	19	22	25	
1436	17	20	22	24	
1437	22	65	
1438	22	23	24	93	
1439	24	93	
1440	24	55	65	93	
1441	16	24	51	54	60	64	
1442	23	29	35	52	53	55	56	58	59	60	63	82	
1443	23	42	44	45	47	48	49	50	51	53	55	57	67	70	
1444	41	44	45	46	47	48	48	49	
1445	45	46	72	
1446	50	55	
1451	11	23	
1455	61	
1467	5	12	16	19	
1468	5	10	13	14	19	
1469	6	9	12	91	
1470	15	86	88	89	91	94	97	
1471	83	86	87	89	90	91	94	96	
1472	83	86	87	90	92	95	
1473	9	83	85	86	87	88	89	91	94	96	
1474	10	82	85	86	88	88	90	91	94	98	100	
1475	82	86	87	90	91	94	96	
1476	55	58	87	88	90	92	94	96	
1477	17	51	52	53	54	55	56	58	59	61	87	90	93	97	
1478	41	45	50	51	52	53	55	56	61	73	
1479	42	44	45	46	46	48	49	51	57	71	
1480	8	46	48	71	
1481	41	
1484	38	
1486	65	
1490	7	
1502	5	27	
1503	92	
1504	8	77	81	83	84	86	
1505	75	77	79	80	82	84	86	89	94	
1506	76	79	81	84	85	90	98	
1507	76	78	78	79	81	84	85	89	
1508	16	77	79	82	83	85	
1509	13	76	78	79	80	82	83	85	91	95	
1510	7	10	12	14	77	80	81	83	83	84	86	88	90	
1511	8	12	15	17	53	55	63	78	81	82	85	86	87	89	91	96	
1512	16	17	53	54	55	56	57	58	59	62	91	
1513	44	45	46	47	50	51	54	56	
1514	43	47	49	51	54	69	
1515	67	
1516	58	
1517	45	
1519	8	
1520	34	
1527	67	
1536	15	
1537	84	
1538	80	102	
1539	79	
1540	78	83	90	
1541	84	
1542	93	
1543	14	88	
1544	14	78	80	88	94	100	
1545	1	8	9	10	12	13	14	18	78	79	83	84	85	
1546	16	53	54	56	57	60	81	83	85	86	88	88	90	94	98	
1547	16	18	42	52	54	56	58	59	
1548	44	45	47	48	48	50	51	55	71	
1549	32	43	50	70	
1550	23	
1553	67	
1555	46	
1562	101	
1569	93	103	
1571	98	
1573	88	
1574	87	
1575	53	
1577	15	17	
1578	15	88	
1579	4	9	14	81	89	96	
1580	7	11	12	14	15	18	19	57	79	80	84	87	94	
1581	16	17	19	21	26	51	52	53	55	56	57	58	87	89	
1582	44	45	46	47	48	49	50	51	54	56	
1583	39	45	46	56	73	
1584	46	55	66	
1585	26	46	51	55	
1586	41	47	
1587	27	29	42	47	59	
1588	47	69	
1589	46	
1591	66	
1592	66	
1593	74	
1599	76	
1606	5	
1607	5	
1610	46	
1612	102	
1613	10	15	40	
1614	3	6	10	11	13	14	15	17	19	22	24	78	83	
1615	15	17	18	19	20	21	35	51	52	54	56	57	58	60	78	84	
1616	15	21	22	29	40	45	46	47	48	50	51	53	53	56	60	66	
1617	42	43	45	46	47	48	49	56	58	67	71	
1618	20	23	34	41	47	48	50	57	58	68	70	
1619	20	27	39	43	44	46	48	49	56	63	72	
1620	21	36	38	43	45	46	50	56	58	64	68	72	
1621	19	22	27	28	42	45	47	48	50	55	56	58	63	67	68	
1622	22	40	44	46	48	48	50	55	58	59	66	71	
1623	42	44	46	48	50	71	
1624	52	71	
1625	48	53	53	56	
1626	53	54	
1628	59	
1642	8	
1643	25	
1644	17	
1645	15	41	46	52	
1646	18	20	40	46	68	
1647	11	14	16	18	19	21	24	27	41	44	48	50	64	
1648	7	9	10	12	14	15	17	19	20	24	41	66	69	
1649	12	13	17	18	19	21	22	23	25	53	57	60	71	
1650	22	27	35	50	51	53	54	57	59	62	
1651	34	49	51	58	59	
1652	22	25	45	49	50	55	61	63	71	
1653	21	22	24	52	54	60	64	71	
1654	23	25	27	51	58	59	62	65	72	
1655	21	23	24	45	51	55	60	71	
1656	22	25	50	52	54	55	58	59	62	71	
1657	23	25	49	50	51	53	56	60	
1658	44	45	50	
1659	44	50	
1663	84	84	85	
1675	13	18	39	
1676	17	18	39	48	68	
1677	16	19	39	45	46	47	63	
1678	12	17	20	23	42	44	46	67	69	
1679	10	15	18	19	21	26	62	67	
1680	13	15	16	17	19	20	22	23	44	66	72	
1681	12	14	18	20	21	24	45	65	70	91	
1682	10	11	14	15	21	23	23	25	28	69	
1683	13	21	22	24	
1684	23	91	92	95	
1685	87	88	89	90	91	95	98	
1686	87	90	92	95	97	
1687	86	87	88	90	91	93	94	95	97	
1688	87	87	91	92	95	96	
1689	86	87	88	89	91	93	95	
1690	86	86	87	89	90	92	94	95	97	
1691	54	87	89	90	91	97	
1692	54	92	96	
1697	90	91	91	
1701	46	
1705	65	
1706	4	
1707	3	
1708	31	
1709	6	13	17	19	24	
1710	15	17	18	19	24	71	
1711	17	21	22	24	64	71	
1712	11	13	20	22	22	24	64	69	
1713	11	13	15	22	23	
1714	25	93	
1715	23	25	87	90	92	96	
1716	87	91	92	94	96	
1717	86	86	87	90	92	93	94	96	98	
1718	78	80	82	83	84	85	86	86	88	88	90	91	94	96	98	
1719	77	78	80	81	83	83	84	85	86	88	90	94	
1720	78	81	82	83	84	85	86	88	90	96	102	
1721	76	77	80	81	82	84	85	86	89	92	
1722	76	78	80	82	84	85	86	87	88	90	95	
1723	75	76	81	82	84	85	86	88	96	
1724	76	78	79	80	81	83	84	85	87	89	
1725	77	79	81	83	85	88	89	92	96	
1726	86	89	
1740	13	
1741	36	37	
1742	11	14	39	
1743	7	10	12	13	14	16	
1744	12	15	17	23	
1745	25	87	88	90	92	95	97	
1746	86	87	90	92	96	
1747	86	87	89	91	94	96	
1748	83	88	89	90	95	
1749	77	78	81	82	85	86	87	88	90	95	98	
1750	76	77	80	81	82	84	85	87	88	90	95	
1751	76	77	77	80	81	82	84	85	86	87	88	94	
1752	77	79	80	82	84	85	87	90	93	
1753	79	82	84	86	89	93	
1754	79	81	83	85	88	
1755	77	79	81	84	88	
1756	79	81	84	89	
1757	80	84	89	
1758	79	
1759	78	82	83	
1760	78	83	90	
1761	85	
1767	95	
1776	12	
1777	8	12	
1778	12	86	90	98	
1779	78	81	83	85	86	87	89	95	
1780	77	81	82	84	85	87	89	94	
1781	77	80	82	83	84	88	90	
1782	79	80	84	86	89	90	90	91	92	99	
1783	79	81	84	87	97	
1784	78	80	82	84	94	
1785	78	80	85	100	
1786	80	85	102	
1787	78	
1788	84	93	
1792	85	
1805	94	
1811	4	
1812	78	83	89	
1813	79	83	84	87	
1814	79	81	83	86	
1815	78	81	
1816	79	83	98	
1817	79	
1819	13	93	
1822	3	88	
1823	93	
1825	93	
1826	30	
1846	79	86	93	
1852	71	
1874	39	
1877	18	
1881	3	
1882	87	
1892	6	41	
1896	26	29	
1901	17	
1922	35	
1939	67	
1940	19	
1941	5	
1947	54	
1961	12	
1977	79	
1987	82	
1995	95	
1996	94	
2000	92	
2017	17	
2031	95	
2032	17	
2045	4	
2047	52	
2053	69	
2078	10	
2090	85	
2093	103	
2094	96	
2099	48	
2100	55	
2112	12	
2114	38	
2123	89	
2130	104	
2133	9	
2148	97	
2162	32	
2232	98	
2234	97	
