118	91	92	96	
119	82	87	88	91	92	93	97	
120	83	86	87	90	91	93	94	
121	17	
150	51	
151	51	87	91	92	93	
152	82	86	87	89	90	92	93	94	96	
153	81	82	83	84	85	86	87	89	90	91	93	94	97	
154	8	10	11	13	15	16	80	81	82	84	85	86	87	89	90	95	99	
155	16	17	17	18	20	
182	56	
183	51	
184	49	51	52	53	90	92	
185	49	81	83	84	86	88	89	90	92	95	
186	80	81	82	83	84	85	87	88	88	90	93	95	
187	7	9	11	13	67	78	79	80	81	82	84	85	88	90	
188	8	10	11	12	12	14	15	16	18	19	80	81	84	
189	16	17	18	19	20	21	28	
190	22	
216	51	53	56	62	
217	50	51	53	55	56	87	89	91	93	97	
218	50	51	81	82	84	86	87	88	89	90	92	94	97	100	
219	80	82	84	85	87	89	90	95	99	
220	78	78	80	81	83	84	85	88	90	
221	8	9	10	14	80	84	89	
222	5	7	9	10	11	12	13	14	15	15	16	17	19	20	69	84	
223	15	16	17	18	19	20	20	21	23	24	27	
249	51	53	54	57	93	
250	51	52	87	91	92	94	
251	49	51	52	54	59	82	85	87	89	90	91	93	95	98	
252	51	78	80	81	82	83	85	86	87	89	91	93	97	
253	78	80	82	83	85	88	91	93	
254	13	80	85	103	
255	4	7	8	9	10	11	14	14	20	65	67	
256	3	6	11	12	12	13	13	14	15	15	16	16	17	18	18	19	20	21	23	26	
257	18	19	20	21	21	22	23	26	
281	56	
282	53	54	56	
283	50	51	52	55	82	86	88	90	92	97	
284	49	51	54	58	82	83	84	85	86	87	88	89	90	92	94	97	98	
285	50	55	79	81	82	83	85	86	88	88	90	92	96	
286	80	81	83	83	84	87	89	95	
287	79	81	85	88	
288	8	13	66	101	
289	4	7	9	10	11	12	13	14	15	15	16	16	17	18	19	
290	7	11	12	14	15	16	17	17	19	19	20	21	22	23	23	27	71	
291	1	18	20	21	22	
315	47	51	53	
316	49	51	52	56	87	88	90	92	95	
317	49	51	54	81	82	84	85	87	88	89	90	92	94	97	
318	50	55	79	80	81	82	83	84	85	86	88	89	91	93	96	
319	78	80	81	84	91	
320	79	86	
322	5	9	10	14	19	
323	4	6	8	9	10	11	12	13	13	14	15	16	16	18	19	20	27	69	
324	16	17	18	19	20	21	21	23	24	
325	21	22	
347	53	
348	47	50	51	55	56	
349	46	49	51	52	54	57	88	91	94	
350	48	51	81	82	83	85	86	88	89	93	96	
351	40	47	48	53	56	77	80	81	82	84	85	87	89	95	
352	16	39	46	48	79	82	84	88	
353	26	39	45	79	
354	38	
355	10	
356	4	9	10	11	13	14	15	18	28	29	65	
357	6	8	11	12	13	13	14	15	15	16	17	18	19	19	20	23	68	
358	16	17	18	19	20	21	22	25	
359	23	
364	93	
365	87	89	91	93	94	
366	16	91	
380	57	
381	48	51	52	53	54	55	56	
382	37	42	46	47	48	49	50	51	52	54	56	57	59	
383	31	37	40	42	44	46	47	48	49	50	57	84	
384	41	44	47	58	66	78	80	83	
385	18	37	38	41	46	56	65	66	79	80	83	
386	16	17	18	19	20	40	42	43	46	47	48	48	50	53	54	56	60	64	79	
387	20	21	23	23	27	36	39	43	43	45	46	47	49	57	69	
388	49	
389	8	
390	5	6	8	9	11	12	14	15	16	18	
391	6	10	11	12	13	14	15	15	16	17	17	18	19	20	20	24	28	69	
392	13	17	20	21	22	23	25	
396	91	
397	87	90	92	93	97	
398	82	85	87	88	89	90	91	93	95	98	102	
399	11	82	83	84	85	86	87	88	90	91	93	95	100	
400	12	16	86	87	89	90	93	94	
401	16	18	
414	53	
415	52	54	55	56	
416	45	48	50	51	52	53	55	57	58	62	
417	31	34	42	43	45	46	47	49	50	54	59	63	
418	40	43	44	45	46	48	56	
419	11	14	19	22	25	27	52	55	56	63	66	
420	20	22	23	24	24	26	34	36	43	43	45	46	47	49	50	51	52	53	53	54	56	57	58	64	
421	22	22	24	25	41	44	45	46	46	47	48	49	50	51	54	
422	43	45	46	49	
423	9	13	44	
424	7	9	11	11	12	14	14	17	18	
425	11	12	13	15	15	16	17	17	18	19	20	21	22	23	27	
426	20	21	22	
429	52	55	91	97	
430	82	87	89	90	92	94	101	
431	81	82	84	85	86	87	89	90	92	93	96	
432	9	79	81	82	83	83	84	85	86	87	89	90	91	95	
433	4	9	11	13	15	81	82	83	83	85	86	88	90	98	
434	7	12	14	15	16	17	19	80	81	82	83	85	86	88	90	99	
435	17	18	18	19	21	70	
439	75	75	76	
450	54	55	
451	54	
452	65	
453	24	52	54	55	56	57	
454	24	47	50	50	51	52	53	53	54	55	56	59	
455	35	37	41	42	44	45	46	46	47	48	49	50	51	52	54	60	
456	44	45	48	
457	8	10	13	
458	5	7	9	11	11	12	13	14	15	15	16	18	19	24	
459	12	15	16	17	18	19	20	21	22	24	69	
460	22	
461	51	
462	51	53	59	88	90	92	
463	50	51	54	82	85	86	87	89	91	92	94	97	
464	52	81	82	84	85	87	88	88	90	91	93	96	98	
465	37	78	79	80	82	83	84	87	89	90	
466	14	79	80	82	84	101	
467	4	8	9	10	14	17	66	79	80	84	86	
468	6	7	9	10	11	12	13	13	14	15	15	16	16	17	18	19	19	69	80	81	83	
469	3	16	17	18	20	20	21	22	25	
487	53	56	57	
488	34	50	51	52	52	54	54	55	57	
489	39	42	45	46	47	47	48	49	50	51	51	53	53	55	
490	41	44	45	47	48	
491	9	11	
492	5	6	8	10	11	12	13	13	14	15	19	25	
493	8	12	16	18	21	22	90	92	
494	56	88	91	93	98	
495	50	52	54	86	87	90	91	92	94	
496	51	52	54	81	83	85	87	88	89	91	92	94	96	98	
497	80	81	82	83	84	86	87	89	90	91	93	95	101	
498	33	38	40	57	67	78	80	81	83	84	85	87	94	
499	16	17	18	19	40	43	43	47	48	49	65	67	78	80	83	
500	10	14	16	17	18	18	19	20	20	26	28	40	44	45	46	64	78	
501	7	9	10	11	14	14	15	17	18	19	20	21	22	24	26	38	40	40	41	43	70	
502	1	7	12	13	14	15	17	19	20	20	21	22	23	25	26	
503	1	21	21	22	25	
521	52	
522	47	48	50	51	52	52	53	54	55	56	57	58	
523	36	41	43	45	46	47	47	48	49	49	50	51	53	55	
524	33	36	40	43	44	45	46	47	49	
525	9	13	
526	4	7	10	12	14	15	23	
527	8	12	15	81	82	84	85	87	88	90	93	95	99	
528	80	81	82	84	85	86	87	89	90	92	96	
529	53	54	80	81	82	84	85	86	87	88	89	91	92	94	96	99	
530	38	79	80	81	83	84	86	87	89	92	94	
531	12	16	18	67	79	80	82	83	84	99	
532	7	10	11	12	14	15	16	16	17	19	19	39	44	68	78	80	
533	10	12	13	15	16	17	17	18	18	19	20	21	22	23	26	33	42	45	47	64	
534	13	14	19	20	21	22	24	27	45	64	
535	10	14	21	22	23	23	24	44	
536	3	21	24	
537	23	
556	51	52	53	53	54	55	57	62	
557	42	44	45	47	48	49	50	51	51	53	54	55	56	59	
558	32	36	41	43	43	44	45	46	47	47	48	49	50	59	
559	30	41	44	45	46	48	48	76	
560	5	
561	80	81	84	88	
562	79	80	81	82	83	84	85	87	89	91	94	99	
563	16	79	80	81	82	83	84	85	89	99	
564	8	42	44	67	78	79	81	85	98	
565	9	10	12	13	15	16	17	18	18	19	20	26	40	64	68	79	
566	11	12	15	16	17	18	19	20	21	21	23	23	25	
567	21	22	22	24	
568	22	23	24	
590	54	55	
591	51	52	53	54	55	57	58	
592	48	49	50	51	52	53	54	55	57	58	88	93	
593	43	45	45	49	50	51	
594	45	48	51	59	92	
595	66	84	92	93	
596	13	42	79	82	84	
597	10	14	16	16	18	19	42	66	69	79	81	84	
598	7	10	11	13	13	14	15	16	17	18	18	19	20	20	23	29	43	64	67	69	
599	11	13	14	15	17	18	20	21	21	22	23	24	26	
600	20	21	22	23	24	25	
625	51	52	53	55	57	86	87	91	92	95	
626	51	52	53	54	55	82	87	88	88	89	90	91	92	96	
627	49	52	54	81	83	85	86	87	89	90	91	93	96	
628	67	82	86	90	97	
629	28	38	67	84	
630	7	9	10	12	13	14	15	16	17	18	19	21	64	
631	9	11	12	14	15	16	17	18	19	20	20	21	24	25	26	68	
632	13	14	15	17	19	20	20	21	22	22	23	23	24	25	27	
633	20	21	22	24	
657	91	93	
658	54	57	86	88	89	91	92	94	
659	52	54	57	81	82	85	86	87	88	89	91	92	94	98	100	
660	36	54	80	82	83	83	84	85	86	88	89	90	92	94	96	
661	79	81	82	84	85	87	89	93	
662	8	16	18	39	68	79	81	84	88	
663	9	11	12	13	14	16	17	17	18	19	20	27	38	43	64	66	
664	7	10	12	14	15	15	16	17	18	18	19	20	20	22	24	70	
665	12	15	19	20	21	22	23	24	27	
666	21	22	23	
689	91	
690	52	54	87	90	91	92	97	
691	52	54	83	86	87	89	90	92	95	97	
692	36	81	82	83	84	85	87	88	89	90	92	94	98	99	
693	80	81	82	84	85	86	89	94	
694	13	16	40	42	66	79	80	81	84	85	
695	9	15	16	17	19	19	27	39	42	64	67	68	80	82	83	
696	7	8	10	11	13	13	14	15	16	17	18	18	19	20	21	22	65	67	70	80	
697	11	14	15	17	19	20	20	21	22	23	24	25	26	43	
698	21	22	23	24	25	
699	21	23	24	
720	98	
721	52	58	
722	50	
723	50	52	54	85	86	88	90	92	94	97	
724	51	54	81	82	83	84	85	86	87	88	89	90	92	93	95	97	101	
725	50	54	77	81	82	84	86	87	89	90	91	94	98	
726	39	43	67	79	81	82	84	86	89	
727	10	14	16	16	17	19	40	67	78	79	84	88	
728	6	9	11	12	13	14	15	16	17	18	19	19	20	21	42	44	68	79	
729	12	14	15	18	19	19	20	21	23	24	27	45	69	
730	6	12	15	20	22	22	23	24	25	28	
731	21	22	24	
732	23	
754	53	56	58	
755	47	48	50	51	52	54	
756	39	43	44	46	47	48	49	51	
757	37	46	49	53	54	82	83	85	95	
758	42	48	51	67	77	79	80	81	82	84	86	88	
759	16	19	39	42	66	68	79	80	81	83	85	88	
760	6	9	11	12	14	16	17	18	19	20	26	39	67	78	80	84	
761	6	10	12	13	14	15	16	18	19	19	20	22	23	24	29	45	
762	7	13	15	17	18	20	20	21	22	23	24	25	68	
763	21	22	24	25	
788	52	53	55	56	57	
789	36	47	48	50	51	52	53	53	54	55	56	61	
790	33	35	41	45	46	47	48	49	49	50	55	58	58	
791	26	30	37	39	41	43	44	46	47	49	54	65	68	79	
792	8	14	19	42	43	45	46	59	64	67	79	
793	9	12	13	15	17	19	20	21	23	26	28	45	64	
794	11	14	15	18	19	20	21	22	23	24	44	65	73	
795	19	21	22	23	24	25	
796	22	23	24	
822	58	
823	51	53	54	55	
824	35	48	49	52	54	61	
825	45	65	
826	24	44	64	
827	21	23	24	
828	21	23	25	
829	25	
1157	14	
1176	12	68	
1181	35	
1209	35	
1230	42	
1231	25	
1235	31	
1238	57	
1240	26	42	
1241	46	
1245	59	
1249	94	
1270	65	
1272	20	
1273	27	29	36	48	
1274	17	22	42	44	46	
1275	17	19	40	47	51	64	68	
1276	23	26	42	44	
1301	45	70	
1306	10	22	24	
1307	12	14	16	17	19	42	57	67	
1308	16	17	18	18	19	21	25	27	35	41	47	50	51	53	55	56	57	63	68	
1309	21	23	24	39	42	44	45	46	47	48	48	50	51	56	
1310	22	43	45	47	49	52	61	
1311	45	
1312	39	
1320	68	
1325	69	
1327	17	
1332	41	
1335	38	
1338	42	
1339	14	29	67	
1340	11	14	15	16	18	20	
1341	8	10	12	13	15	16	17	18	19	20	23	23	35	58	69	
1342	17	19	19	20	21	24	35	45	52	54	56	57	70	
1343	20	22	23	23	25	35	36	39	42	45	46	47	48	49	50	51	52	53	55	
1344	43	45	46	48	49	51	
1345	44	
1347	19	
1351	28	
1357	3	
1372	14	16	19	41	
1373	10	15	16	18	29	38	67	
1374	8	9	11	13	13	15	16	17	19	20	22	23	41	66	
1375	8	11	12	15	16	17	18	19	19	20	21	22	23	25	57	
1376	18	20	21	22	25	50	51	52	53	54	55	57	60	
1377	23	41	43	46	46	47	48	49	50	50	51	53	54	
1378	44	46	48	50	92	
1379	44	
1382	12	32	
1383	59	
1384	8	
1385	19	40	
1392	70	
1405	10	21	
1406	9	12	14	16	19	20	26	37	67	69	
1407	9	11	13	14	15	16	17	18	19	20	22	67	
1408	11	13	14	15	16	17	18	19	20	21	23	24	
1409	20	22	23	23	25	56	57	
1410	22	25	36	47	50	51	51	52	53	54	55	55	56	60	
1411	46	47	48	49	50	50	51	53	
1412	44	48	48	54	82	87	89	90	96	
1413	88	
1418	27	
1427	7	
1431	23	
1433	33	
1434	25	
1436	24	
1437	42	
1438	13	18	
1439	10	15	16	19	22	23	27	39	
1440	7	9	11	13	14	15	16	17	18	19	20	21	23	26	
1441	11	13	15	17	19	20	21	22	23	25	25	44	68	
1442	21	22	24	
1443	23	36	52	53	56	57	
1444	43	46	46	47	48	49	50	51	52	54	55	56	59	
1445	45	46	48	49	50	51	55	59	92	96	
1446	45	51	78	81	84	87	89	93	93	
1448	53	68	
1449	77	
1451	26	
1453	80	
1455	58	
1456	12	
1470	11	
1471	9	15	19	42	
1472	9	12	14	15	16	17	19	21	69	
1473	8	8	11	12	13	14	16	17	18	19	20	22	26	43	45	69	
1474	10	12	14	15	17	18	19	20	21	22	23	68	
1475	20	21	22	23	25	
1476	57	
1477	51	52	54	55	56	57	59	
1478	37	41	43	46	47	48	49	49	50	51	52	53	53	54	57	
1479	45	46	49	50	56	83	86	90	96	
1480	53	79	84	88	92	
1481	51	56	88	88	
1492	68	
1498	42	
1504	10	15	16	
1505	6	9	11	13	14	15	16	18	19	20	24	66	
1506	9	11	13	13	15	16	17	18	18	19	21	23	65	
1507	1	12	14	15	18	19	20	22	24	27	
1508	22	25	93	
1509	23	92	
1510	57	
1511	34	51	52	52	54	55	56	58	60	
1512	41	42	47	47	49	50	51	52	53	54	
1513	44	46	49	50	53	81	87	89	92	95	
1514	78	83	
1516	94	
1517	3	16	
1518	28	37	
1519	17	23	28	46	
1520	18	25	29	40	46	68	
1521	40	45	46	50	
1525	7	
1533	22	
1536	23	
1537	10	
1538	8	10	13	13	
1539	9	11	12	14	14	16	18	21	24	
1540	5	6	11	13	15	22	24	88	90	92	
1541	23	87	91	92	97	
1542	82	86	88	89	90	91	94	96	
1543	6	12	15	16	82	83	85	86	87	88	89	90	92	93	97	98	
1544	16	19	56	57	83	86	88	90	94	
1545	33	47	50	51	51	52	53	53	54	55	55	57	
1546	45	46	47	48	49	50	51	55	
1547	44	48	49	51	54	57	78	86	88	90	92	96	
1548	91	
1551	42	
1552	16	20	28	40	47	68	
1553	11	16	17	18	20	23	36	39	57	
1554	17	20	21	23	30	34	36	40	43	43	46	47	48	50	52	54	56	58	60	66	
1555	21	23	26	42	44	47	48	50	52	
1556	27	38	44	48	69	
1557	59	
1565	13	
1569	74	
1570	30	
1571	9	
1572	4	11	
1573	5	7	10	13	14	
1574	8	12	15	81	82	85	86	90	94	
1575	82	83	84	85	86	87	88	89	90	93	93	96	
1576	10	80	81	82	83	84	86	88	89	93	99	
1577	7	9	12	13	13	14	46	78	79	80	81	82	84	85	88	90	
1578	7	11	12	14	15	17	18	19	22	52	56	57	81	82	83	84	85	88	90	94	100	
1579	17	20	35	48	50	51	51	52	53	54	55	56	
1580	43	46	48	49	50	51	52	55	
1581	43	46	51	77	79	84	87	90	
1582	86	88	
1584	39	
1585	10	14	16	18	19	26	39	
1586	12	14	16	17	18	19	21	40	47	67	68	
1587	12	14	16	17	18	19	20	22	27	45	57	65	
1588	13	17	18	19	20	21	23	24	26	38	43	44	47	48	49	50	51	52	53	55	56	58	59	69	
1589	20	22	23	42	43	44	45	46	47	47	49	49	51	53	60	
1590	41	44	45	47	48	49	51	
1592	8	65	
1593	54	
1594	72	
1606	6	9	
1607	10	85	93	
1608	3	5	80	82	84	89	
1609	79	80	81	83	84	85	86	89	
1610	8	78	79	80	83	84	86	94	
1611	9	10	12	13	14	15	16	19	80	
1612	6	8	11	12	14	15	15	16	17	18	19	21	29	52	54	55	56	57	81	
1613	17	20	21	23	40	42	47	47	49	50	50	51	53	54	56	60	
1614	42	44	45	46	48	50	51	54	60	89	98	
1615	46	49	83	
1616	40	
1617	15	67	
1618	10	14	17	19	24	39	45	
1619	7	10	12	14	17	18	18	19	21	23	26	39	65	
1620	6	11	13	14	15	16	17	19	21	22	24	69	
1621	20	21	22	24	25	57	
1622	22	24	51	52	52	55	56	57	
1623	47	49	50	50	51	52	53	55	61	92	
1624	44	45	47	49	50	88	93	97	
1629	15	
1634	19	
1636	32	
1642	85	88	
1643	80	85	90	
1644	8	14	86	
1645	5	9	11	12	14	15	18	
1646	6	8	11	13	14	15	15	16	17	19	19	20	22	23	28	53	55	57	
1647	17	18	19	20	22	26	35	37	43	47	48	49	50	51	51	52	53	55	58	60	
1648	29	35	41	44	45	46	47	48	48	49	51	99	
1649	39	44	46	
1650	10	39	45	
1651	9	12	14	15	17	18	19	22	24	39	69	
1652	10	12	14	15	16	17	19	20	21	23	27	45	65	67	69	
1653	6	11	12	14	15	18	19	19	20	22	23	24	44	
1654	22	23	25	
1655	87	90	92	93	96	
1656	14	51	52	53	53	55	83	86	87	88	89	90	91	93	94	96	
1657	41	42	42	49	51	51	55	58	85	86	87	88	90	91	92	93	96	
1658	45	80	82	83	85	87	89	91	95	
1659	82	
1664	58	
1667	3	
1678	12	23	95	
1679	5	8	8	10	12	14	15	16	92	
1680	6	9	10	11	12	13	14	15	16	19	22	52	53	55	55	86	89	92	93	
1681	16	18	20	22	47	49	50	51	53	54	55	56	58	85	87	90	92	94	
1682	18	33	34	36	40	42	44	45	47	48	48	49	51	53	55	58	92	
1683	40	44	45	47	58	64	75	
1684	12	13	24	28	38	42	43	45	46	63	66	
1685	10	14	15	18	18	20	21	24	65	
1686	12	15	19	20	21	23	23	25	26	68	
1687	24	25	50	51	54	
1688	52	87	88	91	92	96	
1689	82	83	84	85	87	88	89	95	99	
1690	78	80	81	82	83	84	85	86	89	90	97	98	
1691	78	79	80	80	82	83	84	85	87	89	92	94	
1692	78	80	82	84	86	88	92	95	100	
1693	82	
1706	38	
1709	40	
1711	19	54	55	
1712	8	
1713	5	9	12	14	
1714	7	9	11	13	14	17	19	82	84	89	
1715	6	10	13	15	16	35	54	81	82	84	85	86	88	90	94	97	98	
1716	16	18	19	53	54	85	88	89	99	
1717	18	21	25	45	65	
1718	8	15	15	25	
1719	4	22	23	24	
1720	50	51	52	53	55	61	88	92	
1721	50	51	54	83	86	87	89	90	91	92	93	96	
1722	81	82	84	85	86	87	89	90	91	93	96	
1723	79	80	81	82	84	85	88	88	92	96	
1724	79	80	83	85	88	
1725	79	80	84	89	98	
1726	86	
1744	63	
1748	5	7	8	12	13	18	18	21	40	81	88	
1749	6	8	9	11	12	13	14	17	18	20	79	80	81	83	
1750	6	11	12	13	14	15	16	17	19	20	21	68	80	83	99	
1751	18	20	21	23	27	
1752	52	
1753	50	52	54	87	91	92	98	
1754	53	55	86	87	89	89	90	92	94	96	
1755	78	80	81	82	84	85	86	88	88	89	92	95	101	
1756	79	80	81	83	85	88	90	95	101	
1757	78	81	85	
1758	82	87	
1760	85	
1773	49	
1774	74	84	
1776	21	
1780	19	39	43	46	
1781	5	8	10	15	17	22	24	40	66	
1782	10	13	14	15	16	18	18	20	26	66	
1783	4	6	10	12	14	15	17	18	18	19	21	23	
1784	13	15	17	19	20	21	23	24	27	57	69	
1785	21	23	51	52	58	
1786	49	50	52	55	87	88	90	91	92	94	97	
1787	51	54	81	82	84	86	87	88	89	91	92	94	97	
1788	15	80	81	82	84	85	86	88	88	90	92	97	
1789	79	80	82	83	86	91	
1790	78	81	83	
1812	20	27	
1813	14	17	19	38	40	44	
1814	11	13	15	17	19	21	24	67	
1815	10	13	15	17	18	18	19	20	22	24	44	67	
1816	11	14	15	17	18	19	20	21	22	24	28	31	44	97	98	
1817	15	21	22	23	24	25	57	
1818	22	24	53	54	92	
1819	50	52	55	83	86	87	88	89	90	91	94	95	98	
1820	52	55	81	82	85	86	87	89	90	91	93	95	100	
1821	78	78	79	80	81	82	83	84	86	88	91	95	
1822	78	80	84	86	91	
1823	79	
1825	3	
1828	20	
1834	89	
1844	17	25	39	
1845	16	38	40	46	66	
1846	12	14	17	18	20	
1847	7	9	12	13	15	16	19	20	68	69	
1848	11	14	15	16	17	18	19	20	21	23	24	43	
1849	12	15	18	20	21	22	23	25	
1850	22	24	53	
1851	52	56	60	86	87	89	90	91	92	95	97	
1852	51	54	82	86	87	88	89	90	91	92	93	94	98	
1853	55	80	81	82	83	84	85	86	88	89	89	91	93	97	
1854	77	79	80	81	82	83	84	86	89	92	95	
1855	80	83	84	89	
1856	84	
1861	2	
1869	79	
1876	18	
1878	11	14	17	19	66	
1879	11	14	16	17	17	19	20	25	68	
1880	9	12	13	15	16	18	19	20	21	25	26	44	64	67	
1881	11	13	15	18	19	20	21	23	24	25	26	
1882	21	22	23	24	25	26	53	57	
1883	23	91	92	
1884	52	53	83	87	88	90	91	92	93	95	97	
1885	81	81	82	84	85	86	88	88	90	94	
1886	76	79	80	81	81	83	83	84	85	87	89	91	94	
1887	79	80	82	84	86	97	
1888	79	84	
1889	56	
1891	10	
1896	75	
1904	102	
1908	15	
1909	40	
1912	8	8	10	11	12	13	14	15	16	19	25	
1913	11	12	13	14	15	16	17	19	20	21	25	65	70	
1914	18	22	23	23	
1915	22	24	53	88	
1916	51	53	87	88	90	91	92	97	
1917	85	86	87	89	90	92	93	95	99	
1918	55	77	80	81	82	84	85	86	89	90	93	97	
1919	79	81	82	83	85	88	89	94	
1920	78	80	81	87	90	
1921	80	85	
1922	83	
1924	71	
1930	60	
1932	43	
1939	83	
1940	59	
1944	39	75	
1945	10	
1946	7	9	11	12	13	14	17	
1947	8	12	82	90	97	
1948	82	83	86	87	87	89	90	91	93	93	95	97	
1949	54	83	85	86	87	88	89	90	91	94	96	101	
1950	54	81	81	82	84	85	86	88	89	91	94	98	99	
1951	77	78	79	80	81	83	83	85	86	89	95	98	
1952	79	80	82	83	85	89	97	
1953	79	82	84	
1954	6	85	
1962	20	
1964	30	
1967	73	
1977	24	89	
1979	11	13	79	
1980	9	
1981	81	84	86	89	93	
1982	80	81	82	83	83	84	85	86	88	91	
1983	79	80	81	83	84	85	87	92	97	99	
1984	78	79	80	81	84	90	
1985	79	86	89	97	
1986	89	
1987	100	
1988	83	
2007	13	
2015	84	97	
2016	79	81	85	89	
2017	79	82	85	
2018	78	84	90	
2024	57	
2047	5	
2058	96	
2083	32	
2114	10	
2115	39	
2118	94	
2130	87	
2147	29	
2148	14	
2177	20	
2179	7	
2214	10	
2254	9	
2262	13	13	
