48	58	
118	85	
145	35	
218	10	
250	93	
251	91	92	95	
252	87	90	91	93	97	
253	87	90	91	93	97	
254	87	90	91	92	95	
255	85	87	90	92	94	
256	16	
282	91	92	
283	88	90	92	93	96	
284	82	85	87	88	88	90	91	92	94	98	98	
285	81	83	85	86	87	88	89	91	94	95	99	
286	83	84	85	86	87	88	89	91	94	
287	82	83	84	85	86	89	90	95	
288	10	82	83	85	85	87	88	90	93	95	98	
289	7	10	11	13	14	81	82	83	83	84	85	87	89	91	94	98	
290	13	16	17	18	19	21	23	87	90	
314	47	50	
315	86	90	91	93	96	
316	39	46	68	82	85	86	89	90	99	
317	17	37	41	47	51	53	57	82	83	84	85	89	
318	16	42	46	49	56	67	81	82	84	85	86	89	
319	11	17	18	20	41	44	46	48	57	59	66	81	82	84	
320	19	20	26	41	43	44	46	48	48	50	56	59	80	81	82	84	85	
321	21	27	40	44	45	46	47	48	49	68	80	82	84	
322	8	43	46	81	84	
323	7	9	10	11	13	13	14	15	18	81	82	85	100	
324	16	17	18	19	20	22	86	
325	22	
346	57	
347	51	54	55	56	
348	32	44	46	48	49	53	53	57	
349	38	44	48	57	66	81	84	89	
350	16	20	27	42	43	55	81	83	
351	18	19	20	30	42	45	49	54	62	65	73	79	
352	12	19	21	22	24	35	45	69	83	
353	13	20	22	24	53	54	57	
354	21	23	24	49	51	52	54	55	56	58	59	
355	23	24	42	44	47	48	48	49	50	51	53	
356	30	44	46	49	66	
357	4	7	9	10	11	12	14	14	
358	12	13	15	16	16	17	19	20	21	25	
359	18	23	
380	57	
381	52	54	
382	32	49	64	
383	14	44	48	
384	24	
385	22	23	25	
386	24	
388	53	54	55	56	56	57	61	
389	47	48	49	50	51	52	54	55	
390	43	45	47	49	
391	5	7	9	10	11	13	14	
392	12	15	16	17	18	19	20	23	
393	17	22	
418	22	
422	52	53	56	57	59	
423	47	49	50	51	51	54	55	59	
424	45	46	48	50	
425	4	8	9	10	11	13	14	
426	7	12	15	16	17	18	20	
427	18	21	23	
431	93	
432	92	
433	87	90	92	98	
434	92	
435	88	90	92	95	
436	17	
456	53	56	57	60	
457	47	49	50	51	52	54	55	56	58	61	
458	44	45	48	
459	5	7	9	10	12	14	
460	13	15	16	18	19	20	
461	22	
463	92	
464	87	91	93	94	97	
465	87	90	91	92	96	
466	86	88	89	90	91	94	97	98	
467	82	83	85	86	87	89	90	91	93	95	
468	7	10	14	82	85	85	87	88	89	90	91	94	96	100	
469	6	10	15	19	85	86	88	89	92	98	
470	17	18	19	21	87	
490	53	56	57	58	
491	48	50	51	52	54	
492	45	46	49	92	98	
493	8	10	11	13	14	92	
494	3	8	12	18	87	89	91	93	95	
495	86	87	90	91	92	93	96	
496	87	90	92	93	93	95	98	
497	46	82	84	86	87	88	90	91	92	93	95	98	100	
498	81	82	85	87	88	90	94	
499	16	40	46	67	81	82	83	84	85	88	90	94	
500	16	18	19	32	41	44	46	48	49	59	81	81	82	83	84	86	
501	16	18	19	20	29	36	44	46	48	49	59	81	82	84	85	
502	8	9	11	13	18	20	43	44	44	80	81	83	84	
503	6	10	11	12	13	14	15	16	19	20	70	81	82	83	85	
504	18	19	21	22	
505	22	
523	56	
524	52	52	55	56	60	92	96	
525	50	50	51	53	55	58	88	91	95	
526	46	49	82	85	87	88	90	91	94	96	
527	4	7	9	14	81	85	88	88	91	98	
528	6	12	16	19	66	81	82	83	85	86	89	91	99	
529	16	40	80	81	82	84	85	86	89	90	94	
530	17	35	38	42	47	50	80	81	82	84	85	86	88	90	
531	16	17	18	20	35	40	47	49	80	81	82	83	84	
532	10	15	17	19	20	26	39	44	45	50	63	64	67	70	80	82	83	85	
533	10	12	14	16	18	19	20	21	28	44	49	62	80	83	
534	14	19	21	22	23	35	44	52	55	63	
535	21	22	23	25	49	
536	15	21	24	45	64	
537	6	21	23	24	25	
538	22	25	
556	57	92	97	
557	87	91	92	94	96	
558	53	55	62	85	87	88	90	91	92	94	97	
559	51	55	60	66	81	82	83	84	86	87	89	90	91	93	95	98	99	
560	18	38	57	66	80	82	84	85	86	88	90	93	101	
561	11	16	17	18	20	34	40	43	45	47	48	57	64	70	85	
562	13	13	16	17	19	20	21	22	27	38	41	43	45	46	47	48	57	69	81	84	
563	7	11	13	17	19	20	21	26	40	44	45	46	65	81	83	
564	11	13	15	18	18	20	21	22	24	28	44	65	69	81	
565	13	20	21	22	23	25	29	45	65	
566	14	21	22	24	48	
567	5	23	24	25	
568	24	
571	23	
587	93	
588	87	91	93	98	
589	56	87	89	90	92	94	96	
590	53	56	83	85	86	89	90	92	94	95	
591	42	46	53	82	83	84	85	86	87	88	89	91	94	
592	16	39	46	81	82	84	85	86	88	88	90	
593	9	14	16	17	18	20	31	39	43	45	47	49	66	69	80	81	82	84	85	
594	10	12	13	15	16	17	19	20	39	43	45	48	67	80	84	
595	12	18	18	19	20	21	22	24	25	45	
596	20	21	22	23	25	27	65	
597	21	22	23	24	
598	22	24	25	
599	25	
606	13	14	
620	52	56	91	97	
621	47	51	87	90	92	95	
622	38	40	46	56	81	82	85	86	89	90	94	
623	16	36	43	46	47	50	63	73	81	83	84	84	85	86	88	102	
624	18	18	20	28	35	42	45	46	47	48	52	58	68	69	81	82	84	85	89	
625	13	16	19	41	44	48	50	64	67	80	83	98	
626	13	14	16	18	19	20	22	44	65	79	81	83	
627	15	18	19	20	21	22	23	27	43	70	
628	19	21	22	24	25	
629	21	23	23	25	
651	58	
652	53	57	
653	40	46	47	50	53	
654	37	42	47	50	62	83	91	93	
655	19	42	46	55	67	69	81	82	84	85	88	100	
656	13	16	19	21	65	80	82	83	85	88	
657	17	19	20	27	43	49	55	60	65	69	80	
658	20	22	23	23	25	26	44	55	
659	22	24	
660	21	23	23	25	
661	25	
662	25	
686	53	54	55	60	
687	35	55	
688	45	49	53	64	
689	15	20	24	80	
690	4	22	23	25	
691	22	24	
1158	79	
1165	73	
1171	66	
1181	6	104	
1184	99	
1187	53	
1191	88	
1241	60	
1246	104	
1262	64	
1264	71	
1269	25	44	
1276	49	
1284	63	
1287	51	
1311	8	35	
1319	103	
1329	19	91	
1337	77	
1340	18	
1344	6	46	
1348	9	
1355	103	
1363	3	
1370	39	
1372	46	
1374	13	16	36	
1376	46	68	
1377	43	
1384	7	
1386	28	
1392	4	
1399	36	
1402	19	99	
1404	16	37	47	
1405	46	
1406	16	20	41	48	56	
1407	17	17	20	26	32	35	42	45	46	56	
1408	18	20	23	40	45	46	51	57	68	
1409	18	20	26	39	44	46	49	57	64	68	
1410	18	20	22	39	43	46	47	49	59	
1411	22	27	41	43	45	46	47	49	51	54	
1412	66	
1436	27	
1437	16	18	22	41	44	
1438	16	20	40	46	49	
1439	11	15	18	19	22	42	69	
1440	14	16	17	19	21	22	24	35	45	51	60	
1441	19	21	22	26	44	49	59	
1442	14	20	21	23	23	44	63	65	
1443	15	19	21	24	28	52	54	57	63	
1444	25	26	29	48	50	51	53	55	56	58	61	
1445	23	41	43	45	46	46	48	49	50	51	54	
1446	44	46	49	
1451	20	
1453	69	
1455	13	27	
1457	71	
1458	12	
1465	83	
1470	11	14	16	
1471	7	12	14	16	17	20	24	
1472	10	13	20	21	25	
1473	13	15	23	25	
1474	23	24	92	
1475	22	88	92	98	
1476	90	91	94	97	
1477	58	87	91	95	
1478	17	51	52	53	54	55	56	60	
1479	42	44	46	47	49	50	51	54	57	58	
1480	47	49	54	
1482	49	61	
1483	68	
1494	76	
1497	74	
1503	13	15	
1504	7	10	11	14	24	
1505	6	18	24	
1506	92	97	
1507	87	90	92	95	
1508	85	87	88	89	91	94	
1509	82	84	85	87	89	94	
1510	82	83	84	85	88	88	90	91	95	
1511	7	9	11	15	58	82	84	85	86	89	93	94	99	
1512	7	7	13	15	17	19	54	55	57	60	87	91	94	
1513	17	45	46	47	50	51	53	54	57	
1514	44	47	48	53	
1521	30	
1522	48	
1523	70	
1529	63	
1537	12	
1538	4	7	12	
1539	94	
1540	82	85	88	91	98	
1541	80	82	84	86	90	
1542	80	82	84	86	90	100	
1543	80	82	84	85	93	98	
1544	10	81	84	
1545	9	11	15	58	81	83	86	
1546	7	12	13	14	15	17	19	52	54	54	55	57	60	82	84	86	
1547	17	20	22	47	51	52	54	57	
1548	44	48	49	53	
1555	57	69	
1557	29	
1558	46	58	
1559	67	
1571	10	
1573	82	83	88	93	
1574	82	84	88	
1575	81	83	
1577	94	
1578	12	
1579	9	12	13	15	23	
1580	7	12	14	15	17	19	24	27	53	55	56	59	
1581	18	21	37	41	46	47	49	50	51	53	55	
1582	45	46	50	56	
1585	48	48	
1586	43	68	
1587	16	20	26	36	38	46	57	
1588	16	19	23	45	47	58	
1589	16	19	41	43	46	50	57	68	72	
1590	22	41	45	47	48	68	
1591	23	27	44	46	54	
1592	46	48	
1593	15	58	
1605	75	
1610	84	
1612	9	13	22	
1613	9	14	20	23	
1614	4	7	11	13	14	15	16	18	20	37	54	55	56	59	61	
1615	20	22	26	45	46	47	49	50	53	55	56	58	
1616	36	43	43	47	49	51	
1617	38	47	67	68	
1618	13	18	26	38	
1619	16	20	27	29	43	45	48	48	56	62	70	
1620	15	16	17	20	21	23	40	45	47	68	
1621	18	18	20	27	51	56	65	68	70	
1622	16	19	20	22	23	35	44	49	60	63	
1623	20	22	25	44	50	54	57	59	
1624	21	23	25	31	44	45	48	50	52	53	55	56	60	
1625	23	44	47	49	50	
1626	54	54	55	55	58	
1627	14	
1628	23	
1640	65	
1641	91	
1645	37	
1647	10	11	14	16	21	26	57	72	
1648	4	8	11	13	14	15	16	17	18	19	21	24	26	52	55	56	57	59	69	
1649	17	21	22	30	36	41	44	46	47	48	48	49	50	51	53	57	
1650	32	37	41	43	45	46	48	49	50	55	66	
1651	42	44	46	67	
1652	9	15	18	19	21	26	44	63	67	
1653	12	13	19	20	22	24	45	51	63	
1654	22	24	64	
1655	22	24	93	
1657	41	41	53	55	87	88	94	97	
1658	52	54	90	92	97	
1659	55	91	95	
1671	72	
1678	37	
1679	17	23	
1680	10	14	16	18	25	42	45	67	
1681	6	10	11	14	15	17	18	20	28	41	68	
1682	5	7	12	13	14	15	16	17	19	20	21	23	23	52	55	57	59	
1683	20	21	22	23	50	51	53	55	60	65	
1684	45	49	51	54	61	
1685	25	45	
1687	25	92	96	
1688	86	87	93	95	
1689	86	87	89	91	94	
1690	52	85	86	88	88	90	92	93	97	
1691	81	82	86	89	94	
1692	83	85	86	87	88	90	93	
1693	83	85	86	89	92	93	96	98	
1694	82	95	
1698	77	
1710	11	16	
1711	15	19	29	41	44	47	
1712	14	16	20	39	46	
1713	11	15	16	18	19	20	27	41	44	
1714	8	12	14	16	17	19	20	22	25	45	69	
1715	10	12	14	15	18	19	20	22	24	27	
1716	21	23	24	
1717	22	87	88	91	93	94	95	
1718	86	87	88	91	92	94	95	
1719	86	87	91	92	93	94	
1720	86	87	90	91	94	96	
1721	82	85	86	89	90	92	94	99	
1722	82	83	85	87	89	91	95	
1723	82	83	85	86	89	99	
1724	80	81	83	83	85	91	
1725	82	83	88	98	99	
1726	84	87	93	
1727	80	82	85	90	
1735	36	
1742	41	
1743	15	17	18	42	47	
1744	16	19	21	42	
1745	12	13	15	17	19	20	25	26	49	68	
1746	9	14	17	20	22	24	
1747	8	12	14	22	24	26	
1748	13	23	23	25	93	
1749	91	96	
1750	53	87	88	90	91	92	94	96	
1751	82	83	85	86	87	89	90	93	94	96	98	
1752	81	81	82	84	84	85	86	89	91	93	95	98	
1753	81	82	84	85	86	89	93	98	
1754	81	84	85	87	89	94	
1755	81	83	83	85	89	
1756	81	86	90	
1757	81	85	89	98	
1758	88	
1760	83	
1762	31	
1764	6	6	23	
1771	77	
1774	19	81	
1775	19	
1776	10	13	16	18	20	24	
1777	11	15	20	23	69	
1778	13	14	21	24	
1779	12	15	22	24	93	
1780	25	88	90	92	96	
1781	88	90	92	95	
1782	53	87	88	91	92	94	97	
1783	81	82	83	84	85	87	88	90	92	93	97	100	
1784	81	81	82	84	84	85	88	89	91	95	99	
1785	79	80	81	83	84	85	88	89	92	
1786	81	83	86	89	
1787	81	83	85	89	93	98	
1788	82	83	85	
1790	84	
1798	5	
1805	37	
1808	12	
1809	10	12	14	17	
1810	11	14	20	25	
1811	22	25	92	
1812	88	91	92	96	
1813	87	89	91	95	
1814	83	85	86	87	89	91	93	99	
1815	81	82	85	87	89	94	98	
1816	81	82	83	84	85	90	95	
1817	79	80	82	84	87	88	
1818	82	83	85	
1819	82	
1820	9	85	
1822	95	
1843	9	12	
1844	88	96	
1845	83	88	90	95	101	
1846	81	82	84	85	89	93	98	
1847	81	84	85	89	95	
1848	80	81	84	87	89	89	
1849	81	83	85	
1850	82	84	87	88	95	101	
1851	83	
1853	90	
1866	65	
1878	81	86	
1879	80	83	85	91	95	
1880	81	84	89	
1881	83	89	94	
1882	85	
1904	92	
1912	41	65	
1915	85	91	
1939	61	
1941	60	
1948	98	
1954	53	
1955	2	
1968	81	
1973	69	
1998	39	
2008	60	69	
2012	60	
2013	103	
2018	29	
2042	61	
2044	73	
2070	6	
2147	29	
2180	28	
2213	20	
