50	74	
111	38	
119	87	91	96	
120	87	90	92	
147	27	
150	56	
151	52	92	
152	87	89	90	92	93	96	
153	8	82	83	84	85	86	87	88	89	90	92	93	96	
154	12	15	16	81	82	84	85	86	88	88	90	93	94	97	99	
155	16	17	20	87	90	
183	57	
184	52	92	
185	51	52	53	56	86	88	88	89	91	94	
186	80	82	83	85	86	87	88	89	90	94	97	
187	9	11	13	80	81	82	84	85	87	88	90	96	
188	7	10	11	12	14	15	17	18	80	81	82	83	85	91	
189	16	17	18	18	19	21	82	86	
216	56	62	
217	15	51	52	54	57	
218	51	53	55	56	83	84	86	87	89	90	92	95	
219	51	81	82	83	84	86	87	89	91	93	93	98	99	
220	80	81	82	84	85	86	87	89	91	93	
221	8	9	12	13	79	81	83	86	90	98	
222	3	6	10	11	11	12	13	14	15	15	16	18	19	82	
223	12	15	16	17	17	19	20	21	22	24	
224	22	
249	56	
250	52	57	58	92	
251	51	52	53	55	58	86	88	89	91	92	93	96	
252	46	51	53	80	82	83	84	85	87	88	88	89	92	94	100	
253	54	80	81	82	83	84	86	88	
254	11	78	80	82	85	
255	4	9	9	11	14	
256	7	10	11	12	12	13	13	14	15	15	16	17	19	19	21	24	26	69	
257	16	17	18	18	19	20	21	21	22	23	25	
281	57	
283	50	52	56	59	91	97	
284	52	55	82	84	85	87	88	89	90	92	93	94	97	
285	47	50	54	62	79	81	82	84	85	86	88	89	90	94	
286	36	42	47	53	56	57	60	67	80	82	84	85	99	
287	18	19	20	31	43	44	45	46	47	48	48	49	54	66	80	
288	24	43	44	45	47	49	
289	4	7	9	10	11	14	15	
290	5	7	8	10	11	12	13	14	14	15	15	16	17	18	19	20	21	
291	17	18	19	20	21	22	23	23	26	
314	58	
315	56	
316	46	49	51	52	55	
317	50	51	55	82	84	85	86	88	90	91	93	97	
318	43	50	54	80	81	82	83	84	85	89	90	
319	10	14	16	43	71	79	80	81	83	
320	13	15	16	17	18	19	20	21	44	47	50	53	56	58	59	68	84	
321	20	21	22	24	25	26	42	43	45	46	47	49	50	51	52	54	55	59	
322	23	44	45	46	48	48	50	
323	3	6	9	10	11	13	14	15	
324	6	8	11	12	14	15	15	16	16	17	18	19	19	21	24	27	
325	16	17	19	20	21	22	23	27	
348	57	58	
349	34	47	50	52	53	54	57	
350	42	43	46	47	49	50	51	55	56	
351	41	45	47	48	51	53	80	82	83	88	
352	9	11	13	17	18	19	43	44	46	49	64	67	70	80	83	
353	6	11	14	15	17	18	19	20	21	26	44	56	58	
354	20	21	22	23	25	51	52	55	55	56	57	60	
355	22	23	24	35	45	46	47	49	50	51	52	53	54	55	56	61	
356	44	47	48	49	50	
357	6	9	10	12	13	14	15	
358	8	11	12	12	14	15	16	16	17	18	18	19	20	21	23	25	26	
359	17	20	21	22	
382	53	55	
383	50	52	54	55	57	59	
384	33	44	49	64	
385	14	45	65	
386	12	22	25	
387	22	23	23	25	
388	25	35	48	51	52	54	55	55	56	57	58	60	
389	46	47	49	50	51	53	54	
390	44	48	49	
391	7	8	10	11	12	14	14	18	
392	12	13	14	15	16	17	18	18	19	19	20	21	24	
393	21	23	
418	63	
419	24	
420	25	
421	57	58	
422	35	50	51	52	53	54	55	56	60	
423	47	48	49	50	50	51	54	
424	8	10	44	48	87	90	94	
425	4	7	10	11	12	12	13	13	14	15	15	16	18	19	
426	8	12	16	17	19	20	21	22	23	25	27	
445	68	
455	53	56	57	
456	48	51	52	52	53	54	55	56	57	59	
457	42	45	46	48	49	50	51	91	
458	9	11	14	81	83	87	91	
459	6	8	11	12	13	13	14	15	16	17	18	19	24	26	
460	16	17	19	20	21	23	
461	23	
469	50	51	51	
482	92	
483	90	92	
484	88	92	
485	93	
486	92	
487	97	
488	93	
489	55	56	57	88	91	
490	51	52	53	54	55	59	88	91	92	97	
491	49	50	81	86	88	89	92	
492	6	9	10	13	83	84	87	89	
493	8	10	11	12	14	15	16	17	19	23	
494	18	87	92	96	
495	87	88	90	91	92	96	
496	87	90	92	96	
497	86	88	90	91	92	94	98	
498	86	88	90	91	92	98	
499	86	87	88	90	91	93	93	97	
500	87	90	92	
501	87	
514	56	
516	87	89	92	98	
517	7	81	83	84	85	87	88	89	90	91	94	
518	81	82	85	86	87	89	90	91	93	97	
519	83	85	87	88	89	90	91	92	95	
520	84	85	87	88	89	90	91	92	94	
521	82	83	84	85	86	88	89	90	91	92	94	97	
522	82	86	87	88	88	89	90	92	95	
523	53	57	82	84	85	87	88	89	90	92	94	
524	51	52	54	55	82	84	85	86	87	89	90	91	93	95	
525	81	83	84	85	86	87	90	91	94	98	
526	9	10	14	83	85	90	93	
527	5	7	11	12	15	81	86	89	93	
528	17	81	82	83	85	86	87	89	90	91	93	97	
529	81	82	82	84	85	86	87	89	90	92	93	95	
530	81	82	83	83	85	86	87	88	89	91	93	95	100	
531	9	81	82	83	84	84	85	86	87	89	90	94	97	
532	13	81	82	83	83	85	85	87	89	90	93	95	
533	11	14	80	82	82	83	85	85	87	88	89	90	96	
534	15	16	33	81	82	83	84	85	86	86	88	88	89	91	93	94	97	98	
535	12	15	32	32	81	82	85	86	87	89	90	94	97	
536	17	18	20	
548	51	53	56	57	59	61	
549	36	42	45	46	47	49	50	52	54	57	60	
550	31	37	42	43	46	47	48	81	84	
551	68	79	80	81	83	85	102	
552	41	80	81	81	83	83	84	88	90	101	
553	46	66	80	81	82	84	85	86	90	96	99	
554	79	80	81	82	83	84	85	86	89	94	98	
555	41	80	81	82	83	84	85	86	89	94	
556	46	80	80	82	83	83	84	85	87	89	90	94	98	
557	80	81	82	83	83	84	85	89	94	98	
558	53	55	80	81	82	83	84	85	88	90	98	
559	50	80	81	82	84	85	89	93	100	
560	9	13	81	86	89	
561	11	15	80	82	84	93	
562	16	19	41	48	79	80	81	83	85	89	95	
563	17	19	41	44	47	56	79	80	81	83	84	99	
564	17	19	42	44	46	57	69	79	80	81	81	84	99	
565	9	20	26	39	44	46	47	66	78	79	80	81	84	
566	21	27	42	43	46	47	80	81	81	84	
567	9	12	14	43	66	79	80	81	83	84	
568	10	11	14	18	67	79	80	81	82	83	84	85	86	89	
569	6	8	11	12	13	14	15	16	18	19	19	79	80	81	83	85	
570	15	16	17	18	20	22	86	
571	22	
582	54	55	57	58	61	
583	50	51	52	53	54	55	56	58	60	
584	29	43	45	47	48	49	49	50	52	54	56	57	58	60	
585	29	41	43	44	45	47	48	49	50	51	53	54	56	57	60	66	79	
586	22	29	43	44	45	46	47	48	49	50	56	59	68	
587	19	20	23	39	42	44	45	46	47	48	49	56	60	79	
588	20	21	27	41	43	43	44	45	46	47	47	50	56	57	59	69	79	80	81	83	
589	19	20	20	27	39	42	44	45	47	47	48	51	56	57	63	66	68	79	80	81	
590	20	21	23	41	43	43	44	46	47	47	48	52	56	58	67	72	79	80	81	
591	20	21	27	36	40	43	43	44	47	47	48	50	56	57	58	78	79	80	
592	20	41	44	44	46	46	47	48	50	69	80	83	85	
593	20	42	43	44	45	46	47	48	48	49	80	84	
594	14	
595	9	17	19	25	66	69	
596	13	16	16	17	18	18	19	19	20	28	42	43	45	47	48	56	58	69	
597	17	18	20	20	22	24	26	42	43	44	45	46	48	50	54	56	58	62	64	69	74	
598	20	20	21	22	24	28	32	42	43	44	47	49	51	54	56	57	62	65	
599	20	21	23	27	35	43	44	45	46	48	48	51	54	56	57	59	
600	19	20	22	23	24	26	28	38	43	44	45	47	48	48	49	51	53	56	58	60	65	67	69	
601	5	19	20	21	22	27	30	44	44	45	46	48	49	50	
602	4	9	11	12	14	15	19	20	21	22	26	43	44	44	69	79	
603	7	11	12	14	15	15	17	18	19	20	21	22	25	26	69	
604	21	22	23	24	28	
608	6	
609	99	99	100	
617	55	
618	52	54	55	58	
619	33	45	53	54	55	60	
620	23	45	50	55	59	
621	24	50	53	55	65	
622	22	24	44	49	52	54	55	57	61	63	
623	22	24	24	44	45	49	52	54	55	63	
624	23	24	24	29	50	52	54	55	57	58	
625	22	23	24	24	28	44	45	50	51	53	54	55	56	57	58	59	64	
626	22	23	23	24	25	35	37	43	45	46	48	48	50	51	52	52	53	54	55	56	59	61	63	
627	22	24	25	28	31	42	43	44	45	46	47	48	48	49	50	54	
628	9	11	24	29	43	45	46	
629	6	9	11	12	13	13	14	15	18	19	24	69	
630	12	15	16	17	18	19	20	21	21	23	24	25	70	
631	21	22	23	24	24	25	
632	21	23	23	24	52	54	63	
633	22	25	45	51	55	62	
634	23	24	45	50	54	
635	23	25	29	45	49	64	
636	5	12	14	22	23	25	
637	4	22	24	
638	23	
642	5	5	
659	53	55	57	
660	51	52	53	54	54	55	56	56	59	60	
661	33	38	42	45	46	47	48	49	50	51	54	
662	9	11	13	28	29	43	43	44	49	64	
663	7	11	12	13	14	15	18	19	21	24	68	
664	17	21	22	23	23	25	
665	25	
694	55	60	
695	54	
696	45	
697	24	25	
698	3	23	
1163	18	
1169	6	
1175	31	69	
1177	9	
1179	80	
1194	2	
1195	32	
1202	17	
1206	46	
1209	12	
1213	10	18	
1216	99	
1233	26	
1235	86	
1236	54	
1238	21	
1239	26	
1240	79	
1241	36	
1242	46	
1246	99	
1260	23	
1268	42	
1270	11	
1274	17	47	56	
1275	17	20	42	44	47	
1276	26	51	58	
1277	45	47	48	
1279	35	
1285	6	
1302	30	
1306	21	
1307	12	14	16	20	
1308	16	18	19	21	24	48	56	
1309	18	21	22	24	26	33	39	43	43	45	46	47	49	51	54	56	59	63	
1310	22	43	44	45	46	47	48	49	51	54	58	
1311	46	64	
1314	67	
1318	70	
1336	26	
1339	17	28	
1340	10	14	17	18	
1341	10	12	14	16	19	20	26	46	
1342	12	15	16	17	18	19	19	21	22	25	55	56	57	59	71	
1343	18	19	20	21	22	23	24	41	44	48	49	50	51	52	55	56	58	60	
1344	23	43	45	46	49	50	51	53	54	
1345	43	47	48	
1351	12	
1371	18	
1373	9	13	13	16	18	
1374	11	13	15	16	17	18	20	
1375	8	10	12	13	15	16	17	18	18	19	20	20	21	22	23	27	
1376	19	20	21	22	23	25	26	53	56	57	59	
1377	22	25	47	50	51	52	53	54	55	59	
1378	44	45	46	47	48	49	50	52	54	58	
1389	12	
1393	73	
1403	35	
1404	38	
1405	11	18	
1406	8	17	18	20	44	68	
1407	9	11	13	13	15	17	18	19	21	26	55	
1408	7	10	12	13	15	16	17	19	19	20	22	23	25	26	
1409	12	14	17	18	20	21	22	23	24	
1410	21	22	24	35	52	55	56	56	57	60	
1411	37	43	46	47	48	50	50	51	52	52	53	54	55	56	60	
1412	44	46	47	49	49	51	54	
1413	49	89	96	
1414	84	
1421	14	
1435	52	
1438	19	
1439	7	11	13	16	19	42	
1440	7	8	11	13	15	16	18	18	19	20	22	23	
1441	10	12	14	15	20	21	22	24	
1442	2	14	21	23	24	88	92	
1443	22	87	89	90	92	94	
1444	17	35	52	53	55	56	57	58	59	61	86	88	89	91	96	
1445	43	47	48	50	50	51	51	52	54	54	56	60	
1446	44	46	48	49	50	52	53	86	88	
1447	43	48	87	90	
1449	9	
1454	4	
1455	10	
1466	51	
1468	37	100	
1470	16	
1471	12	13	
1472	10	13	15	18	19	
1473	9	11	14	16	17	18	19	21	28	
1474	11	13	15	19	20	22	24	58	93	
1475	21	22	23	25	88	92	93	
1476	10	86	87	89	90	93	93	96	
1477	9	12	14	18	80	81	82	83	83	84	86	88	88	90	96	99	
1478	7	12	15	16	16	33	52	55	56	57	59	81	82	83	85	87	
1479	17	18	46	47	48	50	51	51	52	53	54	55	57	59	
1480	15	44	47	49	50	54	83	86	89	95	
1481	64	
1489	12	
1493	93	
1494	70	
1496	74	
1505	8	10	13	16	
1506	3	7	9	10	12	13	14	15	17	22	
1507	5	15	18	22	24	91	93	
1508	5	24	52	54	86	87	89	91	92	95	
1509	82	84	85	87	89	91	95	101	
1510	80	81	82	83	85	88	88	90	93	
1511	7	9	10	12	14	80	81	83	85	
1512	7	13	16	17	19	22	35	55	56	58	60	81	84	
1513	18	21	23	46	48	50	51	52	53	54	55	56	59	92	
1514	44	49	52	54	83	85	87	88	92	95	
1516	65	
1519	76	87	
1523	13	
1524	68	73	
1527	96	
1539	7	10	
1540	4	6	12	
1541	82	85	86	89	91	97	99	
1542	80	81	83	84	86	89	100	
1543	78	79	80	83	83	84	87	88	
1544	11	79	81	84	
1545	6	8	9	11	12	14	15	16	18	57	103	
1546	3	4	4	13	15	15	16	17	18	18	19	20	24	27	52	53	55	55	56	59	
1547	21	22	45	46	48	50	52	54	61	89	
1548	45	51	53	58	83	85	90	
1551	57	
1560	55	
1568	73	
1569	83	
1573	1	
1574	12	
1575	81	82	84	87	90	
1576	79	80	83	
1577	80	
1578	9	29	83	
1579	6	9	10	11	12	14	15	16	18	19	28	56	58	
1580	1	5	7	15	16	17	19	20	21	23	24	48	52	54	55	61	73	
1581	22	32	39	43	46	48	48	49	50	52	53	55	57	88	88	91	96	
1582	82	85	89	97	
1583	31	90	
1589	10	
1600	67	
1605	48	
1607	5	
1609	22	
1610	39	
1611	14	27	63	
1612	10	14	16	18	
1613	3	8	10	11	12	13	14	15	17	19	20	24	52	56	57	
1614	17	18	21	22	24	26	42	47	48	51	52	53	53	54	55	57	59	
1615	44	46	48	49	50	
1616	45	46	52	89	
1617	46	
1618	31	43	
1619	47	51	
1620	26	46	67	
1621	48	
1623	48	77	
1624	58	
1626	29	
1638	16	19	28	40	48	53	66	
1639	20	43	43	46	48	67	
1640	19	43	
1641	19	43	46	49	
1642	19	37	42	47	59	69	
1643	20	24	46	
1644	24	44	47	50	
1645	13	18	18	38	43	46	
1646	5	6	8	10	14	18	20	24	73	
1647	5	11	12	13	14	15	16	17	18	19	20	24	28	56	57	59	
1648	16	17	19	21	22	33	41	46	47	48	50	51	52	53	54	55	56	58	66	
1649	40	43	44	45	46	47	48	48	49	50	55	57	
1650	37	40	46	49	56	66	
1651	19	42	43	47	48	56	
1652	19	21	28	40	44	46	48	49	57	61	70	
1653	19	21	31	38	44	47	50	69	
1654	21	41	44	46	47	48	52	58	59	
1655	20	24	42	43	46	48	49	69	
1656	29	42	44	46	56	
1657	41	41	41	41	43	47	65	
1670	12	
1671	14	16	18	66	
1672	17	19	20	24	26	57	59	
1673	18	20	22	24	32	42	44	48	49	72	
1674	20	22	24	29	43	44	45	47	49	54	57	58	64	
1675	19	21	24	29	39	43	44	47	48	53	56	67	
1676	18	20	22	23	42	44	46	47	48	54	64	67	
1677	20	21	25	42	44	46	47	50	54	56	63	64	68	
1678	18	19	21	23	37	41	45	46	47	49	62	
1679	13	20	23	23	27	43	44	46	70	
1680	8	9	11	13	15	18	19	21	24	28	41	45	65	
1681	5	6	12	15	16	18	19	20	22	23	25	53	55	56	57	
1682	18	21	22	23	25	42	48	50	51	52	54	55	57	58	62	
1683	31	44	45	46	47	49	50	54	56	60	
1684	42	43	45	46	48	48	50	53	58	58	
1685	19	20	23	25	26	43	44	45	48	50	53	58	63	63	
1686	20	21	23	24	43	45	47	49	52	54	56	67	
1687	20	22	24	27	43	44	45	48	52	55	56	58	62	63	
1688	20	21	22	23	25	26	44	49	50	53	54	56	58	58	
1689	21	22	25	28	29	42	43	44	47	48	49	51	55	56	57	63	67	
1690	21	23	24	29	40	44	45	46	47	49	50	53	59	64	
1691	22	28	29	29	29	42	43	45	46	48	48	54	
1692	54	
1703	14	29	73	
1704	15	
1705	7	8	10	11	14	
1706	13	15	17	20	22	23	55	
1707	18	18	21	24	55	65	87	92	
1708	21	23	24	54	62	64	
1709	20	22	23	45	54	60	
1710	20	22	23	25	53	55	62	
1711	22	23	25	29	51	53	93	
1712	17	21	22	23	24	44	51	64	
1713	15	18	20	22	24	45	51	64	
1714	10	14	21	22	24	65	
1715	12	19	21	22	23	24	
1716	2	25	54	55	62	
1717	52	53	
1718	23	55	64	
1719	24	54	65	88	93	
1720	24	25	87	92	
1721	24	55	90	92	93	
1722	55	65	92	93	
1723	24	50	52	54	56	57	58	61	92	93	
1724	25	49	50	51	52	53	54	55	56	60	92	92	
1725	45	49	50	52	53	61	88	
1726	44	49	
1731	95	95	95	97	
1737	48	
1738	12	14	
1739	8	11	14	
1740	10	12	15	86	91	96	
1741	8	11	13	15	82	85	86	88	88	89	91	93	97	
1742	9	13	14	86	87	89	90	92	93	96	
1743	83	86	87	90	91	92	94	97	
1744	9	83	85	86	87	90	91	93	94	95	
1745	83	85	86	87	89	89	90	92	94	97	
1746	10	83	85	86	87	88	90	90	91	92	94	96	
1747	13	83	86	87	88	90	91	92	94	95	
1748	87	89	90	92	94	96	
1749	83	86	87	89	90	92	94	97	
1750	18	93	
1751	88	91	
1752	86	87	87	89	89	90	92	94	96	98	
1753	83	85	86	87	89	90	91	94	97	99	
1754	12	82	85	86	87	88	89	91	93	97	
1755	12	13	82	83	84	85	86	87	88	89	90	92	95	
1756	82	83	85	86	87	89	90	91	93	94	98	101	
1757	53	55	82	86	87	88	89	90	91	93	94	
1758	51	52	54	55	83	85	85	86	87	89	90	91	93	93	96	
1759	54	85	86	87	89	92	96	
1761	98	
1774	12	19	81	85	
1775	14	79	80	82	83	85	97	
1776	80	82	84	85	88	89	102	
1777	6	13	80	81	82	84	84	87	88	90	94	
1778	78	80	81	81	82	83	84	85	87	88	91	98	99	
1779	7	10	81	81	82	84	84	86	88	92	97	
1780	80	81	81	82	83	83	84	85	88	90	94	98	
1781	9	80	81	82	83	84	87	90	99	
1782	8	11	15	80	81	82	84	84	85	88	89	91	94	99	
1783	6	11	13	14	15	57	80	80	81	82	84	85	86	89	90	95	
1784	16	17	53	56	61	82	83	86	87	89	91	98	
1785	48	50	52	53	82	86	88	90	91	94	
1786	81	83	83	84	85	87	88	91	96	
1787	79	80	80	81	84	85	86	89	
1788	80	81	82	83	85	86	89	92	97	
1789	79	80	80	82	84	86	91	99	
1790	79	80	80	81	82	83	85	90	
1791	79	79	80	81	81	83	84	86	90	98	
1792	81	82	84	85	86	90	99	
1793	80	81	82	83	84	87	
1800	64	
1809	85	89	
1810	79	84	93	
1811	80	82	84	
1812	79	82	83	87	
1813	79	82	83	84	90	
1814	79	81	84	
1815	5	79	80	83	98	
1816	4	9	79	81	83	88	96	
1817	7	10	11	13	14	15	79	80	84	88	
1818	13	53	53	54	61	80	81	83	84	85	87	89	90	93	93	97	
1819	79	80	82	83	84	85	86	87	89	91	93	96	
1820	79	81	84	87	93	
1821	79	81	84	94	
1822	81	84	92	
1823	82	84	
1824	79	82	88	
1825	79	81	84	
1826	80	82	83	85	
1827	80	84	
1828	58	90	97	
1844	85	
1847	62	90	
1848	85	
1849	64	83	90	
1850	84	
1851	4	86	89	98	
1852	80	82	84	86	88	91	
1853	80	81	82	84	87	88	94	
1854	81	85	
1860	96	
1862	91	
1873	101	
1882	83	
1886	82	84	
1887	81	84	
1906	29	
1914	16	
1923	56	
1942	102	
1945	22	
1947	98	
1956	12	
1975	3	
1983	41	
1997	8	
2000	46	
2013	68	
2022	85	
2026	81	
2060	49	
2064	85	
2067	27	
2081	60	
2089	4	
2093	20	
2103	53	
2117	52	
2119	4	
2133	48	
2158	33	
2169	23	
2174	97	
2179	13	
2203	91	
2297	5	
