48	62	
49	63	
185	93	
212	88	92	
213	86	87	92	
214	83	88	90	91	92	97	
215	87	91	
216	86	88	90	91	93	94	
217	83	86	88	89	90	92	
218	82	86	87	88	90	91	93	98	
219	82	85	87	88	89	91	93	96	
220	82	86	87	90	91	93	
221	86	87	90	91	93	94	
222	82	86	88	90	92	95	
223	87	93	
245	82	86	88	90	92	97	
246	82	85	87	88	89	90	92	95	
247	81	82	84	86	87	89	90	93	
248	6	9	81	82	83	84	86	89	90	95	
249	80	81	82	83	85	86	88	90	93	96	
250	81	82	82	84	85	86	89	90	96	
251	16	17	36	81	82	84	86	89	93	
252	37	80	81	82	83	84	86	
253	8	80	81	82	83	84	90	
254	6	8	81	81	83	83	85	88	89	97	98	
255	80	81	82	83	84	86	88	90	
256	7	11	14	80	82	83	84	85	86	89	91	95	
257	8	16	81	83	84	86	87	89	90	98	
258	16	17	
276	57	
277	47	51	
278	41	45	46	48	48	50	
279	37	41	43	56	80	83	
280	34	41	48	56	66	79	80	81	83	85	
281	17	18	41	43	46	57	79	80	81	83	98	
282	16	19	41	42	47	48	67	68	79	80	84	
283	12	17	18	19	39	42	44	46	48	49	56	79	80	81	83	
284	16	18	20	21	42	43	46	53	58	58	69	79	80	84	
285	19	21	28	38	41	43	44	47	48	57	79	
286	19	20	27	42	44	46	48	49	52	56	58	59	80	83	
287	19	21	27	33	38	42	43	45	46	47	49	51	57	67	79	80	
288	22	27	41	42	43	44	46	47	49	50	66	79	80	
289	40	44	46	47	49	79	83	98	
290	6	10	44	80	81	
291	6	8	10	11	13	14	16	79	80	81	82	84	87	89	93	
292	13	16	17	18	19	21	90	
293	18	
311	33	51	52	53	54	55	56	58	59	
312	45	48	49	50	52	53	63	
313	31	42	43	44	45	46	49	57	59	
314	20	44	53	57	62	67	78	
315	13	15	20	21	24	44	47	53	55	62	
316	19	20	22	24	26	29	43	45	55	62	
317	15	20	22	24	53	62	
318	21	23	25	53	55	
319	21	23	24	45	54	64	
320	22	24	54	60	63	
321	24	44	53	54	55	56	58	59	
322	24	49	51	52	54	55	57	60	
323	24	44	45	46	47	48	49	50	53	
324	9	44	
325	8	10	11	13	13	14	15	16	79	81	94	
326	15	16	17	17	18	19	20	21	25	72	99	
327	22	
346	52	54	61	
348	25	45	
349	24	
352	25	
355	56	58	
356	48	51	52	53	54	55	56	60	
357	47	49	50	51	53	91	
358	9	66	91	
359	5	6	7	9	10	11	12	13	14	15	16	18	19	23	73	
360	14	15	16	17	19	20	21	
361	23	
388	57	
389	52	56	
390	47	49	50	51	53	53	54	58	
391	49	50	81	83	85	87	88	90	96	
392	8	9	11	14	80	83	85	88	
393	4	6	10	11	12	13	14	15	16	16	17	18	18	19	20	23	
394	13	18	20	21	22	24	
404	66	
422	56	
423	51	52	53	53	55	56	59	
424	47	49	50	51	53	86	92	
425	9	68	79	82	84	86	88	96	
426	5	6	8	9	10	11	12	12	13	14	15	16	18	26	
427	12	15	16	17	18	19	20	21	22	23	25	
428	22	
432	93	
434	92	
438	65	65	
455	57	
456	53	55	56	
457	48	49	50	51	52	54	55	58	
458	50	81	83	84	86	88	88	90	95	
459	7	9	10	14	16	79	82	83	
460	4	6	12	13	14	15	16	17	18	19	19	20	
461	20	21	22	25	
464	91	
465	83	87	90	91	93	95	
466	82	86	87	89	91	92	97	
467	82	86	87	88	89	90	91	93	93	97	
468	82	85	86	88	88	90	95	
469	16	
489	56	57	
490	50	51	52	54	55	60	
491	32	47	49	50	54	92	
492	8	80	81	85	88	90	94	
493	6	9	10	12	13	14	15	16	19	
494	21	22	23	25	
495	87	91	93	
496	87	90	92	98	
497	82	85	87	88	89	90	91	96	
498	82	83	86	87	88	89	91	94	98	
499	38	81	82	84	85	86	88	90	96	
500	80	81	81	82	83	85	86	88	90	93	
501	16	68	81	82	83	83	84	86	89	
502	7	10	11	13	14	15	16	17	18	19	80	81	83	84	
503	13	15	17	19	20	
507	83	83	84	
522	92	
523	52	53	56	90	93	
524	50	51	51	52	54	55	58	87	89	91	93	96	
525	49	50	82	84	86	87	89	90	92	97	
526	10	13	79	82	84	86	90	94	
527	8	10	12	14	15	16	19	87	92	
528	82	83	86	90	94	
529	80	81	82	84	85	86	88	89	95	
530	38	80	81	82	83	84	86	88	93	96	
531	43	57	80	81	81	82	83	84	85	93	100	
532	17	31	35	36	40	43	48	49	57	79	80	81	84	
533	16	18	18	20	38	41	42	44	47	49	66	79	80	83	
534	11	14	17	19	20	42	43	47	48	79	80	83	100	
535	10	11	13	14	17	19	20	20	26	29	41	44	63	78	79	
536	5	7	11	12	14	15	18	19	20	21	22	23	
537	19	20	21	24	
554	87	91	
555	83	85	87	88	89	90	91	94	97	
556	81	83	85	86	88	89	90	91	93	97	
557	53	82	83	84	86	87	89	90	91	97	
558	51	54	81	82	83	84	86	88	88	89	91	98	
559	39	46	50	78	79	80	81	82	84	85	88	90	94	
560	5	11	14	40	81	84	89	
561	4	7	11	17	35	40	68	70	81	84	99	
562	16	17	19	21	39	41	46	49	57	59	68	80	81	84	88	
563	17	18	39	42	43	43	44	46	48	48	66	80	81	83	
564	17	19	20	27	41	44	47	58	58	79	80	
565	11	15	18	19	20	21	27	43	43	44	64	78	79	
566	10	12	13	15	17	19	20	21	24	45	48	62	64	80	
567	15	18	19	21	22	23	45	
568	21	22	23	24	25	65	
569	5	21	24	65	
570	3	23	
585	56	
586	41	42	
587	44	47	50	
588	81	83	83	85	89	100	
589	80	81	81	82	84	85	89	90	93	97	
590	80	81	82	82	84	85	89	97	
591	16	19	38	39	48	51	56	67	78	79	80	81	82	84	85	88	94	
592	17	19	36	41	43	43	47	55	57	58	79	80	82	83	85	
593	13	16	17	19	20	41	42	44	46	47	48	62	63	79	80	83	
594	13	17	19	20	40	43	43	44	47	49	63	67	
595	8	11	14	15	17	18	19	20	21	24	26	44	47	62	
596	14	17	19	20	21	22	26	44	55	61	
597	20	22	23	23	25	28	45	55	59	
598	21	22	23	25	45	64	
599	22	23	25	65	
600	22	24	25	
601	22	25	
619	56	58	
620	51	52	55	56	58	
621	32	38	42	45	47	48	49	50	51	52	54	57	
622	32	40	42	43	44	45	46	47	48	49	61	67	80	
623	39	42	45	46	47	48	59	66	79	80	83	
624	13	15	16	19	20	26	40	43	43	46	61	79	80	
625	9	12	14	17	19	19	21	27	38	43	45	47	61	71	80	
626	12	14	15	17	19	20	21	22	45	55	60	65	78	
627	18	19	20	21	22	23	24	55	61	65	
628	12	14	20	22	23	24	25	45	54	
629	22	23	25	64	
630	24	
632	25	
654	54	55	
655	45	51	53	54	55	61	63	
656	23	33	45	52	54	55	60	
657	17	25	45	49	55	
658	21	23	24	25	26	44	64	
659	14	22	24	64	
660	22	23	24	25	
661	25	
1158	27	
1159	89	
1160	8	
1166	31	
1171	3	66	
1172	69	
1174	37	
1182	53	
1202	70	
1212	51	
1216	42	
1230	16	
1253	24	
1260	43	
1265	26	
1267	26	29	
1268	58	
1275	68	
1278	36	
1279	50	
1282	37	
1306	30	58	
1314	36	
1318	45	
1329	19	
1336	40	
1337	40	63	63	
1338	58	
1339	56	
1340	40	47	48	
1342	39	48	
1343	50	64	
1344	46	49	
1349	6	
1366	32	
1367	36	43	
1368	42	46	57	
1369	17	18	40	47	
1370	19	26	39	44	46	56	
1371	18	20	34	38	40	43	46	
1372	20	37	42	43	54	
1373	18	19	22	42	48	57	62	
1374	19	22	42	46	58	76	
1375	21	39	44	46	48	
1376	20	39	43	46	50	55	56	59	
1377	21	33	37	41	43	46	48	
1378	46	49	56	
1379	43	46	
1389	72	
1391	5	
1393	93	
1399	71	
1400	17	18	30	
1401	15	17	19	22	28	43	44	48	66	
1402	15	17	18	20	22	42	48	57	61	
1403	19	20	22	25	42	44	53	55	57	74	
1404	18	20	22	26	44	49	56	62	63	
1405	20	23	25	27	43	44	49	54	61	
1406	22	24	26	45	48	54	59	
1407	19	22	23	45	52	54	59	64	
1408	19	21	25	52	54	59	64	
1409	21	23	24	44	49	55	58	60	64	92	
1410	21	22	25	33	44	49	52	53	57	61	
1411	20	23	24	26	43	44	48	49	50	52	55	57	59	
1412	22	38	42	44	46	47	49	50	57	
1413	23	42	44	47	48	50	
1418	26	
1432	19	
1433	9	15	22	
1434	12	13	15	19	
1435	13	15	17	19	21	23	92	
1436	21	23	25	92	
1437	23	88	90	92	
1438	87	90	92	
1439	82	86	87	91	92	95	
1440	83	85	86	88	90	91	93	97	
1441	14	15	83	87	90	91	94	
1442	85	86	89	90	92	93	
1443	82	85	87	89	91	95	
1444	55	86	87	89	91	95	
1445	17	53	54	55	56	57	83	85	86	88	89	92	94	97	
1446	16	24	43	48	50	51	52	54	54	57	58	64	
1447	25	44	45	47	49	50	52	54	
1448	44	49	
1466	38	
1467	10	24	
1468	10	12	13	
1469	8	12	89	
1470	82	83	85	86	88	89	92	96	
1471	82	84	86	89	91	96	
1472	80	81	83	84	85	88	88	90	99	
1473	80	81	82	83	84	88	89	100	
1474	80	81	83	84	86	97	
1475	80	82	84	89	99	
1476	80	81	84	86	90	
1477	13	79	81	83	86	
1478	80	81	83	85	92	101	
1479	7	9	10	12	14	80	81	84	88	
1480	16	17	18	19	20	51	51	52	54	55	57	58	61	69	
1481	18	21	44	45	46	48	48	49	50	53	54	56	62	
1482	45	50	
1483	46	
1492	95	
1493	69	
1494	72	
1503	80	84	89	97	
1504	80	81	87	89	
1505	79	80	83	83	90	
1506	79	80	86	100	
1507	78	80	100	
1508	78	83	96	
1509	80	99	
1510	17	80	86	92	
1511	81	83	
1512	10	19	80	83	
1513	7	9	10	11	13	13	14	16	19	20	26	56	57	80	
1514	12	17	18	19	20	21	25	46	47	51	52	54	55	58	63	
1515	23	46	48	49	53	87	90	92	96	
1516	51	55	
1518	75	
1538	81	83	
1539	80	
1545	18	
1546	9	11	15	22	
1547	6	10	12	13	14	15	16	17	19	19	21	23	57	61	68	
1548	18	20	21	22	24	47	50	52	53	55	59	
1549	48	49	52	54	80	82	84	85	87	88	90	
1550	81	86	
1553	26	
1555	10	
1558	95	
1566	42	
1572	39	82	
1575	27	
1579	13	24	29	
1580	5	8	9	10	12	14	15	16	17	19	57	
1581	12	13	15	17	17	18	20	21	23	24	48	51	52	53	55	56	
1582	21	22	47	49	51	55	87	88	90	92	94	
1583	46	79	81	84	86	89	95	
1587	42	
1588	13	26	39	48	
1589	41	57	
1590	48	
1591	58	
1595	74	74	75	75	
1599	8	
1604	39	
1607	84	
1611	100	
1613	8	9	11	13	15	17	19	
1614	5	6	11	12	15	16	17	19	21	23	23	27	53	55	56	59	69	
1615	22	24	46	48	49	51	53	54	61	
1616	48	50	81	83	84	85	89	
1617	38	42	80	83	
1618	48	85	
1619	37	39	
1620	17	22	42	45	47	48	61	70	
1621	18	19	37	39	43	45	60	
1622	17	20	23	26	42	46	48	54	56	58	62	
1623	18	19	21	23	41	44	46	48	50	53	
1624	21	43	43	45	46	47	50	
1625	64	
1626	53	53	54	54	55	
1628	65	
1637	84	
1638	60	
1641	22	
1642	36	
1644	22	
1645	47	
1646	9	15	18	
1647	6	10	11	13	14	15	16	18	56	58	70	
1648	15	16	16	17	19	20	22	24	27	47	48	51	52	54	57	
1649	31	38	42	44	46	46	47	49	50	52	54	56	
1650	42	47	51	79	81	102	
1651	17	19	38	42	47	63	
1652	15	16	19	26	40	44	46	61	66	
1653	13	17	19	21	24	43	46	48	57	59	
1654	14	17	19	20	22	24	26	43	43	63	65	
1655	19	20	22	25	45	51	55	58	
1656	20	22	23	24	27	44	52	57	62	64	93	
1657	22	24	50	51	52	53	54	59	88	
1658	22	25	49	51	59	91	
1677	17	37	44	46	
1678	16	20	43	47	
1679	16	19	39	46	72	
1680	8	10	13	15	16	21	40	
1681	6	10	11	14	15	17	18	19	21	24	52	55	56	72	
1682	17	18	20	21	22	24	33	41	47	50	51	53	53	54	56	59	
1683	22	43	43	44	46	48	48	49	62	
1684	42	45	55	56	60	
1685	20	24	43	45	53	61	65	
1686	11	13	20	22	24	26	
1687	14	24	64	93	
1688	15	22	24	
1689	24	86	88	89	91	94	
1690	53	85	86	87	89	90	92	95	
1691	55	82	83	86	88	89	90	92	95	
1692	53	83	85	87	89	91	94	
1698	77	
1705	37	
1708	16	
1709	19	37	40	
1710	22	42	
1711	16	18	19	22	37	40	43	47	67	
1712	18	19	21	28	40	43	48	
1713	11	14	18	18	19	21	23	43	64	67	
1714	8	11	14	16	19	21	25	64	
1715	12	14	15	18	19	20	22	24	53	55	63	93	
1716	21	22	24	52	54	63	92	
1717	55	87	
1718	87	88	91	
1719	24	86	87	90	92	97	
1720	85	86	88	89	91	96	
1721	82	85	86	88	88	89	90	97	
1722	82	85	87	88	89	91	94	
1723	81	82	84	86	90	95	
1724	79	80	81	82	84	85	87	88	92	
1725	79	80	81	84	90	101	
1726	80	81	85	91	
1727	84	88	
1741	37	38	
1742	10	39	
1743	11	14	17	
1744	12	14	15	16	17	18	20	21	23	34	62	
1745	14	17	18	20	21	24	44	63	
1746	21	23	24	45	
1747	13	15	22	23	25	93	
1748	24	25	91	92	
1749	83	86	87	89	90	93	95	
1750	82	83	85	86	87	89	89	91	93	94	97	
1751	82	85	86	87	88	89	91	93	95	
1752	82	83	84	85	86	89	91	93	97	
1753	78	81	82	84	85	86	89	94	
1754	80	82	83	84	85	87	92	95	
1755	80	81	83	83	84	91	93	
1756	79	80	82	83	86	88	98	
1757	79	81	83	90	
1758	79	81	
1759	79	
1760	81	84	
1762	84	
1776	8	
1777	9	11	13	13	14	18	24	
1778	6	8	11	12	14	15	91	
1779	86	87	89	90	93	93	96	
1780	83	85	86	87	89	89	90	95	97	
1781	83	85	86	87	89	90	92	96	
1782	81	82	85	86	88	89	92	98	
1783	80	80	82	83	84	86	88	92	
1784	79	80	81	81	83	84	85	89	
1785	78	79	80	81	82	83	84	88	88	91	100	
1786	80	82	84	88	
1787	79	81	83	
1788	80	87	
1789	79	
1790	80	97	
1791	91	
1795	84	91	
1809	13	
1811	5	8	12	14	
1812	81	85	88	
1813	81	82	83	84	85	86	87	89	
1814	80	81	82	83	84	85	88	90	94	
1815	80	81	82	84	86	
1816	79	80	82	84	92	96	
1817	78	80	83	
1818	80	82	85	
1819	78	83	85	
1820	85	
1821	98	
1822	84	
1828	99	
1834	79	
1844	88	
1846	80	
1847	81	
1848	79	81	85	
1849	79	82	84	94	
1850	81	84	
1857	93	
1861	2	
1879	24	
1881	84	100	
1889	100	
1890	46	
1909	79	
1918	5	
1922	4	
1948	99	
1957	12	
1974	73	
1995	79	
2001	53	
2007	5	
2012	47	
2030	58	
2033	36	
2034	1	
2055	8	
2060	95	
2062	10	
2063	40	
2071	5	
2084	10	
2086	31	
2122	5	
2126	2	
2158	3	
2163	86	
2181	9	
2228	2	
2233	102	
2251	7	
