186	97	97	
216	93	95	
217	87	91	92	93	95	
218	87	88	90	92	93	94	95	102	
219	87	87	90	92	93	94	96	
220	87	90	91	92	93	95	100	
221	90	92	95	
222	17	
247	58	
248	52	
249	52	87	91	92	96	
250	82	85	86	87	88	90	91	92	93	94	96	99	
251	82	84	86	87	88	88	89	90	91	93	94	96	99	
252	38	82	83	83	84	85	86	87	88	89	90	91	95	97	99	
253	7	9	82	83	85	85	86	87	89	90	91	92	94	97	100	
254	8	10	14	81	82	84	85	86	87	88	89	90	91	92	94	95	97	99	
255	6	11	12	13	15	16	81	82	83	83	85	86	88	88	90	91	93	93	96	99	
256	16	17	18	20	86	88	91	96	
257	18	
264	93	
280	57	
281	52	55	56	57	60	
282	37	51	52	54	56	91	93	97	
283	47	48	50	54	82	83	85	86	87	89	90	91	94	100	
284	38	42	66	80	81	82	83	84	85	86	86	88	89	90	96	99	
285	17	19	37	41	43	48	57	59	73	81	82	83	84	85	86	89	100	
286	18	20	26	42	45	46	47	50	52	57	58	66	68	82	83	84	85	
287	43	45	46	47	48	48	49	51	81	82	83	84	86	
288	9	13	44	81	82	83	84	85	86	89	94	
289	1	7	9	10	11	12	14	15	16	19	82	83	84	85	86	92	
290	12	13	15	16	17	18	19	20	21	83	83	85	95	
291	18	20	
297	91	93	
298	86	88	90	91	93	95	
299	16	91	92	95	
300	16	
313	56	
314	52	56	58	60	
315	50	51	53	54	55	58	88	91	
316	33	42	49	51	53	54	61	67	82	85	86	88	88	90	91	93	96	
317	40	43	46	51	81	82	84	85	86	88	93	99	
318	11	13	15	16	17	18	19	20	43	44	45	46	48	49	80	81	83	84	
319	8	15	18	19	20	20	44	45	57	58	62	81	84	
320	20	21	22	23	24	45	48	50	52	53	54	54	55	56	56	57	58	59	60	61	
321	23	44	45	47	48	48	49	50	51	52	54	55	83	
322	7	9	10	44	45	47	48	49	83	
323	5	7	8	10	11	12	13	14	15	15	16	19	
324	6	13	15	16	16	17	18	19	19	20	22	23	26	85	
325	18	20	22	
327	56	
328	56	93	
329	87	90	92	94	98	
330	86	87	90	92	93	95	98	
331	83	85	86	87	88	90	91	92	94	96	98	
332	7	10	12	14	16	82	84	85	86	87	89	90	92	94	97	99	
333	7	12	15	16	17	19	82	85	87	89	92	96	
334	17	18	19	21	
347	56	57	60	
348	51	53	53	54	55	56	60	
349	50	51	54	86	87	90	91	94	97	
350	9	11	14	16	43	81	82	83	85	86	90	
351	12	14	15	16	17	17	18	19	20	84	
352	13	19	20	21	22	23	24	
353	21	22	23	25	56	57	
354	25	52	52	54	55	56	57	58	59	60	63	
355	49	50	51	51	52	53	54	55	
356	9	13	42	45	46	48	49	51	
357	5	6	8	9	11	12	12	13	14	14	15	16	16	18	19	24	69	
358	11	12	15	16	17	18	18	19	20	21	21	23	
359	22	
361	58	92	
362	56	58	86	87	90	91	92	95	
363	53	82	85	86	88	89	90	91	92	93	95	97	
364	82	83	85	86	87	87	88	89	90	92	93	94	
365	41	46	81	82	84	85	86	87	89	90	94	99	
366	8	9	10	11	12	13	14	15	16	18	19	20	43	44	70	81	82	83	84	86	90	
367	6	12	14	15	15	16	17	17	18	19	19	20	21	22	73	84	
368	21	22	
380	56	58	
381	51	52	54	56	59	62	
382	46	49	50	51	53	54	90	95	
383	9	13	48	80	82	84	85	86	89	91	93	104	
384	8	10	11	12	12	13	14	15	16	19	43	81	83	
385	15	17	18	19	20	21	22	24	25	
386	22	
387	56	57	61	
388	51	52	53	54	55	58	60	62	
389	49	50	51	53	54	92	96	
390	9	11	13	14	16	
391	3	7	11	12	14	15	16	17	18	19	20	21	23	24	
392	13	21	21	22	24	
394	55	57	59	91	92	94	96	
395	53	53	55	87	88	89	90	92	94	96	98	
396	40	83	84	85	86	87	89	90	92	94	95	99	
397	40	47	54	81	82	83	83	85	86	89	91	94	
398	17	19	28	41	44	46	81	82	84	84	86	89	99	
399	8	9	11	13	13	14	16	17	18	18	19	20	43	43	46	68	81	83	84	
400	5	7	10	11	12	14	14	15	17	19	19	20	21	24	45	69	84	
401	18	20	21	22	23	24	25	
402	22	
414	56	57	58	58	61	
415	38	52	53	53	54	55	56	59	61	
416	31	45	46	47	49	50	51	54	83	84	87	89	93	
417	3	7	8	10	11	12	14	14	44	82	84	
418	12	13	14	15	16	17	17	18	19	20	21	23	25	74	
419	21	22	
420	57	
421	52	56	57	59	61	
422	50	51	52	53	54	55	92	
423	9	13	49	85	87	90	92	
424	5	7	12	13	14	15	17	19	
425	22	23	25	57	74	
426	92	97	
427	54	83	85	87	88	89	91	92	93	95	
428	41	53	83	85	86	87	88	88	90	91	92	93	93	95	100	
429	39	46	54	82	83	85	85	86	87	89	90	91	93	95	101	
430	17	18	38	42	43	48	81	82	84	85	87	88	90	100	
431	7	13	16	17	18	19	39	43	44	45	47	68	69	81	84	
432	8	9	11	12	14	15	16	17	18	19	20	21	44	47	83	
433	11	13	14	17	18	19	20	20	21	21	23	23	25	43	
434	4	6	15	21	22	24	25	27	
435	21	22	24	
448	35	60	63	
449	51	53	54	55	56	59	
450	49	50	65	
451	4	8	12	14	15	20	43	48	
452	21	22	24	25	
454	56	58	60	
455	51	52	54	55	56	60	
456	49	50	51	53	86	88	90	92	96	
457	7	10	11	14	83	86	98	
458	8	18	25	
459	52	57	91	93	96	
460	55	82	86	88	89	90	92	94	97	
461	43	53	81	82	83	84	85	86	86	87	89	91	94	96	99	
462	9	40	42	46	81	82	84	85	86	87	89	91	95	99	
463	9	12	14	16	17	19	19	43	72	81	82	84	85	88	
464	11	12	14	15	16	17	18	18	19	20	21	22	41	45	70	83	
465	7	9	12	14	18	19	20	21	22	24	25	45	
466	5	14	21	22	23	23	24	25	
467	4	22	23	25	
484	65	
485	24	
487	57	
488	53	55	56	57	59	
489	47	51	52	53	54	55	93	97	
490	8	49	51	83	83	85	87	89	91	95	
491	13	84	88	91	93	
492	95	
493	85	86	87	89	90	91	94	97	100	
494	9	39	43	54	68	81	82	84	85	86	87	89	90	93	96	
495	12	14	16	17	19	42	81	82	84	85	89	
496	8	10	12	14	15	16	17	18	19	19	20	21	27	44	48	71	83	
497	7	10	12	13	14	15	17	18	18	19	20	20	22	23	24	43	45	
498	5	12	15	17	20	21	22	23	24	27	
499	21	22	24	
507	88	88	
521	58	60	
522	52	53	53	55	56	57	59	61	62	62	63	
523	46	48	49	50	51	51	54	55	58	64	86	89	
524	9	49	51	82	85	86	88	88	90	94	
525	83	84	87	92	96	
526	16	40	82	85	86	88	88	90	92	93	95	101	
527	13	16	18	41	43	68	81	82	83	84	85	87	89	94	
528	9	11	14	15	16	16	17	18	19	20	26	42	45	47	80	82	84	85	
529	6	9	11	13	13	15	16	17	18	19	20	21	43	45	84	
530	15	17	19	20	21	22	23	23	24	25	26	43	
531	15	21	22	24	25	
532	22	
535	29	29	32	
541	89	
555	56	57	58	58	61	
556	50	51	52	54	55	55	56	57	59	61	
557	48	49	50	51	52	53	54	85	90	92	94	
558	49	53	81	84	88	91	
559	8	16	41	48	
560	10	13	17	18	20	40	45	47	67	69	81	83	85	102	
561	8	10	11	12	14	15	16	17	19	19	23	43	43	45	48	72	84	
562	5	13	13	15	16	17	18	19	20	21	22	23	74	
563	19	20	22	22	23	25	
564	22	24	
586	41	42	
587	43	
589	52	56	57	58	60	62	
590	51	51	52	53	54	55	59	62	91	97	
591	48	49	50	52	53	55	58	85	87	88	91	93	96	
592	9	16	43	46	67	85	100	
593	9	11	14	16	16	17	19	19	27	43	45	47	72	
594	6	10	11	13	14	14	15	16	17	18	18	19	20	21	23	44	84	
595	5	11	13	15	17	19	20	20	21	22	23	24	48	
596	20	21	22	25	
597	23	25	
622	56	58	59	
623	50	51	53	54	55	56	61	91	93	94	97	
624	51	52	54	55	61	85	86	87	89	90	92	93	95	
625	8	13	42	47	48	51	54	67	81	83	85	86	89	90	
626	6	8	10	12	14	15	16	17	18	19	39	43	72	
627	11	12	14	15	16	17	17	18	19	20	20	22	23	27	44	
628	16	18	19	20	21	22	24	25	26	
629	22	23	24	
655	56	57	60	93	
656	52	53	54	60	88	91	93	95	
657	51	54	59	86	87	88	89	90	91	93	95	
658	43	47	51	68	82	83	83	84	85	87	88	90	94	99	
659	6	9	11	12	13	14	15	16	18	18	19	44	82	83	85	
660	6	12	13	14	15	16	17	19	19	20	21	24	43	
661	15	18	20	21	22	23	24	25	
662	22	
687	60	
688	57	61	92	
689	52	53	90	92	96	
690	47	54	55	83	85	86	87	88	89	90	91	92	94	96	100	
691	16	82	83	85	86	87	89	
692	7	8	11	13	14	15	15	16	17	18	18	19	20	43	81	84	
693	12	14	15	17	19	20	21	22	23	24	27	43	
694	21	22	24	25	
695	23	
720	38	57	58	59	
721	47	51	55	
722	46	49	51	53	54	59	83	87	90	92	95	
723	41	51	55	83	84	85	86	87	88	88	90	91	92	93	95	102	
724	9	16	17	19	42	44	47	68	81	82	84	85	86	90	93	99	
725	7	9	10	12	12	14	15	16	17	18	18	19	20	26	42	44	72	82	84	
726	13	15	17	19	20	20	21	22	24	25	26	
727	21	22	
753	58	
754	52	56	57	59	60	
755	43	48	50	51	52	53	54	55	58	
756	9	39	42	44	47	48	49	50	51	54	68	82	85	89	94	98	
757	7	11	13	14	15	18	42	44	46	48	82	84	85	86	101	
758	7	10	13	14	15	16	18	19	20	21	72	81	
759	12	21	22	23	24	24	26	
760	3	23	23	75	
788	55	60	62	
789	32	52	53	54	55	58	
790	49	65	84	
791	4	8	12	14	15	22	24	83	
792	20	22	23	25	
793	23	
825	4	24	
1166	61	
1170	75	
1195	21	
1202	37	70	
1203	18	
1204	74	
1212	62	
1216	41	
1218	25	
1227	27	
1233	66	
1249	56	
1250	101	
1263	75	
1286	46	
1293	6	
1301	32	
1302	4	
1306	66	
1309	55	
1312	59	
1313	70	
1315	52	
1316	62	
1318	96	
1325	6	
1338	20	41	44	
1340	26	42	44	49	55	
1341	37	39	47	49	59	
1342	45	46	50	60	68	87	
1343	43	47	48	56	69	
1356	63	
1370	43	
1371	16	42	
1372	16	18	19	20	41	44	47	71	
1373	17	19	21	28	37	41	43	45	46	52	55	56	60	67	
1374	17	18	20	22	43	43	45	46	47	48	52	57	60	67	
1375	19	20	21	23	42	45	47	49	51	56	58	60	
1376	21	24	43	44	46	48	48	52	55	56	102	
1377	45	47	48	49	51	65	
1378	44	46	50	60	
1379	77	
1380	48	
1393	102	
1403	74	
1404	10	14	
1405	12	15	17	18	19	20	25	41	43	69	
1406	13	15	16	17	18	18	20	21	22	24	44	
1407	20	21	22	24	44	50	62	72	
1408	20	21	22	24	50	55	61	
1409	20	22	23	25	45	52	54	57	59	62	65	
1410	20	22	24	45	50	51	53	54	55	56	56	58	58	59	61	75	
1411	22	43	44	45	46	47	48	49	50	51	52	54	58	65	
1412	44	47	48	49	51	53	
1413	48	
1414	54	
1416	62	
1418	41	46	
1419	21	
1420	38	43	48	52	
1421	47	51	
1430	21	
1436	13	32	
1437	9	15	21	43	
1438	9	11	13	13	14	15	16	18	19	24	70	
1439	11	12	14	15	16	17	18	18	19	20	21	24	25	44	
1440	21	22	24	25	74	
1441	22	25	
1442	91	92	96	
1443	57	62	92	97	
1444	17	25	37	52	54	55	56	57	58	60	61	
1445	45	47	48	50	51	51	52	53	54	55	56	58	60	
1446	47	49	50	50	52	53	55	60	
1447	49	
1449	66	
1450	26	
1451	40	
1452	18	19	39	50	
1453	16	17	19	21	39	43	45	47	48	56	61	69	
1454	18	20	22	26	42	43	45	46	47	50	52	55	56	58	71	
1455	45	47	49	50	57	
1456	48	51	55	
1463	52	
1469	19	
1470	10	13	43	
1471	9	10	12	14	15	16	18	19	22	
1472	10	12	13	15	15	17	18	19	20	21	24	45	
1473	21	22	24	
1474	23	55	87	88	91	91	93	95	96	
1475	86	86	87	90	91	92	93	94	96	
1476	9	11	14	82	86	87	88	88	89	91	93	96	99	
1477	7	11	12	14	15	18	82	85	86	88	88	90	91	94	
1478	16	17	18	53	55	56	57	58	58	60	63	
1479	47	50	51	52	53	54	55	56	57	60	
1480	48	49	50	53	55	56	60	
1481	50	54	
1483	26	43	
1484	13	17	18	22	42	
1485	15	16	17	18	20	23	39	43	45	67	71	
1486	11	13	15	16	17	18	19	21	24	42	45	48	48	67	
1487	17	19	20	22	23	44	56	57	59	61	
1488	20	22	23	47	49	51	52	53	55	56	58	60	62	72	
1489	48	49	50	51	53	53	55	59	
1490	48	52	
1496	72	
1504	8	8	10	12	14	15	16	19	
1505	11	12	14	15	16	17	18	19	21	23	25	60	70	73	
1506	5	21	22	24	74	
1507	50	53	86	87	89	90	91	93	95	100	
1508	82	83	85	85	87	89	90	91	94	99	
1509	81	81	82	83	83	84	85	86	87	88	90	93	96	100	
1510	9	81	82	83	84	86	89	94	
1511	7	9	10	11	12	13	14	15	16	19	82	83	84	99	
1512	16	17	18	19	20	22	55	56	57	59	60	63	87	
1513	51	52	54	55	56	91	96	
1514	47	50	54	65	88	91	96	
1515	46	67	
1516	16	
1517	11	14	16	18	19	21	42	44	47	68	
1518	7	12	15	16	17	19	20	25	40	43	44	
1519	12	14	17	18	19	20	21	23	25	27	45	72	
1520	20	21	23	23	25	45	
1521	22	24	25	52	55	56	57	58	60	62	
1522	23	50	51	52	53	53	54	55	57	59	92	
1523	50	52	54	56	92	
1536	9	
1537	10	13	15	
1538	7	10	12	13	13	15	16	18	18	21	58	
1539	15	17	18	19	21	23	23	25	52	55	56	58	60	
1540	50	51	53	91	93	94	
1541	54	81	82	84	85	86	88	90	93	100	
1542	81	84	89	
1543	14	82	84	
1544	7	9	11	14	19	22	42	43	85	
1545	4	6	11	12	13	14	14	15	17	19	20	56	58	83	
1546	18	21	22	24	53	54	55	97	
1547	47	51	54	83	85	86	87	88	90	91	93	95	
1548	42	54	65	87	91	
1549	14	17	19	42	48	50	69	
1550	10	14	16	17	18	20	27	40	44	46	71	
1551	7	11	13	13	15	16	17	18	19	20	22	24	27	44	48	69	
1552	8	11	15	17	19	20	21	22	23	25	45	
1553	20	22	25	58	
1554	57	
1555	53	54	55	60	91	92	96	
1556	52	54	55	59	87	90	91	92	93	95	
1557	82	86	89	92	96	
1562	4	
1570	19	
1571	8	9	11	15	
1572	8	12	13	14	15	17	19	21	24	
1573	22	25	52	55	59	
1574	52	53	82	85	86	87	88	90	97	100	
1575	83	83	86	90	
1576	15	83	
1577	9	13	15	
1578	6	10	12	14	15	17	19	21	23	58	
1579	13	18	20	21	23	25	56	60	
1580	48	50	52	53	55	85	87	89	91	94	98	
1581	48	54	66	81	82	84	85	87	88	90	93	
1582	12	14	16	19	42	44	48	85	
1583	11	14	15	16	18	19	20	22	24	45	72	
1584	10	12	14	17	21	23	24	43	48	
1585	12	15	20	21	22	24	
1586	22	25	93	
1587	91	92	96	
1588	53	55	59	87	88	90	91	92	94	96	
1589	55	85	86	87	89	90	91	92	93	95	
1590	54	81	82	83	85	86	87	89	90	92	95	98	
1591	84	86	90	
1592	87	
1593	61	61	62	62	
1604	11	
1605	6	10	13	14	
1606	7	92	
1607	51	53	55	87	89	90	92	93	95	100	
1608	81	82	84	85	88	90	95	
1610	9	16	86	
1611	9	11	13	15	17	19	
1612	7	12	14	15	16	16	17	19	20	22	34	58	61	
1613	21	21	23	26	43	47	51	52	54	54	62	66	
1614	43	45	49	51	66	83	86	89	
1615	10	14	16	17	20	28	41	45	47	48	80	
1616	12	13	15	16	18	18	19	20	21	27	43	69	74	79	
1617	14	15	19	20	21	23	24	57	
1618	22	23	24	25	
1619	52	
1620	55	57	86	87	91	92	94	96	
1621	82	83	85	86	87	89	90	90	92	93	96	100	
1622	82	82	84	85	86	87	89	90	93	93	96	99	
1623	81	82	83	83	85	86	88	89	92	97	
1624	82	84	87	89	92	97	
1625	83	
1627	11	
1633	18	
1640	7	85	91	97	
1641	83	84	85	86	88	90	
1642	85	
1643	88	89	
1644	3	9	13	42	
1645	6	9	10	12	14	15	16	18	19	21	24	
1646	16	17	18	18	19	20	21	22	24	56	60	
1647	20	21	22	45	48	51	54	68	
1648	10	15	26	43	44	46	
1649	10	12	14	17	21	24	44	57	68	
1650	22	24	
1651	23	25	57	93	
1652	53	55	92	93	94	96	
1653	53	55	82	85	86	87	89	90	91	92	93	95	98	100	
1654	82	82	83	85	86	87	88	90	94	97	99	
1655	80	82	83	84	85	88	89	94	
1656	81	82	83	84	86	89	
1657	85	91	
1658	86	
1659	89	
1667	7	
1671	14	
1674	85	
1675	85	90	
1676	83	89	
1677	9	
1678	9	11	13	14	16	19	21	
1679	7	11	12	13	14	15	15	16	17	19	22	24	
1680	16	17	18	19	20	21	22	24	74	
1681	21	23	54	
1682	57	
1683	22	25	56	
1684	23	53	55	91	92	96	
1685	53	54	83	86	87	88	89	90	91	92	94	96	
1686	55	82	82	85	86	87	88	89	91	93	94	97	99	
1687	80	81	82	83	84	85	85	87	89	93	94	
1688	81	82	84	86	89	93	
1689	31	87	
1691	17	
1692	26	26	
1704	40	
1705	42	
1711	22	54	
1712	7	8	10	11	13	13	14	17	18	24	
1713	4	6	10	11	12	14	15	16	17	18	19	20	26	71	94	
1714	17	18	19	20	21	23	24	
1715	22	57	
1716	53	55	61	
1717	51	52	54	87	88	92	95	96	
1718	55	82	82	85	85	86	87	88	89	91	92	94	98	99	
1719	54	81	82	83	84	85	85	87	89	90	101	
1720	81	82	83	84	86	88	
1721	82	83	
1722	85	94	
1723	84	100	
1726	25	
1728	42	
1729	77	
1737	37	
1738	71	
1740	12	
1741	36	36	38	
1743	81	92	
1745	9	13	17	43	44	
1746	6	9	10	11	13	14	15	16	18	18	19	22	
1747	7	12	14	15	15	16	17	19	20	21	23	24	71	
1748	21	22	24	56	58	
1749	52	55	60	92	97	
1750	53	54	55	58	86	87	88	90	91	92	94	95	
1751	55	82	83	85	86	87	89	90	93	95	99	
1752	55	80	81	82	83	84	85	88	89	92	96	
1753	82	84	85	93	98	
1754	84	94	
1755	88	
1758	30	81	
1763	5	
1765	103	103	
1766	78	
1772	20	
1775	35	
1776	21	
1777	8	
1778	12	14	24	42	
1779	4	9	11	15	16	18	19	
1780	6	10	11	14	15	16	18	18	19	20	22	26	44	70	
1781	3	13	19	20	21	23	23	25	57	60	
1782	22	52	53	54	56	93	96	
1783	55	82	83	85	86	87	89	90	91	93	93	95	
1784	54	81	82	83	83	84	85	86	87	89	91	94	98	
1785	80	81	82	84	85	87	89	91	93	98	
1786	84	
1787	85	86	
1788	91	
1790	43	
1792	100	
1795	60	72	
1799	103	
1801	88	
1810	17	
1811	24	41	
1812	8	9	11	13	13	15	16	18	19	20	28	43	44	48	69	
1813	6	11	12	14	15	19	20	21	23	
1814	15	21	22	24	58	62	
1815	25	51	53	54	55	56	91	93	95	
1816	83	85	86	87	88	89	90	91	93	95	96	100	
1817	80	81	82	84	85	85	87	88	90	99	
1818	82	84	85	86	
1819	84	
1820	88	
1821	96	
1822	84	
1832	80	
1838	33	
1843	16	43	
1844	8	17	21	77	
1845	10	10	12	13	15	16	18	19	21	24	43	48	
1846	6	10	12	15	17	19	20	21	23	70	
1847	21	22	24	58	
1848	22	53	53	55	90	91	92	94	96	
1849	58	83	86	86	87	88	89	91	95	98	
1850	80	82	83	84	85	86	88	90	100	
1851	84	93	
1852	85	95	
1853	50	
1854	5	
1856	96	
1864	2	
1877	11	13	17	19	21	
1878	7	9	12	14	15	16	17	19	19	21	
1879	12	15	17	18	20	21	23	24	28	
1880	21	23	24	55	56	58	91	93	97	
1881	23	52	53	55	56	63	91	92	97	
1882	82	85	86	87	88	90	92	93	
1883	81	82	84	85	87	88	91	94	
1884	82	85	
1885	83	
1900	68	
1901	16	88	
1910	14	
1911	8	9	10	12	13	14	15	16	19	
1912	12	15	23	23	24	59	
1913	54	93	
1914	62	83	87	89	90	91	94	100	
1915	81	82	84	85	86	89	92	94	100	
1916	82	83	86	90	98	
1917	85	
1935	84	
1943	20	
1944	9	14	
1945	6	10	12	14	
1946	88	90	95	101	
1947	83	87	89	90	91	94	97	99	103	
1948	80	81	82	84	85	86	88	92	94	
1949	80	83	83	85	89	96	
1950	85	99	
1952	99	
1958	56	
1964	37	
1965	4	
1977	20	
1980	82	84	86	91	94	
1981	81	82	84	84	86	88	90	92	94	
1982	36	82	84	87	
1984	84	
2001	8	
2008	69	
2012	96	
2014	84	
2015	84	
2022	5	
2036	10	
2038	79	
2052	57	75	
2086	10	
2091	4	
2118	34	55	
2138	17	
2156	28	
2180	12	
2194	6	
2210	105	
2211	18	
2215	12	
2219	23	
2259	9	
