47	4	
48	59	
50	74	83	
147	27	
155	92	
156	87	88	90	91	92	94	97	
157	87	89	91	92	94	97	
158	16	87	92	
186	92	98	
187	57	91	93	98	
188	86	87	89	90	91	92	94	98	
189	83	86	87	89	90	91	92	94	97	100	
190	82	84	85	86	87	89	90	91	92	94	97	
191	7	8	11	13	82	83	83	84	85	86	87	88	89	91	93	96	102	
192	12	14	16	16	19	21	82	85	87	89	98	
193	17	19	
213	87	92	98	
214	92	97	
215	92	95	
216	87	91	97	
217	87	91	92	96	
218	86	87	91	93	95	
219	86	87	88	90	91	93	93	95	
220	83	86	87	90	91	92	94	97	
221	81	83	84	86	87	88	89	90	91	92	94	96	
222	81	82	83	84	85	86	87	88	89	90	91	93	95	
223	81	82	83	84	85	86	87	88	89	91	93	96	100	
224	10	80	81	81	82	83	84	85	87	88	91	95	
225	7	9	10	11	13	13	14	15	17	18	80	81	83	84	85	89	94	
226	8	11	12	13	14	15	16	17	17	18	19	21	70	83	84	99	
227	16	17	17	20	21	23	24	
244	59	
245	87	92	97	
246	86	88	89	91	92	93	95	99	
247	82	85	86	87	89	90	91	92	94	95	
248	82	85	86	88	89	90	91	93	93	94	97	
249	81	82	85	86	87	88	88	90	91	92	94	95	99	
250	81	82	83	85	86	87	88	89	90	90	92	93	94	96	
251	82	85	86	87	89	90	91	92	94	95	98	101	
252	81	82	83	84	85	86	87	88	88	89	90	91	94	96	100	
253	81	82	83	84	85	86	88	89	90	91	94	99	
254	81	82	83	84	85	86	87	88	89	90	91	93	95	98	
255	67	80	81	82	84	85	86	89	91	94	100	
256	81	82	84	85	86	90	94	98	
257	80	81	84	85	91	93	
258	9	12	13	18	39	81	85	89	
259	5	7	9	10	11	12	13	14	15	15	16	17	19	
260	7	12	13	15	15	16	16	17	18	18	19	20	21	22	24	83	
261	20	21	22	25	
276	58	
277	52	56	
278	37	42	46	47	49	51	52	54	
279	46	49	82	85	89	94	
280	80	81	82	83	85	86	89	90	94	95	99	
281	80	81	82	84	85	85	87	89	90	95	98	
282	80	81	82	83	83	84	85	86	88	89	94	100	
283	37	80	81	82	83	83	84	85	86	89	91	95	98	
284	38	80	81	82	83	84	84	85	86	89	90	93	96	99	
285	68	80	81	82	83	84	85	86	89	90	94	101	
286	18	37	40	81	82	83	84	84	86	89	93	
287	17	18	36	41	47	58	81	82	83	84	94	98	
288	41	44	46	47	49	81	82	84	
289	41	47	80	82	83	85	
290	6	14	84	
291	82	83	89	
292	7	8	10	11	13	13	14	16	17	18	26	
293	3	8	10	11	12	13	14	15	16	16	17	18	19	19	20	44	71	
294	13	18	19	20	21	22	23	23	24	
295	22	
310	57	
311	52	53	54	55	56	57	60	
312	40	43	45	47	47	49	50	51	51	53	54	55	56	57	59	
313	32	34	38	40	42	44	45	46	47	48	48	49	50	54	57	64	
314	40	43	45	46	47	48	51	53	56	80	83	
315	19	32	34	39	42	43	45	46	48	48	58	81	83	
316	19	20	37	38	42	44	46	47	51	58	58	66	80	81	84	
317	18	19	20	32	37	40	43	44	46	47	58	80	84	
318	17	19	20	41	46	47	48	54	67	81	84	
319	11	17	19	35	36	39	41	43	43	46	48	58	66	81	83	
320	10	13	13	18	18	20	21	26	34	40	44	57	65	84	
321	16	17	19	20	20	22	33	42	43	45	46	48	49	52	55	56	57	59	63	64	68	
322	20	20	21	22	24	38	42	44	45	46	47	48	49	50	51	53	55	59	
323	23	41	43	44	45	46	49	52	56	
325	9	12	14	15	19	
326	7	10	11	12	13	13	14	15	16	18	19	21	23	
327	2	5	13	15	16	17	18	19	20	21	21	22	24	25	
328	21	23	25	
345	55	
346	35	51	52	53	54	55	57	59	64	
347	33	43	45	48	49	50	52	53	54	55	58	61	65	
348	24	35	39	43	44	45	47	49	52	53	58	65	
349	20	25	34	42	44	45	46	48	48	53	55	56	63	63	
350	18	20	22	23	24	43	45	47	50	54	57	58	
351	20	22	23	25	42	43	45	47	48	50	53	55	56	63	64	
352	20	22	24	26	30	35	43	45	48	49	53	54	62	
353	19	20	22	23	25	43	45	46	49	
354	12	15	20	21	23	23	43	45	57	63	
355	20	22	23	24	49	51	53	54	55	56	56	58	58	64	
356	22	24	35	42	45	47	48	49	50	51	51	52	53	54	55	56	59	
357	44	45	46	47	49	50	51	53	
358	45	50	
359	6	9	10	11	14	15	18	
360	6	8	11	12	12	13	14	14	15	15	16	17	18	19	23	
361	13	16	17	18	19	20	21	22	23	27	
380	55	
381	55	
382	52	55	64	
383	25	
384	25	54	
385	24	
386	45	
387	23	24	
388	5	25	57	
389	25	51	52	53	55	56	57	59	
390	42	45	47	48	49	50	51	51	52	54	54	57	60	
391	44	46	47	49	49	50	52	53	
392	45	50	
393	9	10	10	12	14	
394	7	8	10	11	12	12	13	13	14	15	15	16	16	17	18	19	25	
395	16	16	17	18	19	20	21	22	23	
396	23	
417	25	
422	56	58	
423	37	51	52	53	53	54	55	56	57	60	
424	45	46	47	48	49	50	51	52	53	53	54	55	59	
425	44	47	49	49	51	54	
426	45	
427	5	7	9	10	11	13	13	14	15	
428	5	8	10	11	12	13	14	14	15	16	16	18	18	19	19	21	24	
429	13	16	17	17	19	20	21	22	23	
456	56	58	
457	50	51	52	53	54	54	55	56	57	60	
458	43	45	46	47	48	49	50	51	51	53	54	55	56	59	
459	42	44	45	46	47	49	50	93	
461	4	6	9	10	11	13	14	16	
462	5	6	8	10	11	12	13	14	15	16	17	18	19	20	24	69	
463	16	17	18	19	20	21	21	23	24	26	
491	51	52	53	55	55	56	57	60	
492	47	49	50	51	52	54	55	63	87	92	96	
493	47	48	50	91	93	97	
494	9	14	
495	7	9	10	11	12	13	14	15	16	20	25	
496	1	7	11	12	13	14	15	16	17	18	18	19	20	21	23	25	26	
497	17	18	18	20	21	22	
519	92	
520	92	
521	88	91	93	97	
522	87	90	92	96	
523	88	91	92	95	
524	86	87	89	90	92	93	95	
525	51	52	54	55	57	62	83	85	86	88	90	91	92	94	96	
526	50	51	54	55	82	86	87	89	90	91	92	93	95	96	
527	50	83	86	87	89	91	93	95	
528	7	8	9	13	
529	5	6	9	10	11	12	14	15	16	
530	11	13	13	15	15	16	17	18	20	23	24	
531	16	23	86	88	91	93	
532	18	88	
533	92	98	
534	91	
536	26	26	
550	92	
551	92	
552	88	92	94	97	
553	87	92	95	98	
554	82	83	86	87	88	89	91	92	93	95	97	
555	82	83	84	85	86	87	89	90	91	92	94	96	98	
556	81	82	85	86	87	89	90	91	92	93	95	100	
557	81	82	83	85	86	87	89	90	91	92	93	95	99	
558	81	82	84	85	86	87	88	90	91	92	93	95	98	
559	81	82	82	83	84	85	86	89	90	91	93	95	100	
560	54	80	81	82	83	84	85	86	88	88	89	90	93	94	96	99	
561	53	81	83	84	86	89	91	100	
562	9	91	103	
563	9	11	13	13	
564	3	7	10	12	14	83	84	86	89	92	93	
565	8	12	14	17	82	82	84	85	87	89	90	92	95	99	
566	16	82	85	86	87	89	90	92	93	95	98	101	
567	10	14	85	87	88	88	89	91	92	94	97	
568	82	86	87	87	89	90	91	92	94	98	
569	16	83	86	88	91	97	
570	17	
581	57	
582	56	
584	82	86	89	90	93	96	101	
585	82	85	86	87	88	89	90	92	94	96	102	
586	38	39	41	83	85	86	87	89	90	91	92	93	94	96	
587	37	38	81	82	84	85	86	87	88	89	90	92	93	95	
588	16	42	46	81	82	83	84	85	86	88	88	89	91	93	97	101	
589	18	36	39	47	68	70	81	81	82	84	85	89	
590	37	40	43	46	80	81	82	83	83	84	85	88	89	99	
591	37	39	48	49	56	79	80	81	82	84	84	88	100	
592	20	33	38	39	43	43	46	48	59	66	81	82	84	85	86	
593	42	46	47	80	81	84	88	
594	38	47	49	81	83	86	
595	46	85	
596	99	
597	5	9	14	
598	4	9	15	16	20	36	38	68	82	84	86	88	100	
599	12	14	16	18	19	21	37	40	43	81	82	83	84	88	101	
600	18	18	21	38	42	46	81	82	83	83	84	85	88	93	
601	6	9	13	20	38	42	69	81	81	82	83	84	85	89	
602	5	6	9	11	15	16	18	71	82	83	83	84	85	88	89	
603	7	12	15	16	18	19	69	82	85	93	
604	17	18	21	
615	56	
616	51	52	54	57	58	
617	31	34	37	39	42	45	46	47	48	49	50	51	56	57	
618	37	42	43	43	45	46	47	49	50	56	68	81	85	86	
619	36	39	42	46	47	48	52	81	82	83	84	85	88	99	
620	19	28	39	42	43	46	47	52	80	81	82	84	85	86	88	98	
621	19	20	38	41	43	44	46	47	48	62	69	80	81	82	83	84	85	101	
622	12	17	19	20	35	38	39	42	46	56	58	80	81	84	
623	16	18	19	19	21	24	42	44	45	46	47	49	52	53	55	56	59	64	69	83	
624	19	21	22	24	32	41	44	45	46	47	48	50	55	57	58	63	63	67	
625	19	20	22	24	40	43	44	45	47	48	51	53	56	58	62	
626	19	20	21	22	25	26	35	37	38	42	43	44	45	47	48	48	50	51	53	53	55	56	57	60	67	
627	20	21	23	24	27	37	41	43	44	45	47	47	49	51	55	56	58	60	64	
628	21	22	26	33	40	42	43	44	45	46	46	47	48	48	49	50	
629	23	42	44	46	47	54	
630	14	26	
631	6	10	14	16	18	37	43	58	66	
632	12	15	16	17	18	18	19	19	20	21	22	24	27	30	40	44	48	57	63	67	84	
633	17	18	19	20	20	22	23	25	39	43	43	44	45	47	49	57	62	64	
634	18	18	20	21	22	24	25	33	33	39	43	44	46	48	49	54	59	
635	11	14	21	22	23	23	42	44	46	48	49	64	81	
636	10	11	14	16	19	20	21	24	64	
637	7	11	13	15	17	19	20	21	23	23	83	
638	22	
649	53	
650	52	54	55	57	61	
651	34	45	50	53	54	54	57	61	
652	33	44	47	48	50	51	54	55	57	59	
653	23	44	45	47	49	50	54	55	61	64	
654	21	25	35	43	45	48	51	54	60	65	80	
655	10	15	20	21	23	24	25	42	43	44	48	63	64	
656	12	15	21	22	23	24	25	45	52	63	
657	21	22	24	25	52	
658	22	24	25	55	62	
659	24	52	54	
660	22	24	45	49	52	54	55	57	58	
661	25	45	48	48	50	51	52	52	53	54	55	55	56	56	59	62	64	
662	24	39	42	44	45	46	47	47	49	50	50	51	52	53	55	58	
663	43	44	45	46	47	48	49	
664	7	9	13	68	
665	7	10	11	12	12	14	14	15	16	19	
666	13	15	16	17	17	18	19	19	20	21	22	24	
667	18	21	22	23	23	25	45	
668	25	
669	23	24	
670	22	25	
671	3	22	24	
686	54	
687	54	
688	23	
689	25	
690	23	
694	55	
695	52	52	54	54	55	56	57	58	61	
696	35	36	42	45	46	47	48	48	49	50	50	51	52	53	54	55	58	63	
697	42	43	44	45	46	47	49	50	
698	9	10	12	13	
699	5	7	8	9	10	11	12	12	13	14	15	15	16	19	25	
700	16	17	17	18	19	20	21	22	23	24	
701	23	
729	51	52	53	54	55	56	57	61	
730	42	45	47	50	51	52	52	54	54	55	60	
731	39	42	44	45	45	46	47	48	48	49	49	50	
732	4	8	9	10	14	67	
733	3	6	11	12	12	13	13	14	15	15	16	19	24	25	26	
734	16	17	18	20	20	21	22	23	24	
763	53	55	56	58	
764	50	51	52	53	53	54	55	55	61	
765	32	41	43	45	45	46	47	48	49	50	
766	5	9	11	13	43	45	
767	7	11	12	13	14	15	15	16	19	20	24	
768	18	21	22	23	24	
797	58	
798	35	51	52	53	54	55	60	
799	43	45	49	64	
800	14	45	65	
801	12	15	20	24	28	
802	21	22	24	
1163	43	
1168	10	
1173	49	
1174	1	36	
1175	87	
1176	63	
1179	42	
1205	63	
1209	10	
1211	36	
1212	69	
1213	103	
1233	43	
1238	18	
1242	21	
1249	55	
1251	16	
1269	31	
1272	66	
1273	39	
1274	87	
1276	38	
1277	39	
1278	39	46	
1280	43	46	
1281	60	
1286	77	
1300	29	
1302	30	
1306	30	57	
1309	18	18	38	38	
1310	16	46	
1311	18	20	37	39	45	66	
1312	18	19	22	32	37	41	43	43	47	48	51	57	58	
1313	21	42	45	47	48	
1314	46	48	77	
1315	61	
1316	42	60	
1317	23	
1318	15	
1327	21	50	
1328	102	
1333	24	
1335	33	58	
1338	28	40	
1339	47	
1340	42	
1341	19	42	
1342	14	16	16	37	40	47	50	63	
1343	18	19	42	45	48	65	
1344	11	16	18	18	19	21	38	39	42	65	67	
1345	15	16	19	20	21	23	26	34	42	45	48	57	
1346	18	18	19	20	21	23	24	28	42	44	45	47	50	52	53	55	57	59	65	
1347	21	22	25	38	43	44	45	46	47	48	49	50	53	
1348	44	46	48	
1350	49	
1366	15	36	43	
1367	17	21	26	47	
1368	16	19	36	40	44	67	71	
1369	17	18	21	36	42	44	46	48	66	
1370	19	41	46	50	57	64	
1371	17	19	20	27	38	39	44	46	48	48	64	
1372	20	36	42	43	46	67	
1373	15	17	18	20	38	40	47	59	64	66	
1374	14	18	19	24	27	29	34	42	44	47	63	
1375	14	16	18	19	21	25	35	40	45	47	67	
1376	17	19	20	21	40	43	47	64	66	
1377	13	14	15	16	17	19	20	23	24	38	43	44	48	64	
1378	11	15	17	18	19	21	22	25	29	45	47	
1379	13	15	19	20	22	23	24	44	53	57	58	
1380	21	23	23	24	50	51	52	54	55	55	56	57	58	61	
1381	24	45	46	47	48	50	51	52	53	54	55	60	
1382	43	44	47	48	49	53	54	
1385	12	
1392	79	
1396	44	94	
1400	13	17	24	
1401	13	17	18	20	35	42	
1402	17	19	20	22	23	39	43	45	47	60	
1403	18	19	20	21	24	38	38	42	44	47	49	55	56	59	
1404	18	18	20	22	25	34	42	44	47	49	53	59	64	69	
1405	19	20	22	24	26	37	40	43	44	46	47	50	54	56	61	65	71	
1406	15	17	20	22	25	42	44	47	51	62	
1407	13	17	19	21	23	24	26	39	44	47	63	
1408	15	16	18	18	19	21	22	23	35	43	43	45	46	48	54	62	
1409	12	14	16	19	20	22	23	27	35	44	69	
1410	10	14	15	17	20	21	22	24	45	49	
1411	14	19	21	22	23	25	
1412	22	25	
1413	23	24	56	56	57	
1414	51	51	52	53	53	54	55	56	59	
1415	47	48	49	50	51	54	55	60	93	96	
1416	50	54	87	92	96	
1418	74	
1421	52	
1430	75	
1433	9	
1434	10	13	14	20	
1435	8	11	13	14	15	16	18	19	21	23	35	
1436	13	16	17	19	20	21	24	27	63	
1437	17	20	22	23	24	45	53	62	
1438	20	22	25	45	53	55	63	
1439	21	23	24	
1440	23	23	25	45	55	63	63	
1441	22	24	45	
1442	22	24	
1443	22	
1444	24	92	
1445	17	93	
1446	56	57	
1447	52	53	54	58	
1448	46	48	50	51	52	54	55	93	
1449	47	48	50	53	82	86	87	88	89	90	91	94	97	
1450	54	79	81	84	87	89	92	96	
1451	93	
1456	55	
1463	26	
1467	11	14	
1468	6	10	11	13	15	
1469	8	9	11	12	13	14	15	20	24	93	
1470	15	16	21	87	92	96	
1471	88	91	92	96	
1472	87	91	92	97	
1473	87	87	91	92	96	
1474	87	88	91	92	97	
1475	87	92	93	96	
1476	88	91	92	95	
1477	87	88	90	91	94	96	
1478	8	10	83	86	87	88	89	90	92	93	96	100	
1479	13	82	85	86	87	88	90	90	92	96	
1480	17	18	19	52	56	57	60	
1481	41	47	48	50	51	52	53	53	54	55	56	58	61	
1482	44	47	49	50	51	55	91	100	
1483	46	55	81	82	83	84	85	87	89	90	93	
1484	81	84	88	91	
1485	58	
1502	11	14	
1503	5	6	9	12	15	81	86	93	
1504	6	11	13	15	81	82	83	84	86	88	88	90	94	96	99	
1505	82	83	84	85	86	89	90	92	93	94	99	
1506	82	83	84	85	86	87	88	89	91	94	95	102	
1507	81	82	83	85	85	87	89	90	91	93	95	98	101	
1508	82	83	84	85	86	87	89	90	91	93	96	100	
1509	82	83	84	85	86	87	88	89	91	94	96	99	
1510	81	82	83	85	86	88	89	90	91	94	97	98	
1511	81	82	83	84	84	85	87	89	91	93	
1512	8	10	12	14	81	83	84	85	86	88	89	92	
1513	6	11	12	13	13	15	15	16	18	19	81	82	83	84	
1514	16	17	17	19	20	21	24	28	52	53	56	57	58	60	85	
1515	34	42	47	47	48	49	49	50	50	51	53	53	54	55	57	59	
1516	43	44	45	46	49	50	60	90	
1517	48	80	86	
1519	69	
1522	58	
1523	41	
1525	12	
1526	95	
1533	52	
1534	16	
1537	13	88	
1538	8	17	80	82	83	85	
1539	80	81	82	83	84	86	88	98	
1540	81	82	84	85	88	92	93	100	
1541	80	81	82	84	85	88	91	94	
1542	80	81	84	88	91	94	
1543	80	81	82	83	84	86	88	95	101	
1544	80	81	83	84	85	88	90	93	98	
1545	9	16	80	83	84	86	88	90	99	
1546	5	9	10	12	14	83	85	
1547	7	10	11	12	13	14	15	15	16	16	18	18	19	20	25	83	
1548	16	17	18	19	20	21	21	23	23	53	56	56	57	59	
1549	43	46	47	50	50	51	52	52	53	54	55	59	
1550	44	45	46	47	48	49	50	52	54	91	96	
1551	79	93	
1571	3	
1572	100	
1573	83	84	
1574	10	83	
1575	85	91	
1576	84	
1578	85	
1579	12	29	
1580	5	7	8	10	11	13	14	15	16	104	
1581	11	12	13	14	15	16	17	18	18	19	20	23	24	
1582	17	19	20	21	22	24	52	52	54	55	56	59	
1583	41	46	47	48	49	50	50	51	52	53	54	55	56	57	58	
1584	43	44	46	48	49	51	91	94	
1585	45	48	52	96	
1586	30	
1587	95	
1589	97	
1594	49	
1595	67	
1602	49	
1607	100	
1608	42	
1609	46	
1610	88	
1612	17	
1613	9	16	24	
1614	4	6	9	10	11	13	14	17	18	20	27	29	68	
1615	8	11	12	13	15	15	16	17	19	20	22	25	
1616	17	18	19	20	21	23	24	53	54	55	55	56	57	58	
1617	46	47	48	49	49	49	50	51	52	54	55	62	
1618	43	44	46	48	49	50	62	88	91	95	
1619	95	
1622	80	97	
1624	63	
1634	96	
1640	14	102	
1641	67	86	
1643	38	
1644	29	42	
1645	17	18	37	42	46	52	68	
1646	19	36	
1647	9	17	20	27	42	43	48	67	
1648	6	9	11	12	14	15	18	18	20	26	41	67	
1649	8	11	12	13	15	16	17	19	20	21	23	24	56	57	
1650	21	22	24	27	36	51	52	52	54	55	55	56	57	60	
1651	43	46	47	48	48	49	50	50	51	53	54	55	
1652	44	46	48	49	50	54	61	81	86	90	94	
1653	43	46	52	60	
1654	38	
1656	28	
1657	24	
1664	3	
1666	87	
1672	71	84	
1674	16	40	
1675	17	18	41	46	
1676	19	26	39	47	63	
1677	17	20	37	39	44	47	56	
1678	18	19	22	41	43	64	
1679	12	14	17	18	20	38	43	48	66	69	
1680	14	16	18	19	21	26	36	39	43	45	47	59	65	67	
1681	9	13	17	19	21	23	24	39	43	45	
1682	9	10	12	13	14	15	17	19	20	22	24	
1683	7	11	12	15	18	18	19	20	21	22	24	43	57	58	
1684	20	21	23	51	52	52	53	54	55	56	57	60	
1685	34	38	43	44	45	46	47	49	50	50	51	53	53	54	55	56	58	
1686	38	38	42	44	46	47	48	49	50	52	57	60	79	
1687	29	36	43	44	46	48	
1688	42	47	52	55	
1689	38	39	46	51	56	
1690	45	51	63	
1691	46	
1692	54	
1703	34	
1704	2	
1705	35	36	42	
1706	17	18	22	38	40	47	
1707	16	18	21	36	44	47	66	
1708	16	19	23	35	36	42	43	67	
1709	17	19	20	41	46	62	66	
1710	16	17	19	20	22	34	41	44	50	55	60	67	
1711	16	18	19	20	22	23	24	28	42	44	45	46	48	50	63	65	
1712	12	13	16	18	20	21	22	25	35	40	43	43	45	47	59	
1713	10	15	16	19	20	21	23	25	27	34	45	62	
1714	14	17	19	20	21	23	23	43	45	55	
1715	19	20	22	23	25	44	45	49	64	
1716	13	14	21	24	44	
1717	21	22	23	25	
1718	52	54	55	56	57	59	
1719	35	43	47	49	50	52	53	53	54	56	58	60	65	
1720	28	33	44	45	46	47	48	49	50	52	55	57	63	
1721	24	43	43	45	47	48	49	55	57	
1722	41	45	46	48	48	50	53	53	57	61	63	67	
1723	23	25	33	40	44	47	48	50	52	56	59	67	
1724	22	40	44	45	47	48	49	51	
1725	43	48	50	
1726	23	
1727	23	23	69	
1736	11	
1738	14	
1739	14	17	19	
1740	13	16	17	19	20	64	
1741	16	18	19	20	21	23	23	29	43	44	
1742	12	13	18	20	21	25	43	45	68	
1743	14	19	20	21	23	23	25	
1744	21	22	24	55	
1745	22	24	65	
1746	25	92	
1747	24	
1748	93	
1749	91	93	
1750	16	25	93	
1753	51	54	55	
1754	51	53	53	55	59	63	92	
1755	55	64	92	
1756	25	52	54	55	57	
1757	25	45	51	52	53	55	56	59	
1758	45	49	50	52	54	55	58	
1759	45	49	
1769	23	
1772	9	14	17	
1773	7	9	11	12	14	15	19	
1774	12	14	16	19	22	25	87	
1775	13	25	91	93	97	
1776	23	29	30	30	92	97	
1777	25	87	92	92	97	
1778	88	90	91	92	96	
1779	86	87	90	90	92	93	95	98	
1780	83	85	86	87	88	89	90	91	93	94	95	98	
1781	86	87	88	89	90	92	93	95	
1782	82	86	87	90	91	93	94	97	100	
1783	10	15	82	83	85	86	87	89	90	91	94	97	99	
1784	12	82	86	87	88	88	90	91	92	94	96	
1785	16	18	87	91	93	
1786	17	52	56	
1787	46	50	52	
1788	87	90	91	92	93	93	94	97	
1789	83	86	87	89	90	91	93	94	95	99	
1790	86	87	90	91	94	95	99	
1791	82	86	87	90	92	94	96	
1792	51	53	55	87	89	90	91	94	96	
1793	87	90	95	
1804	18	
1807	9	11	15	
1808	12	13	82	86	91	95	
1809	8	81	82	85	86	89	90	93	95	100	
1810	82	83	86	87	89	90	92	94	97	
1811	83	85	86	87	88	89	90	97	100	
1812	81	82	83	85	85	86	87	89	90	91	93	98	
1813	80	81	82	84	85	86	87	88	90	93	94	
1814	81	82	84	84	85	86	89	91	
1815	81	82	83	83	84	85	87	91	95	100	
1816	81	82	83	84	86	88	90	95	
1817	9	80	81	82	84	84	86	88	90	93	
1818	7	9	10	11	13	14	81	82	83	83	84	85	86	87	89	95	100	103	
1819	8	11	12	13	15	15	16	17	18	18	19	53	56	81	82	83	84	85	86	88	89	93	98	98	
1820	16	17	21	48	50	51	51	52	54	56	59	
1821	46	47	49	49	51	96	
1822	49	81	83	83	85	86	88	88	89	91	94	
1823	6	79	81	82	83	83	84	85	87	88	90	101	
1824	80	81	83	83	84	85	86	89	92	95	99	
1825	80	81	82	83	84	85	89	94	101	
1826	80	81	83	86	88	89	91	94	102	
1827	80	83	84	86	89	95	
1828	86	
1842	84	89	
1843	80	81	84	88	
1844	81	83	84	86	89	95	
1845	80	81	82	83	84	85	87	89	93	
1846	80	82	84	89	97	98	
1847	81	83	85	89	
1848	83	83	85	89	
1849	84	88	
1850	84	87	89	100	
1851	5	9	13	82	84	
1852	4	6	9	10	11	14	15	21	82	84	87	91	97	
1853	7	11	12	13	14	15	16	17	18	21	52	53	55	55	57	61	82	85	93	
1854	16	17	20	23	48	50	50	51	52	53	54	57	58	61	86	
1855	44	46	48	49	87	91	93	97	
1856	79	84	91	94	
1857	80	86	
1858	82	86	
1859	82	83	88	94	
1860	84	
1867	77	
1876	84	
1878	83	88	
1879	85	
1880	84	91	
1881	86	
1882	91	
1883	83	
1884	46	85	98	
1885	10	93	
1886	9	11	14	20	
1887	5	7	10	11	13	15	16	18	53	56	58	84	87	91	100	
1888	16	17	19	20	23	47	47	50	50	51	53	54	55	56	83	84	87	89	93	
1889	45	48	48	50	51	60	80	85	88	89	90	92	93	
1890	85	88	
1893	92	
1894	34	91	97	97	
1895	93	
1896	85	
1898	2	
1918	19	24	
1920	4	8	12	14	14	
1921	5	11	12	15	18	21	55	57	84	88	
1922	17	20	51	52	54	55	56	82	84	86	90	93	95	
1923	49	55	81	84	86	87	87	90	91	95	99	
1924	96	
1935	66	
1943	10	
1945	100	
1947	100	
1948	43	
1955	3	5	8	12	84	93	104	
1956	81	83	84	86	88	90	92	96	102	
1957	80	82	84	85	88	89	90	93	
1958	83	87	89	94	
1959	98	
1989	6	
1990	86	90	
1991	82	84	99	
1993	14	
2008	79	85	
2015	50	
2022	5	
2024	83	
2026	4	
2028	67	
2045	60	
2049	80	
2050	62	
2058	90	
2064	59	
2071	66	
2078	11	
2081	61	
2084	95	
2088	22	
2090	102	
2091	32	
2112	49	
2127	4	39	
2142	90	
2148	93	
2153	95	
2185	95	
2195	16	
2199	17	
