79	46	47	
80	75	
146	28	
150	93	
151	92	97	
152	88	89	90	91	93	95	
153	86	87	89	91	92	94	97	
154	86	87	91	93	98	
155	16	18	
181	92	98	
182	91	93	94	
183	87	88	90	92	95	97	
184	82	86	87	90	91	92	95	
185	83	85	86	87	88	89	90	92	93	95	97	
186	82	85	86	87	88	89	90	92	96	98	
187	8	11	14	82	83	83	85	86	87	88	89	90	93	95	100	
188	11	14	82	83	84	85	87	89	90	91	92	95	
189	16	82	86	87	88	90	92	95	
190	16	17	
211	92	
212	91	
213	87	91	93	95	
214	87	89	90	91	93	93	95	
215	86	88	90	91	92	94	97	
216	82	85	86	87	89	90	91	93	94	96	98	
217	81	82	84	85	86	88	89	90	91	93	95	100	
218	37	39	81	82	83	83	84	85	86	89	90	93	98	
219	19	42	46	56	67	69	80	81	82	84	84	85	88	90	
220	16	18	18	19	39	42	44	47	48	48	81	82	83	84	85	99	100	
221	9	26	44	46	47	80	81	82	84	85	99	
222	5	6	9	10	12	14	81	82	82	84	85	86	88	94	99	
223	7	11	12	13	14	15	15	16	18	72	81	82	83	85	86	88	92	94	101	
224	16	16	17	19	21	93	
225	18	
244	88	92	94	98	
245	83	86	87	89	91	92	94	96	
246	83	85	86	88	89	90	91	93	95	98	
247	37	82	83	84	85	86	88	89	89	91	94	96	99	
248	82	83	84	85	86	88	89	90	91	94	97	99	
249	17	34	39	66	81	82	83	84	85	86	88	89	94	100	
250	16	17	18	19	34	36	40	42	47	48	48	57	59	80	81	82	83	84	85	88	
251	17	19	20	32	35	40	43	43	46	48	49	63	80	81	83	85	
252	9	15	18	18	19	20	33	39	42	44	45	46	57	59	80	81	84	
253	11	13	13	15	15	19	20	21	43	46	48	57	57	60	
254	19	20	21	22	23	24	26	35	38	43	44	45	47	48	48	50	51	52	53	54	56	58	60	69	
255	22	33	42	44	45	46	46	47	48	48	49	49	51	
256	6	8	9	11	13	43	44	46	
257	5	7	9	10	11	12	14	15	15	81	83	86	92	
258	13	16	16	17	19	21	23	85	87	89	92	
259	17	23	
275	57	
276	37	48	51	53	57	59	
277	37	43	46	49	
278	37	42	46	49	56	81	82	84	85	89	94	
279	37	43	46	47	52	56	66	81	82	84	85	88	99	
280	16	19	39	43	47	57	58	81	82	83	84	85	89	93	99	
281	16	19	33	38	42	47	48	66	81	82	84	85	
282	10	13	14	16	17	19	19	32	34	38	41	43	46	63	80	81	82	84	85	
283	9	11	12	14	15	16	18	18	19	20	21	23	35	42	43	79	81	84	
284	12	14	17	19	20	21	22	24	45	48	59	65	80	
285	14	20	21	23	24	44	65	
286	21	23	24	44	65	
287	22	25	55	56	58	
288	36	50	51	52	52	53	53	54	54	55	56	57	60	
289	45	46	47	48	48	49	50	50	54	
290	43	45	46	48	
291	1	5	8	9	10	11	13	13	15	83	101	
292	8	11	12	14	15	16	17	18	21	83	83	85	87	89	97	100	103	
293	16	17	17	20	
309	58	
310	51	52	54	55	58	63	
311	31	40	45	47	49	50	55	56	
312	33	43	43	45	46	48	49	54	61	65	
313	21	25	32	42	45	48	51	53	56	58	80	83	
314	11	20	22	23	32	34	42	44	45	47	64	
315	19	21	24	45	47	58	64	
316	20	21	23	24	45	65	
317	4	22	23	23	
318	22	23	
321	57	
322	52	53	54	55	56	57	59	
323	41	46	47	48	49	50	51	53	54	58	
324	8	44	45	47	49	
325	5	8	10	11	13	14	
326	12	13	13	14	15	16	17	18	19	24	69	82	85	
327	17	17	21	22	
344	55	
346	55	
347	24	
356	52	54	55	56	57	59	61	
357	46	47	50	51	52	53	53	54	55	
358	8	44	45	46	48	49	
359	5	8	9	10	11	13	14	
360	11	11	12	14	14	15	16	16	18	18	19	25	70	
361	17	18	20	21	22	
389	58	
390	52	53	54	55	56	57	60	
391	47	50	51	51	52	54	54	55	58	
392	44	48	49	93	
393	5	7	8	9	10	11	13	14	
394	11	12	14	15	16	17	17	18	19	19	21	25	
395	17	21	22	23	25	
423	57	
424	48	52	54	55	58	61	
425	47	49	50	50	51	53	54	
426	9	45	48	68	86	90	97	
427	4	6	8	10	11	12	14	14	15	76	
428	13	15	16	17	18	18	19	20	21	23	23	
429	22	
457	53	56	57	62	
458	47	51	52	54	54	55	60	
459	45	47	48	50	53	85	90	93	94	
460	9	10	13	48	67	81	85	88	89	92	94	
461	3	7	10	11	12	14	14	15	16	17	18	23	
462	13	16	17	19	20	21	22	25	
463	23	
470	54	55	
489	66	
490	57	
491	52	55	56	57	60	
492	46	47	49	50	51	52	53	54	55	
493	47	48	50	85	88	88	90	93	96	100	
494	4	7	10	11	12	13	14	85	
495	5	8	11	12	14	15	16	17	17	18	19	20	24	26	69	
496	18	20	21	23	25	
499	87	92	
500	92	98	
523	63	64	
524	53	56	57	
525	47	50	51	52	53	54	55	56	59	
526	47	49	50	50	54	91	
527	10	48	80	82	85	87	90	92	96	
528	4	7	9	10	11	12	13	14	14	15	16	71	82	84	88	
529	13	16	17	17	18	19	20	23	28	
530	22	
531	87	91	93	96	
532	87	91	93	93	95	
533	82	86	87	88	89	90	91	93	94	97	100	
534	8	14	82	85	86	87	88	90	91	93	94	98	
535	88	89	91	97	
536	16	17	21	
558	53	56	60	
559	50	51	52	53	54	55	58	
560	47	48	49	50	51	85	87	88	90	92	94	96	101	
561	9	10	13	81	85	87	89	90	92	95	
562	5	7	8	11	12	14	15	15	16	19	
563	18	21	22	92	
564	86	88	91	93	95	
565	37	82	83	85	86	87	88	90	91	94	99	
566	82	83	84	85	86	87	88	89	91	94	97	99	
567	10	18	39	66	81	82	84	85	86	87	89	
568	7	9	10	11	13	15	16	18	66	71	80	81	82	83	84	85	85	86	88	
569	6	12	14	15	16	17	18	19	21	72	81	82	83	85	
570	18	20	
571	19	19	21	
585	36	
586	42	
591	56	58	
592	51	52	54	55	56	61	
593	49	50	51	52	52	53	54	55	56	58	87	91	93	97	
594	36	48	50	82	84	86	88	89	90	92	94	96	
595	3	10	81	85	86	89	98	
596	4	6	8	11	13	14	16	38	85	90	96	
597	17	18	23	36	83	85	87	89	90	94	100	
598	36	40	47	53	66	82	84	85	86	89	99	
599	16	17	18	20	33	34	39	43	43	46	47	54	56	59	68	80	81	82	84	85	89	93	100	
600	16	19	20	35	38	42	44	46	47	61	67	80	81	84	
601	9	13	15	16	18	18	19	20	21	26	32	34	39	43	43	45	46	48	80	84	
602	6	10	11	13	14	15	19	20	20	21	23	69	83	
603	15	19	20	21	22	24	
604	23	
619	35	35	
625	53	56	57	61	87	92	93	96	
626	52	54	55	88	89	91	92	94	97	
627	50	52	53	54	81	83	84	85	87	88	88	89	90	92	95	
628	42	66	80	81	84	85	87	89	91	94	
629	5	10	38	47	84	
630	8	12	14	16	17	19	21	38	38	43	43	66	
631	2	9	11	15	16	17	18	18	19	20	22	37	42	46	81	82	84	85	88	98	
632	10	13	14	15	16	17	18	20	20	21	22	43	44	47	69	81	83	84	88	
633	11	13	15	17	18	19	20	21	23	25	45	
634	21	22	24	25	44	
635	23	24	63	
636	15	22	24	
637	23	
656	57	92	
657	90	91	92	95	
658	87	90	91	92	94	
659	53	56	82	84	86	87	88	89	89	90	92	94	98	
660	37	51	52	55	82	83	84	85	86	87	89	90	91	93	95	97	
661	35	36	43	80	81	82	84	85	86	89	91	93	95	100	
662	9	16	18	33	39	42	47	69	81	83	85	
663	9	10	12	14	15	16	17	18	19	19	21	35	38	43	43	46	67	68	83	
664	11	13	14	15	17	18	19	19	20	21	22	24	43	45	47	
665	6	12	14	17	19	20	21	22	23	25	
666	20	21	22	24	
667	21	23	25	
687	56	
688	47	
689	91	92	94	97	
690	36	82	85	86	87	88	89	90	91	93	95	
691	36	42	47	53	55	56	60	82	85	86	87	88	90	94	97	99	
692	37	38	42	46	47	48	51	56	81	83	85	85	87	88	90	94	98	
693	42	46	47	48	51	67	69	82	83	83	84	86	89	
694	13	38	38	44	46	80	81	82	84	85	88	
695	10	11	14	20	81	83	83	
696	7	8	11	12	13	14	15	15	16	16	17	18	19	19	20	21	24	42	45	68	
697	3	12	14	15	18	18	19	20	21	22	23	23	24	25	
698	21	22	24	
699	23	24	
720	57	
721	51	56	60	
722	37	40	46	47	49	50	52	53	
723	41	46	49	66	82	85	86	88	90	95	
724	7	14	16	19	29	37	41	58	66	69	81	83	83	84	85	88	99	
725	17	18	19	42	44	47	50	55	56	62	64	80	84	85	
726	20	22	31	35	41	44	47	49	51	53	53	55	56	57	58	60	70	80	
727	20	22	24	33	36	42	44	45	46	47	48	49	50	51	54	58	80	
728	10	23	25	41	44	45	46	49	65	67	
729	4	8	10	11	12	13	13	14	15	16	22	25	
730	12	15	17	18	19	20	21	22	23	23	24	
731	21	22	25	
754	57	
755	34	51	53	54	54	58	59	
756	44	49	51	55	
757	32	35	43	45	80	
758	7	10	14	22	25	45	
759	21	23	24	57	62	
760	23	24	51	52	54	59	
761	33	42	47	49	50	54	59	63	
762	11	44	46	66	
763	5	8	11	13	14	19	22	24	
764	21	23	23	
789	55	
794	55	
797	24	
859	39	
1159	27	
1162	20	
1167	72	
1169	48	
1173	49	
1174	35	
1202	12	
1204	8	
1205	9	59	
1206	2	
1207	66	68	
1209	70	99	
1215	87	
1217	90	
1225	7	
1228	25	
1229	32	
1233	25	
1236	49	
1247	101	
1249	81	
1253	94	
1256	62	
1260	29	
1269	20	33	
1270	83	
1272	39	57	
1274	11	34	37	45	
1275	48	
1276	47	
1278	73	
1279	7	
1281	8	
1286	21	61	
1293	80	
1297	25	
1302	33	
1303	50	
1304	16	19	
1305	39	47	70	
1306	16	19	39	66	
1307	16	20	33	38	45	47	49	56	59	
1308	18	19	21	24	26	39	44	47	53	60	
1309	36	38	43	43	46	47	49	56	68	
1310	22	26	43	46	50	64	
1311	46	
1320	94	
1327	24	
1330	64	
1335	18	19	47	74	
1336	18	42	
1337	19	28	36	41	
1338	16	19	21	32	34	37	42	47	48	
1339	16	18	20	35	38	42	47	69	
1340	13	17	19	20	34	42	45	46	63	
1341	17	18	19	21	23	23	34	45	53	58	60	
1342	19	20	21	35	43	45	48	49	51	55	57	62	
1343	20	21	23	24	36	42	44	49	51	54	58	58	
1344	22	28	39	43	43	45	46	47	48	49	51	53	65	
1345	42	44	47	49	54	
1349	35	
1350	44	
1354	13	84	
1362	26	29	
1365	25	28	
1366	16	43	
1367	16	21	26	41	47	
1368	17	22	37	40	47	
1369	13	16	18	19	20	27	33	34	37	41	46	67	
1370	14	17	19	21	24	35	41	45	46	49	64	
1371	14	17	19	21	41	44	64	68	69	
1372	12	14	17	19	20	22	23	44	64	
1373	12	14	19	20	21	44	65	
1374	10	15	20	21	23	23	25	
1375	21	22	24	93	
1376	23	55	96	
1377	25	52	53	53	54	55	56	57	58	60	88	91	92	97	
1378	16	43	45	46	47	47	49	50	51	52	54	55	58	59	
1379	41	44	45	46	47	48	49	54	54	
1380	48	
1381	53	
1383	81	
1399	15	21	34	
1400	13	16	18	19	22	26	34	41	45	47	
1401	16	18	18	20	22	35	44	47	64	69	
1402	12	14	19	21	22	25	43	
1403	14	18	18	19	20	22	43	
1404	15	20	21	23	24	26	44	63	
1405	12	15	22	25	45	
1406	24	92	
1407	25	87	90	91	93	94	96	98	
1408	86	87	88	89	90	91	94	96	
1409	86	87	90	90	92	94	96	
1410	10	13	82	84	86	87	89	91	93	93	96	100	
1411	8	10	11	12	13	13	14	15	16	52	53	55	56	57	58	61	81	82	84	84	85	87	89	90	94	
1412	16	19	28	50	50	51	52	54	54	55	56	57	88	91	93	
1413	41	45	46	47	48	49	50	51	52	54	57	
1414	44	47	49	
1415	58	
1416	48	
1417	33	
1425	7	
1430	12	31	
1432	12	14	16	
1433	7	12	13	15	17	24	
1434	12	14	18	21	93	
1435	23	23	
1436	13	25	92	98	
1437	24	88	91	92	96	
1438	88	90	91	92	96	
1439	86	87	90	91	92	94	96	
1440	82	86	87	89	90	92	94	98	99	
1441	81	81	82	85	86	88	88	90	96	
1442	82	83	83	84	85	87	89	95	
1443	80	81	82	84	84	86	89	92	
1444	9	81	82	84	85	97	102	
1445	5	6	9	10	12	13	14	17	58	81	83	83	85	93	
1446	12	15	15	16	17	19	20	52	52	54	55	57	59	62	83	84	87	93	100	
1447	20	39	45	46	47	48	49	50	51	52	53	54	58	
1448	44	45	46	49	
1449	48	
1466	9	
1467	12	15	
1468	15	87	91	
1469	86	87	89	90	94	
1470	82	85	86	88	89	90	92	94	98	
1471	82	85	86	88	89	90	91	94	97	99	
1472	81	82	83	84	85	85	87	89	90	93	94	98	103	
1473	81	82	83	84	85	87	89	91	94	101	
1474	80	82	83	84	87	88	
1475	81	85	97	
1476	80	82	84	85	98	
1477	82	83	103	
1478	11	83	96	
1479	7	9	10	13	14	15	
1480	7	12	15	16	17	19	21	27	51	52	53	55	56	57	62	72	85	
1481	17	18	19	20	22	43	47	50	51	52	54	55	56	58	61	
1482	43	44	46	48	49	51	53	
1486	12	
1487	79	
1490	21	81	
1502	81	86	91	98	
1503	80	81	83	85	87	89	93	98	
1504	81	82	84	85	
1505	81	82	83	85	97	
1506	80	83	84	86	
1507	81	83	
1508	85	
1509	83	
1512	9	14	17	
1513	8	10	12	14	16	
1514	7	10	12	13	14	15	16	17	19	20	53	57	59	61	84	
1515	17	18	20	21	23	46	47	49	50	50	51	53	54	57	58	61	
1516	45	46	48	49	
1517	49	65	
1523	41	
1536	85	
1537	86	
1538	86	
1539	86	
1541	91	
1546	11	21	89	
1547	4	8	10	11	14	19	
1548	11	13	15	15	15	16	16	17	19	20	21	24	56	57	61	69	
1549	18	21	22	46	48	50	51	52	53	55	
1550	47	49	53	91	94	
1551	55	65	
1553	53	
1565	43	
1570	96	
1577	52	
1579	83	
1580	8	12	24	
1581	5	8	10	11	12	13	15	17	19	19	57	
1582	12	17	17	19	20	21	25	48	51	52	54	55	56	58	
1583	18	23	46	47	49	50	52	53	91	97	
1584	51	81	84	86	89	91	94	101	
1586	65	
1594	64	64	65	
1604	40	
1605	84	
1613	15	
1614	10	14	16	20	
1615	5	6	8	10	11	13	13	14	15	16	18	19	21	24	26	52	56	58	61	69	
1616	18	19	20	22	24	46	47	48	51	52	53	53	54	
1617	22	44	46	49	54	59	90	93	95	
1618	50	83	84	88	90	
1619	51	83	
1620	51	
1621	37	43	43	
1622	69	
1625	49	49	49	50	
1628	64	
1631	8	
1636	76	
1647	10	13	
1648	9	11	13	14	19	24	26	58	
1649	7	11	12	15	16	17	19	21	23	52	53	55	56	61	
1650	21	25	46	47	49	50	51	51	53	54	55	59	
1651	44	46	48	50	81	83	86	89	91	96	
1652	98	
1653	36	40	
1654	16	65	
1655	21	39	43	48	50	
1656	40	44	46	67	
1657	46	
1658	58	
1673	91	
1675	37	
1677	19	56	
1681	11	14	
1682	5	8	9	10	11	12	13	14	15	16	17	19	21	57	
1683	12	12	15	17	18	19	19	20	21	25	27	48	51	52	53	54	55	56	58	61	
1684	18	21	23	44	46	47	49	50	50	52	55	56	60	
1685	36	43	43	49	54	81	85	89	95	
1686	16	19	24	36	40	48	
1687	11	14	16	19	41	45	48	
1688	17	19	20	25	28	34	38	45	48	57	66	
1689	18	19	21	22	38	42	43	45	46	47	50	55	57	63	
1690	21	23	23	44	46	47	48	51	53	60	
1691	43	46	49	
1692	31	
1711	55	55	
1713	27	
1714	41	42	
1715	7	8	11	13	15	16	28	
1716	4	10	11	12	13	14	16	18	18	19	20	24	56	57	61	68	
1717	17	18	19	20	22	24	38	47	50	51	51	52	53	54	55	57	58	
1718	23	32	38	43	43	45	46	47	48	49	51	
1719	43	45	46	50	63	67	80	89	
1720	6	9	12	13	19	23	27	47	65	67	
1721	11	14	18	19	20	21	25	45	65	
1722	21	23	24	55	58	60	
1723	22	24	51	52	53	55	57	61	
1724	23	25	49	50	50	52	54	55	58	
1725	50	53	55	
1728	16	16	
1742	37	
1743	35	
1746	37	
1747	13	20	
1748	8	14	16	18	39	39	68	
1749	8	9	11	12	14	15	16	17	19	22	24	38	
1750	5	6	11	13	14	15	15	16	17	18	19	20	21	23	56	57	
1751	18	19	20	21	22	24	25	26	34	48	50	51	53	54	55	56	60	
1752	43	44	45	46	48	49	50	59	67	
1753	14	44	
1754	8	15	22	24	
1755	25	91	92	95	98	
1756	88	91	92	93	94	95	97	
1757	52	53	54	55	87	88	90	91	92	94	95	
1758	51	55	85	86	87	90	91	93	93	94	96	
1759	86	88	89	92	97	
1762	15	
1768	83	
1773	41	
1777	27	
1779	41	
1780	10	16	39	
1781	10	13	16	18	20	23	37	40	45	46	
1782	8	11	14	16	18	19	20	25	45	69	
1783	4	9	11	13	13	14	16	17	18	19	21	23	26	44	
1784	15	17	19	20	21	22	24	
1785	22	23	52	58	
1786	51	57	91	92	95	98	
1787	82	91	92	97	
1788	88	90	92	94	96	
1789	83	85	87	88	89	91	94	
1790	81	82	82	85	86	87	89	92	95	
1791	81	81	82	84	84	85	89	92	94	98	
1792	81	82	84	85	86	88	97	
1793	79	81	84	86	
1800	3	9	
1808	37	
1809	20	86	
1810	37	
1811	23	36	42	47	
1812	17	19	21	22	22	28	39	66	
1813	13	14	17	19	34	40	44	67	
1814	11	14	17	19	20	25	35	45	68	
1815	12	14	16	17	19	20	21	22	22	24	
1816	9	12	13	15	17	19	20	21	22	24	44	
1817	15	21	22	23	24	
1818	23	24	92	97	
1819	52	86	87	88	90	91	92	94	96	97	
1820	83	86	87	89	90	91	92	94	95	
1821	82	83	84	85	86	88	89	91	93	95	100	
1822	82	85	87	89	92	93	98	
1823	80	81	84	85	88	94	98	
1824	79	81	84	86	91	
1825	80	83	83	87	89	
1826	81	84	87	90	93	
1827	83	
1828	91	
1838	39	
1844	12	19	
1845	12	15	17	19	23	43	71	
1846	13	15	17	20	22	45	
1847	11	14	21	23	24	45	
1848	10	13	15	21	23	25	93	
1849	23	24	57	92	98	
1850	16	24	53	56	58	92	
1851	48	50	52	56	
1852	51	53	86	88	89	90	91	92	94	
1853	81	82	83	84	84	85	86	88	89	90	93	97	100	
1854	80	81	82	84	85	87	89	91	94	100	
1855	80	81	83	84	86	88	94	
1856	79	81	83	85	90	
1857	83	88	
1863	41	
1874	20	40	
1876	13	
1877	7	13	20	
1878	8	10	10	11	14	15	16	19	
1879	12	15	21	24	
1880	22	24	91	93	
1881	91	93	
1882	88	91	93	94	96	
1883	8	8	11	58	82	83	86	88	89	90	91	94	
1884	12	18	52	52	56	61	83	86	87	90	92	94	102	
1885	49	50	52	54	83	87	90	91	93	93	95	98	98	
1886	79	80	81	83	83	84	85	87	87	89	91	94	
1887	80	82	83	84	87	89	93	
1888	81	84	93	95	
1889	83	
1891	102	
1892	3	
1901	86	
1911	13	15	
1912	7	12	
1913	88	90	94	98	
1914	82	85	87	88	89	91	96	98	
1915	81	82	85	90	92	99	
1916	81	83	84	86	90	
1917	6	11	14	82	84	88	91	94	98	
1918	52	81	83	84	86	90	93	96	
1919	82	84	85	86	88	89	91	93	98	
1920	53	80	82	85	90	96	
1921	86	
1924	85	
1930	2	
1942	2	
1947	81	85	94	
1948	78	80	81	82	83	85	89	94	
1949	82	84	88	99	
1950	80	87	98	
1951	83	88	
1952	82	84	86	89	
1953	81	82	83	85	88	88	91	
1954	86	92	
1955	85	
1956	90	
1968	66	
1969	77	
1978	70	
1981	84	89	
1982	86	
1986	83	88	92	92	
1987	80	85	
1989	56	
1992	21	
1996	76	
1999	90	
2004	64	
2007	71	
2013	30	74	
2019	91	
2027	20	
2031	50	
2032	11	
2049	25	
2055	64	
2064	102	
2085	18	
2089	4	
2097	2	
2115	8	96	
2144	91	
2148	16	
2153	10	
2161	30	
2184	13	
2199	2	
2211	18	
2218	8	
2250	101	
2254	101	
2259	8	
