84	73	
118	73	74	74	75	
180	40	43	
183	17	
186	87	
216	58	
218	88	92	95	
219	88	90	92	94	98	
220	17	91	
221	17	
249	57	
250	52	
251	50	52	55	56	91	94	
252	82	83	85	86	87	89	90	91	94	96	102	
253	6	10	12	81	82	84	85	86	89	90	91	92	93	96	
254	8	12	13	15	16	19	82	86	88	88	90	92	94	96	
255	16	17	19	21	27	
282	57	
283	52	56	57	60	
284	51	52	54	55	56	
285	49	50	53	54	56	83	86	87	88	90	92	93	96	100	
286	9	47	51	81	83	84	85	86	88	88	89	91	93	98	
287	9	10	12	13	80	81	82	83	84	86	89	96	100	
288	8	10	11	12	14	15	15	17	18	20	81	83	84	86	91	94	101	
289	16	18	20	22	26	91	95	
290	18	
308	71	
316	56	57	
317	34	51	52	53	53	55	57	59	
318	49	51	52	53	54	58	62	87	88	89	90	92	93	97	
319	48	50	56	60	80	82	84	86	88	89	90	95	
320	30	42	45	46	48	50	58	69	80	81	84	85	
321	5	9	10	14	21	28	44	45	46	47	49	79	81	83	
322	5	7	9	11	12	13	13	14	15	20	23	81	83	87	89	91	94	98	
323	8	11	12	15	16	16	17	19	21	83	84	87	89	90	96	
324	17	18	21	
349	57	
350	52	57	59	
351	51	52	53	53	54	55	89	92	93	
352	49	67	81	83	84	86	87	89	90	94	97	
353	12	16	17	19	56	57	58	63	80	83	83	85	
354	17	18	20	20	23	27	36	45	48	51	52	55	56	59	68	
355	5	22	44	45	46	47	47	49	
356	5	7	8	9	10	12	13	14	48	82	
357	7	11	12	13	13	14	15	16	18	19	20	69	81	82	85	91	95	
358	16	17	18	19	21	22	
382	58	
383	55	56	57	
384	51	52	53	53	54	55	59	91	
385	50	51	54	82	85	87	88	88	90	91	93	95	
386	9	10	14	16	18	80	82	83	85	87	88	94	
387	7	12	13	15	16	17	19	19	24	26	62	
388	18	22	22	24	25	51	52	53	54	55	55	56	57	58	59	60	62	
389	23	47	48	48	49	50	51	54	
390	9	10	11	13	45	46	49	
391	3	7	10	11	12	13	13	14	15	15	16	16	18	19	23	70	81	
392	16	17	18	19	21	22	22	24	
404	66	66	
416	56	57	59	
417	52	53	54	61	91	
418	50	51	52	54	82	85	87	89	90	91	93	93	96	
419	8	13	82	84	85	86	87	89	90	91	97	101	
420	6	10	11	12	14	15	16	19	84	
421	4	7	12	13	17	20	21	23	24	
422	35	52	52	54	55	55	56	59	60	92	
423	50	51	51	53	54	
424	4	8	9	11	13	49	
425	7	10	11	11	12	13	14	14	15	16	19	82	91	93	94	
426	13	18	21	23	90	92	94	
427	88	92	93	98	
428	92	
429	91	92	96	
430	91	93	97	
431	88	91	93	97	
432	91	93	
433	16	93	
434	17	
438	65	
449	57	
450	51	52	55	56	58	60	
451	50	51	53	53	54	56	87	89	91	93	94	
452	50	81	82	84	85	86	88	88	90	92	96	
453	8	14	46	80	81	82	84	85	86	88	91	96	
454	9	10	12	14	17	19	46	83	84	91	100	
455	3	13	22	82	86	87	89	90	94	97	
456	46	53	55	56	58	82	85	87	88	89	90	93	96	
457	46	50	51	54	85	87	89	90	93	95	99	
458	10	46	48	
459	8	10	11	13	14	16	82	86	89	91	96	99	
460	12	18	23	38	82	83	85	86	87	88	89	91	93	97	98	
461	46	81	82	85	86	86	87	89	90	95	
462	10	82	85	86	87	88	89	90	91	94	96	98	
463	46	81	82	84	85	86	87	89	90	91	93	94	96	99	
464	9	46	82	84	85	86	88	88	89	90	92	94	97	
465	10	46	81	82	85	86	87	89	90	91	92	96	100	
466	12	14	81	83	85	87	88	89	90	91	92	94	97	99	
467	8	11	13	16	83	87	88	88	90	91	92	95	98	
468	16	87	91	96	
469	16	18	
470	55	
482	56	57	59	
483	51	52	53	55	57	62	
484	50	51	52	53	54	58	63	87	88	89	91	92	94	103	
485	42	46	50	53	54	82	84	85	87	88	88	89	91	97	99	105	
486	16	18	28	42	45	46	48	50	58	64	67	68	80	82	83	84	85	
487	14	17	18	19	20	41	44	45	47	49	57	58	65	72	80	84	
488	5	9	18	19	20	21	27	39	44	45	46	48	48	49	57	61	66	70	
489	4	18	19	20	21	23	39	44	45	47	49	52	56	57	57	59	66	70	80	82	84	
490	20	22	30	43	45	47	49	50	52	53	54	56	58	59	71	80	81	83	
491	20	44	45	46	47	48	48	49	50	50	71	79	80	81	83	84	
492	4	43	47	49	83	84	
493	4	8	11	13	16	16	18	19	20	57	58	61	69	
494	17	19	20	21	22	26	44	45	52	56	58	58	69	80	81	84	
495	19	20	22	27	28	43	45	46	47	48	49	50	57	59	68	80	81	83	
496	19	20	21	28	42	43	45	45	46	48	48	49	50	57	58	60	67	68	73	80	81	83	84	89	98	
497	18	19	20	44	45	48	49	50	56	57	58	60	68	71	80	81	82	83	84	89	100	
498	20	21	26	29	43	43	45	47	48	49	50	51	53	56	57	58	59	61	67	72	80	81	83	84	
499	20	20	43	44	45	46	47	49	49	51	57	66	80	81	82	83	84	
500	3	10	21	27	43	44	46	47	48	80	80	81	82	84	85	89	
501	7	10	12	14	20	46	81	82	83	84	85	86	89	90	96	102	
502	8	12	13	14	15	16	17	18	81	82	84	86	87	89	91	93	97	100	
503	17	17	19	20	
515	57	58	
516	46	51	53	54	57	58	
517	46	49	50	51	53	54	55	87	91	93	95	
518	48	82	83	84	85	86	87	89	90	94	101	
519	11	15	17	18	43	46	68	80	81	83	84	85	
520	8	13	15	16	17	19	20	20	44	64	68	
521	18	20	21	23	23	24	25	26	45	65	71	
522	5	21	22	24	24	51	55	59	72	
523	22	23	24	25	51	56	57	58	60	62	
524	21	23	24	25	33	50	51	52	52	53	53	54	55	55	56	57	59	60	63	
525	45	46	46	47	48	49	49	50	50	51	
526	8	10	44	45	48	49	
527	4	6	10	11	12	13	14	15	16	17	18	19	20	27	71	
528	17	18	19	20	21	21	22	24	27	
529	22	23	24	33	62	
530	22	24	25	51	55	62	
531	23	24	25	31	43	55	57	61	
532	23	23	24	32	34	51	53	54	55	56	57	59	61	
533	21	24	29	45	50	51	52	54	55	56	58	59	61	73	
534	20	23	23	32	44	45	48	49	50	51	53	
535	9	14	20	22	26	32	33	43	44	45	47	49	50	68	69	80	85	
536	5	7	11	11	12	14	15	18	19	20	21	23	23	28	45	82	84	
537	20	20	21	24	
548	58	
549	52	53	55	56	57	58	60	
550	35	47	49	50	51	52	54	56	60	
551	42	43	46	48	50	67	82	84	85	89	
552	10	12	14	17	19	44	47	48	70	80	82	84	
553	13	15	17	18	19	19	20	24	68	74	
554	20	21	22	23	24	25	74	
555	24	
556	24	
557	57	57	74	
558	35	51	52	53	54	55	55	56	56	58	60	62	
559	46	47	48	49	50	51	52	53	
560	9	10	13	28	44	45	49	
561	6	8	11	12	13	15	16	19	23	24	
562	3	16	17	18	19	21	22	24	27	
568	55	63	
569	4	23	63	
570	5	23	24	
571	20	23	24	
583	52	59	63	
584	31	51	52	54	61	
585	28	45	49	51	80	
586	13	14	20	22	23	
587	21	22	24	25	
588	23	25	
591	57	58	61	
592	52	53	54	55	56	57	59	60	62	
593	47	48	50	50	51	53	
594	4	9	10	45	49	
595	8	11	12	13	14	15	16	17	19	23	
596	17	18	20	21	22	
625	57	58	
626	35	52	54	55	56	59	61	
627	32	47	49	50	51	53	54	
628	9	11	13	45	48	
629	1	7	11	12	15	16	18	19	25	70	
630	17	18	20	21	23	27	
659	56	57	63	
660	47	51	52	53	54	55	59	60	
661	43	45	47	49	50	50	53	96	
662	9	10	14	48	
663	2	8	12	13	14	15	17	17	19	19	20	24	
664	18	20	22	23	
693	57	59	
694	51	52	53	53	55	55	56	58	
695	31	41	45	46	47	49	50	65	67	
696	4	8	9	11	14	15	20	28	45	
697	19	20	21	22	24	25	76	
698	23	
730	4	15	23	75	
731	21	24	
894	28	
1157	46	
1164	89	
1168	9	
1171	50	
1188	88	
1200	42	
1233	17	41	
1236	14	
1240	9	72	72	72	72	
1262	24	
1288	53	
1309	56	67	
1311	59	
1313	87	
1319	19	
1336	38	39	
1338	21	
1340	47	
1341	45	47	72	
1353	96	
1356	12	
1368	105	
1370	22	
1373	16	19	
1374	17	19	56	57	59	
1375	18	19	21	23	30	42	45	46	47	48	50	58	69	
1376	22	45	47	49	54	66	
1377	45	45	46	49	
1380	68	
1381	19	
1384	12	
1389	8	
1397	52	
1402	23	
1403	100	
1406	13	17	18	21	27	
1407	11	14	16	19	20	23	27	70	
1408	15	16	17	18	18	19	20	25	31	41	45	53	56	57	58	58	60	62	
1409	18	20	21	23	25	26	45	47	48	49	50	51	52	54	56	57	72	
1410	22	23	44	45	46	47	47	48	49	51	54	59	
1411	46	49	
1420	7	
1424	7	
1427	3	
1439	13	
1440	6	10	14	16	18	20	22	
1441	7	9	11	12	14	15	16	17	18	19	20	21	23	27	71	
1442	18	19	20	21	22	23	25	26	35	55	56	57	58	59	61	63	72	
1443	21	22	50	51	51	52	53	55	56	57	59	
1444	33	44	45	46	47	48	48	49	50	51	56	60	
1445	44	46	47	48	48	49	
1446	46	
1447	30	60	
1458	10	
1459	88	
1467	70	
1473	9	12	14	16	
1474	6	9	10	12	14	15	16	17	18	18	19	24	69	
1475	7	11	13	15	17	19	20	21	24	27	
1476	22	24	63	92	
1477	35	52	53	54	55	55	56	57	58	58	59	60	62	93	
1478	48	49	50	51	52	53	53	55	56	60	
1479	44	45	46	46	48	48	49	51	51	56	
1480	48	
1481	62	84	
1483	86	
1484	84	
1485	49	
1487	56	
1491	57	
1498	9	
1499	23	69	
1503	20	
1506	10	15	17	21	
1507	6	9	11	12	13	14	16	18	21	23	57	
1508	12	15	16	17	19	20	21	24	
1509	21	22	23	24	49	91	
1510	8	86	87	90	91	92	94	97	98	
1511	11	15	35	57	57	59	61	82	85	86	87	89	90	97	98	
1512	16	17	52	53	54	55	57	58	59	61	
1513	44	45	46	48	49	50	51	52	53	54	
1514	49	
1518	45	
1520	5	9	
1525	10	
1527	61	
1539	13	
1540	11	13	14	17	18	19	21	24	
1541	8	12	14	15	16	17	18	19	20	24	26	56	61	69	72	
1542	18	21	21	23	23	24	47	50	51	52	54	58	
1543	46	48	50	53	87	88	89	90	94	
1544	9	49	80	81	82	83	84	85	88	89	94	
1545	7	10	11	12	13	14	15	16	18	56	57	58	60	62	81	84	85	86	90	93	
1546	16	16	17	19	20	51	52	53	53	54	54	55	56	58	59	
1547	44	45	46	47	48	49	50	51	54	56	
1548	39	44	46	49	52	53	56	61	
1549	46	48	56	
1550	47	
1551	42	44	
1552	47	49	
1554	43	47	49	
1555	46	
1557	65	
1571	16	
1572	14	16	19	
1573	8	10	13	15	16	18	21	45	
1574	8	10	11	14	15	16	17	19	20	23	24	26	29	56	57	69	76	
1575	5	13	17	18	19	20	21	22	23	24	34	38	53	55	55	56	58	58	70	
1576	22	25	38	45	47	48	50	51	52	54	55	56	
1577	44	46	47	49	51	53	59	81	84	85	
1578	10	13	19	26	29	42	43	45	47	49	66	70	81	84	
1579	5	7	10	11	12	14	15	16	17	18	19	20	57	58	60	62	71	81	83	100	
1580	17	19	20	21	22	24	26	52	53	54	55	56	59	60	
1581	32	42	46	48	49	49	50	51	51	54	58	59	
1582	43	44	46	48	49	58	66	
1583	21	28	41	47	50	56	65	67	73	
1584	20	22	43	44	46	48	48	51	56	58	62	
1585	19	21	25	26	42	45	47	50	56	58	59	68	68	74	
1586	20	40	44	46	48	48	50	55	56	
1587	20	25	27	40	43	45	46	47	49	51	56	59	65	68	
1588	19	25	32	42	44	46	48	57	59	69	
1589	46	47	48	70	
1590	45	47	
1593	61	61	62	
1603	16	
1604	28	
1605	10	
1606	10	18	20	
1607	7	10	11	13	13	15	16	17	19	20	22	24	29	68	72	
1608	8	12	15	17	18	19	20	21	22	23	24	62	71	
1609	22	22	24	25	27	54	55	57	58	60	62	
1610	49	50	52	53	54	60	
1611	49	50	58	64	83	
1612	11	15	21	
1613	5	7	10	12	15	16	19	21	22	24	25	26	29	
1614	18	22	23	24	52	54	54	55	56	58	59	61	
1615	35	47	49	50	51	53	55	58	60	65	
1616	24	45	49	51	55	61	74	
1617	20	24	53	59	62	
1618	20	22	25	27	29	51	59	62	
1619	21	23	24	45	50	58	59	61	
1620	22	23	28	51	54	58	60	62	
1621	21	22	24	28	29	45	52	54	56	57	58	59	62	
1622	21	23	24	44	45	48	49	51	54	56	57	59	66	70	
1623	22	23	27	31	42	43	45	47	48	50	51	53	59	63	
1624	44	46	47	48	48	49	52	54	57	
1625	44	46	
1626	54	54	55	
1628	59	
1630	12	
1638	18	
1639	9	13	14	20	27	
1640	6	10	12	14	15	16	18	19	70	
1641	7	10	12	13	14	17	18	19	20	22	23	25	27	
1642	22	24	92	
1643	92	93	94	95	98	
1644	87	87	91	92	94	
1645	87	88	90	92	96	
1646	9	14	88	90	92	97	
1647	12	16	23	57	92	98	
1648	16	16	17	52	58	
1649	46	49	50	
1650	87	90	92	96	
1651	12	87	91	93	96	
1652	92	93	96	
1653	87	90	91	92	97	
1654	90	91	96	
1655	87	91	92	95	
1656	17	25	53	54	60	92	
1657	33	50	52	53	54	55	56	57	59	61	63	
1658	45	50	51	
1659	48	52	54	
1670	14	
1671	23	
1672	11	13	16	24	
1673	7	10	11	14	15	16	17	20	21	23	72	
1674	7	13	15	22	23	
1675	22	24	59	92	
1676	86	87	89	90	91	94	96	99	
1677	81	81	82	83	84	85	85	86	87	88	89	90	91	93	94	95	
1678	81	82	83	85	86	87	88	88	89	90	93	95	100	
1679	82	83	84	85	86	88	89	94	100	
1680	9	14	81	82	85	87	89	93	100	
1681	6	7	10	11	12	14	15	17	57	58	81	82	84	85	87	89	91	93	
1682	17	18	21	34	51	51	52	53	53	54	55	57	59	91	
1683	46	48	49	50	51	90	91	94	
1684	81	82	85	87	89	92	95	99	
1685	81	81	83	85	87	89	91	98	
1686	81	82	85	86	87	88	90	95	98	
1687	81	82	83	84	85	85	87	88	89	93	100	
1688	12	13	81	82	85	85	87	89	90	93	93	99	
1689	10	15	82	83	84	85	86	88	90	94	98	
1690	7	12	83	85	86	87	89	90	91	93	95	100	
1691	31	32	53	55	88	90	90	91	97	
1692	52	54	88	92	95	
1704	29	
1705	8	14	
1706	10	12	13	15	19	
1707	7	15	22	25	
1708	21	23	24	51	52	54	56	56	58	88	97	
1709	83	86	87	89	91	93	94	99	
1710	80	81	82	84	85	87	88	90	93	96	
1711	79	80	81	82	84	86	90	100	
1712	79	80	81	83	84	86	90	101	
1713	79	81	84	94	
1714	9	12	16	81	84	91	93	100	
1715	3	4	7	10	11	12	13	14	15	16	18	35	56	57	80	83	86	99	
1716	16	17	20	22	23	52	53	54	54	55	56	59	81	82	84	90	
1717	45	47	48	49	50	51	54	56	60	83	83	85	88	88	90	
1718	49	80	84	89	
1719	80	86	89	101	
1720	80	81	83	85	94	101	
1721	79	80	85	91	96	101	
1722	80	82	83	85	89	
1723	80	81	83	84	86	89	
1724	80	80	82	84	86	88	91	99	
1725	80	81	82	83	84	85	89	90	93	93	100	
1726	83	86	87	89	91	95	99	
1733	81	
1739	11	
1740	5	9	12	15	
1741	88	90	92	94	
1742	82	86	87	89	91	93	96	
1743	36	79	80	81	83	84	85	88	88	90	99	
1744	79	81	84	91	
1745	82	
1747	88	
1748	9	16	85	
1749	4	7	10	11	12	14	15	17	19	60	99	
1750	17	18	19	20	22	24	52	54	56	59	62	80	
1751	45	46	48	48	49	51	54	82	85	
1752	45	51	85	89	
1753	67	84	
1754	10	84	
1755	84	
1756	89	
1758	88	91	99	
1759	80	84	
1760	80	84	90	
1767	69	
1775	81	84	87	99	
1776	80	82	84	85	89	
1777	87	
1781	96	
1782	11	13	
1783	5	8	12	14	15	16	19	29	57	60	
1784	17	18	19	20	22	23	53	54	55	58	59	82	
1785	48	49	50	54	87	89	
1786	48	
1793	87	95	
1794	90	
1795	88	97	
1809	84	98	
1810	90	
1811	83	
1813	82	
1815	18	
1816	9	13	14	
1817	5	7	11	12	14	15	16	17	18	20	24	26	56	57	62	
1818	22	24	52	53	54	55	
1819	49	51	54	86	88	90	93	
1822	85	
1841	73	
1849	20	
1850	7	10	14	
1851	8	13	34	
1852	51	53	55	87	91	92	95	98	
1853	83	84	87	90	94	
1854	87	95	
1861	23	
1864	82	
1873	37	
1877	28	
1882	100	
1884	12	
1885	88	
1886	81	82	84	85	87	89	90	94	
1887	81	85	
1888	84	
1890	6	
1897	74	95	
1909	70	
1912	26	
1915	100	
1919	88	
1920	79	81	84	92	
1921	88	
1933	93	
1935	89	
1936	59	
1943	96	
1944	69	
1945	85	
1946	84	
1953	100	
1954	13	64	84	92	101	
1955	94	
1957	62	94	
1978	85	
1982	16	
1990	11	
1994	97	
1996	14	
2007	9	
2020	93	
2041	80	
2048	35	
2053	86	
2054	4	
2064	2	
2077	81	
2081	10	
2087	103	
2098	41	
2109	27	
2115	86	
2116	30	
2125	52	
2157	7	
2193	102	
2218	7	
2270	100	
