12	9	
85	87	
116	56	
118	86	88	90	92	
119	82	83	85	86	87	88	89	91	93	93	96	
120	16	82	86	90	97	
121	18	
149	58	
150	52	57	61	
151	50	90	
152	48	81	82	84	86	88	89	92	
153	9	11	14	79	80	81	82	84	85	86	90	96	
154	12	13	15	16	17	79	81	83	86	89	94	97	
155	16	17	18	21	
183	36	56	57	60	
184	51	52	54	55	57	60	
185	49	50	51	54	86	87	88	91	
186	48	80	82	83	84	85	87	91	
187	7	9	10	11	13	14	15	66	79	80	82	84	86	88	93	
188	7	11	12	12	15	16	17	18	19	20	79	80	94	
189	16	17	18	20	22	26	
216	56	
217	52	56	58	59	
218	35	37	51	51	52	53	54	55	56	61	86	87	92	
219	46	49	50	52	53	82	83	84	85	86	88	89	92	97	101	
220	49	80	81	84	85	88	
221	4	6	8	9	10	11	14	15	79	86	
222	6	10	11	12	13	13	14	15	15	16	17	18	19	21	69	78	92	94	
223	17	18	20	21	21	23	
250	56	
251	51	52	53	54	55	56	59	87	90	93	
252	47	50	51	53	53	54	56	59	82	83	84	85	86	87	89	91	96	
253	42	46	49	79	81	82	84	
254	43	43	46	48	71	80	83	
255	4	7	9	10	11	13	14	15	67	
256	6	8	10	11	12	12	13	13	14	15	15	16	17	18	19	20	25	80	
257	17	18	19	20	21	22	23	24	27	
283	56	59	
284	35	52	55	59	86	87	90	
285	51	53	53	54	62	81	83	85	86	87	89	91	97	
286	31	43	52	56	57	58	60	80	81	83	84	85	
287	16	17	19	42	43	44	47	47	48	48	50	51	54	70	79	
288	22	27	41	44	44	45	46	46	47	49	50	
289	5	6	8	9	10	11	14	43	
290	2	7	10	11	12	13	13	14	15	15	16	19	19	20	24	68	
291	16	17	18	19	20	21	22	27	
316	56	58	
317	51	53	54	87	91	
318	51	54	82	83	84	85	86	87	88	90	92	93	97	98	
319	8	78	79	80	81	82	84	89	94	
320	6	11	12	15	16	17	19	44	57	58	63	69	79	80	
321	17	18	20	21	22	34	45	48	49	51	51	52	54	54	55	56	59	60	
322	22	23	43	44	45	46	47	48	48	49	50	51	53	
323	6	8	9	13	14	44	
324	7	11	12	13	14	15	15	16	18	20	26	69	96	
325	16	17	17	19	20	21	21	23	23	28	
348	57	
349	56	86	91	
350	52	53	54	60	83	86	88	89	91	94	
351	51	55	81	82	83	83	85	86	88	90	95	
352	46	77	80	82	84	85	
353	6	9	11	12	13	14	16	17	18	19	69	79	
354	12	15	16	17	18	18	19	20	27	57	58	69	
355	20	22	22	25	26	34	50	51	52	52	54	54	55	56	57	59	61	
356	23	32	45	46	47	49	49	50	51	54	
357	9	10	13	43	45	46	48	
358	5	6	8	9	10	11	12	12	14	14	15	19	
359	13	16	17	18	18	19	21	21	23	81	88	89	95	
360	23	
381	56	
382	46	51	58	59	
383	40	46	50	52	53	
384	40	46	48	50	53	54	59	78	80	82	84	86	99	
385	8	19	43	46	78	79	80	84	
386	8	10	12	14	16	17	19	20	43	46	69	79	
387	11	13	14	18	19	20	20	24	27	68	
388	22	23	23	24	56	57	
389	22	35	50	51	52	53	53	54	55	56	58	60	
390	42	45	46	47	48	49	50	50	51	
391	8	44	46	49	
392	6	9	10	11	12	13	15	15	16	18	90	
393	7	12	15	16	17	18	19	20	22	23	69	79	87	94	
394	17	21	
415	35	56	62	
416	50	52	53	55	58	62	
417	44	46	48	50	54	61	
418	19	27	43	47	48	64	
419	12	15	16	18	20	24	28	44	65	70	74	
420	20	22	24	
421	22	23	25	
422	23	57	
423	51	52	53	54	55	55	56	57	59	61	
424	42	46	47	48	50	50	51	53	53	54	58	
425	9	45	46	48	
426	4	7	8	9	10	11	13	14	68	
427	7	11	12	14	15	15	16	19	20	23	79	81	84	92	93	
428	17	18	20	21	
450	51	55	62	
452	73	
453	25	
454	24	
456	58	
457	51	52	52	54	55	56	57	58	59	61	
458	42	47	47	49	50	51	52	53	54	56	60	
459	32	41	44	45	46	47	48	49	
460	4	7	9	10	11	13	14	83	
461	7	11	12	14	15	15	16	17	19	24	68	79	
462	16	17	17	20	21	22	
473	78	79	79	
490	57	
491	52	53	55	56	57	57	60	
492	48	50	51	52	54	55	58	61	
493	31	43	45	46	47	48	49	50	
494	4	8	10	11	13	14	65	68	
495	6	11	12	13	14	15	17	18	19	20	21	25	71	
496	17	20	21	22	23	
497	88	
499	87	93	
500	88	92	
501	41	42	42	
517	87	91	
518	83	87	89	90	92	
519	88	90	92	
520	87	88	91	
521	86	87	88	91	92	
522	86	87	89	91	97	
523	83	86	87	89	90	93	
524	87	88	90	91	97	
525	53	55	58	83	86	87	88	91	97	
526	51	52	54	55	86	87	88	88	90	92	
527	49	82	87	88	90	92	
528	5	9	11	13	15	74	
529	12	15	16	24	25	92	
530	23	83	87	88	90	92	98	
531	82	86	87	88	90	91	94	97	
532	82	85	87	88	90	91	95	
533	83	85	86	87	89	90	92	96	
534	82	83	84	85	86	87	89	91	93	96	
535	82	83	86	87	89	90	92	96	
536	18	83	85	87	90	92	96	
548	56	58	
549	36	
550	46	
551	81	82	84	85	87	88	90	94	
552	7	81	82	83	84	85	86	88	89	90	95	
553	7	81	82	83	84	85	86	87	89	91	94	96	
554	9	81	82	82	84	85	86	87	89	92	93	95	
555	9	78	80	81	82	83	84	85	86	89	91	94	97	
556	77	80	81	82	84	85	86	87	88	90	93	96	
557	78	80	81	82	84	85	86	88	90	95	99	
558	82	83	83	85	86	89	90	94	97	
559	78	81	82	82	84	85	86	89	93	96	
560	54	78	80	81	82	83	84	85	86	89	90	94	100	
561	9	78	81	82	83	83	84	86	89	
562	3	6	9	12	13	84	
563	82	84	85	89	98	
564	80	81	82	84	85	95	
565	80	81	82	83	83	85	86	89	95	
566	78	80	81	82	83	84	85	89	94	
567	8	66	78	80	81	82	84	85	89	
568	78	79	80	81	82	83	84	85	86	88	
569	7	10	66	79	80	81	84	85	88	99	
570	7	10	12	14	16	17	18	19	80	81	84	
571	13	18	19	20	28	
582	56	57	60	
583	37	47	51	52	54	56	57	59	
584	30	42	44	46	47	47	48	49	50	56	57	
585	40	42	43	46	47	47	48	56	79	80	99	
586	8	19	37	39	40	41	42	43	46	47	57	58	68	69	72	79	80	81	99	
587	19	41	43	43	44	46	47	56	68	71	78	79	80	
588	18	19	40	43	44	46	47	56	58	67	70	77	79	79	80	84	100	
589	19	19	41	43	44	46	47	57	70	79	79	80	81	83	
590	17	19	20	40	42	44	46	47	57	69	71	78	78	79	80	84	
591	7	18	19	21	41	43	43	46	48	57	69	71	78	78	79	80	84	
592	19	20	41	43	44	46	47	48	56	57	59	70	73	78	78	79	80	84	
593	19	20	39	42	44	46	47	57	59	69	71	78	78	79	80	84	
594	19	20	38	42	43	44	46	47	47	48	54	56	61	70	72	79	80	83	99	
595	19	20	40	43	43	44	47	47	48	56	58	61	69	71	79	80	99	
596	13	18	18	19	20	26	41	43	44	46	47	48	49	57	58	60	69	71	79	99	
597	19	20	21	26	40	42	43	46	47	48	57	58	68	72	79	
598	19	20	22	30	38	43	43	46	47	48	49	57	60	69	78	80	84	
599	18	18	20	21	26	42	44	45	46	47	47	50	57	60	69	73	78	79	80	
600	12	18	19	20	27	41	43	44	46	47	56	58	59	60	70	73	79	79	84	
601	16	19	20	20	26	42	43	44	45	47	48	48	62	70	79	
602	9	15	18	18	20	20	27	42	44	44	45	46	68	70	79	80	
603	9	11	13	15	18	19	20	27	44	45	72	78	79	
604	6	10	12	14	15	19	20	21	23	27	70	78	
605	21	22	
606	23	
617	51	52	55	61	
618	45	50	51	52	54	59	62	
619	28	33	45	47	48	50	55	60	75	
620	24	44	45	48	49	51	53	59	61	63	
621	21	22	23	44	45	49	51	58	59	62	78	
622	21	23	24	44	45	48	48	50	61	72	79	
623	21	23	23	24	27	28	44	45	50	55	59	62	65	71	
624	21	22	24	43	45	48	50	55	60	
625	20	22	23	23	24	44	45	48	50	53	59	62	64	
626	21	22	23	24	28	31	43	45	47	48	50	60	
627	21	22	23	24	45	50	54	59	62	64	73	
628	20	22	23	25	45	50	60	71	
629	21	22	24	25	45	49	62	64	
630	21	23	24	25	44	49	52	55	62	
631	22	23	24	25	27	33	49	52	62	
632	22	23	24	45	51	60	73	
633	22	23	24	45	49	65	
634	24	25	44	65	
635	23	23	24	45	53	53	65	
636	22	24	25	45	
637	3	22	23	25	
638	23	25	
656	24	
659	25	
662	25	
683	17	
1164	30	
1173	56	
1174	3	
1181	38	
1183	36	
1193	19	
1203	31	
1211	6	
1213	77	
1228	25	
1229	41	
1236	19	53	
1237	28	
1240	42	47	
1241	40	47	
1267	89	
1273	29	
1274	17	19	43	57	60	68	68	
1275	16	17	19	21	25	41	45	46	48	48	51	57	73	
1276	44	
1278	81	
1281	35	
1286	100	
1289	13	
1295	24	
1301	56	
1305	18	
1307	10	12	13	15	17	19	67	
1308	15	16	17	18	19	20	21	25	36	48	51	53	56	57	59	60	
1309	17	22	24	26	43	44	45	46	47	49	50	51	57	69	
1310	44	45	46	48	49	52	63	
1317	13	
1323	88	
1340	9	26	
1341	10	11	13	14	15	17	19	20	24	68	70	
1342	8	13	16	17	18	18	19	20	21	24	55	56	57	58	58	60	
1343	17	20	21	22	23	24	26	35	41	45	47	48	49	50	51	52	54	55	56	59	
1344	43	45	48	49	50	52	53	
1345	44	
1366	71	
1374	8	10	13	13	15	16	19	67	
1375	5	10	11	12	14	15	16	16	17	18	19	20	21	23	58	
1376	13	16	17	18	19	19	20	21	22	24	51	52	53	55	56	57	59	62	
1377	21	23	32	42	46	47	47	50	50	51	52	54	56	60	
1378	44	45	47	48	49	51	53	
1383	9	
1384	48	
1385	10	
1390	64	
1391	57	
1397	6	
1405	23	
1406	17	
1407	9	12	15	17	20	67	70	
1408	6	10	11	13	14	15	16	18	18	19	21	
1409	5	8	11	12	14	15	16	17	19	20	21	22	23	26	
1410	20	21	22	23	25	34	36	52	52	55	55	56	57	59	61	74	86	88	92	
1411	34	43	46	47	48	49	50	51	51	52	53	54	56	59	
1412	44	45	47	48	49	51	53	
1413	45	48	
1415	66	
1418	33	
1426	61	
1429	23	
1437	18	
1439	13	43	
1440	11	13	16	19	21	26	
1441	1	7	9	11	14	15	18	19	20	21	28	70	
1442	15	20	21	22	23	
1443	10	22	86	88	89	91	94	
1444	6	11	15	19	36	52	53	55	55	56	57	58	59	61	82	83	84	85	88	89	94	97	
1445	17	33	47	48	50	50	51	51	52	53	54	56	60	96	
1446	43	44	45	46	46	47	48	49	50	52	54	
1447	36	44	46	49	
1448	77	
1453	72	
1455	6	
1463	14	17	
1469	101	
1471	18	32	
1472	19	
1473	11	15	16	21	44	66	69	
1474	8	9	11	13	13	15	16	17	18	19	20	57	71	
1475	18	19	20	21	24	26	53	57	
1476	22	25	51	87	89	92	
1477	6	9	13	79	80	83	85	88	92	96	99	
1478	6	10	11	12	13	15	16	52	55	56	56	57	60	78	79	80	82	84	
1479	16	17	19	20	47	47	51	51	52	53	54	55	56	57	58	71	80	84	89	94	
1480	33	41	44	45	46	47	48	49	50	54	57	62	63	
1481	50	
1489	95	
1497	62	
1500	43	
1501	63	
1504	18	
1505	13	13	18	21	44	66	
1506	10	14	16	18	20	44	71	
1507	6	10	12	13	15	17	19	20	23	45	57	69	
1508	7	20	21	24	26	35	
1509	22	50	52	54	86	87	90	93	96	
1510	81	82	83	85	87	88	90	99	
1511	9	79	80	82	84	
1512	4	6	9	10	11	13	14	15	16	19	56	57	61	80	89	95	
1513	13	15	16	17	18	19	20	22	23	26	36	48	52	53	55	57	58	62	79	83	90	95	
1514	21	45	46	47	49	50	50	53	54	56	
1515	44	47	63	
1528	91	
1534	23	
1537	8	15	
1538	9	14	
1539	10	15	18	18	21	
1540	10	13	15	23	23	
1541	7	22	23	25	55	87	88	92	
1542	51	53	55	56	61	82	86	88	88	90	93	94	97	
1543	53	78	80	82	84	85	87	89	
1544	79	82	84	
1545	11	14	
1546	4	8	9	10	11	13	14	17	19	57	68	
1547	7	12	15	16	17	18	19	20	22	24	52	54	55	56	57	58	61	89	
1548	17	21	22	42	44	45	46	47	48	49	50	52	54	57	60	
1549	44	46	49	51	55	
1550	52	57	
1554	23	89	
1557	60	
1564	80	
1572	8	11	14	
1573	9	12	15	
1574	5	85	87	89	92	94	
1575	54	83	84	86	90	95	
1576	77	80	82	83	84	86	
1577	79	81	84	95	
1578	80	
1579	9	13	
1580	5	6	8	10	12	13	15	16	19	57	95	
1581	1	11	12	15	16	17	19	20	22	34	52	53	55	56	57	58	61	79	88	92	96	
1582	18	20	21	23	43	46	47	48	49	49	50	51	53	55	60	
1583	44	47	49	
1584	44	65	
1585	55	
1586	60	65	
1595	74	74	74	75	
1600	27	
1606	15	
1607	7	81	
1608	80	82	84	
1609	78	80	81	85	88	
1610	78	81	86	
1611	81	
1612	88	
1613	15	89	
1614	8	9	10	12	13	14	18	18	21	24	97	
1615	2	7	11	12	14	15	16	17	19	21	23	34	51	52	55	56	57	58	60	62	81	
1616	18	20	21	26	38	43	47	48	51	51	52	53	54	58	
1617	44	45	47	49	54	
1622	26	
1628	91	
1630	10	
1633	13	
1637	74	
1638	42	
1639	27	47	
1642	39	78	
1643	79	
1644	47	48	
1646	15	18	22	
1647	66	99	
1648	4	6	10	12	14	17	
1649	5	6	8	11	12	13	16	18	19	22	25	52	53	56	62	80	95	
1650	37	48	50	50	51	52	53	54	55	56	58	82	86	89	95	
1651	45	46	49	50	53	85	91	
1652	46	52	59	
1654	61	
1655	51	56	56	
1656	38	44	
1657	34	48	
1658	46	69	
1669	28	
1671	78	
1673	17	21	39	46	70	
1674	20	28	39	43	46	49	69	
1675	19	37	42	44	47	50	57	58	69	
1676	20	43	45	46	56	
1677	19	23	43	46	57	70	
1678	20	42	49	55	56	73	
1679	22	36	42	45	46	48	48	70	
1680	18	21	26	42	45	46	72	
1681	18	19	42	72	
1682	10	12	14	17	18	20	22	41	66	70	
1683	7	12	19	20	21	26	53	55	56	58	58	61	71	79	
1684	21	22	31	37	42	44	46	47	48	51	53	54	57	63	70	78	80	
1685	44	47	49	51	58	78	79	81	83	
1686	19	37	41	43	46	48	56	68	73	
1687	20	26	30	43	43	45	47	49	56	60	
1688	19	21	25	29	39	43	44	46	48	49	56	59	72	
1689	20	21	41	45	47	51	59	68	
1690	19	21	43	43	45	46	48	48	56	59	72	
1691	20	28	41	45	46	47	50	58	68	
1692	22	44	47	50	
1694	55	
1704	31	
1706	8	12	15	16	19	21	
1707	16	17	18	19	21	23	27	45	48	50	61	
1708	19	21	22	44	47	49	58	59	
1709	19	20	22	24	28	44	45	49	56	62	65	67	70	
1710	19	20	22	25	34	43	44	47	49	51	57	59	72	
1711	20	21	23	23	43	45	47	49	60	65	71	
1712	19	20	21	24	29	44	45	48	48	51	56	58	62	71	
1713	19	21	22	25	43	44	47	49	52	57	59	70	
1714	19	21	23	27	43	43	44	47	48	63	64	71	
1715	19	20	20	22	44	45	49	69	
1716	13	14	19	21	23	23	27	43	45	49	70	
1717	20	21	24	25	35	51	52	58	61	72	88	
1718	22	23	49	51	54	56	59	62	88	
1719	45	50	61	88	
1720	19	24	44	49	60	
1721	20	22	23	26	45	49	61	64	93	
1722	22	25	50	61	93	
1723	23	23	45	49	51	55	58	62	65	92	
1724	22	23	25	49	50	53	56	57	58	62	92	
1725	22	24	35	45	48	49	51	52	55	59	87	
1726	24	45	49	50	54	
1727	63	
1738	14	
1739	10	
1740	7	10	11	12	14	15	
1741	15	17	20	22	24	36	37	38	74	87	89	91	96	
1742	25	87	89	91	
1743	25	86	87	90	91	93	96	
1744	23	86	86	87	90	91	95	97	
1745	25	86	86	87	89	90	93	94	96	
1746	25	85	86	87	90	91	92	97	
1747	25	83	86	87	88	89	91	95	
1748	25	88	90	91	96	
1749	24	83	86	87	89	90	92	96	
1750	24	83	86	87	90	91	95	
1751	25	83	86	87	89	90	96	
1752	82	83	85	86	87	89	90	92	94	97	
1753	83	86	87	89	91	94	98	
1754	13	86	87	88	89	91	96	
1755	82	85	86	87	88	89	91	94	97	
1756	83	85	86	87	89	90	91	95	97	
1757	82	86	87	89	91	95	
1758	52	82	84	85	86	87	88	90	91	93	96	
1759	52	54	55	61	82	84	85	87	88	91	95	
1760	82	87	91	94	
1773	11	13	
1774	6	9	15	
1775	77	81	85	88	90	94	
1776	11	77	78	81	82	84	85	88	89	95	98	
1777	78	80	81	82	83	84	85	89	96	
1778	77	78	80	81	82	84	85	86	89	94	
1779	78	82	82	83	84	85	88	91	
1780	78	80	81	81	82	83	84	85	88	95	
1781	12	78	80	81	84	86	95	99	
1782	78	80	81	82	84	85	87	89	92	95	99	
1783	12	77	78	79	80	81	83	83	84	86	89	
1784	77	81	81	83	84	85	88	94	98	
1785	77	78	80	81	82	84	85	87	88	91	94	98	
1786	80	82	84	85	89	
1787	77	79	80	82	84	86	88	
1788	80	81	84	86	88	
1789	77	79	80	81	83	83	85	89	98	
1790	77	78	79	80	80	81	84	85	92	94	
1791	78	79	80	80	82	83	85	88	95	
1792	80	81	83	84	87	
1793	79	80	81	83	84	98	
1794	80	82	83	
1795	63	
1797	63	
1799	1	78	
1803	30	
1807	15	
1808	6	
1809	79	86	
1810	79	81	86	97	
1811	79	80	81	86	91	
1812	79	81	83	
1813	79	80	84	86	101	
1814	79	81	84	90	97	
1815	78	79	81	83	90	95	
1816	79	80	82	
1817	79	
1818	79	80	83	85	94	
1819	79	83	
1820	78	80	84	
1821	78	80	
1822	5	78	80	83	87	90	93	98	
1823	5	78	80	
1824	79	83	
1825	79	
1826	79	82	83	87	99	
1827	78	81	84	90	98	
1828	79	
1829	88	
1839	16	69	
1840	9	
1842	90	
1844	77	
1845	101	
1846	80	89	94	
1847	16	86	
1848	83	
1854	84	89	
1855	4	91	
1856	86	
1862	101	
1877	20	
1879	84	89	
1892	8	
1895	9	
1904	73	
1905	78	
1915	72	
1945	21	
1948	39	
1951	31	
1954	96	
1970	80	
1976	69	
1988	87	
1994	33	
2007	9	
2008	26	
2013	26	
2021	63	
2046	10	
2047	83	
2050	20	
2051	60	
2054	16	
2061	75	
2084	57	
2085	86	
2112	42	
2115	37	
2145	29	
2152	86	
2215	8	
2226	9	
2259	4	
2268	98	
