48	58	
182	20	
251	93	97	
252	87	88	90	91	95	98	
253	87	89	91	92	94	97	100	
254	87	88	89	90	91	92	94	96	
255	12	16	83	87	88	89	91	92	95	
256	17	93	
283	52	
284	87	88	90	91	93	95	
285	46	83	87	88	89	91	92	95	98	
286	37	43	46	56	81	83	84	85	86	87	89	90	94	
287	46	47	48	81	82	84	85	88	89	
288	8	9	81	82	83	84	85	87	89	94	96	98	
289	6	8	11	12	14	80	81	82	84	85	86	87	89	91	94	97	98	
290	13	14	15	16	17	18	19	86	89	91	93	96	
291	17	
316	51	53	55	56	59	
317	46	49	51	54	88	89	92	97	
318	48	54	66	81	82	84	85	86	88	89	90	95	98	
319	6	10	17	48	80	81	82	84	86	89	
320	17	18	19	21	26	44	48	51	53	56	56	57	58	60	62	69	80	81	84	
321	21	45	46	47	49	50	51	54	59	79	
322	9	44	45	46	48	49	80	83	
323	6	8	9	11	12	13	14	15	48	80	81	82	84	86	89	97	
324	6	12	15	15	16	16	17	19	20	81	82	83	85	87	88	92	
325	16	17	18	20	21	
328	92	98	
329	91	92	97	
330	86	88	90	91	93	96	
331	16	19	87	91	94	97	
332	17	
349	33	53	56	57	60	
350	29	50	51	53	54	56	60	
351	31	43	45	48	49	50	55	82	84	
352	9	11	14	19	44	45	47	48	50	68	82	83	85	
353	7	11	13	14	15	18	19	19	20	21	26	70	79	
354	20	21	22	23	26	35	37	52	55	56	57	58	58	59	62	
355	22	25	33	36	47	50	50	51	52	53	54	55	56	56	59	62	
356	45	46	48	48	49	50	51	53	
357	9	10	11	13	13	80	
358	2	7	10	11	12	12	13	13	14	15	16	16	18	19	23	80	84	92	99	
359	17	21	22	92	
360	88	91	93	94	98	
361	87	90	92	93	95	98	
362	85	86	88	89	90	91	92	94	97	
363	41	46	81	83	85	86	87	88	89	90	91	94	96	
364	9	11	13	16	46	81	82	85	86	87	89	90	95	99	
365	6	11	12	14	16	17	18	19	81	82	83	84	85	89	94	
366	18	19	21	
384	53	55	60	
385	74	
386	23	73	
387	1	22	24	
388	53	55	56	57	57	60	62	
389	48	49	50	51	52	54	55	56	59	61	
390	45	47	49	49	50	51	53	
391	5	6	9	10	13	49	
392	1	5	6	8	11	12	12	14	15	17	18	24	75	80	83	91	97	
393	22	83	86	87	89	90	92	94	96	100	
394	82	85	87	88	89	90	92	95	97	
395	43	47	82	83	84	85	86	88	88	90	93	97	
396	46	49	81	82	83	84	85	87	89	94	
397	13	13	16	18	18	19	26	44	49	68	79	81	82	84	88	100	
398	7	9	11	14	15	17	18	19	20	22	43	45	48	69	79	80	81	83	84	
399	7	13	15	20	21	22	23	27	71	74	80	
400	21	22	24	
421	57	
422	52	55	56	57	59	61	
423	50	51	51	52	53	53	54	55	56	59	62	
424	50	51	54	91	
425	6	8	13	98	
426	1	6	11	15	85	89	94	
427	16	17	18	20	44	46	80	81	82	84	85	88	93	98	
428	11	17	18	19	43	45	46	48	50	60	70	81	82	83	84	85	89	
429	8	15	17	18	19	20	27	43	44	45	47	50	69	79	80	81	84	85	
430	11	14	15	17	19	21	22	27	44	49	64	70	79	84	
431	12	14	15	19	20	21	22	28	45	
432	20	21	22	23	24	25	74	
433	21	23	24	
439	75	75	75	
455	57	
456	53	55	57	58	59	62	88	98	
457	51	51	53	54	55	60	86	88	91	93	94	97	
458	49	86	88	88	90	93	95	
459	10	14	16	18	94	
460	7	10	12	14	15	16	17	18	19	20	27	29	70	84	
461	11	13	14	16	17	18	18	19	20	22	71	79	80	83	
462	9	12	13	15	18	19	20	21	21	23	24	26	72	
463	20	22	23	23	25	26	73	
464	21	24	
465	22	25	
488	57	59	
489	54	88	91	92	95	
490	53	55	60	84	86	87	88	89	90	91	93	96	
491	50	51	55	81	82	83	84	86	87	88	89	90	96	
492	8	48	81	83	83	84	86	89	91	100	
493	9	10	12	14	15	16	19	20	
494	7	11	12	13	14	15	15	16	16	17	18	19	19	20	21	23	68	
495	4	18	19	20	21	22	22	23	24	25	26	
496	22	
500	36	37	37	
520	93	
521	88	92	93	98	
522	58	86	87	88	89	91	92	93	96	
523	53	55	57	82	83	85	86	87	89	90	95	98	
524	17	18	36	44	47	48	48	51	52	55	56	58	58	80	81	82	83	84	85	89	99	
525	20	43	44	45	46	47	48	49	50	70	80	81	84	
526	9	44	46	48	80	82	85	
527	7	10	11	12	13	14	14	15	16	16	19	20	
528	3	4	8	12	13	14	16	17	17	18	18	19	20	21	23	23	25	26	74	
529	17	20	21	22	23	28	
552	57	58	
553	88	92	97	
554	54	83	87	89	90	91	95	97	99	
555	43	82	83	85	86	87	88	89	90	91	95	97	
556	16	47	80	82	83	84	85	86	88	90	98	
557	12	15	16	17	18	18	19	44	45	57	58	71	79	80	81	84	85	88	
558	20	21	24	26	45	48	48	51	52	52	54	55	56	56	57	59	60	62	70	80	
559	22	25	32	44	45	46	47	48	50	50	51	53	73	
560	9	10	14	44	49	
561	5	7	9	10	11	12	12	13	13	14	15	16	17	18	23	
562	15	16	17	18	19	20	21	22	23	26	
563	21	22	
575	94	95	95	
585	56	92	96	
586	53	86	87	89	90	91	93	95	97	
587	46	55	81	83	85	86	87	89	90	91	95	
588	16	18	44	46	71	81	82	83	84	85	86	88	89	93	
589	8	10	14	16	17	18	19	44	45	46	48	70	72	80	81	82	83	84	
590	11	12	15	16	18	19	20	21	44	71	80	
591	5	21	22	23	23	24	26	56	57	62	72	79	
592	22	24	35	48	50	51	52	54	55	56	57	58	59	60	62	
593	45	46	47	48	49	50	50	51	52	53	54	
594	9	10	14	45	49	50	68	
595	5	6	8	10	11	12	12	13	14	15	16	19	74	
596	15	16	17	17	18	19	20	21	21	23	23	27	
597	22	
617	48	51	58	
618	46	51	53	54	88	89	93	98	
619	46	51	67	81	83	85	87	87	88	89	91	93	96	100	
620	44	47	67	81	82	83	84	85	87	88	89	100	
621	9	12	13	15	16	18	18	19	44	70	80	81	82	84	85	89	98	
622	11	14	17	18	19	20	44	48	69	80	81	84	
623	13	20	21	23	24	25	26	71	
624	22	23	23	24	74	
625	22	23	57	58	
626	34	52	53	54	55	55	56	56	59	60	62	
627	43	43	46	47	48	48	49	50	51	53	54	55	
628	9	10	14	44	49	
629	1	3	6	8	11	12	13	14	15	15	16	18	19	20	25	69	
630	17	18	20	21	22	23	24	
643	104	
650	52	55	56	57	59	62	
651	32	47	48	51	52	54	55	56	58	
652	30	45	47	49	50	53	55	58	68	83	85	89	
653	12	19	28	43	43	44	47	48	50	67	80	81	84	85	
654	7	11	13	14	15	17	19	20	44	72	79	81	84	
655	13	14	18	19	20	21	23	25	27	45	74	80	
656	4	18	21	22	23	25	74	
657	4	21	23	
659	53	58	
660	33	51	52	52	54	55	56	56	57	59	60	62	
661	30	47	49	49	50	51	53	54	
662	5	7	8	10	11	13	14	19	43	44	45	46	48	49	69	
663	6	11	12	14	15	17	18	19	20	23	25	27	71	73	
664	20	22	22	25	26	
685	53	55	60	
686	32	50	55	
687	11	15	74	
688	21	23	24	
689	22	23	23	
691	13	15	
692	12	
694	35	52	60	
695	51	55	
697	22	23	25	
698	22	
1158	90	
1163	25	
1168	11	
1172	35	
1176	10	
1204	60	
1209	12	
1210	35	
1213	6	
1223	100	
1239	22	
1244	23	
1248	32	
1259	99	
1268	46	
1275	18	84	
1281	69	
1295	24	
1306	14	
1308	75	
1315	38	
1327	70	
1334	4	
1336	98	
1338	3	
1340	26	
1342	34	
1345	36	66	
1347	27	
1351	78	
1352	71	
1372	22	45	
1373	14	46	
1374	46	57	
1375	44	46	52	
1376	44	47	69	
1377	44	46	69	
1378	48	
1379	61	
1380	93	
1384	27	
1386	11	11	
1392	4	
1395	74	
1402	19	
1403	1	
1404	16	18	
1406	17	22	46	49	
1407	16	18	20	73	
1408	16	18	19	20	24	44	47	48	56	66	70	
1409	17	19	21	27	40	44	49	55	56	58	58	
1410	19	20	22	24	26	42	44	45	47	48	49	52	54	57	61	69	
1411	21	27	40	44	46	47	49	51	69	
1412	44	46	49	
1413	46	49	
1424	10	
1433	8	
1439	19	
1440	12	15	16	17	19	20	22	27	
1441	19	21	22	24	27	45	
1442	21	22	24	
1443	21	23	23	25	58	60	73	93	
1444	16	24	36	52	54	55	56	57	58	59	60	62	
1445	22	26	44	45	47	47	48	49	50	51	52	53	55	56	60	
1446	44	45	46	48	49	50	51	54	
1447	47	
1448	75	
1451	43	44	47	
1452	47	53	56	
1453	45	47	71	
1461	100	
1463	70	
1467	9	
1472	12	14	16	19	
1473	8	10	12	14	15	17	18	20	
1474	12	17	19	20	22	26	
1475	22	23	23	74	
1476	8	90	92	94	97	
1477	10	12	13	15	87	91	96	
1478	16	18	19	36	56	57	57	60	62	
1479	17	23	47	48	50	51	52	53	53	54	55	56	57	58	60	74	
1480	44	45	46	47	48	49	50	51	55	59	
1481	46	48	52	63	
1482	47	64	
1483	16	18	18	
1484	14	16	19	21	25	27	45	46	48	66	
1485	17	18	20	43	44	46	48	49	57	60	
1486	20	21	30	45	46	48	49	57	60	73	
1487	22	43	45	49	52	53	
1488	48	51	
1503	16	
1505	10	14	
1506	9	11	14	20	
1507	7	12	14	15	23	
1508	24	87	90	91	96	
1509	53	87	89	90	93	94	96	
1510	9	80	82	82	84	86	89	91	
1511	9	10	12	14	16	18	81	84	86	91	98	
1512	7	12	13	15	15	16	16	19	22	56	57	57	61	63	82	
1513	17	18	20	22	26	33	52	53	55	56	57	58	60	
1514	42	45	46	47	48	49	50	51	52	54	55	58	60	
1515	46	49	
1516	11	17	18	20	44	46	50	69	
1517	12	14	16	18	20	21	27	44	49	63	68	74	
1518	11	17	19	20	22	24	27	29	44	52	70	74	
1519	21	22	24	44	50	57	58	59	62	65	74	
1520	21	22	25	51	52	54	55	56	59	62	
1521	49	50	52	55	60	
1536	76	
1538	14	
1540	11	14	
1541	83	87	94	
1542	81	82	85	88	89	91	94	99	
1543	80	82	84	85	87	88	90	101	
1544	9	81	83	98	98	
1545	2	5	6	8	10	11	13	14	16	18	83	87	
1546	6	11	12	13	14	15	16	17	19	20	25	57	62	81	85	98	
1547	17	18	19	20	21	23	52	54	55	56	58	58	60	
1548	31	43	44	45	46	47	49	50	52	53	55	60	64	
1549	43	45	48	50	60	
1550	12	15	19	21	25	28	49	72	
1551	13	21	23	24	26	63	75	
1552	21	22	24	93	
1553	57	88	92	98	
1554	53	53	55	87	88	91	95	97	
1555	55	87	90	96	
1565	89	
1568	15	
1575	82	94	
1576	80	82	84	
1577	80	85	
1578	7	13	14	88	96	
1579	8	9	10	11	14	15	17	19	20	28	
1580	7	11	13	14	15	16	17	18	18	19	20	21	22	23	25	26	70	
1581	17	21	22	25	36	53	59	62	
1582	50	55	
1583	63	75	
1584	24	54	
1585	92	97	
1586	90	91	92	94	96	
1587	82	86	87	89	91	94	97	
1588	81	82	84	86	87	89	92	93	97	
1589	81	83	85	89	93	
1590	83	
1591	28	
1592	64	
1593	14	63	
1594	58	
1602	73	
1610	16	85	
1611	16	20	
1612	9	12	14	16	17	19	45	71	
1613	5	7	9	11	12	14	14	15	16	18	18	19	20	22	24	69	
1614	8	12	13	15	16	17	20	21	22	23	24	26	58	72	
1615	22	23	25	56	
1616	50	52	53	93	
1617	13	52	55	87	89	91	92	95	97	
1618	87	89	90	93	93	95	99	
1619	81	82	84	85	87	89	91	94	98	
1620	82	84	85	87	88	90	92	95	
1621	80	81	83	84	86	89	
1622	79	80	84	87	
1623	81	83	86	89	
1625	51	51	51	
1626	30	
1638	32	
1639	35	36	82	
1641	20	30	
1642	40	
1643	43	
1644	10	16	19	46	49	
1645	10	10	12	14	16	18	19	21	23	26	44	71	
1646	8	11	14	16	18	19	20	21	22	24	28	44	
1647	10	12	13	14	15	18	18	19	20	21	22	24	25	
1648	21	22	24	57	58	60	
1649	46	48	50	51	52	53	54	55	58	
1650	16	47	49	50	52	54	86	88	88	90	92	95	98	
1651	80	81	83	83	84	85	88	88	90	
1652	80	81	84	85	89	91	99	
1653	79	80	82	83	83	87	88	94	
1654	80	82	83	85	
1655	83	94	
1656	84	
1661	20	
1663	86	87	87	
1665	4	
1669	4	
1671	34	
1672	2	
1673	16	
1674	16	
1675	1	16	
1676	17	19	26	44	46	49	68	
1677	10	14	15	17	19	20	23	44	46	
1678	11	14	17	20	21	23	68	
1679	1	8	11	14	15	20	22	23	71	
1680	12	14	22	23	25	73	91	
1681	16	25	57	92	97	
1682	16	18	25	34	51	52	53	54	55	56	57	58	62	
1683	46	47	49	50	50	51	53	54	55	57	60	
1684	48	50	52	80	81	83	84	86	87	90	94	
1685	49	79	82	84	99	
1686	79	84	89	
1690	98	
1707	17	47	
1708	18	45	
1709	16	18	19	43	43	49	72	
1710	10	13	15	16	18	18	19	21	23	69	
1711	12	15	22	24	27	
1712	21	22	24	
1713	17	23	25	88	91	92	96	
1714	7	8	10	86	88	90	92	96	
1715	6	10	12	14	14	28	57	58	82	83	85	86	88	89	94	98	
1716	16	17	19	20	35	36	52	53	55	55	56	58	59	71	87	
1717	45	46	48	49	50	50	51	54	55	57	
1718	50	54	79	81	84	87	89	93	
1719	89	
1721	83	
1722	59	
1728	17	
1740	13	17	19	43	
1741	7	10	14	16	18	19	24	69	
1742	12	13	15	16	17	19	20	21	24	26	45	71	
1743	5	11	15	20	21	23	25	
1744	22	24	
1745	23	52	56	88	91	92	96	
1746	86	87	90	91	93	95	97	
1747	81	83	85	86	89	90	93	
1748	8	10	16	18	80	82	85	87	90	96	
1749	6	10	11	11	13	13	14	15	16	18	20	58	78	80	81	86	
1750	15	16	17	19	20	22	23	52	53	54	55	56	57	60	62	71	80	83	95	101	
1751	45	46	48	49	50	51	52	54	55	86	88	94	101	
1752	45	46	50	61	84	87	
1765	102	
1770	21	
1771	14	
1773	11	15	17	20	
1774	12	13	15	16	17	19	21	27	
1775	14	20	21	23	23	25	
1776	22	23	
1777	25	73	91	92	98	
1778	86	87	89	90	92	95	
1779	83	85	86	87	89	91	94	98	
1780	81	81	82	84	85	87	88	92	96	
1781	8	80	81	84	88	99	
1782	4	9	11	14	18	81	84	90	
1783	4	7	11	12	14	15	16	58	62	
1784	16	17	20	21	23	25	53	54	55	57	59	62	
1785	23	49	50	51	54	55	83	87	89	92	94	
1786	84	95	99	
1803	45	
1804	44	
1806	13	
1807	8	10	11	14	17	20	
1808	8	11	12	15	22	75	91	
1809	22	24	84	92	97	
1810	55	87	91	95	98	
1811	83	86	87	88	89	90	94	
1812	80	81	82	84	85	86	88	88	91	99	
1813	79	80	82	84	85	87	89	
1814	80	82	84	87	
1815	82	84	
1816	9	11	15	
1817	7	10	11	12	14	14	24	86	92	
1818	53	54	55	55	57	60	87	90	91	92	94	96	
1819	52	55	82	85	86	87	89	90	92	94	98	
1820	91	
1826	5	
1840	10	
1841	10	
1842	90	93	
1843	82	85	86	88	89	91	94	101	
1844	81	83	84	85	86	88	90	93	98	
1845	79	80	81	84	85	86	89	95	99	
1846	79	80	85	99	
1847	86	
1849	12	
1850	8	
1851	13	
1852	81	82	83	84	86	87	88	89	91	95	100	
1853	80	81	83	83	84	86	88	90	
1854	88	
1855	103	
1857	63	66	
1874	12	
1876	86	
1877	79	80	83	83	85	90	100	
1878	78	80	84	87	89	
1879	83	91	
1880	84	
1885	94	
1886	80	82	85	91	
1887	82	84	
1895	57	
1902	67	
1903	91	
1907	78	
1908	42	
1910	95	
1912	84	
1915	90	
1917	19	56	
1921	89	105	
1926	4	
1933	24	
1952	30	
1956	45	
1959	21	
1966	78	
1976	36	
1988	12	
1992	2	
2010	40	
2017	24	
2021	74	
2026	2	
2027	13	
2057	104	
2061	72	
2067	21	
2070	15	
2085	88	
2091	31	
2112	9	
2144	35	
2146	97	
2168	93	
2182	93	
2236	101	
2256	7	
2259	9	
2260	10	
