48	87	93	
80	87	90	91	93	96	
81	85	86	87	88	88	89	90	91	93	95	
82	82	86	87	88	89	90	91	97	
83	85	87	90	91	98	
84	88	92	
111	57	
112	41	57	92	
113	54	83	85	86	87	88	89	90	91	95	
114	81	82	83	84	85	86	87	88	89	91	97	
115	78	80	81	82	84	85	85	86	89	97	
116	7	9	14	79	80	81	82	83	84	85	89	94	
117	8	12	15	17	78	79	81	82	83	85	86	87	88	94	
118	18	82	85	86	87	89	90	91	96	
119	16	87	92	
144	56	58	
145	47	52	56	
146	46	49	53	53	82	86	90	
147	51	55	77	80	82	83	84	85	86	87	89	93	95	
148	41	67	77	79	80	81	82	84	85	88	
149	16	17	19	20	42	47	50	60	77	78	79	80	84	
150	10	14	20	22	26	41	45	46	47	48	58	68	72	77	78	79	80	83	
151	7	9	11	14	26	46	73	77	79	80	
152	7	9	11	13	14	15	79	81	82	83	84	85	88	93	96	
153	14	16	18	80	82	84	85	86	88	88	89	91	97	
154	17	87	91	
177	58	
178	53	57	58	
179	46	47	50	51	52	53	54	54	60	
180	44	47	48	49	50	55	82	84	86	87	89	93	96	
181	10	49	66	79	80	82	84	
182	6	10	12	13	15	16	17	17	18	19	19	20	69	71	78	79	
183	6	14	15	17	19	19	20	21	22	26	35	45	53	56	58	59	61	71	
184	4	20	21	22	23	23	24	28	34	37	42	44	48	49	50	51	54	57	59	
185	4	24	42	44	45	46	47	48	49	
186	9	11	14	44	46	48	79	80	
187	8	10	12	14	15	78	79	80	81	83	85	86	89	96	
188	13	16	17	18	20	81	84	86	89	92	96	
189	16	17	20	
211	56	58	
212	52	53	55	56	57	61	
213	33	47	48	49	51	52	53	53	54	55	86	87	91	96	
214	49	67	81	82	84	86	89	
215	7	9	10	11	13	13	14	16	19	80	
216	7	10	12	14	15	16	17	18	19	20	21	23	25	26	
217	20	21	21	22	23	24	26	53	58	
218	23	25	51	52	53	54	55	56	57	58	60	61	
219	38	43	47	48	49	50	50	51	54	59	
220	5	45	46	47	48	49	49	75	
221	5	6	9	10	11	14	79	84	
222	8	11	12	13	14	15	16	18	20	78	79	81	83	90	
223	16	17	20	21	
245	52	57	59	
246	35	49	50	51	52	53	53	54	59	91	
247	49	50	54	81	83	84	86	87	89	93	96	
248	9	10	14	16	67	79	81	84	88	
249	4	7	11	12	13	14	15	15	16	17	17	19	19	21	26	
250	18	20	21	22	23	24	25	28	
251	23	
252	53	55	56	57	60	
253	34	38	47	48	50	51	51	52	53	54	55	56	57	58	59	
254	44	45	46	46	47	48	49	49	50	
255	4	6	9	10	11	13	44	
256	6	8	9	10	11	12	13	13	14	15	16	19	20	71	78	90	98	
257	16	17	18	19	20	21	22	24	
278	57	58	
279	48	50	52	52	54	55	
280	47	49	50	51	53	83	86	88	89	91	
281	9	67	80	82	85	86	90	
282	5	11	12	13	13	14	15	16	18	72	78	
283	12	16	17	18	19	20	21	22	24	25	74	
284	23	25	
286	56	57	62	
287	48	50	51	51	52	52	54	54	55	56	58	60	
288	33	45	46	47	48	48	49	50	
289	8	9	11	13	43	
290	3	7	10	11	12	12	13	14	15	15	16	16	18	19	20	28	
291	17	18	19	20	21	22	25	
292	23	
312	51	53	55	57	59	
313	46	48	50	51	52	54	55	88	
314	48	49	80	82	84	85	87	90	
315	7	8	10	11	14	18	78	80	83	
316	11	12	13	15	15	17	17	18	19	20	20	
317	20	21	22	23	25	26	
318	23	
320	53	55	57	58	
321	35	36	48	51	51	52	53	54	55	55	56	58	60	62	
322	45	46	47	49	49	50	
323	3	8	9	11	14	44	48	
324	5	7	11	12	13	14	15	16	19	68	
325	17	17	18	19	20	21	21	22	24	
345	57	58	
346	33	36	48	51	52	53	53	54	55	56	60	
347	42	43	45	46	47	48	49	50	
348	9	44	48	68	79	80	83	99	
349	7	11	12	13	13	14	15	15	16	18	19	
350	18	19	20	21	22	24	25	
351	23	
354	56	57	62	
355	50	51	52	52	53	54	55	56	57	58	60	63	
356	33	43	45	46	47	48	49	49	50	51	54	
357	9	10	11	14	67	82	
358	3	8	10	11	12	12	13	13	14	15	15	16	18	19	24	
359	16	17	18	20	21	22	23	25	
379	52	58	
380	51	52	53	53	55	57	60	61	63	
381	31	47	49	50	51	58	64	
382	9	11	38	43	45	46	48	
383	11	12	14	15	19	24	27	71	
384	21	22	23	25	
388	56	57	58	
389	34	37	50	51	52	52	53	54	55	56	57	59	60	
390	45	47	48	48	49	49	50	51	53	
391	5	9	10	13	44	49	88	
392	1	6	8	11	12	12	14	14	15	15	16	18	19	24	69	
393	16	17	18	19	20	21	21	22	25	
416	65	73	
417	24	
418	21	23	
422	57	58	62	
423	51	51	52	52	53	53	54	55	56	60	
424	46	47	48	48	49	50	51	87	90	
425	4	8	9	10	14	44	87	
426	7	10	11	12	12	13	14	15	15	16	17	18	19	23	69	
427	16	17	17	20	21	22	24	
456	55	56	57	59	
457	47	50	51	51	52	53	53	54	55	59	61	
458	44	49	50	84	86	93	
459	8	9	10	13	18	
460	5	6	11	12	13	15	15	16	17	19	19	21	25	71	
461	17	18	20	21	22	23	
489	58	
490	52	55	57	60	
491	47	48	49	50	51	52	53	54	55	61	
492	45	49	82	83	85	87	88	91	
493	4	7	8	9	11	12	13	14	15	18	
494	13	15	16	16	17	18	19	20	23	25	
495	20	21	22	25	
523	56	58	
524	33	47	51	52	52	53	53	54	55	56	57	59	
525	46	47	48	49	50	51	54	87	
526	8	45	48	82	83	86	88	90	
527	5	6	8	10	11	12	14	15	15	16	16	18	69	
528	12	13	16	17	17	18	18	19	20	21	23	25	26	71	
529	20	22	
557	53	56	57	
558	34	37	48	50	51	52	52	54	55	58	61	
559	45	47	49	50	51	53	82	86	88	90	95	
560	8	9	14	48	80	82	84	87	
561	7	10	11	11	12	13	14	15	16	17	18	19	68	71	
562	3	17	17	20	21	22	23	24	
563	21	22	
585	37	
586	40	
591	52	54	56	57	58	
592	50	51	52	53	54	55	59	86	91	
593	48	49	51	81	82	85	86	87	88	90	94	
594	6	8	10	11	13	14	81	88	
595	3	6	10	12	12	15	16	16	18	18	19	20	25	
596	16	17	20	21	22	23	25	
597	23	
606	13	14	
607	13	
619	35	35	
624	55	56	61	
625	50	52	53	54	55	57	59	86	91	
626	48	48	50	51	53	55	81	82	84	85	87	88	88	90	91	96	100	
627	8	46	80	81	82	84	85	86	90	95	
628	7	8	10	11	12	15	81	85	
629	1	11	13	14	16	18	19	20	24	92	
630	16	17	18	21	23	91	
657	57	60	
658	36	47	51	53	54	56	57	58	
659	37	46	47	48	48	49	51	52	54	55	57	59	85	
660	43	46	47	49	50	79	81	83	85	
661	8	13	47	78	80	81	84	
662	6	9	10	11	13	14	18	82	86	
663	3	8	10	11	12	14	15	16	19	80	83	85	86	89	90	97	
664	13	15	17	21	82	83	87	88	89	90	92	95	
665	82	86	87	89	90	91	93	95	
666	87	88	89	90	92	96	
667	86	87	88	90	91	97	
668	88	91	93	
691	61	
692	37	51	52	53	54	55	56	58	58	60	62	
693	30	37	43	47	48	49	49	50	51	51	52	54	55	56	56	57	59	61	
694	32	35	42	44	45	46	47	48	49	49	50	52	54	57	59	68	78	
695	26	41	44	45	46	46	47	48	49	79	
696	6	10	27	99	
697	3	5	8	9	11	13	14	18	78	80	81	85	88	96	
698	1	10	12	15	79	80	81	82	84	85	86	89	91	96	98	
699	12	15	77	80	81	82	84	84	85	86	88	90	97	
700	79	80	81	82	83	83	84	85	87	89	90	93	97	
701	8	11	15	16	80	81	82	83	85	86	87	89	90	93	98	
702	12	17	80	81	83	84	85	86	89	90	97	
703	18	82	86	87	89	90	95	
704	82	86	87	90	92	
705	82	86	87	90	91	92	94	
706	87	90	92	93	
726	51	55	
727	52	54	57	61	65	
728	35	48	50	51	51	52	53	53	54	55	56	56	57	58	59	61	
729	31	36	41	43	44	45	45	46	47	48	48	49	49	50	56	58	60	73	
730	27	36	41	43	44	45	46	47	47	48	49	50	57	59	71	74	
731	5	8	14	20	28	41	44	46	47	48	48	56	70	72	
732	18	20	22	40	44	46	47	72	78	79	80	83	
733	8	12	13	19	26	39	42	43	47	71	78	78	79	80	83	
734	9	19	22	39	46	48	48	66	71	77	79	80	81	
735	9	12	18	20	36	40	66	78	78	79	80	81	82	83	
736	10	13	13	26	78	79	80	82	84	
737	46	77	78	79	81	82	83	85	97	
738	7	78	80	81	83	84	85	88	89	93	98	
739	7	10	67	80	81	82	83	83	84	85	86	88	89	97	
740	7	12	15	16	19	78	79	80	82	84	85	89	
741	16	18	19	86	
761	53	
762	35	52	53	55	58	61	
763	50	50	52	55	56	60	62	
764	29	42	45	48	49	49	50	52	53	55	57	58	60	65	
765	22	24	24	28	34	41	44	45	47	48	49	50	51	57	59	61	64	74	
766	21	22	23	24	35	42	44	45	46	47	49	51	53	58	60	62	65	67	71	
767	18	20	22	23	24	36	40	44	45	48	48	50	51	57	60	72	
768	4	19	21	22	24	26	29	42	43	45	47	50	51	60	70	
769	5	19	21	22	23	23	25	30	40	44	45	47	49	52	58	58	62	68	71	
770	5	21	22	23	26	41	45	47	48	50	56	57	58	59	62	68	78	
771	20	22	36	41	44	46	47	48	48	49	54	56	79	
772	8	19	21	28	41	43	44	46	47	66	71	79	100	
773	10	11	14	18	20	22	28	30	39	44	46	48	66	70	73	78	79	
774	7	10	12	13	13	15	17	20	21	22	26	70	79	
775	19	20	21	23	25	28	
798	52	55	
799	52	64	
800	23	51	
801	23	25	62	64	
802	23	24	53	54	
803	24	25	51	
804	24	51	53	73	
805	23	25	50	52	61	63	75	
806	24	
807	22	24	25	
808	3	23	24	25	
809	24	
1168	87	
1175	32	
1176	4	
1196	53	
1204	39	
1205	52	52	
1226	63	
1233	26	
1235	17	41	
1236	17	20	40	48	52	61	69	
1237	17	19	21	27	40	45	46	51	56	59	69	
1238	21	36	40	44	46	47	48	58	69	
1239	44	47	47	49	72	
1240	46	66	
1241	45	
1242	47	
1244	49	
1250	28	
1266	83	
1268	16	67	
1269	13	14	16	17	18	20	39	43	45	62	67	
1270	15	16	17	19	20	21	25	26	44	51	61	67	72	
1271	17	20	21	22	24	26	44	48	50	52	57	59	61	
1272	21	22	23	25	28	29	36	42	45	48	48	49	50	51	54	56	58	58	60	73	92	
1273	22	24	29	36	42	44	45	47	48	48	49	50	52	56	64	67	
1274	44	46	47	49	
1275	44	46	
1276	47	
1278	11	
1297	36	
1301	9	15	22	
1302	10	11	13	13	15	16	18	19	21	25	
1303	10	12	15	17	17	18	19	20	21	25	69	73	
1304	13	20	22	23	24	45	
1305	22	24	52	73	86	87	88	91	95	
1306	52	54	61	82	85	86	87	88	90	91	95	
1307	31	36	48	50	51	53	57	58	60	63	74	87	88	90	91	
1308	42	44	47	48	49	50	51	53	56	58	
1309	28	42	44	46	47	49	51	72	
1310	46	49	60	
1313	95	
1314	59	
1317	6	
1318	27	
1334	16	19	
1335	8	10	12	14	16	19	
1336	6	10	11	12	13	13	14	15	16	17	18	18	20	21	24	44	56	57	69	
1337	12	18	19	20	21	22	24	25	26	52	
1338	23	25	51	54	87	89	90	95	
1339	81	82	83	84	85	87	89	94	98	
1340	8	11	77	78	79	79	81	83	84	85	88	98	
1341	6	13	15	16	52	55	58	60	77	80	81	83	83	85	87	90	95	
1342	16	17	20	36	53	54	56	57	59	90	96	
1343	18	33	36	42	45	47	49	50	52	55	58	
1344	44	47	48	49	52	74	
1348	12	
1350	8	
1353	29	
1357	6	
1366	50	
1368	9	
1369	8	10	11	13	14	17	19	26	56	58	
1370	6	12	16	17	18	18	19	20	22	24	27	52	58	70	
1371	21	22	50	51	53	54	86	87	88	91	95	
1372	49	54	77	81	82	83	83	84	85	87	88	90	94	
1373	79	80	81	83	85	91	95	
1374	13	79	89	
1375	7	9	11	78	81	83	
1376	8	12	13	15	16	17	18	51	52	56	57	59	61	78	79	81	84	87	88	91	94	
1377	16	17	17	20	36	42	47	48	50	51	52	53	55	56	59	
1378	44	45	46	47	49	49	54	
1379	53	
1382	41	
1384	26	
1385	12	
1401	9	9	20	
1402	9	12	14	17	18	19	
1403	5	7	10	11	13	14	15	17	18	19	21	26	49	56	70	
1404	18	21	22	24	26	47	51	52	54	55	88	
1405	23	49	54	81	82	84	85	86	90	96	
1406	51	53	78	79	81	84	93	
1407	79	86	
1409	9	12	14	
1410	3	6	8	10	10	11	12	13	14	14	15	16	18	20	36	52	55	56	57	58	61	79	
1411	16	16	17	18	19	20	21	26	48	50	51	52	52	53	54	57	62	
1412	23	43	45	46	47	49	49	51	54	
1413	44	48	
1414	54	
1416	54	
1429	10	
1435	10	15	17	18	
1436	7	10	11	12	15	16	18	20	56	57	71	
1437	17	20	21	22	51	52	54	55	61	
1438	22	23	48	50	51	54	87	90	94	
1439	48	54	77	79	80	81	83	84	86	88	97	
1440	52	80	87	
1441	83	
1442	92	
1443	5	6	9	12	14	24	97	
1444	4	6	7	10	10	11	12	13	14	15	19	20	53	56	57	61	94	
1445	18	19	20	21	23	24	42	48	50	51	52	53	54	55	56	58	60	69	
1446	45	46	47	48	49	50	51	54	
1447	44	48	
1454	45	
1456	61	
1463	62	
1465	34	
1467	9	15	
1469	5	7	8	10	13	14	15	18	19	67	
1470	12	14	15	17	19	20	21	24	53	56	59	
1471	21	22	23	25	47	49	50	52	54	55	88	91	
1472	50	54	82	83	83	85	87	89	94	
1473	57	79	96	
1474	96	
1475	16	
1476	13	
1477	8	10	13	20	
1478	6	10	11	12	14	14	15	16	56	57	97	
1479	13	16	17	18	19	20	21	23	23	25	38	42	47	48	51	51	52	53	54	55	57	58	61	69	
1480	44	46	48	48	49	51	54	58	60	
1484	18	
1502	6	8	10	14	
1503	6	10	11	12	13	14	15	16	21	24	56	57	70	
1504	5	17	20	21	23	25	51	52	54	55	56	87	89	91	
1505	49	51	55	86	91	
1506	78	80	82	85	94	
1507	83	
1511	8	10	14	
1512	4	6	10	11	12	14	14	15	20	55	56	56	57	60	63	
1513	15	16	17	18	19	20	21	22	24	26	48	51	52	54	55	56	59	79	
1514	23	43	45	46	47	48	49	50	52	54	84	
1515	45	59	
1517	60	
1523	30	
1531	84	
1534	31	
1535	10	
1536	9	14	14	
1537	6	10	12	14	
1538	51	53	53	54	81	83	86	88	89	91	96	98	
1539	50	80	81	83	83	85	86	88	92	98	
1540	80	
1541	84	
1545	7	10	13	16	
1546	4	6	8	10	11	12	14	15	16	19	37	53	55	56	57	60	
1547	13	16	17	17	19	20	21	22	24	51	53	54	55	56	59	63	
1548	23	43	45	46	48	48	49	51	52	54	58	
1549	44	46	
1552	99	
1556	17	
1567	95	
1571	4	
1572	78	80	83	85	
1573	79	80	83	86	90	
1577	16	22	
1579	10	13	17	
1580	4	6	8	11	12	13	14	15	16	18	19	21	23	28	56	57	62	
1581	17	18	19	20	21	24	47	48	50	51	51	52	54	55	56	58	
1582	22	23	43	45	46	48	49	50	54	87	88	
1584	96	
1585	64	
1605	10	
1606	79	
1607	79	
1613	6	8	10	13	14	16	20	24	
1614	4	6	11	12	15	15	16	17	18	19	21	24	55	56	57	61	
1615	21	22	23	24	47	49	50	51	52	53	54	59	
1616	44	47	48	49	51	59	82	85	90	
1624	84	
1629	12	
1646	9	19	
1647	8	10	11	13	13	14	16	20	58	
1648	6	12	15	15	16	17	17	18	19	21	23	25	35	52	55	56	59	70	
1649	23	46	47	48	49	50	51	52	53	55	59	
1650	44	49	52	53	81	86	88	
1651	48	
1657	52	
1661	18	
1662	21	
1673	9	
1679	9	
1680	8	12	14	16	
1681	6	9	11	12	13	14	15	16	18	18	20	24	56	57	
1682	15	16	17	20	21	22	24	25	26	34	51	52	52	54	55	56	59	68	
1683	22	23	45	47	49	50	50	52	53	55	58	
1684	45	49	50	65	80	82	84	86	89	98	
1685	90	96	
1686	59	
1713	15	20	
1714	2	9	11	
1715	4	7	10	11	12	14	15	17	18	19	23	56	57	
1716	16	17	20	21	23	47	48	51	52	52	53	54	55	57	59	
1717	22	45	47	48	49	51	54	85	86	89	93	
1718	81	84	90	
1719	65	91	
1725	83	
1735	19	32	
1739	3	
1746	11	
1747	10	15	16	20	
1748	10	11	14	16	17	19	21	26	58	73	
1749	8	11	12	13	15	17	18	18	19	20	22	23	26	53	57	60	68	
1750	20	22	23	25	26	46	47	50	51	52	54	55	59	
1751	39	44	46	48	50	54	77	80	82	84	85	100	
1752	49	79	84	
1763	8	10	46	
1764	7	8	
1775	14	27	
1778	84	
1780	12	
1781	9	12	13	16	18	19	
1782	6	10	12	14	16	17	18	19	26	58	71	
1783	5	16	17	18	19	20	21	22	23	26	51	52	56	57	59	71	
1784	21	21	22	36	41	45	46	47	48	49	50	51	52	53	55	57	60	
1785	44	46	47	49	50	55	80	
1786	37	45	46	59	
1787	46	
1788	38	
1804	39	
1812	21	
1813	6	
1814	10	14	23	
1815	7	8	10	12	13	14	17	19	24	
1816	12	14	15	16	18	19	20	21	24	26	88	91	
1817	17	20	22	23	23	24	34	52	52	55	56	58	59	60	87	88	91	93	
1818	39	45	47	50	51	52	53	54	55	56	57	59	63	63	
1819	30	38	42	43	45	45	46	47	48	48	49	50	52	54	56	60	
1820	31	41	44	46	47	50	58	62	71	
1821	25	40	46	47	49	71	
1822	19	38	44	46	48	51	57	70	
1823	28	34	36	41	44	46	48	48	65	
1824	47	
1825	46	52	
1826	42	47	
1827	46	62	
1829	46	
1832	69	
1846	28	
1848	4	6	9	14	20	
1849	6	8	8	10	12	14	15	18	
1850	10	12	15	19	57	83	87	89	93	95	
1851	13	15	55	82	84	85	86	89	90	96	
1852	16	17	20	34	50	51	52	53	55	56	58	59	61	87	90	92	
1853	35	45	48	49	50	51	54	58	59	62	88	93	
1854	41	44	45	47	49	50	55	56	58	60	62	
1855	23	24	27	32	42	44	46	47	48	50	52	55	56	60	70	
1856	21	22	24	28	38	43	45	47	48	49	50	57	58	62	65	68	71	
1857	21	22	23	30	38	45	47	48	49	50	53	58	58	62	
1858	21	26	38	42	44	46	48	49	51	53	
1859	22	32	43	47	49	58	66	
1860	20	38	46	47	49	57	58	
1861	21	36	38	44	46	48	49	56	69	
1862	43	46	48	51	67	71	
1863	47	51	
1877	9	
1881	14	
1883	4	5	5	11	
1884	9	12	14	78	80	82	85	90	
1885	7	10	11	12	13	14	15	18	79	80	81	82	83	85	86	88	96	
1886	18	78	80	81	82	84	85	86	87	88	89	90	92	93	96	
1887	86	87	88	89	90	91	95	
1888	74	86	87	90	92	
1889	52	54	87	88	90	91	93	
1890	24	25	50	51	53	55	86	87	91	93	
1891	25	50	52	55	60	64	74	87	88	90	92	
1892	50	55	61	63	87	92	
1893	24	45	50	54	62	74	88	
1894	22	23	27	29	50	52	54	56	58	61	74	
1895	22	25	49	50	52	57	59	
1896	23	25	28	43	49	49	50	52	
1897	43	51	
1899	55	78	
1900	2	
1910	70	89	
1917	100	
1918	5	10	13	82	
1919	5	6	10	14	19	79	81	85	90	
1920	7	11	14	77	79	80	80	81	83	85	87	89	92	101	
1921	11	13	78	80	80	81	82	83	85	86	87	89	91	99	
1922	77	80	81	82	83	84	85	86	87	88	89	92	95	100	
1923	11	78	80	81	82	83	84	85	86	87	89	91	97	
1924	9	78	81	82	83	85	87	88	88	90	96	
1925	82	84	85	86	88	89	93	96	
1926	82	83	84	85	87	89	92	
1927	12	82	86	87	89	94	
1928	85	86	88	88	90	94	97	
1929	53	55	86	87	88	90	91	93	98	
1930	52	53	55	63	85	87	90	93	95	
1937	82	
1947	22	
1953	12	
1954	79	83	86	
1955	79	81	84	89	100	
1956	78	79	81	85	90	
1957	77	78	79	80	82	83	86	
1958	78	79	80	82	85	90	
1959	78	79	80	83	84	86	
1960	12	13	78	78	79	80	82	85	98	
1961	78	80	81	84	91	97	
1962	80	82	85	87	
1963	78	79	80	82	84	85	88	
1964	77	80	82	83	85	
1981	36	102	
1982	17	
1986	62	
1989	84	
1990	81	
1991	81	94	
1992	78	
1993	78	83	
1994	81	
1995	79	84	89	
1996	79	82	85	
1997	79	82	85	90	
1998	80	
2000	84	
2007	67	
2012	68	
2027	95	
2030	101	
2032	88	
2033	90	
2040	68	
2043	27	
2048	17	
2054	5	
2056	92	
2061	90	
2062	102	
2075	54	
2085	21	
2086	40	
2092	16	
2096	54	
2115	12	
2125	18	
2151	31	
2161	36	
2167	36	
2172	11	
2177	102	
2179	26	
2185	29	
2264	7	
