50	73	
138	76	
145	33	34	
147	26	93	
148	92	
150	92	
151	88	
179	87	90	91	
180	86	87	88	89	90	91	93	95	
181	86	87	89	90	91	93	97	
182	86	87	88	89	91	92	96	
183	83	85	86	87	88	88	90	91	92	94	97	
184	82	83	86	87	88	88	90	91	92	96	
185	82	86	87	87	89	90	91	93	93	96	
186	87	89	91	95	
187	16	91	
211	57	59	
212	47	51	54	87	90	93	96	
213	54	82	84	85	86	87	88	90	91	96	
214	80	81	82	83	84	86	86	87	89	90	91	97	
215	12	80	81	82	83	84	85	86	87	88	89	91	92	96	
216	80	81	81	82	83	84	85	86	86	87	88	89	90	91	94	99	
217	9	14	80	82	83	84	85	86	87	88	89	89	90	93	96	99	
218	78	80	81	82	82	84	85	86	86	88	88	89	91	94	
219	10	14	80	81	81	82	84	85	85	86	87	89	90	91	98	
220	8	10	12	14	15	16	80	81	83	83	85	86	87	88	88	89	90	92	93	97	99	
221	16	18	82	86	88	89	90	92	94	
222	17	
243	57	
244	57	60	
245	46	48	49	51	53	54	55	57	58	
246	38	46	47	49	51	52	54	81	84	85	87	88	91	
247	50	80	81	82	83	84	86	88	94	
248	78	78	79	80	81	83	84	85	89	93	
249	78	78	79	80	81	83	85	86	
250	11	78	78	79	79	80	81	83	83	84	85	95	98	
251	78	78	79	80	82	84	85	
252	79	79	80	81	84	85	98	
253	7	9	12	79	79	80	82	84	85	89	
254	2	7	9	10	11	13	14	16	78	79	80	81	83	84	86	88	90	93	103	
255	2	8	11	12	14	15	17	78	79	80	81	82	84	85	87	89	90	92	95	98	
256	13	16	16	18	21	85	86	88	90	94	
257	18	
277	58	
278	52	55	56	57	58	59	62	
279	47	49	50	51	52	52	53	54	55	56	57	58	59	62	
280	31	41	44	46	47	48	49	49	50	52	53	55	57	80	83	
281	43	45	46	47	48	48	50	79	80	83	
282	44	46	57	79	80	85	
283	19	41	46	52	66	79	83	
284	43	46	48	79	
285	26	46	47	79	84	
286	13	45	46	49	78	80	83	
287	78	80	
288	3	6	9	11	13	19	79	80	94	98	
289	5	6	8	9	11	12	14	15	16	17	18	78	79	80	82	84	85	89	98	
290	10	12	13	14	15	16	16	17	18	19	20	21	71	80	81	83	
291	17	19	21	
312	35	53	55	57	62	
313	50	52	53	54	55	57	58	58	59	61	67	
314	31	42	45	47	48	49	50	51	51	52	54	55	56	57	58	58	59	61	64	
315	32	41	43	44	45	46	47	47	48	49	50	51	54	56	58	59	63	70	
316	19	21	26	39	44	45	46	47	48	48	49	50	56	58	59	71	73	
317	19	20	21	27	42	43	45	45	47	49	49	55	56	57	59	62	67	68	71	73	
318	19	20	20	23	26	42	44	45	46	47	48	48	49	50	51	54	56	57	58	58	60	62	70	72	
319	20	20	23	26	42	43	44	45	46	47	47	49	50	56	57	59	70	73	
320	20	21	26	44	45	46	47	48	49	50	71	
321	11	14	44	46	48	
322	9	81	93	97	103	103	103	104	
323	7	9	10	11	13	13	14	15	17	19	21	79	99	
324	2	5	8	12	15	16	16	17	18	18	19	20	21	22	25	26	79	99	
325	17	20	21	21	22	24	26	
347	53	55	61	
348	52	54	61	
349	25	52	60	65	75	
350	24	52	63	64	73	
351	23	23	24	25	52	62	
352	22	23	24	25	27	51	53	55	56	57	58	58	60	62	65	
353	22	24	25	32	35	48	50	51	51	52	53	54	55	56	57	59	61	
354	25	44	45	47	48	49	49	50	51	54	56	74	
355	44	48	49	
356	9	10	14	
357	4	7	9	10	11	12	13	14	14	15	15	16	18	19	24	
358	5	11	12	13	15	16	16	17	19	20	21	22	24	71	
359	17	18	20	22	23	
386	52	57	58	59	61	
387	51	52	52	53	54	55	56	58	59	62	
388	33	48	49	50	51	52	53	54	60	87	91	
389	50	54	
390	8	11	15	
391	5	6	9	10	11	13	13	14	15	16	18	19	24	71	
392	8	11	12	14	15	16	17	17	18	19	20	20	22	25	70	
393	17	20	21	23	
415	88	91	
416	87	88	91	
417	86	87	90	92	96	
418	87	90	91	92	96	
419	87	88	90	91	93	96	
420	33	55	57	58	61	87	88	90	92	96	
421	51	52	52	54	55	55	58	60	86	87	88	89	91	92	97	
422	50	52	53	55	59	82	84	86	87	88	90	92	93	
424	8	10	11	13	15	
425	6	9	10	11	11	12	13	14	15	15	16	17	19	71	79	
426	12	15	16	17	18	19	20	21	23	24	
427	17	18	22	23	24	
448	56	
449	55	85	86	87	89	91	94	
450	81	82	83	85	86	87	87	89	90	92	93	97	
451	82	83	84	85	86	87	88	88	89	90	93	94	98	
452	81	82	83	84	85	86	87	87	88	89	90	92	93	96	
453	6	82	82	85	86	87	88	89	90	90	92	96	
454	53	58	81	82	83	85	86	86	87	89	90	92	95	
455	52	54	55	80	81	82	83	84	85	86	87	89	90	97	
456	80	81	82	84	85	86	89	
457	8	13	81	
458	9	10	14	
459	6	9	11	11	13	14	15	16	18	19	23	92	
460	11	13	15	16	17	19	21	23	24	88	91	92	97	
461	17	22	87	91	93	96	
462	90	92	
463	87	91	92	
464	87	92	97	
465	18	92	
469	49	50	
470	54	
480	57	63	
481	55	57	58	60	
482	36	46	47	48	49	50	53	54	56	87	
483	46	49	81	82	84	85	86	89	95	
484	77	79	80	81	81	82	84	85	85	87	88	89	
485	78	79	80	81	83	83	84	85	86	88	90	
486	78	79	80	81	82	83	84	85	86	87	89	
487	77	78	79	80	80	81	82	83	84	85	86	89	
488	78	79	80	81	82	83	84	85	88	88	90	
489	78	78	79	80	81	82	83	85	90	97	
490	79	80	82	85	
491	102	
492	9	14	
493	6	8	10	12	13	14	18	
494	10	12	15	19	79	81	83	85	87	89	91	97	
495	80	82	83	85	86	87	87	88	89	90	91	92	97	
496	82	85	86	87	88	89	90	91	92	94	97	
497	81	82	84	85	86	87	88	89	90	91	94	97	
498	11	14	82	83	86	87	89	90	91	94	98	
499	17	82	85	86	87	88	88	90	91	93	94	98	
500	16	87	88	90	92	93	97	
501	87	91	97	
514	57	
515	35	51	52	53	54	55	55	56	57	57	58	58	59	62	
516	37	42	46	47	48	49	50	50	51	52	53	54	56	57	59	
517	44	45	46	47	48	48	49	50	54	79	81	83	
518	44	46	47	49	78	79	81	83	84	
519	37	43	44	47	78	79	81	86	
520	61	79	79	82	
521	46	78	79	81	90	
522	48	79	80	85	
523	46	79	83	
524	79	
527	10	15	
528	6	9	12	15	78	80	81	85	88	
529	13	78	78	79	80	81	82	83	84	86	87	89	97	
530	12	79	80	81	82	84	85	86	89	94	
531	11	78	79	80	81	82	83	83	84	85	87	89	93	
532	7	8	11	15	80	81	82	83	84	85	86	88	89	91	95	
533	9	12	13	81	82	83	83	84	85	86	88	90	97	
534	10	77	80	81	82	83	83	84	85	86	87	87	89	90	92	95	
535	13	15	16	81	82	85	86	88	89	90	91	93	96	
536	16	17	21	
549	52	53	55	57	58	58	60	61	
550	31	47	50	51	51	52	53	54	55	56	57	57	59	60	61	64	
551	31	41	44	45	46	47	48	48	49	50	51	52	54	56	57	58	63	64	68	
552	28	29	37	41	43	45	46	47	48	49	50	56	57	58	58	61	67	78	
553	19	20	42	44	45	46	47	48	50	56	57	60	69	
554	19	19	20	37	41	44	45	46	47	48	48	49	50	52	56	57	59	66	68	70	72	
555	17	19	20	22	29	42	44	45	46	47	49	49	57	58	59	62	70	73	76	
556	18	19	20	21	26	37	40	43	44	45	47	48	48	49	52	54	57	58	60	67	69	71	
557	20	21	23	27	36	42	44	45	46	47	48	49	49	51	56	70	73	
558	21	26	29	44	45	46	47	47	48	51	68	69	72	
559	21	44	46	47	51	
560	21	39	44	47	48	66	
561	40	46	48	
562	42	46	48	
563	79	80	85	
564	67	79	79	80	82	83	88	94	
565	15	48	79	80	81	86	96	
566	21	78	79	81	84	89	
567	12	14	77	78	79	80	82	84	86	92	
568	7	9	11	14	18	78	79	80	81	82	84	84	85	86	90	98	
569	6	8	10	12	13	14	15	17	20	79	80	81	83	85	86	89	91	93	94	99	
570	13	15	16	17	18	19	21	82	85	87	88	90	91	93	97	
571	18	20	
583	62	
584	52	53	55	58	60	62	
585	50	51	52	53	55	58	60	63	
586	24	28	29	45	47	49	50	53	60	62	73	
587	20	24	25	44	48	50	53	53	57	58	61	64	67	70	73	
588	21	23	23	24	25	28	45	49	50	61	
589	21	22	23	24	25	44	49	50	54	57	58	61	63	65	69	
590	21	22	24	24	43	45	48	51	52	54	55	56	57	58	59	60	62	70	
591	22	23	24	25	28	31	36	45	47	49	50	51	52	53	53	54	56	57	58	59	61	72	
592	23	24	30	35	43	44	45	47	48	48	49	50	51	52	55	56	57	58	60	63	68	73	
593	20	23	40	43	44	45	46	47	48	49	49	50	56	58	58	61	70	
594	19	20	23	24	38	43	44	45	45	46	47	48	48	49	49	51	55	56	57	58	59	61	69	71	72	
595	19	20	20	21	25	26	42	44	45	47	48	48	49	50	51	54	56	57	58	59	65	67	68	70	72	
596	20	20	22	27	29	40	43	44	45	46	47	47	48	49	49	50	57	59	70	
597	21	23	26	40	44	45	46	47	48	49	56	66	70	
598	19	22	40	44	46	46	48	48	51	60	72	79	
599	27	42	43	46	47	50	73	78	80	
600	26	46	78	80	
601	21	47	70	79	
602	8	10	14	79	80	
603	6	10	11	12	13	14	15	78	79	80	83	87	88	
604	8	11	12	13	14	15	16	17	18	19	21	79	80	81	85	87	89	90	92	94	
605	17	17	19	20	22	
621	24	75	
622	24	73	
623	25	55	74	
624	25	
625	24	52	54	62	65	
626	25	55	61	
627	23	23	24	51	53	59	64	73	
628	22	23	24	25	27	51	58	60	62	63	
629	22	24	25	29	34	50	52	53	54	57	59	61	62	71	
630	23	23	24	25	45	47	49	50	51	52	53	53	55	57	58	60	62	66	74	
631	24	25	27	29	42	44	45	48	49	51	53	56	57	58	58	60	74	
632	20	22	24	41	45	47	48	48	49	50	51	52	55	56	57	58	60	64	68	71	
633	20	21	22	24	27	31	36	42	44	45	45	46	47	48	49	49	50	51	53	55	56	58	58	64	70	
634	26	43	44	45	46	47	47	48	49	49	50	70	
635	22	26	38	46	47	49	50	65	
636	9	22	46	48	
637	8	9	10	12	13	15	18	46	72	79	84	
638	7	10	11	12	12	13	14	15	15	16	17	19	20	69	79	80	83	84	90	100	
639	16	17	17	18	19	20	21	22	23	71	94	
640	23	
655	23	
664	52	54	62	
665	50	63	
666	25	35	51	52	54	55	57	58	60	62	
667	23	25	37	50	51	52	53	54	55	55	56	57	58	59	60	62	73	
668	24	27	29	43	45	49	50	51	52	54	55	56	57	58	59	62	66	71	74	
669	18	22	24	42	44	45	45	48	48	49	50	50	51	53	53	58	59	62	72	74	
670	18	20	21	25	27	40	44	45	46	47	48	49	50	59	68	71	
671	4	7	8	10	11	13	15	19	20	20	21	23	24	27	40	43	44	45	46	48	49	50	67	69	71	73	
672	5	7	9	11	12	12	14	15	15	17	19	20	21	21	23	27	45	49	70	71	79	
673	18	20	20	21	22	23	69	
701	51	55	61	
702	52	53	55	59	63	
703	24	29	51	53	55	57	61	
704	22	24	25	51	63	65	73	
705	14	23	23	24	25	27	51	
706	4	22	24	25	
707	21	23	23	25	
740	25	
1171	12	
1174	33	
1175	81	
1178	6	
1185	97	
1192	20	
1205	89	
1206	76	
1218	81	
1219	83	
1235	13	
1238	96	
1240	56	
1251	94	
1255	86	
1264	71	
1265	82	
1267	37	
1270	55	
1272	15	55	
1274	78	
1275	12	
1289	102	
1298	29	
1299	16	38	
1302	31	51	66	
1303	48	
1304	22	48	57	59	68	
1305	46	48	56	
1306	26	47	
1307	46	57	68	
1308	46	
1310	69	
1314	60	
1334	16	
1335	16	18	19	22	40	46	52	67	70	
1336	18	18	20	22	27	40	45	47	49	57	59	
1337	18	20	22	26	42	45	46	47	49	57	63	68	
1338	19	20	23	26	28	41	45	47	48	49	51	56	60	67	70	
1339	17	19	21	30	42	44	47	50	57	59	66	72	
1340	19	21	37	42	45	47	48	50	54	57	61	72	
1341	21	24	27	44	47	48	51	59	69	
1342	27	42	43	46	47	48	50	52	56	71	
1343	48	50	73	
1344	47	
1347	13	
1365	29	
1366	18	
1367	13	
1368	7	10	14	16	17	19	22	27	69	
1369	15	16	17	18	19	20	21	25	26	63	70	
1370	17	18	19	20	21	22	23	37	40	44	45	47	50	52	60	66	69	73	
1371	19	21	22	24	28	31	44	48	49	51	58	59	61	63	68	71	
1372	20	21	22	23	38	44	45	47	49	52	56	60	66	72	
1373	19	20	22	24	27	29	44	45	47	49	50	58	59	62	72	
1374	19	21	22	23	25	43	44	45	49	51	55	56	57	59	62	69	
1375	20	21	22	24	28	43	45	47	48	48	49	51	52	53	55	56	58	58	60	70	71	
1376	22	23	27	29	36	45	46	47	48	48	49	51	53	72	
1377	43	45	46	47	48	49	50	
1379	46	
1381	67	
1382	26	77	
1385	9	
1389	9	
1395	29	
1400	11	13	16	
1401	9	11	13	15	16	18	20	24	
1402	6	10	12	14	15	16	17	18	19	20	21	68	
1403	8	12	16	17	18	19	20	21	21	23	24	70	
1404	20	21	22	23	25	26	74	
1405	22	23	25	
1406	24	25	
1407	24	
1408	23	23	25	52	55	57	63	74	
1409	23	25	50	51	52	54	55	56	57	59	60	62	
1410	33	43	45	47	49	50	51	52	53	54	55	56	57	58	60	61	
1411	41	45	46	47	48	48	49	50	51	52	54	59	64	74	
1412	44	45	47	48	49	50	
1413	47	51	
1414	72	
1415	7	
1416	13	
1433	24	
1434	10	13	58	
1435	4	7	10	11	14	15	16	19	
1436	8	10	11	12	14	16	20	22	24	91	
1437	16	17	19	21	23	23	25	91	92	
1438	17	22	92	
1439	92	
1440	88	92	
1441	92	
1442	93	
1443	53	58	61	
1444	51	52	53	54	55	56	57	58	59	60	62	102	102	102	102	102	103	103	
1445	31	45	46	47	48	49	50	51	51	52	54	55	56	59	62	74	
1446	45	47	48	49	50	51	53	55	74	
1447	49	
1449	49	
1450	102	
1464	99	
1465	19	
1468	4	12	14	
1469	6	10	14	16	20	
1470	3	5	8	9	11	12	14	15	22	82	87	89	92	96	98	
1471	6	13	15	82	83	86	86	88	88	89	90	91	95	98	
1472	82	86	86	87	88	88	89	90	91	93	93	97	
1473	82	83	85	86	86	87	88	89	89	90	92	93	95	97	
1474	82	85	86	86	87	88	89	90	91	93	96	
1475	13	82	83	85	86	86	87	88	89	90	91	92	94	97	
1476	16	18	82	87	88	90	91	96	
1477	17	
1478	35	52	53	55	56	56	57	58	59	62	
1479	46	47	48	49	50	51	52	53	54	54	55	56	58	
1480	45	46	48	48	50	52	54	58	63	
1483	54	
1490	5	88	
1493	8	
1497	10	
1501	14	
1503	9	
1504	4	10	81	85	
1505	13	77	78	79	80	82	85	88	92	97	
1506	77	78	79	80	81	82	83	84	85	86	88	89	98	
1507	77	78	79	80	81	81	83	84	84	85	87	88	92	
1508	8	77	78	79	80	81	83	84	85	87	88	93	98	
1509	9	11	14	77	78	80	80	81	82	83	84	86	89	98	
1510	7	10	11	12	14	15	16	17	19	78	80	81	81	84	86	88	89	
1511	16	17	18	18	19	20	57	58	62	
1512	33	52	55	56	57	59	61	
1513	45	46	48	49	50	51	52	53	54	55	56	58	
1514	44	47	48	51	53	55	59	
1515	54	
1516	65	
1517	58	
1527	62	
1529	6	
1531	8	
1532	26	
1538	10	17	80	
1539	46	78	81	
1540	79	80	84	
1541	17	47	79	80	
1542	79	84	
1543	6	10	11	13	15	17	20	68	79	83	
1544	7	10	11	12	14	14	15	16	17	17	19	19	21	22	23	26	78	79	81	84	
1545	17	18	20	20	21	58	
1546	23	52	53	54	55	55	56	57	58	59	61	63	
1547	47	50	51	52	54	55	57	60	64	
1548	45	47	48	49	51	53	55	86	
1549	45	53	
1551	43	
1554	78	
1557	62	
1565	50	
1569	15	
1570	17	
1571	18	19	42	46	
1572	17	18	21	47	50	61	
1573	18	20	40	43	46	47	49	57	70	
1574	19	21	27	36	41	45	47	48	49	58	72	
1575	17	18	20	27	44	46	48	50	70	
1576	9	19	21	44	47	49	57	67	70	
1577	6	8	10	11	13	13	14	15	16	17	19	21	24	43	71	
1578	4	11	12	14	15	16	17	18	19	19	20	21	22	24	28	68	72	
1579	18	21	22	23	23	25	27	57	73	
1580	34	37	52	55	56	57	58	59	61	63	
1581	46	47	48	49	49	50	51	52	53	53	54	55	56	61	
1582	45	47	49	51	55	66	94	
1583	22	51	63	
1584	48	57	
1586	46	
1589	12	
1591	25	54	
1594	8	
1596	3	
1600	32	
1604	11	13	17	19	67	
1605	15	16	17	18	20	22	71	
1606	16	17	19	20	23	24	28	37	42	44	46	47	49	52	61	64	68	74	
1607	19	21	22	24	43	44	47	49	51	58	58	60	65	66	71	
1608	18	19	21	22	24	40	45	48	48	49	53	57	60	64	71	
1609	18	19	20	22	23	24	27	42	44	47	48	49	51	63	67	69	
1610	11	15	17	19	21	22	24	25	26	29	41	45	47	49	64	67	71	
1611	6	9	11	12	14	15	17	19	20	21	22	24	26	45	72	
1612	1	5	15	17	20	21	22	24	25	26	73	
1613	22	23	
1614	51	52	53	54	55	56	57	58	58	59	61	63	
1615	32	42	47	48	49	50	51	52	53	54	57	59	63	
1616	33	42	44	45	46	47	48	48	49	50	51	53	54	
1617	28	36	40	45	47	58	58	71	
1618	47	49	69	
1619	22	28	42	44	47	50	57	60	69	
1620	40	46	48	49	69	
1621	48	52	59	
1624	47	47	48	55	
1625	48	
1627	62	
1637	8	11	14	18	
1638	10	12	13	14	15	19	
1639	7	11	15	16	17	18	18	19	20	21	23	25	26	69	
1640	13	17	19	20	21	23	24	28	73	
1641	20	22	23	24	25	26	53	75	
1642	22	23	23	51	63	64	
1643	22	23	25	27	51	73	
1644	21	22	24	27	75	
1645	22	23	24	
1646	24	
1648	52	55	56	57	59	60	62	
1649	31	48	49	50	52	53	53	54	55	56	58	59	60	
1650	32	42	43	45	47	47	49	49	50	51	53	54	57	60	67	
1651	23	26	42	44	45	46	47	48	49	50	57	61	66	
1652	20	28	43	44	45	46	48	49	50	55	57	59	62	67	72	
1653	19	21	23	24	45	46	47	49	51	54	57	58	61	72	
1654	22	25	28	39	44	46	47	48	48	50	51	53	53	56	58	58	61	70	
1655	22	24	26	36	42	44	45	46	47	49	51	57	66	
1656	45	46	49	56	62	
1657	44	47	48	62	
1658	43	51	
1659	25	
1662	65	
1671	9	12	13	
1672	2	5	7	9	10	11	12	14	14	15	17	19	24	
1673	8	10	12	13	14	15	16	17	18	20	22	24	93	96	
1674	16	19	21	23	24	74	92	
1675	23	
1678	75	92	
1682	62	
1683	52	53	54	55	59	62	
1684	30	51	53	55	59	62	
1685	23	30	50	58	62	74	
1686	21	25	26	30	35	50	52	53	57	59	63	
1687	23	23	25	45	50	51	55	56	57	59	61	
1688	22	23	25	26	44	50	51	53	54	56	58	59	61	65	
1689	23	28	31	36	41	44	45	47	48	50	52	55	57	58	59	63	69	73	
1690	21	25	26	44	45	47	48	49	51	52	54	56	58	59	62	72	74	
1691	23	25	27	44	45	46	47	48	48	49	50	52	
1692	44	47	49	
1693	59	
1694	80	
1697	91	91	92	
1698	75	
1699	8	
1705	5	8	12	13	
1706	4	10	11	13	14	19	98	
1707	6	8	9	11	12	14	15	20	81	83	85	87	87	89	90	96	
1708	12	16	83	85	86	87	90	91	92	94	96	
1709	83	87	87	88	89	90	91	93	93	95	98	
1710	83	86	87	89	90	91	92	94	95	98	
1711	86	86	87	88	89	90	90	92	93	95	98	
1712	11	83	87	87	89	90	91	92	94	96	
1713	83	86	87	88	89	90	90	91	93	96	
1714	87	87	90	91	93	94	97	
1715	18	91	92	
1716	92	
1717	88	
1718	88	93	
1720	74	
1721	25	75	
1722	53	55	61	75	
1723	24	51	53	55	56	57	59	60	63	65	74	
1724	24	34	50	51	52	52	54	55	56	57	58	58	59	62	
1725	44	45	46	47	48	49	49	50	51	52	53	55	56	60	74	
1726	43	45	46	47	48	49	50	53	
1727	45	48	
1729	14	
1730	63	
1731	64	93	
1739	7	13	
1740	5	6	9	13	
1741	10	15	79	81	86	88	92	93	
1742	7	13	49	79	80	81	83	84	85	86	88	91	94	
1743	7	9	78	80	80	81	82	82	83	84	85	85	86	88	89	90	91	96	
1744	10	78	80	81	81	82	84	85	85	87	88	90	91	95	
1745	80	81	81	82	83	84	85	86	87	89	91	94	
1746	11	78	80	81	82	82	84	84	85	86	88	89	90	91	94	98	
1747	6	9	11	15	78	79	80	81	82	84	85	86	88	89	92	92	93	
1748	6	9	11	13	13	15	78	81	82	83	85	86	87	88	89	91	95	
1749	10	14	82	83	85	86	87	88	88	89	89	91	94	96	
1750	83	85	86	87	87	89	89	90	91	93	94	96	
1751	13	13	83	86	86	87	88	88	89	90	91	93	95	97	
1752	82	83	86	86	87	87	89	89	90	91	94	97	
1753	17	87	88	89	90	91	92	94	97	
1754	87	90	91	92	97	
1755	87	90	91	92	98	
1758	34	51	52	52	55	55	56	57	59	60	61	64	
1759	42	48	50	51	52	52	53	55	56	57	58	59	61	64	87	
1760	44	46	47	47	49	49	50	52	54	56	
1761	44	48	
1771	79	
1773	22	
1774	97	
1775	5	81	84	
1776	78	79	82	85	89	
1777	7	79	79	80	83	84	
1778	78	78	79	80	81	83	85	91	
1779	78	79	80	80	81	83	83	85	91	
1780	78	79	80	80	82	84	88	
1781	79	80	81	84	100	
1782	6	11	15	79	80	81	83	84	85	88	90	99	
1783	77	78	78	79	80	80	81	83	83	84	85	87	89	93	
1784	78	80	80	81	82	82	83	84	85	86	89	99	
1785	77	78	79	80	80	81	82	83	83	84	85	87	89	91	101	
1786	8	9	11	14	78	80	81	83	84	85	86	89	96	100	
1787	11	13	15	77	80	81	82	83	84	86	87	88	89	91	97	
1788	10	82	85	86	87	88	89	90	91	94	
1789	6	10	12	15	81	82	82	84	85	86	87	88	89	90	91	95	
1790	13	16	82	83	86	87	87	89	90	92	93	96	
1791	16	87	91	93	
1792	53	58	61	63	91	92	
1793	51	52	52	54	55	56	57	59	60	62	91	92	
1794	45	47	48	49	50	51	53	53	56	61	
1795	45	50	
1810	3	91	
1811	79	81	
1812	85	
1813	78	82	86	
1814	82	101	
1815	79	
1816	79	81	94	
1817	79	
1818	79	80	81	84	87	
1819	10	14	78	80	85	100	
1820	5	79	80	82	84	87	90	93	
1821	4	10	78	79	80	81	83	83	85	88	94	
1822	12	77	79	80	81	83	84	86	88	88	90	94	98	
1823	6	10	13	15	77	78	79	80	81	82	83	84	85	88	91	96	99	
1824	8	9	11	13	14	77	79	80	81	82	83	84	84	85	86	88	88	90	92	96	98	
1825	12	78	80	81	82	83	84	85	86	86	87	88	89	90	93	94	97	99	
1826	82	86	88	89	90	91	92	95	97	
1827	52	52	55	56	62	83	86	86	87	88	88	89	90	90	92	93	96	
1828	52	53	54	83	86	87	87	88	90	91	94	97	
1829	54	
1838	47	
1841	4	
1845	94	
1848	88	
1849	92	
1852	102	
1855	5	78	81	96	
1856	15	79	85	97	
1857	78	80	85	90	
1858	4	9	78	79	82	86	
1859	13	79	80	81	84	85	87	88	
1860	77	78	79	79	80	81	82	83	84	85	86	87	89	90	93	94	
1861	78	79	80	80	81	82	84	85	86	88	89	91	96	
1862	55	77	78	80	81	81	82	84	85	86	87	88	90	
1863	82	88	90	
1867	53	
1873	81	
1882	98	
1884	102	
1886	88	
1890	83	
1892	4	80	
1893	78	80	
1894	79	80	89	
1895	78	79	81	84	
1896	79	84	98	
1905	63	
1914	98	
1926	4	
1931	59	
1932	8	44	
1933	70	
1936	69	
1949	28	
1959	18	
1960	86	
1982	101	
1999	71	
2000	74	
2003	68	
2014	68	
2018	21	
2066	2	
2085	56	
2109	7	
2110	37	
2111	6	49	
2156	30	
2161	16	
2170	16	
2179	27	
2185	10	
2226	23	
2227	5	
