16	68	
187	91	93	
188	87	90	92	96	
189	16	87	90	93	
190	17	
218	10	11	
220	87	90	92	96	
221	82	85	87	87	89	90	92	95	97	
222	9	13	78	81	82	84	85	86	87	88	90	91	94	96	
223	11	16	17	78	81	82	83	85	87	88	89	96	98	
224	16	17	17	21	
251	56	
252	51	54	90	
253	50	53	54	86	87	89	91	93	95	
254	82	84	85	87	88	88	89	90	92	94	96	
255	78	80	81	82	83	84	85	86	88	90	91	93	96	
256	7	9	10	11	13	79	80	82	84	85	86	88	90	95	98	
257	7	10	11	12	14	15	16	16	17	18	20	77	79	81	84	86	
258	16	16	17	18	20	21	
259	23	
284	56	
285	51	52	57	
286	51	53	54	87	88	88	90	91	93	97	
287	50	55	78	81	82	84	85	87	88	88	90	91	95	99	
288	78	80	81	83	83	84	85	86	90	93	96	98	
289	9	14	77	79	81	84	85	88	
290	6	9	10	11	13	14	15	16	18	20	78	80	82	84	
291	7	11	12	13	14	15	16	16	17	18	19	19	20	23	78	
292	17	18	19	20	21	22	23	
297	93	
298	91	
299	87	91	94	98	
317	88	90	93	
318	57	59	86	87	89	90	91	93	96	
319	51	52	53	55	56	85	86	87	89	90	92	93	96	
320	50	52	54	80	81	83	84	86	87	88	89	91	93	93	96	
321	42	52	80	81	82	84	85	86	90	96	99	
322	13	46	50	67	79	81	85	
323	9	13	14	81	
324	7	8	10	11	12	14	14	15	16	18	23	
325	1	4	12	13	16	17	17	18	18	19	20	21	23	25	73	
326	17	18	21	22	
330	88	91	98	
331	86	87	88	89	91	93	95	
332	16	85	86	87	89	90	94	96	
333	11	14	16	18	81	84	86	88	98	
334	17	19	20	
350	46	51	90	96	
351	52	82	85	86	87	89	90	92	95	99	
352	55	78	81	83	84	85	86	87	87	88	90	91	95	97	99	
353	53	54	77	80	82	83	84	85	86	87	89	90	93	96	100	
354	40	49	56	67	79	81	82	84	85	86	89	
355	19	44	46	47	48	56	64	79	81	84	
356	43	46	49	72	
357	8	10	11	14	72	
358	5	7	9	10	11	12	12	13	14	14	15	15	16	17	18	20	
359	13	15	16	17	17	18	20	20	21	22	23	24	27	
360	23	
362	87	91	93	
363	87	88	89	91	92	94	96	
364	38	82	86	87	88	89	91	92	93	95	
365	8	16	77	80	81	82	83	85	86	89	95	99	
366	9	11	14	16	17	19	20	43	68	81	82	83	85	
367	4	13	14	15	17	18	19	20	21	23	27	78	
368	22	23	
382	53	56	57	
383	49	50	51	53	54	56	61	67	
384	46	47	48	49	51	53	
385	39	43	50	79	81	82	84	85	87	89	
386	39	66	79	80	81	84	86	89	94	
387	8	14	17	18	32	38	42	67	78	79	81	84	89	
388	15	16	17	19	20	21	44	46	48	52	56	57	59	62	70	78	80	83	
389	20	20	21	22	24	27	42	43	45	46	46	47	49	50	52	54	69	
390	23	44	46	48	49	
391	5	6	8	9	11	13	15	28	
392	4	7	10	11	12	13	14	14	15	15	16	16	17	18	19	20	21	24	
393	13	21	22	23	23	
394	91	
395	87	89	91	92	93	96	
396	37	54	83	84	86	87	88	89	90	91	95	97	99	
397	46	80	82	83	83	85	86	89	91	93	97	
398	10	13	17	19	41	79	80	81	82	83	84	85	89	98	
399	11	12	14	15	17	18	19	20	21	68	79	80	84	
400	13	15	18	20	21	21	24	79	
401	5	22	23	24	
416	57	
417	35	48	50	51	52	53	54	54	55	56	57	58	60	62	
418	31	40	42	45	46	47	49	49	50	52	55	56	
419	31	40	43	43	44	45	46	47	48	59	64	68	71	
420	9	13	19	20	30	40	44	45	46	49	67	68	71	78	
421	10	11	14	15	18	18	19	20	22	24	43	45	56	57	64	66	70	78	
422	20	21	21	23	23	24	51	52	52	54	55	56	58	59	61	
423	22	24	45	46	47	48	49	49	50	50	51	53	54	71	74	
424	10	44	45	49	
425	7	9	10	11	12	14	14	
426	4	12	13	16	20	24	92	
427	36	86	87	90	92	95	
428	83	85	86	87	88	89	90	91	93	94	96	100	
429	16	37	41	79	81	82	83	85	86	87	88	89	90	94	99	
430	16	18	42	67	79	81	82	84	86	
431	9	11	14	16	17	18	19	39	44	46	65	67	71	79	80	84	
432	11	12	13	14	15	16	18	19	19	20	21	27	43	71	78	
433	5	18	19	20	21	22	23	24	25	
434	5	22	24	
439	74	74	74	
451	52	54	55	61	
452	34	49	53	54	58	
453	53	62	64	
454	14	23	25	
455	3	22	23	25	57	
456	24	48	51	52	53	54	55	55	56	57	58	59	61	73	
457	48	49	49	50	51	53	55	56	61	
458	44	45	47	49	93	
459	4	7	11	14	
460	5	8	81	87	90	96	
461	16	41	80	81	83	84	85	86	87	89	94	98	
462	17	34	41	78	79	81	82	84	86	89	
463	10	13	14	16	17	18	18	19	19	42	43	44	64	68	71	78	80	84	89	
464	11	13	14	15	17	19	20	21	22	26	45	71	79	
465	12	19	20	21	22	24	25	
466	22	23	23	24	
467	25	
489	56	
490	51	52	54	55	57	58	87	91	92	
491	50	51	53	54	88	90	92	96	
492	49	53	85	86	88	91	93	
493	11	19	
494	11	15	16	17	18	19	35	39	42	44	46	66	71	79	82	83	
495	6	11	13	13	14	16	17	19	19	20	21	41	45	46	70	78	80	
496	8	12	14	15	17	18	18	19	20	21	21	24	26	44	70	73	79	
497	4	13	15	19	20	21	22	24	25	27	44	
498	22	23	24	
499	23	24	
500	36	
521	87	91	93	
522	88	90	92	
523	52	87	88	88	90	91	95	
524	52	54	55	58	59	81	82	86	87	87	88	90	91	93	94	97	100	
525	50	53	80	81	83	83	84	85	86	87	89	90	91	94	98	
526	81	82	84	85	87	92	100	
527	8	11	14	15	16	17	18	19	20	44	68	69	
528	10	12	13	14	15	16	17	18	18	19	20	20	27	40	43	70	
529	7	13	15	17	19	20	21	21	23	24	72	
530	21	22	23	23	25	27	
531	22	24	73	
534	35	35	
552	96	
553	88	91	96	
554	87	88	89	90	92	94	96	
555	82	85	86	86	87	88	89	91	92	95	97	
556	53	55	56	77	81	82	85	86	87	88	89	90	91	93	94	97	99	
557	52	77	80	81	82	84	85	86	87	89	90	93	96	99	
558	42	78	80	81	82	84	85	86	88	90	
559	46	77	78	79	81	82	84	87	89	94	
560	7	9	11	12	14	15	18	79	83	84	98	
561	4	7	10	11	12	13	14	15	16	16	17	18	19	21	24	
562	4	15	16	17	19	20	22	23	24	26	
563	21	22	23	23	25	
584	53	56	
585	46	
586	53	53	85	87	88	90	93	95	
587	81	82	85	86	87	89	90	91	93	93	96	
588	39	78	81	82	83	84	85	86	86	88	89	90	92	94	97	
589	16	38	38	48	66	78	79	80	81	82	83	83	84	85	87	88	90	94	
590	16	17	18	19	36	41	43	47	56	57	60	67	77	79	80	81	82	83	85	
591	17	20	21	26	38	41	43	45	47	47	49	51	55	56	57	67	70	78	78	79	81	84	
592	20	21	27	28	42	44	45	46	47	47	48	50	70	73	79	83	
593	9	13	38	44	46	69	79	
594	7	9	10	11	12	13	14	15	19	
595	6	10	11	12	15	16	17	18	19	20	21	24	
596	17	17	19	20	21	23	
597	23	
617	57	
618	34	36	51	52	52	54	56	57	58	59	
619	42	46	47	48	49	50	51	53	57	
620	30	39	42	43	45	46	46	47	50	53	56	67	69	82	84	86	
621	36	39	42	44	47	48	50	57	58	66	68	69	79	80	81	82	83	84	100	
622	13	18	18	19	38	40	42	43	46	47	67	70	78	79	80	81	82	84	85	
623	9	11	13	14	17	18	19	20	43	44	47	69	73	79	80	84	
624	14	15	17	19	20	20	21	23	23	26	42	45	48	55	56	57	62	64	68	72	79	
625	19	20	21	22	24	36	45	50	51	52	52	53	54	55	56	57	58	58	60	70	
626	21	22	23	23	24	43	45	45	46	47	48	49	50	50	51	52	53	
627	9	44	45	47	
628	7	9	10	11	13	13	14	15	24	
629	3	6	11	12	15	15	16	17	19	20	24	28	
630	16	17	18	19	21	22	24	
652	52	53	55	57	60	
653	34	50	51	54	55	57	59	
654	35	43	45	47	49	50	54	60	65	68	
655	14	19	24	42	44	45	49	54	58	62	67	79	
656	14	19	21	23	24	25	44	48	
657	3	11	14	21	22	23	24	25	44	63	
658	21	23	24	57	
659	23	24	51	52	52	54	55	55	56	56	57	59	61	
660	37	41	45	46	47	47	49	50	50	51	51	52	53	54	59	74	
661	9	31	43	43	44	45	46	47	48	49	
662	3	6	9	10	11	13	13	14	
663	7	10	11	12	13	13	14	15	16	17	18	20	
664	16	17	17	19	20	22	25	
665	18	
687	55	
689	24	
690	24	
691	24	
692	10	
693	6	7	51	52	54	55	56	57	60	
694	42	47	48	49	50	50	51	52	53	53	54	54	55	56	57	58	60	
695	32	38	40	42	44	45	46	47	47	49	49	50	
696	6	9	13	41	43	67	69	
697	1	6	8	10	11	12	14	14	15	16	17	18	19	20	25	43	69	84	99	
698	15	17	17	19	19	20	21	22	
699	22	
727	55	
728	33	51	52	54	55	57	59	62	
729	42	44	45	47	48	49	54	61	68	
730	11	15	25	44	45	46	
731	13	19	22	23	24	
732	20	21	22	24	
765	24	74	
1169	42	
1173	61	
1197	39	
1206	49	
1226	39	
1231	40	
1234	10	
1237	53	
1239	90	
1248	96	
1264	22	
1280	93	
1292	70	
1293	1	
1303	25	
1309	41	
1310	26	
1311	46	
1330	65	
1338	26	
1342	17	37	55	
1343	17	19	42	43	53	56	62	
1344	18	20	28	39	43	45	46	48	48	56	
1345	43	46	54	72	
1346	4	
1349	60	
1351	33	
1353	90	
1355	50	
1368	38	
1373	14	98	
1374	26	
1375	6	11	13	16	18	23	40	
1376	14	16	17	19	21	28	42	45	58	
1377	7	8	16	17	18	18	20	22	25	39	42	45	47	52	56	57	62	65	67	68	
1378	20	21	22	24	40	43	44	46	47	49	50	52	54	56	60	71	73	
1379	22	44	47	48	49	73	
1380	44	48	
1383	4	32	
1391	59	
1395	70	
1407	18	73	
1408	12	17	42	
1409	8	9	11	13	14	16	17	18	19	20	28	41	72	
1410	11	13	14	15	16	17	18	19	20	20	22	25	29	45	69	74	
1411	17	18	19	20	21	23	24	44	51	52	53	56	57	59	62	
1412	22	23	24	44	45	46	47	48	49	50	51	51	53	54	55	59	
1413	23	44	45	47	48	49	50	52	58	
1414	47	50	
1415	9	
1420	41	
1421	82	
1422	56	
1424	69	
1429	42	
1431	37	
1432	16	
1434	61	
1438	65	
1439	40	
1440	9	19	39	
1441	12	14	17	18	21	24	
1442	5	8	10	12	14	15	16	17	19	20	43	70	
1443	11	12	14	15	16	17	18	18	19	20	22	24	25	44	70	
1444	13	17	21	22	23	25	26	57	
1445	22	25	51	52	53	55	56	58	58	61	74	
1446	46	47	49	49	50	51	52	52	53	54	55	62	
1447	45	47	48	49	51	54	61	88	91	
1448	17	32	
1449	48	
1451	18	27	32	39	
1452	48	
1453	17	18	43	48	
1454	20	42	44	46	56	61	
1455	45	47	49	68	
1456	49	69	
1458	59	
1472	13	17	20	38	43	
1473	16	18	21	36	42	47	
1474	10	15	17	18	20	37	42	45	66	69	
1475	10	12	14	15	16	19	21	67	71	
1476	8	11	13	14	15	16	17	18	19	20	21	22	23	25	72	
1477	13	18	20	21	22	24	26	
1478	21	23	57	58	
1479	48	51	52	53	53	54	55	57	60	
1480	44	47	48	49	50	51	54	55	57	58	61	
1481	46	48	51	53	85	87	90	94	
1482	61	
1484	10	31	41	
1485	12	16	19	42	47	
1486	3	12	17	19	35	39	68	
1487	12	18	19	21	27	43	57	68	71	
1488	20	25	48	50	52	54	58	
1489	22	24	49	50	54	59	
1504	16	
1505	13	16	21	
1506	10	13	15	16	17	18	
1507	13	15	16	17	18	19	21	43	43	70	
1508	9	13	15	17	19	20	21	23	24	43	45	72	
1509	4	9	12	15	20	21	22	24	45	70	
1510	13	21	23	23	25	
1511	22	87	91	93	97	
1512	16	56	57	58	
1513	35	47	51	52	54	55	56	61	
1514	44	45	46	48	48	49	50	51	53	55	56	58	87	91	95	
1515	37	82	84	86	91	
1516	13	37	
1517	16	29	47	48	70	
1518	8	13	15	16	18	20	38	43	43	46	67	
1519	11	14	16	18	19	21	22	27	42	
1520	15	19	20	22	24	27	45	49	57	65	69	
1521	22	24	52	71	
1522	23	51	53	55	58	74	91	
1523	53	58	91	
1537	68	
1538	30	
1539	5	10	13	24	
1540	8	11	12	13	14	18	20	
1541	8	12	15	17	19	21	23	23	25	
1542	22	24	93	
1543	23	25	91	
1544	87	88	90	91	93	96	
1545	9	11	13	82	86	87	88	88	89	91	95	
1546	16	17	53	55	57	62	80	82	86	90	94	
1547	18	43	47	51	52	54	55	56	59	
1548	33	38	40	45	46	47	48	50	51	54	58	82	86	90	94	
1549	31	43	44	51	54	58	82	
1550	11	16	20	39	46	68	70	
1551	13	16	18	18	19	21	42	43	46	65	66	
1552	11	13	14	19	20	21	23	23	71	
1553	13	21	22	25	56	70	
1554	25	51	52	54	57	
1555	53	54	87	90	92	95	
1556	87	89	91	93	
1557	80	82	84	88	88	
1571	15	
1573	4	9	13	15	
1574	7	9	10	11	12	13	14	15	
1575	12	87	89	90	93	95	97	
1576	86	87	88	89	90	94	96	
1577	82	86	86	87	89	90	91	93	95	97	
1578	10	77	81	82	83	84	85	86	87	89	91	98	98	
1579	7	9	10	11	14	15	16	78	79	80	81	83	84	86	89	91	98	
1580	7	13	15	16	17	18	18	19	21	55	56	58	61	79	81	86	89	
1581	18	22	31	39	43	46	48	49	50	51	53	53	55	56	58	
1582	29	40	44	47	49	66	71	84	88	
1583	19	40	43	45	46	63	67	70	
1584	13	13	20	21	43	63	72	
1585	20	21	23	24	71	
1586	22	24	
1587	24	54	87	89	91	93	95	97	
1588	53	53	83	86	87	88	89	91	93	95	98	
1589	82	84	85	86	88	90	96	
1590	79	80	83	84	85	89	99	
1591	67	83	
1592	56	56	57	
1595	15	
1603	93	
1608	4	12	83	
1609	77	79	81	82	86	88	91	
1610	79	80	81	82	84	85	87	90	93	
1611	77	78	79	80	82	83	84	85	89	93	
1612	12	40	79	80	82	84	86	89	
1613	8	10	11	12	14	15	17	19	25	80	
1614	7	13	15	16	16	17	18	19	20	21	22	24	26	55	57	60	79	
1615	21	22	49	51	54	60	
1616	44	45	48	50	58	
1618	23	25	52	93	
1619	53	55	56	87	88	91	96	
1620	86	87	91	93	94	95	
1621	77	80	82	84	85	86	88	90	92	
1622	77	79	80	82	84	85	89	96	
1623	78	80	83	84	87	90	
1624	83	89	
1625	103	
1626	31	55	
1641	21	
1643	78	82	86	89	
1644	20	78	79	81	84	88	
1645	16	20	39	47	79	85	
1646	8	11	13	15	16	17	18	19	21	39	44	69	78	
1647	5	8	10	11	12	13	14	15	16	17	18	19	20	24	26	68	
1648	12	15	17	17	19	20	21	22	24	26	69	
1649	22	
1650	52	55	93	
1651	51	52	53	55	73	87	88	91	92	96	
1652	83	87	88	91	92	95	97	
1653	77	81	82	83	84	85	87	89	90	93	96	99	
1654	79	80	81	82	84	85	87	88	97	99	
1655	58	79	80	84	89	
1656	79	84	88	96	
1658	83	
1663	83	83	84	85	
1667	64	
1674	17	
1675	16	36	
1676	16	18	43	43	47	
1677	16	18	20	38	40	47	66	69	
1678	12	14	16	19	20	23	43	45	46	72	
1679	11	14	17	19	20	27	39	67	69	
1680	11	12	14	16	17	19	20	21	22	24	43	43	68	72	
1681	8	10	12	15	18	20	21	22	23	24	29	
1682	22	24	47	52	
1683	23	46	51	52	54	60	91	96	
1684	51	53	54	82	86	87	88	89	90	91	94	96	
1685	78	81	82	85	86	87	89	91	94	98	
1686	77	79	80	81	82	84	85	87	90	95	
1687	78	80	85	94	
1688	78	80	96	
1689	81	87	
1707	17	26	34	40	
1708	16	17	19	36	41	47	67	
1709	17	19	25	42	45	66	
1710	13	14	16	18	18	20	25	41	48	67	70	
1711	14	16	17	19	20	21	23	25	29	40	44	46	50	70	
1712	11	14	17	19	20	21	23	25	43	50	65	69	
1713	12	14	15	18	19	20	21	22	23	24	44	72	
1714	20	21	22	24	
1715	22	23	23	25	53	56	61	74	
1716	46	47	49	50	51	52	54	56	58	
1717	47	48	50	54	83	85	86	89	91	94	
1718	46	53	56	77	78	79	80	81	83	83	84	85	86	89	91	94	
1719	25	55	79	80	81	83	85	88	100	
1720	78	81	87	
1721	78	84	97	
1728	16	
1739	11	20	
1740	15	
1741	11	14	17	18	35	
1742	12	16	17	18	19	21	24	
1743	13	15	17	18	19	21	22	24	45	70	
1744	13	14	20	21	22	24	28	45	69	
1745	15	20	21	23	25	
1746	23	25	74	
1747	25	87	91	92	96	
1748	57	89	90	92	95	96	
1749	16	18	36	52	53	54	55	57	59	91	98	
1750	45	46	47	49	50	51	53	54	58	
1751	44	46	48	50	55	80	85	88	90	95	
1752	50	59	78	82	86	91	
1753	78	85	98	
1754	39	
1756	96	
1758	74	
1762	15	15	15	
1774	10	13	
1775	5	7	10	11	14	15	16	19	
1776	12	13	13	15	15	16	20	23	
1777	23	24	88	92	97	
1778	24	87	90	91	92	97	
1779	52	87	88	89	90	91	93	94	95	98	
1780	82	86	86	87	88	89	90	92	93	95	97	
1781	10	78	81	82	84	85	86	88	90	94	98	
1782	7	10	11	13	14	15	57	77	80	81	82	84	85	87	88	90	91	95	100	
1783	16	17	19	51	52	55	56	57	59	78	80	82	84	86	89	92	95	
1784	17	18	21	43	46	47	47	50	51	52	53	55	56	59	
1785	43	45	47	48	49	53	53	57	83	
1786	49	82	
1787	49	
1790	104	
1792	63	101	
1793	44	
1799	56	
1808	9	14	
1809	9	11	14	
1810	10	14	16	82	87	90	96	
1811	78	82	83	85	86	87	89	90	93	96	99	
1812	77	78	80	81	82	85	86	86	88	88	89	91	95	101	
1813	78	80	81	83	85	85	86	87	88	89	92	96	
1814	77	80	81	83	84	85	86	88	89	
1815	9	13	79	80	81	81	84	86	89	93	
1816	4	6	9	10	11	14	15	16	78	79	81	83	89	95	
1817	8	11	12	13	14	15	15	16	17	18	19	22	26	35	52	53	55	56	57	60	79	84	87	88	93	
1818	17	21	23	47	51	52	54	54	56	58	59	92	
1819	44	45	45	46	47	48	49	50	53	
1820	43	
1821	55	66	90	
1828	88	
1835	96	
1844	86	94	
1845	6	79	80	82	84	86	89	95	
1846	79	80	81	84	88	90	94	
1847	80	81	84	87	89	
1848	79	81	83	86	95	
1849	81	83	
1850	7	9	10	12	13	14	18	80	90	
1851	6	11	12	14	15	55	57	82	84	88	91	98	
1852	18	50	50	51	52	53	54	55	57	59	82	86	87	89	90	91	92	95	97	
1853	45	49	50	52	55	87	87	91	92	
1858	82	
1872	53	
1876	6	
1878	84	
1879	82	90	
1880	87	
1881	84	94	
1882	12	
1884	1	7	9	13	15	89	
1885	9	12	15	81	87	
1886	55	79	80	82	84	85	87	88	90	91	94	97	
1887	82	85	86	87	89	92	94	99	
1888	82	86	92	
1892	39	
1899	66	
1912	50	
1918	8	
1919	5	12	
1920	79	80	81	83	83	86	89	
1921	78	79	81	83	85	89	100	
1927	30	
1932	1	
1940	77	
1942	31	
1943	69	
1945	95	
1947	94	
1948	90	
1953	2	
1955	82	85	88	
1961	17	
1966	75	
1976	43	
1980	56	
1985	1	
1990	96	
2004	5	
2011	92	
2021	37	
2043	15	
2058	76	
2060	47	
2077	37	
2078	15	
2090	99	
2116	4	99	
2153	84	
2165	45	
2168	97	
2187	13	
2201	25	
2203	27	29	
