47	57	
111	36	37	
118	87	
217	15	
218	9	
251	93	97	
252	87	90	92	96	
253	92	97	
283	92	97	
284	87	88	90	91	92	95	97	
285	82	87	88	89	90	91	93	95	97	
286	11	82	85	86	87	88	88	89	90	91	93	93	96	99	
287	12	15	16	81	83	85	86	88	88	90	91	95	98	
288	16	17	
299	93	
300	17	
315	92	
316	54	87	90	92	96	
317	54	83	85	87	87	89	90	91	92	94	96	
318	81	82	83	84	85	86	87	88	89	90	91	92	93	95	97	101	
319	80	81	82	84	85	86	87	89	90	91	95	
320	7	9	10	13	78	80	81	82	83	83	84	86	87	88	89	90	96	98	
321	6	8	9	11	12	13	14	20	80	81	82	84	85	87	89	91	93	98	
322	12	15	16	16	17	18	20	86	89	91	94	
323	16	17	21	
331	88	91	93	
332	86	88	90	91	92	95	98	
333	11	14	83	87	90	91	92	95	97	100	
334	16	17	90	97	
335	18	
348	50	53	56	91	
349	51	54	83	87	88	89	90	91	94	97	100	
350	54	81	82	83	84	86	86	87	88	89	90	91	93	95	97	100	
351	56	79	81	82	83	84	85	86	87	88	89	90	91	94	97	99	
352	37	79	81	83	84	85	86	87	88	89	92	96	
353	47	79	80	81	84	85	94	100	
354	8	11	17	19	42	79	80	82	84	86	90	
355	2	6	9	10	11	13	13	14	15	79	80	81	84	87	89	
356	7	10	11	12	14	15	16	17	19	20	80	82	83	86	89	
357	16	17	18	19	20	23	
361	91	93	97	
362	87	91	92	93	95	97	
363	87	89	90	91	92	93	96	98	
364	87	88	89	90	92	94	96	
365	38	83	85	87	87	89	90	91	92	95	97	99	
366	82	85	86	87	89	90	91	94	97	
367	7	10	11	12	14	15	16	19	80	81	82	84	85	86	88	89	94	
368	13	16	17	18	19	19	21	23	27	81	83	
380	53	55	56	58	58	
381	46	48	50	51	52	54	57	
382	47	49	51	53	53	87	88	90	93	93	96	101	
383	50	80	82	84	86	87	88	89	90	92	93	96	
384	36	53	79	81	82	84	85	86	87	88	90	94	
385	36	79	80	81	84	85	90	
386	16	40	48	66	79	81	85	
387	16	18	18	38	41	48	56	66	79	84	88	
388	9	17	20	22	41	45	47	48	50	73	
389	3	7	8	10	10	12	14	21	68	79	84	
390	7	11	12	13	14	14	15	16	19	21	79	86	90	96	99	
391	13	16	17	18	20	22	88	93	97	
392	91	
393	88	91	93	94	96	
394	88	90	92	93	95	97	100	
395	86	87	88	89	91	92	95	97	101	
396	83	85	86	87	88	88	89	91	93	95	96	
397	37	81	82	83	84	85	86	88	88	89	90	92	94	96	101	
398	39	81	82	83	84	85	86	87	88	88	89	90	93	97	99	
399	17	19	39	42	79	80	81	83	84	85	86	87	88	
400	6	9	13	16	17	18	19	20	38	41	45	46	64	68	80	81	82	83	84	86	88	
401	4	7	10	11	12	13	14	15	16	17	19	20	21	22	24	26	40	44	72	79	80	81	83	
402	12	15	20	21	22	23	
403	22	
413	57	
414	52	53	55	56	57	57	58	61	
415	46	48	50	51	52	54	55	56	58	
416	37	45	46	48	49	50	52	53	55	59	82	83	86	89	91	
417	35	46	52	79	81	82	83	85	86	90	
418	16	38	42	45	61	68	69	78	80	83	83	
419	16	18	19	39	42	46	48	80	83	
420	9	12	14	16	17	19	20	21	45	50	57	61	68	72	
421	19	19	20	21	25	45	50	53	56	57	59	61	70	
422	21	23	24	45	47	48	49	50	
423	4	6	9	10	13	45	49	
424	5	7	11	13	14	14	15	18	84	90	97	
425	87	88	90	91	92	95	98	
426	86	88	88	90	91	92	93	95	98	98	
427	82	85	86	87	88	89	90	91	92	94	96	99	
428	54	81	83	85	86	87	88	89	90	91	92	93	96	
429	37	79	81	82	83	84	85	86	87	88	88	89	90	92	94	98	
430	39	68	79	80	82	84	85	86	89	99	
431	16	26	38	38	41	68	79	80	81	84	85	86	99	
432	8	12	14	16	17	18	19	42	45	79	80	82	84	85	
433	10	12	14	15	16	17	18	19	19	20	21	24	28	40	45	71	81	
434	12	13	15	18	20	21	22	23	24	74	79	
435	5	20	21	22	24	
436	2	23	25	
439	77	77	
448	52	53	54	55	56	56	57	59	60	62	
449	46	47	48	50	50	51	51	52	53	54	55	59	
450	31	38	41	44	45	46	48	49	53	62	84	89	
451	14	19	35	39	42	59	62	69	82	86	98	
452	8	13	15	17	18	18	19	20	21	25	26	35	42	45	48	50	59	66	69	72	
453	11	14	20	21	22	23	24	26	44	47	48	64	70	
454	7	21	23	23	25	45	58	65	72	
455	22	25	52	53	53	55	57	61	64	74	
456	51	52	54	56	
457	8	49	93	
458	4	12	81	85	88	88	91	93	
459	81	82	84	85	86	87	89	90	92	94	97	
460	37	80	81	82	83	84	85	86	87	89	89	91	93	94	98	
461	36	78	79	81	82	83	83	84	85	86	87	89	91	96	100	
462	37	39	67	79	81	82	84	85	86	89	90	93	99	
463	16	39	42	47	66	78	80	81	84	85	89	
464	10	13	16	18	18	19	20	39	42	67	71	79	81	83	89	
465	8	8	10	11	14	15	16	17	18	19	20	23	42	45	65	70	79	84	
466	10	12	13	14	15	17	18	18	19	20	21	22	23	23	24	26	
467	5	15	20	21	22	24	25	
468	22	24	75	
469	51	52	
473	78	
482	35	52	52	56	57	58	58	60	
483	33	43	47	49	50	50	51	54	59	
484	9	38	41	44	45	47	48	49	64	71	
485	5	7	11	12	15	19	23	65	70	
486	18	20	21	22	24	58	61	
487	22	48	50	51	53	74	
488	50	53	54	
489	52	55	87	91	93	95	
490	54	60	83	86	87	89	91	93	93	96	100	
491	5	38	87	89	
492	5	37	81	84	93	99	
493	36	80	81	83	83	85	88	
494	17	18	39	47	66	80	81	82	83	84	86	89	
495	11	16	20	39	41	46	67	79	81	85	89	
496	8	13	16	17	18	18	19	20	38	41	45	60	66	71	79	84	88	
497	10	12	14	16	17	18	19	19	20	21	24	40	44	45	48	69	72	79	
498	7	8	11	12	13	13	14	15	17	18	19	20	21	22	22	24	43	44	68	
499	11	15	19	21	21	22	23	24	25	
500	22	23	24	74	
517	52	54	64	
518	25	65	
519	24	58	
520	23	36	52	55	56	
521	47	48	49	50	52	53	55	57	
522	46	49	50	54	89	91	95	
523	37	51	53	82	83	85	86	87	88	90	98	
524	74	75	76	79	81	83	84	86	87	88	90	
525	81	83	85	91	
526	18	37	39	
527	14	16	17	19	20	37	41	43	43	47	60	67	72	79	86	
528	10	14	16	17	18	18	19	20	28	35	40	42	45	46	50	62	67	71	79	
529	7	8	11	12	14	16	17	18	19	20	21	23	26	40	44	49	70	
530	11	13	14	15	17	19	20	21	22	23	24	25	43	48	71	
531	12	20	21	22	23	24	25	44	
532	22	24	25	73	
533	24	
553	57	
554	53	54	55	56	56	58	58	61	
555	46	47	49	50	50	51	52	53	55	
556	44	46	47	48	49	51	82	87	89	92	95	
557	45	51	80	82	84	89	99	
558	38	40	78	80	83	
559	8	15	40	98	
560	6	9	10	12	13	14	15	16	17	18	19	23	23	29	39	42	72	
561	11	12	15	17	17	18	19	20	20	23	24	41	70	
562	13	15	17	20	21	22	23	27	73	
563	20	21	22	24	73	
564	23	24	
565	23	
587	52	56	58	
588	51	52	52	53	54	55	56	57	58	59	63	
589	46	47	48	49	50	50	51	52	53	54	55	60	
590	38	43	44	46	47	48	50	54	57	58	
591	39	46	51	
592	9	20	24	42	44	48	68	
593	6	9	10	12	14	15	16	19	40	
594	7	11	12	13	13	14	15	16	17	18	18	19	20	21	24	43	
595	15	17	19	20	21	22	23	24	75	
596	21	23	
621	62	
622	35	51	52	53	53	54	55	56	57	58	58	60	61	
623	33	42	45	47	48	49	49	50	51	54	55	57	59	63	
624	26	40	43	44	45	46	47	49	49	51	53	54	56	57	58	60	67	70	
625	19	23	30	41	44	46	47	48	49	50	63	71	
626	6	9	11	14	22	25	42	43	45	48	49	70	
627	7	11	12	13	13	14	15	16	18	20	23	28	
628	15	16	17	17	18	19	20	22	24	75	
629	22	23	
656	63	
657	55	58	62	
658	50	52	53	53	54	56	57	60	62	
659	24	46	47	49	50	51	54	59	
660	9	11	44	45	48	49	
661	8	10	11	12	13	14	15	16	19	23	
662	17	18	20	21	22	24	
663	22	
672	91	
673	90	95	
674	17	
692	52	53	56	59	61	
693	43	47	50	50	51	54	
694	9	11	14	39	45	48	
695	8	11	13	14	15	19	25	26	
696	18	21	23	24	
704	36	53	56	57	58	
705	37	51	
706	10	45	46	49	91	102	
707	7	11	13	15	82	87	89	93	
708	16	18	21	
726	52	55	56	60	62	
727	30	51	53	59	
728	5	6	9	10	42	43	45	49	103	104	
729	13	14	15	19	23	69	
730	21	
738	58	63	
739	51	53	54	61	
740	41	49	71	
741	7	12	14	81	85	
742	20	22	
763	25	
774	64	
775	24	
836	49	
1186	85	
1194	26	
1201	73	
1202	42	
1204	59	
1207	48	
1217	49	
1219	3	
1233	78	
1241	13	
1252	70	
1258	74	
1261	20	
1262	27	
1264	2	
1268	39	
1274	89	
1287	52	
1288	69	
1308	90	
1311	10	
1319	7	93	
1320	68	
1334	20	
1336	29	
1337	18	
1338	20	
1342	50	
1345	84	
1348	2	
1369	86	
1370	27	
1373	48	
1374	12	45	71	
1375	50	
1378	66	
1382	81	
1405	17	39	
1406	18	39	67	
1407	19	37	39	49	56	
1408	19	23	43	43	46	47	48	53	56	58	73	
1409	46	50	56	75	
1410	43	46	49	
1411	67	
1412	47	
1416	19	
1418	37	
1420	81	
1430	76	
1434	21	28	39	
1436	17	
1437	16	37	39	
1438	14	38	
1439	17	19	37	42	43	70	
1440	6	11	14	17	19	20	22	37	40	46	66	69	
1441	17	19	20	21	23	25	41	45	48	52	56	57	59	64	72	
1442	20	21	22	24	28	39	43	44	46	47	50	51	54	56	58	60	65	71	
1443	22	26	43	45	47	48	48	49	50	53	68	73	
1444	46	49	
1445	50	
1450	40	50	
1451	38	41	
1452	47	
1453	18	37	41	46	
1454	60	
1455	41	43	47	51	56	70	
1456	46	51	64	70	
1463	43	
1465	8	
1468	38	
1469	19	
1470	40	
1471	17	18	21	37	39	
1472	7	11	13	15	17	18	19	22	40	44	70	
1473	6	11	15	16	17	19	20	22	23	39	43	44	46	69	
1474	11	13	13	15	17	18	19	20	21	24	69	
1475	17	19	20	21	22	24	44	52	57	60	63	65	70	
1476	21	23	24	35	50	51	52	53	53	54	55	56	57	58	60	62	
1477	23	44	45	46	47	47	49	49	50	51	52	54	55	56	58	61	
1478	43	45	46	48	48	49	50	54	57	59	73	
1479	43	52	
1480	45	
1482	37	
1483	47	
1484	16	39	
1485	17	19	37	39	46	51	69	
1486	16	18	19	37	41	
1487	17	19	21	31	41	46	50	59	64	67	69	
1488	19	23	26	39	42	45	48	49	52	57	58	60	66	72	
1489	18	20	22	24	41	45	46	47	49	50	52	59	72	
1490	48	51	57	
1491	49	49	
1492	72	
1502	16	19	
1503	11	43	
1504	9	12	15	17	19	23	35	38	
1505	10	12	15	16	17	18	19	21	24	27	40	44	66	70	
1506	6	11	13	13	15	16	17	19	20	21	24	45	65	71	
1507	6	11	14	18	19	21	22	24	
1508	5	21	22	23	25	
1509	22	24	57	
1510	51	52	55	55	56	57	58	58	59	62	74	
1511	50	50	51	52	53	54	56	59	75	
1512	45	46	47	49	50	51	52	53	58	73	
1513	44	49	52	55	
1514	34	39	
1515	17	39	
1516	17	18	23	36	40	68	
1517	16	19	36	40	47	52	58	60	
1518	16	18	19	20	24	28	38	39	42	44	48	50	57	68	
1519	13	17	18	20	22	42	47	61	65	66	69	
1520	13	16	18	20	21	24	27	43	45	48	50	61	72	
1521	21	22	23	25	57	58	61	67	69	
1522	21	22	24	45	50	51	52	54	55	56	57	59	61	72	
1523	25	50	51	52	53	54	59	
1524	48	50	
1537	7	9	11	14	16	21	
1538	7	10	11	13	14	15	16	17	19	21	
1539	11	13	13	15	16	16	17	18	18	19	20	22	23	24	
1540	11	22	23	
1541	22	24	74	
1543	92	
1544	53	56	58	61	88	90	91	95	97	
1545	50	50	51	52	53	54	55	55	56	59	
1546	31	38	42	44	46	48	48	49	50	52	55	58	
1547	32	36	45	47	49	53	59	
1548	17	19	38	40	44	47	50	59	66	72	
1549	12	17	19	21	41	44	46	58	67	73	
1550	11	14	17	18	19	21	39	42	45	62	66	
1551	14	17	18	19	20	22	24	27	39	43	48	60	75	
1552	19	20	21	22	24	42	45	51	61	64	67	69	
1553	13	21	22	24	25	44	50	62	
1554	24	57	
1555	23	23	25	
1556	53	54	55	56	59	91	93	95	97	
1557	51	54	87	88	90	91	95	98	
1561	67	70	70	70	71	
1569	104	
1570	11	13	21	
1571	7	9	10	11	13	14	19	24	
1572	7	10	11	12	14	14	15	16	17	19	20	23	
1573	13	14	17	18	20	21	22	24	
1574	93	
1575	92	97	
1576	87	90	92	95	97	
1577	83	86	87	88	89	90	91	92	93	94	96	
1578	12	57	58	62	81	82	85	87	88	89	91	94	100	
1579	16	17	19	27	30	35	36	51	52	54	55	56	59	62	90	98	
1580	37	41	44	46	47	48	50	51	53	53	58	
1581	13	41	44	47	49	60	64	70	87	
1582	14	17	19	20	23	39	42	44	46	60	66	71	
1583	10	15	16	17	19	20	22	25	41	50	60	70	
1584	10	13	14	15	20	21	23	25	45	48	62	70	74	
1585	15	20	22	23	24	73	
1586	22	24	74	
1587	24	93	
1588	52	54	75	91	92	97	
1589	53	87	88	90	90	91	93	95	97	
1590	82	87	88	90	91	93	95	
1591	81	82	83	84	85	86	88	89	94	
1592	82	86	91	
1594	13	
1595	87	
1604	9	19	
1605	4	7	9	10	11	13	13	14	15	
1606	7	7	12	12	15	15	16	17	19	22	24	
1607	21	23	91	92	96	
1608	86	87	87	89	90	91	92	94	97	
1609	37	54	87	87	88	89	90	91	92	93	95	97	100	
1610	17	37	80	81	82	85	86	88	88	89	
1611	9	17	19	42	78	80	81	82	84	85	
1612	5	6	10	11	13	14	15	16	17	18	20	42	71	78	80	81	84	
1613	13	17	19	20	22	27	52	55	60	63	81	85	88	
1614	18	23	48	50	52	55	60	
1615	14	25	45	60	65	72	
1616	14	20	22	25	26	70	
1617	22	23	24	63	
1618	23	25	
1619	75	
1620	53	55	92	97	
1621	54	86	87	88	90	91	92	95	96	
1622	83	86	86	87	88	89	90	92	93	96	
1623	80	81	82	85	87	89	90	93	
1624	47	48	48	48	79	80	82	83	84	86	89	93	97	
1625	80	83	84	87	95	
1626	102	
1630	77	
1633	1	
1637	21	
1638	9	
1639	5	7	9	10	11	13	13	14	16	19	26	
1640	2	15	55	88	92	95	97	
1641	54	86	87	88	89	90	91	93	95	98	
1642	80	81	82	83	83	84	85	86	87	88	89	91	96	
1643	9	14	17	18	77	79	80	81	82	83	84	85	86	88	88	89	91	
1644	11	14	16	19	41	79	80	82	84	86	89	100	
1645	10	12	15	16	17	18	18	20	22	42	79	
1646	10	12	14	17	19	20	21	23	24	70	
1647	20	21	22	23	
1651	93	
1652	55	92	93	96	98	
1653	54	55	87	87	90	90	91	92	95	96	
1654	55	82	86	87	88	89	90	91	93	95	97	
1655	80	81	82	83	83	84	85	86	89	90	90	93	96	
1656	79	80	81	82	84	85	87	88	91	
1657	80	83	86	88	92	
1658	79	83	84	
1659	36	
1660	63	
1672	10	
1673	5	
1674	81	86	89	95	
1675	80	81	82	83	84	85	86	88	88	89	91	93	99	
1676	10	79	81	83	85	88	92	
1677	6	8	10	12	14	15	16	19	25	79	81	83	
1678	10	11	13	13	15	16	17	18	19	20	22	24	
1679	15	17	19	20	22	24	26	
1680	21	22	24	
1683	92	93	98	
1684	88	90	91	92	94	96	97	
1685	53	55	87	88	89	90	90	91	94	96	100	
1686	54	81	82	83	86	87	88	88	89	91	92	94	96	
1687	78	80	81	82	82	83	84	85	86	87	88	89	93	93	97	99	
1688	79	80	81	82	83	83	84	84	85	87	88	89	91	98	
1689	79	81	83	84	87	88	
1690	66	80	85	99	
1691	83	
1694	64	88	99	
1708	80	83	88	
1709	79	81	84	91	
1710	8	10	14	89	
1711	6	8	9	10	12	14	15	17	19	20	
1712	4	11	12	13	15	15	16	17	18	18	19	20	22	25	27	
1713	17	18	21	22	23	
1714	56	
1715	53	
1716	50	52	54	92	96	
1717	53	53	82	86	87	87	89	90	91	93	94	96	
1718	81	82	82	84	84	85	86	87	89	90	91	93	94	97	
1719	80	81	81	82	83	84	85	86	87	88	89	91	94	98	
1720	79	80	81	83	83	84	86	89	97	99	
1721	79	80	83	84	87	88	
1722	78	81	85	
1723	98	
1724	87	
1729	89	
1730	66	
1741	12	
1742	86	
1743	92	
1744	5	8	10	
1745	6	9	10	11	13	13	14	15	17	20	24	
1746	2	5	8	11	12	15	16	17	18	19	21	24	
1748	52	57	
1749	48	51	52	54	55	92	95	
1750	50	52	53	61	83	86	87	88	88	89	90	92	93	95	98	
1751	78	79	81	82	84	85	86	87	88	91	95	
1752	78	79	80	82	83	85	87	88	
1753	78	79	81	83	85	
1754	80	84	89	97	
1761	78	
1766	75	
1771	9	
1777	14	
1778	5	7	10	13	
1779	4	8	8	9	10	12	12	14	15	
1780	12	13	14	15	18	22	81	87	91	97	
1781	87	87	89	90	91	94	96	98	
1782	16	54	55	58	87	91	91	92	92	93	95	
1783	48	49	50	52	53	55	58	59	82	85	87	89	91	95	
1784	51	80	81	82	83	84	85	87	89	92	94	98	
1785	79	81	83	85	88	
1786	83	87	93	
1787	87	98	
1788	84	
1793	40	
1794	41	
1797	62	
1805	38	
1807	93	
1809	31	
1812	6	11	18	
1813	5	6	12	15	
1814	2	8	10	82	84	86	87	89	91	93	99	
1815	6	10	12	13	15	81	82	83	83	85	86	87	88	90	93	98	
1816	18	18	52	54	55	57	58	81	83	85	87	89	93	94	102	
1817	49	50	52	54	81	85	87	89	91	95	
1818	48	78	81	85	88	90	
1819	83	
1820	30	
1823	73	
1827	16	57	
1828	18	20	24	56	67	
1829	45	47	49	
1830	49	59	69	
1831	57	
1847	12	
1848	9	79	81	85	89	
1849	6	10	12	14	56	79	81	84	86	89	
1850	13	17	20	52	55	57	59	80	83	86	
1851	49	52	54	56	84	87	89	92	95	
1852	48	84	
1860	8	
1861	9	12	13	
1862	16	20	56	58	
1863	23	56	
1864	54	
1869	64	
1877	7	
1881	15	
1882	90	
1883	7	10	11	14	15	
1884	52	83	91	95	
1885	85	88	90	98	
1887	84	
1895	6	11	13	
1915	94	
1917	89	
1918	82	85	88	92	94	100	
1919	84	86	90	
1924	87	
1925	8	
1930	83	98	
1931	82	84	86	88	91	95	
1949	78	
1952	86	88	
1953	82	84	
1954	101	
1956	35	
1959	75	
1965	85	
1973	6	
1985	105	
1986	86	
1994	74	
1998	96	
1999	31	
2003	12	
2027	22	
2028	89	102	
2031	47	
2033	69	
2046	4	
2048	38	
2049	14	
2064	86	
2067	93	
2078	102	
2083	5	80	
2089	82	
2093	73	
2137	47	
2145	19	
2169	40	93	
2172	18	
2180	100	
2181	15	
2192	89	
2217	7	
2218	12	
2252	8	
2254	6	
