15	68	
76	93	
77	88	93	98	
78	90	92	95	
79	92	96	
80	92	
81	87	92	
109	48	50	
110	82	86	89	91	96	
111	36	83	85	86	89	91	95	
112	13	81	85	86	88	90	95	99	
113	46	81	82	84	86	87	88	90	91	94	96	
114	11	83	85	86	87	88	89	90	91	94	96	
115	83	85	87	87	88	90	92	94	95	97	
116	83	86	87	88	90	91	94	96	
117	83	87	88	90	92	97	
118	86	87	92	96	
119	92	
141	58	
142	34	52	53	54	56	60	
143	43	51	56	59	
144	33	40	45	46	48	49	51	54	56	58	58	68	69	80	84	
145	28	44	45	47	49	51	53	57	77	80	84	
146	30	44	45	47	48	50	56	59	67	71	79	80	83	
147	8	27	41	43	47	48	48	50	72	78	80	81	84	
148	8	41	43	46	46	49	77	80	81	82	84	85	101	
149	11	78	79	80	81	82	84	85	86	88	89	90	94	
150	7	9	11	14	77	80	81	83	84	85	86	87	89	93	97	100	
151	10	15	16	81	83	84	85	86	87	89	90	91	94	97	
152	15	18	83	86	87	88	90	92	92	92	94	95	
153	16	82	86	87	88	88	90	91	93	95	98	
154	17	86	87	92	97	
155	17	
176	55	
177	61	
179	24	51	53	55	61	65	
180	24	50	52	53	54	55	56	58	58	60	62	
181	23	31	33	43	48	50	51	52	53	53	55	56	57	59	60	
182	24	34	37	39	45	48	49	50	51	51	52	56	58	58	60	66	71	78	
183	28	36	43	45	45	46	47	48	49	51	69	73	79	80	83	
184	11	20	21	26	29	43	43	44	45	46	47	48	48	49	68	72	78	78	79	81	84	
185	4	7	12	46	46	48	68	78	80	81	82	84	85	
186	9	11	77	80	81	82	83	84	85	86	87	89	93	98	
187	10	12	14	16	77	80	81	82	83	85	86	87	89	92	96	
188	13	16	16	17	19	20	81	85	
189	17	18	21	
215	55	65	
216	24	52	54	55	58	60	73	
217	24	50	51	52	53	55	55	56	57	58	59	61	65	
218	23	24	30	45	47	48	50	50	51	52	54	56	57	59	60	68	73	
219	32	45	46	46	47	48	48	49	50	50	51	73	78	
220	9	44	48	79	81	84	
221	5	6	8	10	11	12	13	13	14	15	16	19	27	78	80	84	86	
222	12	15	16	16	17	18	18	19	20	21	79	
223	21	22	
251	55	57	67	
252	35	36	51	52	53	53	54	55	55	56	56	59	60	62	
253	45	46	47	48	48	49	50	51	51	53	54	
254	8	9	10	13	44	45	46	48	
255	7	10	11	12	12	14	14	15	15	16	19	78	
256	1	13	16	17	17	18	19	20	21	22	24	
257	22	23	
285	57	62	
286	52	53	54	55	56	56	58	59	60	62	
287	46	47	48	49	50	50	51	52	54	54	
288	9	10	14	30	44	45	48	
289	2	5	7	10	11	12	13	13	14	15	15	16	18	18	24	
290	2	17	18	20	21	22	23	23	
320	34	52	53	54	55	56	56	57	58	60	62	
321	46	47	50	51	51	53	54	
322	9	11	13	45	48	
323	2	4	6	8	11	12	14	15	16	18	19	23	
324	17	17	19	20	22	23	
353	57	
354	52	53	55	56	57	58	60	
355	47	49	50	51	52	54	
356	4	8	10	13	14	45	48	49	
357	7	11	12	14	15	15	16	18	24	
358	16	17	18	19	21	22	
388	52	55	55	56	56	57	59	60	62	
389	47	48	49	50	51	52	53	54	
390	5	9	13	45	47	48	49	
391	8	11	11	12	13	14	15	18	
392	16	17	17	19	20	21	22	23	
421	57	
422	52	52	54	55	56	56	57	58	60	
423	36	47	50	50	51	51	52	53	54	
424	4	9	10	14	45	46	47	48	49	50	
425	5	6	8	10	11	12	12	13	14	15	15	16	18	86	91	
426	16	17	17	18	19	20	24	
455	58	
456	52	53	55	56	57	57	59	61	
457	47	48	50	50	51	51	54	54	58	
458	8	9	43	45	46	47	49	50	
459	7	10	11	12	13	14	14	15	16	19	
460	16	17	18	18	19	20	21	23	
461	22	
490	56	56	57	59	60	
491	50	51	51	52	53	54	55	58	
492	4	8	10	32	45	47	48	49	50	
493	4	7	10	11	12	13	14	15	15	79	
494	16	17	18	18	19	20	22	23	88	91	
495	21	
507	86	86	87	
517	92	
518	87	90	92	97	
519	88	91	93	96	
520	87	88	90	91	93	95	
521	86	87	88	91	92	96	
522	88	90	93	98	
523	87	90	92	
524	53	55	57	61	87	90	92	97	
525	51	52	53	53	54	55	56	59	87	90	93	96	
526	49	50	92	
527	4	8	9	10	11	12	13	14	15	93	97	
528	12	16	16	17	19	23	81	84	87	90	96	99	
529	17	18	20	92	98	
535	29	29	31	
549	56	59	
550	47	50	
551	83	86	87	91	96	99	
552	82	84	85	86	87	88	89	90	91	94	95	
553	81	82	84	85	86	87	88	89	91	94	96	101	
554	78	80	81	83	85	86	86	87	89	90	91	95	97	99	
555	81	82	84	85	86	87	87	89	90	91	94	96	
556	81	82	85	86	87	88	89	90	91	95	97	
557	78	81	82	85	86	87	89	90	91	94	97	99	
558	82	84	85	86	87	88	90	91	92	94	96	
559	54	81	83	85	86	87	88	89	91	95	97	
560	46	51	54	82	85	86	89	90	94	
561	5	8	8	10	11	12	13	14	82	87	
562	6	10	12	13	14	19	80	82	84	86	87	89	91	94	97	
563	15	17	21	82	85	86	87	89	90	92	95	98	
564	87	88	90	91	95	
565	86	87	90	92	94	97	
566	87	90	91	96	
567	18	88	91	
582	57	
583	52	53	56	57	58	59	62	
584	32	47	48	50	51	51	52	54	56	57	
585	30	36	41	43	44	46	47	48	48	49	49	50	56	57	81	85	
586	32	38	42	43	45	46	47	49	57	58	66	68	78	79	80	81	83	83	85	
587	18	20	36	41	44	46	48	48	49	56	68	69	79	80	81	82	84	85	99	
588	11	20	41	44	45	46	47	49	57	67	69	77	79	80	81	82	84	85	
589	19	20	38	44	46	47	49	57	69	78	79	80	81	82	83	84	98	
590	18	20	40	45	46	47	49	57	66	68	77	78	79	80	81	83	84	
591	19	41	43	46	47	49	57	68	79	80	81	83	84	
592	19	41	44	47	48	50	56	57	58	66	77	78	78	80	81	82	83	84	85	
593	20	41	44	45	46	47	49	51	53	55	56	57	58	68	69	77	78	79	81	82	84	84	
594	21	26	39	42	43	44	46	46	47	48	48	49	51	67	70	79	80	82	83	88	
595	9	12	14	27	41	45	46	47	80	
596	6	9	12	14	15	21	27	41	46	47	80	85	
597	11	14	46	77	80	82	83	84	85	86	88	90	94	
598	14	81	82	84	85	86	87	89	90	93	95	99	
599	78	81	82	83	84	85	86	87	88	89	90	93	95	
600	7	11	15	77	81	83	85	86	87	88	90	91	94	96	
601	13	16	88	89	91	93	94	96	
602	86	87	88	90	91	92	95	97	
603	87	90	91	96	
604	16	92	97	
606	15	15	
617	53	55	58	60	
618	51	52	54	55	56	60	
619	32	45	50	52	53	54	57	59	61	64	74	
620	24	43	45	48	51	55	56	59	63	67	69	79	
621	22	24	42	45	50	52	54	59	62	72	78	
622	21	22	23	25	26	45	48	48	50	53	55	56	58	61	68	78	
623	20	22	23	25	42	44	49	52	55	56	59	61	64	73	79	
624	21	22	24	26	45	48	49	50	54	57	59	66	70	79	
625	19	21	23	25	44	50	54	57	61	63	66	70	78	
626	19	20	22	23	23	26	34	45	50	55	56	57	60	62	71	
627	20	21	22	24	27	42	44	50	52	53	55	56	57	59	61	70	
628	21	23	24	29	38	42	45	47	49	50	51	53	54	56	57	59	67	68	78	
629	5	20	22	23	29	44	45	46	48	48	49	50	53	54	57	58	59	61	65	68	70	73	74	
630	22	23	28	41	43	45	46	47	49	50	51	57	59	70	
631	22	41	44	45	46	47	48	49	51	56	57	58	66	68	70	79	
632	20	22	26	31	41	43	45	47	48	48	49	50	67	69	78	78	79	80	82	83	84	
633	4	8	10	42	43	44	46	47	49	70	77	79	80	81	83	84	85	100	
634	7	10	12	15	46	78	79	80	81	82	84	85	86	88	94	
635	7	12	78	80	81	82	83	84	85	86	89	91	95	
636	7	12	14	82	84	85	86	87	89	90	93	94	96	
637	7	11	15	81	82	84	85	86	87	88	89	91	94	95	101	
638	12	16	83	85	86	87	88	90	91	94	97	
639	16	17	87	90	
649	103	
655	25	
656	23	74	
657	24	64	
659	23	25	
660	24	
661	24	55	
662	24	53	54	62	74	
663	24	51	55	57	62	
664	23	25	35	50	52	54	55	56	59	63	74	
665	24	34	49	51	54	55	56	57	58	58	61	
666	23	24	33	38	44	45	47	49	51	52	53	53	55	55	56	57	58	60	74	
667	22	23	25	37	44	45	47	49	50	51	52	54	55	56	57	63	69	73	79	
668	23	27	28	37	42	43	45	45	47	48	49	50	51	53	56	57	68	70	73	78	
669	21	36	42	44	44	45	46	47	48	49	50	56	66	69	71	79	80	83	
670	11	14	20	22	27	43	45	46	47	48	48	50	70	77	78	79	80	81	82	83	84	85	99	
671	7	9	11	13	15	21	26	41	47	69	77	78	78	79	80	81	83	84	
672	7	9	11	12	14	15	17	19	79	81	82	84	85	86	88	94	99	
673	16	17	18	18	19	21	85	
674	22	
682	21	
699	62	
700	53	55	63	75	
701	25	51	53	54	55	57	61	
702	24	51	52	54	55	57	59	62	65	
703	24	45	50	51	53	54	55	57	58	58	60	
704	20	23	24	45	47	48	49	51	54	57	63	64	71	
705	9	20	22	27	30	39	44	45	47	49	50	67	69	72	79	
706	4	7	9	11	12	14	14	15	16	19	23	43	45	70	72	78	79	83	
707	15	18	19	20	21	23	23	25	70	80	
708	22	
737	53	55	62	
738	25	54	
739	24	
740	3	8	23	25	
741	22	25	
1163	27	
1168	8	
1172	70	
1173	30	
1176	9	
1185	3	
1188	65	
1195	43	
1199	49	
1200	59	
1201	19	58	
1203	51	
1205	47	101	
1208	51	
1214	8	
1217	19	
1231	18	37	
1232	20	48	
1233	19	24	41	44	47	57	66	
1234	25	45	46	47	52	57	65	
1235	29	40	44	46	51	58	69	
1236	46	49	70	
1237	44	46	49	58	
1238	27	45	46	
1239	41	46	
1240	55	
1241	51	73	
1247	83	
1249	53	
1251	86	97	
1261	1	
1264	14	
1265	16	
1266	16	18	19	20	21	24	26	71	
1267	20	21	24	45	62	71	
1268	18	20	21	25	31	39	50	53	57	58	62	
1269	20	22	23	44	50	54	57	59	72	
1270	20	26	32	40	44	47	49	51	54	56	60	65	67	68	73	
1271	23	25	32	37	39	44	46	48	49	51	55	57	59	71	
1272	44	46	47	49	56	62	68	69	
1273	26	43	43	46	47	48	50	55	
1274	26	46	49	55	
1275	42	44	47	
1276	46	
1290	88	
1294	40	
1298	11	
1299	7	11	13	14	
1300	18	22	88	96	
1301	87	88	92	95	98	
1302	87	91	97	
1303	24	88	91	96	
1304	16	17	24	55	59	
1305	17	25	45	52	55	57	58	60	63	
1306	23	24	28	35	43	45	49	50	52	54	56	57	58	60	71	
1307	22	26	37	42	45	47	48	50	51	55	56	58	59	65	69	
1308	22	28	43	44	46	47	48	50	53	55	56	61	65	67	70	
1309	45	46	48	49	50	61	72	
1310	43	46	49	51	58	
1311	50	
1312	59	
1313	69	
1314	48	
1317	91	
1332	14	
1334	87	92	95	
1335	80	83	86	92	
1336	10	78	82	84	86	89	95	
1337	6	8	10	12	13	15	81	82	86	90	95	
1338	12	18	82	87	89	90	94	95	
1339	86	86	87	89	89	91	92	94	96	
1340	83	87	88	89	90	92	96	
1341	17	23	30	55	58	61	65	88	91	92	
1342	23	25	52	53	55	56	58	59	
1343	24	44	45	47	50	51	52	54	55	60	65	71	
1344	44	47	48	50	51	54	60	
1358	1	
1368	80	85	
1369	79	81	
1370	80	85	
1371	78	80	86	89	
1372	12	13	77	79	81	84	86	88	91	95	100	
1373	10	77	80	81	82	83	84	85	87	88	91	98	
1374	7	9	11	13	13	15	16	77	80	80	82	84	85	86	89	96	98	
1375	12	15	17	18	57	58	82	83	85	86	87	89	92	95	
1376	16	17	17	19	51	52	55	55	56	60	
1377	18	46	47	50	50	51	53	53	55	56	
1378	46	49	52	
1390	5	
1392	7	
1404	18	
1405	83	
1406	79	84	
1407	7	20	79	81	84	
1408	9	11	18	78	80	83	86	
1409	5	7	10	11	12	13	13	14	15	18	77	78	80	82	85	
1410	13	16	16	17	19	19	21	52	52	54	54	55	56	59	60	81	85	
1411	18	23	45	46	47	49	49	50	51	52	53	91	
1412	49	86	94	
1413	80	
1415	31	51	
1420	68	
1439	22	
1442	8	11	13	81	102	
1443	4	10	11	12	13	14	15	16	24	57	81	92	96	
1444	13	16	17	18	20	22	24	52	53	54	54	55	56	57	58	60	79	97	
1445	45	46	47	49	50	51	54	86	90	95	
1446	46	49	54	83	95	
1454	3	
1456	8	
1476	8	11	14	
1477	5	10	11	12	13	14	15	17	18	21	57	
1478	16	17	18	19	20	24	52	55	56	58	59	80	
1479	22	45	46	47	48	49	51	52	53	55	58	83	85	90	
1480	84	
1481	67	
1482	68	
1488	67	
1490	68	
1492	10	
1500	39	78	
1504	38	
1509	16	
1510	10	14	
1511	5	7	9	12	14	15	16	18	58	
1512	17	18	19	21	25	54	55	56	59	62	
1513	23	45	46	47	48	50	51	53	55	
1514	45	49	53	
1517	54	
1529	97	
1544	8	14	18	
1545	4	10	11	12	14	15	16	57	
1546	15	16	17	18	18	20	21	23	52	53	53	54	55	56	58	61	
1547	22	44	46	47	48	50	51	54	57	63	
1548	44	48	49	52	54	
1549	60	
1551	25	
1566	82	
1574	24	
1577	16	
1578	10	18	
1579	5	7	9	10	11	13	14	15	16	19	24	58	
1580	15	16	17	18	18	19	20	21	24	53	54	55	57	59	61	
1581	22	46	46	47	49	50	50	51	52	54	55	57	
1582	45	49	
1584	59	
1585	77	
1587	79	
1588	47	
1590	3	
1592	52	
1593	73	
1595	77	77	77	
1599	54	
1612	8	14	
1613	5	6	8	9	10	12	13	14	15	16	23	24	
1614	16	17	18	19	20	22	24	52	54	55	55	56	56	58	59	60	
1615	22	47	48	49	49	50	51	53	54	56	63	
1616	43	45	46	49	50	
1618	59	
1623	56	
1629	78	
1639	51	
1640	38	
1641	47	56	
1642	41	44	
1644	19	48	
1645	64	
1646	11	13	41	46	69	
1647	7	8	10	11	12	13	14	17	19	57	
1648	13	15	16	17	18	19	22	24	52	53	55	56	57	58	60	
1649	37	42	46	47	48	49	50	51	52	54	
1650	44	47	48	50	
1653	77	
1655	56	78	
1659	69	
1661	70	
1664	9	
1672	16	
1673	17	18	22	30	40	44	
1674	20	23	36	39	45	46	49	62	67	
1675	20	42	44	47	49	57	59	
1676	22	26	40	45	46	49	67	70	
1677	19	22	23	40	44	46	48	48	58	59	
1678	19	24	26	39	45	47	50	69	73	
1679	18	25	28	42	44	46	47	49	56	58	68	
1680	15	19	41	71	
1681	8	8	10	12	13	14	15	16	19	21	25	46	58	69	
1682	14	15	16	17	19	21	22	24	41	52	53	54	55	56	57	58	59	61	68	
1683	20	21	22	42	47	48	51	51	53	53	55	56	58	61	
1684	42	44	45	46	47	48	49	50	51	57	
1685	29	45	46	49	54	
1686	42	45	48	
1688	47	
1689	82	
1694	74	
1697	92	93	
1703	26	
1705	8	
1706	12	16	18	20	
1707	15	16	17	19	20	21	23	61	69	
1708	16	18	19	20	21	26	44	60	73	
1709	18	19	21	22	23	26	43	45	49	53	55	57	58	61	65	67	69	
1710	20	22	24	44	45	52	55	57	59	63	71	
1711	22	24	27	45	49	50	55	56	61	70	
1712	19	21	22	27	35	42	44	45	49	51	54	56	59	69	72	
1713	19	21	23	23	26	44	49	51	58	64	68	69	
1714	11	18	19	21	23	28	44	49	64	67	72	
1715	4	10	13	14	16	18	20	21	24	44	64	70	
1716	13	16	19	21	22	24	26	55	56	57	59	61	71	
1717	21	22	50	51	52	53	53	54	55	56	58	59	61	
1718	31	43	44	48	48	49	51	52	54	56	58	59	61	66	
1719	29	40	45	46	47	49	50	52	56	67	72	
1720	41	44	45	46	47	49	57	59	73	
1721	20	31	45	46	48	49	54	57	67	69	
1722	23	43	46	48	49	52	72	
1723	42	44	46	
1724	47	56	
1725	47	
1727	21	22	22	
1731	93	
1738	13	
1739	9	
1740	8	10	11	12	13	14	19	
1741	12	15	16	20	25	92	
1742	18	23	23	73	91	93	
1743	87	91	92	
1744	24	55	87	88	92	96	
1745	87	90	91	95	97	
1746	87	92	
1747	92	
1748	25	91	97	
1749	12	24	88	90	92	96	
1750	24	88	91	92	98	
1751	18	55	60	90	91	
1752	52	53	54	57	62	88	92	
1753	25	28	45	50	51	54	57	59	
1754	22	25	33	34	34	45	50	53	55	56	57	59	61	64	
1755	23	23	25	44	48	50	51	53	55	57	59	61	68	72	
1756	22	24	32	41	44	45	47	49	50	51	54	56	57	59	62	69	
1757	23	42	44	45	46	48	48	49	51	56	61	68	70	
1758	23	26	30	41	45	46	47	50	56	58	
1759	44	46	47	49	56	60	70	
1760	42	44	46	54	70	
1761	49	
1773	9	
1774	9	12	13	15	
1775	14	18	78	88	91	96	99	
1776	82	86	87	89	90	97	
1777	10	82	83	84	85	86	87	88	89	91	94	97	99	
1778	77	81	82	85	85	86	87	89	90	94	97	99	
1779	7	11	82	83	85	86	87	88	89	92	93	96	
1780	81	82	83	85	86	87	88	89	94	95	100	
1781	83	85	86	88	89	92	95	99	
1782	8	82	85	86	88	90	92	93	96	
1783	10	13	78	81	82	84	85	86	88	89	92	95	
1784	11	15	16	81	82	84	85	86	87	89	91	94	97	
1785	13	77	81	82	83	85	86	87	88	89	90	92	93	95	100	
1786	86	87	87	89	90	91	93	95	97	
1787	87	89	90	91	93	95	98	
1788	55	73	91	93	95	96	
1789	17	25	53	60	64	87	91	93	97	
1790	25	31	35	53	55	57	58	60	63	64	
1791	25	45	52	54	56	58	59	85	
1792	22	23	27	30	35	45	49	51	54	57	59	61	63	70	73	
1793	24	42	43	45	48	49	51	53	53	57	59	61	66	69	73	
1794	44	45	46	47	47	48	49	50	60	68	71	
1795	45	46	49	54	
1796	59	
1797	60	
1805	100	
1809	13	81	84	88	
1810	78	79	80	83	85	88	94	
1811	79	80	81	82	85	87	89	97	
1812	77	78	79	80	83	84	86	90	
1813	78	79	81	83	84	85	87	88	
1814	79	80	82	84	85	90	93	100	
1815	79	80	82	84	87	88	100	
1816	79	80	82	83	85	91	95	
1817	79	80	84	
1818	12	78	78	79	80	82	83	84	87	
1819	78	78	79	80	82	84	85	87	88	91	95	
1820	10	14	77	80	81	82	83	85	87	89	94	
1821	6	10	78	79	80	81	82	84	85	86	88	90	94	
1822	9	12	14	16	76	77	78	82	85	86	88	88	90	91	95	
1823	6	11	14	77	81	82	83	85	86	87	88	88	90	93	95	
1824	82	83	86	86	87	88	88	89	91	93	93	95	
1825	86	87	87	89	90	93	95	97	
1826	17	61	92	97	
1827	25	35	52	53	54	55	56	58	59	61	93	
1828	25	48	51	52	53	55	93	
1829	49	54	
1830	59	
1838	48	61	
1844	82	84	94	
1845	78	85	
1846	80	85	101	
1847	5	80	
1848	79	87	89	
1849	80	83	
1850	79	85	
1851	80	88	
1852	82	96	
1853	79	82	
1854	78	80	84	89	
1855	79	81	84	
1856	79	82	83	85	92	102	
1857	78	78	79	81	84	88	
1858	8	11	14	77	78	79	80	81	83	84	85	90	99	
1859	8	11	15	77	80	81	83	83	84	85	86	88	88	91	100	
1860	7	12	78	81	82	85	86	87	89	91	93	96	
1861	53	55	82	83	86	87	89	90	92	94	97	99	
1862	54	55	86	87	89	90	91	95	98	
1869	95	
1874	13	
1879	84	
1882	71	
1886	88	
1890	15	80	89	100	
1891	83	85	
1892	81	92	
1893	78	79	82	87	
1894	79	80	81	83	85	88	91	94	
1895	78	78	80	81	83	84	85	89	96	
1896	77	79	80	82	84	85	86	88	88	89	94	
1897	80	85	97	
1905	77	
1907	94	
1909	8	
1910	29	45	
1915	103	
1916	42	93	
1917	23	67	
1918	88	
1919	2	
1924	73	
1928	80	84	
1929	80	89	97	
1930	78	81	
1931	82	84	
1958	22	
1965	28	
1966	84	
1990	88	
1994	1	
1998	104	
2007	5	
2015	38	
2027	84	
2028	17	
2033	29	
2038	97	
2043	12	
2044	52	
2098	47	
2105	98	
2110	100	
2111	8	
2138	83	
2177	12	
2178	35	
2188	100	
2201	26	
2247	8	
2262	6	
2266	104	
