16	70	
50	78	
84	79	
111	36	
116	62	63	
117	64	
158	93	
159	97	
188	92	
189	92	
190	87	89	91	93	94	97	
191	82	86	87	88	89	90	92	93	95	
192	83	85	86	87	88	89	91	93	95	97	
193	12	82	83	85	86	87	88	88	90	91	93	96	
194	82	86	87	89	90	92	95	98	
195	16	
220	92	99	
221	92	96	
222	57	86	87	89	91	93	95	97	
223	85	86	87	88	89	91	92	94	96	
224	81	82	85	86	87	88	90	91	94	97	
225	77	80	81	82	84	85	86	87	89	90	94	98	99	
226	9	77	78	79	81	82	83	84	85	86	87	88	90	96	
227	10	13	77	79	80	81	82	84	85	86	88	89	90	93	96	99	
228	7	10	12	13	14	16	78	79	81	82	84	85	86	87	89	90	94	96	
229	16	17	18	18	20	87	88	93	
230	17	
252	56	
253	52	57	
254	52	92	96	
255	52	82	85	86	87	89	90	92	95	
256	78	80	82	84	85	86	87	89	90	91	95	
257	36	77	78	80	81	82	83	84	85	86	87	88	90	94	97	
258	42	46	66	77	78	79	80	81	82	83	84	85	87	88	89	93	
259	17	19	38	42	47	50	58	77	78	79	80	81	84	85	
260	37	42	46	47	48	70	77	79	80	85	88	
261	4	7	8	10	48	78	79	80	82	84	
262	5	6	7	8	9	10	11	12	14	15	77	79	80	82	84	85	88	94	100	
263	6	12	14	15	16	17	18	19	23	81	85	86	88	89	93	97	
264	16	17	18	19	
274	97	
285	56	
286	52	56	
287	50	52	53	54	56	87	90	93	
288	50	51	82	85	86	87	88	90	91	95	96	
289	52	58	78	80	82	83	84	85	86	87	89	91	94	98	
290	38	77	79	80	82	83	83	85	87	88	94	
291	11	14	16	17	58	68	77	78	79	80	82	84	
292	14	15	16	17	18	19	19	27	34	42	44	51	53	57	59	68	71	79	
293	17	19	20	21	23	26	35	42	44	45	46	47	49	50	51	52	55	56	57	58	58	60	65	71	
294	20	21	22	25	27	31	41	43	44	45	46	47	48	48	49	50	54	65	69	
295	21	23	44	45	46	47	49	68	
296	6	9	10	12	15	44	48	79	
297	2	7	10	11	12	13	14	14	15	18	79	81	83	83	85	87	89	93	
298	16	16	17	18	19	20	86	
299	17	21	
319	52	57	88	92	
320	52	53	54	57	82	87	90	92	94	96	
321	48	50	52	82	85	86	87	89	90	93	95	99	
322	37	60	79	80	82	84	85	86	88	89	90	94	
323	13	18	35	41	78	79	81	83	85	88	98	
324	7	9	11	13	16	18	20	40	68	79	81	
325	11	12	14	15	16	17	19	19	20	24	68	
326	5	13	15	16	17	18	19	20	21	22	24	25	45	56	
327	22	23	23	24	50	52	52	54	55	56	56	57	60	
328	24	35	45	46	47	48	49	50	51	52	53	54	56	59	
329	42	45	46	47	48	49	
330	9	10	45	
331	2	5	6	7	8	10	10	11	12	13	13	14	14	15	18	78	80	85	
332	12	15	16	16	17	18	19	19	20	21	25	26	80	
333	17	18	22	
351	57	
352	87	91	96	
353	53	54	83	86	87	88	89	91	95	
354	38	52	54	81	83	83	85	86	86	88	88	90	91	93	94	96	
355	34	46	48	67	78	80	81	83	83	85	86	88	95	
356	8	13	18	40	45	50	66	77	79	80	82	83	85	
357	9	11	13	15	16	17	19	19	20	41	44	49	65	67	69	73	79	
358	10	11	12	13	14	15	16	17	18	18	19	20	21	22	23	25	28	45	65	70	
359	5	12	14	15	20	21	21	22	23	24	27	72	
360	21	22	23	25	
361	52	53	55	56	57	60	
362	46	47	48	50	51	52	52	54	55	59	
363	44	45	46	47	49	50	53	
364	8	10	13	44	
365	6	7	9	10	11	11	12	13	14	14	15	16	19	23	69	80	98	
366	3	12	16	17	18	19	19	20	21	22	24	
367	22	
384	87	88	91	
385	87	88	89	91	93	95	
386	81	82	84	86	87	88	89	90	92	93	95	
387	54	78	79	80	82	83	84	85	87	89	91	93	97	98	
388	10	16	18	40	48	68	78	80	81	84	85	
389	11	14	17	18	18	19	19	41	44	47	64	70	79	84	
390	7	10	12	14	15	16	17	18	19	20	21	27	44	64	68	70	
391	6	12	15	17	19	20	21	22	23	24	25	27	45	71	
392	5	21	22	23	23	24	
393	22	23	
394	57	
395	35	51	52	52	54	55	56	57	61	
396	46	47	48	49	50	51	52	53	53	54	55	59	
397	45	46	49	50	88	
398	9	10	13	67	
399	6	8	10	11	12	13	13	14	14	15	16	17	18	18	19	20	23	27	69	
400	12	17	19	20	21	21	22	24	25	
404	66	67	
405	68	
417	56	87	88	90	91	95	
418	53	81	83	85	86	87	89	90	91	93	95	
419	54	77	82	83	84	85	86	87	88	89	90	91	94	98	
420	68	78	79	80	82	83	84	85	86	87	89	91	94	97	100	
421	8	10	11	14	16	18	77	79	81	84	88	
422	10	11	13	14	15	16	16	17	19	19	20	68	78	83	
423	13	15	18	19	20	21	22	24	25	27	70	
424	21	22	25	
425	23	23	
428	56	57	
429	51	52	54	55	56	
430	36	47	48	49	49	50	51	51	53	54	55	59	
431	44	45	46	49	81	85	93	96	
432	4	7	8	10	10	11	13	14	83	
433	6	12	13	15	16	16	17	18	19	19	20	23	25	
434	2	17	21	22	25	
448	88	92	
449	56	86	87	90	92	95	
450	51	53	82	86	87	89	90	92	94	96	
451	51	81	82	85	86	87	88	89	90	93	96	99	
452	37	46	78	80	81	82	84	85	86	88	88	90	93	96	99	
453	16	41	77	78	79	80	82	83	83	85	86	93	99	
454	9	10	13	16	17	18	20	40	67	69	79	81	84	
455	6	7	9	10	11	12	13	14	15	16	17	17	18	19	20	21	27	70	
456	2	7	15	17	17	19	20	20	21	22	24	25	71	
457	21	22	
462	56	
463	50	51	52	53	53	54	55	56	59	
464	49	49	50	51	54	86	92	94	
465	9	68	81	85	87	88	90	93	
466	5	6	7	10	11	11	12	13	14	14	18	
467	12	14	15	16	17	18	18	19	20	20	21	24	
468	21	23	
479	58	
480	56	
481	46	47	51	
482	52	82	87	90	95	
483	51	81	85	86	87	88	89	90	92	94	97	
484	52	54	77	80	81	82	84	85	85	86	87	88	89	90	92	94	98	99	
485	39	67	77	79	80	82	83	84	85	86	89	93	100	
486	10	16	17	18	28	38	43	66	79	80	83	84	
487	10	12	14	16	17	19	20	20	26	40	44	46	65	68	68	72	78	
488	7	10	11	13	14	15	16	18	19	20	21	22	24	26	45	79	
489	6	13	18	20	21	22	22	24	25	27	69	
490	2	22	23	24	72	
495	57	
496	51	52	53	55	56	
497	49	51	52	53	53	54	59	91	
498	48	49	82	86	87	89	90	92	95	
499	8	10	11	13	14	16	79	81	84	86	100	
500	3	7	10	12	13	14	15	15	16	16	17	18	19	20	23	69	74	
501	13	17	18	19	21	21	22	24	
502	22	
513	56	57	
514	48	50	51	52	54	56	60	
515	41	43	46	47	47	49	50	51	52	53	57	
516	44	46	48	49	53	54	68	81	85	89	93	100	
517	66	78	78	79	80	82	83	84	86	89	
518	40	67	77	78	79	81	83	84	85	87	
519	7	9	11	12	14	16	17	19	40	67	78	80	82	83	
520	7	10	12	13	13	14	15	16	17	18	18	19	20	20	24	67	69	78	
521	15	16	17	19	20	21	22	24	25	65	73	
522	22	23	23	24	
523	24	
528	56	
529	53	56	
530	48	50	51	52	52	55	
531	49	50	53	55	82	85	87	88	90	94	97	100	
532	10	48	77	81	82	84	85	87	89	91	95	98	
533	5	7	8	9	10	11	12	13	14	15	16	18	19	79	84	
534	8	12	14	15	16	17	18	19	20	23	25	26	71	
535	18	20	21	23	
547	53	
548	52	52	53	54	55	55	56	57	57	59	
549	34	36	43	46	47	48	48	49	50	51	52	54	55	56	58	60	
550	42	44	45	45	46	46	47	48	49	49	
551	40	44	66	72	79	
552	8	9	10	12	14	15	16	79	84	
553	6	11	12	13	14	15	16	16	17	18	19	21	69	
554	15	16	17	18	19	20	21	22	23	24	25	70	
555	21	23	25	
556	23	
562	53	56	
563	51	52	54	56	87	93	96	
564	50	50	53	55	86	87	89	91	94	98	
565	41	46	77	80	81	83	84	85	87	88	90	92	93	97	
566	9	11	14	15	16	18	67	77	79	80	84	86	
567	5	8	11	12	13	13	14	15	15	16	17	17	19	19	20	21	23	27	70	
568	15	18	20	20	21	22	24	26	
569	23	
582	55	56	57	58	62	
583	50	51	52	52	53	54	55	55	56	56	59	60	
584	40	42	44	45	46	47	47	47	48	48	49	49	50	50	51	53	
585	9	44	45	46	49	67	72	
586	7	8	9	10	11	12	13	13	14	15	23	
587	12	14	15	16	17	19	20	21	24	25	27	45	
588	17	18	19	21	22	24	
595	92	
596	52	53	54	87	90	92	98	
597	50	52	55	82	85	86	87	89	90	91	95	
598	80	81	83	83	84	85	86	87	88	90	93	96	
599	9	17	18	41	67	78	79	81	82	84	
600	5	7	8	10	12	13	14	15	16	17	18	19	20	27	41	69	
601	5	12	13	15	17	18	19	20	21	22	22	24	26	71	
602	20	22	23	
616	57	
617	51	52	52	54	54	55	56	56	57	59	
618	34	36	42	45	47	49	50	50	51	51	53	54	
619	9	42	44	45	45	46	47	48	49	
620	4	6	9	10	12	14	15	
621	7	11	12	13	14	15	16	18	22	87	90	96	
622	16	17	21	87	91	
623	18	
628	57	
629	51	53	55	56	87	89	91	95	
630	51	55	82	84	85	87	88	88	89	91	94	95	
631	40	47	78	79	81	82	83	85	86	86	89	90	93	96	99	
632	9	11	13	17	19	66	78	80	81	83	84	85	
633	7	9	11	12	14	15	15	16	17	17	18	19	19	20	69	
634	5	11	13	17	18	20	21	22	23	24	25	27	
635	22	23	23	
651	52	55	56	57	59	
652	36	48	50	50	51	52	53	54	55	56	56	59	61	
653	32	42	43	44	45	46	47	47	49	49	50	66	
654	8	11	13	41	44	45	46	46	48	72	
655	1	6	9	11	12	13	15	78	80	82	84	86	89	97	
656	7	12	14	80	82	84	86	86	87	89	90	92	94	97	
657	87	90	91	93	95	
658	88	90	92	96	
659	88	90	91	
660	88	91	93	
661	52	55	86	87	90	91	92	96	
662	52	53	86	87	88	89	91	92	95	
663	81	82	83	85	86	87	88	89	91	93	95	
664	67	78	78	79	81	82	83	84	86	87	89	93	
665	10	14	16	16	19	20	40	44	46	63	72	79	80	84	
666	7	10	11	12	13	14	15	17	18	18	19	20	20	27	28	43	69	71	79	
667	12	14	15	17	19	20	21	22	24	25	69	
668	22	23	23	
686	52	53	53	54	55	56	58	59	
687	34	48	50	51	52	54	54	56	59	60	
688	3	30	38	42	45	46	47	48	49	49	50	
689	9	36	42	43	45	46	47	49	66	70	
690	1	9	12	15	46	79	80	82	84	85	88	
691	10	13	78	82	83	85	86	87	88	90	94	97	99	
692	12	82	83	85	86	87	88	89	90	94	97	
693	78	83	85	86	87	89	90	91	94	95	98	99	
694	82	83	86	87	88	89	90	91	95	98	98	
695	37	55	78	81	82	84	85	86	87	88	89	91	95	97	99	
696	37	48	50	78	80	81	82	84	85	86	87	89	90	91	94	98	
697	16	41	44	46	67	78	80	81	82	84	85	88	100	
698	7	9	11	12	13	14	14	17	18	18	19	20	29	65	67	73	79	83	
699	4	12	13	13	15	16	17	19	19	20	21	24	25	26	72	
700	18	20	22	23	24	25	
701	23	24	
702	23	
721	52	55	55	57	60	
722	33	50	51	52	53	54	56	58	58	60	65	
723	43	45	47	49	50	51	52	53	56	57	60	
724	5	23	29	40	43	45	46	47	48	48	49	50	57	66	69	78	
725	5	22	36	39	41	44	46	47	48	56	68	72	79	
726	21	37	40	43	47	48	57	67	78	79	80	82	84	86	
727	20	42	46	48	57	68	79	80	81	84	85	89	93	
728	16	36	38	42	46	47	67	78	79	80	81	82	84	85	
729	16	18	18	19	38	40	43	46	48	60	66	68	79	80	81	83	84	
730	10	12	14	16	19	20	21	43	46	65	67	79	80	84	
731	8	11	13	14	15	18	19	19	20	21	23	64	66	69	73	79	
732	5	12	14	15	18	19	20	21	22	24	43	72	
733	20	22	23	24	71	
734	25	
756	55	61	
757	53	54	55	57	60	73	
758	24	34	51	53	54	55	57	59	61	
759	24	45	50	51	52	54	57	59	62	65	
760	5	22	24	40	44	45	47	48	50	52	55	56	59	67	68	
761	21	23	24	27	35	41	43	45	46	48	50	60	63	68	73	79	
762	11	13	19	21	22	24	26	42	44	51	59	65	66	72	79	
763	11	14	18	20	21	22	23	25	63	63	69	79	
764	10	14	21	22	23	24	44	78	
765	21	22	24	25	
766	21	23	24	
792	55	
793	55	62	73	
794	24	73	
795	23	
796	24	
797	24	74	
798	22	23	
1172	11	
1184	68	
1187	61	
1197	77	
1201	78	
1206	74	
1219	98	
1230	17	
1234	93	
1240	80	
1249	36	
1259	48	
1268	38	
1272	61	61	61	
1274	83	
1275	5	29	
1279	40	49	
1282	59	
1287	67	
1311	47	
1312	20	58	
1313	21	27	36	44	48	49	
1314	44	46	58	
1315	41	44	
1316	34	46	48	68	
1317	56	
1337	76	
1341	25	
1343	50	
1344	16	36	
1345	16	19	26	42	70	
1346	17	18	20	34	36	39	58	67	
1347	16	17	19	20	20	22	23	28	42	44	47	48	53	53	57	64	67	70	
1348	21	39	44	46	47	49	51	53	56	59	64	68	72	
1349	21	23	30	38	42	43	45	46	47	48	49	50	56	59	66	
1350	23	43	44	47	49	71	
1351	51	
1354	58	
1362	2	
1368	25	
1373	24	
1374	18	
1375	18	
1376	37	
1377	16	18	27	35	37	43	46	66	70	
1378	10	16	18	19	21	27	38	43	43	46	72	
1379	10	12	14	17	19	20	21	47	65	66	68	
1380	12	15	16	17	19	20	21	23	25	45	63	67	72	
1381	18	20	21	21	23	23	26	45	51	55	58	61	63	71	
1382	20	21	22	23	25	32	44	45	50	51	53	54	56	57	58	60	65	73	
1383	22	25	33	34	42	45	47	48	49	50	51	52	54	58	61	66	68	73	
1384	21	23	24	42	43	45	45	46	47	48	48	49	50	54	58	58	73	
1385	44	49	54	
1402	38	
1404	25	
1409	19	26	41	
1410	10	14	16	19	38	67	
1411	11	12	14	16	17	19	20	26	67	
1412	10	13	14	16	17	18	18	19	20	22	23	44	64	67	71	
1413	11	14	15	19	20	22	23	23	25	44	73	
1414	21	22	24	
1415	22	23	92	
1416	25	53	55	56	57	88	92	
1417	17	34	51	52	53	53	54	55	56	57	59	62	92	
1418	38	42	45	46	47	48	49	50	51	53	55	57	
1419	44	45	46	47	48	48	49	51	54	57	69	
1420	41	43	48	50	
1424	6	
1441	14	39	47	
1443	10	13	15	16	18	19	41	
1444	7	10	11	13	13	14	16	17	18	20	21	23	23	69	73	
1445	8	12	14	15	17	19	20	22	24	27	43	68	
1446	21	23	24	
1447	22	25	
1448	87	88	89	90	92	96	
1449	8	82	85	86	87	88	88	89	90	92	94	96	
1450	10	11	13	18	77	78	81	82	83	85	85	86	87	88	89	91	94	95	101	
1451	16	52	53	54	55	55	56	57	59	83	85	86	87	88	89	92	95	
1452	16	17	33	43	48	51	52	54	55	59	
1453	44	45	46	47	48	48	49	50	51	53	55	
1454	44	47	73	
1470	45	62	
1471	24	36	
1472	36	
1475	13	16	20	37	40	
1476	10	13	15	17	20	69	
1477	7	8	10	12	13	15	16	18	19	20	22	70	
1478	11	12	14	15	17	18	19	20	21	22	23	25	69	
1479	21	22	24	56	
1480	23	51	52	54	56	90	92	98	
1481	52	54	85	86	87	89	90	91	93	95	97	
1482	81	82	83	84	85	86	89	92	95	99	
1483	78	79	80	81	83	83	84	85	87	89	93	96	
1484	6	9	11	13	78	79	80	81	83	84	85	86	89	95	98	
1485	7	11	12	13	14	16	17	18	20	53	57	77	79	80	82	84	85	88	101	
1486	15	16	17	19	20	27	35	48	50	50	51	52	53	54	54	55	58	58	60	
1487	44	45	46	47	49	49	50	52	
1488	43	48	50	58	
1489	49	54	
1497	12	
1499	84	
1504	43	
1505	27	
1506	17	
1507	12	22	37	44	
1508	10	16	20	43	44	70	
1509	10	13	14	16	18	18	19	21	23	27	46	64	66	68	
1510	9	11	13	15	17	18	19	21	23	45	69	
1511	12	15	20	21	23	25	
1512	22	24	25	92	
1513	53	54	86	86	87	89	90	92	93	95	97	
1514	81	82	84	85	86	87	89	90	91	93	96	
1515	77	80	81	82	84	84	85	86	87	88	90	94	
1516	78	80	80	81	84	86	89	
1517	9	80	88	
1518	9	11	14	15	17	81	
1519	6	8	11	12	13	14	15	16	17	19	20	21	53	57	69	80	
1520	15	18	19	20	21	27	51	52	52	53	54	55	57	58	60	
1521	45	46	47	48	49	50	51	53	55	92	
1522	44	49	
1525	89	
1537	44	101	
1539	38	41	
1540	12	16	20	37	67	
1541	9	12	15	16	18	18	20	43	44	67	73	
1542	10	12	14	17	18	19	20	21	26	84	
1543	13	15	19	20	21	22	24	68	
1544	23	23	25	51	93	
1545	53	54	87	88	89	91	95	96	
1546	82	83	86	87	89	89	91	93	94	95	
1547	77	78	80	81	82	84	84	85	86	88	88	90	94	
1548	77	78	79	80	81	82	83	85	87	88	90	93	
1549	78	80	83	83	86	90	
1550	80	83	87	
1551	9	16	86	
1552	9	11	13	13	14	
1553	6	8	11	12	14	15	16	17	18	19	21	23	25	26	52	56	
1554	17	22	46	47	49	50	51	52	53	54	55	58	58	
1555	47	48	49	50	54	82	84	86	87	89	90	92	94	
1556	53	87	92	
1558	73	
1559	44	
1561	61	71	71	71	73	
1562	91	
1570	42	
1571	16	19	39	
1572	21	40	
1573	8	9	12	15	17	18	20	26	40	70	
1574	11	13	14	16	17	18	19	21	24	27	39	46	66	68	
1575	9	12	15	17	18	19	20	22	23	25	44	56	64	69	
1576	15	21	22	23	53	57	69	
1577	21	22	25	47	49	50	53	54	93	
1578	52	83	86	87	88	89	91	96	
1579	80	81	83	85	86	89	91	93	
1580	76	78	79	80	82	84	84	86	88	91	98	
1581	77	80	83	84	87	
1582	79	85	
1583	39	79	
1585	11	
1586	5	7	9	10	11	14	15	16	19	57	58	
1587	7	12	13	14	15	15	16	17	18	20	22	48	52	53	54	55	56	58	61	70	
1588	18	20	21	23	46	47	48	49	50	51	54	55	56	
1589	48	77	81	83	84	86	90	
1590	83	
1594	64	65	65	
1603	37	
1604	12	13	16	38	43	
1605	16	18	18	19	36	46	69	87	
1606	8	10	13	13	15	17	18	20	24	42	45	68	
1607	7	9	11	14	15	16	18	19	20	22	23	26	64	68	73	
1608	12	15	19	21	22	23	24	70	
1609	22	24	25	53	57	60	
1610	25	51	51	52	54	55	56	90	92	97	
1611	49	51	83	86	87	89	90	92	94	97	
1612	79	81	82	84	85	87	90	93	
1613	78	79	81	85	93	94	
1614	80	83	86	102	
1615	81	
1616	84	
1617	19	
1619	7	11	13	26	
1620	8	9	11	12	14	15	16	18	18	20	22	57	
1621	12	13	15	17	19	19	20	23	24	27	47	48	53	54	55	59	69	
1622	23	45	47	49	50	54	58	87	91	93	
1623	50	54	59	80	82	86	89	95	
1624	83	89	
1627	28	
1628	90	
1637	11	15	25	68	
1638	13	15	16	17	18	20	24	27	39	65	68	
1639	11	13	14	16	17	17	18	19	20	22	23	26	41	44	64	67	
1640	12	13	15	17	19	20	21	24	45	65	72	
1641	20	21	22	23	24	
1642	25	53	91	92	
1643	53	55	57	83	87	87	90	91	93	94	95	96	
1644	82	83	84	85	86	87	89	90	91	93	94	97	
1645	54	77	79	80	81	83	84	85	87	89	91	96	
1646	79	81	85	94	
1647	79	85	
1648	98	
1652	10	18	
1653	9	11	13	14	16	18	
1654	7	11	12	14	15	16	17	18	19	21	22	24	26	52	56	59	71	
1655	20	21	22	24	46	47	50	51	52	53	54	55	56	
1656	45	46	48	51	53	82	84	86	87	89	91	96	
1657	82	86	89	94	
1661	18	
1669	13	
1671	8	9	11	12	13	15	
1672	7	10	11	12	13	13	14	15	16	18	18	20	23	24	
1673	16	17	18	20	21	23	23	24	56	
1674	23	25	48	52	
1675	46	50	51	53	57	92	98	
1676	50	78	82	85	86	87	89	90	91	93	94	96	98	
1677	76	77	80	80	81	83	84	85	86	87	88	89	91	95	
1678	77	78	79	80	81	82	84	85	86	89	95	
1679	78	80	85	
1680	79	87	94	
1683	78	
1684	37	38	
1685	10	
1686	10	13	13	15	17	22	24	
1687	5	7	9	11	12	14	15	16	17	18	18	20	21	23	56	57	69	
1688	12	15	19	20	21	23	24	26	52	53	54	55	73	
1689	22	48	49	50	51	54	57	88	91	
1690	53	77	79	81	83	83	85	87	89	94	
1691	53	80	86	97	
1697	68	
1704	11	
1705	7	8	9	11	13	14	15	19	
1706	6	7	11	12	13	14	15	15	16	18	20	24	57	78	92	98	
1707	16	16	17	18	20	21	52	57	
1708	46	47	49	50	51	52	53	55	58	
1709	21	49	52	82	85	86	87	89	91	94	96	
1710	57	77	79	80	82	84	85	85	87	89	96	
1711	78	78	80	85	102	
1712	78	84	90	
1713	79	83	
1715	99	
1718	38	
1719	6	9	12	15	16	18	19	40	
1720	6	9	10	12	14	15	17	19	20	23	68	70	
1721	12	15	17	18	19	19	20	21	23	25	52	53	56	
1722	22	48	50	51	52	54	55	56	61	
1723	50	54	83	86	88	89	91	93	98	
1724	80	82	85	89	94	
1725	54	81	97	
1726	87	
1727	80	
1736	30	
1738	14	
1739	4	8	11	13	
1740	3	7	9	10	11	12	14	15	16	18	56	58	82	86	88	
1741	13	17	18	20	48	51	52	52	53	54	55	56	58	78	81	85	86	88	89	91	94	
1742	17	18	42	46	47	49	50	51	54	57	91	
1743	42	46	48	54	78	78	80	81	83	85	89	93	
1744	47	49	79	82	84	
1745	83	
1746	36	83	92	
1750	14	36	39	
1751	13	16	38	
1752	9	14	16	18	18	19	44	68	71	
1753	10	12	13	15	16	17	18	19	21	
1754	7	14	15	17	19	20	20	21	23	23	25	26	57	69	
1755	24	25	49	51	52	53	53	55	
1756	49	51	61	86	88	89	90	91	92	93	95	97	
1757	76	78	79	81	82	84	86	88	89	92	94	
1758	80	88	
1770	28	
1772	28	
1773	10	14	20	
1774	3	7	9	10	12	13	14	19	
1775	12	15	15	16	19	53	54	55	56	57	59	61	77	79	82	83	86	88	92	95	98	
1776	16	17	18	20	22	47	49	50	50	51	52	54	55	56	59	85	90	
1777	36	40	43	43	45	46	48	48	49	52	56	58	73	
1778	36	79	
1779	31	48	99	
1780	46	48	
1781	38	48	
1782	35	66	
1783	18	
1784	11	14	37	40	
1785	9	12	14	16	18	19	20	69	
1786	10	12	13	15	16	17	18	19	20	21	23	25	45	64	68	
1787	12	15	20	22	23	23	25	52	
1788	22	23	51	53	54	
1789	19	49	51	55	83	86	87	89	90	92	93	96	98	
1790	77	80	80	81	83	83	84	86	88	89	94	
1791	78	80	82	85	
1792	84	88	
1800	96	
1805	13	
1808	3	8	10	14	18	23	84	
1809	6	8	11	12	13	15	55	57	80	85	91	
1810	17	22	52	53	54	59	61	81	84	86	87	88	90	92	94	97	
1811	16	18	32	43	45	50	51	52	54	56	58	61	93	
1812	36	39	42	44	45	46	47	48	49	51	55	57	59	70	
1813	16	26	35	42	45	46	48	68	
1814	21	35	38	40	47	48	56	60	
1815	19	36	46	67	69	
1816	16	19	21	36	44	46	50	
1817	9	15	16	18	20	25	40	43	46	48	65	67	69	
1818	10	12	14	17	18	19	21	27	38	64	
1819	8	10	12	13	14	15	17	18	19	20	21	23	69	
1820	13	20	22	23	25	53	57	
1821	25	46	51	53	54	55	87	88	91	93	95	98	
1822	54	86	87	90	91	92	94	95	98	
1823	53	77	80	81	83	84	85	87	88	91	98	
1824	78	80	85	97	101	
1825	93	
1827	84	
1842	10	
1843	9	11	14	83	84	88	99	
1844	7	10	12	13	14	76	77	80	81	83	84	86	88	89	95	
1845	17	53	53	55	61	86	87	89	90	93	95	98	
1846	17	25	51	55	57	59	87	91	
1847	15	29	45	51	54	56	63	64	
1848	20	22	24	28	43	45	49	60	69	
1849	13	19	21	42	43	48	55	60	67	69	
1850	18	19	21	23	23	44	50	59	65	72	
1851	12	14	20	22	23	25	26	64	69	
1852	9	12	15	22	23	56	71	
1853	22	24	25	51	52	53	58	88	92	
1854	50	88	92	94	
1855	52	54	76	77	81	83	84	85	86	87	90	96	
1856	77	79	79	80	82	84	85	86	89	92	96	
1857	78	80	85	93	
1858	86	95	
1859	85	
1862	38	62	
1878	7	8	11	15	79	84	87	
1879	6	10	12	15	80	81	83	83	85	86	88	90	
1880	7	13	15	17	55	82	85	86	87	88	90	93	95	
1881	74	90	91	96	98	
1882	16	24	87	92	98	
1883	93	
1884	23	25	
1885	91	92	95	
1886	25	87	90	91	94	96	98	
1887	55	86	87	89	90	94	95	
1888	54	76	78	81	82	83	84	86	87	89	91	94	97	
1889	77	79	80	82	84	86	90	94	
1890	79	81	85	89	
1891	81	
1892	84	
1895	91	
1906	9	
1910	2	
1913	13	14	80	82	86	89	94	100	
1914	9	77	78	79	81	83	85	88	101	
1915	8	11	14	77	80	82	84	85	87	89	92	94	
1916	11	77	82	85	86	88	89	92	95	
1917	85	86	88	90	92	94	97	
1918	83	85	86	87	89	90	92	94	96	
1919	82	84	85	86	88	89	90	92	95	98	
1920	77	78	80	81	82	84	84	85	86	88	90	93	96	
1921	79	80	82	84	85	87	88	90	94	99	
1922	77	79	81	84	86	89	
1923	80	85	
1924	87	
1930	16	
1932	102	
1944	68	
1947	80	
1948	78	84	98	
1949	79	86	
1950	77	78	80	83	85	89	99	
1951	76	78	79	80	82	84	86	
1952	78	79	80	82	84	85	87	90	101	
1953	76	78	79	81	83	84	85	
1954	79	83	85	93	94	
1955	78	81	84	89	
1956	98	
1960	18	
1961	90	
1963	86	
1976	12	
1980	45	
1983	86	
1985	79	86	90	101	
1986	78	81	84	
1987	79	89	97	101	
1988	87	88	
1989	82	
1991	81	
1997	44	
1999	27	
2007	10	
2018	89	
2020	96	
2024	91	
2027	75	
2043	10	
2065	87	
2067	25	
2076	2	
2079	9	
2082	55	
2088	89	
2092	91	
2093	26	
2109	8	
2110	33	
2112	34	
2126	91	
2144	35	
2146	88	
2178	9	
2219	22	
2269	101	
2294	5	
