186	97	
218	8	
222	91	
223	92	
225	93	
247	88	91	
248	88	91	95	
249	90	91	97	
250	87	88	90	91	93	95	97	
251	87	88	90	91	94	96	
252	86	87	88	89	90	91	96	
253	83	86	87	89	90	92	94	96	
254	86	87	90	91	95	98	
255	85	87	89	90	91	94	96	
256	86	87	88	90	91	94	96	99	
257	78	82	85	86	87	88	89	91	94	96	
258	86	87	88	89	91	93	96	
259	83	86	87	89	90	95	97	
260	86	88	89	90	92	95	
261	86	87	89	91	93	96	
262	16	92	
278	87	92	98	
279	87	88	90	92	97	
280	83	86	87	89	90	92	94	96	
281	86	87	89	91	94	96	99	
282	82	85	86	87	89	91	93	95	98	98	
283	78	81	82	84	85	86	87	88	89	91	94	
284	19	40	46	81	82	85	85	86	89	
285	17	41	46	57	77	80	82	84	85	95	
286	18	41	46	47	49	58	66	70	80	82	83	84	85	99	
287	19	26	32	36	41	45	46	47	57	67	77	80	82	84	
288	38	42	44	46	50	58	80	81	83	84	
289	43	46	48	48	69	79	81	83	84	
290	22	30	37	41	45	46	47	56	69	78	80	82	83	84	
291	18	20	44	46	70	80	83	85	
292	21	28	29	41	43	46	47	49	71	78	80	81	83	85	
293	41	44	47	71	78	80	81	84	85	
294	10	13	78	80	81	82	83	85	98	
295	10	15	81	82	85	86	87	88	90	101	
296	83	86	88	89	90	94	97	
297	17	
310	48	
311	46	51	
312	82	85	86	88	89	90	93	95	
313	81	82	85	87	89	90	94	
314	41	80	81	82	84	85	87	89	96	100	
315	16	17	18	27	40	47	58	59	67	69	77	80	81	82	83	84	
316	10	14	17	18	20	41	43	45	47	49	58	70	77	78	79	81	82	83	84	
317	17	19	20	26	29	43	44	49	68	68	71	79	80	83	99	
318	8	9	12	14	17	19	20	42	48	72	78	80	83	
319	12	18	19	20	34	48	61	63	70	79	
320	19	21	23	24	28	50	54	70	78	
321	22	33	51	54	58	63	
322	21	23	24	44	51	55	58	64	
323	22	24	45	51	55	64	71	78	
324	22	24	51	59	65	
325	4	22	24	50	55	59	65	78	
326	22	24	51	52	54	56	58	58	61	65	
327	23	33	35	44	45	49	50	51	54	56	57	
328	28	37	44	45	46	47	48	50	66	
329	11	44	46	71	79	80	83	
330	7	10	12	14	15	80	82	84	86	93	
331	13	15	16	20	81	85	87	89	91	93	98	
332	18	
343	57	
344	51	52	53	55	56	59	
345	43	45	46	46	47	48	49	50	
346	46	80	82	84	85	
347	79	80	83	84	86	89	96	98	
348	7	9	12	13	15	79	81	87	91	96	
349	14	16	17	18	20	79	
350	17	20	22	25	26	33	34	45	65	78	
351	11	14	22	23	24	64	78	
352	21	23	23	25	65	
353	22	25	
361	52	55	57	
362	48	51	52	54	55	56	59	61	
363	4	42	44	45	46	47	47	48	49	53	
364	4	8	10	13	44	78	
365	11	12	14	15	80	82	84	85	88	91	95	
366	16	17	19	21	21	26	90	
377	53	58	
378	35	50	51	52	53	54	55	56	57	60	
379	42	47	47	48	49	50	
380	31	40	43	44	46	46	47	48	70	
381	8	13	70	79	
382	6	8	10	12	14	15	81	85	
383	11	13	14	15	16	17	17	18	19	28	69	
384	12	17	20	22	
396	52	53	54	55	56	57	58	59	
397	46	47	48	49	50	51	53	54	60	
398	5	9	44	45	46	48	74	
399	4	7	11	11	13	13	14	15	79	84	89	
400	12	16	17	18	19	20	82	85	
412	53	54	55	58	61	
413	47	51	52	52	53	54	55	56	57	59	62	
414	43	44	46	47	48	49	50	54	
415	31	44	48	
416	8	10	11	12	13	14	15	
417	8	12	15	16	17	18	19	19	20	23	23	
418	20	22	
430	52	53	56	57	60	
431	47	48	50	51	52	53	54	58	
432	44	45	48	
433	5	6	10	11	12	13	14	15	88	
434	8	15	16	16	17	19	20	21	28	
435	21	22	
436	56	56	57	
446	53	57	
447	52	52	54	55	56	57	59	
448	46	47	48	49	50	51	53	55	
449	43	45	63	
450	5	6	8	10	11	12	13	14	15	
451	15	17	19	20	21	25	
452	23	
464	52	55	56	57	
465	43	46	47	51	51	52	53	54	55	59	
466	44	45	46	47	48	49	63	
467	4	7	9	10	11	13	14	97	
468	12	13	15	16	16	17	19	20	21	24	47	47	
469	18	22	52	
473	82	82	
481	53	55	56	58	61	
482	34	47	48	49	50	51	54	
483	9	43	45	46	49	64	72	
484	7	10	11	12	14	14	
485	1	13	16	17	19	20	22	
486	17	23	
498	52	53	56	56	59	
499	34	43	46	47	49	50	51	52	54	58	
500	44	48	
501	5	7	9	10	11	12	13	14	15	19	
502	15	17	17	19	19	20	24	27	
503	18	22	
515	53	55	56	58	
516	48	50	51	54	55	60	
517	39	45	46	47	48	49	
518	4	7	10	11	13	14	
519	15	16	19	24	
520	17	21	
531	58	
532	53	55	56	
533	47	48	50	51	52	54	54	
534	10	45	83	84	87	90	95	
535	5	7	10	11	12	13	14	15	16	18	71	
536	15	17	17	20	21	22	23	
537	21	
550	51	51	54	55	57	58	61	
551	42	46	48	48	49	
552	4	6	9	14	
553	6	12	15	85	93	95	
554	16	19	90	
565	56	
566	46	50	52	53	53	55	59	
567	48	50	91	
568	8	10	11	13	81	85	87	
569	4	12	14	15	16	18	19	19	21	25	71	
570	21	23	24	
584	52	53	54	55	56	58	
585	48	50	51	55	
586	42	44	45	46	49	74	
587	6	9	11	14	46	81	84	
588	13	15	82	84	86	88	89	91	95	
589	16	17	88	91	
599	52	57	
600	49	50	53	55	59	
601	10	13	44	48	81	86	89	100	
602	7	12	14	15	16	17	18	26	70	
603	20	21	23	23	25	
619	34	52	54	55	57	59	61	
620	36	45	46	48	49	51	67	
621	43	44	46	47	49	
622	7	11	14	80	81	84	100	
623	12	16	82	84	85	87	88	89	92	93	97	
624	16	18	87	89	91	97	
633	51	53	55	59	
634	50	88	91	95	
635	6	11	14	16	19	29	81	85	99	
636	12	18	20	23	
637	22	
653	54	55	57	
654	52	53	53	54	56	57	58	61	
655	24	38	42	45	47	49	50	59	
656	42	44	46	47	48	
657	8	9	12	80	82	84	
658	10	13	13	81	82	84	86	88	89	95	
659	16	86	87	89	91	93	93	96	
660	16	92	98	
661	17	
665	57	
666	55	
667	53	88	92	95	
668	10	40	82	84	86	90	
669	10	12	15	16	17	19	
670	18	21	24	
688	58	
689	52	54	55	57	58	62	
690	33	36	45	50	51	52	53	56	60	74	
691	41	43	44	45	46	47	48	49	69	
692	9	15	41	46	47	48	68	78	80	84	
693	10	12	14	69	77	81	82	84	85	88	100	
694	12	81	85	87	88	90	95	
695	16	87	89	92	95	98	
696	88	90	92	
697	87	91	96	
699	88	93	96	
700	55	91	93	97	
701	82	86	87	89	91	94	97	
702	8	10	12	14	16	19	80	84	88	
703	13	17	18	20	23	
704	22	
718	13	
724	53	54	55	62	
725	35	49	51	52	54	57	59	62	
726	25	43	45	48	49	50	56	58	
727	5	40	43	45	46	47	49	67	70	79	
728	10	14	28	36	40	47	49	79	80	83	
729	10	46	70	80	81	84	86	88	
730	10	81	85	86	89	94	99	
731	13	83	85	86	87	88	91	94	
732	38	82	83	85	86	89	91	93	96	
733	47	81	83	86	89	91	
734	9	81	83	84	85	86	88	90	96	
735	10	12	13	14	16	18	18	71	79	80	82	83	
736	15	17	19	20	23	25	27	68	
737	21	
760	53	53	55	62	
761	34	50	52	55	57	58	63	
762	23	45	49	50	54	56	58	60	
763	4	23	25	42	44	47	48	48	49	57	61	67	79	
764	41	44	45	46	80	83	
765	18	21	42	43	46	48	48	52	59	67	70	79	80	84	103	
766	20	29	41	45	47	51	61	73	79	
767	18	19	41	44	47	49	68	78	78	80	98	
768	9	11	13	16	22	43	44	64	69	79	80	
769	12	15	18	19	20	22	25	26	70	79	
770	22	23	
797	52	54	
798	24	51	55	65	
799	25	55	63	
800	23	24	55	64	
801	22	23	65	
802	23	25	
803	22	24	
1158	88	
1175	95	
1204	58	
1215	9	
1233	17	
1236	20	
1242	12	
1272	92	
1274	66	
1278	10	
1280	13	
1282	60	
1283	33	
1301	62	
1311	5	
1317	32	
1319	87	
1332	38	
1338	90	
1343	51	59	
1344	9	
1345	31	
1346	57	
1347	8	
1348	11	80	
1349	35	
1361	83	
1363	36	
1368	37	
1369	46	
1371	46	
1372	19	39	56	
1373	19	39	68	
1374	10	46	54	
1375	17	44	67	
1376	17	56	100	
1377	18	38	50	66	69	
1378	39	45	46	48	58	
1379	22	25	31	43	45	46	48	72	
1380	39	
1381	48	69	
1382	46	50	
1387	58	
1393	101	
1395	37	
1396	37	
1398	24	
1400	22	
1401	19	37	42	52	
1402	38	56	
1403	17	19	51	57	
1404	17	19	42	44	47	49	57	
1405	18	21	27	39	48	58	67	69	
1406	19	22	26	41	43	46	48	66	
1407	18	20	23	24	43	45	47	51	54	60	67	
1408	18	20	23	28	43	50	58	58	
1409	16	18	20	30	35	42	45	47	48	58	71	
1410	18	20	23	25	50	68	69	
1411	19	20	24	44	49	57	60	
1412	19	21	23	44	50	53	56	61	70	
1413	21	25	26	28	44	48	50	53	53	56	59	70	
1414	22	34	45	49	52	56	58	72	
1415	20	21	36	43	45	48	49	51	57	60	65	68	71	
1416	23	33	42	44	50	56	
1417	23	43	44	46	48	50	69	
1418	46	49	
1425	7	
1429	36	
1433	18	
1434	17	20	29	38	46	
1435	18	20	41	43	67	
1436	16	18	19	23	42	45	47	48	64	66	
1437	16	18	19	20	23	24	45	53	58	63	64	73	
1438	18	19	21	23	32	45	60	71	74	
1439	21	24	45	49	54	60	69	
1440	22	23	55	60	
1441	25	55	73	
1442	24	55	65	88	92	98	
1443	92	97	
1444	93	
1445	25	92	98	
1446	24	88	91	96	
1447	87	88	92	96	
1448	88	90	
1449	25	55	
1450	24	50	52	54	56	58	62	
1451	22	25	32	45	50	51	54	56	58	67	
1452	44	46	47	50	
1453	49	54	
1464	42	
1467	12	14	
1468	15	16	17	18	18	19	21	24	41	65	
1469	13	15	21	22	23	45	68	
1470	13	22	25	72	
1471	23	24	55	
1472	23	25	87	92	95	97	
1473	87	90	91	96	98	
1474	87	88	90	92	95	
1475	86	88	91	95	
1476	83	88	90	95	
1477	82	85	87	89	96	
1478	87	90	
1479	81	86	89	91	
1480	81	86	89	96	
1481	81	83	85	86	90	95	
1482	13	82	85	88	90	93	
1483	6	9	82	86	88	88	90	93	
1484	12	15	55	82	86	87	89	92	94	
1485	17	34	51	54	56	58	59	62	87	90	91	94	96	
1486	17	41	47	48	49	49	51	53	56	
1487	41	43	45	46	48	49	56	63	
1488	46	72	
1489	54	
1490	60	
1500	8	13	45	
1501	10	12	13	14	15	18	23	
1502	16	17	18	19	21	23	58	
1503	21	25	51	
1504	42	44	47	50	
1505	46	50	78	86	
1506	77	81	83	84	85	87	89	94	
1507	77	78	80	81	82	84	85	87	88	90	95	
1508	76	78	81	83	84	86	90	94	99	
1509	78	81	83	84	85	96	
1510	79	81	86	92	
1511	80	82	86	
1512	80	83	84	88	98	102	
1513	79	81	83	89	
1514	78	80	83	86	89	
1515	78	79	82	85	
1516	79	81	84	
1517	79	81	86	
1518	9	13	15	80	82	84	90	101	
1519	6	12	15	20	52	58	62	80	82	84	86	89	91	95	
1520	16	17	19	52	53	54	56	58	59	90	
1521	18	43	45	46	47	48	49	51	
1522	58	
1528	99	
1533	13	
1535	5	7	9	10	11	13	13	14	15	
1536	7	13	15	17	21	23	57	88	97	
1537	16	17	21	51	52	54	55	58	60	88	
1538	45	46	47	49	50	52	54	56	
1539	50	87	
1540	50	78	80	86	95	
1541	79	86	
1542	82	
1544	80	
1545	69	
1549	70	
1553	2	7	9	11	13	13	15	18	58	78	80	93	
1554	12	16	17	19	22	51	52	54	56	57	59	81	83	89	
1555	23	41	44	45	46	47	49	50	51	53	53	60	
1556	45	49	
1557	50	
1561	73	73	
1564	96	104	
1568	10	
1569	4	9	12	13	
1570	6	8	10	11	13	15	21	58	80	82	86	92	94	
1571	16	17	18	20	52	54	55	56	61	80	82	86	95	
1572	46	50	51	54	60	
1573	49	53	85	91	95	100	
1574	36	86	94	
1575	85	
1578	91	
1579	16	
1581	90	
1586	30	
1587	6	8	10	12	13	90	
1588	6	11	12	15	16	20	51	52	53	55	56	57	59	61	79	89	
1589	16	17	18	20	22	42	46	46	47	49	49	51	55	61	
1590	44	49	59	
1591	41	
1595	73	
1603	10	
1604	7	9	11	12	13	14	80	93	
1605	8	17	18	20	52	55	59	80	82	86	93	95	
1606	43	45	47	48	49	54	60	
1607	55	82	85	90	
1608	86	
1620	8	
1621	8	10	12	14	17	58	
1622	6	12	13	14	15	16	17	19	21	51	52	53	56	58	60	89	
1623	18	21	22	41	47	48	49	50	51	52	
1624	44	50	
1626	53	53	54	55	
1637	17	
1638	8	9	11	13	13	15	58	85	88	
1639	12	15	16	20	51	51	52	54	55	56	60	88	90	
1640	17	21	45	46	48	49	50	88	
1641	44	46	55	
1644	50	69	
1654	13	17	
1655	6	9	11	13	15	17	
1656	7	14	15	16	18	18	19	20	25	52	53	55	56	58	61	
1657	21	23	47	49	49	51	54	
1658	43	45	50	
1671	10	53	
1672	10	18	24	
1673	6	7	11	13	14	18	51	52	59	81	86	
1674	23	50	51	54	59	92	96	99	
1675	43	47	48	
1678	7	
1679	100	
1680	56	
1683	69	
1688	16	
1689	7	9	11	13	15	17	19	
1690	8	15	18	19	20	25	27	51	52	58	59	
1691	18	22	30	30	31	50	52	55	87	90	93	98	
1692	56	86	90	93	
1697	95	
1702	27	
1706	9	
1707	6	11	12	14	20	53	55	57	62	82	87	94	
1708	17	20	50	51	55	57	59	84	87	88	92	
1709	17	41	45	50	
1710	45	47	48	52	
1711	68	
1718	85	
1720	15	
1721	85	
1722	8	12	16	
1723	13	14	15	16	18	20	53	57	
1724	21	22	24	50	52	54	
1725	49	82	84	86	88	89	91	96	
1726	82	83	89	
1739	100	
1740	11	
1741	10	12	13	15	
1742	52	55	62	82	83	86	91	101	
1743	17	21	34	50	54	56	59	
1744	41	44	46	48	50	56	
1745	45	48	
1747	4	
1753	38	
1755	14	40	
1756	10	14	16	19	23	57	
1757	13	17	20	25	47	52	55	57	
1758	51	53	88	91	
1759	78	79	81	83	84	86	96	
1760	88	
1771	20	42	
1775	5	10	15	
1776	9	11	13	15	18	81	87	98	
1777	16	20	53	54	55	62	85	88	89	91	97	
1778	17	21	33	45	48	49	51	57	58	
1779	31	39	44	45	47	49	57	63	
1780	30	40	43	46	47	48	52	71	
1781	47	
1787	85	
1789	10	13	17	
1790	7	12	16	20	24	56	
1791	48	49	52	53	
1792	86	91	96	98	
1793	82	87	93	
1795	96	
1806	5	
1809	9	14	
1810	5	14	
1811	8	9	11	14	81	83	88	
1812	16	19	20	55	83	86	90	94	98	
1813	18	18	50	52	54	57	61	64	92	98	
1814	30	37	45	47	48	50	53	57	61	66	
1815	43	44	46	51	
1816	27	46	48	67	68	
1817	37	44	46	49	60	
1818	34	
1821	15	
1822	13	17	40	67	69	
1823	4	6	11	15	17	19	
1824	18	22	23	49	51	58	59	
1825	50	53	
1826	80	83	84	90	
1830	94	
1833	68	
1839	18	
1843	29	
1844	8	100	
1845	4	12	85	96	
1846	7	10	13	79	81	85	88	94	
1847	8	13	55	86	87	90	92	96	
1848	16	51	55	56	61	92	96	
1849	51	52	53	55	57	58	73	
1850	31	37	43	44	48	49	51	
1851	37	42	46	50	58	59	67	71	
1852	22	26	47	48	67	
1853	19	40	44	46	60	
1854	14	21	29	43	45	46	48	68	
1855	14	18	18	40	67	
1856	6	11	14	16	19	21	24	27	
1857	15	21	23	53	55	56	59	71	
1858	21	51	92	
1859	55	83	86	90	93	
1860	89	
1862	101	
1867	56	
1879	84	
1880	9	14	78	86	94	
1881	5	9	15	79	83	86	
1882	11	81	83	85	87	89	91	95	
1883	55	82	87	90	92	95	
1884	16	52	55	61	93	97	
1885	24	50	54	61	92	
1886	45	54	63	
1887	22	23	34	50	55	60	
1888	13	22	24	
1889	14	22	24	72	
1890	24	51	53	59	
1891	50	57	92	97	
1892	54	87	89	95	
1893	82	87	89	
1897	98	
1898	74	
1904	90	
1914	47	
1915	85	95	
1916	11	79	82	
1917	12	14	80	82	84	87	89	
1918	6	10	82	85	87	89	97	
1919	11	86	90	97	
1920	87	91	98	
1921	92	95	
1922	92	
1923	88	95	
1924	54	89	91	97	
1925	86	88	89	91	95	
1926	82	83	87	94	
1927	80	
1929	102	
1951	79	86	
1952	15	79	81	84	95	
1953	79	81	85	89	93	
1954	80	82	85	88	88	96	
1955	82	86	89	92	95	
1956	81	85	88	91	97	98	
1957	81	83	85	88	90	93	99	
1958	80	82	84	86	89	97	
1959	78	80	82	83	84	86	
1960	80	87	94	
1961	16	
1979	67	
1981	4	
1984	100	
1987	84	91	
1988	80	
1989	79	82	85	88	
1990	79	83	
1991	78	83	
1992	78	83	84	97	
1993	62	79	
2000	3	
2007	100	
2012	9	
2016	1	67	
2020	94	
2022	49	
2024	83	
2026	65	
2027	99	
2029	29	
2034	25	
2043	7	
2055	61	89	
2062	13	
2078	92	
2087	89	
2092	103	
2107	7	
2155	89	
2158	38	
2173	84	
2197	16	
2213	21	
2227	19	
