16	68	
54	88	
55	87	92	
83	93	
84	86	87	89	90	92	94	98	
85	87	89	91	93	96	
86	82	86	87	87	88	90	91	92	95	
87	85	87	88	89	90	91	95	97	
88	83	86	87	88	89	90	91	93	96	
89	82	83	87	88	89	90	91	93	95	
90	82	85	86	87	88	89	90	92	94	97	
91	86	88	90	91	93	97	
92	87	91	93	96	
115	92	
116	86	90	93	97	
117	82	82	85	86	87	88	90	92	96	
118	82	85	86	87	88	88	89	90	92	94	97	
119	80	82	82	83	84	85	86	87	88	89	91	93	95	102	
120	80	81	81	82	83	84	85	86	88	88	89	90	92	94	97	
121	80	81	82	83	83	84	85	86	87	89	90	93	96	
122	79	80	81	82	83	84	85	85	87	89	90	91	93	96	100	
123	8	10	78	80	80	81	82	84	85	86	87	89	90	92	95	
124	9	12	14	80	81	82	83	84	85	86	87	89	91	93	96	
125	11	14	17	80	81	83	83	84	85	86	88	89	90	91	93	95	98	
126	15	18	81	82	84	85	86	88	89	90	91	93	95	98	
127	17	86	88	90	92	97	
128	18	
146	28	
147	27	57	
148	56	87	90	92	96	
149	83	85	86	88	88	90	91	93	96	
150	82	83	83	84	86	87	88	88	89	91	93	97	
151	79	81	82	83	83	84	86	87	88	89	91	94	
152	80	81	82	83	83	84	86	89	91	95	
153	79	80	81	82	83	84	85	88	98	
154	46	78	80	81	83	83	84	
155	36	40	47	69	79	80	81	82	83	85	93	
156	13	46	79	79	80	83	84	
157	9	43	44	46	48	49	79	80	81	82	83	
158	5	11	14	79	80	81	82	84	86	88	99	
159	7	8	11	79	80	80	81	83	85	87	89	
160	7	8	10	11	13	14	15	18	79	80	81	83	83	84	85	86	87	89	91	96	
161	13	15	16	18	80	81	83	83	85	86	87	89	91	93	93	96	
162	16	17	20	86	97	
181	53	88	90	92	
182	81	82	86	87	88	89	90	91	94	97	
183	55	80	81	82	84	85	85	86	87	89	90	92	95	97	
184	79	80	81	82	84	85	86	89	92	
185	37	40	47	78	79	80	81	83	84	85	
186	16	43	46	46	70	79	80	81	84	93	94	
187	17	19	37	41	47	49	69	79	81	84	
188	16	18	18	19	20	28	37	45	47	48	51	57	59	61	68	69	79	
189	17	19	20	22	42	44	45	46	47	48	50	52	54	56	57	59	61	72	78	
190	19	20	21	27	37	43	45	46	47	48	50	52	56	57	59	61	68	70	80	
191	20	21	25	45	46	46	47	49	50	56	59	72	79	
192	3	43	44	46	46	47	48	49	69	80	
193	10	14	23	45	46	78	79	83	
194	7	9	11	14	15	78	79	80	83	84	90	
195	3	6	7	11	12	13	13	14	15	19	79	81	82	84	86	89	92	97	
196	15	16	17	18	19	20	81	83	84	86	90	92	94	
197	17	18	20	
212	58	
213	57	
214	50	51	53	55	56	59	88	91	
215	37	50	52	55	60	81	83	84	86	87	89	91	95	
216	55	79	80	81	82	83	84	85	86	88	89	90	92	93	98	
217	54	79	81	82	83	84	85	89	102	
218	18	41	46	78	79	80	82	83	98	
219	13	13	16	18	19	59	60	78	81	100	
220	13	16	17	17	18	19	20	20	26	44	47	49	51	61	71	83	
221	6	11	14	15	16	18	19	19	20	22	25	26	28	44	45	49	56	60	69	
222	15	17	19	21	21	22	23	25	43	45	49	52	55	57	59	62	70	73	
223	20	21	22	23	24	25	45	48	51	53	57	59	61	69	
224	21	22	23	24	33	49	51	52	55	56	57	58	58	60	61	
225	22	23	24	35	43	49	50	51	52	53	53	55	56	57	58	59	60	61	
226	22	25	28	31	44	45	46	47	47	48	48	49	50	50	51	52	54	56	60	63	
227	44	45	46	47	48	49	49	
228	3	8	10	12	
229	6	9	10	11	12	13	14	15	18	81	90	
230	7	12	14	15	16	17	18	20	22	80	82	85	87	89	92	96	99	
231	16	17	18	19	22	
246	57	59	
247	51	53	54	55	57	59	
248	50	51	52	54	56	83	85	87	89	91	93	94	
249	50	53	79	81	82	84	85	87	89	92	93	102	
250	78	79	81	82	83	84	86	
251	8	16	18	18	41	79	81	84	
252	10	12	13	14	16	17	19	46	70	79	
253	7	10	11	12	13	15	15	16	17	18	19	19	20	21	23	24	26	45	70	
254	12	14	16	18	19	20	21	21	22	23	24	26	29	
255	21	22	24	
256	23	23	24	
257	25	
258	24	58	63	
259	34	51	53	54	55	56	56	57	58	59	60	62	
260	48	50	51	51	52	53	53	54	55	56	56	59	61	
261	37	44	45	46	47	48	49	49	50	51	52	54	58	
262	9	14	45	46	49	
263	2	6	9	10	11	15	83	89	
264	1	7	10	11	11	12	13	14	14	15	16	19	79	80	81	83	86	98	
265	13	15	16	16	17	18	18	19	20	22	24	
279	56	58	
280	52	55	56	57	61	
281	49	50	52	53	53	54	55	57	59	86	88	89	91	96	
282	50	52	80	82	84	86	87	88	92	101	
283	54	78	79	81	83	83	85	88	88	
284	6	10	13	18	29	79	84	
285	7	10	12	14	15	16	17	17	18	19	20	
286	8	9	11	13	14	15	17	17	18	19	20	20	21	24	26	
287	13	15	20	21	22	23	24	25	27	
288	23	23	
293	56	57	59	61	
294	34	50	51	52	52	53	54	55	56	57	58	59	60	63	
295	45	47	48	49	50	51	52	53	54	57	59	
296	44	46	47	48	49	50	52	
297	9	10	13	14	
298	5	6	7	10	11	11	12	13	14	14	15	18	19	24	26	79	93	
299	13	16	16	17	17	18	19	19	20	21	97	99	
300	22	
308	102	
312	57	
313	53	56	57	61	
314	50	51	52	53	54	57	59	87	91	
315	48	50	51	52	54	55	59	82	84	85	87	88	89	91	94	
316	49	79	81	82	83	84	86	89	91	101	
317	8	78	81	94	
318	9	11	12	13	14	15	16	17	18	68	72	
319	6	8	8	10	12	12	13	14	15	16	17	17	19	19	21	24	
320	4	15	17	18	19	21	22	22	23	24	27	
321	22	23	
327	56	57	61	
328	51	52	53	53	54	55	56	57	58	58	60	61	
329	46	47	48	48	49	50	51	51	54	55	56	59	
330	8	47	48	49	54	
331	4	9	10	14	28	
332	6	7	9	11	11	12	13	13	14	15	15	16	17	18	
333	3	12	15	16	16	17	18	18	19	20	21	22	25	
334	21	23	
346	57	
347	50	52	53	55	57	59	
348	50	52	54	55	56	60	82	83	85	87	88	90	95	101	
349	49	51	53	80	82	83	83	84	86	87	90	95	
350	80	82	84	87	90	
351	6	9	11	13	16	
352	5	7	10	11	12	12	13	14	15	16	17	18	18	19	20	21	24	71	
353	8	12	15	16	17	18	18	19	20	20	21	22	23	25	26	
354	1	21	22	
361	57	57	61	
362	48	51	52	54	55	56	57	58	60	62	
363	47	49	50	51	51	53	54	55	57	59	93	
364	48	49	51	53	
365	9	10	13	
366	5	6	7	9	10	11	12	12	13	14	15	15	16	16	18	19	24	
367	15	16	17	17	18	18	19	20	21	21	22	25	27	98	
368	23	
379	58	
380	53	55	56	58	60	
381	48	48	50	51	52	53	54	55	59	86	88	90	93	94	
382	49	51	53	54	57	59	80	82	84	85	87	88	90	92	94	
383	49	78	80	82	85	93	97	
384	8	11	13	87	
385	7	10	11	12	13	14	15	16	17	18	18	19	24	26	70	
386	8	10	12	12	14	15	16	16	17	18	18	19	20	21	22	24	26	70	
387	3	20	21	22	23	24	
395	56	57	58	59	62	
396	51	52	53	54	55	56	57	60	
397	45	47	48	48	49	50	51	52	53	54	55	59	87	91	
398	50	54	86	89	
399	9	10	11	13	16	18	
400	5	6	7	9	10	11	12	12	13	14	15	16	17	18	19	21	25	69	
401	16	17	18	18	19	20	21	22	23	24	
413	56	57	59	
414	47	49	51	52	53	54	55	56	57	58	62	
415	47	49	50	52	54	55	59	81	83	84	86	88	90	
416	49	51	53	80	81	83	83	85	86	88	90	99	
417	79	81	85	88	
418	9	10	11	14	
419	4	6	7	10	11	12	12	14	14	15	16	19	
420	16	17	18	19	20	21	23	24	92	
421	2	18	21	23	
429	56	57	59	61	
430	50	51	51	52	53	54	55	55	57	58	
431	47	48	50	51	52	54	63	82	84	86	88	91	
432	82	84	87	
433	6	9	10	12	13	14	15	16	18	
434	3	3	7	11	12	14	14	15	16	16	17	17	18	19	20	21	22	25	27	70	
435	15	17	19	20	21	22	23	25	27	
436	23	
439	75	75	
447	53	55	56	56	57	57	58	60	63	
448	46	47	50	50	51	52	53	53	54	55	56	58	58	59	
449	45	46	47	48	49	49	50	52	53	55	65	80	82	84	88	100	
450	79	81	82	84	87	
452	5	9	10	14	
453	6	8	9	10	11	12	14	14	15	18	20	23	91	97	
454	3	6	10	12	13	14	15	16	17	18	21	82	87	88	90	91	96	
455	17	18	82	85	87	89	91	97	
456	17	
462	56	
463	35	52	53	54	55	57	58	58	62	
464	49	51	51	52	54	55	55	56	60	86	88	89	91	94	
465	50	51	53	54	80	82	84	86	87	89	92	
466	6	8	13	100	
467	7	9	10	11	12	13	14	15	17	18	19	
468	5	7	11	12	13	15	16	17	17	19	19	20	21	22	23	24	28	
469	18	21	22	24	
480	57	
481	53	56	56	57	58	60	61	
482	46	47	48	49	50	51	51	52	54	55	56	59	
483	45	46	47	48	49	49	51	53	86	
486	5	10	15	
487	4	10	12	14	15	81	92	
488	8	9	11	12	14	18	46	79	80	81	82	83	85	88	90	95	
489	7	11	13	15	16	17	18	80	81	83	84	85	89	93	
490	16	17	18	19	20	
495	58	
496	52	56	57	63	
497	51	52	53	54	55	56	58	63	86	88	89	91	94	
498	48	50	51	53	55	58	81	83	83	85	86	88	90	92	95	
499	50	53	79	81	83	83	85	93	101	
500	9	10	12	
501	4	7	9	10	11	12	13	13	14	15	15	16	17	17	18	19	19	20	22	70	
502	15	16	17	18	19	20	21	22	23	24	28	
503	21	23	
514	58	
515	34	53	55	55	56	57	57	58	59	60	62	
516	47	47	50	51	51	52	53	53	54	54	55	56	57	59	60	
517	44	45	45	46	47	47	48	48	49	49	50	51	54	
518	44	45	47	49	52	
520	12	
521	5	12	13	24	
522	4	7	8	10	11	13	14	16	17	19	20	20	43	70	80	82	
523	6	11	12	14	14	15	16	17	18	18	19	20	20	21	71	79	80	
524	18	20	20	21	24	26	
528	58	
529	56	58	
530	52	53	54	56	60	87	91	
531	50	51	53	53	54	55	59	82	84	86	87	88	90	92	94	102	
532	80	81	83	84	85	87	90	
533	14	19	80	83	85	89	100	
534	8	9	10	11	12	13	14	14	15	16	17	18	
535	5	6	11	12	13	14	15	15	16	17	17	18	19	20	20	21	23	24	
536	17	18	21	22	22	24	
537	22	
548	58	
549	53	57	60	61	
550	33	51	51	52	53	54	55	55	56	56	57	58	59	60	61	
551	46	47	49	49	50	51	51	53	54	56	58	65	76	
552	44	45	46	47	48	49	50	53	
554	8	51	
555	9	10	12	13	14	15	17	18	19	21	
556	3	10	12	13	14	15	16	17	17	19	19	20	21	25	26	70	
557	13	15	17	18	19	20	21	22	23	23	24	25	
558	21	22	23	
562	56	58	
563	54	57	87	92	
564	50	51	53	53	55	59	83	84	85	87	88	88	90	92	94	101	
565	55	79	81	82	83	83	84	85	86	89	91	97	99	
566	14	78	80	82	84	87	90	93	102	
567	7	9	10	12	13	14	16	20	
568	2	5	7	9	10	11	12	13	14	15	16	17	18	18	19	21	24	
569	1	15	16	17	18	19	19	20	21	22	23	24	25	26	
570	22	25	
583	57	
584	52	52	54	55	56	57	58	59	60	62	
585	33	47	48	49	50	51	51	52	52	53	54	54	55	56	57	58	60	
586	45	46	48	49	50	52	53	
587	49	
588	10	13	20	
589	7	8	9	10	11	12	13	14	15	15	16	16	17	18	19	21	25	27	
590	2	12	16	16	17	18	18	19	20	21	22	23	24	25	26	
591	21	23	25	
595	88	90	92	
596	56	60	83	85	86	88	89	90	91	93	95	
597	52	54	55	59	82	84	85	87	88	88	90	91	94	98	
598	53	54	81	82	83	84	85	86	87	89	92	97	
599	79	80	82	83	84	85	89	
600	13	16	27	81	
601	6	8	9	10	11	14	15	16	16	17	18	19	20	
602	4	8	10	12	13	14	15	16	17	17	18	19	19	20	21	24	27	44	
603	17	18	20	21	22	23	23	
606	14	
607	11	12	
617	57	58	60	
618	51	52	52	54	55	56	56	57	58	59	61	
619	46	47	49	50	51	52	53	53	54	54	55	59	
620	45	46	47	48	49	51	55	90	
621	11	30	
622	6	9	11	12	14	15	17	19	
623	1	7	8	10	11	12	13	13	14	15	16	19	21	23	
624	16	17	18	20	21	22	
625	23	87	
626	87	
627	87	90	92	97	
628	57	86	87	89	91	93	95	
629	55	82	83	85	86	87	89	90	92	95	
630	54	81	82	84	85	86	87	88	90	92	96	99	
631	53	55	79	80	82	83	83	84	85	86	87	89	90	93	97	
632	79	81	82	84	85	89	
633	14	18	18	79	81	
634	7	9	10	11	13	14	15	16	18	19	20	71	
635	2	7	11	12	13	14	15	16	17	18	18	19	20	20	21	22	24	27	
636	5	17	19	20	21	22	23	24	25	26	
637	21	23	
651	57	58	62	
652	51	52	52	55	56	56	57	59	60	
653	46	47	48	49	50	51	52	53	53	54	55	56	58	60	63	86	
654	45	46	48	49	50	51	83	88	
655	10	13	49	
656	8	10	11	14	21	22	
657	1	7	10	11	12	13	14	15	15	16	18	18	19	25	
658	13	17	22	83	87	88	90	91	93	93	96	
659	83	85	86	87	89	90	91	94	97	
660	82	85	86	87	88	89	90	91	93	96	
661	56	81	82	84	85	86	87	89	90	91	94	97	
662	54	81	82	84	84	85	86	87	89	90	91	96	99	
663	54	79	80	81	82	83	84	85	86	88	90	94	99	
664	36	79	80	81	82	83	83	84	85	86	89	
665	46	78	79	80	82	85	
666	14	41	66	80	84	89	
667	8	10	12	14	14	15	16	17	18	71	
668	8	10	11	12	13	14	14	15	16	17	17	18	19	20	21	22	24	27	45	69	
669	5	13	15	19	20	21	22	23	24	25	26	
670	21	23	
685	56	57	
686	51	52	52	54	54	55	56	57	58	58	60	
687	46	47	48	49	50	51	52	53	53	54	55	60	
688	45	46	47	49	50	53	54	59	66	
690	5	8	9	12	
691	2	4	7	10	12	13	15	16	85	90	94	
692	7	80	81	82	84	85	86	88	89	91	96	
693	80	81	82	84	85	86	87	88	89	91	93	97	
694	80	81	82	83	83	84	85	87	89	91	93	98	98	
695	80	81	82	82	83	84	85	87	89	91	93	97	
696	80	81	82	83	83	84	85	87	88	90	95	
697	40	46	64	79	80	80	81	83	83	85	88	95	98	
698	14	18	18	66	69	79	80	
699	14	16	17	19	23	43	46	50	66	70	79	
700	7	10	11	14	15	16	17	18	19	20	21	44	45	46	49	71	
701	5	7	10	11	13	13	14	15	15	17	18	19	20	20	21	23	24	26	45	71	
702	5	12	15	18	19	20	20	21	22	23	24	25	26	
703	22	23	23	
719	57	58	60	
720	51	52	54	55	55	56	57	57	58	58	59	61	
721	45	46	46	47	48	48	49	50	51	52	53	54	55	56	59	102	
722	33	42	43	45	46	46	47	49	50	52	57	
723	41	47	
724	10	36	46	
725	4	10	45	47	48	66	84	
726	36	42	46	57	79	80	81	83	83	85	90	
727	46	47	49	78	79	80	81	83	83	84	86	89	
728	16	42	47	56	79	80	81	84	90	
729	16	41	46	47	79	80	81	83	85	
730	43	46	67	78	79	82	85	
731	10	14	16	17	18	18	19	39	47	49	67	71	
732	10	12	14	15	16	17	19	20	21	44	45	47	49	71	
733	10	12	13	14	15	16	17	18	18	19	20	21	22	23	24	25	27	44	69	72	
734	12	14	17	20	21	22	22	24	25	26	
735	4	21	22	23	24	25	28	
736	22	24	
753	62	
754	51	52	53	55	56	57	57	58	59	60	62	
755	31	42	48	49	50	50	51	51	52	53	54	55	56	56	57	58	59	
756	28	41	44	45	48	48	49	50	50	51	52	56	58	60	66	
757	19	43	44	45	45	46	48	49	50	51	52	56	57	60	69	
758	19	20	21	27	40	44	45	46	47	49	50	51	56	57	59	68	71	
759	18	19	20	22	24	28	42	44	44	45	47	48	48	49	50	51	56	57	60	66	68	70	
760	18	19	20	21	41	44	45	46	47	49	50	52	56	57	59	62	69	71	79	
761	19	19	21	26	42	44	45	46	47	48	49	49	50	56	57	58	60	68	68	71	
762	18	18	19	20	21	22	29	40	44	45	45	47	48	48	49	50	56	57	60	70	72	
763	19	20	21	22	23	39	44	45	46	47	48	48	49	50	61	67	69	70	
764	10	12	14	15	17	19	20	20	22	27	43	44	45	46	49	61	70	
765	10	12	14	17	18	19	20	21	22	24	26	44	45	49	70	
766	12	13	15	19	20	21	22	23	24	25	44	
767	1	7	18	20	22	23	23	24	25	26	
768	22	24	
788	53	55	61	
789	53	55	59	61	
790	24	35	50	55	58	60	73	
791	24	24	27	50	52	54	55	60	63	63	
792	21	22	23	24	25	49	51	55	57	59	61	
793	22	23	24	25	27	50	55	60	
794	21	22	23	24	24	25	27	51	53	61	65	
795	21	22	24	24	27	50	52	55	60	62	
796	22	23	23	24	25	26	45	52	55	61	
797	15	22	24	24	51	63	74	
798	4	14	20	22	23	24	24	28	
799	21	23	23	24	64	
800	22	24	73	
818	83	
827	73	
832	25	
1162	83	
1166	43	
1170	102	
1171	9	
1173	52	61	
1175	49	
1183	62	
1185	4	
1191	41	
1202	67	
1206	26	47	
1207	44	47	
1208	21	36	47	56	
1209	36	43	46	
1210	27	46	49	58	
1211	46	48	51	61	
1212	47	
1213	42	
1214	53	72	
1220	1	
1227	4	
1232	77	
1236	52	
1237	26	
1238	17	46	
1239	16	19	41	48	
1240	16	19	47	58	59	
1241	17	19	26	42	44	46	49	56	58	60	67	69	
1242	18	18	20	21	27	39	45	46	48	48	50	57	62	67	
1243	19	20	22	26	39	44	46	47	48	49	51	57	61	68	
1244	20	23	35	40	44	46	47	49	52	56	57	60	
1245	19	21	41	44	47	48	49	52	56	60	71	
1246	21	23	26	43	45	46	47	49	51	56	58	71	
1247	26	45	46	47	48	51	53	56	59	
1248	44	47	50	
1249	46	50	
1270	22	
1271	19	26	
1272	17	19	28	
1273	16	18	19	20	23	23	42	45	46	48	72	
1274	16	17	18	19	21	23	27	39	45	48	48	57	60	69	
1275	16	17	19	20	21	24	27	44	47	52	56	60	70	
1276	17	19	20	21	22	23	24	27	44	50	53	57	58	61	70	
1277	20	22	23	24	44	48	50	53	59	63	73	
1278	20	21	23	24	26	45	50	52	56	58	58	60	63	
1279	20	21	22	23	42	45	48	49	51	52	54	56	57	58	59	62	72	
1280	20	22	24	27	29	34	40	44	45	47	48	49	50	51	53	56	57	59	61	70	
1281	34	41	44	45	46	47	48	48	50	51	52	54	56	57	59	61	71	
1282	22	44	45	46	46	47	48	49	50	52	55	56	60	76	
1283	44	46	47	48	49	51	57	
1284	44	
1286	63	
1289	4	
1292	71	
1302	33	
1303	16	
1304	10	17	20	45	
1305	9	13	14	16	17	19	21	26	40	43	
1306	10	12	13	15	16	18	18	19	20	22	24	26	43	45	70	
1307	15	17	19	20	21	22	24	28	71	
1308	20	21	23	24	25	26	
1309	22	24	
1310	21	23	24	
1311	23	24	25	
1312	24	74	
1313	24	25	25	52	61	93	
1314	24	52	54	55	58	59	62	
1315	25	51	52	53	53	55	56	57	59	61	
1316	25	26	32	37	44	47	48	50	51	52	53	54	56	57	58	61	74	
1317	43	45	46	47	48	49	49	50	52	54	56	
1318	45	46	49	
1319	48	60	
1334	25	
1335	42	
1336	14	19	41	
1337	10	14	16	18	20	
1338	12	13	15	16	17	20	21	23	24	45	69	
1339	9	11	14	17	18	18	19	20	22	45	48	70	
1340	12	15	17	20	21	23	24	45	
1341	21	23	23	24	
1342	24	93	96	
1343	87	88	91	92	
1344	85	86	87	88	89	90	91	94	
1345	83	85	86	87	88	89	90	91	92	93	96	
1346	85	86	86	87	89	89	90	92	93	95	
1347	83	85	86	87	87	88	89	90	92	94	97	
1348	16	18	87	88	90	91	93	96	
1349	52	55	57	58	62	93	
1350	32	51	52	52	53	54	55	56	57	58	59	60	62	
1351	45	46	47	48	49	49	50	51	52	53	54	56	58	59	
1352	45	47	48	49	51	56	
1353	46	48	
1355	15	
1366	41	47	
1369	15	16	25	
1370	10	12	14	15	16	18	23	
1371	10	12	14	15	16	17	18	19	20	24	70	
1372	11	13	14	15	17	18	19	20	21	22	24	24	26	28	44	
1373	15	21	22	23	23	25	
1374	21	22	24	25	56	59	
1375	87	88	90	92	97	
1376	82	83	85	86	87	88	89	91	92	95	97	
1377	81	82	82	85	85	86	87	89	89	91	93	96	
1378	77	80	81	82	83	84	85	86	87	89	91	93	97	99	
1379	11	78	80	81	82	82	84	85	86	88	90	93	97	102	
1380	10	79	80	81	82	83	84	86	87	88	90	94	98	
1381	7	10	12	14	17	80	81	82	83	84	85	86	88	90	97	
1382	8	10	11	12	14	80	81	82	83	84	85	86	88	89	90	92	95	99	
1383	16	17	19	58	81	82	85	87	89	91	96	
1384	17	35	36	52	53	55	57	58	59	60	
1385	47	48	51	52	52	54	55	56	58	59	60	62	63	
1386	44	45	46	47	48	49	49	51	54	56	
1387	46	49	53	56	
1402	13	16	40	
1403	9	13	16	17	18	
1404	7	9	10	12	13	14	15	16	17	18	19	21	70	
1405	5	11	12	14	15	16	17	18	19	20	21	22	24	25	26	73	
1406	21	22	24	57	
1407	23	58	
1408	52	53	54	86	87	88	89	90	92	97	
1409	51	53	57	82	83	84	85	86	87	89	90	94	98	
1410	79	80	81	83	83	85	87	89	92	94	
1411	79	79	80	81	82	83	84	88	91	
1412	79	80	81	83	85	
1413	79	80	81	83	85	90	96	
1414	78	79	81	85	89	
1415	10	78	79	80	82	84	
1416	7	9	10	11	13	13	14	15	16	79	79	80	81	84	91	
1417	7	11	12	14	14	15	16	18	19	80	80	81	83	83	85	91	94	99	
1418	16	17	18	20	22	37	57	59	61	92	
1419	52	53	53	54	55	56	57	58	59	61	
1420	45	47	48	49	50	50	51	51	52	54	55	57	58	60	62	
1421	48	49	50	51	
1422	54	58	
1435	18	
1436	10	13	75	
1437	7	10	11	13	15	17	19	22	
1438	11	12	14	15	15	16	17	18	18	19	20	21	23	25	
1439	13	17	20	21	22	24	25	27	57	
1440	52	57	
1441	49	52	54	55	83	86	87	89	90	92	94	
1442	52	53	55	81	82	83	84	85	86	89	90	95	
1443	80	81	83	84	86	89	94	
1444	78	80	81	85	
1445	79	81	86	91	
1446	81	84	
1448	95	
1449	13	99	
1450	5	7	9	10	11	14	80	89	
1451	7	9	10	11	12	13	14	15	15	17	18	20	23	79	80	81	85	
1452	16	16	17	19	20	21	27	57	57	61	80	84	
1453	18	34	52	53	55	56	56	58	60	
1454	45	46	47	49	49	50	51	51	52	53	54	55	58	
1455	45	47	48	49	51	56	
1456	52	73	
1470	8	9	11	13	14	15	16	17	18	20	27	
1471	6	9	10	11	12	14	15	15	16	17	18	19	20	21	70	
1472	13	15	17	19	20	21	21	23	23	25	
1473	21	22	53	56	57	59	
1474	50	51	52	54	55	56	59	88	90	93	
1475	48	50	53	53	54	57	59	81	82	84	86	87	88	90	93	101	
1476	78	80	81	83	83	84	85	87	88	94	
1477	79	80	84	
1478	80	
1480	99	
1481	29	87	
1482	18	
1483	7	9	
1484	9	12	14	17	19	90	
1485	1	5	6	7	8	10	11	12	13	14	15	17	19	23	23	94	
1486	12	15	16	17	18	18	19	20	21	57	57	81	96	
1487	23	36	52	52	54	54	55	56	57	58	58	59	63	
1488	46	47	48	50	51	52	53	54	55	57	59	
1489	46	48	50	53	
1490	49	
1502	9	14	
1503	9	11	14	17	19	
1504	6	10	11	13	13	14	15	16	17	18	19	20	23	
1505	8	12	14	15	16	16	17	19	20	21	22	24	26	72	
1506	20	21	23	24	56	58	62	
1507	51	52	55	57	63	
1508	48	50	52	53	54	55	57	59	85	86	87	89	90	92	96	101	
1509	50	53	79	81	82	83	85	87	90	100	
1510	54	80	
1511	92	
1518	8	9	11	15	
1519	2	7	10	11	13	14	15	15	16	18	18	19	20	23	26	70	
1520	13	15	16	17	18	19	20	22	25	57	58	
1521	23	52	53	55	55	56	56	57	59	60	62	
1522	45	47	48	49	49	50	51	51	53	53	54	55	57	59	
1523	48	49	51	
1530	68	
1534	15	
1536	11	15	20	
1537	8	8	10	11	12	14	15	16	19	
1538	6	10	12	13	13	14	15	16	16	17	18	18	19	20	21	25	26	69	
1539	17	18	19	20	21	23	24	26	58	
1540	23	52	55	56	57	59	61	
1541	46	47	48	49	50	52	53	54	55	87	89	
1542	47	50	52	53	56	79	81	82	83	85	87	89	
1543	79	82	84	
1544	86	
1550	29	
1551	12	80	
1552	6	9	11	13	14	15	20	
1553	5	10	12	13	13	14	15	16	17	19	20	21	24	70	
1554	17	18	20	21	23	24	57	58	
1555	23	51	52	53	54	55	56	59	60	62	
1556	47	49	50	51	52	54	54	55	56	59	88	90	97	
1557	17	49	51	55	89	
1558	14	60	
1569	13	13	
1570	6	9	11	14	15	21	25	
1571	6	9	11	12	13	14	15	16	17	18	19	20	25	69	
1572	12	15	17	17	19	20	21	22	24	27	
1573	21	22	56	57	58	62	
1574	51	52	52	53	54	55	56	57	59	61	
1575	45	47	48	49	49	50	51	52	54	55	56	85	101	
1576	44	46	47	49	50	51	79	81	83	102	
1577	45	46	53	54	80	
1578	64	95	
1582	25	
1585	11	13	17	
1586	7	9	10	11	13	14	15	16	18	
1587	7	11	12	14	15	15	16	17	18	19	21	23	28	70	
1588	17	18	19	20	21	22	24	56	58	59	
1589	47	50	51	52	53	53	54	55	55	56	59	62	64	
1590	47	48	49	51	52	54	56	60	81	84	86	87	89	92	94	
1591	87	
1593	54	
1601	50	
1602	9	
1603	9	19	44	
1604	7	9	10	11	12	13	14	15	18	23	
1605	7	11	12	14	15	15	16	17	19	19	20	23	
1606	17	18	20	22	24	27	
1607	23	58	61	
1608	35	51	52	52	54	54	55	56	57	59	60	62	
1609	42	45	47	48	49	50	51	52	53	54	56	57	58	60	83	
1610	32	42	44	46	47	48	49	49	50	52	53	55	57	59	
1611	45	46	47	48	50	57	71	
1612	45	49	
1618	70	
1619	10	14	16	18	25	
1620	7	9	10	12	14	15	16	17	19	20	21	23	71	
1621	7	11	12	13	15	17	18	18	19	20	21	23	24	27	57	70	
1622	21	22	33	52	53	56	57	58	59	61	
1623	48	49	50	51	52	54	54	56	59	90	94	
1624	47	49	52	53	81	83	83	84	87	89	93	97	
1625	84	
1626	32	
1627	18	
1637	8	15	
1638	6	8	10	11	12	13	14	14	15	23	
1639	3	11	12	13	14	15	16	16	17	18	19	19	21	24	70	
1640	17	17	18	19	21	22	
1642	53	55	58	59	61	63	
1643	50	51	52	54	55	56	57	58	59	61	
1644	45	49	50	51	52	54	55	56	59	62	
1645	45	49	50	51	52	54	57	60	
1646	44	49	51	55	
1648	53	
1649	74	
1650	40	
1652	10	17	19	
1653	9	11	13	13	14	17	19	25	
1654	7	9	11	12	14	15	16	17	18	19	20	21	22	24	27	70	
1655	18	20	21	22	23	24	57	
1656	23	36	36	51	52	54	55	56	57	58	60	62	
1657	33	48	49	50	52	53	54	59	84	86	87	88	89	91	93	
1658	49	55	80	82	84	87	90	
1659	54	81	84	88	99	
1666	75	
1670	10	
1671	8	
1672	2	4	6	9	10	11	11	13	13	14	15	16	25	
1673	8	11	12	13	14	15	16	17	19	20	21	23	25	82	91	93	96	
1674	17	18	20	22	92	
1676	57	
1677	52	55	57	61	
1678	49	51	52	54	54	55	59	61	87	90	92	98	
1679	49	51	53	54	62	86	87	89	90	95	
1683	91	
1684	16	
1685	15	23	
1686	9	11	14	16	18	20	23	28	
1687	9	11	12	13	13	14	15	16	17	19	20	21	24	43	43	
1688	12	15	17	19	20	21	22	23	25	26	58	
1689	21	22	25	56	57	59	
1690	35	35	47	50	51	52	53	54	57	59	87	90	
1691	49	52	53	55	80	81	82	84	85	86	88	89	94	102	
1692	83	84	
1693	82	
1701	78	
1704	97	
1705	9	
1706	3	9	10	12	14	19	24	
1707	7	9	11	11	13	13	14	15	17	19	80	82	84	85	89	92	94	
1708	12	16	17	18	19	20	81	84	90	98	99	
1709	17	18	57	
1710	56	59	
1711	47	49	51	52	52	54	55	56	88	90	
1712	47	49	52	53	55	80	82	82	84	85	86	87	88	90	92	96	
1713	53	55	78	80	81	84	85	87	89	97	
1714	83	
1716	46	
1717	67	
1718	10	17	22	80	
1719	9	11	14	16	18	
1720	6	8	10	12	14	15	17	18	18	19	20	23	27	71	
1721	11	12	14	15	17	17	19	19	20	21	22	23	25	70	
1722	21	22	24	56	57	58	60	
1723	51	52	53	55	57	59	
1724	48	49	50	51	53	53	54	56	82	85	87	88	91	92	94	
1725	49	52	78	79	81	84	88	91	94	101	
1726	81	88	
1736	26	
1740	5	11	15	
1741	2	5	6	8	8	10	11	12	13	13	14	15	15	18	20	79	82	
1742	12	15	16	17	17	18	18	19	20	21	26	71	79	81	84	
1743	17	20	21	23	56	57	58	
1744	48	52	52	54	55	56	57	59	61	63	
1745	45	46	47	49	50	51	52	53	54	84	87	89	97	
1746	46	48	51	54	79	80	81	83	84	85	88	90	
1747	47	80	83	
1748	83	
1750	11	15	34	
1751	15	16	19	45	46	69	
1752	11	14	16	17	19	20	40	44	46	67	69	
1753	10	12	14	15	17	17	19	20	21	25	27	45	71	
1754	8	12	13	14	15	17	18	19	20	20	21	22	23	25	
1755	18	21	22	24	25	
1756	23	52	56	57	60	
1757	51	52	53	53	54	55	59	87	90	92	94	98	
1758	50	54	58	82	83	83	85	86	87	88	90	92	96	
1759	54	81	83	
1761	43	
1766	84	
1770	61	
1774	3	9	12	13	15	18	
1775	3	7	9	11	12	14	15	15	16	19	23	24	
1776	12	13	14	15	16	17	18	19	19	20	21	22	23	72	
1777	18	20	22	57	58	61	
1778	47	51	52	52	54	55	56	56	58	59	60	63	
1779	37	44	46	47	47	48	49	49	50	51	53	54	61	83	
1780	47	48	49	52	57	59	68	79	81	89	
1781	48	53	57	80	83	
1782	20	45	46	
1783	11	15	19	44	46	48	66	
1784	15	16	19	42	44	47	49	
1785	13	14	16	18	19	20	22	25	41	70	70	
1786	8	12	13	15	17	18	19	19	20	22	23	24	27	49	69	
1787	10	12	14	15	19	20	22	23	24	25	45	73	
1788	21	23	23	25	58	
1789	22	56	57	
1790	52	53	53	55	59	87	88	91	93	95	
1791	52	54	55	56	59	81	82	82	84	85	86	87	88	89	91	93	97	
1792	54	80	82	84	85	88	89	
1793	81	84	90	
1794	84	
1798	96	
1799	96	
1803	26	
1807	19	
1808	9	11	14	15	
1809	7	8	9	11	11	12	13	14	15	17	20	
1810	15	15	16	16	17	18	19	19	21	23	23	
1811	17	18	22	56	57	62	
1812	19	19	35	51	52	53	53	54	55	56	57	58	59	60	62	
1813	37	42	45	46	47	48	49	50	51	54	59	84	
1814	26	44	45	46	47	48	49	50	58	58	69	
1815	20	39	45	47	57	61	64	70	
1816	15	18	19	20	22	25	27	28	44	46	47	48	50	70	
1817	9	13	15	17	19	21	23	24	39	44	46	50	70	74	
1818	8	11	14	16	17	19	20	21	22	24	27	44	50	71	
1819	11	13	14	15	17	18	19	20	21	22	23	25	26	45	69	
1820	13	15	21	22	23	25	
1821	23	25	
1822	57	58	
1823	52	54	86	87	90	91	93	96	
1824	52	53	55	81	82	83	84	85	86	86	87	89	90	92	96	99	
1825	79	80	81	82	83	84	85	90	95	
1826	80	82	84	
1830	86	
1842	9	12	14	
1843	4	8	8	10	11	11	13	14	14	15	16	18	19	20	
1844	12	13	15	16	17	18	18	19	20	22	23	
1845	18	21	
1846	52	55	57	58	60	
1847	32	50	51	54	55	57	58	
1848	45	48	50	52	54	56	56	61	63	70	
1849	15	16	19	22	24	45	50	53	58	59	62	
1850	15	20	21	22	24	29	49	52	
1851	11	14	20	22	23	25	65	
1852	12	15	22	24	
1853	21	23	24	
1855	87	87	90	91	93	98	
1856	52	53	53	55	56	58	82	82	87	88	90	91	92	93	95	98	
1857	54	81	82	82	83	84	85	86	87	88	89	90	96	99	
1858	53	79	80	81	82	84	85	89	
1859	79	82	83	89	
1860	79	89	
1875	10	14	
1876	5	9	11	15	20	25	
1877	5	6	9	10	11	12	13	14	14	15	16	19	20	23	
1878	13	15	16	17	18	18	19	20	21	24	
1879	18	22	
1882	25	
1883	25	
1884	25	93	
1885	93	
1886	93	
1887	87	88	89	90	92	95	98	
1888	55	82	83	86	87	87	89	91	92	95	
1889	53	81	82	82	84	85	86	87	88	89	90	93	96	
1890	81	82	83	83	84	85	87	89	90	95	
1891	79	80	81	82	84	86	88	93	
1892	79	81	84	91	
1893	83	93	
1897	87	
1909	14	
1910	7	9	15	
1911	6	9	10	11	13	13	14	15	20	90	
1912	8	11	13	15	16	21	82	84	85	86	90	91	94	96	
1913	83	85	86	87	88	88	89	90	91	92	93	95	96	98	
1914	82	83	85	86	87	87	88	89	90	90	92	93	95	96	
1915	82	83	86	86	87	90	91	92	94	96	97	
1916	83	86	86	87	89	90	91	92	94	95	97	
1917	85	86	86	87	89	90	91	93	93	95	96	98	
1918	86	86	87	89	90	91	92	94	96	
1919	86	86	87	88	89	90	91	92	94	96	
1920	55	83	85	85	86	87	88	88	89	90	91	93	94	95	98	
1921	55	81	82	85	86	87	89	90	91	94	
1922	78	79	80	81	82	84	84	85	86	89	91	95	98	
1923	78	78	79	80	81	82	83	84	85	88	92	
1924	78	79	80	83	84	86	96	102	
1925	79	80	82	83	
1926	99	
1930	87	
1941	61	
1943	10	
1944	9	
1945	10	12	15	86	
1946	12	80	81	83	84	86	88	93	100	
1947	78	80	80	81	82	83	84	85	86	87	89	91	95	
1948	79	80	80	81	81	82	83	83	84	85	86	89	91	93	
1949	80	81	82	83	83	84	85	87	88	92	94	
1950	78	79	80	81	81	83	84	84	85	87	88	92	93	
1951	77	80	80	81	82	82	84	85	86	88	91	97	
1952	80	80	81	82	83	83	84	85	86	88	88	91	97	98	
1953	77	80	81	81	82	83	84	85	86	89	94	
1954	79	80	81	82	83	84	85	85	87	89	98	
1955	80	81	83	83	84	85	89	93	94	
1956	79	80	82	83	88	
1957	79	82	
1962	66	
1974	78	
1979	85	93	
1980	79	81	85	90	
1981	79	80	85	88	
1982	78	79	80	82	87	
1983	78	79	80	85	98	
1984	79	80	81	
1985	78	79	81	85	88	
1986	78	80	82	84	
1987	78	79	83	83	86	89	97	
1988	78	79	81	85	88	
1989	80	83	85	88	
1990	83	
2015	94	
2017	72	83	
2018	88	
2019	94	
2020	94	
2034	59	
2041	47	
2050	7	
2052	101	
2054	97	97	
2075	91	
2086	54	
2091	78	
2093	61	
2099	101	
2111	93	
2128	93	
2152	43	
2153	100	
2156	38	
2179	8	
2211	21	
2219	14	
2221	11	
2229	97	
2234	97	
2269	4	
