81	92	
82	91	
83	88	92	
84	87	92	
85	92	
86	93	
113	88	
114	87	91	92	94	
115	83	86	87	88	90	91	94	97	
116	82	85	86	87	88	89	90	91	94	97	
117	82	83	85	86	87	89	90	92	94	98	
118	83	86	87	88	88	89	90	92	95	98	
119	82	83	86	87	87	88	90	91	92	95	
120	82	83	85	86	87	88	90	91	92	93	96	
121	82	86	87	89	90	92	94	
122	16	86	87	91	
123	88	
146	87	90	92	
147	83	86	87	88	89	90	92	94	98	
148	81	82	84	85	86	87	88	89	90	92	93	96	99	
149	79	80	81	82	83	84	85	86	88	89	90	92	93	
150	6	77	79	80	81	82	83	84	85	86	89	94	
151	9	80	81	82	83	84	85	86	88	89	95	
152	80	81	82	83	84	85	87	89	89	93	97	
153	79	80	81	82	84	85	86	89	90	95	98	
154	9	79	80	81	82	84	84	85	86	88	95	
155	6	10	12	15	16	80	81	82	83	83	84	85	86	88	89	95	
156	7	13	16	18	81	82	83	83	85	86	87	88	89	90	91	93	97	98	
157	16	82	84	86	87	89	91	92	94	
158	17	92	
177	56	
178	53	92	
179	53	88	89	91	93	
180	52	56	81	83	84	85	86	87	89	90	92	94	
181	79	80	82	83	84	85	86	88	89	90	94	
182	41	47	77	78	79	80	81	82	83	84	85	87	89	
183	18	36	40	43	46	58	68	78	79	80	84	
184	17	19	41	46	47	48	56	66	78	79	80	83	
185	20	36	39	42	44	46	47	49	78	79	80	
186	19	42	46	47	49	57	59	68	68	78	79	80	81	83	
187	19	20	38	39	42	45	46	47	50	79	79	81	83	
188	5	9	14	21	44	46	49	68	78	79	80	
189	8	11	13	78	79	80	84	
190	9	11	15	79	80	81	83	84	
191	7	11	13	14	16	18	79	81	82	83	83	84	85	87	89	90	97	100	
192	16	18	83	85	87	89	91	97	
193	88	
210	56	
211	53	58	
212	50	51	52	55	56	86	88	89	90	93	96	
213	51	81	82	83	85	86	87	89	90	92	93	97	
214	40	79	81	82	84	85	87	88	90	99	
215	9	13	16	33	42	68	69	78	80	81	84	
216	11	13	14	16	17	18	18	19	34	41	65	68	79	80	
217	14	14	17	18	19	20	20	22	23	42	44	46	48	49	55	57	59	65	
218	18	19	20	21	22	24	28	42	44	48	49	54	56	59	
219	21	22	23	23	25	33	45	46	48	49	53	54	55	58	59	65	
220	19	21	22	24	26	29	38	43	45	47	49	52	55	57	63	63	
221	21	23	23	25	33	33	43	43	45	47	49	50	52	54	55	56	57	59	
222	22	24	42	44	45	46	47	48	49	50	50	52	53	56	57	59	64	72	
223	5	21	23	23	24	27	32	37	40	42	44	44	45	46	47	48	49	49	69	
224	9	11	27	44	46	47	49	79	
225	7	8	10	12	13	14	78	79	80	82	85	
226	6	11	12	13	14	15	16	17	80	81	82	84	85	87	89	91	94	
227	16	17	18	19	22	81	85	88	91	94	
243	56	
244	51	53	57	
245	46	47	49	51	52	55	58	87	90	93	
246	50	52	54	80	82	84	85	86	89	90	92	97	
247	40	78	79	80	82	84	85	87	89	95	
248	9	13	16	16	17	18	28	40	68	78	80	
249	6	10	12	14	15	16	17	18	18	19	20	20	26	29	44	68	78	
250	6	12	13	14	15	17	19	20	21	22	23	23	25	44	
251	15	20	21	22	24	27	
252	22	23	23	25	54	
253	23	54	
254	23	55	
255	24	53	53	55	58	
256	25	50	51	52	54	55	55	56	56	57	59	62	
257	23	45	47	49	50	51	51	52	53	54	56	59	61	
258	42	43	44	45	46	47	47	48	49	50	
259	4	9	11	13	14	44	48	79	
260	7	9	10	11	12	13	14	15	18	79	80	81	84	89	98	
261	15	16	17	19	21	81	82	83	85	86	89	92	94	
262	16	17	20	
276	57	
277	56	58	
278	46	47	50	51	52	53	55	
279	46	47	48	49	51	53	83	85	87	89	91	94	
280	10	13	78	79	80	82	83	85	88	
281	9	11	13	14	16	18	19	44	79	81	83	
282	5	7	8	11	12	14	15	16	17	17	19	19	20	24	
283	13	17	18	19	20	21	22	23	23	24	
284	21	23	23	25	
290	52	57	
291	35	50	51	52	53	53	54	55	55	56	57	59	61	
292	35	37	41	43	45	46	47	48	49	49	50	51	53	54	
293	4	8	44	45	46	47	48	49	
294	5	6	8	10	11	13	15	79	
295	6	10	11	12	14	15	16	21	79	80	82	83	85	87	89	91	
296	16	17	18	19	20	87	90	
310	56	
311	36	51	52	53	54	55	56	57	58	
312	46	47	48	49	50	51	52	54	55	61	
313	49	80	82	85	88	89	91	93	
314	10	11	13	16	80	84	88	
315	5	8	10	11	12	14	15	15	16	16	17	18	19	20	23	
316	13	14	17	18	18	19	20	21	22	23	25	
317	22	24	
325	52	54	55	56	57	59	62	
326	45	47	50	50	51	52	53	53	54	55	56	58	60	
327	41	43	44	45	46	47	47	48	49	49	
328	8	10	43	
329	2	7	9	11	12	13	14	14	15	19	81	84	92	
330	13	14	15	16	17	17	19	20	81	82	84	87	90	96	98	
331	16	18	22	
344	56	57	
345	47	50	51	52	52	53	55	59	
346	42	45	46	47	48	48	49	50	50	53	94	
347	45	46	80	85	
348	3	8	8	10	11	12	14	15	85	91	
349	4	12	13	15	16	17	18	18	20	21	24	
350	17	20	22	23	25	
359	55	58	
360	51	51	52	52	53	54	55	56	56	57	60	62	
361	33	42	45	46	47	48	48	49	50	50	51	53	
362	8	43	44	46	48	49	
363	2	5	6	8	10	11	12	13	13	14	15	
364	11	12	14	15	16	16	17	19	21	80	82	85	87	89	95	
365	16	17	18	19	22	82	
378	53	56	57	
379	47	50	51	51	52	54	55	55	56	56	57	59	
380	32	41	44	45	46	46	47	48	48	49	50	51	53	
381	9	43	46	48	
382	5	7	9	10	11	12	14	15	80	
383	7	11	12	13	14	14	15	16	17	18	20	23	81	90	
384	16	17	19	21	
393	58	
394	51	52	52	53	54	55	56	57	60	
395	42	46	47	49	49	50	51	52	54	55	58	
396	42	44	45	46	47	48	49	50	
397	8	8	10	11	13	14	23	
398	3	7	10	11	12	14	15	18	19	80	81	84	92	97	
399	15	16	17	18	18	20	21	22	24	
412	58	
413	51	51	52	54	54	55	56	56	57	59	62	
414	35	42	45	47	48	48	49	50	51	51	53	54	56	60	
415	42	44	45	46	47	49	50	
416	4	6	8	10	11	13	14	
417	7	9	10	12	12	14	15	16	17	18	19	20	80	
418	15	17	17	19	20	21	23	
419	23	
428	51	52	54	55	56	57	61	
429	46	47	48	50	51	52	52	53	54	55	57	59	
430	41	43	44	45	46	47	48	49	49	50	53	
431	3	8	10	44	49	
432	4	7	9	10	11	12	13	13	14	15	15	80	85	
433	12	16	16	17	17	18	19	20	21	22	24	99	
434	17	
438	63	64	64	
446	53	57	
447	51	52	54	55	56	57	60	
448	47	48	49	50	51	51	52	53	54	55	58	60	
449	30	42	45	47	48	49	50	
450	7	8	10	11	14	14	
451	2	11	13	14	15	15	16	17	18	19	21	24	27	
452	18	19	21	22	23	25	
462	53	54	55	56	57	60	
463	47	49	50	51	52	53	53	54	55	56	57	58	61	
464	41	44	46	47	48	48	49	50	50	51	54	
465	10	44	49	
466	5	6	8	9	11	11	12	13	14	14	15	19	
467	12	15	16	17	17	18	19	19	20	21	23	23	
468	18	22	
481	52	54	55	56	58	60	
482	47	48	50	51	51	53	54	
483	44	45	46	48	49	
484	3	7	9	10	11	13	14	
485	11	12	14	16	18	23	26	
486	17	17	22	
496	53	57	58	
497	48	50	51	52	53	54	54	55	56	57	58	60	
498	42	46	47	48	48	49	50	51	54	
499	9	44	
500	5	7	8	9	10	11	12	13	13	14	14	15	16	18	19	
501	12	16	17	17	18	19	20	20	21	23	24	
502	22	
515	52	53	54	55	56	56	57	60	
516	47	48	50	51	51	53	54	55	59	
517	42	44	45	46	47	48	49	
518	5	6	9	11	14	
519	7	11	12	13	14	15	16	17	19	82	92	
520	16	17	18	19	21	
530	52	57	62	
531	46	48	50	50	51	52	53	53	54	55	55	56	59	
532	45	46	47	49	50	51	52	
533	9	13	14	48	87	90	
534	5	6	8	10	11	12	14	14	15	16	17	18	23	
535	13	15	16	16	17	19	20	20	22	24	
536	18	22	
549	53	56	57	58	
550	47	50	51	51	52	54	55	56	59	61	
551	42	44	45	46	46	47	48	49	50	
552	6	8	10	13	44	
553	2	7	11	12	14	15	16	24	80	84	90	101	
554	16	17	18	18	19	21	23	52	53	
555	54	
558	81	
564	52	52	55	56	57	58	62	
565	37	47	48	48	49	50	51	53	53	54	61	
566	46	49	50	84	92	
567	9	10	12	14	18	82	85	
568	7	9	10	11	12	13	14	15	16	17	18	19	20	24	
569	13	17	17	19	20	20	21	22	24	26	
575	94	95	
583	53	56	57	
584	50	51	52	52	53	54	54	55	56	57	58	60	
585	32	40	42	45	46	47	47	48	48	49	49	50	50	51	
586	9	10	39	43	44	
587	5	7	9	10	11	12	13	13	14	15	84	
588	13	15	16	17	18	19	20	21	23	81	84	86	89	91	94	
589	17	22	93	
598	52	53	54	55	56	57	58	61	
599	46	47	48	49	50	51	52	54	55	60	
600	44	45	47	48	49	87	90	
601	6	9	10	11	12	13	14	14	29	79	
602	7	11	12	14	15	16	17	18	18	19	20	24	
603	17	20	21	22	23	
617	58	
618	51	52	53	54	55	55	56	57	57	60	
619	43	47	50	51	52	53	54	54	59	61	
620	4	41	44	45	45	46	46	47	48	49	
621	5	6	9	10	11	13	14	24	43	
622	7	11	12	14	79	80	81	82	83	85	86	88	90	93	
623	16	18	20	83	86	87	88	89	90	92	97	
624	16	87	90	92	97	
628	25	
631	56	57	
632	52	54	55	56	58	61	
633	47	48	49	50	51	52	53	54	55	91	93	96	
634	45	49	82	86	87	89	91	94	
635	6	8	8	10	11	12	14	14	15	16	19	
636	12	13	15	15	17	17	18	18	19	20	20	24	
637	17	22	23	
652	52	58	
653	34	51	52	52	53	54	55	56	57	59	61	
654	43	45	46	47	49	50	51	53	56	
655	9	41	44	45	46	46	47	48	49	
656	3	6	9	12	14	15	69	79	80	
657	6	9	12	14	80	81	82	84	86	89	90	
658	18	81	82	84	85	87	88	89	90	93	97	
659	16	83	86	87	89	91	92	95	
660	92	
665	53	56	57	59	
666	50	51	52	54	55	92	
667	49	50	51	53	54	82	85	86	87	88	90	91	92	98	
668	9	11	68	79	81	83	84	85	87	89	90	95	
669	4	7	8	8	10	11	12	12	14	14	15	16	16	17	18	19	
670	16	17	18	19	20	21	22	24	25	
671	22	
687	53	54	55	58	60	
688	35	51	52	52	54	55	56	57	59	
689	31	36	41	47	48	49	50	51	54	
690	31	41	43	44	46	47	48	48	49	67	
691	6	8	11	14	40	43	46	80	
692	6	10	12	14	15	79	80	82	83	84	86	88	
693	8	11	12	14	16	81	82	83	84	86	87	88	89	91	96	
694	16	18	83	86	88	88	90	91	93	97	
695	16	87	90	91	
698	56	
699	51	52	53	56	87	90	92	
700	50	51	52	53	55	82	86	87	89	91	93	94	99	
701	50	80	81	82	83	85	86	87	88	90	96	
702	9	10	11	12	14	79	81	84	
703	5	7	11	12	13	15	16	17	17	18	19	19	20	21	23	26	
704	18	20	21	22	24	
722	53	55	57	60	
723	50	51	52	54	55	55	56	57	58	59	
724	37	43	47	48	48	49	50	51	52	53	54	56	57	59	61	
725	25	32	42	43	44	45	46	47	47	49	49	50	70	
726	6	9	13	44	46	47	
727	7	10	11	15	78	79	80	81	84	
728	7	9	11	13	14	19	80	81	82	83	84	85	86	89	90	97	
729	16	81	82	85	87	88	88	89	91	93	94	
730	82	85	86	87	89	90	92	95	
731	86	87	89	90	92	96	
732	52	53	54	57	86	87	88	88	90	91	92	97	
733	52	53	55	82	83	85	86	87	89	90	91	92	96	
734	38	49	77	80	81	83	83	84	86	89	90	95	98	
735	8	10	13	16	17	18	39	68	79	80	81	83	84	
736	5	6	10	11	12	13	14	15	15	16	17	17	18	19	19	20	24	27	
737	14	15	17	19	20	21	22	22	23	24	26	
738	22	
758	52	54	55	56	57	58	59	
759	35	45	48	49	50	51	52	53	53	54	56	57	59	64	
760	32	41	43	43	45	46	47	47	48	49	50	
761	38	40	42	44	45	46	48	50	
762	2	8	9	11	13	14	15	79	80	82	
763	6	9	11	80	81	82	83	84	86	89	100	
764	13	80	81	82	83	84	86	89	90	93	98	98	
765	80	81	82	82	83	85	86	87	88	89	90	96	
766	78	79	80	81	82	83	84	85	86	89	90	93	
767	17	37	38	42	47	68	79	80	81	82	84	85	
768	9	10	13	16	17	19	19	41	44	46	79	80	81	84	
769	9	11	12	14	15	16	18	18	19	19	20	68	78	
770	4	13	14	20	21	21	22	23	24	25	
771	22	
793	34	51	52	54	55	55	57	58	63	
794	34	45	49	50	51	53	54	55	55	56	57	58	60	
795	4	25	29	41	43	44	45	45	46	48	49	50	50	51	52	56	57	58	61	65	
796	4	24	31	37	40	42	43	44	45	45	46	47	47	48	49	53	56	66	
797	8	19	22	30	37	40	42	44	46	47	48	48	56	57	58	68	79	80	84	
798	19	20	36	41	43	44	46	47	48	59	68	70	78	79	
799	14	18	18	19	20	40	42	44	46	47	48	59	66	79	80	81	83	
800	9	16	18	19	20	40	43	46	69	79	80	99	
801	11	13	14	15	17	19	19	21	44	63	67	68	78	79	
802	11	13	14	18	19	19	20	22	24	27	64	
803	5	13	15	19	21	21	22	23	23	24	25	
804	22	24	25	
828	34	52	53	54	55	58	61	
829	34	51	54	55	57	61	
830	23	45	50	52	54	55	56	60	
831	24	25	45	49	55	57	59	65	
832	22	23	24	25	27	45	49	52	54	55	59	65	
833	15	21	22	23	24	25	27	44	
834	21	23	24	25	28	28	64	67	
835	8	13	15	22	23	23	24	25	
836	22	24	
886	91	
1164	68	
1174	30	
1181	99	
1182	73	
1196	1	
1199	22	
1202	59	
1206	38	
1208	10	
1209	61	
1210	74	
1212	5	
1216	5	
1226	22	
1233	39	
1235	37	39	
1236	1	38	
1240	44	67	
1241	37	39	45	46	
1242	47	
1244	9	51	
1251	92	
1252	25	52	
1260	3	
1262	53	
1268	16	
1269	17	21	37	41	
1270	16	19	25	37	47	48	63	67	70	
1271	17	18	20	36	42	44	47	57	58	
1272	20	22	26	41	45	46	47	49	54	58	62	69	
1273	19	21	28	31	38	42	44	46	47	49	56	
1274	19	22	26	39	44	46	48	50	54	59	66	70	
1275	18	19	20	37	41	43	46	47	58	59	67	
1276	21	23	38	43	44	47	49	55	56	66	
1277	23	31	44	46	47	48	51	
1278	44	46	50	73	
1279	73	
1281	55	
1283	10	
1284	58	
1288	101	
1289	71	
1292	3	
1295	51	
1300	37	
1302	16	17	18	21	41	45	46	
1303	12	14	16	17	18	20	24	26	38	69	
1304	15	16	17	19	20	23	39	44	47	62	67	69	
1305	17	18	19	20	22	24	43	45	47	50	54	57	59	
1306	20	21	23	23	26	44	45	49	54	57	59	65	
1307	20	22	24	26	31	43	45	48	49	51	54	58	63	
1308	20	22	24	31	35	44	49	55	57	62	
1309	21	23	25	44	49	52	54	55	58	59	
1310	20	21	23	23	25	26	31	44	45	47	48	48	50	51	53	54	56	58	59	61	
1311	22	25	30	41	43	45	47	48	49	50	55	56	
1312	23	32	40	43	45	46	47	49	50	53	58	
1313	41	43	47	49	55	70	
1314	49	
1331	38	
1332	37	42	
1333	24	
1334	17	
1335	13	15	16	17	18	19	21	34	40	88	
1336	12	14	16	17	19	20	21	24	46	68	69	
1337	9	12	14	17	18	19	20	21	22	24	45	
1338	21	22	23	25	
1339	22	24	87	88	91	
1340	83	86	87	89	91	92	95	
1341	83	86	87	89	90	91	93	95	
1342	24	79	87	89	91	92	97	
1343	25	86	87	89	91	92	94	97	
1344	35	54	55	58	60	86	87	88	88	90	91	93	97	
1345	24	35	50	52	53	55	56	58	60	86	88	90	91	92	
1346	23	28	37	42	44	45	47	48	48	50	51	53	53	55	56	60	66	
1347	31	42	44	45	46	47	49	50	56	58	
1348	45	47	48	
1349	45	
1350	5	
1352	79	
1367	14	
1368	8	11	14	16	17	19	20	40	
1369	11	12	14	15	16	17	18	19	20	22	24	26	69	
1370	13	18	19	20	21	22	24	57	
1371	21	23	24	87	93	
1372	25	83	86	87	89	91	92	94	97	
1373	82	85	86	87	89	90	93	96	100	
1374	9	78	80	81	82	83	84	85	86	89	91	95	
1375	80	81	82	84	85	87	89	91	
1376	78	80	81	82	84	85	86	87	89	91	94	
1377	78	80	81	82	83	84	85	86	88	90	98	
1378	9	15	78	80	81	82	83	84	85	87	89	
1379	12	15	53	55	58	81	82	83	83	84	86	88	89	90	94	
1380	16	17	19	51	52	54	55	56	57	58	59	82	87	89	90	92	93	98	
1381	17	31	42	45	47	48	50	51	52	53	54	57	59	62	
1382	42	43	44	45	46	47	48	49	50	52	55	56	76	
1383	45	
1384	49	
1392	1	
1400	8	14	16	
1401	10	11	14	15	17	19	20	
1402	8	8	11	12	14	15	16	17	19	20	21	23	23	27	68	
1403	12	19	20	21	22	23	
1404	22	25	51	52	87	91	93	95	
1405	78	81	82	86	87	88	88	89	90	92	95	
1406	77	80	81	82	83	84	85	86	88	90	94	
1407	78	79	80	81	83	83	84	89	
1408	79	80	85	
1409	78	80	82	85	
1410	79	81	83	91	94	
1411	79	80	82	83	88	
1412	12	79	80	84	90	95	
1413	7	9	10	14	17	78	79	80	82	84	88	95	101	
1414	6	11	12	14	15	17	19	35	56	57	79	81	82	83	85	89	90	
1415	16	17	18	18	20	35	51	51	52	53	54	55	56	57	59	61	63	82	85	87	90	92	
1416	17	42	44	45	47	48	48	49	50	52	54	56	
1417	43	45	46	49	50	52	57	
1418	43	48	
1422	12	
1425	3	
1431	36	
1432	16	
1433	14	16	
1434	10	13	19	22	
1435	8	9	11	12	13	14	15	16	17	18	19	22	23	57	
1436	12	17	17	19	20	21	24	26	48	52	57	
1437	22	23	25	48	50	51	53	53	87	89	91	93	96	
1438	51	78	80	82	83	85	86	88	88	90	95	100	
1439	77	79	80	80	82	83	85	90	98	
1440	79	80	86	90	
1441	82	88	88	
1442	82	84	
1446	81	
1447	12	13	79	
1448	8	9	10	12	14	15	15	18	79	80	87	91	93	
1449	12	13	17	19	34	52	52	54	55	56	57	60	79	80	82	83	83	85	87	90	92	99	
1450	16	17	20	42	48	49	49	50	51	52	53	53	54	56	59	61	
1451	42	44	45	46	47	48	49	51	
1452	45	48	50	
1453	48	54	69	
1454	58	
1468	8	9	11	12	13	15	16	19	
1469	5	7	11	12	15	16	16	17	18	19	20	21	23	25	53	56	
1470	20	21	23	46	47	50	51	52	54	
1471	46	49	52	82	84	85	88	90	
1472	52	79	80	82	84	92	93	
1473	80	86	89	98	
1474	79	83	
1481	8	14	
1482	5	9	11	14	18	
1483	7	10	11	12	13	14	15	16	19	21	53	56	57	80	81	85	90	100	
1484	16	17	18	19	21	23	37	48	51	52	53	54	55	56	57	59	82	84	86	89	
1485	45	46	46	47	49	50	51	55	56	
1486	42	43	45	46	49	60	
1488	49	58	
1497	21	72	
1500	14	
1501	9	14	16	
1502	6	9	10	11	12	14	14	15	15	16	17	19	56	57	
1503	13	15	16	17	18	18	19	20	21	24	37	51	52	53	55	56	59	
1504	21	22	44	46	47	48	48	49	51	54	58	
1505	43	47	50	78	83	
1506	45	61	79	
1507	79	
1512	95	
1514	97	
1516	10	13	
1517	7	8	9	10	11	13	14	15	16	20	81	85	91	
1518	16	17	18	18	19	20	27	52	54	55	56	57	58	60	80	81	84	90	99	
1519	17	22	41	45	47	48	48	49	50	51	53	54	57	
1520	43	43	45	46	48	49	50	51	54	
1521	64	
1525	81	
1526	68	
1527	13	
1531	32	
1533	2	
1535	4	8	9	
1536	7	9	10	11	12	13	13	14	15	23	
1537	12	16	16	18	19	20	25	51	52	52	53	54	55	56	57	58	60	
1538	17	18	21	23	42	45	46	47	48	48	49	50	51	53	55	56	58	59	
1539	44	45	46	47	49	
1540	43	49	60	
1544	53	
1547	96	
1548	22	
1550	10	14	90	
1551	5	6	8	10	11	12	13	14	16	20	
1552	11	12	15	16	17	18	20	55	55	57	61	81	85	89	98	
1553	16	17	17	20	22	43	48	50	51	51	52	53	54	55	56	57	59	61	
1554	41	44	45	46	47	48	49	50	51	54	
1555	44	46	48	50	
1560	66	
1565	14	
1568	19	
1569	6	11	13	
1570	5	6	8	9	10	11	14	15	16	19	
1571	3	7	12	13	15	16	17	19	22	24	53	54	55	56	57	60	80	85	90	97	
1572	17	18	21	47	48	51	52	53	54	55	57	57	58	60	88	
1573	44	48	49	52	54	87	91	
1581	26	
1584	14	
1585	7	9	11	13	16	52	
1586	6	8	10	11	12	14	15	17	19	21	53	56	57	57	80	85	100	
1587	16	17	18	19	21	48	50	51	52	53	54	55	57	58	61	82	86	89	
1588	43	44	45	46	47	48	48	49	50	51	54	55	59	80	
1590	48	67	
1591	58	
1594	65	65	
1595	10	
1597	68	
1603	18	
1604	7	8	9	11	14	18	
1605	6	11	13	15	16	18	20	52	56	81	84	
1606	17	23	46	48	49	50	51	52	53	55	59	80	85	
1607	45	47	50	82	85	97	
1608	47	
1619	7	9	11	14	
1620	7	10	11	12	13	14	15	16	18	18	19	22	58	
1621	12	17	19	20	22	23	52	53	54	55	55	56	57	59	62	81	
1622	18	44	45	46	47	48	48	49	50	51	54	55	
1623	44	50	
1634	40	
1637	9	13	
1638	9	10	14	19	25	
1639	7	11	12	15	16	19	35	51	52	55	57	59	86	
1640	17	18	20	21	42	46	47	50	51	53	55	59	
1641	44	47	48	50	53	
1642	42	
1644	99	
1648	6	
1651	26	
1652	8	21	
1653	11	14	25	
1654	8	8	10	11	12	14	15	16	19	20	23	56	57	
1655	13	17	17	19	20	21	23	51	52	53	54	54	55	56	59	80	
1656	22	45	46	48	48	49	50	52	54	58	58	
1657	44	46	
1658	44	
1659	71	
1661	76	
1671	9	
1672	10	12	14	16	
1673	6	8	10	11	12	14	15	17	19	20	35	52	53	55	56	57	60	88	
1674	18	20	21	23	24	42	47	48	50	51	52	54	55	59	
1675	44	45	46	47	49	50	53	
1676	44	
1678	83	
1684	25	
1687	6	9	12	14	20	
1688	5	6	10	11	12	13	14	15	16	18	19	22	25	56	57	
1689	16	17	18	19	20	21	22	24	47	52	53	54	55	56	59	70	
1690	22	44	45	47	48	49	50	52	54	59	87	89	93	97	
1691	48	
1702	35	
1706	9	12	13	20	
1707	4	7	10	11	12	13	14	15	17	19	21	52	53	55	56	57	58	60	87	
1708	17	17	18	19	21	23	47	49	50	51	51	54	55	56	60	92	
1709	18	43	45	46	47	48	49	50	53	
1710	44	49	
1720	7	57	
1721	7	9	11	13	15	20	
1722	7	11	12	15	16	17	19	20	22	24	55	56	57	68	
1723	18	21	22	25	47	48	50	51	52	53	54	55	58	59	
1724	23	45	47	49	50	52	83	85	88	89	90	
1725	50	86	90	
1728	17	17	18	
1739	18	
1740	5	9	13	15	
1741	5	7	9	11	12	14	14	15	26	57	58	85	
1742	16	18	19	20	23	35	40	41	41	51	51	52	53	54	55	56	57	59	61	81	85	88	89	90	97	
1743	23	42	44	45	46	47	48	49	51	54	59	
1744	42	44	47	48	52	
1749	45	
1750	24	
1753	33	
1754	8	14	
1755	9	11	14	15	19	22	49	
1756	7	12	13	14	15	15	16	17	19	19	21	24	51	52	56	57	68	
1757	17	18	21	22	46	47	49	50	51	52	53	54	57	
1758	44	47	49	53	82	85	90	93	
1759	82	86	
1764	82	
1773	90	
1774	17	
1775	5	8	9	10	12	13	15	16	
1776	12	14	15	16	19	23	34	52	53	55	56	58	60	80	82	83	85	90	98	
1777	6	16	17	18	36	43	48	50	52	54	55	57	60	82	85	87	88	90	92	97	
1778	31	42	44	45	46	46	47	49	51	54	57	61	
1779	43	44	46	48	52	
1780	46	
1787	3	
1788	10	20	
1789	6	9	10	12	13	14	15	17	19	58	
1790	5	8	12	12	16	17	19	21	22	24	52	52	54	55	56	60	
1791	23	45	47	49	50	51	52	53	55	58	60	
1792	49	55	82	85	88	88	91	95	
1793	82	
1809	10	
1810	7	10	12	13	14	80	89	
1811	12	16	18	52	55	57	62	80	81	82	84	86	89	92	97	
1812	17	30	35	51	52	53	55	56	58	58	61	83	87	91	93	
1813	35	36	40	43	44	45	47	48	50	52	54	57	62	
1814	27	44	46	47	48	49	53	67	
1815	44	46	58	
1820	98	
1821	14	16	19	68	85	
1822	10	14	16	18	23	42	
1823	8	10	11	13	13	14	15	16	17	18	19	24	57	
1824	15	17	20	21	23	23	25	51	52	53	54	55	
1825	22	45	48	50	51	54	59	85	87	88	89	91	96	
1826	49	54	82	85	91	
1842	95	
1844	10	13	86	88	
1845	7	9	10	11	14	18	79	80	84	86	89	
1846	12	13	15	19	35	57	81	82	84	86	89	91	98	99	
1847	16	52	54	55	56	58	59	87	91	92	96	
1848	17	29	36	44	45	47	49	51	52	54	55	60	
1849	33	41	43	43	45	46	47	49	50	51	60	
1850	45	46	47	49	57	69	
1851	26	42	44	
1852	20	37	40	46	
1853	67	
1854	21	47	83	
1855	9	11	16	23	40	44	
1856	8	11	13	13	15	16	18	19	20	21	57	68	
1857	5	14	15	18	19	20	21	23	25	26	52	52	54	55	57	60	71	
1858	21	22	23	24	25	49	50	51	52	53	55	88	92	
1859	49	51	54	81	82	83	85	86	88	89	92	97	
1860	79	84	89	
1868	95	
1877	29	
1879	4	11	14	21	83	
1880	8	9	11	14	57	79	80	82	84	87	89	96	
1881	7	11	12	15	53	55	80	82	85	87	89	92	96	
1882	17	20	51	52	54	55	57	61	83	86	87	90	91	93	96	
1883	17	18	30	35	45	47	48	50	52	54	55	56	56	58	59	62	
1884	24	41	43	44	45	46	47	48	49	50	52	53	56	60	67	
1885	26	40	43	45	46	47	49	61	
1886	20	23	39	46	49	67	
1887	19	37	41	44	47	48	67	
1888	11	15	17	19	21	42	63	66	
1889	10	12	13	15	16	18	18	19	20	22	25	28	
1890	6	12	14	15	17	21	23	23	25	57	
1891	21	22	24	51	51	52	53	54	55	58	87	91	92	
1892	49	52	54	82	85	86	87	89	90	92	93	96	
1893	79	80	82	84	86	90	
1894	81	84	89	
1896	42	
1905	60	
1908	29	
1913	84	
1914	11	82	
1915	7	10	12	15	78	80	82	84	91	
1916	7	10	11	13	13	14	15	80	81	82	85	88	89	91	94	
1917	17	35	52	53	55	58	60	84	85	87	90	91	94	97	
1918	16	34	45	50	52	55	58	63	87	91	
1919	45	48	48	50	53	55	56	61	
1920	23	23	25	33	35	43	43	45	49	59	
1921	15	21	24	45	48	60	
1922	10	14	19	21	22	24	45	
1923	12	15	22	23	24	25	56	88	
1924	25	55	83	88	89	90	92	98	
1925	52	55	58	82	85	86	87	88	89	91	95	
1926	78	80	81	82	83	85	87	89	
1927	79	84	
1932	20	
1946	28	
1949	9	14	
1950	11	15	79	81	84	
1951	8	8	10	12	14	15	17	79	80	81	83	84	86	88	95	
1952	12	15	81	82	83	84	85	87	89	90	93	97	
1953	83	86	88	88	89	90	91	94	96	
1954	25	82	87	88	89	90	91	94	97	
1955	24	86	87	90	91	94	96	
1956	24	52	82	86	87	89	90	91	93	95	
1957	82	83	85	86	87	88	89	91	93	96	
1958	78	80	81	82	84	85	86	89	90	
1959	78	79	80	81	83	83	84	85	87	88	
1960	79	81	84	
1961	84	
1981	24	
1982	15	
1983	19	
1985	11	79	83	88	
1986	11	15	80	81	84	87	88	92	
1987	79	80	81	82	83	84	86	89	97	
1988	77	80	81	82	83	84	85	89	90	94	
1989	78	80	81	82	85	87	88	91	93	
1990	77	81	82	83	84	87	88	93	101	
1991	79	80	81	84	85	90	96	
1992	37	79	81	83	87	94	
1993	80	90	93	
1994	92	
1999	30	
2020	84	100	
2021	79	81	89	94	
2022	78	80	83	
2023	79	81	83	91	
2024	78	80	83	86	86	
2025	79	82	
2026	80	
2036	19	
2050	70	
2051	37	98	
2054	85	
2060	83	
2062	84	89	
2079	10	
2083	12	
2091	98	
2100	63	
2104	21	
2111	32	
2112	34	
2113	5	
2129	101	
2137	22	
2161	21	
2178	24	
2179	8	
2182	101	
2192	15	
2241	17	
2265	101	
