281	88	92	96	
282	93	
288	88	92	
289	91	
291	88	91	93	
292	91	
293	16	
313	91	92	97	
314	83	87	88	89	91	92	95	98	
315	82	85	86	87	89	91	92	94	97	
316	13	16	83	86	87	90	91	93	97	100	
317	88	91	93	
318	87	90	92	93	97	
319	87	91	92	96	
320	87	90	91	92	93	96	98	
321	87	87	90	91	93	93	96	
322	83	85	87	88	89	90	92	95	98	
323	82	86	87	89	90	91	92	94	97	99	
324	86	87	89	90	91	94	96	101	
325	9	81	83	84	85	86	87	89	90	92	95	98	99	
326	11	82	83	85	86	87	88	89	91	92	93	96	100	
327	86	87	88	89	91	92	93	94	97	
328	82	86	87	88	89	91	92	94	97	
329	87	88	90	92	96	
330	16	88	92	
344	56	
345	36	48	51	53	
346	46	49	51	95	
347	51	81	82	85	87	88	90	91	94	97	
348	8	81	82	84	85	86	87	89	90	91	93	94	97	
349	10	79	81	82	83	84	85	86	87	88	89	92	94	
350	11	13	79	80	81	82	84	85	86	88	88	89	91	95	
351	81	82	85	86	87	89	90	91	92	95	98	99	
352	81	83	83	85	86	87	87	88	89	90	92	94	97	100	
353	80	82	83	83	84	85	86	87	88	89	91	94	96	99	
354	80	82	82	83	84	85	86	87	88	89	90	92	94	97	
355	81	82	83	83	84	85	86	88	89	89	91	96	98	
356	9	39	46	81	82	84	85	86	89	90	94	
357	80	81	82	83	84	86	88	89	95	
358	40	46	80	81	82	83	84	85	86	88	89	90	93	98	
359	12	46	80	81	82	84	85	87	88	90	96	
360	12	46	81	82	83	84	85	88	89	98	
361	11	47	80	82	82	83	85	86	87	89	90	95	100	
362	9	12	14	80	82	83	84	85	86	88	89	90	94	97	101	
363	11	14	80	81	83	83	85	86	87	89	90	91	93	95	100	
364	17	81	83	84	86	87	89	91	92	94	97	102	
365	16	88	90	92	97	
366	18	
378	52	56	56	
379	50	51	52	53	55	56	57	58	61	
380	42	44	45	46	46	47	47	48	49	50	51	54	96	
381	44	48	48	80	82	84	88	
382	13	78	79	80	82	83	84	86	88	
383	16	18	78	80	81	84	98	
384	11	17	21	27	40	44	47	70	79	80	82	83	84	99	
385	80	80	81	82	83	84	85	88	90	96	
386	78	79	80	81	83	84	85	88	90	93	99	
387	79	80	81	82	84	85	89	94	99	
388	10	18	58	67	80	80	82	83	84	86	88	94	101	
389	13	15	16	16	17	19	45	57	58	61	65	67	79	80	81	84	85	
390	17	17	18	19	19	20	21	28	39	43	44	45	48	49	50	56	57	60	78	79	81	83	
391	18	19	20	21	26	39	42	44	45	47	49	50	52	54	56	58	58	67	79	80	83	
392	19	20	21	22	27	41	44	47	49	50	56	58	59	62	63	67	73	80	81	84	
393	19	20	21	22	28	32	35	40	42	43	44	45	46	47	48	49	50	57	58	59	79	80	
394	19	20	21	26	43	44	45	48	49	50	51	56	70	79	80	85	
395	20	21	22	27	28	40	42	44	45	47	47	49	49	69	80	81	84	
396	9	20	21	40	44	46	47	48	50	67	69	80	81	84	
397	9	11	14	43	46	79	80	81	84	89	94	98	
398	2	7	9	11	12	14	15	80	81	82	84	85	86	88	90	92	95	
399	13	15	16	18	20	81	83	83	85	87	88	89	91	95	
400	16	17	18	92	98	
412	57	
413	51	52	52	53	53	54	55	55	56	56	58	58	60	62	
414	35	42	45	46	47	48	49	50	50	51	54	
415	41	43	44	45	46	46	47	48	49	50	
416	9	14	45	80	
417	3	12	15	18	24	27	51	52	57	60	
418	16	19	21	28	42	50	53	57	93	
419	23	40	44	67	80	
420	19	22	26	41	43	44	46	47	49	51	54	72	79	80	82	
421	8	19	20	26	40	44	45	46	48	64	70	78	80	
422	6	10	11	13	13	14	18	20	67	78	84	
423	7	11	12	15	16	17	19	20	21	23	
424	16	18	19	21	22	24	25	65	
425	22	24	
426	23	24	25	55	64	
427	24	25	52	54	55	65	
428	23	24	45	51	53	54	55	56	57	59	61	65	
429	23	24	32	33	42	45	50	51	52	53	54	55	56	57	59	
430	23	25	28	35	42	44	45	47	48	48	49	50	50	51	54	66	
431	5	9	25	40	42	44	44	45	46	47	47	49	49	
432	10	12	13	22	27	44	79	81	83	
433	3	6	8	9	11	12	14	15	80	82	83	84	85	87	89	91	93	98	
434	12	16	17	19	80	82	85	86	89	91	97	
435	16	18	19	
446	58	
447	52	53	54	55	55	56	57	58	60	
448	34	38	48	50	51	51	52	52	53	54	54	55	56	57	58	59	61	
449	30	36	42	44	45	46	46	47	48	48	49	49	50	51	54	
450	40	43	44	46	70	
451	8	9	13	15	
452	13	18	91	
453	16	18	33	55	58	
454	16	17	19	22	24	50	56	60	64	
455	18	18	20	22	23	24	32	45	48	48	49	65	
456	7	9	11	14	19	21	23	25	29	43	44	70	
457	6	9	11	12	14	17	19	20	21	23	23	25	
458	20	22	25	
459	22	
462	55	
463	51	53	54	55	56	57	
464	50	51	52	52	54	54	55	56	56	58	58	60	
465	42	45	46	47	48	49	50	51	52	53	
466	4	42	44	44	45	46	48	
467	7	8	10	11	14	80	84	88	99	
468	7	10	11	12	13	14	15	15	16	17	19	80	82	83	85	88	91	93	
469	16	16	17	18	19	20	22	52	52	53	
481	55	58	
482	51	52	53	54	55	56	57	60	
483	37	47	49	50	50	51	51	52	54	54	56	57	58	59	62	
484	30	37	42	43	43	44	45	46	47	47	48	48	49	49	50	51	66	70	
485	25	26	41	44	45	46	46	47	49	
486	8	8	11	14	26	44	81	83	88	
487	10	12	13	15	
488	8	12	13	17	19	25	
489	16	21	25	88	92	
490	23	23	24	73	
491	24	25	
492	25	
497	56	58	
498	51	52	53	54	55	56	60	93	
499	50	50	51	52	54	55	59	87	92	96	
500	42	48	87	92	
501	9	10	11	14	15	85	
502	3	4	7	10	11	12	13	14	15	15	16	16	17	18	18	19	19	68	80	83	
503	13	17	18	19	20	21	22	
504	22	
516	55	
517	51	52	53	54	55	56	57	59	
518	50	51	52	53	53	54	55	56	57	59	63	
519	31	37	39	42	45	46	47	48	48	49	50	51	
520	28	41	44	45	45	46	47	49	68	70	79	
521	5	7	9	11	14	41	43	46	
522	6	8	12	15	20	82	86	88	
523	9	12	82	86	87	89	92	95	
524	13	15	18	18	74	75	87	89	90	92	
525	88	93	98	
526	92	
527	92	
529	92	
530	93	
531	52	54	56	88	91	96	
532	53	54	55	86	87	90	92	96	
533	52	54	63	82	84	85	87	88	88	89	91	95	100	
534	9	16	18	40	44	82	83	84	85	89	101	
535	5	7	9	11	11	12	14	14	15	16	18	19	42	66	69	
536	5	8	11	12	13	15	16	17	18	18	19	20	21	21	23	25	
537	20	21	22	25	
552	52	53	54	55	56	57	58	60	
553	47	50	51	52	53	54	55	56	57	59	61	
554	31	35	44	45	47	49	50	51	57	59	
555	24	36	41	43	45	46	47	48	48	49	50	57	70	104	
556	22	26	38	41	43	43	44	46	47	49	70	
557	10	13	23	27	44	46	48	68	79	80	81	83	101	
558	7	8	11	14	21	79	81	82	83	85	89	98	
559	12	14	81	82	82	85	86	89	90	95	
560	15	82	85	86	87	89	91	92	94	97	101	
561	82	85	87	88	89	90	92	95	100	
562	86	87	88	90	92	95	98	
563	83	86	87	88	89	91	92	95	
564	52	56	85	86	88	90	92	97	
565	47	52	82	83	85	86	87	89	90	91	94	97	100	
566	40	81	82	83	84	86	87	88	90	93	96	99	
567	9	12	14	16	19	41	66	80	81	82	83	84	86	98	
568	10	12	14	15	16	18	18	19	20	45	65	69	78	
569	3	8	12	14	15	16	17	18	19	20	21	21	23	24	26	69	
570	21	22	24	
571	20	23	
572	16	17	17	
586	40	41	42	
587	55	
588	52	53	55	55	
589	50	52	53	54	55	56	57	59	63	63	
590	24	45	49	50	51	52	54	57	58	61	
591	24	32	38	39	44	45	46	48	48	49	50	57	
592	24	42	43	44	45	47	48	48	56	67	69	80	84	
593	11	21	40	43	44	46	48	48	57	79	81	84	
594	10	20	39	46	47	69	79	80	81	83	85	
595	18	20	39	44	47	57	80	80	82	84	85	98	
596	20	40	44	47	49	70	80	81	82	83	84	
597	17	18	26	37	40	44	46	51	57	68	80	81	82	84	86	98	
598	18	42	43	47	48	50	58	68	68	81	82	83	84	86	100	
599	16	18	20	39	42	44	46	48	50	79	80	81	84	85	
600	9	11	14	16	19	20	27	42	44	64	68	68	79	81	84	
601	9	11	12	13	14	15	16	18	18	19	20	21	42	79	
602	4	15	19	20	21	22	23	25	26	71	
603	5	21	22	24	
624	53	54	55	
625	25	50	53	54	55	61	
626	24	45	52	54	56	60	
627	24	25	33	45	50	53	55	56	59	65	
628	22	24	29	44	47	50	57	59	64	68	
629	21	23	24	43	45	50	54	58	62	65	79	
630	21	23	24	28	44	45	50	54	55	58	63	
631	22	24	45	49	53	55	63	
632	21	23	25	27	43	43	45	54	59	
633	10	20	21	23	24	25	45	53	64	
634	12	20	22	24	25	45	63	
635	5	23	24	25	27	
636	23	
643	1	
662	24	
664	25	
665	23	
667	25	
668	24	
1164	22	
1165	26	
1170	77	
1174	28	83	
1202	41	
1203	49	
1204	20	
1210	27	
1213	21	
1215	60	
1222	86	
1224	95	
1225	4	
1232	51	
1254	98	
1260	39	
1262	16	
1276	77	
1277	50	
1283	61	
1292	71	
1301	16	
1308	60	92	
1312	23	
1316	102	
1317	52	
1324	71	
1331	49	
1334	38	
1348	10	
1351	68	
1353	6	
1361	71	
1371	88	
1382	12	49	
1383	28	
1389	10	
1391	4	
1402	36	
1405	66	
1408	17	
1411	48	
1413	48	57	
1414	23	
1415	23	66	
1417	26	66	
1434	22	
1435	42	
1436	19	32	42	46	
1437	41	47	
1438	46	50	71	
1439	44	63	
1440	36	51	
1441	22	44	70	
1442	47	51	
1443	37	40	56	
1444	17	22	47	
1445	19	26	44	46	
1446	23	36	42	45	47	56	58	65	
1447	20	24	26	47	51	
1448	28	43	46	49	67	
1449	40	44	46	58	
1450	46	54	
1451	41	69	
1452	51	
1453	51	70	
1454	45	
1456	50	
1463	34	
1468	16	19	
1469	16	20	42	45	47	
1470	17	18	20	21	24	42	47	52	57	59	65	67	68	
1471	20	21	41	45	46	47	49	50	57	
1472	20	22	26	37	39	44	46	48	49	56	69	
1473	21	26	43	44	47	56	
1474	21	24	40	47	51	57	66	71	
1475	14	18	19	37	40	45	47	49	63	66	
1476	17	19	21	24	42	44	46	48	57	61	65	68	
1477	12	16	19	21	26	37	39	45	47	48	57	60	
1478	18	19	21	23	34	41	44	45	46	48	49	51	53	
1479	14	18	20	21	40	40	43	45	46	47	49	56	58	65	66	69	
1480	16	19	22	26	42	44	52	57	59	65	68	
1481	17	19	20	22	23	39	45	47	48	48	50	53	54	57	59	65	
1482	21	26	30	40	43	43	45	46	47	49	51	56	72	
1483	23	40	44	47	48	51	64	70	
1484	22	26	33	41	43	46	47	48	51	59	67	69	
1485	22	37	42	45	46	48	49	
1487	46	49	
1498	38	
1501	9	19	
1502	11	13	14	19	67	
1503	11	13	13	15	16	17	18	18	19	21	25	35	40	58	62	65	67	
1504	16	17	19	20	21	22	23	25	27	44	52	54	55	56	60	
1505	21	22	25	33	42	43	45	47	48	48	49	50	52	54	57	58	63	
1506	21	23	30	36	40	44	45	48	49	50	72	
1507	19	23	42	43	45	47	49	59	63	67	69	
1508	15	19	22	24	40	44	46	50	54	56	58	61	71	
1509	15	18	18	19	21	22	24	28	28	42	43	45	48	49	54	57	61	71	
1510	19	21	22	24	45	47	50	54	61	70	
1511	21	22	23	45	52	55	58	65	
1512	20	22	23	25	51	54	58	62	63	
1513	21	22	24	32	44	93	
1514	21	23	24	55	63	63	
1515	21	23	24	25	34	50	52	52	54	55	92	
1516	22	24	49	51	54	58	63	93	
1517	24	34	45	50	51	53	55	56	58	60	63	
1518	22	24	27	42	44	48	49	51	53	53	55	56	58	60	
1519	22	24	27	33	36	42	43	44	46	47	48	48	50	52	55	56	67	
1520	42	44	45	46	47	49	50	52	59	
1521	40	46	48	
1522	69	
1523	50	
1525	58	
1526	6	
1531	1	
1533	14	
1535	9	18	88	
1536	7	9	10	11	12	13	14	14	15	19	64	
1537	12	13	15	16	17	19	20	21	25	
1538	16	17	18	19	20	21	23	23	52	55	
1539	22	25	46	50	54	
1540	24	54	64	88	91	
1541	17	23	25	96	
1542	23	25	65	
1543	22	23	25	57	65	
1544	24	52	65	
1545	25	73	90	92	96	
1546	83	88	90	91	93	94	95	97	
1547	58	86	87	89	90	91	94	96	
1548	87	88	90	91	92	94	97	
1549	82	83	87	87	89	90	91	93	94	96	
1550	87	88	90	90	92	94	96	
1551	87	89	90	92	93	95	97	
1552	16	35	53	54	55	58	60	87	89	90	91	96	
1553	16	18	37	50	51	52	54	55	56	57	60	93	
1554	25	42	44	45	47	48	48	49	50	51	52	54	56	63	
1555	43	43	45	46	47	49	50	51	58	
1556	46	48	
1557	67	
1568	13	
1569	8	12	
1570	5	6	9	10	11	13	14	15	18	
1571	6	8	12	13	14	15	16	19	21	23	57	87	90	
1572	16	16	17	19	21	59	
1573	47	49	
1574	7	10	11	13	15	84	99	
1575	88	91	96	
1576	87	92	96	98	
1577	51	53	55	57	60	87	91	92	96	
1578	50	51	88	91	98	
1579	45	49	85	88	91	
1580	80	82	83	83	84	85	89	93	
1581	14	80	81	82	83	84	86	88	89	93	
1582	80	81	82	83	84	85	86	89	91	94	100	
1583	80	81	82	84	85	87	88	91	98	100	
1584	9	81	82	83	83	84	85	88	89	91	94	
1585	10	12	15	78	80	81	82	85	86	88	90	95	100	
1586	7	9	11	12	14	80	81	83	85	87	88	90	93	93	99	
1587	13	15	54	55	57	61	82	86	87	88	89	90	94	97	100	
1588	16	17	19	35	47	49	50	51	52	53	54	55	56	58	59	61	
1589	17	39	42	44	46	47	47	48	49	50	51	53	61	
1590	44	46	47	48	49	52	
1591	44	
1592	52	
1596	104	
1597	74	
1600	13	
1602	9	
1603	57	
1604	4	8	9	11	14	18	
1605	6	7	10	11	13	13	14	15	20	80	82	84	86	89	94	98	
1606	17	19	54	56	82	83	86	87	89	90	91	92	94	97	
1607	16	57	65	92	
1608	48	49	80	
1609	46	81	
1610	8	46	80	81	82	84	85	86	88	96	
1611	52	55	80	81	83	84	85	86	87	88	90	94	97	98	
1612	52	53	55	58	81	82	83	85	86	87	88	89	89	90	92	93	94	97	
1613	51	82	83	86	88	89	91	94	97	
1614	51	79	85	88	
1615	80	88	90	98	
1616	78	80	83	89	
1617	79	81	84	
1618	5	79	82	84	96	
1619	4	80	83	89	94	
1620	4	6	13	15	80	81	86	89	100	
1621	6	8	9	10	11	14	15	17	57	79	80	81	83	84	89	91	93	
1622	8	13	15	16	17	18	19	20	51	52	55	56	57	59	61	81	84	86	88	98	
1623	17	20	21	42	47	48	50	51	51	52	53	54	58	
1624	44	45	46	47	49	50	51	54	
1625	43	
1627	66	
1638	9	15	
1639	4	9	11	14	18	81	85	90	
1640	6	7	9	11	12	13	14	15	81	82	84	85	87	88	89	92	95	99	
1641	16	52	55	57	59	86	87	88	89	90	91	93	94	96	98	
1642	16	51	53	53	56	58	59	91	92	98	
1643	31	41	45	47	48	49	51	
1644	40	44	46	48	48	79	80	
1645	38	44	46	51	72	79	80	81	84	
1646	46	50	59	80	81	82	84	85	94	
1647	51	80	81	84	86	90	102	
1648	83	90	97	
1649	81	88	
1650	63	
1651	39	
1652	7	88	
1653	16	89	
1654	9	14	17	18	22	42	85	
1655	9	11	12	14	15	16	17	19	22	67	69	81	83	
1656	8	13	14	14	15	16	17	18	18	19	20	21	24	52	53	55	57	62	80	83	
1657	21	22	49	50	51	52	54	55	57	59	
1658	43	44	44	44	45	48	50	52	54	92	97	
1659	48	
1667	13	
1672	4	
1673	7	86	89	100	
1674	7	9	12	13	21	78	80	83	85	91	
1675	7	9	10	11	13	80	81	81	82	83	84	86	88	89	91	98	
1676	12	15	16	52	54	60	82	83	84	86	87	89	90	91	92	94	97	
1677	16	18	50	52	54	55	56	58	59	87	91	93	
1678	51	53	54	57	60	
1679	28	42	45	46	47	48	50	51	56	61	
1680	23	26	39	44	46	47	48	50	79	
1681	26	38	41	44	47	48	63	
1682	28	44	47	56	70	
1683	18	41	45	46	67	71	
1684	43	47	52	67	
1685	18	21	
1686	18	40	44	48	67	
1687	11	16	19	22	27	43	66	
1688	4	10	13	13	15	16	17	19	20	24	28	67	
1689	5	6	10	12	14	17	18	19	20	21	22	23	56	
1690	20	21	22	23	25	51	52	55	56	59	
1691	22	50	51	54	89	90	92	93	95	98	
1692	54	57	83	85	86	88	88	90	93	95	
1693	83	85	
1708	14	84	90	
1709	8	10	14	79	81	84	88	93	
1710	7	10	12	13	79	80	81	84	86	88	92	96	
1711	7	11	54	55	81	82	84	86	87	88	90	91	95	98	102	
1712	16	55	83	87	90	91	93	93	96	
1713	16	52	53	54	57	59	62	64	91	92	95	
1714	16	50	52	53	55	56	60	
1715	33	44	45	48	50	52	54	58	59	
1716	23	24	42	44	45	47	49	50	58	67	
1717	19	22	44	47	49	55	57	
1718	20	23	24	29	43	44	48	51	54	70	
1719	17	18	21	23	29	42	45	47	59	64	
1720	10	15	19	20	44	70	
1721	10	12	14	17	18	19	20	22	23	
1722	13	20	22	25	26	56	
1723	23	23	25	52	93	
1724	52	54	61	87	89	91	92	93	96	
1725	55	80	81	82	83	83	84	85	87	88	89	91	93	96	
1726	80	82	85	87	91	
1740	88	
1741	37	
1742	85	
1744	79	83	83	90	
1745	11	15	79	80	82	83	86	89	97	99	
1746	6	10	80	81	83	84	86	88	90	92	98	99	
1747	7	11	13	13	81	82	84	85	87	88	90	96	98	
1748	12	17	83	87	90	91	94	97	
1749	55	87	90	92	95	
1750	24	55	88	92	97	
1751	24	91	
1752	25	91	
1753	24	92	
1754	15	25	92	
1755	24	25	53	87	91	96	
1756	53	87	91	95	97	
1757	82	86	87	89	90	92	94	97	
1758	81	82	83	84	86	88	89	90	94	100	
1759	78	79	81	83	85	89	
1760	49	80	85	
1761	82	87	
1763	9	10	10	11	
1767	78	
1769	70	
1775	35	35	
1779	80	87	
1780	13	78	80	83	
1781	81	84	94	
1782	12	80	81	82	84	85	89	91	96	
1783	6	8	80	82	84	85	86	89	92	97	98	
1784	11	82	83	85	86	88	89	91	94	102	
1785	82	83	86	87	89	91	93	
1786	7	85	86	89	90	93	101	
1787	82	86	88	88	89	92	94	98	
1788	87	89	90	94	99	
1789	82	83	85	86	88	89	92	93	97	98	
1790	81	81	82	84	85	87	89	91	93	96	100	
1791	79	80	81	82	83	84	86	88	90	94	
1792	80	83	84	86	93	
1793	80	100	
1815	9	
1816	5	80	91	
1817	79	81	83	92	
1818	13	79	80	82	84	87	
1819	79	81	84	88	92	100	
1820	79	81	85	88	98	
1821	4	79	80	82	84	
1822	80	82	85	89	93	103	
1823	79	80	83	84	89	
1824	78	80	83	84	93	
1825	79	82	85	
1826	81	
1838	59	
1850	100	
1851	8	
1853	100	
1854	19	87	
1856	90	
1863	81	
1874	42	
1876	99	
1881	98	
1882	26	
1883	95	
1888	94	
1898	56	
1900	62	
1907	12	18	
1912	86	
1913	6	
1915	3	
1923	47	
1929	41	
1944	61	
1966	50	87	
1974	41	59	
2011	95	
2025	57	
2037	79	
2042	22	
2051	24	
2054	62	
2061	86	
2077	95	
2078	77	
2079	4	
2091	19	
2100	29	
2111	10	31	
2114	102	
2137	27	
2138	9	
2156	38	
2184	5	
2203	27	
2217	10	
2221	10	
2260	9	
2264	102	
