48	61	
81	92	
83	66	66	67	68	88	93	
84	71	88	
86	92	
114	85	87	88	90	92	96	
115	83	86	87	88	88	90	91	95	97	
116	82	85	86	87	88	88	90	91	93	93	96	
117	65	65	82	83	85	86	87	87	89	91	92	95	98	
118	82	86	87	87	89	90	91	92	93	95	97	
119	82	85	86	87	88	89	90	92	95	96	
120	81	82	83	86	86	87	89	90	91	93	95	98	
121	83	87	88	89	91	96	
122	17	87	91	
146	58	92	
147	59	86	87	89	91	93	95	
148	78	81	82	84	85	86	87	89	90	91	95	
149	8	78	80	81	81	82	83	84	85	86	87	89	90	91	92	94	97	
150	77	78	80	81	82	83	83	84	85	86	87	89	90	96	
151	77	80	81	82	83	84	85	86	88	89	91	95	
152	78	79	80	81	82	83	84	85	86	87	88	89	91	95	97	
153	79	80	81	82	83	83	84	85	86	87	89	90	94	96	100	
154	9	78	79	80	81	82	84	85	85	86	88	90	95	97	
155	6	11	12	15	80	81	82	83	84	85	86	87	89	90	93	94	97	
156	17	80	82	84	85	87	88	89	90	93	95	97	
157	16	83	86	88	90	93	
158	17	88	91	
178	58	
179	57	90	
180	50	52	53	55	56	60	83	85	86	87	88	89	90	92	95	
181	51	54	56	81	82	84	85	87	88	88	90	91	95	98	
182	77	79	80	81	82	83	85	86	87	88	90	97	101	
183	79	80	81	82	84	86	90	96	
184	77	79	80	81	84	
185	77	78	79	80	81	82	84	87	88	
186	79	79	80	81	82	84	85	87	
187	5	12	78	78	79	80	81	84	97	
188	5	9	11	14	79	80	81	84	89	
189	6	9	12	13	15	18	78	79	80	82	84	86	89	
190	10	12	14	15	77	80	81	82	83	85	86	87	88	90	92	96	
191	17	81	82	83	84	85	86	87	88	89	90	92	95	98	101	
192	82	83	85	86	87	88	89	91	92	94	96	
193	83	85	87	89	91	96	
194	16	
211	57	
212	51	88	92	96	
213	53	55	59	82	84	85	86	87	89	90	91	93	96	
214	52	54	56	78	80	82	83	84	85	86	87	89	90	92	95	99	
215	77	79	81	82	83	84	86	89	91	94	
216	78	80	81	84	88	96	
217	78	80	
218	66	78	89	93	
219	78	
220	78	86	102	
221	9	
222	4	15	30	78	86	
223	9	15	18	78	79	85	
224	10	12	15	20	78	78	79	80	81	83	84	86	101	
225	9	12	14	77	78	79	80	81	82	84	85	90	96	
226	8	10	14	78	79	80	81	82	84	85	86	87	89	92	96	99	
227	11	12	15	16	79	80	81	83	84	85	86	88	89	91	94	98	100	
228	16	17	18	19	85	87	89	96	
229	18	
244	57	60	
245	46	50	52	54	57	
246	49	50	52	54	55	56	82	85	87	89	91	93	95	
247	50	53	54	55	79	81	82	84	85	86	88	89	91	94	98	
248	59	78	79	80	81	83	84	87	89	
249	42	78	79	81	83	85	
250	18	37	42	79	84	
251	17	17	17	17	17	17	18	18	19	28	33	42	47	68	
252	20	40	44	47	49	57	
253	44	46	68	
254	41	
255	100	
257	5	38	47	
258	5	37	46	80	
259	9	71	78	79	81	83	
260	9	10	12	13	14	73	79	80	81	83	89	
261	6	8	9	11	11	12	13	14	15	17	79	80	80	82	84	88	88	96	
262	11	12	15	16	17	19	20	22	81	82	84	86	87	89	90	93	96	
263	16	18	19	87	97	
277	57	
278	48	51	53	55	56	59	
279	46	47	48	49	50	51	52	54	55	57	59	90	
280	44	50	51	54	81	83	83	86	88	89	91	
281	51	79	80	82	83	85	88	
282	39	79	87	
283	16	19	24	35	40	48	
284	10	12	14	17	19	19	23	38	42	44	47	65	66	71	
285	17	18	19	20	21	42	44	47	50	51	56	59	
286	21	23	24	44	45	46	47	48	49	50	51	65	71	
287	43	48	
288	52	
289	16	21	
290	19	39	
291	16	18	36	38	43	66	
292	17	19	21	38	41	43	47	48	48	60	73	
293	17	18	19	20	22	24	27	32	41	42	44	45	46	47	48	49	51	60	68	70	
294	4	9	13	22	24	41	43	45	46	78	
295	6	8	10	11	14	15	46	78	80	84	
296	6	9	11	12	14	15	19	78	79	80	81	83	84	85	88	90	94	98	
297	13	16	17	19	80	82	84	86	88	90	92	95	
298	16	18	
311	53	56	58	
312	47	51	51	52	54	55	55	57	60	
313	47	48	48	49	50	51	53	54	83	86	89	91	95	
314	45	46	49	52	53	78	82	85	86	90	
315	78	81	85	95	
316	8	14	85	101	
317	10	11	14	16	18	20	42	69	
318	4	8	11	11	13	14	15	15	16	16	17	18	18	19	20	21	27	48	56	57	60	69	
319	20	20	21	23	23	25	45	46	48	49	50	51	52	54	55	56	60	
320	22	43	45	47	49	50	51	53	59	
321	48	61	
323	10	43	
324	12	14	16	17	18	18	19	40	43	45	46	71	
325	7	9	12	14	15	16	18	19	19	20	22	25	28	29	39	42	44	48	49	70	
326	6	14	15	17	18	20	21	21	22	24	25	42	45	47	51	52	53	55	57	62	70	
327	21	22	23	24	25	35	42	44	45	47	48	48	49	50	51	54	56	59	63	
328	5	42	43	44	45	46	46	47	48	49	50	
329	8	44	46	
330	6	10	11	13	13	14	15	79	80	88	88	
331	7	10	11	12	14	15	16	17	18	20	23	79	81	82	84	86	87	90	96	
332	16	17	17	19	22	26	90	98	
333	18	
344	57	
345	51	53	56	
346	43	46	47	50	51	51	52	54	55	55	59	
347	37	45	46	48	49	50	51	53	54	80	82	85	87	88	91	95	
348	49	81	83	86	88	97	
349	81	
350	7	8	10	11	12	14	15	16	17	18	26	42	43	69	
351	7	10	12	12	14	14	15	16	16	17	17	18	19	20	21	23	26	72	
352	5	13	17	20	20	21	22	23	25	26	52	53	57	60	
353	23	47	48	49	49	50	51	52	54	55	59	
354	45	49	50	53	58	87	90	93	
355	47	49	82	85	
356	9	
357	6	9	10	11	13	14	14	16	18	20	26	
358	10	11	12	13	14	15	16	17	17	18	18	19	20	20	21	24	25	27	65	71	
359	13	15	17	20	21	22	23	23	24	27	44	
360	22	24	25	52	53	55	57	
361	48	50	51	52	52	54	54	55	56	56	58	59	61	
362	41	44	45	46	47	49	50	50	51	53	53	55	63	
363	9	43	44	46	48	
364	9	10	12	14	85	
365	2	7	10	11	11	12	13	13	14	15	16	18	78	78	79	81	82	84	96	99	
366	13	16	16	17	18	18	19	20	21	23	27	84	88	
378	56	
379	50	51	52	53	54	55	56	58	58	62	
380	47	48	49	49	50	51	53	54	55	59	
381	44	48	49	80	83	85	87	90	
382	13	78	82	83	91	94	
383	7	9	10	14	17	41	
384	7	10	10	11	12	13	14	14	15	16	16	17	19	19	20	21	23	24	27	70	
385	3	13	15	18	19	20	20	21	22	23	24	27	56	58	
386	22	48	50	51	52	54	55	58	61	
387	47	49	50	51	52	53	54	87	89	92	93	
388	47	49	50	55	81	83	85	87	88	90	97	
389	86	
390	6	9	10	14	17	38	68	
391	7	10	11	12	13	14	14	15	16	16	17	18	18	19	20	23	42	
392	12	13	14	15	17	18	19	20	20	21	22	23	23	24	27	
393	21	22	
394	57	
395	48	50	51	51	52	53	53	54	55	56	57	60	
396	42	44	45	46	47	48	49	50	51	51	53	54	60	
397	44	46	49	58	
398	4	7	9	11	13	14	
399	5	6	8	9	10	11	12	12	13	14	14	15	16	17	18	79	
400	12	13	16	16	17	18	19	19	20	21	22	24	27	84	
401	18	22	
412	56	57	
413	47	50	51	52	53	54	55	55	56	57	59	62	
414	44	45	46	47	48	49	50	51	54	55	89	96	
415	43	45	49	53	78	85	92	93	
416	8	10	88	
417	7	10	11	11	12	13	13	14	14	15	16	16	18	20	
418	5	8	12	15	16	17	17	18	19	20	20	21	22	23	24	56	
419	21	22	52	55	56	59	
420	46	47	50	51	52	53	53	54	55	58	58	92	
421	46	48	49	51	54	55	82	85	86	88	89	92	
422	42	50	78	81	83	85	89	94	
423	10	13	14	16	18	41	66	
424	8	10	11	12	13	14	14	15	16	17	17	18	19	20	21	25	27	42	71	
425	11	12	13	14	15	16	17	19	20	20	21	22	23	25	
426	20	21	22	23	
428	52	55	57	
429	47	50	51	52	53	54	55	57	59	
430	43	45	46	47	48	49	49	50	51	52	53	54	55	
431	44	48	50	
432	9	11	
433	5	6	7	10	11	11	12	13	14	15	15	16	19	24	99	
434	13	16	16	17	17	18	18	19	20	21	22	23	26	
435	21	
446	52	56	58	59	
447	47	50	50	51	52	53	53	54	55	56	57	59	62	
448	45	46	46	47	48	49	49	50	51	53	53	55	58	83	84	93	
449	43	45	48	50	84	90	
450	8	9	11	13	13	15	
451	4	7	10	11	12	12	13	14	15	15	16	17	18	19	20	23	26	69	
452	15	17	18	20	20	21	22	24	57	
453	47	51	52	53	54	55	56	57	59	
454	44	46	47	48	49	50	51	52	53	54	55	59	87	91	
455	41	46	49	80	82	84	86	91	101	
456	9	11	13	19	43	80	
457	7	9	10	11	12	13	14	15	16	16	17	18	19	20	24	26	29	68	
458	5	12	14	15	17	18	19	20	21	22	22	24	25	26	
459	21	22	23	23	25	
462	53	55	57	61	
463	47	50	51	52	53	54	55	55	57	58	
464	45	47	48	48	49	50	50	51	52	53	55	62	86	
465	45	49	83	86	88	91	97	
466	5	8	10	89	
467	4	7	8	10	10	11	12	13	13	14	14	15	16	17	19	
468	12	13	15	16	17	17	18	18	19	20	20	22	24	
469	17	22	
480	53	55	56	59	
481	46	48	50	51	52	53	54	54	55	57	58	60	
482	46	47	48	49	50	51	54	87	89	93	
483	9	45	48	86	88	92	
484	7	8	9	10	11	12	13	14	15	
485	11	12	13	14	15	16	16	18	18	19	20	21	24	26	
486	17	18	20	22	23	53	55	56	57	
487	47	50	50	51	52	54	55	56	59	
488	43	44	46	47	48	49	50	51	52	53	54	82	86	90	
489	9	48	66	66	67	81	86	88	
490	8	10	11	12	13	13	14	14	15	16	16	19	70	
491	12	14	15	16	17	17	18	18	19	20	21	23	24	27	29	
492	21	22	23	
496	52	53	55	56	58	59	
497	46	47	50	51	52	53	54	54	55	56	57	60	
498	45	46	47	48	49	50	51	54	55	85	90	95	
499	45	49	80	82	86	89	95	
500	8	10	12	87	
501	2	5	7	9	10	11	11	12	13	14	14	15	17	18	19	
502	12	15	16	16	17	17	18	19	20	20	22	25	
503	17	21	23	
507	84	84	
514	51	52	55	56	57	58	
515	42	46	47	48	48	49	50	51	52	53	54	55	60	
516	39	44	46	49	50	51	53	82	84	
517	8	9	82	84	89	
518	7	9	10	11	12	13	13	14	15	15	16	17	18	19	
519	12	13	15	16	17	17	19	20	20	22	24	
520	18	21	22	52	53	55	57	59	
521	46	47	49	50	51	52	54	55	59	
522	40	46	48	49	50	82	86	88	89	95	
523	6	9	10	13	16	40	65	84	
524	5	7	10	11	12	14	14	15	16	17	17	18	19	20	23	26	68	
525	17	20	20	21	21	22	24	
526	23	
529	57	
530	52	52	54	55	56	57	59	
531	48	49	49	50	51	52	53	54	54	55	57	59	
532	45	46	47	49	49	50	52	54	83	85	87	89	92	
533	49	83	87	93	
534	5	9	11	13	
535	5	6	8	9	10	11	12	12	13	14	14	15	15	19	26	
536	12	16	16	17	17	19	20	20	21	22	24	
537	18	21	22	
548	51	52	53	54	55	56	57	58	60	
549	37	42	46	47	48	48	49	50	51	52	53	54	55	56	57	59	61	
550	43	43	44	45	46	47	48	49	50	
551	3	9	10	45	
552	4	7	9	10	11	12	12	13	14	15	
553	16	16	17	18	18	19	20	22	24	56	58	
554	17	22	53	54	55	55	56	62	
555	46	48	49	50	50	52	54	55	88	91	
556	9	44	64	67	82	86	
557	7	10	11	12	14	15	16	19	41	
558	4	13	15	17	18	19	20	21	22	24	
559	21	22	23	25	
563	56	
564	50	51	52	53	54	55	56	58	58	61	
565	47	48	49	50	51	52	53	54	57	86	89	92	
566	48	48	49	51	82	85	87	89	92	
567	88	
568	9	11	14	29	
569	1	3	6	8	9	10	11	12	13	13	14	15	16	18	19	
570	12	13	15	15	16	16	17	17	19	19	20	21	24	
571	20	22	
582	52	55	56	57	60	
583	43	47	48	49	50	51	51	52	53	54	55	56	59	60	
584	39	42	44	45	46	47	47	48	48	49	49	50	53	63	75	
585	3	8	9	13	44	49	
586	5	6	8	10	11	12	12	13	14	15	15	
587	13	15	16	17	18	18	20	22	25	56	58	80	82	87	91	97	
588	17	51	52	53	54	55	87	92	
589	49	50	63	86	87	90	96	
590	6	9	10	11	14	
591	13	13	15	15	16	17	17	18	19	20	23	25	26	73	
592	2	21	22	25	
597	52	56	57	93	
598	50	51	52	53	54	55	56	59	90	92	
599	49	50	51	53	54	81	82	84	85	87	88	88	90	91	95	101	
600	48	54	60	78	79	81	82	84	85	87	89	92	101	
601	84	
602	8	10	11	13	15	67	
603	5	7	10	11	12	12	13	14	14	15	16	16	19	20	
604	3	13	15	15	16	17	17	18	18	19	20	20	21	22	23	24	
605	22	
616	52	55	56	58	
617	38	47	50	51	51	52	53	53	54	55	55	56	57	60	
618	37	42	43	45	45	46	47	48	48	49	49	50	50	51	52	54	59	
619	8	41	44	45	46	49	
620	4	9	10	11	13	14	
621	8	11	12	12	15	17	21	80	82	84	86	89	92	95	
622	18	51	54	55	81	82	84	86	87	88	88	90	91	95	98	
623	82	83	85	86	87	87	89	91	93	96	
624	8	10	11	12	14	15	18	86	89	
625	2	13	16	17	19	21	23	
626	87	93	
627	87	91	93	
628	87	92	
629	88	92	
630	56	87	90	93	96	
631	52	54	56	59	86	87	88	89	91	96	
632	51	52	53	54	58	59	82	83	85	86	87	88	88	89	90	92	95	
633	50	53	55	56	79	81	82	83	84	85	86	87	88	89	91	95	
634	80	82	84	86	90	99	
635	10	87	
636	6	8	9	11	12	14	15	17	68	
637	2	5	7	9	11	12	12	13	13	14	15	16	16	17	18	19	19	20	21	25	
638	2	15	16	17	18	19	20	21	22	23	23	25	
650	53	58	
651	48	51	52	53	54	55	56	58	60	62	
652	33	47	48	49	49	50	50	51	54	54	56	57	59	61	
653	40	42	43	44	45	46	46	47	48	48	49	50	68	
654	5	8	10	39	43	44	46	49	74	
655	12	13	79	81	84	98	
656	77	79	80	81	82	83	84	85	86	87	88	90	94	98	
657	9	78	79	80	81	82	84	85	87	88	90	92	95	
658	7	11	12	14	15	16	19	80	83	84	86	88	90	95	99	
659	12	16	82	86	87	88	88	89	90	94	96	
660	81	83	85	86	87	88	89	90	91	96	
661	82	83	84	85	86	87	88	89	90	92	95	
662	82	83	85	86	87	88	88	89	90	92	95	99	
663	80	82	83	84	85	86	87	88	89	90	92	95	97	
664	56	82	83	86	87	88	88	90	91	95	
665	52	53	55	80	81	82	83	85	86	87	88	89	90	91	94	96	
666	52	54	77	79	80	81	82	84	85	86	87	89	91	94	97	
667	36	53	78	78	80	81	84	86	94	
668	10	19	37	78	82	
669	9	14	19	66	84	
670	6	8	10	11	12	12	13	14	14	15	16	18	19	24	
671	3	11	12	14	15	16	17	17	18	19	20	20	21	22	23	25	27	69	
672	17	20	21	22	23	
685	52	55	58	
686	50	51	51	52	53	53	54	54	55	56	57	60	
687	35	37	41	47	48	49	49	50	51	52	54	57	59	61	76	
688	41	43	43	44	45	46	47	48	48	49	50	73	
689	27	39	42	44	46	47	56	71	79	
690	46	48	69	78	79	80	85	
691	10	13	43	79	81	84	89	
692	7	11	15	81	85	89	
693	6	13	78	79	80	81	83	83	85	86	89	91	94	96	
694	79	80	81	82	83	84	85	86	88	89	90	94	98	98	
695	78	79	80	81	82	84	85	86	88	91	95	98	
696	77	78	80	81	81	82	84	85	86	87	88	89	92	95	98	
697	6	79	80	80	81	82	84	85	86	89	91	95	
698	77	78	79	80	81	82	84	85	86	87	88	90	92	95	99	
699	54	77	79	80	81	82	83	84	86	94	
700	78	79	81	84	85	90	96	
701	17	37	39	80	83	
702	16	17	20	28	38	41	43	47	67	72	
703	7	9	11	13	15	16	17	18	19	20	21	24	26	42	43	45	48	67	73	
704	4	8	10	11	12	13	14	15	15	17	18	18	20	24	71	
705	5	15	16	17	19	20	21	22	23	24	27	
706	21	23	
720	52	53	54	55	57	61	
721	48	50	51	52	54	55	56	58	59	61	
722	35	44	45	46	47	48	49	49	50	51	52	54	57	60	61	64	
723	35	42	43	43	44	45	46	47	48	48	49	50	52	57	59	66	
724	23	24	37	39	41	43	44	45	46	47	47	48	49	73	
725	5	10	26	40	43	44	45	47	49	58	71	
726	27	38	39	47	79	99	
727	47	79	80	85	
728	2	36	38	78	79	80	83	85	
729	3	37	79	80	82	83	85	89	
730	37	46	78	79	81	84	
731	36	78	78	79	81	83	85	
732	16	78	78	79	81	83	
733	40	47	79	82	
734	12	19	40	
735	7	8	10	12	13	14	16	17	17	18	19	39	43	44	48	67	69	
736	9	12	15	16	17	17	18	19	20	21	22	23	24	26	42	45	48	
737	9	11	13	13	15	17	19	20	21	22	24	45	
738	5	12	20	21	22	23	23	25	
739	22	
755	51	53	54	
756	51	52	53	54	55	62	
757	34	51	52	53	54	54	55	56	57	59	61	73	
758	25	38	41	43	44	45	47	48	48	49	50	51	52	53	55	56	58	59	60	62	64	
759	24	33	42	43	44	44	45	46	47	48	49	49	50	51	52	55	61	67	
760	26	32	36	40	42	43	44	45	46	46	47	48	49	51	59	68	
761	19	22	24	38	40	42	43	44	46	47	49	60	66	72	
762	20	21	41	43	44	46	47	48	49	57	59	70	
763	18	19	21	36	38	41	42	43	44	46	47	48	58	62	68	68	79	
764	19	20	22	39	41	42	44	46	47	72	
765	19	20	22	39	42	43	43	45	46	47	48	48	50	61	69	73	
766	19	20	22	38	38	41	42	44	46	47	48	50	56	60	67	69	72	
767	13	17	19	20	22	29	41	43	44	46	47	71	
768	7	8	10	11	14	15	16	17	18	19	20	21	22	38	42	43	46	48	69	72	
769	10	11	13	13	15	15	16	17	19	20	20	21	22	24	25	26	71	
770	15	18	20	21	22	23	24	25	44	74	
771	23	23	25	
791	52	53	55	57	
792	50	51	52	53	54	61	63	63	
793	35	45	48	49	50	51	53	54	55	59	60	
794	24	42	43	44	48	49	51	52	54	59	62	64	74	
795	22	24	25	42	44	45	47	49	50	51	53	61	62	
796	20	22	24	25	42	43	44	45	46	48	49	51	55	61	65	67	
797	19	21	22	24	25	26	28	41	44	45	47	49	51	53	54	59	62	64	
798	20	21	22	24	25	34	44	45	47	49	51	54	60	62	65	66	70	
799	17	19	20	22	24	25	40	43	43	45	46	47	49	50	53	60	62	65	68	
800	15	19	21	22	23	25	42	44	45	48	49	51	60	66	
801	10	15	18	20	22	24	25	26	44	49	64	
802	9	12	14	19	21	22	23	24	25	26	43	49	65	
803	5	20	21	22	24	25	
804	4	22	25	
826	55	
827	54	
828	51	53	54	
829	25	45	51	54	64	74	
830	25	51	
831	55	
832	25	45	51	53	
833	22	25	52	
834	22	25	52	
835	24	
837	24	
954	98	
1176	13	
1183	55	
1184	58	
1205	46	
1209	48	93	
1210	53	
1213	78	
1220	73	
1228	72	
1235	51	
1236	51	
1237	26	42	
1239	35	40	46	
1240	38	
1241	46	
1243	67	
1244	46	
1262	50	
1269	39	
1270	16	18	19	26	39	43	44	46	52	70	
1271	17	19	21	27	37	39	42	46	48	48	59	67	71	
1272	19	21	27	28	37	41	43	44	46	48	52	57	59	
1273	20	22	29	37	41	43	46	47	49	64	64	64	64	64	65	66	
1274	19	21	26	35	37	41	44	47	50	60	63	66	
1275	20	22	40	43	43	46	48	50	51	56	60	
1276	22	25	29	37	38	41	45	46	48	50	56	68	
1277	43	47	
1278	47	51	
1280	63	
1281	11	
1284	69	
1285	48	
1298	32	
1301	25	38	
1302	11	14	
1303	11	15	16	17	18	21	37	42	43	63	66	
1304	13	15	16	17	19	20	22	41	43	47	52	61	72	
1305	16	18	19	20	21	23	24	31	42	44	46	47	49	51	61	68	
1306	20	21	23	24	40	42	43	44	45	46	47	48	50	58	62	64	72	
1307	19	21	22	24	41	43	44	46	47	49	50	54	59	62	67	74	
1308	20	22	24	26	40	43	43	45	46	48	48	50	53	55	57	60	62	75	
1309	22	25	27	33	41	43	44	47	49	51	53	56	60	63	67	70	
1310	21	23	25	27	36	40	43	44	45	46	47	48	48	49	50	51	56	58	60	67	
1311	23	40	43	44	45	46	47	48	49	52	54	60	64	
1312	33	38	41	44	46	49	60	70	
1313	30	43	46	49	
1314	39	44	46	48	
1315	46	
1335	13	17	18	21	24	41	46	
1336	9	11	13	15	16	17	18	20	39	72	
1337	9	10	12	13	14	15	16	17	18	19	20	22	24	26	42	43	
1338	13	14	15	16	18	20	21	21	23	24	28	
1339	17	21	22	23	25	50	53	65	
1340	22	23	24	50	53	65	
1341	24	25	51	54	62	75	
1342	24	
1343	23	24	35	50	52	54	56	62	
1344	45	48	50	51	52	53	54	57	59	61	
1345	25	28	35	41	42	43	44	45	46	47	48	48	49	50	52	54	55	58	59	62	
1346	25	40	43	43	44	45	46	47	48	48	50	53	62	71	
1347	26	39	42	44	46	47	49	60	72	75	
1348	26	40	43	43	46	47	48	58	66	
1349	42	46	47	49	56	58	
1352	53	
1367	15	
1368	10	14	16	20	39	
1369	10	12	14	15	16	18	18	19	21	23	27	40	67	
1370	9	11	12	14	16	17	19	20	21	24	43	44	65	
1371	13	14	15	17	18	19	20	21	22	24	26	73	
1372	22	23	24	
1373	23	
1374	92	
1378	51	52	54	55	58	62	
1379	34	49	50	51	53	54	55	61	
1380	34	44	49	50	51	53	55	58	59	61	64	
1381	23	41	43	43	44	47	49	51	52	55	56	60	61	65	73	
1382	21	24	33	36	40	42	44	45	47	47	48	49	50	52	54	56	58	58	61	67	72	
1383	25	42	44	45	46	47	48	49	50	
1384	44	46	52	
1385	13	
1397	22	
1400	14	24	
1401	10	14	17	19	25	
1402	8	9	11	12	14	15	16	17	19	20	22	27	41	67	69	
1403	10	11	12	13	14	15	16	17	18	19	19	20	21	23	23	
1404	15	18	20	21	22	24	25	
1405	22	23	
1406	21	
1407	16	16	16	16	16	87	91	92	
1408	83	86	87	88	90	96	
1409	16	
1413	55	
1414	52	55	
1415	51	53	54	55	56	58	61	65	88	92	
1416	36	50	51	51	52	54	55	56	58	60	62	
1417	41	44	45	45	46	47	48	49	50	51	52	55	
1418	43	43	45	46	47	48	50	55	63	
1419	50	58	
1420	49	
1434	9	14	22	
1435	6	9	11	12	14	15	16	17	18	
1436	10	12	13	14	15	16	16	17	19	20	21	24	
1437	17	18	19	20	21	23	24	
1438	21	23	24	57	
1439	53	
1440	83	87	87	89	91	92	97	
1441	14	81	82	83	84	85	86	87	88	89	90	92	94	97	
1442	7	11	14	16	80	81	83	85	89	
1443	16	17	18	20	80	
1446	56	
1447	87	88	91	98	
1448	83	86	87	88	89	90	91	96	
1449	53	82	83	85	85	86	87	88	89	89	91	95	
1450	16	50	51	52	53	54	55	56	57	60	63	82	83	85	86	87	88	89	90	92	94	97	
1451	17	35	45	49	50	51	52	54	55	56	59	61	88	
1452	40	42	44	45	46	47	48	49	50	52	54	60	76	
1453	41	44	45	46	48	50	53	
1454	48	
1456	61	
1463	79	
1468	10	13	14	
1469	7	9	10	11	12	13	14	15	17	18	19	21	24	
1470	7	12	15	15	16	17	18	19	19	20	22	25	27	70	
1471	18	21	22	23	24	57	
1472	53	
1473	49	50	54	58	86	87	89	91	93	95	
1474	80	81	82	84	85	85	86	88	88	89	91	94	
1475	7	9	12	15	78	79	80	81	84	86	89	
1476	7	11	12	13	13	14	15	16	17	18	20	78	80	86	99	
1477	15	16	17	19	20	22	80	99	
1478	23	56	
1479	57	
1480	87	88	88	90	91	95	
1481	54	82	83	84	85	86	87	89	90	92	93	95	
1482	80	81	82	83	84	85	86	87	89	91	95	100	
1483	9	10	79	80	81	82	83	84	86	88	89	94	98	
1484	7	11	12	13	14	16	18	53	58	78	79	80	80	81	83	84	85	86	90	97	100	
1485	16	17	18	19	33	46	48	50	51	52	54	55	56	57	60	61	81	85	87	90	95	98	
1486	18	37	40	42	45	46	47	48	48	49	49	50	52	53	57	59	63	
1487	44	45	46	47	48	48	50	56	74	
1488	19	45	50	53	
1489	68	
1493	65	74	
1501	13	17	
1502	6	9	11	13	14	15	16	20	
1503	5	8	9	10	11	12	13	13	14	15	15	16	17	18	18	19	22	24	69	
1504	16	17	18	19	20	21	22	23	24	58	
1505	22	57	
1506	50	51	53	53	54	55	87	88	90	91	93	96	
1507	50	55	78	81	82	83	84	85	86	87	88	88	89	91	95	99	
1508	8	77	78	79	81	84	86	99	
1509	9	10	12	13	16	26	68	78	80	83	
1510	7	10	11	12	13	14	15	16	17	18	18	19	20	
1511	17	19	19	20	21	23	24	57	
1512	52	56	58	58	
1513	50	52	54	56	87	88	89	91	92	96	
1514	51	55	81	82	83	85	86	87	89	91	95	
1515	77	79	80	81	82	83	85	86	88	92	98	
1516	78	79	80	82	84	85	
1517	9	79	80	82	83	86	
1518	7	10	11	11	12	13	13	14	16	18	18	23	78	79	81	88	
1519	15	16	17	19	20	21	27	52	53	55	57	58	61	78	79	83	
1520	18	20	22	47	48	50	51	52	53	53	54	56	59	61	
1521	43	44	45	46	46	47	49	49	50	51	54	76	
1522	45	49	75	
1523	38	59	
1535	9	
1536	6	9	10	11	13	14	14	16	19	24	
1537	5	6	8	11	12	13	14	15	16	16	17	18	19	20	24	26	
1538	17	18	19	20	21	22	24	26	57	58	
1539	46	50	51	52	54	55	57	58	87	92	
1540	49	50	52	54	82	82	85	86	87	89	90	92	96	
1541	78	79	80	81	83	84	86	90	95	
1542	8	12	14	18	80	86	
1543	5	6	9	11	12	14	15	16	17	18	20	54	
1544	7	12	13	14	15	16	17	18	19	20	21	23	24	28	
1545	20	22	23	53	56	58	
1546	50	51	52	54	55	58	88	91	92	
1547	51	54	82	83	84	85	86	87	89	90	95	
1548	53	59	78	78	79	81	82	84	86	88	88	91	94	
1549	78	80	83	83	88	
1550	79	84	87	93	
1551	9	11	13	81	100	
1552	4	7	8	10	11	12	14	15	16	18	21	25	
1553	12	13	15	15	16	16	17	18	19	20	21	24	57	58	80	
1554	18	22	34	48	50	51	51	52	53	54	54	55	56	58	59	
1555	41	44	45	46	47	48	49	49	50	51	52	53	55	61	
1556	45	46	51	66	
1561	98	
1569	8	10	13	14	21	
1570	8	9	10	11	13	13	14	15	16	18	20	24	
1571	3	12	15	16	16	17	18	19	20	21	23	56	57	58	71	
1572	17	21	22	47	52	53	55	56	59	
1573	44	46	47	48	49	51	54	55	59	87	91	
1574	51	78	79	80	81	83	85	87	89	
1575	80	82	93	
1576	6	9	10	12	14	15	16	19	81	
1577	7	9	11	12	13	13	14	15	16	17	18	18	19	20	23	25	
1578	17	17	20	21	22	23	24	56	57	
1579	51	52	54	55	58	92	93	
1580	50	52	54	55	84	85	86	87	88	89	90	92	94	97	
1581	54	78	79	80	82	84	85	87	88	90	93	94	
1582	80	80	83	86	
1583	91	
1584	17	95	
1585	6	10	13	13	16	79	
1586	1	6	8	8	10	11	12	14	15	17	18	21	23	
1587	3	12	13	14	15	16	17	18	19	21	25	26	57	58	
1588	17	20	21	22	36	47	48	50	51	51	52	53	53	54	55	55	56	59	61	
1589	45	46	47	48	48	49	50	51	58	
1590	21	43	46	49	59	
1597	75	
1602	13	
1603	8	10	13	19	53	
1604	5	6	8	9	10	11	12	14	15	16	19	23	
1605	13	15	16	16	17	19	20	21	25	52	56	58	62	
1606	18	22	46	47	48	49	50	51	51	52	53	54	55	56	61	
1607	44	47	49	52	82	85	86	88	88	90	94	
1608	78	81	83	87	92	
1609	9	12	14	89	
1610	7	9	11	12	14	14	16	16	18	18	19	20	23	
1611	8	12	13	15	17	19	20	20	22	23	25	56	
1612	21	22	47	51	53	55	56	58	58	
1613	49	51	53	54	55	82	86	86	87	88	90	92	95	96	
1614	59	78	79	80	81	82	82	83	83	84	86	87	89	92	95	
1615	54	79	80	83	91	
1616	83	
1617	15	79	
1618	45	
1619	8	10	14	23	
1620	8	10	11	12	13	14	15	16	17	18	19	20	25	
1621	12	13	15	16	17	18	19	20	21	24	56	57	
1622	18	21	22	36	48	50	51	51	52	54	55	56	57	58	59	
1623	44	45	46	47	48	49	50	50	52	53	62	64	
1624	43	48	50	
1626	33	
1637	8	9	12	13	15	19	54	
1638	7	10	11	12	13	14	15	16	18	20	24	27	
1639	13	16	17	18	19	19	20	21	23	26	51	52	53	54	55	56	58	60	70	
1640	22	46	47	50	50	51	53	54	54	58	
1641	45	46	48	50	55	82	84	86	87	90	94	
1642	84	
1643	10	11	14	16	30	
1644	6	8	10	11	12	13	14	15	16	18	19	20	23	56	
1645	17	17	19	20	22	23	25	53	55	57	58	
1646	15	47	49	50	52	54	87	88	90	91	
1647	51	54	77	79	80	81	82	84	85	86	88	89	91	
1648	79	81	85	88	91	
1649	83	84	89	
1652	12	
1653	3	9	10	13	13	15	18	25	
1654	5	7	9	10	11	12	14	15	16	18	19	20	21	23	26	
1655	13	17	19	20	21	22	23	25	57	
1656	22	47	50	51	52	53	53	54	55	56	58	58	60	
1657	41	44	45	46	47	48	49	49	50	51	54	60	63	
1658	43	45	48	48	51	
1660	76	
1668	18	
1670	9	14	
1671	8	10	11	13	14	19	
1672	5	6	10	11	12	13	14	15	15	17	19	21	24	56	57	
1673	13	17	17	18	20	21	22	24	48	51	51	52	54	55	59	
1674	41	44	46	47	48	49	50	51	52	53	55	60	
1675	50	78	81	83	87	94	
1677	7	9	10	12	13	14	16	20	
1678	7	11	12	12	14	16	17	18	19	20	22	57	
1679	21	22	50	51	52	54	54	55	60	88	91	
1680	49	50	53	82	82	84	86	87	88	89	90	93	93	96	99	
1681	51	55	79	82	85	90	
1682	81	83	
1684	16	
1685	15	
1686	18	
1687	7	8	10	11	12	13	14	15	16	19	21	26	
1688	5	7	10	11	12	13	14	15	15	16	18	19	20	22	24	26	54	71	
1689	16	17	18	19	20	21	22	24	57	
1690	50	51	52	53	54	55	56	57	58	59	62	
1691	30	30	31	32	42	44	45	46	47	47	48	49	50	51	52	54	
1692	45	47	49	59	
1693	34	
1697	91	91	92	
1702	24	
1704	13	100	
1705	8	9	10	11	14	15	20	24	46	
1706	7	8	11	12	13	14	15	16	17	19	20	23	52	53	56	57	
1707	16	17	18	20	21	24	47	48	50	51	51	52	54	54	55	56	58	59	61	
1708	39	43	44	45	46	47	49	49	50	54	
1709	45	47	48	49	
1710	10	48	49	83	93	
1711	8	8	10	11	13	14	14	14	16	18	20	58	
1712	13	19	20	21	25	52	55	56	70	
1713	23	46	50	52	54	55	56	82	86	87	89	91	93	
1714	51	54	80	81	82	84	85	87	90	
1715	82	
1717	46	
1720	10	14	
1721	8	9	11	12	13	14	16	17	19	49	
1722	6	8	12	13	15	16	17	17	18	19	20	21	22	24	69	
1723	18	21	22	24	53	56	57	
1724	48	50	51	51	52	53	54	54	55	56	57	58	60	
1725	44	45	46	47	49	49	50	51	52	53	88	
1726	44	47	48	50	55	
1735	36	
1737	8	13	
1739	4	6	9	11	13	14	16	22	
1740	3	7	10	11	11	12	14	15	17	21	55	57	93	
1741	16	17	18	19	20	21	24	37	50	51	52	53	53	54	55	56	57	58	60	81	89	
1742	18	43	44	45	46	47	48	49	49	50	52	54	56	61	
1743	31	39	45	46	48	
1744	10	13	29	
1745	5	8	10	12	14	15	16	19	24	53	57	59	71	
1746	18	21	47	50	52	54	
1747	50	77	79	81	84	86	91	94	99	
1748	78	80	84	87	
1749	46	81	93	
1751	39	
1752	26	38	47	
1753	15	17	
1754	7	9	11	14	17	19	24	
1755	7	8	10	12	13	14	15	16	17	18	19	20	22	25	26	29	44	69	
1756	12	12	15	17	18	19	20	20	21	22	23	25	70	
1757	22	56	57	
1758	47	50	50	51	51	52	53	54	55	55	56	57	58	60	
1759	45	46	47	48	49	50	51	52	54	56	60	83	86	87	91	94	
1760	50	92	
1770	83	
1771	17	
1772	10	13	
1773	8	10	14	21	24	
1774	4	6	10	11	12	13	14	15	16	80	87	89	
1775	15	16	18	18	19	22	25	52	54	54	55	56	58	61	63	79	81	85	87	89	91	94	97	
1776	16	17	21	23	37	43	45	48	49	50	51	51	52	53	54	55	60	
1777	37	41	43	44	45	46	47	48	49	73	
1778	8	9	11	13	26	43	43	58	66	
1779	5	19	20	23	27	36	42	47	48	51	52	55	57	60	72	
1780	22	42	45	46	47	48	49	50	51	53	
1781	30	39	45	46	65	81	83	
1782	39	45	47	48	55	69	84	
1783	20	36	39	47	60	71	
1784	22	43	44	46	71	
1785	18	21	23	40	46	69	
1786	8	14	16	19	41	
1787	10	14	17	18	20	26	41	45	48	67	
1788	3	7	9	11	12	14	15	16	17	18	19	21	23	74	
1789	8	10	12	13	13	14	15	16	17	19	20	21	22	24	27	70	
1790	18	21	23	25	26	58	
1791	53	56	58	61	
1792	47	48	50	50	51	53	54	55	57	59	
1793	44	49	50	62	81	85	87	90	92	96	
1794	48	81	85	88	
1797	47	
1807	9	19	
1808	3	7	9	11	12	13	14	
1809	7	11	12	14	15	16	22	55	79	81	84	85	87	89	92	94	
1810	16	17	20	51	53	53	54	55	59	62	81	82	85	87	88	90	92	96	
1811	16	17	18	45	49	51	65	
1812	28	34	43	45	52	58	61	74	
1813	20	22	24	42	45	47	49	50	51	53	54	55	56	60	
1814	22	40	44	45	46	47	48	49	50	51	60	
1815	38	40	42	43	47	49	55	62	68	76	
1816	18	20	26	42	44	46	47	49	52	61	67	68	
1817	20	22	24	27	37	39	42	44	46	48	48	52	61	
1818	15	18	18	20	22	25	37	41	43	44	46	47	50	62	71	
1819	18	20	22	41	42	44	47	49	67	71	
1820	11	14	18	20	22	24	28	28	38	44	47	65	68	73	73	
1821	9	11	14	15	16	19	20	22	23	29	43	48	
1822	11	12	14	18	19	19	21	22	24	43	
1823	20	22	23	23	25	28	
1824	56	58	
1825	53	54	55	56	57	61	87	92	
1826	49	50	52	54	55	59	87	90	92	98	
1827	48	50	53	60	80	82	83	85	87	88	90	
1828	81	85	92	96	
1837	76	
1842	3	9	89	
1843	5	6	9	10	11	13	14	78	80	83	
1844	7	11	12	13	14	15	16	19	78	79	80	81	83	83	85	86	89	95	98	
1845	17	20	82	86	87	88	89	91	93	95	97	
1846	16	57	87	88	91	92	
1847	24	51	52	53	54	61	64	
1848	30	44	45	49	50	51	53	55	59	62	
1849	25	31	43	45	47	48	49	51	54	60	62	
1850	22	23	34	44	45	47	49	51	54	56	61	70	
1851	20	22	24	27	43	44	46	48	49	51	55	61	64	
1852	21	22	23	25	42	44	47	50	54	60	62	65	69	
1853	13	20	21	23	25	26	43	44	45	48	49	
1854	13	15	20	22	24	45	63	72	
1855	20	22	23	25	
1856	22	25	
1858	56	59	86	87	88	90	91	93	96	
1859	51	52	54	55	59	82	85	86	87	88	88	89	90	92	95	97	
1860	50	51	53	55	81	81	82	84	85	86	87	88	89	90	92	93	95	
1861	59	79	81	82	84	86	88	90	94	99	
1862	61	82	87	
1876	9	
1877	2	8	11	15	78	
1878	6	9	11	12	14	79	80	86	89	95	
1879	6	9	11	13	14	15	16	80	81	82	83	84	86	87	89	90	93	97	
1880	12	14	78	81	82	84	85	86	87	88	88	90	92	95	96	
1881	16	18	83	87	89	90	92	94	96	97	
1882	17	20	54	
1883	55	
1884	24	
1885	54	73	
1886	24	54	
1887	73	
1888	25	
1889	57	
1890	52	88	
1891	86	87	88	89	90	92	95	97	
1892	53	54	56	60	78	81	82	83	84	85	86	87	89	90	95	
1893	51	55	77	80	81	82	82	83	84	85	87	88	90	94	98	
1894	78	79	80	81	83	83	85	87	89	91	95	100	
1895	78	81	86	89	
1896	82	
1907	71	
1910	12	
1911	13	91	
1912	14	80	
1913	6	11	79	80	82	83	86	
1914	8	8	10	11	12	13	15	17	77	77	79	79	80	81	83	85	88	92	
1915	7	10	12	14	16	78	79	80	81	82	84	85	86	89	90	95	100	
1916	13	15	16	81	83	84	86	87	88	89	90	91	93	96	97	100	
1917	18	85	86	87	88	89	90	92	95	97	
1918	86	86	87	89	90	91	93	95	97	
1919	85	86	87	88	90	91	92	93	95	
1920	85	86	87	87	89	90	91	95	96	
1921	83	87	89	90	91	92	94	96	
1922	82	83	86	87	87	89	90	91	95	97	
1923	57	82	83	85	85	86	87	88	89	90	91	93	95	97	
1924	52	53	55	82	83	86	87	88	89	90	94	96	
1925	54	78	81	82	82	83	84	85	86	87	89	90	94	
1926	77	78	79	80	81	83	84	86	90	96	98	
1927	78	80	81	84	87	87	97	
1928	78	80	83	87	
1946	90	
1947	72	78	86	
1948	10	17	78	80	85	
1949	10	79	80	82	85	93	
1950	7	9	13	77	78	79	80	81	84	85	86	88	95	
1951	11	76	77	79	80	80	81	82	83	84	86	87	90	95	100	
1952	80	81	81	82	84	85	86	87	88	90	97	100	
1953	77	80	81	82	82	83	85	86	88	89	90	94	97	98	
1954	77	78	79	80	81	82	83	84	85	86	87	88	89	91	94	97	100	
1955	77	80	82	84	85	86	87	88	89	91	95	98	
1956	79	80	81	82	84	85	86	88	89	92	94	
1957	55	77	78	79	80	81	82	83	84	85	86	89	91	94	98	
1958	55	77	78	79	80	81	82	83	84	85	87	88	90	92	94	99	
1959	77	79	80	81	83	83	84	85	87	90	98	
1960	79	85	
1961	81	
1963	86	
1967	22	
1973	70	
1974	82	
1981	6	98	
1983	26	82	93	
1984	78	80	82	84	93	
1985	78	80	84	90	
1986	78	80	81	84	86	89	
1987	78	79	81	83	86	90	
1988	79	80	82	86	90	
1989	78	80	81	83	83	85	88	94	99	
1990	79	80	81	84	98	
1991	79	81	86	89	
1992	79	81	85	
1993	79	83	98	
1994	84	97	
1996	84	
1997	40	
2010	55	
2019	78	
2020	83	85	98	
2021	81	
2022	79	
2023	81	97	
2024	79	84	
2027	93	
2028	84	
2030	9	
2045	5	
2049	70	
2059	84	
2060	87	
2062	43	
2065	87	
2075	9	
2078	101	
2079	7	
2080	55	
2085	7	
2087	94	
2098	17	
2101	47	
2104	21	
2108	88	
2115	84	
2138	13	
2141	5	
2144	13	
2154	2	
2164	20	
2171	21	
2182	10	
2187	7	
2192	6	
2202	31	
2221	9	
2253	6	
