16	70	
79	46	47	
84	80	
88	91	
89	92	
120	90	92	97	
121	87	90	92	95	
122	83	86	87	88	90	91	92	94	97	
123	82	86	87	88	90	91	92	95	97	
124	83	85	87	88	89	90	91	92	94	97	
125	87	89	90	92	95	
126	18	91	
146	29	
151	88	91	
152	88	89	90	96	
153	86	87	88	89	90	92	94	
154	81	83	84	86	87	88	88	89	91	92	94	96	
155	81	82	83	83	86	87	88	88	89	91	92	93	97	100	
156	10	80	81	82	83	84	85	85	87	87	89	90	91	94	96	
157	11	80	81	82	83	83	85	86	87	89	90	94	97	
158	9	80	81	82	84	85	86	87	88	89	90	91	95	
159	6	8	10	12	13	80	81	82	83	83	84	86	87	88	89	90	92	93	97	98	
160	12	16	18	19	83	86	88	89	90	92	94	
161	16	17	20	
183	86	88	90	92	
184	83	86	87	89	91	92	94	96	
185	83	86	87	88	89	90	91	93	96	
186	81	82	85	86	87	88	89	91	92	95	97	
187	46	80	81	82	83	85	86	87	89	90	93	96	98	
188	38	79	80	81	82	84	85	86	89	90	95	99	
189	37	46	79	80	81	82	84	85	90	
190	37	46	78	79	80	81	82	84	86	
191	17	43	46	48	66	79	80	81	82	84	85	89	
192	11	15	46	79	80	81	82	83	85	99	
193	6	8	8	10	11	12	14	79	80	81	84	86	88	
194	7	11	12	13	14	15	16	18	80	81	82	85	86	89	90	91	96	102	
195	16	17	20	87	91	
196	18	
213	58	
214	92	
216	53	83	86	87	88	91	92	93	97	
217	82	83	85	86	87	89	90	91	92	95	98	99	
218	80	81	82	84	85	86	87	88	89	90	92	93	97	
219	38	80	81	82	84	84	86	87	89	90	93	99	
220	37	48	67	79	80	81	83	84	85	86	89	91	
221	17	18	28	42	44	46	48	50	59	66	78	80	81	83	85	
222	10	16	18	20	30	38	38	45	46	50	60	69	79	80	84	
223	12	15	16	19	20	28	37	43	47	50	52	57	59	60	64	67	68	79	80	
224	16	18	19	20	20	21	22	24	31	36	44	45	49	50	51	55	56	56	57	59	60	64	69	
225	20	21	22	23	33	42	43	44	45	46	47	48	49	50	51	52	54	56	59	61	67	69	79	
226	19	21	21	22	41	43	44	45	46	46	47	48	48	49	50	51	71	
227	9	11	14	23	44	79	
228	6	8	10	11	12	13	14	15	80	81	84	86	88	91	95	
229	12	13	15	16	17	19	21	82	84	87	89	92	96	
230	16	17	18	21	
248	53	55	56	86	90	92	95	
249	58	82	86	87	88	90	91	93	94	97	99	
250	37	80	81	83	84	85	86	87	89	90	93	96	102	
251	48	62	79	80	81	83	84	85	88	88	89	93	
252	9	16	40	66	78	79	80	81	83	84	89	
253	10	16	17	19	41	45	46	66	79	80	81	83	85	99	
254	11	13	14	15	16	17	18	19	19	21	26	43	45	48	52	55	61	69	78	79	81	83	
255	15	16	18	19	20	20	21	24	27	43	45	47	50	52	58	62	67	69	
256	11	18	18	20	21	23	24	28	30	45	62	65	67	
257	7	11	13	14	19	20	21	23	23	24	55	
258	21	22	23	24	53	55	56	57	60	65	
259	22	24	25	35	36	50	51	52	53	54	55	55	56	57	58	59	61	
260	23	25	43	45	46	47	48	48	49	50	50	51	53	
261	4	8	44	45	46	48	49	
262	4	6	8	9	10	11	13	14	15	81	83	
263	7	10	11	12	14	15	15	16	16	17	19	82	84	86	90	
264	13	16	17	18	18	20	
279	56	
280	47	51	52	53	58	
281	49	51	87	90	92	95	
282	48	53	58	81	82	83	85	86	88	88	90	92	94	96	99	
283	40	57	58	78	80	80	81	82	83	84	85	88	89	100	
284	16	17	18	20	40	44	46	48	50	58	68	78	79	80	83	84	98	
285	11	15	17	19	21	27	28	40	44	45	46	50	63	65	66	79	80	84	
286	9	12	13	16	18	18	19	20	21	23	26	38	43	45	47	48	67	70	81	
287	11	12	14	17	19	20	20	21	23	25	26	28	42	44	72	
288	5	8	11	13	15	17	21	21	22	23	24	27	65	70	
289	12	21	22	24	25	
290	24	
291	25	
292	57	
293	51	52	52	53	54	55	55	56	57	59	61	
294	36	43	46	47	47	48	49	50	50	51	53	55	58	
295	44	45	46	48	48	49	
296	4	9	10	12	13	
297	4	6	7	10	11	11	12	14	14	15	16	17	18	80	81	84	88	101	
298	15	16	17	17	18	19	20	21	25	
312	57	
313	48	51	53	56	
314	47	48	49	50	51	52	55	58	
315	46	50	80	82	83	85	87	89	91	96	100	
316	9	78	79	80	82	83	84	86	89	
317	10	12	13	13	15	16	16	18	19	68	79	
318	9	12	14	17	17	19	20	20	23	26	44	64	78	
319	12	13	15	18	19	20	22	23	24	28	
320	14	19	21	22	23	24	27	
321	5	22	24	
322	23	24	
326	57	
327	51	52	52	53	54	55	55	56	57	60	
328	46	47	47	49	49	50	51	52	54	60	
329	45	48	50	
330	5	9	11	14	
331	7	8	10	10	11	12	13	14	14	15	16	17	18	19	19	20	22	27	69	
332	13	15	16	17	18	19	20	21	21	23	24	
346	56	57	
347	51	51	52	53	54	55	56	60	
348	40	45	46	46	47	49	49	50	54	96	
349	8	44	47	48	67	78	80	82	84	89	95	
350	9	10	11	12	14	15	16	18	65	80	84	
351	12	13	14	15	16	17	17	19	19	20	23	25	27	70	
352	13	15	18	20	21	22	24	
353	23	24	
354	4	
360	57	
361	52	52	53	54	55	55	56	57	58	58	60	
362	46	47	48	48	49	50	51	52	54	54	92	
363	9	44	45	
364	6	9	11	12	13	14	15	16	
365	8	11	12	13	13	14	15	16	17	18	19	20	21	23	24	
366	17	18	20	21	22	25	
380	57	
381	51	51	52	53	54	54	55	56	56	58	60	
382	32	39	47	48	48	49	49	50	53	63	
383	8	30	40	43	44	45	46	49	68	70	
384	5	6	9	11	12	12	14	15	19	21	24	44	
385	13	15	18	19	20	21	22	24	26	
386	21	23	
394	56	
395	47	49	50	51	52	53	53	54	55	56	58	
396	45	46	48	49	50	51	52	54	85	90	97	
397	49	86	90	94	98	101	
398	6	8	9	10	11	12	13	14	15	18	
399	2	12	13	14	15	15	16	17	18	19	20	20	22	24	28	
400	18	21	22	
415	54	62	
416	55	
417	24	64	
418	15	21	24	25	
419	23	24	
428	51	53	55	56	57	59	
429	46	47	50	51	52	53	54	55	56	
430	44	46	48	48	49	50	53	55	83	85	87	88	91	94	
431	8	81	83	85	88	90	94	
432	7	9	10	11	12	13	14	15	15	16	70	
433	7	12	15	16	16	17	18	19	19	20	21	22	24	
434	18	22	
449	91	94	
461	56	58	
462	51	52	53	54	55	56	57	60	
463	46	47	48	49	50	51	51	53	54	59	
464	46	48	49	50	81	85	91	96	
465	10	14	81	85	
466	5	7	8	10	11	11	12	13	14	15	16	18	19	21	
467	2	13	14	15	16	17	18	19	20	20	21	23	23	25	27	
468	18	21	46	47	47	
483	82	85	88	89	91	94	
484	12	16	86	
485	18	
495	53	57	
496	51	51	52	53	54	55	56	57	59	63	
497	47	48	49	50	51	52	53	54	83	87	90	93	95	
498	48	82	85	88	88	91	95	
499	6	9	10	11	13	14	16	68	
500	2	5	6	8	11	12	13	14	14	15	16	17	17	18	19	20	21	24	27	
501	13	16	17	18	20	21	22	23	
502	23	
514	57	
515	48	51	52	54	
516	45	49	71	
517	6	9	11	80	82	85	87	90	97	
518	13	15	17	18	20	82	85	
528	56	58	
529	53	55	57	
530	47	48	50	51	51	52	52	54	55	58	97	
531	49	51	53	54	82	85	87	89	91	96	
532	9	13	66	82	84	86	90	98	
533	6	8	9	10	11	12	13	14	15	16	16	18	19	26	28	41	65	
534	2	4	8	12	13	15	15	16	17	18	19	19	20	21	24	
535	18	20	21	22	23	25	
548	53	55	56	57	60	
549	46	48	50	51	52	54	55	60	
550	8	45	46	49	85	91	95	
551	6	9	10	12	14	79	82	84	91	93	
552	12	13	15	16	17	18	19	102	
553	17	18	19	22	
562	56	57	61	
563	47	50	51	53	54	55	56	58	
564	47	48	50	51	52	54	55	83	85	88	89	92	93	
565	78	80	82	83	85	86	88	89	91	93	
566	9	10	12	14	15	19	81	83	
567	4	7	10	11	12	13	14	14	15	16	16	17	18	18	19	20	20	23	23	27	68	
568	12	19	20	21	22	23	25	
569	22	
582	52	55	56	58	58	
583	46	47	50	50	51	53	54	
584	45	47	48	50	83	85	90	
585	8	9	10	11	13	14	88	88	
586	2	12	15	16	16	17	18	19	25	
587	17	20	22	
595	57	
596	52	53	55	56	57	61	
597	49	50	51	52	53	54	88	89	91	
598	48	49	54	82	85	87	88	89	91	95	100	
599	19	68	78	79	81	82	83	85	87	88	98	
600	5	6	8	10	11	11	12	13	14	14	15	16	17	19	20	
601	3	8	11	12	15	16	16	17	18	18	19	19	20	21	22	24	71	
602	20	22	23	
615	57	
616	52	53	54	55	56	57	60	
617	46	47	48	49	50	51	52	54	55	
618	44	45	49	82	87	88	92	93	99	
619	5	6	8	9	10	12	13	14	83	84	
620	2	11	12	14	15	16	16	17	19	20	22	24	
621	18	21	
629	52	56	58	
630	50	51	52	54	55	57	58	87	91	93	
631	49	50	53	55	82	86	87	88	89	91	93	93	96	99	
632	40	79	81	83	84	85	87	89	91	94	
633	9	11	14	16	17	18	28	68	80	
634	3	4	6	8	8	10	11	12	13	13	14	15	16	16	17	18	19	20	20	21	24	25	
635	17	20	21	22	23	23	25	
643	2	
649	57	58	
650	51	52	53	54	55	56	57	59	
651	41	45	46	46	47	48	49	50	50	51	54	
652	9	44	46	47	49	84	99	
653	7	9	11	12	13	13	15	15	91	
654	1	8	12	14	15	17	19	83	86	90	92	94	
655	16	17	18	22	92	
661	87	91	93	
662	57	91	92	
663	51	52	54	56	87	91	92	93	97	
664	51	52	54	83	86	87	89	90	91	96	98	
665	41	79	81	82	83	84	85	87	89	90	97	
666	7	10	11	14	16	66	69	79	80	82	84	89	
667	4	8	8	10	12	13	13	14	15	15	16	16	17	18	19	20	23	25	26	28	41	45	69	
668	12	14	15	16	17	18	20	21	21	22	24	25	
669	21	23	25	
683	56	57	
684	51	52	53	54	54	55	56	57	59	62	
685	37	41	47	47	49	50	50	51	52	53	54	56	58	
686	43	44	45	46	47	48	48	49	50	
687	5	8	9	14	84	
688	1	7	8	10	12	13	14	15	81	85	86	88	89	91	96	
689	13	14	16	18	82	86	87	89	90	91	93	94	
690	17	83	87	90	91	92	97	
691	88	92	97	
692	87	90	91	97	
693	87	88	91	92	94	96	
694	86	88	89	91	92	93	96	
695	83	84	86	87	88	89	90	91	92	96	
696	81	83	84	87	88	88	89	90	91	92	94	97	100	
697	46	53	81	82	83	84	85	86	87	88	89	90	92	94	97	
698	9	41	46	79	80	81	82	84	85	86	87	88	89	91	93	100	
699	10	11	14	16	17	18	68	79	80	82	84	
700	7	10	11	12	13	13	14	15	16	16	17	18	19	20	21	70	
701	5	7	14	15	17	19	20	21	22	23	23	24	26	
702	21	22	25	
717	15	
718	51	52	54	55	56	57	58	60	
719	38	50	51	51	52	53	53	54	56	57	59	61	67	
720	32	38	42	45	46	47	47	48	49	50	51	59	
721	5	42	44	45	46	47	48	48	67	104	
722	8	9	11	12	14	15	80	83	85	88	
723	7	10	11	12	14	80	81	82	83	83	84	85	87	88	89	91	97	99	
724	6	12	14	81	82	84	85	86	87	88	89	90	93	93	95	98	99	
725	81	83	85	86	87	89	90	91	92	94	96	
726	81	82	84	85	87	87	88	89	90	91	92	93	96	
727	81	82	83	84	86	86	87	89	90	91	93	96	103	
728	36	80	81	82	83	85	86	87	89	90	91	93	95	100	
729	80	81	82	83	84	85	86	88	89	90	96	99	
730	18	37	39	46	66	79	80	81	82	83	85	86	89	
731	16	17	19	41	43	46	48	48	49	60	66	68	79	81	82	84	85	
732	10	12	13	16	18	18	19	20	28	39	44	49	64	69	79	80	81	83	
733	7	9	10	11	12	13	14	15	16	19	19	20	22	24	26	28	45	68	
734	5	12	15	17	20	21	21	22	23	23	24	25	
735	20	22	24	
752	57	
753	52	53	53	54	55	55	56	57	59	
754	1	36	48	50	51	52	53	54	55	55	56	57	58	60	62	63	
755	25	32	37	42	44	45	47	48	49	49	50	51	54	59	70	
756	5	25	26	42	44	45	45	46	47	48	48	49	50	
757	8	28	41	43	46	47	49	80	
758	3	11	41	46	48	48	79	80	81	82	83	85	88	
759	10	17	37	78	79	80	81	82	84	85	88	89	91	94	101	
760	18	37	47	57	79	80	80	81	82	83	84	85	86	89	95	101	
761	16	37	41	44	47	50	67	68	78	80	81	82	84	85	89	99	
762	16	18	19	20	30	43	44	46	47	48	56	63	66	79	80	82	83	85	88	
763	6	10	15	16	18	19	20	39	43	45	47	66	79	80	81	
764	7	12	13	14	15	16	18	19	20	21	22	48	62	69	79	81	
765	13	14	18	19	20	20	22	24	26	45	62	70	74	78	
766	15	20	21	22	23	23	24	25	45	65	69	
767	12	15	20	22	24	25	26	
768	21	23	25	
788	52	54	55	57	58	
789	50	52	53	53	54	55	55	56	57	58	60	63	
790	30	35	38	47	49	50	50	51	52	53	54	55	56	57	58	58	60	63	64	
791	24	42	43	45	46	47	48	48	49	50	51	56	60	67	
792	22	25	28	38	42	44	45	46	47	47	49	50	54	62	66	68	79	
793	13	18	20	21	28	29	37	41	43	44	45	46	47	48	59	67	80	
794	7	13	14	15	16	18	19	20	21	22	42	45	58	59	64	66	69	78	79	84	
795	12	15	16	19	20	20	21	22	24	26	41	45	47	48	51	54	60	64	80	
796	12	14	18	19	21	22	23	23	25	40	45	65	69	
797	11	14	17	19	21	22	24	27	29	45	63	76	
798	12	15	19	21	22	23	23	24	65	
799	21	22	24	
800	25	
818	82	
823	53	
824	51	53	54	55	58	59	64	
825	50	52	54	55	55	61	63	
826	24	28	34	47	54	59	64	
827	15	23	23	24	44	52	55	63	64	
828	21	22	23	24	25	26	
829	22	24	55	64	
830	23	23	25	
831	24	
1163	20	
1166	59	
1168	9	
1172	59	
1177	100	
1192	25	97	
1204	59	
1205	11	
1212	23	
1223	84	
1228	98	
1235	6	
1236	49	66	
1239	27	
1240	45	
1242	57	
1243	45	46	55	
1244	11	
1245	47	
1246	43	47	
1247	42	
1250	93	
1273	67	
1274	84	
1275	20	37	47	67	
1276	16	19	21	27	38	43	45	48	56	
1277	16	17	19	21	28	34	36	43	47	53	55	58	59	64	
1278	17	19	20	23	42	45	46	48	50	52	56	68	71	
1279	19	19	21	32	43	45	46	47	49	53	57	60	65	
1280	21	24	41	45	46	47	49	51	56	59	73	
1281	28	44	45	46	47	49	50	
1282	43	61	
1283	35	48	
1284	51	
1299	26	
1302	31	38	
1305	41	47	
1306	16	41	47	
1307	13	16	21	27	39	
1308	15	17	20	23	26	41	48	65	68	
1309	11	14	16	16	18	18	20	21	27	28	40	46	66	
1310	12	14	17	19	21	23	41	45	46	49	61	65	
1311	16	18	19	20	21	23	25	26	42	45	50	55	57	59	62	65	68	
1312	19	20	21	23	24	26	45	49	50	53	54	56	60	69	
1313	20	21	23	25	27	28	35	43	45	48	50	52	55	56	57	59	65	71	
1314	21	23	23	25	35	42	44	47	48	50	51	52	53	54	56	58	58	60	64	
1315	24	41	44	45	46	47	48	49	50	54	
1316	40	43	45	46	47	48	50	52	54	
1317	46	51	
1319	12	
1320	11	
1321	70	
1322	72	
1323	68	
1327	102	
1335	37	87	
1337	18	
1338	19	41	
1339	15	16	20	38	46	48	63	73	
1340	16	18	18	20	24	26	40	44	47	49	67	67	69	
1341	11	13	19	21	26	39	44	47	65	
1342	11	13	15	16	18	19	20	22	45	64	67	70	
1343	10	14	16	18	18	19	20	21	23	24	27	
1344	20	21	23	23	25	27	64	
1345	22	24	
1346	23	23	88	91	92	
1347	55	88	91	92	
1348	24	34	51	52	53	54	55	56	58	58	60	62	65	92	
1349	25	42	47	48	48	49	50	50	51	53	54	55	56	
1350	42	44	45	46	47	48	49	50	52	61	64	
1351	48	
1352	50	
1358	70	
1368	36	
1370	17	41	46	
1371	10	14	17	18	21	40	46	
1372	11	13	15	17	19	20	24	27	40	46	66	69	
1373	14	16	17	18	19	21	25	40	68	
1374	9	14	17	19	20	21	22	24	45	49	68	
1375	11	15	21	22	23	24	28	65	
1376	12	21	23	25	91	
1377	23	24	92	
1378	87	90	91	92	96	
1379	87	88	90	91	93	93	95	97	
1380	82	83	87	88	88	89	90	91	93	96	
1381	82	83	85	86	87	88	89	89	90	92	94	
1382	8	12	16	53	57	62	82	86	88	89	90	91	92	94	97	
1383	16	16	18	19	51	52	52	54	54	55	57	59	60	90	
1384	41	44	45	46	47	48	49	50	50	51	53	55	56	58	60	
1385	44	45	46	49	50	
1386	45	
1387	4	
1397	98	
1401	16	
1403	12	14	17	25	
1404	11	14	16	17	19	38	68	
1405	10	12	13	15	16	18	19	21	23	24	27	70	
1406	9	12	14	15	16	18	19	21	22	24	26	68	
1407	12	15	20	21	23	23	25	27	
1408	21	22	24	25	92	92	
1409	24	87	92	93	
1410	86	87	90	92	94	
1411	82	83	84	85	86	88	88	89	90	91	93	96	100	
1412	81	82	83	85	85	87	88	89	90	92	94	99	
1413	78	80	81	82	83	84	85	86	87	88	90	95	102	
1414	79	80	81	82	84	86	89	91	94	
1415	9	15	79	80	81	81	82	84	85	87	90	98	
1416	7	9	10	11	12	14	14	19	58	78	79	80	80	81	83	83	84	85	89	91	97	
1417	13	15	16	16	17	19	20	27	53	54	55	55	56	57	59	62	81	83	83	85	88	
1418	17	18	42	47	49	50	51	51	53	54	55	57	58	
1419	44	45	46	47	48	48	49	50	51	56	
1420	43	50	60	
1421	52	
1425	102	
1429	35	36	
1435	17	
1436	8	14	19	
1437	12	14	15	16	19	20	40	71	
1438	12	14	15	16	16	17	18	19	21	23	27	69	
1439	10	12	15	17	20	22	25	
1440	23	24	87	92	
1441	83	87	88	90	90	92	95	97	
1442	53	86	87	88	89	90	91	92	95	98	
1443	82	83	85	86	87	88	89	90	93	95	99	
1444	81	82	83	83	84	85	87	88	90	93	96	
1445	79	79	80	82	84	86	94	
1446	79	80	81	84	87	89	
1447	79	80	82	84	88	95	
1448	78	80	85	94	
1449	14	78	80	85	
1450	5	6	8	8	9	10	11	12	13	14	15	19	80	82	92	
1451	11	12	13	15	16	17	18	19	21	28	53	55	55	56	57	58	61	81	85	
1452	16	17	18	20	21	22	51	52	53	54	55	56	60	
1453	44	45	47	48	49	50	50	52	53	54	
1454	48	
1455	67	
1459	81	
1464	19	37	
1466	31	
1469	10	
1470	9	11	13	14	15	17	21	23	67	
1471	10	11	12	13	14	15	16	17	18	18	19	20	24	
1472	17	20	21	22	24	48	51	53	
1473	22	88	91	98	
1474	81	83	85	86	87	89	90	92	93	97	98	
1475	80	81	82	83	84	85	86	89	90	92	94	
1476	79	80	81	83	83	84	85	86	88	90	96	
1477	79	79	80	81	85	87	88	
1478	79	80	81	84	87	
1479	78	81	94	
1480	81	83	
1481	81	91	94	
1484	3	8	9	10	12	14	15	17	21	
1485	6	12	13	15	15	16	17	18	18	19	20	21	52	56	58	
1486	17	20	21	23	46	47	49	50	51	52	53	53	54	55	59	
1487	45	46	48	49	51	59	88	93	
1488	48	52	
1490	55	
1503	9	12	14	
1504	7	8	10	11	12	14	14	15	21	57	
1505	13	15	16	16	18	19	20	21	23	24	52	61	
1506	21	23	49	50	52	53	55	92	
1507	49	81	82	85	87	89	92	94	
1508	55	79	81	84	87	92	
1509	78	80	81	85	90	101	
1510	78	80	82	86	91	
1511	78	81	85	
1512	82	85	
1514	90	
1517	9	13	19	
1518	5	6	8	9	10	11	14	15	16	18	24	57	
1519	13	15	16	17	19	19	20	21	24	26	52	52	56	57	59	
1520	21	22	46	47	48	49	50	51	52	53	54	59	
1521	44	46	49	51	54	60	81	85	99	
1522	50	
1523	58	
1525	95	
1533	72	
1537	9	11	13	
1538	4	6	9	10	12	13	14	15	17	23	
1539	51	53	54	55	86	88	91	94	98	
1540	53	82	86	87	88	89	90	91	93	97	
1541	78	80	82	84	87	89	92	96	
1542	62	79	
1543	80	84	
1547	93	
1550	9	
1551	9	12	14	18	
1552	3	8	9	10	11	12	13	14	15	16	17	18	19	24	
1553	15	16	17	17	18	19	20	22	24	51	52	53	55	57	58	60	
1554	46	47	48	48	49	50	51	52	54	55	56	60	
1555	44	49	50	54	78	84	91	93	
1556	85	
1558	26	
1569	19	37	
1572	4	12	
1573	80	82	83	85	90	93	
1574	79	80	81	82	83	84	85	87	88	92	94	
1575	63	80	82	84	93	
1576	89	
1584	9	
1585	9	11	13	13	15	17	19	25	26	
1586	5	6	8	10	11	12	14	14	15	16	17	19	20	24	27	56	57	58	68	
1587	17	18	19	20	22	24	48	51	52	53	54	55	55	56	59	
1588	23	46	47	48	49	50	51	53	55	58	90	
1589	45	47	49	60	85	88	89	92	95	
1590	87	
1605	45	46	48	66	
1607	79	84	
1608	52	79	81	83	
1609	83	
1610	83	
1611	37	84	
1613	89	
1617	10	16	
1618	9	14	
1619	5	6	9	11	12	13	14	15	16	19	27	67	
1620	8	12	14	15	16	17	17	19	20	21	23	26	56	57	60	
1621	20	21	23	25	47	48	51	52	53	54	55	56	59	61	
1622	43	45	46	47	48	49	50	53	55	91	97	
1623	50	54	82	83	88	
1638	56	
1639	18	20	21	26	46	47	51	59	
1640	44	49	58	62	
1642	79	
1652	7	10	16	24	
1653	8	9	10	11	12	14	14	16	18	19	23	
1654	2	7	12	13	15	16	17	18	20	21	22	23	53	56	57	59	
1655	22	46	48	50	51	52	53	53	54	55	56	
1656	47	49	51	55	57	63	81	83	85	87	89	90	92	94	97	
1657	40	87	95	
1669	8	
1671	8	12	
1672	11	13	14	14	16	17	19	23	56	58	60	60	68	
1673	17	18	21	43	46	47	48	50	51	54	
1674	45	47	49	51	
1677	94	
1685	10	14	39	
1686	10	12	14	16	19	22	24	
1687	5	10	11	12	14	15	15	16	16	17	19	20	21	24	27	56	57	71	
1688	15	20	21	22	24	25	52	53	54	58	61	
1689	47	49	50	51	53	55	87	90	92	95	
1690	50	53	78	81	82	84	86	87	88	90	96	
1691	30	31	31	81	85	95	
1692	84	
1696	82	
1705	9	11	14	19	
1706	7	11	12	14	17	18	19	21	24	28	52	55	56	57	61	73	
1707	20	22	25	46	47	48	49	50	51	53	55	
1708	44	49	55	
1709	49	
1711	63	
1719	9	11	13	18	
1720	7	9	10	12	14	15	17	18	19	20	24	57	71	
1721	12	13	15	16	17	19	19	20	21	22	24	26	52	53	55	56	57	61	72	
1722	22	23	46	47	49	51	52	53	54	55	56	59	
1723	48	50	55	83	85	87	88	90	92	96	102	
1724	49	54	80	82	84	87	89	95	
1738	9	
1739	9	11	13	15	17	19	58	
1740	7	11	12	13	15	16	17	18	20	52	55	56	57	61	
1741	17	20	20	22	46	47	49	50	51	53	54	55	
1742	45	46	48	51	
1743	56	
1752	9	13	16	19	68	
1753	9	11	13	14	15	16	20	
1754	6	8	11	12	14	15	15	16	17	18	19	19	20	21	23	25	56	57	71	
1755	18	21	22	24	48	51	52	53	55	56	57	58	
1756	23	48	49	50	54	60	92	98	
1757	48	51	61	78	79	81	84	86	88	91	
1758	86	
1760	67	
1770	23	
1772	14	
1773	8	9	10	11	13	15	20	24	57	
1774	7	16	17	18	18	19	20	23	52	53	55	56	57	58	61	
1775	20	21	43	45	46	47	47	50	51	52	53	54	55	56	59	
1776	42	47	48	49	
1778	35	57	
1783	21	96	
1785	13	16	29	38	
1786	7	8	11	14	17	19	20	38	70	
1787	9	11	12	13	14	15	15	16	17	18	18	19	20	22	24	57	69	
1788	7	13	15	21	22	23	24	56	
1789	22	23	49	50	51	52	54	58	91	92	
1790	49	51	53	58	82	83	85	86	88	88	89	91	93	95	
1791	53	80	82	84	86	88	92	97	
1792	83	
1803	28	
1806	9	13	23	
1807	6	9	10	11	12	13	15	19	
1808	12	13	15	16	17	19	20	23	24	37	51	51	52	55	56	56	58	60	70	
1809	17	18	21	22	36	43	45	47	49	50	51	52	53	56	58	
1810	43	45	46	47	48	49	51	54	58	
1811	30	46	48	64	
1812	45	45	46	50	
1814	37	50	
1815	36	
1816	16	18	36	47	58	62	
1817	20	28	35	38	43	44	44	68	
1818	8	16	19	22	25	36	48	48	
1819	9	11	13	17	18	19	42	44	66	69	
1820	11	12	13	14	15	16	17	19	20	21	24	69	
1821	7	12	15	17	20	21	22	23	25	57	85	
1822	21	22	25	50	51	52	53	55	93	
1823	51	53	55	57	82	83	85	86	87	89	90	92	94	97	100	
1824	54	78	80	81	82	83	85	86	89	92	95	98	
1825	79	81	85	
1829	47	
1838	1	
1840	9	14	
1841	6	9	10	11	14	15	18	58	
1842	8	12	13	15	15	17	19	21	25	52	53	55	56	58	60	91	
1843	16	17	18	20	21	52	54	55	56	57	59	62	
1844	44	45	48	49	50	51	52	53	55	57	59	
1845	24	26	29	38	39	43	43	45	46	47	48	49	50	53	54	58	66	
1846	37	46	48	50	67	
1847	19	27	42	43	46	48	50	
1848	19	23	28	36	39	46	57	68	68	
1849	14	20	25	41	45	48	48	56	65	
1850	16	18	19	20	41	45	47	53	56	60	63	70	
1851	14	18	19	21	23	23	40	45	46	50	70	
1852	11	14	17	18	20	21	24	44	64	68	
1853	10	12	14	15	19	20	22	24	26	44	70	
1854	13	15	20	21	23	24	56	
1855	22	23	25	50	51	52	53	55	58	93	
1856	48	50	55	82	83	86	88	90	91	95	97	101	
1857	79	80	81	83	84	85	88	88	90	94	
1858	79	81	85	88	
1863	40	
1869	67	
1873	45	84	
1874	9	14	
1875	9	11	13	15	
1876	7	11	12	14	15	15	16	20	23	81	84	87	89	93	94	
1877	13	16	17	20	53	55	56	58	82	86	87	88	88	90	90	92	95	98	
1878	16	18	29	51	52	54	55	57	60	65	91	92	
1879	29	37	42	49	50	52	54	56	60	67	
1880	22	23	28	42	45	47	49	50	55	58	62	66	
1881	19	21	24	41	45	46	47	48	50	54	58	63	67	
1882	15	16	19	21	22	24	42	44	48	60	66	
1883	11	14	15	18	19	20	21	23	24	27	45	50	59	65	73	
1884	14	21	23	24	28	45	51	60	64	
1885	15	21	22	23	25	45	65	
1886	11	23	25	65	
1887	24	90	92	95	98	
1888	24	51	53	54	87	88	91	92	96	
1889	55	82	83	86	87	87	88	89	90	91	93	94	97	
1890	55	77	80	81	82	84	86	87	89	92	93	
1891	78	80	86	96	
1893	85	
1895	82	
1906	67	67	
1909	4	13	
1910	5	7	10	12	14	83	84	93	
1911	7	8	10	12	14	18	80	81	82	83	84	86	89	92	97	
1912	11	13	19	55	82	83	85	86	87	88	89	91	92	94	98	
1913	17	88	91	92	97	
1914	16	17	23	62	
1915	23	25	54	60	
1916	23	25	
1917	24	88	92	
1918	25	87	91	92	98	
1919	87	91	92	94	97	
1920	87	87	90	91	92	95	97	
1921	82	86	87	88	89	90	92	94	
1922	77	80	81	82	83	84	85	86	87	89	90	93	98	99	
1923	79	80	81	82	84	84	86	88	90	
1924	79	81	84	86	98	
1925	81	83	
1943	99	
1944	13	91	
1945	7	10	14	79	81	83	88	88	89	
1946	8	9	11	13	15	79	80	81	82	84	86	88	93	97	
1947	7	10	12	14	15	81	81	82	86	88	89	90	92	94	99	
1948	82	82	86	87	87	90	91	92	93	95	97	
1949	86	87	88	90	91	92	95	98	
1950	86	87	89	90	92	94	96	98	
1951	78	82	83	88	89	90	92	95	98	
1952	81	82	85	86	88	89	90	92	94	98	
1953	78	81	82	85	86	88	88	89	90	93	96	
1954	78	80	80	82	83	84	85	86	87	88	90	95	
1955	79	81	83	83	84	86	88	92	
1956	79	80	83	90	
1957	78	79	81	84	92	
1958	84	
1960	92	
1970	66	
1974	76	78	
1978	85	
1980	10	14	80	84	89	
1981	4	15	79	80	82	83	85	89	92	98	
1982	80	81	82	83	83	84	85	86	88	88	90	94	100	
1983	80	81	82	83	84	85	86	88	89	91	95	100	
1984	77	80	81	81	82	83	84	85	86	88	89	91	93	
1985	79	80	81	84	84	86	89	92	
1986	79	81	83	84	85	87	89	93	
1987	79	80	81	83	84	87	90	96	
1988	79	81	84	89	
1989	33	79	86	
1990	83	
1992	93	
1997	9	
2001	78	
2008	12	
2009	43	47	
2015	101	
2016	79	81	84	
2017	79	80	81	82	85	
2018	78	79	81	84	
2019	79	84	91	
2020	79	
2023	85	
2026	45	
2042	66	
2045	5	98	
2047	91	
2049	84	97	
2052	92	
2053	84	
2054	86	
2056	92	
2066	80	
2067	54	
2077	21	
2080	36	
2084	23	
2088	93	
2140	10	
2145	20	
2169	22	
2183	96	
2218	10	
2237	17	
2253	3	
2254	10	
2267	100	
