46	51	
83	66	
112	42	
118	84	
119	88	92	
120	91	93	97	
121	87	91	92	
122	86	87	90	92	94	97	
123	87	91	93	97	
124	17	88	92	
148	92	
150	93	
151	86	87	91	92	96	
152	80	81	82	87	88	90	90	91	92	94	96	
153	83	85	86	87	89	90	91	94	97	99	
154	81	82	83	84	86	86	87	88	89	90	92	94	97	
155	82	83	84	85	86	87	88	89	91	92	94	97	98	
156	7	10	15	80	82	83	83	85	85	86	87	88	90	91	93	95	98	
157	12	14	81	82	84	85	86	87	89	90	91	93	95	98	
158	17	82	86	87	89	90	91	92	94	97	99	
159	82	83	85	87	88	90	91	92	93	96	
160	17	91	93	
181	92	
182	91	93	96	
183	87	88	89	91	92	94	97	
184	83	86	87	89	90	91	92	95	
185	81	82	83	84	85	86	87	88	89	91	94	96	
186	37	46	81	82	83	84	85	86	87	88	89	90	99	
187	46	46	81	82	83	84	85	86	88	89	93	97	101	
188	46	47	48	80	81	82	84	85	88	99	
189	41	44	46	47	67	79	80	81	82	84	85	86	88	
190	6	8	14	18	41	46	46	68	80	81	82	83	85	89	94	
191	11	36	41	46	80	81	82	83	84	85	89	
192	9	13	13	46	80	81	82	84	85	86	88	89	94	101	
193	7	10	11	13	15	16	80	82	83	84	85	86	87	89	91	94	99	
194	11	17	82	83	85	86	88	88	90	91	92	95	98	
195	16	20	86	91	93	93	97	
196	16	
213	86	87	91	92	96	
214	88	89	90	92	93	94	98	
215	86	87	90	91	93	95	97	
216	82	84	85	86	87	88	90	91	92	95	98	102	
217	46	82	83	84	85	86	87	89	89	90	92	94	98	100	
218	38	47	67	80	81	82	83	83	85	85	87	88	89	94	98	
219	16	18	35	44	46	51	59	67	79	80	81	83	84	85	89	99	
220	16	17	19	20	44	46	48	51	56	59	66	70	78	79	80	83	84	85	
221	17	18	19	19	21	26	29	34	42	44	48	48	50	51	55	57	58	59	67	69	78	80	84	
222	18	19	20	21	34	42	44	45	47	49	50	52	54	56	58	60	70	79	80	84	
223	19	20	21	23	27	34	44	45	47	48	50	51	53	54	56	57	58	59	60	69	79	80	
224	19	20	21	22	28	44	45	49	50	51	53	56	57	58	58	59	68	72	79	
225	20	21	22	23	28	32	37	40	43	45	45	46	48	49	50	51	52	56	57	59	69	80	
226	20	21	23	28	44	44	45	46	47	48	49	50	51	56	70	79	81	83	
227	9	12	14	22	38	44	45	47	49	71	79	79	80	84	99	
228	7	10	12	13	15	46	81	82	84	85	89	94	99	
229	8	10	12	13	15	17	18	82	84	85	87	88	89	91	94	
230	16	17	18	21	87	91	96	
244	56	60	
245	47	51	
246	87	90	91	94	97	
247	81	82	84	86	87	88	89	91	93	94	97	100	
248	82	83	84	85	86	87	89	90	91	92	95	97	
249	80	81	82	83	83	84	85	86	87	88	90	91	94	97	
250	68	78	80	80	81	82	83	84	85	86	88	88	89	94	
251	8	16	16	18	18	19	32	47	79	81	82	84	85	
252	9	12	14	16	17	19	20	32	44	45	51	69	79	80	84	
253	3	9	12	13	15	17	18	19	20	20	21	27	34	44	45	49	79	
254	12	14	18	19	20	21	23	24	27	44	50	
255	15	20	21	22	23	24	51	55	58	
256	21	23	23	25	65	
257	22	24	53	60	64	
258	23	24	52	54	59	
259	22	24	51	53	54	55	57	58	58	60	62	65	
260	23	25	45	50	51	52	54	55	56	57	59	60	67	
261	41	44	45	46	47	48	48	49	50	51	51	53	
262	9	10	14	44	45	46	47	48	49	81	83	
263	7	9	10	12	13	13	14	15	80	81	83	83	85	86	90	96	98	
264	12	15	16	17	19	83	84	86	88	89	91	95	
265	17	18	20	
277	57	
278	52	53	54	56	58	58	63	
279	46	47	49	50	51	52	55	56	
280	46	49	51	81	82	83	84	86	88	88	90	93	93	96	
281	38	79	80	81	82	83	84	85	87	88	90	99	
282	79	80	81	81	83	84	85	86	89	96	
283	9	17	78	79	80	81	82	84	86	89	103	
284	6	10	11	13	15	16	17	17	19	19	20	29	44	70	79	80	83	98	
285	8	11	12	13	14	16	17	18	19	19	20	21	24	70	
286	8	10	15	18	20	21	21	22	24	26	28	
287	21	22	23	23	25	
288	23	
289	25	
293	55	
294	52	53	53	55	55	56	56	57	58	60	61	
295	50	51	52	53	54	54	56	58	62	
296	45	46	47	48	49	50	51	
297	5	6	9	11	13	14	15	43	48	
298	6	8	11	12	14	15	17	19	80	82	85	87	90	95	
299	16	16	17	18	18	20	21	
311	56	57	
312	47	51	52	53	54	55	56	58	61	
313	47	48	48	50	50	51	53	54	58	85	88	91	93	
314	39	46	49	53	80	82	83	85	88	91	
315	79	80	83	
316	6	9	12	16	18	18	48	70	79	80	
317	9	10	12	13	13	15	16	17	18	18	19	20	21	43	45	46	69	79	
318	10	11	13	14	15	16	18	18	19	20	21	22	24	27	44	69	
319	19	20	22	23	24	25	28	
320	23	
328	56	58	62	
329	35	50	51	52	53	53	54	55	56	56	57	59	60	63	
330	43	46	47	47	48	49	50	50	51	54	58	
331	9	10	13	44	45	46	48	49	
332	6	7	10	11	12	12	14	14	15	16	19	81	84	91	93	
333	13	16	16	17	18	18	19	20	22	26	86	
334	22	
345	53	56	57	58	62	
346	46	47	50	51	52	53	54	55	55	57	58	61	
347	44	45	48	48	49	50	51	53	55	82	85	88	89	93	97	100	
348	9	79	83	84	101	
349	8	12	14	15	16	19	70	
350	9	11	12	13	14	15	16	17	17	18	18	19	20	20	22	24	26	28	69	
351	5	12	14	15	17	18	18	20	21	22	23	23	24	25	
352	5	21	22	23	25	
353	22	
362	57	
363	51	52	53	55	56	57	57	58	60	62	
364	46	47	48	50	50	51	52	53	53	54	59	
365	9	14	45	49	49	
366	2	4	7	8	10	11	12	12	13	14	14	15	16	18	20	24	72	84	
367	15	16	17	18	19	20	21	22	22	
368	23	
378	57	
379	51	53	55	56	56	57	59	
380	46	47	48	49	50	51	52	54	54	55	57	59	61	
381	45	46	49	50	53	81	84	87	91	
382	9	10	12	14	82	89	95	
383	4	7	10	11	12	13	14	14	15	15	16	17	18	19	24	
384	4	8	11	13	16	17	19	21	22	22	23	25	
385	18	20	22	25	
396	57	
397	51	52	53	55	56	57	57	59	60	62	
398	46	48	49	50	50	51	52	54	54	
399	9	10	13	44	45	49	
400	5	6	8	10	11	12	12	14	14	15	16	18	23	25	
401	1	16	17	18	19	20	21	22	24	
412	57	
413	48	52	52	54	55	56	56	58	59	60	62	
414	42	45	47	48	49	50	51	51	52	53	54	55	
415	44	46	48	50	64	79	84	88	95	101	
416	9	10	11	14	16	88	
417	2	5	8	9	10	11	12	13	14	14	15	17	18	22	24	74	
418	13	15	16	17	18	20	21	23	24	91	
419	17	18	21	
430	57	
431	51	53	54	55	56	57	58	60	
432	47	48	49	50	52	53	55	87	90	
433	5	9	11	14	48	92	97	
434	6	8	12	13	14	15	16	18	19	23	73	
435	17	19	20	21	22	24	
439	73	74	
446	58	
447	52	52	53	54	55	55	56	56	57	57	59	60	62	
448	46	47	47	48	49	50	51	51	52	53	54	54	55	56	58	60	
449	32	43	45	46	48	49	49	50	84	
450	4	9	12	
451	5	6	8	9	11	12	13	14	15	15	17	18	
452	7	11	12	13	14	15	16	17	18	19	19	20	22	82	98	
453	18	20	22	
464	57	58	60	
465	46	48	51	52	54	55	56	59	
466	45	49	50	53	54	63	83	84	87	89	91	94	102	
467	8	10	11	14	83	86	89	
468	6	10	11	12	13	14	15	15	16	17	17	18	19	20	23	25	27	71	
469	18	20	21	22	24	
480	57	
481	52	55	56	56	57	59	60	62	
482	46	47	48	49	50	51	51	52	53	54	55	56	59	
483	9	44	45	46	47	48	49	50	
484	9	10	13	15	44	49	
485	2	6	8	9	10	11	12	12	13	14	15	16	18	
486	2	16	17	18	18	20	21	22	23	25	
487	21	23	
497	56	57	
498	51	53	56	57	59	61	
499	47	49	50	51	52	54	55	95	
500	9	45	49	81	83	85	87	89	92	94	101	
501	5	7	8	9	10	11	13	14	14	15	16	18	19	81	89	
502	13	15	15	16	17	18	19	20	20	21	24	
503	21	23	
514	57	
515	52	53	54	55	56	57	57	59	60	
516	47	48	50	51	52	53	54	54	55	56	58	60	
517	43	45	45	46	47	47	48	49	50	51	54	
518	6	8	10	14	45	48	
519	3	7	9	10	11	12	13	14	14	15	17	18	24	
520	11	13	15	16	17	19	20	22	25	26	93	
521	17	17	21	
522	62	63	
523	64	
531	53	56	57	
532	51	52	54	55	58	61	
533	45	49	50	51	53	54	82	85	88	88	91	94	
534	9	11	14	67	79	81	82	84	86	89	101	
535	4	7	10	11	12	13	13	14	15	15	16	17	18	19	23	72	
536	17	18	20	21	21	22	23	25	26	
537	21	
549	53	57	58	59	61	
550	50	51	52	52	54	55	55	56	57	59	60	62	
551	33	45	46	47	48	48	49	50	50	51	53	54	56	
552	6	9	13	44	45	47	49	
553	4	7	9	11	12	13	14	15	23	81	88	96	
554	8	11	12	14	15	16	17	18	19	81	86	89	92	99	
555	16	17	17	20	22	
564	57	
565	52	53	55	56	57	60	
566	51	52	54	55	59	92	
567	8	49	54	82	85	87	89	92	94	
568	6	9	10	11	12	14	14	15	16	69	80	84	
569	13	14	15	16	17	17	18	18	19	20	20	21	23	25	26	70	
570	2	22	24	25	25	
583	56	58	62	
584	35	51	52	52	53	54	55	55	56	56	57	58	59	61	
585	43	45	46	47	47	48	49	50	50	50	51	52	52	53	54	54	56	58	
586	44	45	46	47	49	49	
587	5	7	8	9	10	11	13	13	14	
588	7	9	11	11	12	13	14	15	16	17	18	19	21	69	81	83	86	89	98	
589	12	16	17	17	19	20	21	22	27	91	
590	23	
598	53	56	60	
599	51	52	55	56	60	88	92	
600	51	53	55	82	84	86	87	89	90	92	94	101	
601	9	10	14	16	18	43	79	81	83	84	85	88	
602	4	7	11	12	13	15	15	16	17	18	18	19	20	24	27	69	
603	17	20	20	21	22	24	
606	13	
607	13	
618	52	52	53	55	55	56	57	58	58	59	61	
619	43	47	50	51	52	52	53	54	54	55	56	59	60	67	
620	40	44	45	45	46	46	47	48	48	49	50	51	53	63	
621	4	9	10	14	43	45	46	48	72	
622	7	8	11	11	12	13	14	15	15	18	23	81	84	
623	13	16	17	18	20	21	86	88	90	92	97	
624	16	23	
631	56	58	
632	53	55	91	96	
633	54	83	86	87	89	91	92	95	102	
634	6	8	10	14	18	79	81	82	83	84	85	89	98	
635	4	6	10	12	13	14	15	16	17	17	18	19	20	21	29	69	79	
636	4	12	20	21	21	22	23	25	
637	22	
652	55	57	58	59	
653	51	52	52	53	54	55	55	56	56	57	59	60	60	
654	43	45	47	49	50	50	51	52	53	53	54	55	56	57	58	
655	4	8	10	32	42	44	45	45	46	46	47	48	49	50	69	
656	4	6	8	10	11	12	14	15	19	23	48	99	
657	12	13	14	15	16	18	21	82	84	86	89	90	92	96	
658	16	17	20	87	91	93	98	
659	17	93	
664	57	
665	53	53	87	90	92	97	
666	52	55	87	90	91	92	93	96	
667	9	13	80	82	84	85	86	88	88	89	91	95	99	
668	7	10	11	12	12	14	14	15	16	16	19	20	27	69	80	83	
669	13	18	19	20	21	23	24	
670	22	25	
687	54	55	58	61	
688	35	51	52	53	53	54	55	56	57	58	60	62	
689	30	38	47	49	50	50	51	53	56	
690	4	10	43	44	45	46	47	48	48	49	49	66	
691	8	9	10	12	13	14	15	44	46	81	83	84	85	88	93	
692	12	15	17	21	81	83	85	86	88	88	90	91	96	
693	16	86	88	90	91	93	97	
694	92	
695	92	
696	93	97	
697	87	91	92	98	
698	53	55	58	83	87	88	90	91	93	96	
699	54	83	84	85	86	88	89	90	92	94	96	
700	9	79	80	81	82	83	85	86	87	88	89	91	94	98	100	
701	6	9	10	11	13	13	14	15	16	16	18	18	19	69	78	80	81	83	85	
702	3	11	12	14	15	16	17	18	19	19	20	21	24	26	
703	18	20	22	23	24	
722	52	55	56	57	59	
723	51	51	52	54	54	55	56	57	58	59	64	
724	31	43	47	48	49	50	51	53	56	58	
725	1	5	9	24	43	44	45	46	47	48	49	50	67	69	
726	6	10	12	14	44	46	47	48	81	82	84	85	89	
727	7	10	12	14	46	81	82	83	84	85	86	88	89	90	95	99	
728	82	85	86	87	89	90	92	94	97	100	
729	83	87	88	89	90	91	94	96	
730	82	85	87	88	89	91	92	93	95	97	
731	82	85	86	86	87	88	89	90	92	94	96	
732	54	81	82	83	84	85	86	87	89	90	91	95	97	99	
733	42	68	78	79	81	82	83	84	85	86	89	90	95	99	
734	7	9	10	11	12	13	14	16	17	19	19	21	80	81	83	89	
735	6	11	12	14	15	17	18	18	19	20	21	23	25	26	69	
736	1	20	21	22	24	28	
737	23	
757	55	55	58	61	
758	35	52	54	55	57	59	60	74	
759	5	45	48	51	51	52	54	55	56	56	57	58	60	
760	24	31	39	45	46	47	48	49	50	51	53	57	67	
761	39	44	44	46	47	49	50	81	84	
762	7	11	43	46	48	68	80	82	83	83	84	86	93	100	
763	47	81	82	83	84	85	86	89	90	93	101	
764	17	42	46	47	80	81	82	83	84	86	89	90	100	
765	18	36	43	47	51	60	68	79	80	81	82	83	83	84	85	87	88	89	100	
766	9	16	17	19	19	43	45	46	47	49	66	70	79	80	81	84	85	
767	8	10	11	13	14	15	17	18	18	19	20	45	48	68	79	80	
768	11	12	13	14	15	17	18	19	20	21	21	22	23	25	26	45	72	
769	2	13	21	22	22	24	
770	23	
792	55	
793	52	54	55	58	60	
794	50	51	52	53	54	55	56	57	58	59	61	
795	24	31	42	45	47	50	51	51	52	53	54	56	57	58	60	
796	21	23	32	41	44	45	45	47	48	49	50	51	54	56	57	59	64	67	80	
797	14	19	20	26	30	37	43	44	44	45	46	49	50	53	57	59	66	71	80	81	84	
798	19	19	21	32	45	46	48	49	65	66	69	79	84	
799	10	12	14	15	16	18	19	20	22	42	44	45	48	60	65	68	69	80	
800	12	14	15	16	18	19	19	20	21	25	27	79	
801	5	15	19	21	22	23	23	24	70	
802	5	21	22	23	24	
803	22	24	
828	53	55	
829	25	55	58	61	65	
830	24	52	54	60	
831	24	51	55	59	
832	10	15	22	23	24	25	26	
833	21	22	23	24	
834	21	22	24	
835	23	
836	25	
865	25	
1172	90	
1174	10	
1175	72	
1197	26	
1200	59	
1205	51	
1207	49	
1213	9	
1221	63	
1232	4	
1234	42	
1242	16	31	47	49	
1243	47	
1244	43	43	
1245	48	51	
1259	25	76	
1265	54	
1269	43	
1270	89	
1272	36	43	47	62	62	
1273	16	46	
1274	16	43	57	
1275	16	18	19	25	47	51	
1276	16	18	20	27	32	43	46	50	58	60	
1277	19	22	42	44	47	49	56	69	
1278	20	38	38	45	46	47	49	51	55	59	69	
1279	21	38	45	46	47	48	50	57	62	66	
1280	26	44	46	47	50	
1281	43	46	50	
1284	36	
1287	70	
1288	72	
1291	70	
1298	38	
1302	66	
1304	46	
1305	18	41	45	
1306	16	20	48	51	64	
1307	13	16	18	18	20	40	44	46	58	66	71	
1308	17	18	20	22	25	40	45	47	49	56	65	66	73	79	79	
1309	17	18	20	21	23	24	26	35	45	48	49	55	57	62	64	70	
1310	19	20	22	28	42	44	45	48	49	54	57	62	66	70	
1311	18	19	21	23	23	45	51	54	56	59	70	
1312	20	22	25	28	30	42	45	47	49	50	51	52	53	55	57	58	60	63	66	68	
1313	21	23	24	38	41	44	45	47	48	49	50	52	54	56	59	66	
1314	21	27	31	44	47	48	48	50	51	55	57	58	
1315	43	43	45	46	47	49	51	54	57	70	
1316	28	45	46	47	48	50	
1317	43	53	
1318	5	
1319	49	
1324	3	
1331	39	
1335	20	
1337	17	39	46	
1338	14	16	18	19	20	41	47	50	
1339	14	16	19	22	45	46	66	68	
1340	14	17	18	19	20	28	44	48	64	
1341	13	17	19	20	21	23	24	44	69	
1342	19	21	22	24	69	
1343	21	22	23	24	64	
1344	22	24	80	92	
1345	23	23	25	93	
1346	22	24	54	55	59	92	92	
1347	25	52	53	55	58	58	61	92	
1348	23	45	51	52	54	55	57	59	61	
1349	21	24	28	32	42	48	48	49	50	51	52	54	56	57	58	60	
1350	30	41	44	45	46	47	48	49	50	51	56	60	66	
1351	44	45	46	47	49	54	
1357	72	
1363	40	
1367	4	19	
1368	19	33	38	47	
1369	17	19	38	44	46	47	50	71	
1370	12	14	18	19	21	24	30	42	44	46	50	65	69	
1371	14	17	19	20	24	40	48	61	65	66	70	
1372	11	14	16	18	18	19	20	22	25	45	47	67	71	
1373	11	14	19	21	22	24	26	30	44	
1374	8	10	15	20	21	23	23	25	
1375	6	22	23	24	92	93	
1376	23	25	92	96	
1377	83	86	87	90	91	93	94	96	
1378	83	85	86	87	89	90	91	92	94	96	
1379	86	87	88	89	90	91	92	94	95	97	
1380	51	82	87	88	89	90	91	94	96	
1381	83	86	87	89	89	90	92	94	96	
1382	83	87	90	91	92	94	96	
1383	52	54	55	56	57	58	60	65	87	90	92	95	
1384	18	25	50	51	52	53	55	56	57	59	
1385	43	44	45	46	47	48	49	50	51	52	54	59	
1386	45	46	48	50	
1387	46	
1399	33	
1400	16	19	
1401	9	12	13	19	67	
1402	14	15	16	18	18	19	21	23	27	39	97	
1403	15	16	17	18	19	20	21	23	25	42	45	47	57	59	64	69	
1404	10	15	17	19	21	23	24	26	29	45	49	65	66	70	
1405	10	12	13	15	19	21	22	23	25	44	48	56	71	
1406	22	23	25	
1407	22	23	93	97	
1408	86	87	88	89	90	91	95	98	
1409	83	85	86	87	89	90	91	95	
1410	82	83	84	85	87	88	89	90	92	94	96	
1411	80	81	82	84	85	86	88	89	91	96	99	
1412	80	81	82	84	85	87	88	90	
1413	80	80	81	83	83	84	85	86	90	98	
1414	79	80	81	82	83	84	85	88	90	92	94	98	
1415	8	14	79	80	81	81	83	83	84	85	88	88	90	
1416	9	11	13	15	80	81	82	83	84	85	86	88	90	95	100	
1417	7	12	14	15	16	58	82	83	84	85	86	87	88	90	92	93	99	
1418	13	17	19	52	52	55	56	57	59	61	87	90	92	96	
1419	43	48	50	51	53	54	55	56	57	58	61	
1420	45	46	47	49	49	51	52	55	59	88	
1421	48	50	
1422	49	
1423	5	
1426	75	
1434	9	20	
1435	7	10	11	13	14	15	16	18	18	20	
1436	12	13	15	16	16	17	18	18	19	20	21	24	
1437	17	21	21	23	24	65	
1438	21	22	23	
1439	25	61	
1440	53	87	90	92	93	97	
1441	53	82	86	87	89	90	91	93	94	97	
1442	80	82	83	84	85	86	89	91	94	
1443	79	80	81	83	83	85	89	94	98	
1444	79	80	81	83	84	87	90	96	
1445	78	79	81	83	86	
1446	80	82	84	
1447	79	81	88	
1448	78	80	85	
1449	79	82	85	
1450	9	12	14	79	80	83	88	88	93	
1451	6	9	10	11	14	79	80	82	84	85	92	98	
1452	7	13	14	15	16	18	56	57	62	80	82	84	85	87	88	90	100	
1453	16	16	17	18	20	51	52	57	58	62	
1454	45	46	47	48	48	49	50	51	53	53	55	
1455	44	47	49	56	
1456	53	80	
1458	69	
1461	5	
1468	8	10	12	18	
1469	6	8	9	10	12	13	14	15	15	15	16	19	20	21	23	71	
1470	15	17	18	19	19	20	22	23	25	26	69	74	
1471	22	
1472	52	55	88	92	97	
1473	52	54	55	59	86	86	87	89	90	91	92	94	95	97	
1474	58	81	82	84	85	86	87	88	89	90	95	100	
1475	79	80	81	82	83	84	87	88	90	
1476	79	80	83	84	86	89	
1477	61	80	88	
1481	26	
1483	29	
1484	23	
1485	3	7	9	11	14	17	87	88	
1486	7	10	11	12	14	14	19	57	58	81	83	90	95	99	
1487	12	13	16	17	17	19	20	23	27	52	52	53	54	55	55	56	56	57	59	62	70	81	91	
1488	22	46	47	48	50	51	52	53	55	56	58	
1489	47	50	53	86	
1497	35	
1498	11	
1501	9	18	
1502	9	11	13	14	15	19	
1503	8	10	11	12	13	14	15	15	16	17	18	19	22	
1504	13	17	17	19	20	21	23	24	56	58	
1505	46	48	50	51	53	54	56	97	
1506	53	82	83	85	85	86	87	89	90	91	93	96	
1507	80	81	82	83	83	84	85	86	88	89	97	100	
1508	79	80	82	83	84	87	89	97	100	
1509	79	81	87	
1510	81	
1512	86	
1516	28	
1518	13	
1519	10	13	87	
1520	7	10	11	12	14	14	15	16	17	19	58	84	89	
1521	13	15	16	17	19	20	22	24	26	52	52	55	56	57	59	60	81	86	90	
1522	22	45	46	47	49	50	50	52	53	54	56	60	
1523	49	
1524	50	53	
1535	10	15	21	
1536	7	9	10	11	12	13	14	15	18	
1537	5	7	12	12	14	15	16	16	17	18	19	19	21	23	27	56	57	58	61	71	
1538	17	20	21	22	24	26	47	48	51	51	52	54	55	56	57	59	
1539	44	46	46	47	48	50	52	56	62	82	86	91	94	
1540	45	46	49	79	80	81	82	84	87	89	99	
1541	53	79	80	82	85	89	93	
1542	79	
1544	70	93	
1548	26	
1549	25	50	
1550	30	
1552	14	
1553	9	
1554	6	9	10	11	13	14	15	17	19	21	23	58	85	
1555	15	18	20	21	26	52	54	55	56	59	60	
1556	23	46	47	49	50	51	53	55	58	91	
1557	49	55	
1561	2	
1568	9	
1570	4	6	8	8	9	10	11	12	13	14	15	19	23	
1571	13	15	16	16	17	18	18	19	20	21	23	57	58	62	69	
1572	17	20	22	52	53	54	55	56	57	58	59	60	62	
1573	45	46	47	48	49	50	51	54	55	61	
1574	44	46	48	49	51	54	79	
1575	48	
1582	26	
1587	10	14	19	
1588	8	10	11	12	13	14	15	16	18	23	58	
1589	16	17	17	20	21	28	48	51	51	52	53	54	55	57	60	70	
1590	44	47	49	50	51	53	82	87	89	103	
1591	55	
1592	56	56	56	57	
1593	79	
1602	10	
1603	8	10	13	
1604	6	8	9	10	11	12	14	14	15	16	18	23	
1605	13	15	16	17	18	19	21	23	58	71	
1606	17	18	22	48	51	51	52	54	55	56	57	59	61	
1607	45	46	48	49	50	51	52	53	54	55	56	59	
1608	50	58	
1609	49	63	
1613	47	
1614	27	
1619	14	
1620	17	19	25	
1621	6	8	10	12	14	16	
1622	5	6	12	13	14	15	16	17	19	20	20	22	25	28	56	57	59	71	
1623	20	21	23	24	48	51	52	53	54	55	57	59	
1624	45	47	49	51	53	55	82	85	87	89	92	93	103	
1625	83	86	90	
1627	76	
1632	100	
1637	9	14	
1638	4	7	9	10	11	13	13	14	15	16	18	25	47	
1639	8	11	12	15	16	17	18	19	21	25	57	58	92	
1640	16	17	20	22	48	51	52	53	54	55	56	57	60	
1641	44	45	46	47	49	50	50	52	53	54	56	
1642	45	46	48	50	56	64	
1643	48	
1652	27	
1653	17	
1654	11	13	20	25	
1655	8	9	10	12	14	15	16	17	19	
1656	14	15	16	17	18	19	20	21	22	23	25	27	52	56	58	59	62	68	
1657	22	47	49	50	51	52	53	54	61	
1658	50	81	83	84	87	90	97	99	
1659	82	
1669	24	
1671	5	10	
1672	4	7	8	9	10	11	13	14	16	22	
1673	7	10	11	12	13	14	15	17	19	20	22	25	56	57	62	83	85	87	92	97	100	
1674	17	18	19	21	23	35	52	52	53	54	55	56	57	58	60	91	
1675	42	45	46	47	49	50	51	52	53	54	55	58	
1676	44	46	48	49	51	
1677	47	49	
1679	60	
1680	62	
1684	62	
1686	20	
1688	8	11	15	17	19	25	26	
1689	6	11	12	13	15	16	17	19	20	21	24	26	29	56	58	70	
1690	18	20	21	22	23	51	53	57	60	
1691	48	50	53	54	87	89	91	94	98	
1692	58	81	85	90	96	
1694	83	
1702	88	
1703	20	
1705	10	99	
1706	4	8	9	11	14	18	
1707	6	10	11	12	13	13	14	15	15	16	19	23	58	81	85	88	91	100	
1708	16	16	17	18	18	19	20	28	51	53	54	55	56	56	57	59	60	86	91	91	
1709	17	22	42	48	49	50	51	52	53	54	55	56	58	60	
1710	16	42	44	45	47	48	48	49	50	52	53	56	
1712	102	
1714	53	
1716	6	
1719	43	
1720	87	
1721	9	
1722	5	8	9	11	12	14	15	16	17	19	20	58	69	
1723	15	18	20	22	28	53	56	59	62	69	
1724	22	23	49	50	51	52	53	55	57	92	
1725	50	63	80	82	83	85	87	89	91	93	
1726	82	85	88	
1728	16	17	17	
1734	77	
1740	5	8	11	13	15	16	
1741	7	9	10	11	12	13	14	15	15	16	27	84	98	
1742	16	17	18	18	19	20	22	53	57	57	60	61	82	85	90	93	98	
1743	21	23	50	51	52	53	54	54	55	56	57	58	59	60	
1744	44	45	46	47	48	49	50	51	53	62	63	
1745	44	49	
1747	55	
1750	54	
1751	71	
1754	9	
1755	4	9	12	13	15	16	17	19	20	28	
1756	5	7	11	12	14	15	17	19	20	21	23	24	56	58	
1757	21	22	24	50	52	53	54	55	57	62	
1758	51	54	85	86	88	89	91	93	93	96	
1759	79	81	83	83	86	91	96	102	
1763	8	
1764	7	8	
1772	25	
1774	11	13	
1775	2	5	8	9	10	12	13	14	33	34	84	
1776	7	12	13	14	15	17	19	21	25	33	57	58	62	82	85	87	89	91	93	97	
1777	17	18	21	52	52	54	54	55	55	56	57	59	60	88	92	93	97	
1778	40	45	45	46	47	47	49	49	50	51	53	55	56	59	
1779	43	45	46	47	48	50	59	
1780	44	47	48	
1782	51	
1785	58	
1786	24	70	
1787	45	
1788	7	8	10	12	15	16	17	18	19	71	
1789	10	12	13	14	15	17	19	20	22	23	25	26	56	58	69	
1790	18	21	25	50	52	56	61	
1791	51	53	55	86	88	90	92	95	
1792	53	81	83	83	84	85	87	90	103	
1793	80	
1794	70	
1804	90	
1808	9	
1809	5	10	11	14	85	94	102	
1810	6	8	10	12	13	13	14	15	80	82	84	86	90	
1811	12	17	53	55	57	57	60	81	82	84	86	87	89	90	91	93	95	
1812	16	18	51	52	53	54	55	57	59	61	63	
1813	43	44	45	46	47	48	49	50	55	56	59	
1814	44	46	48	
1815	41	48	
1819	28	46	67	69	
1820	17	20	40	
1821	9	11	13	15	17	18	20	28	46	68	
1822	11	12	14	16	17	18	19	20	22	24	56	70	
1823	17	20	21	22	24	51	52	57	59	
1824	49	51	53	54	57	87	92	
1825	81	82	83	84	86	90	96	99	
1826	54	80	85	100	
1827	89	
1830	2	
1839	22	
1841	88	
1842	49	
1843	11	14	
1844	3	4	6	8	10	15	82	84	93	
1845	7	11	12	13	13	14	15	16	80	81	82	83	83	84	85	86	88	90	98	
1846	16	18	34	52	55	56	57	58	60	82	85	86	88	89	90	92	94	96	
1847	18	35	52	53	53	55	56	58	59	
1848	26	43	44	45	48	49	50	51	54	57	68	
1849	41	45	46	47	49	50	53	67	
1850	21	44	47	48	53	66	
1851	45	46	49	
1852	10	17	20	37	43	43	46	71	
1853	13	13	17	19	47	48	68	70	
1854	7	11	14	16	18	19	20	38	43	67	
1855	5	9	11	12	13	15	16	17	18	19	20	23	24	26	28	57	72	
1856	20	21	22	24	52	53	56	59	
1857	22	23	25	50	51	52	54	58	88	91	93	98	
1858	82	85	86	89	90	96	98	
1859	79	81	84	88	88	
1860	83	91	
1861	90	
1862	83	
1874	36	
1877	27	
1878	7	9	
1879	4	8	10	12	13	19	80	82	86	88	
1880	6	10	12	14	80	81	82	83	84	85	87	89	93	98	100	
1881	17	53	55	83	87	90	91	93	95	96	
1882	17	33	48	51	52	54	55	57	59	61	92	
1883	24	30	33	36	48	51	52	53	55	57	59	67	
1884	20	44	45	47	49	50	55	56	59	68	
1885	18	20	23	24	38	43	45	48	51	54	61	64	87	
1886	6	14	18	20	21	24	26	44	49	59	
1887	9	15	19	20	21	24	27	45	49	69	
1888	12	14	18	19	20	21	23	25	45	72	
1889	20	21	22	23	24	57	58	61	
1890	51	52	53	55	88	92	
1891	52	55	57	58	82	85	86	87	89	90	93	95	
1892	79	81	83	86	89	94	
1895	1	90	
1899	68	
1913	5	12	13	102	
1914	10	14	80	82	84	93	93	
1915	8	9	11	14	16	79	80	82	84	86	89	91	99	
1916	12	15	82	85	87	88	90	91	95	100	
1917	17	55	61	87	88	91	97	
1918	17	24	54	
1919	22	25	53	65	
1920	14	23	23	
1921	22	23	
1922	22	25	88	92	
1923	53	55	61	86	87	88	90	91	93	94	95	97	
1924	54	82	83	86	88	89	90	92	94	97	100	
1925	79	81	82	83	83	85	86	89	
1926	80	84	
1927	87	91	
1931	20	
1940	76	
1948	48	
1949	5	8	12	80	83	84	100	
1950	9	12	14	79	80	82	84	85	90	93	99	
1951	6	9	12	13	15	16	81	81	82	87	89	92	93	97	100	
1952	14	82	87	88	89	90	92	93	96	
1953	88	90	91	92	96	98	
1954	87	87	90	90	92	94	96	
1955	86	87	90	91	92	94	95	97	
1956	82	83	85	86	87	89	90	91	93	96	100	
1957	80	81	82	83	84	84	85	87	89	91	96	100	
1958	79	80	81	83	84	86	89	92	
1959	79	82	85	
1962	16	
1965	41	
1966	7	
1968	88	
1982	18	
1983	95	
1984	89	
1985	12	79	80	84	86	90	
1986	80	81	84	85	86	90	92	97	100	
1987	80	81	82	83	84	85	86	87	90	92	96	
1988	81	82	83	83	84	86	88	90	91	95	98	
1989	81	81	83	85	86	88	90	95	
1990	80	81	83	84	86	91	94	
1991	78	80	82	84	
1992	78	81	
1993	88	
1997	88	
2007	52	
2016	89	
2017	24	
2019	84	
2020	82	83	91	
2021	79	80	82	91	
2022	79	81	84	
2023	79	80	84	87	89	
2024	81	86	
2028	93	
2033	79	
2039	3	
2043	83	
2045	69	
2053	38	
2055	91	
2056	86	
2082	59	
2084	49	
2085	37	
2088	94	
2123	86	
2148	13	
2158	3	
2167	3	
2186	103	
2190	101	
2204	18	
2211	18	
2237	19	
2250	5	
