84	72	
113	44	
116	59	
118	87	
120	87	91	93	96	
121	87	91	93	97	
122	87	88	90	91	96	
123	87	92	96	
124	17	92	
143	43	
152	87	90	90	96	
153	86	87	90	91	92	94	96	
154	81	82	84	85	86	87	88	90	91	95	97	
155	7	81	82	84	85	86	87	89	90	91	95	
156	6	12	16	81	82	84	85	86	87	89	90	93	95	
157	7	12	14	82	85	86	87	88	90	91	95	98	
158	17	83	87	88	89	90	91	93	95	
159	86	88	90	92	97	
160	18	92	
184	92	
185	83	86	87	89	90	92	94	96	
186	81	82	84	85	87	88	88	90	92	95	97	98	
187	16	41	47	51	56	58	80	81	82	84	85	86	88	95	99	
188	19	41	44	47	49	56	68	78	80	81	84	85	89	
189	9	38	43	44	47	66	68	78	79	81	83	84	89	98	
190	10	19	26	39	68	73	80	81	83	83	84	98	
191	11	80	81	83	84	86	
192	8	10	13	80	81	82	84	85	87	89	96	98	
193	7	12	15	16	81	82	84	85	86	87	89	90	93	96	
194	12	16	82	86	90	91	95	
195	16	18	
216	57	
217	52	55	87	89	90	91	95	98	
218	52	82	84	85	87	87	88	90	91	94	96	98	
219	80	82	84	85	86	88	89	94	99	
220	8	10	14	16	18	70	78	80	81	83	84	86	89	99	
221	16	17	18	18	19	20	27	42	45	47	49	52	57	71	78	80	84	
222	19	21	22	28	28	41	44	45	47	49	51	57	60	63	68	
223	20	21	23	24	25	44	45	47	49	50	52	55	56	58	59	61	
224	21	22	24	27	29	38	44	45	47	49	50	51	56	58	60	70	
225	5	22	23	31	42	43	45	45	46	47	48	49	49	50	72	
226	21	26	28	42	43	45	46	46	48	49	70	79	80	83	
227	8	9	10	12	13	14	79	80	81	84	
228	7	12	14	15	16	20	81	83	84	86	88	88	90	94	
229	16	17	18	19	20	
248	57	61	
249	52	54	56	93	
250	52	83	86	87	90	91	93	94	96	99	
251	51	54	81	82	84	85	86	88	89	91	93	95	
252	80	81	82	83	84	85	89	93	100	
253	8	8	10	12	14	16	17	18	19	26	44	49	68	79	80	83	
254	1	10	12	13	14	15	18	19	20	21	27	28	44	69	78	
255	13	18	20	21	22	23	23	25	
256	23	25	53	
257	25	55	
258	24	53	54	55	56	58	58	62	
259	25	34	50	51	52	54	55	56	59	61	
260	41	44	45	47	47	49	49	50	
261	4	9	42	43	44	46	47	48	49	74	
262	7	9	10	11	12	13	14	15	81	85	98	
263	16	17	18	19	21	83	86	91	95	100	
264	17	22	
281	56	
282	46	51	53	54	59	
283	50	52	54	58	83	85	87	88	90	92	96	
284	42	79	80	82	84	85	86	89	101	
285	10	14	17	18	19	26	42	45	46	48	64	69	78	80	83	85	
286	7	11	12	13	14	15	18	18	19	20	21	26	29	69	80	
287	15	19	20	21	22	23	24	
288	5	22	23	25	
289	25	
293	52	53	54	55	56	57	58	62	
294	49	50	51	52	54	55	59	63	
295	41	44	45	46	48	48	49	50	
296	5	10	11	14	
297	7	11	12	13	15	16	18	82	85	87	88	90	95	
298	16	17	19	21	
314	56	
315	46	48	51	52	55	56	59	
316	49	51	54	86	90	95	100	
317	9	68	81	82	84	85	87	90	95	
318	8	11	12	14	15	16	17	18	79	84	
319	13	15	16	17	19	20	21	24	
320	6	15	21	23	24	25	28	
321	5	22	24	25	
327	57	57	
328	48	51	52	53	53	54	55	56	56	59	61	
329	42	46	47	48	49	49	50	
330	5	8	9	13	
331	7	9	11	11	12	13	14	15	16	18	19	24	81	84	87	90	93	
332	16	17	17	19	20	21	24	26	
347	58	
348	52	55	56	57	
349	38	46	48	49	50	52	54	
350	43	45	46	49	67	81	84	90	95	
351	9	11	14	18	79	81	84	
352	5	12	13	14	15	16	17	19	20	20	28	
353	20	21	22	23	25	
361	53	56	57	
362	47	51	52	53	54	55	56	58	60	
363	42	44	45	46	47	48	49	50	50	53	55	
364	9	10	13	44	48	
365	3	4	7	10	11	12	12	13	14	15	16	18	19	23	68	80	84	
366	17	18	19	20	21	22	28	
367	23	
381	57	
382	33	51	52	54	55	57	59	
383	38	48	49	50	51	53	59	
384	43	45	49	67	84	
385	5	8	10	12	14	15	18	23	26	
386	13	21	22	25	
387	23	
395	53	57	62	
396	47	51	52	52	54	55	56	59	
397	49	50	51	53	86	90	93	98	
398	10	14	85	
399	5	6	8	11	12	13	14	14	15	15	16	17	17	18	19	20	24	28	68	
400	20	21	22	22	24	
405	70	
417	51	54	
418	50	73	
419	24	
420	25	
428	56	
429	52	55	56	58	59	
430	50	51	51	53	54	91	
431	45	49	66	83	84	86	89	92	97	
432	7	8	10	11	12	14	15	84	101	
433	13	16	16	17	18	19	19	20	21	24	25	27	
434	18	23	25	
437	61	
439	76	76	77	
449	86	92	96	
450	17	
461	57	
462	56	
463	51	52	53	53	55	60	87	93	
464	51	84	86	88	89	91	94	97	
465	8	29	66	78	81	83	85	88	
466	5	6	10	12	13	14	14	15	16	17	18	19	19	20	24	69	
467	18	19	20	21	22	24	26	
468	23	
480	57	59	
481	47	51	
482	9	87	90	92	94	98	
483	11	12	15	16	81	82	86	88	88	91	96	
484	16	17	20	92	
494	58	
495	52	56	
496	51	52	54	88	92	96	
497	53	82	85	86	88	89	90	92	95	97	98	
498	13	80	82	83	85	89	93	
499	8	9	10	12	14	15	16	17	18	18	19	20	28	69	79	
500	13	15	18	19	20	21	21	22	24	25	27	
501	22	23	
513	56	57	
514	51	52	55	59	
515	46	47	48	49	51	53	
516	9	48	81	83	84	85	87	89	91	95	
517	7	10	11	13	14	80	82	84	86	89	92	95	
518	16	17	18	18	20	22	90	93	
519	22	
524	73	
527	57	
528	52	56	62	
529	47	50	52	54	90	93	
530	49	51	53	82	85	87	90	92	94	97	101	
531	10	14	79	80	82	83	83	84	86	89	93	102	
532	8	10	11	12	13	14	15	16	17	18	19	19	20	27	69	79	81	83	
533	12	18	20	21	22	24	26	30	
534	21	22	23	24	
536	27	
547	53	57	58	
548	34	37	48	51	51	52	53	54	55	55	56	57	61	
549	42	46	47	47	48	49	49	50	
550	8	10	43	44	46	79	81	85	
551	7	9	10	11	13	13	14	15	71	80	81	84	87	88	
552	12	16	16	17	18	20	84	86	88	91	92	99	
553	16	17	20	23	
561	53	93	
562	51	52	54	55	58	61	87	91	93	96	
563	39	50	52	53	55	83	86	87	88	89	91	92	96	
564	65	67	80	82	83	85	89	98	
565	7	10	11	12	14	15	15	16	16	17	19	20	70	78	80	
566	13	15	16	17	18	19	20	20	21	22	24	25	27	69	
567	23	24	
571	21	21	
581	57	
582	52	54	55	55	56	57	58	58	60	
583	35	43	45	47	48	49	50	50	51	53	54	55	56	
584	44	45	46	47	48	48	49	49	76	
585	4	8	9	10	11	14	14	99	
586	8	11	12	13	14	15	19	80	82	84	86	87	88	90	95	100	
587	16	17	20	22	87	90	91	96	
588	17	88	
592	58	
593	92	
594	87	90	92	98	
595	82	86	87	88	90	91	95	98	101	
596	52	54	55	81	83	84	86	87	88	88	89	90	92	95	98	101	
597	81	82	83	84	86	87	89	95	
598	10	11	14	16	17	18	19	70	80	83	
599	5	10	12	13	14	17	18	20	20	21	23	25	27	
600	21	22	23	23	25	27	
616	51	52	54	55	56	57	59	
617	34	37	43	46	47	48	49	50	51	52	52	53	54	55	56	59	
618	42	44	45	46	47	48	49	49	50	50	
619	5	8	10	44	47	
620	1	5	10	11	13	13	15	15	79	81	84	86	90	93	100	
621	8	11	12	15	17	81	82	83	84	85	86	87	89	90	92	93	96	
622	12	18	83	85	86	87	89	91	92	94	97	
623	86	87	88	89	91	92	96	
624	87	91	93	97	
625	87	91	93	96	
626	88	88	91	92	96	
627	53	56	83	85	87	88	89	91	92	95	
628	81	83	84	85	86	87	88	90	91	94	96	
629	67	79	81	82	83	84	85	86	88	89	91	93	97	
630	8	14	16	19	67	79	80	82	83	84	85	89	
631	9	11	12	13	14	15	16	17	18	18	19	20	21	44	70	79	81	84	
632	7	12	15	15	17	19	20	20	21	21	22	24	28	69	
633	3	21	22	23	24	25	
650	52	54	55	57	59	62	
651	47	50	51	52	53	53	54	55	56	57	58	59	
652	32	41	45	47	47	48	49	49	50	51	54	55	56	58	60	
653	28	29	33	38	38	42	43	43	44	45	46	47	48	48	49	50	56	67	68	74	
654	5	7	11	42	44	46	47	48	
655	8	8	11	13	15	39	46	68	80	81	83	84	86	99	
656	11	14	79	80	81	82	84	85	86	86	88	88	89	90	94	100	
657	17	81	82	84	85	86	87	89	89	90	91	94	97	99	
658	81	82	84	85	86	87	88	89	90	91	95	
659	38	82	83	84	85	86	87	88	89	90	95	98	100	
660	55	82	83	84	85	86	87	89	90	94	97	100	
661	34	39	48	52	61	81	82	83	84	85	86	89	90	93	96	100	
662	16	18	40	46	48	68	79	81	82	84	85	86	89	94	
663	9	15	16	17	18	19	20	43	43	44	46	68	71	78	80	84	88	
664	7	10	11	12	14	15	16	17	18	19	20	20	26	71	79	
665	4	7	11	13	15	20	21	22	22	23	25	26	29	44	70	
666	21	22	23	25	
667	23	
683	18	
685	53	55	57	60	
686	51	53	54	55	55	56	58	61	
687	45	50	52	52	54	55	56	57	59	61	
688	24	32	41	44	45	47	49	49	50	51	54	56	59	74	
689	3	25	27	29	40	42	43	45	46	47	47	48	49	50	57	68	70	
690	18	22	37	40	43	43	46	47	48	67	79	80	81	83	
691	6	9	14	15	19	19	26	41	43	44	46	47	48	66	69	80	81	82	83	84	
692	13	13	16	18	19	20	38	39	43	46	47	58	61	66	68	71	79	80	81	82	83	84	85	98	
693	16	18	19	20	26	42	45	46	47	48	52	56	66	69	72	80	81	82	84	88	
694	17	18	19	21	38	42	44	45	46	47	48	50	63	63	69	78	79	81	82	84	
695	10	14	16	19	20	22	27	44	45	46	49	66	69	72	79	80	82	
696	9	11	13	15	18	19	20	21	22	23	26	43	64	67	70	74	78	83	
697	11	15	20	20	21	22	24	25	26	28	44	64	
698	4	21	22	23	24	25	
699	21	23	25	
721	55	62	
722	50	51	53	54	55	56	59	
723	32	48	49	51	54	55	56	58	64	
724	23	24	31	44	45	48	49	50	54	55	58	62	63	67	
725	21	23	24	24	26	41	44	45	48	50	55	60	67	
726	21	22	24	25	26	44	50	55	61	79	
727	20	22	23	24	25	28	44	51	78	
728	22	23	24	29	65	
729	22	24	25	
730	24	25	
731	22	24	
761	25	
762	25	74	
1168	13	
1171	6	44	
1172	69	
1176	68	
1177	36	83	
1184	52	
1206	69	
1207	54	
1211	62	
1212	49	
1217	29	30	
1219	80	
1241	58	
1244	26	
1245	47	55	
1247	76	
1249	75	
1266	52	
1271	56	57	
1272	41	
1273	13	18	
1274	28	41	
1275	17	72	
1276	17	19	21	24	31	34	41	44	46	48	56	62	
1277	42	44	46	48	48	70	
1278	22	35	37	41	45	46	48	50	59	71	
1279	37	46	
1280	47	
1286	30	
1294	57	
1295	70	
1305	23	
1306	18	
1307	16	21	39	43	47	
1308	15	16	18	18	20	23	45	70	
1309	14	16	18	20	21	25	26	44	51	69	
1310	19	20	21	23	25	27	45	48	49	52	56	59	63	71	
1311	20	21	24	28	30	43	44	48	49	52	55	56	58	59	64	70	
1312	22	24	31	42	45	46	47	49	50	52	54	58	61	65	
1313	21	24	26	42	44	45	47	49	50	55	58	68	
1314	26	41	45	46	47	48	50	71	77	
1315	44	46	47	
1316	44	46	50	
1317	46	
1322	4	
1323	62	
1337	25	
1339	44	
1340	12	14	16	18	20	24	45	
1341	16	17	19	20	43	69	
1342	13	14	18	19	21	22	25	29	45	
1343	22	23	24	
1344	22	25	88	91	92	
1345	25	91	92	93	
1346	25	35	54	55	63	88	91	93	
1347	17	52	53	55	57	59	88	93	
1348	24	31	37	45	47	48	50	51	54	57	58	60	64	
1349	25	33	42	44	46	47	48	49	50	54	57	60	
1350	44	46	49	55	
1352	56	
1366	58	
1372	11	14	17	19	47	68	68	
1373	10	15	16	17	19	21	41	44	47	68	
1374	10	12	14	16	18	18	19	20	23	24	26	
1375	6	12	20	21	23	23	25	
1376	22	24	74	
1377	82	87	88	90	91	95	
1378	82	86	87	88	90	92	95	
1379	82	85	86	88	91	95	99	
1380	9	81	82	86	88	88	90	92	95	100	
1381	11	83	87	89	91	96	
1382	52	55	57	61	90	91	95	
1383	16	18	25	50	50	51	53	53	55	56	58	61	93	
1384	40	44	45	47	48	48	49	50	
1385	45	48	
1390	63	
1401	76	
1404	16	
1405	8	12	15	17	18	23	24	27	68	
1406	10	12	14	15	16	17	19	21	23	26	
1407	12	15	20	21	24	26	
1408	21	23	24	92	
1409	25	51	53	87	90	92	96	
1410	83	85	86	89	90	92	93	95	99	
1411	77	79	80	82	83	85	89	94	99	
1412	79	80	82	84	86	89	
1413	78	79	81	84	85	88	97	99	
1414	10	13	78	79	81	84	90	
1415	9	15	79	80	82	84	88	88	93	96	
1416	7	10	13	14	15	18	18	19	57	80	81	82	84	85	88	90	92	93	99	
1417	16	52	53	54	55	56	58	59	83	85	86	88	89	91	96	
1418	16	18	41	45	47	49	49	51	54	
1419	44	47	49	50	
1420	43	59	
1421	55	
1422	57	
1434	18	45	
1438	9	12	13	16	19	67	
1439	10	11	13	15	16	17	18	19	22	23	
1440	7	22	24	
1441	17	24	52	57	87	91	93	95	98	
1442	53	86	87	89	90	92	94	97	
1443	59	81	82	84	85	88	88	90	96	98	
1444	79	80	81	84	86	88	95	99	
1445	80	84	92	94	
1446	81	
1447	18	82	84	90	
1448	21	80	85	88	95	
1449	79	84	
1450	8	8	10	13	79	81	86	99	
1451	6	11	12	13	15	16	38	52	54	55	56	57	60	79	80	82	84	86	92	
1452	16	17	17	19	20	32	43	52	53	55	56	60	69	
1453	41	44	45	46	48	49	51	54	
1454	49	
1459	7	
1470	15	
1471	10	14	19	
1472	6	9	11	14	15	16	17	18	20	36	57	
1473	17	19	20	22	24	52	
1474	22	25	49	52	87	91	
1475	58	80	81	83	84	85	88	88	90	
1476	80	81	83	84	85	86	89	97	
1477	78	80	84	
1478	80	83	
1480	41	64	
1483	85	
1484	6	8	16	21	86	
1485	6	9	11	12	13	14	16	18	21	53	57	63	90	
1486	3	15	16	16	17	19	20	21	23	23	48	49	50	51	52	53	54	58	59	62	
1487	41	43	44	45	46	47	48	49	51	53	57	
1488	8	49	52	
1504	9	
1505	9	10	13	14	15	21	
1506	7	12	18	19	21	23	59	
1507	21	25	51	52	53	55	93	
1508	55	82	86	89	91	93	
1509	78	80	83	87	94	
1510	79	82	89	
1511	84	
1514	40	
1516	82	
1517	14	
1518	7	9	13	16	23	
1519	6	10	12	13	14	15	17	19	20	23	53	58	84	
1520	18	19	20	21	23	25	51	52	53	53	54	55	56	59	61	
1521	23	44	46	48	48	49	50	51	54	
1522	45	
1531	73	
1538	10	79	
1539	6	9	11	13	15	
1540	7	52	54	55	88	98	
1541	54	54	83	86	87	89	91	95	
1542	79	81	84	88	100	
1543	81	104	
1544	82	
1548	21	
1552	9	11	14	17	21	
1553	6	11	12	14	15	16	17	19	20	25	26	56	70	
1554	18	23	25	26	46	48	51	52	53	53	54	55	56	59	
1555	44	49	50	55	62	83	87	89	90	93	96	
1556	49	54	
1558	4	
1561	70	
1565	68	
1571	10	47	
1572	9	
1573	11	14	
1574	81	85	93	
1575	80	82	84	86	93	100	
1576	83	87	
1577	82	
1581	98	
1582	64	
1583	35	
1584	14	
1586	7	8	10	12	13	15	17	18	20	27	57	
1587	6	12	14	15	17	19	20	21	26	52	55	57	59	68	
1588	21	22	23	46	48	49	50	52	53	54	
1589	49	81	84	87	88	91	93	
1590	88	
1592	49	
1593	62	70	
1594	4	
1595	74	
1598	90	
1602	24	74	
1603	14	
1604	16	20	29	67	
1605	21	44	46	48	58	
1606	45	
1608	81	
1609	81	84	93	
1610	67	
1615	25	
1618	13	24	29	
1619	10	15	16	17	20	68	
1620	6	11	13	14	15	17	18	20	22	26	29	57	69	
1621	20	21	23	24	51	53	54	55	56	59	
1622	49	52	54	83	87	89	91	93	96	
1623	79	81	83	86	90	98	
1624	65	83	86	
1627	81	
1636	9	29	
1637	10	14	21	56	
1638	6	16	17	19	20	24	27	39	43	47	52	56	58	68	
1639	18	21	27	45	46	47	49	50	59	69	
1640	44	46	
1642	89	
1643	89	
1646	69	69	
1650	14	
1651	18	
1652	9	12	15	17	18	19	22	28	44	68	
1653	11	13	14	17	18	19	20	21	25	27	57	68	
1654	23	24	50	52	52	56	61	
1655	23	50	52	54	86	88	90	92	96	
1656	79	81	82	84	86	88	90	93	
1657	43	85	90	
1658	43	43	44	
1669	18	
1670	12	21	
1671	8	9	11	12	14	15	16	20	27	57	
1672	13	16	17	18	18	19	20	21	23	24	26	34	36	47	51	53	54	56	57	59	70	
1673	44	45	46	47	47	48	49	50	55	
1674	34	43	49	51	57	
1676	77	
1680	94	
1681	6	
1683	22	47	
1684	10	15	19	
1685	9	12	14	15	16	19	68	
1686	12	14	15	16	17	18	18	19	20	21	25	31	56	58	
1687	23	23	24	50	52	53	55	
1688	51	87	88	92	95	98	
1689	53	82	84	85	87	90	96	
1690	80	82	83	88	98	
1691	34	83	
1702	26	
1704	9	
1705	8	9	10	11	12	14	15	19	
1706	13	16	17	18	19	21	22	24	51	51	52	54	55	56	58	60	
1707	23	41	45	46	47	48	48	48	49	50	51	53	
1708	44	47	49	59	77	
1709	42	45	
1710	48	
1713	61	
1716	10	20	29	38	
1717	13	16	19	28	47	49	68	
1718	10	14	17	20	22	43	46	67	72	
1719	7	9	10	11	13	13	14	18	19	21	24	44	56	58	
1720	2	18	20	21	22	23	24	51	51	52	54	57	
1721	22	49	50	52	54	87	91	92	96	98	
1722	80	81	84	85	86	89	92	94	
1723	63	79	81	83	85	
1724	80	88	
1735	26	69	
1736	6	
1738	10	15	
1739	5	6	9	11	13	14	15	16	18	23	
1740	2	7	11	12	12	15	17	19	20	52	53	55	55	56	57	59	61	85	88	93	
1741	17	18	19	20	22	33	43	47	48	50	50	51	52	54	55	56	57	58	61	
1742	42	44	45	46	47	48	48	49	51	55	56	
1743	42	45	46	57	
1744	48	57	69	
1745	44	47	77	
1748	17	19	
1749	11	15	16	20	43	
1750	14	16	17	19	47	70	
1751	11	13	17	18	18	19	22	30	43	44	46	68	
1752	5	9	14	17	19	20	21	23	23	26	49	57	68	
1753	21	22	24	25	28	52	53	
1754	23	51	52	54	62	91	92	96	
1755	55	78	81	82	84	85	86	88	90	94	
1756	79	81	83	87	88	99	
1757	87	
1764	6	
1771	12	
1772	9	
1773	8	10	12	14	20	26	
1774	3	6	12	13	14	15	17	18	21	23	58	79	87	91	98	
1775	17	18	20	21	24	34	52	52	53	54	55	56	57	59	60	92	97	
1776	28	45	48	48	49	50	51	51	53	53	55	57	59	64	
1777	30	42	43	45	46	47	49	51	58	59	
1778	33	41	44	45	46	47	49	52	57	68	
1779	22	25	28	41	44	46	47	49	63	69	
1780	20	39	45	46	49	62	66	72	
1781	20	43	47	48	67	
1782	7	10	17	18	20	31	43	44	46	66	
1783	4	9	13	14	17	19	20	41	71	
1784	12	14	17	18	18	19	21	22	24	26	70	
1785	17	20	21	23	24	25	28	58	61	
1786	22	23	24	51	52	54	92	
1787	51	53	55	87	90	91	93	95	98	
1788	53	81	85	87	88	90	91	95	101	
1789	63	79	80	82	83	85	88	93	99	
1790	80	86	93	
1793	3	
1798	5	5	
1807	8	10	12	15	21	
1808	6	10	11	12	14	15	23	82	84	87	93	
1809	8	12	13	15	16	55	81	82	84	85	87	88	89	90	91	94	97	
1810	35	54	55	59	62	87	90	91	93	95	97	
1811	16	51	53	55	57	62	92	
1812	24	31	44	45	51	53	53	55	57	60	
1813	22	24	26	31	42	44	45	48	50	55	56	60	65	
1814	22	23	25	33	44	45	47	48	49	52	55	60	71	
1815	15	21	23	25	28	45	49	60	72	
1816	9	14	20	21	24	25	26	45	74	
1817	12	14	15	21	22	24	25	28	
1818	23	24	93	
1819	23	51	52	55	56	59	87	88	90	91	93	96	98	
1820	52	55	88	89	90	91	94	95	
1821	80	82	83	84	85	86	89	90	96	
1822	80	82	83	85	88	89	96	
1823	80	
1827	65	
1836	84	90	
1841	10	15	
1842	4	9	13	80	
1843	10	79	80	81	83	85	88	89	93	
1844	6	9	11	12	13	15	77	78	81	82	83	84	85	86	88	90	95	101	
1845	12	14	82	86	87	88	88	90	91	93	94	97	
1846	87	87	90	91	92	96	97	
1847	88	92	93	96	
1848	25	91	92	96	
1849	25	91	92	97	
1850	91	92	98	
1851	87	88	89	90	92	94	96	
1852	54	86	87	89	90	91	92	95	97	
1853	81	82	83	84	85	86	88	90	91	96	
1854	78	80	80	81	82	84	85	86	89	91	94	98	
1855	78	79	81	84	86	86	88	95	
1856	79	85	
1872	47	60	
1874	13	
1876	83	
1877	79	83	99	
1878	8	12	13	79	81	83	85	89	
1879	10	15	79	80	81	84	85	87	89	90	
1880	12	81	82	83	84	84	85	86	87	88	90	93	96	
1881	78	81	82	85	87	89	90	92	94	96	99	
1882	81	83	85	86	86	88	88	90	91	93	96	99	
1883	81	82	85	86	88	89	91	96	
1884	81	82	84	85	87	89	90	93	97	
1885	80	81	81	83	84	85	85	87	90	95	99	
1886	25	79	80	81	82	83	85	86	88	90	96	
1887	79	80	81	84	86	89	
1888	79	81	85	90	
1889	79	86	
1892	7	
1901	76	
1910	21	
1911	71	87	
1912	91	
1913	81	83	
1914	78	79	81	85	
1915	79	80	82	84	88	91	
1916	78	79	80	82	84	91	94	
1917	79	81	83	86	88	95	
1918	79	81	83	83	90	
1919	79	81	86	89	
1920	79	80	83	84	90	
1921	85	
1926	41	
1930	43	
1937	78	
1948	83	
1949	89	
1950	89	
1951	83	83	
1952	88	
1954	100	
1955	86	
1976	60	
1980	4	25	
1981	95	
1982	98	
1986	86	
1987	88	
2011	30	
2016	10	61	
2019	93	
2025	70	
2029	32	
2042	92	
2047	61	
2051	95	
2057	20	
2061	71	
2063	12	
2086	10	100	
2087	35	
2103	64	
2109	27	
2112	88	
2114	28	
2116	4	
2119	5	55	
2122	3	
2136	25	25	
2144	41	
2180	92	
2182	12	
2189	13	
2193	15	
2205	98	
2220	7	
2237	94	
2253	13	
2255	10	
2298	2	
