14	61	
80	53	
104	69	
186	94	
189	88	90	92	
190	87	90	91	92	96	
191	87	91	92	
192	16	91	93	97	
193	92	
206	84	
212	20	21	
217	14	
218	12	13	
221	92	95	
222	55	87	89	91	92	93	95	98	
223	82	83	85	86	87	89	90	91	92	93	95	98	
224	8	10	81	82	83	85	86	87	89	90	91	92	93	95	100	
225	11	14	81	82	83	84	85	86	87	88	89	90	91	93	94	96	98	
226	10	82	85	86	87	88	89	90	91	93	95	102	
227	12	83	86	87	89	90	91	92	94	98	
228	88	91	92	97	
229	16	
251	56	
253	56	88	91	92	96	
254	54	57	87	91	92	93	95	98	
255	54	58	82	85	87	88	89	90	91	92	94	96	100	
256	81	82	84	85	85	87	88	88	89	90	92	94	98	
257	80	81	82	83	84	85	86	87	88	90	94	99	
258	14	41	46	79	80	81	82	83	84	85	87	88	89	91	98	
259	5	7	8	15	42	46	46	47	49	79	80	81	82	83	84	85	86	88	102	
260	9	11	14	46	46	48	80	81	82	83	83	84	85	86	89	90	96	99	
261	6	10	12	14	46	81	82	83	84	85	86	87	88	90	91	93	97	
262	7	9	11	13	14	15	17	81	83	84	85	86	88	89	90	91	94	98	101	
263	16	17	18	83	87	89	92	94	102	
264	16	18	
285	56	58	93	
286	54	87	90	91	92	94	96	103	
287	82	84	86	87	89	90	91	94	97	101	
288	54	81	83	84	85	86	87	88	90	91	92	94	96	100	
289	80	81	82	83	84	85	86	87	89	93	94	101	
290	80	81	82	83	84	86	89	95	
291	15	16	17	19	43	47	62	72	80	81	84	90	
292	16	17	18	18	19	20	27	33	47	52	57	58	59	60	70	72	80	83	
293	18	19	20	21	27	45	47	48	49	50	51	52	56	57	59	69	72	81	
294	21	22	26	45	46	47	49	50	51	69	80	81	84	
295	10	14	47	48	80	81	82	84	85	89	
296	7	9	11	12	13	15	80	81	82	84	85	86	89	91	93	
297	7	10	11	12	15	16	16	18	20	82	83	84	86	87	88	90	91	94	98	
298	16	17	19	20	22	
317	59	
318	55	57	58	88	90	92	96	
319	53	54	56	85	86	88	89	90	91	96	99	
320	54	81	82	84	85	86	87	88	89	90	92	94	97	100	
321	80	81	82	83	84	85	86	88	89	92	93	100	
322	18	41	80	81	82	84	84	86	87	88	90	98	102	
323	16	38	46	47	67	79	80	81	83	86	89	100	
324	9	13	13	15	16	17	18	19	45	81	84	
325	6	10	12	14	15	16	17	18	18	19	19	20	22	27	45	69	
326	7	15	18	19	20	21	22	23	24	25	27	36	53	56	57	58	61	
327	22	23	24	25	48	50	51	52	53	54	55	56	57	60	
328	46	47	49	50	51	53	54	59	
329	48	51	
330	1	3	9	11	13	80	82	84	90	101	
331	7	8	9	10	11	12	13	13	14	15	16	17	19	19	21	81	82	84	87	91	94	
332	16	17	18	19	20	20	21	24	26	
350	92	97	
351	55	58	87	90	91	92	95	
352	55	59	83	84	85	86	87	89	90	91	93	93	95	99	
353	53	82	83	83	85	85	87	89	91	93	95	100	
354	80	81	82	83	84	85	86	88	90	92	94	
355	80	81	83	85	88	
356	8	13	16	18	46	48	80	82	83	85	
357	10	14	16	17	17	18	19	19	20	21	44	47	51	70	73	
358	7	9	11	12	12	14	15	15	16	17	19	19	20	21	21	23	24	26	43	45	69	74	
359	6	13	15	20	21	21	22	23	24	26	72	
360	22	23	25	52	56	57	58	60	63	
361	51	51	52	53	53	54	55	56	57	59	61	
362	47	49	50	51	52	54	55	57	
363	50	
364	5	9	10	12	14	17	
365	4	6	7	10	11	11	12	13	13	14	14	15	17	18	19	22	24	81	
366	16	17	18	19	20	21	21	22	23	71	95	
381	57	
382	92	
383	54	88	91	93	97	
384	54	83	85	86	87	88	89	91	92	94	97	
385	54	56	81	82	83	84	85	86	87	88	88	89	90	92	94	95	99	
386	79	80	81	83	84	85	87	88	89	91	95	98	
387	42	80	81	82	84	85	88	88	94	98	
388	19	46	81	83	87	
389	9	13	14	16	17	18	18	19	20	45	46	68	71	83	103	
390	7	9	11	12	13	14	15	16	17	17	18	19	20	20	23	27	70	74	
391	12	15	17	18	20	20	21	22	23	23	24	25	71	
392	5	12	21	22	23	24	25	74	
393	23	24	57	58	
394	52	55	57	58	60	
395	49	51	51	52	53	54	54	55	97	
396	48	50	51	53	58	64	86	90	94	
397	54	97	
398	4	9	10	14	14	
399	6	7	11	11	12	13	13	14	14	15	16	17	18	18	19	20	24	26	74	
400	3	16	17	18	19	20	21	21	22	23	25	
414	92	
415	58	82	86	88	89	90	91	94	97	
416	57	86	87	90	91	92	95	98	
417	55	82	83	85	86	87	89	90	91	93	95	
418	53	80	81	82	84	85	86	88	88	89	90	92	93	97	
419	80	81	83	84	85	86	89	91	94	99	
420	18	80	81	84	86	90	94	
421	10	13	16	18	45	46	70	81	83	
422	8	11	14	15	16	17	18	18	19	20	21	28	45	48	69	
423	8	11	12	13	15	16	18	18	19	20	21	21	22	24	26	29	44	69	
424	3	4	15	20	21	21	23	23	24	26	
425	21	23	23	25	
427	56	57	59	
428	51	52	53	53	54	55	57	58	61	
429	50	51	52	53	54	55	82	86	88	89	92	93	
430	49	55	82	85	87	88	90	93	99	
431	86	88	96	
432	3	8	9	14	
433	4	7	10	11	12	13	14	15	15	16	17	18	18	19	19	20	23	70	
434	17	18	20	21	21	22	25	
435	23	
446	56	57	58	60	
447	47	51	52	53	56	58	
448	46	46	47	48	50	83	84	86	88	89	91	93	93	96	98	
449	82	84	85	86	87	89	90	92	93	96	101	
450	80	81	82	83	83	84	85	86	87	88	88	89	91	93	96	
451	40	54	80	81	82	84	85	86	87	88	90	96	98	
452	13	80	81	82	83	84	86	
453	18	80	81	84	87	88	
454	8	10	13	14	16	17	18	19	20	28	43	70	83	
455	6	10	11	12	13	14	15	16	17	17	19	19	20	20	21	24	26	70	
456	4	7	11	14	15	18	19	20	21	21	22	23	25	27	74	
457	3	21	22	23	24	25	
460	56	58	
461	52	57	60	
462	51	52	53	53	54	55	57	58	90	92	96	
463	50	52	54	81	84	85	87	89	91	92	95	100	
464	83	84	87	89	95	
465	13	
466	4	7	9	10	11	13	14	15	16	17	18	19	20	71	
467	5	7	11	12	13	14	15	15	16	17	17	19	19	20	20	21	22	23	24	71	74	
468	17	20	21	22	22	25	28	
469	23	
473	82	82	
480	53	56	57	58	58	60	61	
481	51	52	53	54	54	55	56	57	58	60	
482	31	42	45	46	47	48	48	49	50	50	52	54	56	57	80	82	84	86	104	
483	44	45	46	47	48	48	49	51	56	80	81	82	83	84	85	
484	43	46	47	48	52	80	81	82	82	84	85	90	94	
485	80	82	83	84	86	90	97	
486	9	33	83	85	
487	9	11	13	13	14	15	16	17	19	69	
488	7	10	11	12	14	15	15	16	17	18	19	19	20	21	24	29	70	
489	18	20	20	21	22	23	23	24	25	
490	22	24	
491	23	
493	57	
494	53	56	58	61	93	
495	52	54	55	56	63	88	90	92	97	
496	50	51	53	53	54	61	83	86	87	89	90	92	93	96	100	
497	80	82	83	83	85	86	88	90	95	99	
498	8	15	82	87	
499	9	11	13	14	15	16	17	18	68	
500	6	8	10	11	12	14	14	15	16	16	17	18	18	19	19	20	21	23	24	70	
501	12	16	17	20	20	21	22	23	23	24	25	
502	22	
507	83	
514	59	62	
515	51	53	54	55	55	56	57	58	58	60	61	63	
516	30	45	51	51	52	53	53	54	55	56	57	57	59	60	62	73	
517	32	36	43	44	45	47	48	49	49	50	51	51	54	56	59	71	
518	44	45	46	47	47	48	49	49	50	52	54	70	81	84	103	
519	29	45	46	48	85	
520	9	11	13	15	16	
521	6	8	9	10	11	12	14	15	15	16	16	17	19	20	23	24	
522	16	17	18	20	21	22	22	24	24	25	26	
523	22	23	25	
527	98	
528	55	57	59	82	87	91	92	96	
529	53	55	56	82	83	84	86	87	89	90	92	93	95	98	
530	54	80	82	83	84	85	87	89	90	94	97	101	
531	81	83	84	94	100	
532	8	11	13	17	67	
533	7	9	10	11	12	13	14	15	16	16	17	18	19	20	29	72	
534	6	12	15	16	17	18	18	19	20	20	21	23	25	70	
535	2	20	21	22	23	23	25	
549	62	65	
550	52	53	53	55	57	58	59	61	63	
551	51	52	52	53	54	55	55	56	56	57	57	58	59	60	63	
552	25	45	46	46	47	48	48	49	50	51	51	54	56	59	
553	44	45	46	47	49	49	
554	5	7	9	10	11	14	49	
555	8	10	11	12	13	13	14	15	16	17	18	19	21	25	
556	2	17	18	18	20	21	22	23	23	
559	91	92	
560	55	56	88	91	92	96	
561	52	53	55	56	83	85	86	88	89	91	92	93	96	
562	54	80	82	83	84	85	86	87	88	88	89	91	92	94	96	100	
563	81	82	83	84	85	86	87	88	90	92	94	
564	80	81	84	90	94	
565	83	94	
566	6	8	10	13	14	14	15	16	16	18	18	19	20	69	
567	4	7	11	12	13	14	14	15	16	17	18	19	20	20	21	22	24	28	69	
568	12	18	19	20	21	22	23	24	25	
569	22	23	
571	20	21	21	
584	58	
585	52	53	55	55	56	56	57	57	58	59	60	61	62	
586	46	47	48	49	50	51	51	52	52	53	54	54	55	55	56	57	58	60	
587	45	46	47	48	48	49	50	50	53	
588	3	9	10	14	
589	5	6	8	8	10	11	12	13	14	14	15	17	19	21	24	83	92	94	
590	12	16	17	22	87	91	92	94	97	
591	87	91	92	96	
592	91	92	95	
593	82	83	85	86	87	88	89	90	92	94	97	99	
594	82	82	85	86	87	89	90	91	92	94	95	98	99	
595	81	82	84	85	86	87	89	90	91	94	95	100	
596	80	81	82	84	85	86	89	93	94	100	
597	80	81	83	84	90	99	104	
598	9	13	17	18	83	
599	9	11	14	15	16	16	17	18	19	20	22	23	26	29	44	70	
600	7	9	11	12	14	15	17	18	19	19	20	21	21	24	25	27	45	69	71	
601	3	12	15	18	20	21	21	22	23	24	25	27	
602	22	23	25	
619	54	55	56	56	57	58	59	60	62	
620	50	51	52	52	53	54	55	56	57	58	58	60	63	
621	44	45	46	47	47	48	48	49	50	50	51	52	53	
622	5	9	42	44	45	46	47	49	50	
623	7	10	11	13	14	15	46	82	85	88	89	96	
624	8	13	82	83	84	85	86	87	88	90	91	94	96	101	
625	82	83	84	85	86	87	88	88	89	90	91	93	93	96	101	
626	81	82	84	85	86	87	89	90	91	92	94	97	98	
627	80	81	82	83	84	85	86	87	89	90	92	93	100	
628	80	81	81	82	83	83	84	85	86	88	90	94	
629	80	81	81	83	83	84	85	89	99	
630	17	40	47	48	82	84	
631	15	17	19	28	46	89	
632	8	9	11	12	14	15	16	17	18	18	19	19	20	20	21	45	46	68	71	
633	6	10	13	14	15	17	18	18	19	20	20	21	22	23	24	26	44	73	
634	3	12	20	21	22	23	23	24	25	27	
635	3	24	
647	13	
653	57	59	61	63	
654	52	52	54	55	55	57	57	58	58	59	60	61	
655	30	33	48	50	50	51	52	52	53	54	54	55	56	56	57	59	60	63	67	
656	5	36	42	44	45	45	46	47	47	48	49	49	50	51	52	57	58	63	72	
657	4	10	14	44	45	46	46	47	48	49	
658	46	56	81	83	84	86	89	95	
659	45	46	56	81	82	83	84	84	85	86	89	100	
660	40	46	80	82	83	83	84	85	86	89	91	93	96	
661	42	46	50	79	81	82	84	89	103	
662	16	19	43	46	49	66	80	81	84	
663	16	17	19	47	61	67	79	
664	11	13	16	17	18	18	20	26	43	44	45	47	49	51	70	72	
665	7	9	10	12	13	14	15	16	18	18	19	20	21	22	26	45	49	69	71	
666	4	6	10	12	14	15	17	19	19	20	21	21	23	24	27	48	72	
667	18	20	21	22	23	24	25	26	
668	23	
688	58	61	
689	52	53	54	55	56	57	57	58	59	60	62	
690	32	50	51	51	52	53	54	54	55	56	57	57	59	60	68	
691	23	25	26	29	38	42	45	46	47	48	49	50	50	51	52	54	56	57	60	66	
692	24	44	45	46	46	47	49	49	50	57	58	59	71	82	84	
693	18	20	26	41	43	45	47	48	48	49	50	53	57	68	72	82	84	
694	19	20	27	42	45	46	47	49	50	58	58	69	80	84	
695	17	18	19	20	42	45	46	47	49	50	67	69	71	
696	8	12	14	16	17	18	19	20	21	42	45	46	49	67	70	83	
697	11	12	14	15	16	17	18	19	19	20	21	22	25	26	45	49	69	71	
698	12	14	15	17	19	20	21	21	22	23	24	27	44	70	
699	10	20	21	22	23	24	25	28	
700	2	22	23	24	25	
701	23	
723	35	53	58	61	
724	52	53	54	55	57	59	60	62	
725	31	50	51	52	54	56	59	60	68	
726	20	24	44	48	49	51	55	58	58	60	63	66	
727	18	20	22	24	26	44	45	48	49	51	54	57	60	65	67	71	
728	15	20	22	23	24	27	40	45	48	49	52	53	61	64	72	74	
729	15	19	21	22	24	25	27	44	50	60	68	
730	6	11	14	20	22	23	24	25	26	69	
731	11	20	21	22	23	24	24	
732	3	22	23	24	
733	23	
760	24	
761	24	
762	22	24	
763	23	24	73	
764	23	
765	25	
1166	60	
1168	56	
1171	63	89	
1179	16	
1185	54	
1206	68	
1208	68	
1209	51	
1215	103	
1222	104	
1237	55	
1238	69	
1253	49	
1256	99	
1260	104	
1275	18	
1277	8	
1278	46	
1284	47	
1290	62	
1292	71	
1311	46	
1312	42	47	50	61	
1313	47	69	
1314	50	
1316	52	
1320	61	
1321	8	70	
1326	1	
1332	30	
1339	16	18	
1342	97	
1343	26	46	
1344	18	18	22	37	41	44	
1345	16	19	20	23	26	46	50	58	59	67	71	
1346	19	20	26	41	44	45	46	48	48	51	56	58	61	66	73	
1347	20	22	30	45	46	48	50	58	71	
1348	43	45	46	48	49	52	54	56	66	72	
1349	26	45	46	47	50	60	64	66	
1350	45	47	50	
1351	68	
1352	41	
1353	5	23	
1367	73	
1375	16	46	50	67	
1376	16	20	
1377	12	14	16	17	19	41	51	69	
1378	11	14	15	16	18	18	19	21	25	45	49	68	71	
1379	17	19	20	20	22	24	26	44	50	57	68	
1380	18	20	21	22	24	44	50	51	53	54	56	57	58	58	60	62	
1381	21	22	23	25	27	32	34	42	45	50	51	55	56	57	59	61	69	
1382	21	24	44	45	48	49	50	51	52	53	56	57	58	60	70	
1383	26	32	44	45	46	47	48	49	50	51	52	54	56	59	70	
1384	43	45	46	47	49	50	51	56	59	69	
1385	44	47	48	50	63	
1387	57	
1403	49	
1406	20	
1407	46	
1408	17	18	30	43	
1409	5	16	17	19	21	26	39	48	50	67	68	
1410	7	11	13	15	16	18	18	19	21	26	44	46	67	71	
1411	8	9	11	13	15	16	17	19	19	20	22	23	25	28	41	45	71	
1412	11	15	18	19	20	21	22	25	45	
1413	21	22	23	23	24	
1414	23	25	61	
1415	24	34	60	62	64	
1416	24	35	52	53	55	57	59	61	
1417	22	51	52	53	55	56	57	58	58	59	61	
1418	27	32	44	47	48	48	49	50	51	53	53	55	56	59	
1419	44	45	46	46	47	48	49	50	51	56	59	
1420	45	46	49	53	59	
1421	49	
1424	64	
1429	70	
1432	40	
1439	46	
1440	15	16	19	
1441	14	16	17	18	20	
1442	8	15	16	17	19	19	21	26	45	50	70	
1443	13	14	17	18	19	20	21	22	24	45	48	51	71	
1444	11	14	18	20	21	22	24	44	71	
1445	12	15	20	21	22	24	25	27	87	
1446	22	23	24	57	
1447	25	93	
1448	87	90	91	92	96	
1449	86	87	88	90	91	92	93	94	96	
1450	16	18	87	88	91	97	
1451	17	53	54	55	57	57	59	60	62	
1452	52	53	54	55	56	57	58	59	73	
1453	44	46	47	48	48	49	50	51	52	54	55	63	
1454	46	49	50	54	
1455	10	57	
1463	59	
1465	71	
1470	22	
1471	14	45	54	
1473	12	16	46	
1474	9	12	13	16	18	19	43	45	46	
1475	8	11	14	16	18	18	19	21	24	46	69	
1476	11	13	14	15	16	17	18	19	21	22	24	26	45	69	
1477	15	20	21	22	23	24	26	
1478	22	23	24	25	
1479	24	57	59	
1480	52	59	93	
1481	53	54	59	86	87	89	90	91	92	94	96	
1482	82	83	84	85	86	88	88	89	91	94	99	
1483	10	12	13	17	19	81	82	83	83	84	85	85	86	89	90	100	
1484	8	11	12	14	15	16	17	18	19	20	81	82	84	85	86	93	
1485	16	17	20	21	23	61	
1486	51	51	52	52	53	54	55	56	57	58	59	60	62	64	
1487	45	46	47	48	49	50	51	51	52	53	54	57	
1488	46	49	50	51	
1489	67	
1502	34	
1504	46	
1505	16	
1506	15	16	18	19	24	42	45	47	72	
1507	8	9	12	14	16	17	18	20	41	
1508	11	13	14	15	16	17	19	20	21	23	25	48	71	74	93	
1509	8	12	14	15	17	19	20	20	21	23	23	25	26	
1510	21	22	24	
1511	22	56	
1513	55	87	88	90	91	91	93	94	95	98	
1514	54	55	83	86	87	87	90	91	92	94	95	
1515	80	81	82	83	84	84	85	86	88	88	89	92	96	98	
1516	9	80	81	82	83	84	86	91	94	104	
1517	8	10	11	14	15	16	17	19	80	82	84	89	
1518	5	7	10	12	13	15	16	17	18	18	19	20	23	25	27	28	82	
1519	18	20	21	22	23	58	61	
1520	52	53	54	55	55	56	57	58	58	59	60	62	
1521	46	46	47	49	50	50	51	52	54	54	55	61	
1522	47	48	49	52	53	
1536	16	38	73	
1537	17	19	44	48	50	68	
1538	16	19	46	46	
1539	9	12	15	17	19	23	42	45	46	69	76	
1540	8	12	15	16	18	18	19	20	22	24	70	
1541	10	13	14	17	18	20	21	22	24	25	26	45	72	73	
1542	13	21	22	23	23	25	
1543	21	22	24	57	
1544	25	57	
1545	52	55	57	91	93	
1546	53	54	87	88	90	91	92	93	93	95	97	
1547	55	59	81	82	83	84	85	86	87	88	89	90	96	
1548	80	81	82	82	84	84	85	87	88	89	91	94	97	98	
1549	79	79	81	82	84	85	90	
1550	9	14	84	88	91	104	
1551	3	6	9	10	11	13	13	14	16	18	18	20	
1552	4	7	11	13	15	16	17	18	18	19	20	20	22	24	26	
1553	21	22	57	
1554	35	51	52	53	55	55	56	57	58	58	59	60	63	64	
1555	47	50	50	51	52	53	53	54	55	59	
1556	47	48	50	54	58	64	
1562	1	
1569	16	18	25	
1570	16	19	23	41	68	70	
1571	17	18	19	20	45	47	68	72	72	
1572	12	14	16	18	18	19	22	23	42	43	46	49	73	
1573	8	10	12	13	14	15	17	19	20	21	24	27	46	68	73	
1574	11	14	15	17	18	19	20	22	23	25	26	
1575	22	24	
1576	23	24	56	86	
1577	58	92	
1578	54	88	90	91	92	94	97	
1579	54	62	82	83	86	87	89	90	91	92	93	94	96	100	
1580	81	82	83	84	84	85	86	87	89	90	92	95	100	
1581	79	80	82	84	85	88	90	93	
1582	79	81	83	84	87	
1583	13	90	
1584	9	11	14	15	16	17	19	83	
1585	6	8	8	10	12	13	14	15	15	16	17	18	18	19	20	25	26	70	
1586	12	17	18	19	20	22	23	23	
1587	22	57	58	61	
1588	52	52	53	55	55	57	59	60	63	
1589	48	49	50	51	52	53	54	58	60	87	91	
1590	49	
1591	54	
1593	59	
1599	78	
1601	18	
1602	10	14	
1603	11	14	17	19	23	
1604	13	15	16	16	17	18	19	21	24	27	
1605	15	17	18	19	20	21	23	23	28	
1606	11	13	20	22	24	45	
1607	15	20	22	23	23	24	26	
1608	22	24	
1609	57	58	
1610	52	53	54	56	91	93	
1611	54	86	87	87	89	90	91	92	94	95	97	
1612	53	81	81	82	84	84	85	86	87	88	89	90	91	93	96	
1613	80	81	82	84	85	85	87	88	91	95	102	
1614	79	80	82	84	85	87	89	99	
1615	80	85	
1616	84	94	
1617	12	14	16	83	
1618	5	7	9	10	12	13	15	16	17	18	19	21	23	69	90	
1619	6	8	11	12	15	16	17	18	19	20	21	22	22	24	27	69	
1620	22	23	23	25	
1621	56	57	58	60	63	
1622	50	51	52	53	54	55	57	59	92	97	
1623	49	51	54	57	82	85	87	88	90	92	94	96	98	
1624	53	86	89	95	
1625	49	50	50	96	
1636	9	
1637	6	9	10	12	13	14	15	16	
1638	7	12	14	15	17	20	22	23	92	
1639	16	17	21	22	24	92	
1640	17	22	24	
1641	57	80	
1642	57	59	
1643	46	48	49	51	52	54	55	57	92	96	
1644	51	53	83	85	86	87	87	89	90	91	92	94	98	99	
1645	53	80	81	82	83	83	84	84	85	87	88	90	98	100	
1646	54	79	80	82	83	84	87	88	95	
1647	80	83	85	87	91	101	
1648	83	85	89	100	
1649	20	46	
1650	10	15	17	18	20	26	30	42	77	
1651	10	12	14	15	17	19	20	20	22	25	28	46	
1652	7	9	11	13	13	14	15	16	17	18	19	20	21	22	24	26	26	71	
1653	12	15	18	20	21	21	23	24	25	
1654	56	58	61	
1655	47	51	52	54	55	55	56	57	59	
1656	49	50	52	53	54	55	57	59	83	86	87	88	90	91	92	95	
1657	49	80	82	83	84	85	87	89	91	98	
1658	82	
1670	9	
1671	9	13	13	
1672	7	9	10	12	14	15	21	82	86	88	89	91	94	99	
1673	7	10	11	12	14	15	82	86	87	91	92	94	96	100	
1674	16	18	21	91	92	93	95	
1675	18	56	57	58	62	
1676	48	51	52	53	55	55	56	59	
1677	46	47	48	49	50	51	52	54	56	58	82	85	89	94	102	
1678	49	80	81	82	83	84	85	86	87	89	94	
1679	48	53	79	81	84	87	
1680	84	
1681	72	84	
1682	14	19	
1683	8	10	15	16	17	19	21	26	28	47	69	
1684	9	12	15	16	17	18	18	20	21	43	43	70	
1685	2	4	11	12	14	15	16	17	19	19	20	22	24	71	
1686	18	20	20	21	22	24	26	
1687	23	25	57	58	
1688	55	57	58	61	
1689	33	52	53	53	54	57	58	88	92	95	
1690	49	54	81	83	84	85	86	87	89	90	95	98	
1691	54	80	83	83	85	
1692	91	
1695	69	
1702	55	
1705	15	
1706	6	9	14	80	82	83	86	94	
1707	5	6	10	12	13	15	16	80	81	82	83	84	85	86	89	90	94	97	101	
1708	6	8	10	11	12	14	15	17	18	82	83	83	84	85	86	88	89	91	93	95	98	
1709	16	16	17	19	20	56	57	58	60	61	92	
1710	18	34	52	54	55	55	56	56	58	59	
1711	44	46	47	47	49	50	50	51	53	54	56	58	80	84	89	
1712	44	46	48	48	50	53	79	81	84	86	89	100	
1713	41	51	85	
1714	18	18	42	46	50	61	67	
1715	16	19	45	47	50	67	
1716	7	10	13	15	17	19	20	42	44	47	49	67	72	
1717	11	13	14	16	17	19	20	21	23	26	71	
1718	12	15	16	17	18	19	20	21	22	23	45	
1719	1	13	20	21	22	24	25	26	
1720	22	24	
1721	53	56	57	58	62	
1722	18	53	54	55	55	57	59	63	91	92	97	
1723	51	53	54	55	83	86	87	89	90	91	94	97	99	
1724	79	80	83	84	86	89	94	
1725	65	88	93	
1734	2	
1741	8	12	14	21	81	84	88	95	
1742	7	8	10	10	11	12	14	15	15	19	22	81	82	84	85	89	
1743	13	15	16	17	18	19	19	21	23	58	62	81	82	85	87	88	92	97	99	
1744	18	22	52	53	54	55	56	57	58	59	60	61	64	
1745	33	47	48	49	50	51	51	53	54	55	56	58	
1746	27	31	44	45	46	48	48	49	50	67	
1747	9	15	19	25	43	45	47	49	60	64	83	
1748	11	15	17	18	20	21	25	41	43	61	70	103	
1749	13	16	17	19	20	21	22	24	29	42	45	49	69	
1750	9	12	15	17	19	20	22	23	25	45	49	68	72	
1751	5	11	13	15	18	19	20	21	22	23	24	26	71	
1752	21	21	22	23	25	
1753	22	56	58	
1754	56	
1755	52	54	57	59	87	91	92	95	
1756	53	54	55	82	85	86	87	88	89	90	91	92	94	95	97	100	
1757	80	81	82	84	85	86	88	88	90	92	94	
1758	82	85	88	96	
1763	10	11	11	13	
1769	44	
1770	63	
1772	28	
1773	87	
1775	4	9	29	
1776	3	7	9	10	11	13	13	14	15	19	84	91	99	
1777	8	11	12	13	15	16	17	19	22	23	82	86	88	90	92	94	
1778	16	17	18	20	21	53	55	61	63	93	
1779	32	33	50	51	52	54	55	57	58	60	62	
1780	45	50	51	52	59	68	70	
1781	11	14	19	23	29	44	45	49	50	65	
1782	15	17	18	19	20	22	24	45	50	65	70	
1783	20	21	22	23	25	
1784	15	21	22	23	24	
1785	22	24	
1786	57	
1787	53	93	
1788	54	55	59	91	92	95	97	
1789	55	57	82	83	85	86	87	88	89	90	91	93	93	95	99	
1790	55	80	81	81	82	84	84	85	87	89	91	94	
1791	80	81	83	85	91	
1792	86	
1793	67	
1794	59	
1803	11	
1809	12	88	
1810	7	10	12	13	15	
1811	6	8	9	10	11	12	14	14	15	16	81	82	84	86	90	92	94	99	
1812	19	22	82	85	87	88	89	90	91	92	95	97	
1813	16	92	
1815	25	
1816	23	23	24	
1817	25	
1818	56	
1820	53	91	91	93	95	97	
1821	53	54	55	86	87	88	90	91	92	94	95	97	
1822	54	82	85	86	87	88	89	90	92	93	95	98	98	101	
1823	80	81	82	83	84	84	85	87	88	90	100	
1824	79	83	85	90	100	
1825	81	84	
1826	84	
1839	33	
1844	11	96	
1845	10	12	13	81	84	86	88	100	
1846	7	8	9	10	12	14	15	16	81	81	82	83	84	84	85	87	88	89	91	93	100	
1847	11	12	18	86	86	88	90	91	92	93	93	95	97	
1848	17	91	92	93	97	
1849	92	
1850	91	93	97	
1851	87	91	92	95	98	
1852	87	91	92	93	96	
1853	53	86	87	87	89	90	91	92	93	95	98	
1854	54	82	83	85	86	87	88	90	91	93	94	97	100	
1855	81	82	83	83	84	84	85	86	87	89	90	93	97	100	
1856	79	79	80	82	83	84	85	88	88	90	94	
1857	79	81	85	
1858	8	84	
1861	102	
1862	73	104	
1866	79	
1879	5	14	84	89	
1880	4	8	10	80	81	84	86	92	94	98	
1881	7	8	10	13	15	81	81	83	83	84	86	87	89	90	94	97	
1882	13	15	82	84	85	86	87	88	89	90	92	94	96	100	
1883	82	83	86	87	88	88	89	90	91	93	93	96	99	
1884	82	85	86	87	89	90	91	92	94	98	101	
1885	82	83	85	86	87	88	89	91	93	95	
1886	81	82	83	84	85	86	87	88	89	90	91	94	95	98	
1887	82	83	83	84	85	86	87	89	90	93	96	
1888	79	80	81	82	83	84	84	86	89	91	97	
1889	78	79	80	82	84	85	89	
1890	82	84	97	
1904	98	
1908	27	
1913	101	
1914	84	
1915	80	85	90	96	
1916	80	81	82	83	84	86	88	90	94	99	
1917	81	82	83	84	86	89	92	96	100	
1918	80	81	82	83	83	84	85	87	89	90	94	
1919	80	82	84	84	85	88	89	92	93	99	
1920	80	81	82	83	84	85	88	88	90	93	101	
1921	79	80	82	84	85	88	89	
1922	80	86	
1945	87	
1949	85	
1950	82	84	
1951	80	81	84	86	
1952	80	82	84	87	101	
1953	80	82	83	85	88	
1954	82	84	
1967	100	
1977	8	
1982	17	
1984	100	
1985	94	
1990	99	
1991	73	
1997	50	
2005	80	
2010	77	
2012	70	96	
2014	25	49	
2016	63	
2019	96	
2023	95	105	
2027	86	
2055	17	
2056	101	
2067	22	
2124	17	
2167	23	
2169	27	
2176	86	
2178	2	
2206	10	
2215	11	
2216	3	
