48	58	
49	64	65	
112	42	
182	18	
187	93	
188	87	90	92	
189	87	88	90	92	97	
190	86	87	89	90	91	93	
191	82	86	87	87	88	90	91	94	98	
192	83	86	87	88	88	89	91	92	93	96	
193	17	82	83	85	86	87	88	88	89	91	92	93	97	
194	83	87	91	93	98	
195	16	88	
218	88	
219	86	88	90	92	94	
220	83	86	87	89	91	92	94	101	103	
221	82	85	86	87	88	90	91	93	96	
222	82	83	85	86	87	89	90	92	94	97	
223	81	82	83	84	85	86	88	89	90	91	95	
224	80	81	82	83	84	86	87	88	88	89	91	94	97	100	
225	9	78	79	80	81	82	83	84	85	87	88	90	93	
226	8	79	80	81	82	83	84	84	85	86	89	96	
227	9	12	13	79	80	81	82	83	84	85	86	89	91	96	
228	7	11	15	16	81	82	84	85	86	87	89	90	92	95	98	
229	17	83	85	87	89	91	95	
230	16	88	
250	93	
251	88	92	
252	82	86	87	88	89	90	92	94	97	
253	82	83	83	85	86	87	89	90	91	95	
254	81	82	83	84	85	86	88	89	90	92	94	97	
255	79	80	81	82	83	83	85	86	88	90	97	
256	46	79	80	81	83	84	85	89	
257	41	43	58	78	79	80	81	82	83	84	85	98	
258	47	52	56	78	79	80	82	84	
259	18	19	33	42	44	46	47	49	68	79	79	80	83	99	
260	39	43	44	46	47	49	70	78	78	79	80	
261	4	8	9	11	15	78	78	79	80	81	83	84	89	
262	7	9	11	13	13	15	79	80	81	82	83	84	85	88	89	96	
263	7	10	12	14	15	16	17	19	78	79	80	82	83	84	85	86	88	89	91	95	99	
264	12	16	17	82	86	88	90	96	
265	17	
283	57	86	87	90	92	94	
284	82	83	85	86	87	88	89	90	91	93	96	
285	81	82	85	86	87	89	90	92	95	98	
286	53	78	80	82	83	83	84	85	86	87	89	90	96	
287	79	80	81	82	84	85	88	94	
288	16	17	18	19	43	49	58	68	68	78	79	80	82	83	
289	16	17	19	19	27	41	44	45	47	48	49	53	56	58	59	71	78	79	80	
290	18	19	20	21	21	26	28	38	42	44	44	45	46	47	48	48	49	50	60	67	73	79	80	
291	9	18	19	20	21	26	44	44	45	47	49	58	61	66	71	79	
292	13	14	15	19	20	21	26	28	29	43	44	45	47	50	52	55	56	57	60	68	71	78	
293	20	21	22	23	26	33	44	45	46	47	47	49	50	50	51	52	53	54	56	58	58	61	
294	5	22	23	26	31	42	44	45	45	46	47	48	48	49	50	
295	5	44	48	
296	3	6	8	10	78	80	86	
297	4	6	9	10	11	13	13	14	15	16	79	80	81	84	87	90	100	
298	7	12	14	16	18	22	79	80	82	84	85	89	93	
299	16	17	17	19	20	
315	88	91	96	
316	82	85	86	87	89	90	91	93	95	
317	80	81	83	83	84	85	86	87	89	90	91	94	98	
318	55	80	81	81	82	83	84	85	85	86	88	89	90	91	94	
319	78	79	80	81	82	83	84	86	88	89	92	96	99	
320	10	79	80	81	82	84	85	93	
321	6	8	11	13	14	15	16	17	19	19	29	43	69	78	79	83	
322	11	12	14	15	16	17	18	18	19	20	20	26	45	68	78	
323	8	18	19	20	21	22	23	24	26	45	50	54	
324	21	22	23	23	25	55	
325	22	24	45	55	
326	23	23	25	55	56	57	61	
327	24	35	50	51	52	52	53	54	55	55	56	57	59	
328	44	45	46	46	47	48	49	50	50	51	53	57	59	
329	44	45	48	
330	83	
331	8	8	9	11	14	25	79	84	100	
332	6	7	10	11	12	13	13	14	15	15	16	17	18	18	19	80	84	100	
333	15	16	17	17	18	20	20	22	24	
347	52	
348	46	52	92	
349	50	52	81	83	84	85	87	89	91	94	
350	52	77	79	80	81	82	83	83	84	86	87	88	89	91	96	
351	78	78	79	80	81	82	84	85	86	89	95	
352	18	46	77	79	80	81	84	98	
353	9	14	16	19	79	80	83	
354	6	8	10	11	14	15	16	17	18	18	19	45	68	78	
355	9	11	13	13	14	15	17	18	19	20	20	21	24	69	
356	4	18	20	21	22	23	23	24	26	
357	21	23	24	
360	4	53	57	58	62	
361	50	51	52	52	54	54	55	56	57	60	
362	44	46	47	48	49	50	50	51	52	53	54	62	92	
363	44	45	46	54	92	
364	10	
365	4	6	9	10	11	13	13	15	68	
366	6	8	10	11	12	13	14	15	15	16	17	18	18	19	19	20	23	24	27	70	
367	1	15	17	18	19	20	21	22	24	99	
380	56	57	61	
381	47	50	51	52	53	53	55	56	61	
382	42	46	47	48	49	51	52	55	89	
383	50	78	80	81	84	86	88	88	92	95	
384	79	80	81	84	86	88	
385	16	67	80	85	
386	9	10	13	15	16	17	17	18	19	20	42	44	68	79	
387	7	9	11	12	13	14	15	16	17	18	19	20	21	23	26	44	
388	9	12	14	15	17	19	20	21	21	23	24	26	
389	4	13	20	21	22	22	24	25	
390	22	23	
394	52	55	56	58	58	
395	34	49	50	51	52	53	54	54	55	56	
396	46	48	48	49	50	52	54	86	88	91	97	
397	82	86	88	91	
399	6	8	9	10	11	12	13	13	14	14	15	16	16	18	18	19	71	
400	7	11	12	14	15	16	17	17	19	19	20	21	23	23	24	26	71	
401	3	18	21	21	22	25	
414	52	53	56	57	58	59	
415	48	51	51	52	54	55	56	58	60	
416	45	46	47	49	50	51	52	53	55	84	86	88	89	92	94	
417	45	47	49	79	81	83	86	
418	9	13	67	79	84	100	
419	6	9	10	12	13	14	15	16	18	
420	4	10	12	14	15	16	17	17	18	19	19	20	21	22	24	26	
421	4	19	20	21	22	23	24	25	
422	21	23	24	
427	56	
428	35	51	53	54	55	56	58	59	
429	47	49	50	51	52	53	54	55	87	90	92	
430	48	50	55	81	82	84	86	87	88	90	92	96	
431	9	80	84	87	91	
432	9	11	13	16	
433	6	8	10	11	11	12	13	14	15	16	17	18	19	24	28	71	
434	3	15	16	17	17	18	19	20	20	21	22	24	71	
435	22	23	
447	56	
448	51	53	55	56	58	58	61	
449	35	46	48	48	50	51	51	52	53	54	54	55	62	87	92	
450	47	49	50	54	80	82	83	85	86	88	91	95	
451	81	84	87	90	93	
452	6	9	10	11	14	19	67	
453	6	8	10	11	12	13	14	14	15	15	16	17	17	19	19	20	21	24	27	71	
454	3	4	13	15	17	18	19	20	21	22	23	23	24	
455	22	24	
461	52	57	60	
462	34	51	52	53	54	55	57	62	86	89	91	93	97	
463	49	50	52	54	81	82	84	85	86	87	88	90	91	93	94	
464	47	78	80	82	84	86	89	91	
465	28	84	
466	6	9	10	11	13	18	67	
467	4	7	10	11	12	13	13	14	14	15	16	17	17	18	19	20	22	23	
468	15	16	17	18	18	19	20	21	22	23	25	27	
481	56	58	61	
482	33	46	47	50	51	52	53	54	55	56	57	
483	43	45	46	47	48	49	50	51	53	54	55	56	86	91	
484	49	63	79	81	82	83	85	87	90	96	
485	10	80	84	
486	6	8	9	11	12	14	14	15	17	19	20	26	70	
487	8	12	13	15	15	16	16	17	18	18	19	20	21	22	24	27	
488	20	21	22	23	25	
493	56	
494	55	57	
495	51	52	53	55	57	83	85	87	88	90	92	95	
496	50	51	52	53	55	56	81	82	84	85	87	88	88	89	91	93	96	
497	78	80	81	82	84	85	87	89	90	95	98	
498	42	79	82	83	89	100	
499	8	11	15	16	17	19	68	71	
500	6	9	11	12	13	13	14	15	16	16	17	18	18	19	19	20	43	
501	5	7	10	11	12	14	15	17	18	18	19	20	21	21	22	24	26	
502	20	21	22	23	23	26	
515	52	54	55	56	57	58	60	
516	46	48	50	51	52	53	53	54	55	56	61	
517	45	46	48	49	49	50	52	54	83	85	87	88	90	93	95	
518	45	81	84	86	90	96	
519	8	9	10	13	16	66	
520	7	10	11	12	12	14	14	15	15	16	18	19	20	69	
521	13	16	17	18	19	20	21	22	23	24	25	
522	22	59	60	62	
526	57	
527	53	57	91	
528	51	53	55	83	86	88	89	90	92	93	97	
529	52	54	58	78	79	81	82	83	84	86	87	89	90	93	94	97	
530	79	80	81	82	83	85	86	89	97	
531	18	46	67	78	79	81	83	
532	9	11	16	17	19	20	45	71	
533	4	7	9	10	11	13	14	15	16	17	17	18	19	19	20	21	44	65	69	
534	7	11	13	15	18	19	19	20	21	22	23	25	26	28	44	
535	13	15	20	21	22	23	23	25	
536	22	
548	56	57	
549	48	51	52	53	54	56	57	58	63	
550	43	45	46	47	49	50	50	51	53	54	60	
551	46	48	50	79	80	82	84	86	88	93	
552	79	82	83	87	88	
553	5	8	8	10	11	12	13	14	
554	5	7	11	12	13	13	14	15	15	16	18	20	24	27	68	
555	15	16	17	17	18	20	21	22	23	24	26	
556	22	
559	88	91	
560	56	85	87	88	89	90	92	93	97	
561	52	55	82	84	85	86	87	88	89	90	92	93	97	
562	54	58	80	81	82	84	85	85	87	88	89	90	92	94	
563	54	78	79	81	82	83	84	85	87	88	90	
564	9	14	44	68	78	79	81	
565	9	11	14	15	16	17	18	18	19	21	44	78	
566	7	9	11	13	13	14	15	16	17	18	19	19	20	21	21	23	23	24	27	44	70	
567	4	14	18	21	21	22	23	24	25	26	
568	21	22	23	24	
570	23	
582	56	57	58	60	
583	33	48	51	51	52	52	54	54	55	56	57	59	
584	42	45	46	46	47	47	48	49	49	50	50	51	53	54	55	57	81	
585	43	44	46	48	50	79	102	
586	46	
587	4	8	9	9	10	12	13	102	
588	6	8	9	10	11	12	13	13	14	15	15	17	19	22	
589	17	18	19	20	21	22	83	86	87	89	90	91	93	94	97	
590	83	86	87	89	91	92	97	
591	87	88	90	91	95	
592	57	85	87	88	89	91	92	95	
593	52	54	82	83	85	86	87	88	89	91	93	94	98	
594	58	80	82	82	84	85	86	87	89	91	92	94	
595	54	78	79	80	81	82	83	84	86	87	88	90	94	97	
596	78	79	80	82	83	84	87	95	98	
597	10	13	16	17	79	80	
598	7	9	11	12	14	15	16	17	17	18	19	19	20	21	43	64	69	
599	5	10	12	13	14	15	16	17	18	19	20	20	21	22	23	24	25	26	44	
600	20	21	22	23	23	24	25	26	
601	22	24	
616	56	57	
617	34	47	51	51	52	53	53	54	55	55	56	57	58	58	60	
618	38	42	43	44	45	46	47	48	48	49	49	50	50	51	51	53	53	54	56	
619	31	42	44	45	45	46	46	47	49	50	
620	14	46	
621	5	9	13	
622	4	6	8	10	11	12	13	14	15	20	80	81	86	89	
623	7	11	15	80	81	83	83	84	85	86	87	88	89	92	97	
624	10	80	81	82	83	84	85	86	86	88	88	89	91	95	
625	80	81	82	83	83	84	85	86	87	87	89	90	91	93	97	
626	80	81	82	82	83	84	85	86	87	89	90	91	93	96	
627	40	46	54	78	79	80	81	82	83	84	85	89	90	
628	43	78	78	79	80	81	82	83	85	89	98	
629	17	18	41	48	79	80	81	83	
630	9	12	13	16	17	19	20	44	68	68	80	
631	7	9	11	11	12	13	14	15	16	17	18	18	19	20	21	24	
632	4	12	15	17	19	20	20	21	21	22	23	23	24	
633	20	21	22	23	24	25	
651	52	54	55	55	56	57	58	60	
652	48	49	50	51	51	52	53	54	55	55	56	57	58	59	61	
653	30	33	40	43	44	45	46	47	48	49	49	50	50	52	53	57	61	
654	24	28	32	40	42	44	44	45	46	46	47	48	48	49	50	51	66	
655	5	42	43	44	46	47	50	69	
656	3	7	11	15	48	79	99	
657	9	14	46	79	80	81	84	88	
658	5	78	79	80	81	82	84	86	98	
659	16	46	79	79	80	81	84	85	
660	16	38	48	56	67	79	80	81	82	83	84	
661	16	17	18	18	19	42	44	47	49	56	58	68	72	78	79	81	101	
662	9	17	18	19	19	20	38	43	43	44	45	46	47	48	50	65	70	79	
663	8	11	13	13	15	16	18	19	19	20	20	27	43	44	45	47	64	67	69	
664	11	13	15	16	17	18	19	20	21	22	24	45	63	71	
665	8	11	14	19	20	22	22	23	25	26	69	
666	19	21	22	23	24	
667	22	
685	57	
686	51	53	54	54	55	55	57	61	
687	50	52	53	54	54	55	55	56	57	58	60	
688	32	35	45	47	49	50	51	51	52	54	54	55	56	57	58	59	
689	23	25	26	30	35	37	40	42	43	44	45	46	47	47	48	48	49	49	50	51	56	73	
690	21	24	26	42	43	44	45	46	47	48	49	57	67	68	
691	4	19	20	39	42	43	44	46	46	47	48	49	53	56	67	70	
692	18	19	20	31	37	39	43	43	46	47	48	49	66	70	79	84	
693	12	16	18	18	19	20	21	26	43	44	45	46	49	65	66	69	78	79	83	
694	8	9	11	12	14	15	17	19	19	20	44	69	73	79	
695	13	14	15	17	18	18	19	20	20	21	22	23	24	28	45	49	69	
696	14	21	22	22	23	24	25	44	64	
697	21	22	23	24	25	
698	22	24	25	
699	23	24	
721	52	55	
722	51	53	54	55	57	58	
723	32	49	51	53	54	55	55	56	57	58	65	
724	45	48	48	50	51	54	55	56	59	62	64	
725	21	23	23	24	25	28	30	43	45	47	49	55	60	
726	13	19	21	23	24	25	43	44	50	55	58	69	
727	15	19	20	21	23	23	24	45	73	
728	5	6	11	14	22	23	23	24	
729	21	23	24	25	
730	24	
758	59	
760	24	
761	25	
762	24	
1157	57	
1171	28	67	
1182	35	
1202	18	
1205	12	63	
1207	68	
1219	5	
1232	15	
1240	26	
1246	54	
1260	4	
1266	41	
1269	45	
1274	11	
1278	28	43	
1287	62	69	
1293	19	
1302	40	
1309	58	
1311	60	
1312	46	
1313	46	69	
1314	45	72	
1315	47	
1317	30	47	
1321	15	60	
1335	38	
1338	20	
1341	2	20	
1342	19	57	66	
1343	26	42	
1344	17	19	49	57	
1345	18	21	44	46	49	57	66	
1346	16	19	20	38	44	47	56	
1347	17	18	20	26	41	43	46	50	54	56	59	67	71	
1348	20	22	23	27	41	43	45	46	48	48	53	58	59	
1349	20	27	42	44	46	47	50	72	
1350	23	27	44	49	67	
1351	46	
1356	14	
1372	17	67	
1374	16	
1375	16	18	20	44	
1376	17	19	22	42	44	47	48	67	
1377	16	18	19	22	26	43	45	46	59	63	67	
1378	14	17	19	21	24	28	41	45	46	48	58	67	
1379	15	18	19	20	21	24	28	42	44	46	48	57	58	67	
1380	17	19	21	22	25	45	49	58	60	65	
1381	18	19	20	22	23	23	43	45	49	53	54	56	57	60	69	
1382	18	20	21	22	24	26	28	34	40	44	45	47	50	51	53	55	56	57	59	65	72	
1383	21	23	23	33	41	43	44	45	46	47	48	48	49	50	51	55	58	59	64	
1384	16	22	26	42	43	44	45	46	47	48	48	49	55	56	69	
1385	40	44	46	49	53	62	72	
1386	46	71	
1398	94	
1403	21	
1404	29	
1405	19	
1406	26	40	
1407	17	20	
1408	12	13	16	17	19	21	24	42	45	67	69	
1409	14	17	18	18	19	21	25	27	45	60	
1410	15	17	18	19	20	22	24	28	43	45	48	54	60	66	69	73	
1411	20	21	22	24	27	44	49	59	
1412	13	14	21	23	24	27	92	
1413	15	21	22	23	25	92	
1414	15	22	24	88	
1415	22	23	25	87	88	90	91	95	
1416	18	23	33	51	53	55	57	58	59	87	92	
1417	25	34	51	52	54	55	56	57	61	73	
1418	23	39	43	45	47	48	49	50	52	53	54	56	58	
1419	26	41	44	45	46	46	47	48	48	49	50	53	54	56	59	
1420	39	44	47	49	59	
1421	49	55	
1424	7	70	
1435	22	33	
1436	19	
1437	46	
1439	14	16	17	18	21	41	44	47	
1440	13	17	19	21	40	44	
1441	11	13	15	16	18	19	20	21	42	45	46	68	69	
1442	15	17	18	18	19	20	21	22	24	26	45	
1443	13	15	20	21	22	23	25	45	69	
1444	24	88	91	93	
1445	82	83	86	87	88	88	89	90	93	96	
1446	83	85	85	87	88	90	91	94	96	
1447	82	82	84	85	85	87	88	89	90	92	93	96	
1448	82	83	84	85	86	88	90	94	96	
1449	7	8	11	81	82	83	84	85	86	87	89	91	94	
1450	6	12	13	13	14	78	80	81	82	83	84	84	85	87	88	90	94	98	
1451	16	17	18	53	54	55	57	58	61	86	89	96	
1452	17	51	52	54	55	56	57	59	
1453	41	45	46	46	47	48	49	50	51	52	53	55	56	60	
1454	44	45	46	47	48	49	50	54	
1455	44	50	
1459	4	
1463	51	
1464	44	
1467	37	72	
1470	16	29	
1471	8	16	18	18	
1472	12	14	15	16	17	19	20	23	43	45	69	
1473	14	16	17	18	18	19	21	25	42	45	47	49	68	
1474	9	14	18	18	19	21	22	25	44	45	64	69	
1475	12	14	19	20	21	22	24	58	
1476	21	23	23	24	53	56	92	
1477	25	52	86	87	88	90	92	95	
1478	82	83	84	85	86	88	89	91	97	
1479	77	79	80	81	83	84	85	90	93	99	
1480	78	80	80	81	84	85	89	
1481	77	79	80	81	82	83	85	89	
1482	79	80	81	82	84	87	88	96	98	
1483	10	79	80	82	84	
1484	7	8	9	10	11	14	15	16	18	19	78	79	80	84	
1485	12	13	15	16	17	18	19	20	21	21	80	82	84	89	
1486	17	18	21	22	36	51	52	53	54	55	56	56	58	58	60	
1487	47	49	50	51	52	53	54	56	57	
1488	45	46	47	48	49	50	51	53	
1489	45	49	53	
1490	12	
1491	55	59	
1497	33	
1503	9	16	
1504	11	14	16	18	25	
1505	9	12	14	16	17	19	19	21	26	68	
1506	10	12	14	17	18	18	19	20	22	25	27	45	
1507	19	20	22	23	24	25	
1508	21	22	24	25	92	
1509	22	25	51	52	55	87	88	91	92	
1510	52	53	60	83	85	86	87	89	90	91	95	
1511	81	82	83	83	84	85	87	89	92	96	
1512	79	80	81	84	86	91	
1513	79	80	92	
1514	80	83	88	
1515	79	87	
1516	79	82	86	
1517	8	9	15	19	83	96	
1518	5	7	9	10	11	13	14	15	16	17	18	22	23	50	
1519	8	15	15	16	17	17	19	20	21	22	26	
1520	21	22	23	53	55	56	57	60	
1521	46	47	49	50	51	51	52	53	54	55	57	59	
1522	44	47	48	49	51	54	88	89	90	
1531	13	
1532	30	
1537	9	16	
1538	7	10	11	13	13	14	16	18	
1539	8	11	12	14	15	16	16	17	18	19	21	24	
1540	13	17	18	21	22	23	24	
1541	23	25	53	93	
1542	50	51	52	55	82	83	86	87	89	90	92	95	97	
1543	53	62	81	82	83	85	86	86	88	89	90	95	100	
1544	53	78	79	80	81	82	83	83	85	86	89	94	99	
1545	78	79	81	84	85	88	
1546	78	81	84	
1547	83	
1549	87	
1551	8	9	10	12	13	15	17	19	
1552	5	7	8	10	11	12	14	15	16	17	18	19	23	25	
1553	13	16	17	18	19	20	21	22	24	26	56	58	
1554	23	33	47	51	52	53	54	55	56	57	61	
1555	45	46	48	49	49	50	51	52	54	55	56	61	87	93	
1556	46	50	54	78	81	83	84	86	90	93	
1557	85	
1558	68	
1571	8	10	16	19	75	
1572	5	6	8	9	11	12	13	14	14	15	16	17	19	20	71	
1573	12	13	15	16	17	18	18	19	20	21	22	24	56	57	70	
1574	22	23	25	47	50	51	52	53	
1575	46	48	49	51	53	55	86	88	88	90	
1576	50	78	81	81	82	84	86	89	97	
1577	54	78	79	79	80	82	84	91	93	
1578	79	80	84	101	
1579	79	
1581	44	61	
1584	12	14	68	
1585	7	9	11	12	14	15	16	18	19	67	
1586	4	6	8	11	12	13	13	14	15	16	17	18	19	19	20	22	24	70	
1587	15	18	19	20	21	22	23	26	56	57	58	61	
1588	22	33	46	47	50	50	51	52	53	54	54	55	56	58	60	
1589	45	46	47	48	49	50	86	90	
1590	51	54	80	82	85	88	89	
1591	85	
1601	28	
1603	86	
1604	13	
1605	7	9	11	13	14	18	19	
1606	7	10	11	12	13	14	15	16	16	17	19	20	24	29	57	
1607	18	19	20	21	22	23	24	34	52	53	55	56	57	60	
1608	22	46	47	49	50	50	51	52	54	55	
1609	46	49	50	52	81	83	85	87	88	90	92	94	
1610	51	58	79	80	83	85	89	
1611	79	91	
1612	79	85	98	101	
1613	70	
1614	102	
1616	15	16	
1617	16	
1618	10	12	13	15	16	18	20	24	44	
1619	5	7	9	11	12	14	15	16	17	18	19	20	21	23	25	26	29	68	
1620	13	15	17	20	21	22	23	25	
1621	21	22	52	56	57	60	
1622	35	49	50	51	52	53	53	55	57	58	62	91	93	
1623	45	48	49	51	80	80	82	85	87	88	91	93	94	
1624	44	79	88	
1629	73	
1633	83	
1634	27	
1636	33	
1638	10	14	19	
1639	8	9	10	11	12	13	14	15	16	19	21	71	
1640	7	12	14	15	16	17	18	18	19	20	22	23	56	57	70	
1641	17	20	21	22	23	25	26	34	47	51	52	53	54	55	56	60	
1642	46	48	50	51	52	53	55	58	87	91	93	
1643	49	53	77	79	81	82	84	85	87	90	92	96	
1644	80	83	89	
1645	55	79	
1647	27	
1649	16	20	
1650	10	16	19	
1651	10	12	14	16	17	18	19	21	71	
1652	10	11	13	14	15	16	17	18	19	20	22	24	26	69	
1653	5	7	12	13	14	15	18	19	20	21	22	23	24	27	69	
1654	22	23	25	37	
1655	52	53	54	54	55	57	60	87	88	90	91	93	
1656	50	52	54	55	62	82	83	85	86	87	88	89	90	91	95	
1657	52	55	80	82	83	84	85	86	87	89	90	98	
1658	82	82	85	
1670	19	
1671	12	
1672	9	11	14	16	68	
1673	5	7	8	10	11	12	13	14	14	15	16	16	17	19	19	21	23	25	
1674	13	15	17	18	19	20	21	22	23	25	55	56	57	59	
1675	22	23	46	47	48	50	50	51	52	53	54	54	55	56	
1676	43	44	47	49	50	53	55	81	85	89	95	
1677	79	80	83	86	91	
1679	55	
1680	47	
1681	43	46	
1682	31	
1683	11	16	18	19	42	46	53	
1684	10	12	14	16	17	18	21	24	68	
1685	10	12	14	16	17	19	19	21	24	44	70	
1686	13	15	17	18	19	20	21	22	24	27	
1687	22	24	53	92	
1688	23	53	55	61	86	87	88	91	92	93	97	
1689	54	82	83	84	85	85	86	88	89	91	95	100	
1690	55	77	80	81	82	83	84	85	87	88	90	94	
1691	78	79	81	84	87	93	
1702	70	
1705	8	18	
1706	4	8	10	11	12	14	15	16	19	21	26	
1707	5	6	10	11	13	13	14	15	16	16	17	18	18	19	20	21	23	24	58	
1708	2	18	19	20	21	22	24	33	51	52	53	55	55	56	57	60	62	
1709	22	35	43	46	47	47	47	48	49	50	50	51	52	53	54	57	58	
1710	37	41	44	45	47	48	49	50	51	78	
1711	49	79	83	
1712	18	85	
1713	20	31	
1714	19	
1715	15	
1716	10	15	17	19	22	44	47	70	
1717	12	14	16	18	18	19	21	23	27	43	43	70	
1718	8	10	12	14	15	16	17	19	20	21	23	
1719	13	15	19	21	22	24	25	57	
1720	22	23	23	25	51	52	88	92	
1721	51	54	82	83	85	86	87	88	89	90	92	95	97	
1722	54	78	80	82	82	84	85	85	86	88	88	89	91	94	97	
1723	77	79	79	80	81	83	83	84	86	92	
1724	78	80	82	83	85	
1725	79	96	
1726	81	
1727	94	
1736	13	
1738	9	18	
1739	9	11	15	21	
1740	5	7	8	9	10	11	12	13	14	15	16	20	
1741	12	15	16	17	18	18	19	20	21	24	26	58	
1742	16	17	21	22	23	24	52	52	55	55	56	56	57	60	62	
1743	47	49	50	50	51	52	53	54	55	56	57	58	59	61	
1744	32	40	43	43	44	45	46	47	48	49	50	52	60	
1745	42	45	46	48	51	58	
1746	20	23	42	44	46	48	58	69	
1747	16	20	42	44	47	49	69	
1748	17	19	22	45	47	63	68	
1749	7	10	12	15	16	18	19	20	24	43	46	66	68	
1750	11	13	14	15	16	17	18	19	20	21	23	28	44	65	70	
1751	9	12	15	18	19	20	21	22	24	
1752	20	21	22	23	23	24	
1753	22	24	25	51	52	54	61	88	90	92	97	
1754	52	54	83	86	86	87	89	89	91	94	97	
1755	78	80	81	82	83	84	85	86	88	90	95	
1756	78	79	80	81	84	86	90	
1757	79	82	85	89	
1758	79	95	
1770	1	
1772	19	
1773	9	13	
1774	4	7	9	11	12	14	15	16	83	
1775	8	12	13	14	15	16	18	20	23	24	82	87	89	91	94	97	
1776	16	17	17	19	20	22	53	57	61	88	91	
1777	51	52	54	54	55	57	58	60	
1778	31	43	44	45	46	47	49	50	51	53	55	56	59	62	
1779	24	31	41	44	45	46	47	48	50	54	58	58	62	66	
1780	18	20	23	42	44	45	46	47	48	50	54	56	60	
1781	18	19	21	25	31	43	44	45	47	49	54	68	72	
1782	9	14	19	20	21	23	23	30	45	51	63	
1783	11	14	19	20	22	24	69	
1784	13	20	20	21	22	23	25	26	93	
1785	21	22	23	25	58	92	
1786	51	51	52	53	55	86	87	89	90	91	92	96	
1787	50	52	54	81	82	85	86	87	89	90	91	94	
1788	80	81	83	84	85	86	88	88	91	98	
1789	79	80	82	85	89	
1790	80	83	
1791	81	
1794	100	
1801	85	
1805	15	
1807	13	
1808	5	7	8	10	14	
1809	7	9	10	11	12	13	13	15	78	79	81	83	85	89	91	97	
1810	12	15	17	81	82	83	84	85	87	89	90	91	93	96	98	
1811	18	55	83	85	86	87	88	89	90	91	94	97	
1812	16	18	53	53	55	88	92	
1813	24	52	55	
1814	23	25	52	60	65	
1815	24	
1816	22	23	23	25	93	
1817	25	83	86	87	87	90	91	92	95	
1818	83	86	86	87	89	89	90	92	94	96	
1819	53	55	82	82	83	85	85	86	87	88	88	89	90	92	93	95	
1820	52	55	81	82	83	85	86	87	88	90	92	95	99	
1821	79	80	81	82	83	84	86	90	94	
1822	79	81	84	88	
1823	82	
1826	7	56	
1841	26	
1842	9	91	
1843	5	10	13	15	20	79	83	89	
1844	7	8	10	12	14	79	80	82	83	85	88	89	95	99	
1845	7	10	11	12	13	14	15	80	80	81	82	83	84	84	85	86	87	88	90	93	93	
1846	12	17	81	82	83	84	85	86	87	89	90	91	92	94	96	
1847	86	87	87	90	90	91	92	93	95	97	
1848	86	87	89	89	90	91	92	95	98	
1849	52	86	86	87	88	89	90	91	93	95	
1850	53	83	86	87	88	88	89	90	92	95	98	
1851	77	81	82	84	85	87	89	92	97	
1852	77	78	80	81	81	82	84	85	86	88	90	
1853	79	80	81	82	84	87	90	99	
1854	77	78	79	80	81	84	87	90	
1855	79	80	83	83	86	
1856	86	
1869	67	
1874	50	
1878	10	78	82	83	88	
1879	6	9	12	15	78	79	80	82	85	90	99	
1880	11	78	79	80	81	82	83	84	85	88	95	98	
1881	7	76	77	80	80	81	82	84	85	86	88	89	90	94	
1882	78	80	81	82	83	84	85	86	87	89	90	91	94	
1883	78	79	80	81	82	83	84	85	87	89	91	94	
1884	77	79	80	81	82	83	84	86	88	89	92	
1885	78	79	80	82	84	85	
1886	79	81	84	88	94	
1887	79	82	83	
1888	80	86	
1889	79	
1894	42	
1895	102	
1913	81	
1914	79	80	85	89	
1915	78	80	85	101	
1916	79	80	81	84	91	98	
1917	80	82	84	
1918	78	80	82	83	
1919	83	
1921	89	
1943	100	
1945	97	
1949	94	
1950	79	87	
1951	85	98	
1953	98	
1954	86	
1955	41	
1957	13	
1960	23	
1979	45	
1983	92	
1988	84	
1996	82	
2007	30	82	
2022	36	
2026	64	
2027	22	
2048	39	
2049	84	
2050	5	94	
2054	40	
2056	19	
2083	32	
2115	30	
2143	26	
2144	30	
2146	95	
2150	23	
2163	3	
2178	29	
2186	7	
2188	4	
2192	101	
2258	12	
2263	11	
2267	101	
