16	69	72	
85	87	91	92	95	
86	87	91	92	95	
87	91	92	96	
88	91	92	94	98	
116	56	
117	58	
118	51	53	86	88	89	90	91	92	94	96	
119	82	83	84	85	86	87	89	90	91	93	93	95	97	99	
120	10	81	82	83	84	85	86	86	87	88	89	90	91	92	93	95	96	99	
121	8	14	81	82	84	85	86	87	88	89	90	92	94	95	99	
122	10	12	14	15	16	82	83	84	85	86	87	88	90	91	92	94	97	
123	16	17	87	91	94	
124	16	18	
149	58	62	
150	52	56	58	59	63	
151	50	51	53	54	55	56	60	86	90	92	94	
152	49	51	54	56	82	84	85	87	88	90	91	92	92	93	94	97	
153	53	81	82	84	85	86	87	88	90	93	95	
154	5	81	82	83	84	85	87	89	93	100	
155	7	9	15	81	82	83	83	84	85	86	88	90	94	99	
156	3	5	7	9	10	11	13	13	14	81	82	83	83	84	85	86	89	91	94	101	
157	6	11	12	14	15	16	17	18	82	83	83	85	86	87	89	91	93	93	96	98	
158	16	17	19	88	
183	57	59	62	
184	51	52	54	55	56	57	58	61	
185	48	50	51	52	53	55	57	83	85	86	88	89	90	91	94	
186	49	52	82	83	85	86	87	88	90	94	
187	83	83	85	91	
188	87	
189	10	81	84	
190	3	5	8	9	11	14	84	89	96	99	
191	7	9	10	11	12	13	14	15	23	81	82	84	85	87	91	95	99	
192	12	13	15	16	16	18	19	20	22	85	88	91	93	98	
193	17	20	
216	58	61	
217	52	54	55	56	57	57	59	62	
218	32	50	51	52	53	53	54	56	59	91	
219	47	49	50	51	52	54	83	85	86	87	89	91	97	99	
220	50	84	85	86	89	92	94	
222	83	
223	13	94	
224	5	9	83	
225	4	7	8	9	11	12	13	13	14	15	16	83	84	87	92	94	
226	6	11	11	12	13	14	15	16	16	17	19	21	23	82	83	84	86	92	94	
227	16	17	18	20	21	
250	57	58	59	62	
251	52	52	54	55	56	57	59	62	
252	51	52	53	54	55	60	86	87	88	90	91	95	100	103	
253	49	51	54	85	87	90	92	
254	83	83	90	
255	82	97	
257	4	
258	10	
259	5	8	9	10	12	14	14	22	
260	7	11	12	12	13	14	14	15	16	19	20	82	84	89	100	
261	15	16	17	18	18	19	20	21	23	24	
283	56	57	
284	53	55	56	57	59	61	
285	34	50	51	52	54	55	57	59	88	89	91	94	97	99	
286	51	52	53	55	57	83	84	85	86	88	88	90	91	94	97	
287	49	55	84	86	90	101	
291	16	22	
293	5	7	8	9	10	12	13	15	41	
294	5	6	7	10	11	12	12	13	14	15	15	16	18	19	19	26	71	82	83	100	
295	17	17	18	18	19	20	20	21	23	23	
308	73	
317	52	56	59	
318	50	52	53	54	55	56	58	58	61	86	91	93	94	
319	50	51	53	54	55	82	85	86	88	89	91	92	93	97	
320	51	61	81	82	84	86	87	89	91	94	
321	82	84	
327	3	8	9	10	12	13	14	17	18	20	24	
328	7	8	10	11	12	13	14	15	15	16	17	17	18	19	20	21	23	26	
329	3	16	17	19	20	21	21	22	24	
350	56	57	60	
351	52	53	54	55	56	57	59	62	
352	50	51	52	54	55	61	84	86	87	88	90	91	96	100	
353	50	51	53	55	66	81	83	83	85	86	88	90	92	95	
354	54	82	84	86	89	
355	70	83	91	97	
357	23	
358	14	
360	10	
361	5	6	8	9	10	11	11	13	14	14	15	16	19	23	
362	1	7	12	13	14	15	16	16	17	18	18	19	20	21	24	
363	17	21	22	23	23	
383	58	
384	53	55	56	57	59	61	
385	51	52	54	55	56	59	93	
386	47	49	49	51	52	53	55	82	84	86	88	89	90	92	94	
387	51	81	82	84	86	91	
388	85	
389	53	
390	48	
392	23	
394	9	12	14	
395	6	8	9	10	11	12	13	14	14	15	16	17	19	21	
396	7	12	13	15	16	16	17	18	18	19	20	21	23	24	28	
397	17	21	22	
404	66	67	67	
417	56	58	59	
418	52	53	54	55	56	60	62	92	
419	51	52	54	54	55	58	86	87	89	90	91	93	96	
420	51	53	56	84	86	88	91	98	
421	53	63	83	85	90	
423	26	
424	25	27	43	47	
425	44	46	48	68	
428	3	7	9	10	11	13	14	17	18	42	
429	6	8	8	10	11	11	12	14	14	15	16	17	17	19	19	23	27	71	
430	13	15	16	17	18	19	20	21	22	23	43	
431	22	
450	57	
451	51	53	54	56	58	58	61	
452	50	51	52	54	55	62	85	87	89	90	92	94	98	
453	51	53	55	58	82	83	84	86	87	88	89	91	92	95	
454	53	58	81	83	85	87	91	
457	16	18	
458	22	52	54	56	58	
459	49	
460	16	52	
461	8	13	
462	9	10	11	14	15	16	19	
463	4	7	11	12	13	13	14	15	16	17	17	18	19	20	20	21	22	23	25	28	
464	15	17	20	21	22	23	
484	53	55	56	57	59	60	
485	51	52	53	54	55	56	58	61	63	90	92	
486	49	50	51	54	55	56	59	82	84	85	86	88	88	90	91	95	
487	50	53	57	81	82	83	84	85	86	87	88	90	95	101	
488	84	90	102	
490	9	11	15	
491	13	58	61	
492	18	22	52	55	62	
493	37	50	54	
495	9	10	14	19	
496	5	7	8	10	11	12	12	14	15	16	19	20	
497	5	12	13	14	15	15	16	17	17	18	19	19	20	21	22	23	25	
498	18	22	
517	33	36	56	57	59	
518	48	52	53	54	55	56	60	
519	48	49	51	52	53	54	55	59	86	87	88	90	91	93	94	99	
520	50	60	81	83	85	86	87	89	90	92	95	
521	81	85	91	94	
522	88	
523	46	
524	4	6	10	15	
525	7	
526	55	87	91	98	
529	6	9	10	12	13	15	17	42	
530	5	6	8	9	11	12	12	13	14	15	15	16	17	18	19	20	23	25	
531	13	14	15	16	17	19	20	21	21	22	24	
532	21	22	
551	52	55	56	56	57	58	58	59	61	
552	34	47	50	51	52	53	53	54	55	56	56	59	
553	45	46	47	48	49	50	51	54	60	82	83	85	86	89	92	100	
554	49	53	54	81	83	85	86	91	
555	84	
558	11	14	29	
560	82	84	87	89	94	
561	32	91	
562	9	
563	6	9	10	11	12	13	14	16	42	
564	3	6	8	10	11	12	13	14	15	16	17	17	18	19	19	20	23	27	
565	17	19	20	21	21	22	24	26	
566	23	
584	58	
585	34	52	55	56	56	57	57	58	59	60	61	62	
586	46	47	50	51	51	52	52	53	54	54	55	55	56	59	62	
587	46	47	48	49	49	50	51	53	55	58	85	89	
588	49	58	84	
590	37	
592	85	86	86	
595	11	88	
596	8	10	
597	6	8	10	11	11	12	14	15	15	16	17	19	
598	13	14	15	15	16	16	17	18	19	19	20	20	21	23	24	25	73	
599	18	22	23	
619	53	55	55	56	56	57	58	58	60	61	62	
620	46	48	50	50	51	52	52	54	55	55	56	57	59	64	
621	36	45	46	47	48	48	49	50	50	51	53	91	
622	45	50	83	
624	55	
627	59	
628	18	
629	9	
630	9	10	14	18	19	41	
631	6	8	9	11	11	12	13	14	14	15	16	16	17	17	18	19	20	21	24	43	43	
632	13	15	17	18	19	20	20	21	21	22	23	24	
633	22	
653	34	55	55	56	56	57	58	58	59	60	62	
654	50	51	52	52	53	54	55	55	56	56	57	58	59	61	
655	44	45	46	47	48	49	49	50	51	51	53	54	55	56	58	62	
656	33	43	45	47	48	49	50	55	
657	45	56	
659	46	
660	45	
662	42	
663	8	12	17	42	48	
664	6	9	10	11	12	13	14	15	16	17	18	18	19	43	45	71	
665	2	7	12	13	15	16	16	17	18	19	19	20	21	22	24	
666	20	21	21	22	23	23	
687	58	59	61	
688	33	52	53	54	55	56	56	57	59	60	61	
689	46	48	49	50	51	51	52	53	54	55	56	59	
690	40	43	44	45	46	47	48	49	50	50	53	
691	38	45	46	47	48	50	59	66	
692	46	
693	40	46	50	
695	14	19	40	43	44	
696	13	16	17	19	20	22	40	42	46	48	
697	7	10	11	13	14	15	16	17	18	18	19	20	21	26	42	44	45	46	48	
698	4	6	8	10	11	12	14	15	15	16	17	18	18	19	20	20	21	23	24	27	44	46	48	
699	13	17	19	20	21	22	23	23	24	
721	58	
722	34	53	55	56	56	57	58	59	60	61	
723	30	36	48	50	51	51	52	53	53	54	55	55	56	56	57	57	59	61	
724	32	43	44	45	46	47	48	49	50	50	51	53	54	56	57	58	59	68	69	
725	37	40	43	44	44	46	47	48	48	49	51	57	60	66	
726	19	22	42	44	45	46	47	48	51	58	58	64	67	
727	18	22	27	41	44	46	47	48	49	62	67	
728	16	17	19	20	22	38	42	43	44	45	46	47	49	
729	7	9	11	12	14	15	16	17	18	19	24	26	41	44	46	48	68	69	
730	11	13	13	15	15	16	17	18	19	20	21	22	25	43	47	49	
731	8	12	14	18	19	20	21	22	23	23	24	43	
732	7	20	21	22	24	
733	21	23	
756	59	
757	53	54	55	57	59	60	
758	33	51	52	54	56	58	59	60	
759	25	44	49	51	52	54	55	56	57	59	61	69	
760	20	22	24	42	44	46	48	48	50	51	52	53	55	58	60	69	
761	15	18	20	23	24	43	44	45	46	48	49	61	69	
762	13	14	16	19	19	21	22	24	27	44	48	48	72	
763	7	9	11	14	19	21	22	23	23	25	44	
764	15	18	19	21	22	24	
765	22	23	24	
793	59	
794	24	50	54	
795	23	25	60	
796	21	24	
797	23	24	78	
798	24	
1168	10	
1178	51	
1181	60	
1184	9	
1206	23	37	40	74	77	
1207	49	
1208	41	45	62	
1209	70	
1210	45	
1211	49	56	
1212	87	
1219	104	
1225	93	
1239	39	
1240	17	20	37	42	
1241	16	17	18	20	23	37	42	45	46	51	58	60	
1242	19	20	35	37	42	44	45	46	48	48	51	57	61	67	68	
1243	19	21	26	43	44	45	46	47	49	52	56	59	
1244	45	46	47	48	49	57	59	68	
1245	43	47	49	
1246	49	61	
1248	84	
1249	56	
1251	11	
1252	9	
1271	19	
1273	10	15	16	18	19	41	
1274	12	15	16	17	18	20	24	26	41	44	
1275	16	17	18	19	20	21	23	25	44	46	57	61	
1276	18	19	20	21	22	24	44	45	47	49	51	55	57	58	59	60	
1277	21	23	23	42	43	44	47	48	50	51	53	55	56	57	59	60	73	
1278	22	43	45	47	47	49	50	51	52	53	54	56	58	58	60	
1279	43	45	46	47	48	48	49	50	52	57	68	
1280	44	47	
1283	61	
1284	14	51	
1287	6	
1293	31	
1301	36	
1305	16	20	71	
1306	9	13	21	26	42	
1307	6	10	12	14	16	17	19	20	42	
1308	7	12	13	14	15	16	17	18	19	20	21	23	24	
1309	15	18	20	22	23	23	25	
1310	22	24	
1311	25	51	52	54	55	56	57	58	60	61	64	
1312	37	47	50	51	52	53	54	55	56	57	58	60	61	
1313	43	44	45	46	47	48	49	49	50	51	52	54	55	56	59	64	
1314	45	47	48	49	51	
1316	50	
1318	51	
1323	12	
1327	65	
1339	9	
1340	9	11	14	15	16	17	19	42	
1341	7	9	11	12	14	15	16	17	19	20	21	24	
1342	13	15	17	18	18	19	20	21	22	24	45	95	
1343	22	23	25	
1345	58	60	62	
1346	52	52	53	54	55	56	56	57	59	60	61	
1347	47	49	50	51	52	53	54	56	56	58	58	60	
1348	44	45	46	46	48	48	49	50	51	53	57	
1349	46	50	57	
1350	48	
1353	62	
1365	46	
1373	9	11	15	
1374	7	9	10	11	13	13	14	16	17	19	
1375	11	12	14	15	16	16	16	17	18	19	19	20	20	21	23	24	26	
1376	18	20	21	22	23	24	
1379	62	
1380	35	53	55	57	57	58	59	60	62	
1381	48	51	52	54	55	55	56	56	57	58	59	60	61	
1382	43	45	46	47	48	49	50	50	51	52	53	55	57	61	65	
1383	46	49	50	
1385	44	64	
1400	27	
1403	22	
1406	14	18	18	76	
1407	7	9	11	13	15	16	21	42	
1408	4	7	9	10	11	12	14	15	16	17	18	18	19	22	24	43	
1409	5	12	13	15	16	17	18	19	20	21	22	23	28	
1410	2	18	21	22	
1414	56	57	58	60	60	61	
1415	52	52	54	55	56	57	58	59	61	63	
1416	47	49	50	50	51	52	53	54	55	56	58	63	
1417	48	49	50	
1418	54	
1421	53	
1424	4	
1425	6	
1437	34	
1438	24	100	
1440	11	18	20	
1441	7	8	10	11	13	14	15	16	17	19	20	22	41	
1442	5	11	12	14	15	16	17	18	18	19	20	21	22	25	
1443	15	17	19	20	21	23	25	26	
1444	23	
1448	34	36	56	58	59	61	
1449	51	52	53	54	55	55	56	57	58	58	59	61	
1450	47	48	49	50	50	51	52	54	54	60	
1451	48	50	
1452	64	
1453	47	
1458	9	
1465	31	33	
1469	19	
1473	7	12	
1474	7	8	10	13	13	15	16	18	18	42	43	
1475	6	9	11	12	14	15	16	17	17	19	20	22	25	27	73	
1476	12	15	16	17	18	19	20	21	22	23	25	44	
1477	22	
1482	56	56	57	59	61	
1483	48	51	52	52	54	55	56	58	61	63	
1484	47	49	50	51	53	53	54	59	87	89	91	96	
1485	49	
1486	62	
1488	60	
1490	40	
1492	96	
1502	4	
1505	26	
1506	11	
1507	6	8	10	12	13	15	16	23	
1508	10	11	12	14	15	16	17	18	19	20	24	
1509	7	11	13	14	15	16	17	18	19	20	21	22	23	43	
1510	18	21	22	23	
1516	53	55	56	57	57	59	60	62	
1517	48	50	51	52	53	54	54	55	56	58	60	92	
1518	49	50	51	54	55	58	82	84	86	88	90	
1519	48	53	
1522	60	
1530	88	
1531	84	
1537	62	
1538	34	
1540	9	14	
1541	7	9	10	11	12	14	15	16	18	19	24	27	
1542	7	11	12	13	14	15	16	17	18	19	20	20	22	24	70	
1543	18	19	20	21	22	25	
1544	23	
1549	57	
1550	52	55	56	57	58	59	61	63	
1551	33	50	50	51	52	53	54	55	56	59	89	
1552	49	50	51	53	53	55	59	86	89	91	96	
1553	49	89	
1554	59	64	
1556	97	
1565	50	
1566	69	
1567	11	
1569	46	
1571	4	
1572	20	
1574	9	11	14	16	21	40	
1575	3	7	9	10	11	12	14	15	15	16	18	19	20	23	28	43	70	
1576	13	14	15	16	17	18	19	20	21	22	24	44	
1577	21	22	
1583	56	57	63	
1584	52	52	55	55	56	59	60	62	
1585	49	51	52	53	54	55	59	87	89	91	93	93	
1586	48	50	53	55	85	89	93	
1592	69	
1593	60	75	
1599	45	
1601	26	
1606	29	
1607	8	11	13	18	
1608	10	12	14	15	16	17	19	20	22	23	25	43	72	
1609	5	7	10	12	13	13	14	15	16	17	18	18	19	20	21	22	24	71	
1610	21	22	23	24	25	26	
1611	22	
1612	56	
1613	51	
1614	11	48	87	90	91	93	96	
1615	17	20	
1617	34	56	56	57	58	60	62	
1618	47	50	51	52	53	53	54	55	57	58	60	96	
1619	14	48	49	51	53	54	55	56	85	86	88	89	90	93	96	96	98	
1620	49	57	85	89	
1621	53	
1625	51	51	51	
1634	51	
1638	19	
1640	11	41	
1641	8	9	10	11	13	13	15	17	20	
1642	7	11	12	13	14	15	16	17	18	18	19	20	21	22	25	
1643	18	20	21	22	24	
1644	22	23	
1645	67	68	
1646	56	58	60	68	
1647	43	47	50	51	53	91	
1648	6	11	14	26	48	81	83	85	89	
1649	13	17	20	25	84	
1650	57	
1651	52	53	55	56	56	57	58	58	59	61	
1652	49	50	51	52	52	53	54	55	56	57	59	62	91	
1653	48	49	51	52	53	81	83	85	89	92	
1654	30	48	58	84	89	93	
1655	91	
1661	24	
1663	87	87	87	
1667	70	
1672	2	
1673	18	
1674	7	10	11	14	15	16	19	23	41	
1675	8	9	10	12	13	13	14	15	16	16	17	18	18	19	21	25	43	55	
1676	12	14	16	17	17	19	20	21	21	23	24	25	27	
1677	18	21	22	25	
1680	52	55	62	
1681	48	50	53	
1682	10	15	45	84	
1683	13	21	84	
1684	22	57	58	
1685	52	55	56	57	58	59	61	63	
1686	47	50	51	52	53	53	54	55	56	62	87	91	93	98	
1687	49	50	54	57	84	86	88	91	
1688	63	86	91	
1694	23	
1695	23	58	
1699	97	
1706	11	18	
1707	9	19	
1708	7	9	10	11	12	13	14	15	16	19	23	42	
1709	5	8	11	12	15	16	16	17	18	19	20	25	
1710	17	17	20	21	22	23	23	25	28	
1718	34	56	56	57	59	62	
1719	48	52	53	54	55	57	59	62	93	
1720	49	50	51	52	53	54	59	85	86	87	89	90	92	95	
1721	50	85	90	105	
1723	3	
1728	39	
1738	59	
1741	7	8	11	14	
1742	4	6	9	10	11	11	12	13	14	15	16	19	
1743	12	13	14	15	15	16	17	18	18	19	20	21	24	71	74	
1744	17	18	21	22	23	
1751	58	62	
1752	53	56	56	57	59	61	
1753	48	50	50	51	52	54	54	55	57	59	87	90	
1754	49	50	52	54	82	84	85	86	88	90	94	
1755	51	85	88	
1771	62	
1774	14	
1775	6	9	
1776	4	7	9	11	12	13	14	14	15	16	19	
1777	7	11	12	13	15	15	16	16	17	18	19	20	22	23	
1778	17	18	20	21	22	
1785	56	58	61	
1786	52	52	53	54	55	56	58	59	61	
1787	49	50	50	51	51	52	53	54	55	57	86	86	87	89	91	92	94	97	
1788	53	82	84	87	88	91	103	
1789	93	100	
1791	70	
1805	86	
1807	46	
1809	9	14	
1810	5	7	8	10	11	12	13	14	16	
1811	11	12	13	14	15	17	19	20	25	27	93	94	97	
1812	16	17	19	21	23	
1818	58	
1819	52	56	58	59	61	
1820	50	51	52	53	54	55	91	92	93	96	
1821	50	52	54	82	83	84	85	86	88	89	90	92	93	96	
1822	86	90	102	
1823	91	
1838	69	
1843	9	26	30	
1844	5	8	10	12	14	
1845	7	10	11	11	12	13	14	15	15	17	22	82	84	85	87	88	92	95	
1846	12	15	16	17	18	19	21	83	85	89	93	94	
1847	17	21	
1852	61	91	92	96	
1853	52	52	53	54	55	56	58	62	86	87	88	90	91	91	91	92	93	95	97	
1854	50	52	53	55	60	83	85	86	87	89	90	92	93	95	102	
1855	82	84	85	86	90	
1856	82	83	91	
1862	43	
1863	76	
1875	24	
1878	5	8	10	14	
1879	5	6	9	10	11	12	14	15	84	86	90	96	
1880	7	11	12	13	14	15	17	20	83	84	86	87	89	90	91	93	94	96	98	100	
1881	16	23	87	91	92	94	96	98	
1882	87	92	96	98	
1883	92	97	
1884	87	92	93	95	104	
1885	51	53	54	56	88	91	92	93	93	95	97	
1886	55	83	86	87	88	89	90	91	92	93	95	96	100	
1887	53	60	83	84	85	86	86	88	89	90	92	93	95	101	
1888	81	82	83	84	85	85	87	89	90	94	98	101	
1889	84	87	89	100	
1891	40	
1892	85	
1895	77	
1898	47	
1912	15	
1913	4	7	9	11	14	84	97	
1914	9	11	12	14	18	81	82	84	85	87	88	90	93	98	
1915	6	11	82	82	83	84	85	86	87	89	90	92	93	94	97	100	
1916	8	12	82	85	86	87	88	90	91	92	93	95	97	101	
1917	85	86	87	88	90	91	92	93	94	96	98	
1918	83	85	86	87	88	89	90	91	92	94	96	98	
1919	83	85	85	86	87	89	90	91	92	95	
1920	82	83	83	84	85	86	88	89	90	93	97	102	
1921	81	83	84	85	86	89	92	
1922	83	83	85	90	95	
1923	85	
1928	63	
1935	56	76	
1943	62	
1946	88	
1947	15	93	
1948	81	82	83	86	
1949	12	82	84	85	89	93	
1950	81	82	83	84	85	86	89	93	93	102	
1951	81	82	83	84	85	86	88	89	91	94	98	
1952	81	82	84	85	86	87	90	94	99	
1953	81	82	84	85	86	88	90	96	
1954	81	84	85	87	93	
1955	85	88	
1957	6	
1959	78	
1961	2	
1964	36	
1979	100	
1983	83	86	101	
1984	83	84	88	99	
1985	81	83	85	89	
1986	83	85	89	
1987	82	84	86	88	
1994	8	
1998	55	
2000	73	
2013	65	89	
2019	95	
2020	83	
2028	59	
2029	2	
2054	103	
2062	24	
2063	1	
2077	41	
2119	101	
2120	13	
2122	103	
2123	3	
2130	4	16	
2144	24	
2145	97	
2151	39	
2156	34	
2183	97	
2217	11	
2233	1	
2302	3	
