16	68	
80	52	
84	71	
112	43	
113	45	
117	64	
123	88	
124	88	92	
125	88	93	
126	88	92	
149	55	
156	87	90	92	
157	83	86	87	89	90	92	95	
158	83	85	87	88	89	90	91	92	94	
159	82	83	86	87	88	89	90	91	93	96	
160	16	82	85	86	87	89	90	92	96	
161	16	90	92	96	
188	56	88	91	
189	85	87	88	89	91	92	94	
190	82	84	85	86	87	88	89	90	91	94	
191	80	81	83	84	85	86	87	88	89	92	95	
192	81	82	82	84	85	86	88	89	90	94	98	
193	8	9	80	80	81	82	84	85	86	87	89	90	97	100	
194	6	10	11	14	79	80	81	82	83	83	85	86	87	88	89	90	92	95	
195	17	19	80	82	84	86	88	90	92	97	
196	16	17	
220	57	61	93	
221	52	53	87	90	92	
222	56	82	83	85	87	88	89	90	92	93	
223	52	53	56	81	82	83	84	85	86	87	89	90	92	94	99	
224	40	79	80	81	82	83	83	84	85	87	88	90	93	
225	79	80	81	82	84	85	88	
226	79	80	81	83	83	84	86	99	
227	14	79	80	80	83	
228	6	8	9	10	12	13	15	79	80	81	83	84	
229	7	10	11	12	14	14	15	16	17	18	19	21	81	82	84	
230	16	17	18	20	21	
252	57	
253	57	
254	52	53	87	89	91	93	
255	50	52	55	59	82	83	84	86	87	88	89	91	92	94	
256	80	82	83	84	85	86	89	90	98	
257	47	57	79	80	81	82	84	85	86	89	
258	16	17	19	34	36	42	43	45	47	48	51	57	58	67	69	78	79	81	
259	19	21	42	43	44	45	46	47	49	51	57	79	
260	44	47	49	79	
261	9	84	101	
262	9	10	12	14	15	18	20	28	81	93	98	
263	3	7	8	10	12	13	13	14	15	15	16	17	17	19	20	21	25	69	81	100	
264	16	17	18	20	21	22	25	
286	91	
287	52	53	55	57	61	82	86	88	88	89	91	93	93	
288	52	55	82	83	84	86	87	88	89	90	92	95	98	
289	43	46	52	53	80	81	82	84	84	85	88	
290	16	43	80	81	84	88	
291	6	10	12	14	15	16	17	18	19	20	43	56	58	69	79	80	
292	7	15	16	17	18	19	19	20	21	24	26	37	45	47	48	49	51	52	55	55	56	58	60	69	
293	21	22	24	43	44	45	46	47	49	49	50	52	53	
294	41	44	45	47	48	50	
295	10	13	46	
296	5	6	9	10	11	14	15	16	18	
297	5	7	11	12	13	15	16	17	17	18	19	20	21	23	24	26	28	68	
298	17	20	21	22	24	
318	58	61	92	
319	52	55	57	88	91	93	
320	52	55	80	82	83	86	87	88	89	91	92	93	
321	53	54	80	81	82	84	85	86	87	89	90	101	
322	48	67	80	81	82	84	85	87	89	100	
323	16	17	18	19	42	43	44	47	79	80	
324	7	8	10	12	14	16	17	18	19	20	21	27	43	44	45	46	68	79	83	
325	6	12	13	15	18	19	20	20	21	22	24	25	44	58	68	
326	18	21	22	23	23	25	52	53	55	55	56	57	59	
327	36	43	44	45	46	47	48	49	50	51	52	53	54	55	62	
328	44	45	47	48	49	54	
329	9	
330	7	8	10	11	12	13	13	14	15	16	18	25	
331	3	4	11	12	15	16	17	18	19	20	21	22	23	24	26	
332	18	20	22	23	
351	92	
352	53	54	86	87	89	90	92	97	
353	52	55	81	83	85	86	87	89	90	97	
354	52	54	80	82	83	84	85	86	87	88	90	91	94	100	
355	9	16	46	80	81	82	83	84	89	94	
356	10	11	14	15	16	17	18	18	19	70	79	81	84	
357	7	11	13	13	15	16	17	18	18	19	20	20	21	24	26	45	
358	11	14	20	21	22	23	23	25	
359	21	23	24	25	
360	23	51	52	53	54	55	56	57	60	
361	46	47	49	50	51	51	52	54	54	55	56	58	61	
362	42	43	44	45	46	48	49	50	53	
363	8	10	14	
364	4	7	9	10	11	12	13	14	15	15	16	18	19	25	
365	7	12	14	15	16	17	17	19	20	21	22	24	
366	18	21	22	
383	56	
384	52	
385	53	55	59	82	85	87	89	91	97	
386	51	55	80	82	83	85	87	88	88	89	91	95	
387	54	79	80	81	82	84	85	87	88	89	94	
388	13	18	19	79	80	81	83	83	85	
389	8	10	11	14	16	17	19	19	20	28	44	68	80	
390	6	8	10	11	13	13	15	17	18	19	19	20	21	22	24	28	44	
391	18	20	21	22	23	24	27	
392	23	24	
393	56	
394	48	52	53	55	55	56	57	58	
395	47	49	50	51	51	52	53	54	55	57	61	
396	45	46	48	49	51	89	
397	10	13	
398	6	8	9	10	11	12	13	14	15	15	16	18	19	20	28	71	
399	12	15	17	18	19	20	21	22	23	24	
400	22	23	
416	56	58	
417	52	56	
418	49	50	51	54	57	87	89	91	94	
419	48	51	53	55	82	84	85	86	88	88	89	91	95	
420	53	80	81	82	84	85	87	91	93	
421	9	15	73	79	80	82	83	
422	6	8	10	11	12	13	14	15	15	16	16	17	18	19	19	21	27	68	
423	10	13	15	16	17	19	20	21	22	23	23	25	26	
424	21	23	24	25	
427	56	57	
428	34	51	52	54	55	56	59	
429	46	49	50	51	52	53	53	54	61	87	90	93	
430	48	49	66	82	85	87	88	90	93	
431	6	8	10	11	14	66	
432	7	10	11	12	13	14	14	15	16	17	17	18	19	19	20	23	25	26	68	
433	12	17	17	19	20	21	21	22	23	25	
449	56	
450	53	56	58	60	
451	50	51	52	54	56	92	
452	49	50	51	54	81	83	84	85	87	89	90	94	
453	49	80	81	83	84	85	87	89	91	93	
454	11	16	19	79	81	84	86	
455	4	7	9	10	12	13	14	15	16	17	18	18	19	20	21	44	72	78	
456	6	8	11	12	14	15	17	18	19	19	20	21	22	24	
457	20	21	22	23	24	27	
461	52	53	56	58	58	
462	35	46	48	50	51	52	53	54	55	93	
463	48	49	50	51	54	82	84	87	89	91	93	99	
464	18	82	83	85	89	
465	6	8	9	10	11	12	13	14	15	16	16	18	23	69	
466	12	14	15	16	17	18	19	19	20	21	22	23	24	26	69	
467	21	22	24	
483	56	62	
484	52	53	54	55	56	58	88	
485	49	50	51	52	54	55	59	86	87	89	91	92	
486	50	80	81	83	84	86	87	88	90	95	
487	10	13	79	80	82	84	85	89	
488	8	10	11	12	14	14	15	16	19	27	
489	8	10	12	15	16	18	20	21	22	23	24	25	91	
490	13	17	18	22	24	25	88	91	
491	22	
494	56	
495	35	37	51	52	53	54	55	56	57	58	
496	47	49	49	50	51	52	54	55	88	90	93	
497	49	51	81	83	84	86	88	89	91	
498	9	10	14	19	81	84	
499	6	7	10	11	12	13	13	14	15	16	17	18	18	19	20	21	25	70	
500	15	17	18	19	20	21	21	22	23	23	25	26	
516	57	
517	56	57	87	90	92	98	
518	52	53	53	54	55	56	82	83	86	88	89	90	91	93	93	97	
519	51	53	54	81	82	84	86	87	88	89	91	92	97	
520	81	82	84	86	88	90	93	
521	9	11	79	90	
522	5	6	10	11	13	13	15	19	83	86	93	
523	6	8	11	14	16	22	81	83	85	87	89	90	93	
524	11	13	15	16	19	82	83	86	88	89	90	92	93	
525	17	18	87	92	94	
527	58	
528	52	55	56	
529	50	51	52	54	55	56	59	88	90	93	
530	48	49	50	51	53	55	82	85	86	88	89	91	97	
531	13	45	81	83	84	86	101	
532	7	8	10	11	12	14	15	16	16	17	18	19	19	26	68	
533	7	11	12	13	15	17	17	19	20	20	21	22	23	25	28	
534	20	21	22	23	
541	92	92	93	
548	37	56	57	
549	51	
550	51	83	87	88	89	91	94	
551	52	54	56	60	80	81	82	84	85	86	87	88	89	90	92	94	97	
552	52	54	57	80	81	82	84	85	86	87	88	89	90	91	97	
553	79	80	81	83	83	84	85	86	88	91	95	
554	79	80	84	86	89	
555	8	86	
556	3	11	15	21	
557	7	9	11	14	79	81	82	85	88	96	100	
558	6	8	10	12	13	14	15	18	80	81	83	84	86	89	91	98	
559	11	13	15	16	17	18	80	81	82	84	86	89	91	93	96	
560	17	83	87	92	
561	53	56	91	
562	52	53	54	55	56	59	87	88	92	
563	51	53	54	83	84	85	86	87	89	91	
564	81	82	83	85	87	89	
565	7	9	10	14	16	18	68	79	81	
566	6	10	12	13	15	16	17	18	18	19	20	20	21	24	27	
567	15	21	22	23	24	25	
568	23	
581	56	57	
582	51	53	56	57	
583	45	46	48	50	51	52	54	
584	48	50	53	82	84	85	87	89	93	
585	52	79	80	81	82	83	84	85	88	96	
586	52	79	80	81	82	83	84	86	92	93	
587	50	61	79	81	87	
588	98	
591	7	8	11	
592	2	6	8	10	11	12	13	15	20	80	81	84	98	
593	6	10	11	12	13	15	16	18	21	80	81	83	84	86	88	89	91	98	101	
594	80	82	83	85	86	87	89	90	91	92	95	99	
595	52	82	83	84	86	87	88	89	90	92	93	96	
596	52	54	55	82	83	83	85	86	87	89	90	91	94	
597	30	47	80	81	82	84	85	87	88	94	102	
598	8	12	13	16	17	18	18	19	28	43	44	47	69	81	83	98	
599	9	11	12	14	15	16	18	18	19	20	21	26	43	70	
600	12	15	20	20	21	22	23	23	24	26	
601	22	25	
607	11	11	12	
615	57	58	
616	34	48	51	52	53	53	54	55	56	57	60	
617	40	42	43	44	45	46	46	47	47	48	49	49	50	51	52	54	55	67	
618	39	42	44	44	45	46	48	49	49	51	53	80	
619	38	79	81	83	
620	81	84	
621	41	
622	43	48	51	62	67	
623	31	41	74	99	
624	48	
625	37	43	84	
626	6	9	11	15	88	
627	6	8	11	13	15	18	79	81	86	91	
628	2	16	80	81	82	82	84	85	87	89	90	95	99	
629	80	81	81	82	84	84	86	88	88	89	91	97	
630	18	80	81	82	84	85	88	94	98	
631	11	12	13	14	16	17	18	19	20	70	79	81	83	
632	12	15	17	19	20	20	21	22	
633	20	21	22	23	23	25	
634	22	24	
649	55	57	
650	51	52	54	54	55	56	56	57	59	60	
651	33	45	47	48	50	50	51	52	53	53	54	54	55	56	56	58	58	60	
652	41	43	44	45	45	46	47	47	48	49	50	52	54	56	
653	31	39	43	44	45	46	47	48	49	
654	42	43	44	46	47	49	57	60	66	
655	16	17	18	19	41	42	43	43	45	47	47	49	56	57	59	67	68	
656	17	18	20	21	22	29	36	41	42	43	45	46	46	47	48	48	50	56	57	66	69	
657	20	21	22	41	42	43	44	44	45	46	47	48	51	56	66	69	
658	22	41	43	43	44	46	47	51	
659	42	44	46	47	48	
660	22	36	46	103	
661	43	47	80	100	
662	17	19	46	67	80	81	84	
663	7	9	13	16	17	18	19	43	66	79	80	81	83	
664	10	11	13	14	15	16	17	18	19	20	28	43	70	79	80	83	
665	8	11	12	14	15	16	17	18	20	20	21	24	69	
666	20	21	22	23	25	27	
667	23	
684	53	57	
685	48	51	51	52	53	54	55	56	57	58	60	
686	33	38	45	47	48	49	49	50	51	54	55	62	
687	30	43	43	44	45	46	48	49	50	55	62	68	
688	11	14	18	20	42	44	47	62	
689	12	15	17	19	19	20	21	22	23	24	45	52	55	57	59	69	
690	20	21	22	24	25	45	49	51	52	54	55	56	57	58	60	
691	21	22	23	23	24	43	43	45	45	46	47	48	49	50	52	53	55	56	57	60	
692	23	23	25	28	28	34	41	44	45	47	47	48	49	51	52	54	55	56	57	59	65	70	
693	20	21	24	40	42	43	44	45	46	47	47	48	49	50	51	55	57	60	64	
694	18	20	22	24	33	42	43	44	45	46	47	47	48	49	54	57	68	69	
695	9	19	20	22	41	43	43	44	45	46	47	48	
696	10	13	13	15	16	18	18	19	20	21	22	41	44	47	67	69	
697	11	13	15	16	18	19	20	20	21	22	24	27	43	45	
698	8	12	14	15	19	20	21	22	23	24	26	44	
699	20	21	22	23	24	25	
719	55	57	60	
720	50	53	55	
721	45	64	
722	13	14	21	23	64	
723	22	23	25	
724	22	23	53	55	60	
725	50	55	
726	45	51	54	55	57	58	65	
727	24	45	49	51	53	55	55	59	63	65	
728	23	24	32	44	49	50	55	59	
729	20	22	24	25	44	45	49	60	65	
730	22	23	23	24	44	
731	21	22	23	23	24	45	
732	21	22	23	
763	70	
764	25	
1160	63	
1167	32	
1177	68	
1195	67	
1206	32	
1207	34	
1216	63	
1225	43	
1232	25	
1235	46	48	
1237	54	
1239	67	
1244	28	
1247	9	47	
1250	8	
1251	10	
1253	90	
1254	8	
1260	17	
1262	51	
1271	67	
1274	37	42	
1277	74	
1278	28	38	
1279	41	55	56	
1280	39	46	48	
1281	40	47	51	56	
1282	47	69	
1284	4	
1290	5	
1304	52	53	
1306	53	
1311	17	46	
1312	17	20	26	43	45	47	
1313	16	18	19	20	26	42	45	46	47	50	59	67	68	
1314	20	22	24	41	43	44	46	48	49	56	58	
1315	21	42	44	47	48	50	58	59	
1316	22	42	43	44	46	47	49	52	70	
1317	44	48	50	
1320	10	
1337	17	
1342	17	
1343	18	
1344	15	17	19	43	67	
1345	17	19	20	23	26	42	43	68	
1346	13	15	16	18	19	20	21	26	44	
1347	17	18	19	20	21	22	24	26	29	44	49	55	56	59	69	
1348	21	23	24	35	43	44	46	48	48	50	54	57	58	62	65	70	
1349	20	21	23	24	26	42	44	45	47	48	49	50	52	53	55	56	58	58	60	67	
1350	21	22	24	42	43	44	45	46	47	49	49	50	53	53	61	
1351	43	43	45	46	48	50	60	
1352	47	51	61	
1368	52	
1374	28	
1376	9	17	20	46	
1377	10	13	16	19	44	46	
1378	11	13	15	16	17	19	20	22	42	45	47	67	
1379	9	11	13	15	16	18	18	19	20	21	22	24	26	44	
1380	11	15	17	19	20	21	22	23	24	45	
1381	21	22	24	28	93	
1382	22	23	24	57	
1383	23	34	51	52	54	55	55	56	57	58	60	
1384	25	42	45	45	46	47	49	50	50	51	52	53	54	55	56	59	
1385	44	45	46	48	48	49	50	59	
1386	55	58	
1389	10	
1395	14	
1406	16	
1408	30	
1409	9	16	
1410	8	11	14	16	17	19	26	67	
1411	9	11	12	14	15	16	17	18	19	20	21	24	26	
1412	11	12	14	17	18	19	20	21	22	24	27	43	71	
1413	20	22	23	23	24	
1414	23	25	87	92	97	
1415	86	87	90	91	93	97	
1416	16	17	86	91	
1417	33	53	55	55	56	57	58	61	
1418	47	49	50	51	52	54	54	55	56	59	
1419	43	44	46	48	49	50	53	56	
1420	49	
1425	12	
1435	45	
1439	25	
1440	2	25	
1442	10	16	18	26	
1443	9	12	14	16	17	18	20	24	26	43	
1444	8	10	12	14	16	17	19	21	22	23	45	52	69	
1445	4	11	13	14	20	21	22	24	26	56	
1446	23	24	52	92	
1447	23	52	54	86	87	90	91	92	96	
1448	8	81	82	84	85	86	88	88	89	93	97	
1449	8	10	12	14	80	81	81	82	83	84	85	86	89	90	98	
1450	13	14	16	18	56	57	81	82	83	85	87	89	91	94	100	
1451	17	20	34	52	53	54	55	55	56	60	
1452	45	46	48	49	50	51	53	54	55	59	
1453	44	49	51	54	85	87	90	94	
1454	48	
1456	8	
1459	7	
1464	45	
1472	24	
1475	10	14	16	19	
1476	10	12	13	15	16	17	18	19	21	27	43	71	80	
1477	9	11	14	17	19	20	21	22	23	27	27	44	
1478	13	21	22	24	25	
1479	23	24	56	87	90	92	97	
1480	51	52	53	55	62	83	86	87	88	89	90	92	94	98	
1481	82	82	83	84	85	86	87	88	89	92	94	
1482	8	79	80	80	82	83	85	91	
1483	8	10	12	14	19	51	80	81	83	85	88	95	
1484	7	11	12	13	14	15	16	17	19	20	25	26	57	57	79	80	82	83	85	
1485	17	18	20	21	35	36	47	51	51	52	54	55	56	57	58	60	
1486	45	46	47	48	49	50	51	53	55	57	59	
1487	44	49	54	80	85	
1488	49	55	
1504	34	
1506	16	
1507	15	16	18	43	43	
1508	6	11	14	16	18	20	30	67	
1509	9	11	14	17	19	20	21	25	48	
1510	11	13	13	14	17	18	19	20	21	22	23	45	56	
1511	20	21	22	24	51	52	57	59	92	
1512	23	52	56	87	90	91	92	96	
1513	82	82	83	84	85	86	88	90	92	94	
1514	80	81	82	83	84	85	87	88	89	92	
1515	78	79	80	81	83	84	86	
1516	81	83	89	
1517	7	9	10	12	14	15	17	19	82	83	
1518	6	8	11	12	13	15	16	17	18	20	24	28	56	57	
1519	17	17	21	22	25	51	52	52	55	56	57	58	59	81	99	
1520	44	45	46	47	48	49	50	51	52	54	60	90	
1521	45	46	48	51	54	86	89	
1523	60	
1538	9	33	
1539	45	
1540	6	9	19	
1541	9	13	14	16	17	19	20	25	45	
1542	9	11	14	18	19	20	21	22	25	45	
1543	12	15	18	19	20	21	23	24	25	27	57	71	
1544	22	23	25	52	52	56	
1545	50	53	54	56	83	86	87	89	89	91	94	97	
1546	81	81	82	84	86	87	88	89	90	95	
1547	79	81	83	84	85	87	88	
1548	79	81	83	86	91	
1549	79	84	
1550	8	14	80	85	
1551	9	10	12	13	15	16	19	24	
1552	6	8	11	12	14	15	16	17	18	18	19	20	24	58	
1553	17	18	21	22	35	47	51	52	55	57	59	62	
1554	44	47	48	49	50	51	53	55	56	87	91	
1555	49	53	86	88	
1556	67	
1573	11	14	16	
1574	6	10	11	14	16	17	19	23	26	69	
1575	7	9	11	13	14	15	16	17	19	19	21	24	68	
1576	12	15	18	21	22	23	24	27	56	57	
1577	22	23	23	25	50	51	52	53	55	58	61	
1578	49	51	56	86	87	89	91	92	94	
1579	79	80	81	82	84	85	88	89	93	97	
1580	53	80	81	82	83	84	86	89	94	
1581	81	
1582	83	
1583	83	
1584	9	14	16	
1585	4	7	8	10	11	12	13	14	16	17	19	20	27	
1586	7	11	12	15	16	17	18	19	20	21	22	24	26	36	53	56	56	59	
1587	21	22	25	46	48	50	51	52	53	54	54	55	57	58	
1588	49	50	54	85	87	88	88	90	92	94	
1589	51	54	84	87	89	
1590	91	
1603	32	
1606	11	16	
1607	10	12	13	18	21	
1608	7	10	12	13	15	16	17	19	20	21	24	
1609	8	12	14	15	17	18	20	21	22	23	24	25	26	36	58	69	
1610	22	24	49	51	52	53	58	
1611	50	51	52	54	55	82	83	85	86	87	88	90	93	97	
1612	49	52	81	82	83	84	85	86	87	88	89	90	97	
1613	20	50	80	84	90	
1614	64	81	85	
1615	89	
1617	18	
1618	8	10	12	14	19	
1619	5	6	10	11	13	14	15	16	17	19	19	21	22	24	26	56	57	
1620	18	20	22	23	24	26	52	53	54	55	56	57	59	61	
1621	22	44	46	49	50	52	54	55	61	87	90	93	
1622	45	48	52	54	79	81	82	83	84	86	88	90	
1623	22	82	83	
1632	69	
1640	11	19	
1641	4	7	10	11	12	13	15	17	19	24	27	69	
1642	3	8	12	14	15	16	17	18	19	19	20	21	22	24	26	56	57	69	
1643	21	22	23	24	48	50	51	52	55	56	58	58	
1644	42	44	45	46	47	49	50	52	55	
1645	40	43	44	46	47	48	50	52	55	79	80	81	
1646	42	46	49	60	79	81	84	
1647	48	83	88	
1648	39	
1649	20	
1651	12	13	16	18	
1652	8	9	10	12	13	15	16	17	18	19	21	24	26	
1653	7	11	13	15	15	16	17	18	19	20	21	23	24	27	56	57	61	69	
1654	22	24	50	51	51	52	54	55	56	58	61	
1655	48	49	51	53	55	82	84	86	87	89	90	92	
1656	49	53	59	79	81	83	84	87	
1659	25	
1662	73	
1672	12	14	17	19	26	
1673	14	17	19	21	24	42	44	46	69	
1674	7	10	12	14	15	17	19	20	21	45	67	70	
1675	7	8	10	11	13	13	14	15	16	17	18	18	19	20	21	23	
1676	15	17	20	20	21	22	24	27	53	58	
1677	22	23	50	51	52	54	55	57	60	
1678	33	36	42	47	48	49	50	51	53	54	55	56	57	58	60	63	
1679	42	44	45	46	47	48	49	50	52	55	56	60	78	
1680	42	43	45	46	47	49	51	62	
1681	45	52	60	
1683	46	
1684	9	
1685	10	12	14	18	19	
1686	6	9	11	13	14	15	16	17	18	19	20	21	24	26	56	
1687	22	24	27	34	51	52	56	58	
1688	23	51	52	53	54	87	88	91	92	97	
1689	51	54	80	82	83	84	86	87	89	
1690	82	86	95	
1691	30	30	30	31	
1703	21	
1704	28	
1705	9	13	16	19	24	
1706	11	14	16	18	18	19	21	44	66	
1707	8	12	13	15	16	18	19	20	21	22	23	28	44	
1708	9	11	14	15	16	18	19	20	21	22	25	44	
1709	13	18	19	20	21	23	23	24	27	
1710	21	22	25	
1711	61	
1712	51	53	54	55	56	56	57	59	61	
1713	35	45	45	47	48	49	50	51	52	54	55	56	57	59	
1714	34	42	43	43	44	45	46	47	48	48	49	50	51	54	55	60	
1715	42	44	45	46	47	49	50	54	60	
1716	42	44	47	49	
1717	14	67	
1718	11	13	15	18	18	20	45	66	
1719	7	9	10	12	13	14	15	16	17	18	19	21	24	28	
1720	7	12	15	17	20	21	22	24	52	57	59	
1721	22	23	49	50	51	54	55	56	88	90	92	93	
1722	52	53	56	82	85	86	87	89	90	93	98	
1723	79	80	82	83	85	88	95	
1724	82	
1725	81	
1735	38	
1738	11	14	26	
1739	10	12	13	14	16	18	18	20	
1740	4	10	12	14	15	16	17	18	19	20	21	25	68	
1741	11	15	17	19	20	21	22	23	24	25	27	29	
1742	21	22	23	25	
1743	22	24	
1746	56	58	
1747	35	51	52	53	54	55	56	57	57	60	
1748	34	43	45	47	48	49	49	50	51	52	53	54	55	56	57	58	60	
1749	41	42	44	45	46	47	49	50	55	58	
1750	40	44	45	47	48	51	54	63	67	
1751	9	14	19	21	24	26	43	45	45	46	49	
1752	8	11	13	15	18	19	20	22	24	27	43	70	
1753	12	20	21	22	23	24	27	70	
1754	22	53	54	55	60	88	89	90	91	94	
1755	51	54	82	83	84	85	86	87	88	90	91	97	
1756	80	81	83	83	85	88	88	90	
1757	80	85	
1769	70	
1770	40	
1772	10	14	
1773	8	9	10	11	12	14	15	17	19	
1774	8	13	15	16	17	19	21	23	24	25	91	
1775	16	17	20	21	22	23	25	
1778	93	
1779	93	
1781	55	57	61	
1782	53	53	54	55	56	60	
1783	32	45	49	51	55	56	60	65	
1784	23	44	45	48	50	57	
1785	21	24	37	45	48	56	64	69	
1786	21	23	24	51	52	56	58	
1787	23	49	51	53	87	90	91	
1788	55	82	85	86	89	90	94	
1789	79	80	81	82	84	85	89	
1790	79	81	81	85	
1791	81	99	
1804	36	74	
1806	9	14	
1807	5	6	9	10	12	14	18	24	
1808	6	8	9	10	11	13	13	14	15	25	80	82	84	87	90	93	99	
1809	16	18	19	81	83	85	86	90	92	93	
1810	87	91	92	
1811	86	87	89	90	91	92	93	95	
1812	82	83	85	86	87	87	89	90	90	91	92	94	97	
1813	82	83	85	86	87	87	88	88	89	90	91	92	94	96	
1814	83	86	87	88	89	90	91	92	94	98	
1815	87	89	91	93	97	
1816	87	92	
1817	93	
1818	58	93	
1819	51	53	54	87	90	92	
1820	50	52	54	88	89	91	93	93	
1821	52	81	82	84	85	86	89	91	93	98	
1822	79	81	84	86	88	88	93	97	
1823	79	81	86	
1824	81	86	
1826	98	
1827	73	
1833	70	
1841	9	14	
1842	6	9	10	12	14	15	79	81	87	
1843	13	15	18	79	80	81	84	86	89	90	92	94	99	
1844	82	83	84	85	86	87	89	90	91	94	98	
1845	9	81	81	82	84	85	85	86	87	88	89	91	96	98	
1846	11	13	80	80	81	81	82	83	84	85	88	89	92	
1847	7	8	10	15	16	78	80	81	82	84	84	85	87	89	90	92	95	
1848	12	15	16	81	81	82	84	85	86	88	89	89	91	96	
1849	11	82	83	84	85	86	87	88	88	89	91	95	
1850	13	82	83	85	86	87	88	89	90	91	93	95	
1851	85	86	87	88	89	89	90	91	94	97	
1852	52	55	82	86	87	88	89	90	90	91	93	94	98	
1853	52	53	55	59	82	83	84	85	86	87	88	89	90	92	94	
1854	55	80	81	82	84	85	87	89	91	98	
1855	79	80	82	83	85	89	
1856	80	84	92	
1875	8	
1876	4	11	15	94	
1877	79	81	83	85	88	98	
1878	79	80	80	81	84	85	87	88	90	98	
1879	78	80	81	82	83	84	87	88	91	
1880	8	78	79	81	84	88	89	102	
1881	10	79	81	84	85	
1882	8	79	80	82	83	84	87	90	93	
1883	9	79	80	81	82	84	85	90	94	
1884	12	79	80	81	82	83	85	86	88	90	96	
1885	80	80	81	82	83	83	84	85	86	88	90	93	
1886	80	80	81	82	83	84	85	86	89	91	
1887	80	81	82	84	85	86	88	
1888	78	80	81	83	83	85	90	90	
1889	79	83	84	88	
1891	76	83	
1911	82	83	
1912	80	82	83	
1913	81	84	
1914	10	
1915	92	
1916	12	13	22	80	
1917	88	
1918	4	79	81	84	90	94	
1919	80	82	85	93	
1920	78	79	80	82	83	88	101	
1921	80	84	92	
1922	99	
1925	7	
1935	56	
1942	28	
1946	43	
1947	41	
1948	92	
1951	84	
1952	85	
1953	87	
1955	85	92	
1961	58	
1973	21	
1980	12	
1981	92	
1988	97	
1991	57	
2007	39	55	75	
2008	95	
2009	28	
2014	19	
2015	37	
2020	8	
2026	81	
2028	3	
2041	59	
2055	16	
2057	64	93	
2059	74	
2067	65	
2081	10	
2086	8	
2106	97	
2114	47	
2117	10	
2119	8	
2123	93	
2127	25	
2142	99	
2156	3	
2158	8	
2159	45	
2228	14	
2233	6	
2255	13	
2260	10	
