187	93	
188	88	91	92	
189	91	93	
190	92	
191	92	
218	92	
219	86	88	89	91	98	
220	86	87	89	90	92	95	99	
221	82	85	87	88	88	90	91	93	97	
222	11	81	82	85	86	87	89	91	93	96	
223	82	84	86	87	88	88	90	91	92	95	
224	82	83	85	86	88	89	90	91	93	97	
225	82	85	87	88	88	89	91	92	95	
226	82	87	88	90	92	97	
227	82	86	87	89	90	92	97	
228	17	88	
250	93	
251	88	90	92	96	
252	83	84	85	87	88	88	90	91	92	96	
253	4	81	82	83	84	85	86	88	89	90	91	94	98	
254	3	38	81	82	83	83	84	85	87	88	89	90	91	93	95	98	
255	36	80	81	82	83	83	85	86	89	90	98	
256	6	37	46	80	81	82	83	84	86	89	
257	8	10	38	40	46	79	80	81	82	83	84	85	
258	80	81	82	83	83	84	85	89	90	93	
259	8	13	80	81	81	82	83	83	84	85	89	94	
260	6	10	15	80	81	82	82	83	84	85	87	89	90	93	98	
261	7	11	15	16	81	82	83	85	86	87	89	90	91	93	97	
262	12	16	83	85	87	89	91	92	94	
263	18	
284	53	55	82	83	85	87	88	89	91	92	97	
285	36	53	81	82	85	86	87	89	90	92	94	
286	42	80	81	82	83	84	86	87	89	90	
287	38	42	46	66	80	81	82	84	85	93	
288	9	17	18	19	35	41	43	46	67	79	80	81	84	
289	17	18	19	21	27	40	43	44	47	48	49	57	58	63	79	80	
290	20	21	22	42	44	45	47	48	48	50	56	58	59	69	80	
291	20	21	26	39	42	43	44	47	48	48	50	57	63	68	78	79	
292	15	20	21	27	37	39	42	44	45	46	47	49	56	79	80	
293	20	22	27	31	36	42	44	45	46	47	48	79	81	
294	41	43	46	79	80	81	84	
295	8	9	11	14	80	81	81	83	84	86	89	
296	7	11	12	13	15	18	79	80	81	82	84	85	87	88	90	92	97	100	
297	16	17	19	82	85	87	89	91	93	
298	17	
315	57	
316	55	87	91	
317	51	53	83	86	87	88	88	90	91	93	98	
318	54	79	80	81	82	84	85	86	88	89	89	92	94	
319	41	48	79	80	81	82	83	84	89	99	
320	16	17	18	19	38	42	43	48	70	79	80	81	83	85	98	
321	8	9	13	14	16	17	19	20	21	42	43	44	46	69	79	83	
322	10	12	14	15	18	18	19	20	21	21	24	27	44	48	70	
323	20	21	21	23	24	27	44	
324	20	22	23	23	24	45	48	54	62	63	
325	22	24	45	51	54	55	58	
326	25	45	49	51	52	54	55	56	57	58	61	65	
327	25	44	45	48	48	49	50	51	52	54	55	56	59	
328	31	36	41	43	44	45	46	46	47	48	49	49	50	
329	6	9	14	43	44	79	
330	6	9	11	12	13	14	15	80	81	82	84	91	
331	1	8	11	12	15	16	18	19	21	80	82	84	86	90	94	
332	16	17	19	21	
349	51	53	92	
350	51	52	55	60	81	83	84	86	87	89	90	92	94	98	100	
351	80	81	82	82	84	85	86	88	89	90	93	98	
352	11	16	18	43	66	80	81	83	84	99	
353	7	9	11	12	14	15	16	17	17	18	19	19	27	42	79	80	
354	11	13	14	16	17	19	20	21	22	23	26	45	
355	12	20	21	22	23	24	
356	20	22	24	25	
357	22	24	
360	55	57	
361	50	52	52	53	54	55	55	56	57	58	59	61	
362	43	44	46	47	48	49	50	50	51	52	53	54	55	56	59	
363	42	44	44	45	46	47	48	48	50	
364	9	10	11	13	14	44	
365	6	8	11	12	12	13	14	15	15	16	18	19	27	80	81	83	90	93	99	
366	17	18	19	20	21	22	24	
381	57	92	
382	51	52	53	54	56	88	89	91	92	
383	49	51	53	54	81	82	85	86	87	88	89	91	92	95	
384	79	81	82	84	84	86	87	88	90	93	94	
385	8	10	16	68	79	80	81	82	83	85	93	
386	9	11	12	13	13	14	15	16	17	18	19	20	78	
387	7	12	15	16	17	19	20	21	22	24	25	26	
388	22	23	23	24	
389	21	24	
395	51	53	55	55	56	57	61	
396	46	47	51	51	52	53	53	54	55	56	59	
397	43	45	46	48	48	49	50	50	
398	5	9	10	13	14	
399	6	7	11	12	13	13	14	15	15	16	16	17	18	19	84	
400	16	17	18	19	20	20	21	22	24	
414	52	87	90	92	
415	53	55	57	82	85	86	87	88	89	91	92	95	
416	53	55	57	81	82	83	84	86	87	89	90	91	96	99	
417	54	80	81	82	83	83	84	85	88	89	97	
418	48	79	81	82	83	86	
419	7	9	10	11	14	15	16	20	28	82	
420	5	7	11	12	13	14	15	15	16	17	18	19	20	21	24	
421	17	19	20	21	22	24	
428	57	
429	36	53	55	56	60	
430	47	49	50	50	51	52	54	54	55	58	
431	45	46	48	49	50	53	90	
432	3	9	11	14	
433	7	8	10	11	12	13	14	15	16	17	18	19	20	25	71	
434	16	17	18	20	21	22	23	24	
445	56	
446	52	
447	46	48	50	52	54	
448	46	52	55	82	84	85	87	88	90	91	94	100	
449	53	54	81	82	83	84	85	86	89	90	97	100	
450	39	43	47	78	79	80	81	82	83	84	85	89	94	
451	17	19	39	42	47	53	78	79	81	82	84	
452	17	18	20	39	42	43	46	48	81	
453	4	8	8	9	11	12	14	14	17	19	20	21	44	67	
454	3	6	11	12	13	14	15	15	17	18	18	19	20	21	22	23	
455	17	20	21	22	25	
462	57	
463	51	52	53	54	55	56	57	59	
464	47	49	50	50	51	52	54	55	
465	9	44	48	49	84	88	93	
466	4	8	10	11	13	13	19	82	84	
467	5	11	12	13	14	15	15	16	17	18	18	19	19	21	24	
468	17	20	21	22	23	25	
479	57	58	
480	36	48	51	52	53	54	55	56	59	
481	46	47	48	49	50	52	53	55	59	
482	50	54	79	80	82	84	85	88	95	
483	9	16	42	80	81	82	84	85	
484	12	14	15	16	16	17	18	18	19	20	26	40	43	43	65	69	80	
485	15	16	17	19	20	20	22	24	44	45	47	49	61	64	67	69	
486	10	15	16	18	20	21	22	23	25	29	43	43	45	47	49	65	
487	5	9	12	14	15	18	18	20	22	24	29	44	
488	12	15	19	20	22	23	24	25	
489	22	23	24	
496	57	
497	52	53	54	55	55	56	56	57	59	63	
498	43	47	48	48	49	50	51	51	54	54	
499	9	41	45	49	68	83	87	88	
500	5	6	8	9	11	12	13	13	14	15	16	17	18	19	75	
501	5	11	13	15	16	17	18	19	20	20	21	22	24	25	
502	22	
513	53	55	56	56	57	61	
514	36	50	51	51	52	52	54	54	55	56	59	61	
515	42	43	45	46	47	48	48	49	49	50	51	54	
516	8	10	13	45	49	89	
517	10	11	12	13	14	15	16	18	19	23	
518	12	16	17	19	20	21	22	23	24	
519	20	22	23	24	25	45	
520	21	25	
521	23	25	
522	24	
530	53	56	57	
531	49	50	51	52	53	54	54	55	60	
532	46	49	50	51	82	84	86	89	92	93	
533	8	10	14	82	83	86	
534	3	7	12	13	14	14	15	16	17	18	18	19	20	23	
535	18	20	21	21	22	24	25	
547	57	
548	51	51	52	53	53	54	55	55	56	57	59	61	
549	39	42	43	45	46	47	47	49	49	50	51	54	58	
550	9	10	13	44	45	46	48	76	
551	5	7	10	11	12	13	14	15	16	23	26	
552	4	12	16	17	18	18	20	21	24	
553	17	22	
558	83	
563	57	
564	51	52	57	61	
565	34	49	50	53	54	87	90	92	94	
566	9	14	49	80	82	84	86	88	90	
567	6	10	11	12	13	14	15	15	16	17	18	19	
568	4	19	20	21	22	24	25	
569	22	23	
582	52	55	55	56	57	58	59	61	
583	35	38	43	47	48	49	50	51	52	53	54	55	56	59	
584	42	44	45	46	46	47	48	48	49	
585	5	6	8	10	11	13	14	
586	11	12	15	16	19	82	86	89	92	97	
587	16	18	18	21	86	90	93	
592	84	85	
596	56	
597	52	56	92	
598	51	52	54	55	62	87	88	89	90	93	93	
599	80	81	82	84	85	86	88	90	94	
600	9	11	13	14	16	18	81	84	101	
601	6	11	12	15	16	17	18	19	20	21	23	26	
602	2	21	22	24	
613	45	
616	53	55	56	57	
617	33	50	51	52	54	54	55	56	57	59	62	
618	36	41	43	44	45	47	48	48	49	49	50	50	51	54	56	
619	4	10	40	43	44	46	47	49	
620	7	9	11	12	13	14	15	79	81	84	88	
621	7	12	15	16	20	80	82	83	84	85	87	89	90	97	99	
622	16	17	83	86	87	90	92	
623	17	
629	58	
630	52	56	92	
631	53	87	89	91	97	
632	40	50	81	83	84	85	86	89	91	
633	9	10	13	16	17	19	28	68	79	81	82	84	85	
634	4	6	10	11	13	15	16	17	18	18	19	20	21	23	43	
635	21	22	24	
651	53	54	55	57	61	
652	49	50	51	51	54	54	56	57	59	61	
653	29	36	43	44	45	47	48	49	49	50	
654	3	11	31	40	42	44	44	46	48	68	
655	8	8	11	12	15	80	81	85	
656	11	13	19	80	81	82	84	85	85	87	88	89	91	94	100	
657	13	16	82	86	88	89	90	91	92	93	98	
658	87	90	91	93	
659	87	90	91	93	
660	87	92	93	
661	86	88	89	91	93	
662	86	88	90	91	
663	52	56	83	86	88	91	92	97	
664	51	52	54	56	87	89	90	95	
665	40	43	47	48	50	80	81	83	83	85	88	
666	9	12	14	17	40	44	47	48	80	82	84	
667	7	9	12	13	14	15	15	16	18	18	20	43	69	
668	13	17	20	21	22	24	
669	21	23	
686	53	54	55	57	60	
687	51	53	54	55	56	57	58	61	
688	4	35	44	45	48	49	50	51	59	
689	5	39	42	43	43	44	46	47	48	50	69	
690	5	9	15	26	36	38	46	79	80	
691	9	12	80	81	82	83	85	
692	10	46	81	82	83	84	85	88	90	98	
693	8	81	82	84	85	88	90	
694	81	82	85	87	88	90	94	98	
695	7	81	82	84	85	89	99	
696	39	81	82	84	85	89	95	
697	16	18	42	48	67	81	82	84	89	
698	16	19	29	40	81	82	83	84	88	
699	9	12	13	15	16	18	18	19	26	44	69	81	101	
700	10	15	20	21	24	45	
701	15	22	23	23	25	
702	22	24	
722	35	51	53	54	55	56	58	59	
723	45	49	50	51	54	57	60	64	
724	5	33	43	44	45	46	47	49	51	53	56	58	59	
725	5	22	23	39	42	44	45	46	48	49	56	66	
726	19	20	40	42	43	47	57	80	84	
727	18	20	22	26	35	42	44	46	47	48	56	69	80	83	
728	20	22	26	41	43	43	46	47	56	66	80	83	
729	16	19	42	47	79	84	
730	15	17	19	21	26	42	43	46	49	67	79	
731	11	13	19	20	44	47	81	
732	14	17	20	21	24	44	79	
733	7	22	24	
734	25	
757	54	55	
758	59	64	
759	25	45	53	
760	24	50	54	65	
761	22	24	49	59	64	
762	23	24	54	
763	21	25	26	50	54	60	65	
764	23	23	44	
765	23	25	
766	25	
1157	29	
1162	25	
1167	9	
1193	64	
1200	90	
1209	69	
1213	90	
1215	61	
1230	25	40	
1235	20	
1249	101	
1253	62	
1265	57	
1278	70	
1281	75	
1282	39	
1287	14	
1297	40	
1305	53	
1308	35	
1309	35	
1313	75	
1341	30	
1342	39	44	
1343	17	29	36	40	
1344	32	41	49	56	67	
1345	33	39	48	48	
1346	35	36	39	46	58	
1347	46	
1348	48	74	
1349	42	
1352	50	
1373	41	46	
1374	16	18	40	
1375	6	16	18	20	41	45	46	49	75	
1376	17	18	20	23	38	43	44	47	67	69	101	
1377	16	18	20	26	40	45	46	51	54	56	58	64	67	
1378	21	23	36	40	43	43	45	46	48	48	51	57	58	68	
1379	20	22	36	41	44	46	47	49	57	61	
1380	23	25	26	36	41	43	47	49	58	
1381	21	26	38	41	43	43	47	49	53	53	56	64	67	
1382	20	32	38	42	47	49	56	
1383	45	46	49	
1384	46	50	69	
1389	88	
1404	16	
1405	20	37	
1406	18	
1407	11	15	16	18	20	40	68	
1408	12	14	17	19	20	40	44	46	
1409	14	18	18	20	21	22	24	27	43	43	46	50	62	
1410	14	20	21	22	25	28	44	49	58	
1411	20	21	23	24	44	50	60	98	
1412	22	23	25	45	49	53	53	55	59	93	
1413	22	24	25	49	55	57	59	65	93	
1414	24	45	49	50	53	55	56	58	58	62	63	
1415	22	24	44	45	48	49	51	53	57	62	
1416	21	24	29	34	37	42	44	45	49	51	54	56	57	58	
1417	22	36	41	43	44	46	47	48	49	51	54	69	
1418	43	44	46	48	48	54	
1419	58	
1420	47	48	
1421	13	
1423	50	
1424	9	
1436	33	52	
1438	3	16	
1439	15	20	23	37	42	48	
1440	10	14	16	18	18	19	21	25	27	41	44	
1441	10	12	14	17	19	20	22	24	44	68	
1442	12	14	15	18	20	21	22	24	26	
1443	15	21	23	25	92	
1444	24	91	92	
1445	86	87	89	90	91	93	97	
1446	85	86	88	88	89	91	94	97	
1447	20	82	83	85	86	87	89	90	92	96	
1448	82	85	86	87	88	89	91	94	97	
1449	55	82	85	86	88	89	91	93	95	
1450	16	23	25	51	53	55	56	57	60	86	88	90	92	
1451	17	24	36	45	49	50	52	54	55	57	59	65	
1452	41	43	44	45	46	47	49	50	51	53	
1453	45	46	48	50	53	
1454	51	
1457	60	
1463	102	
1471	21	42	
1472	8	13	13	17	19	42	
1473	11	14	15	16	17	19	20	26	42	
1474	10	13	15	17	18	18	19	21	22	23	45	69	
1475	13	20	22	24	
1476	22	87	90	91	96	
1477	82	83	85	86	88	88	89	91	95	
1478	82	85	86	87	88	89	91	96	
1479	80	80	82	83	84	86	89	91	95	
1480	80	81	82	83	83	84	86	
1481	80	80	81	82	84	86	89	95	
1482	10	80	81	82	83	85	90	
1483	8	10	13	80	81	82	83	84	85	89	100	
1484	6	10	12	14	16	55	58	81	81	82	84	85	86	88	89	91	94	
1485	16	17	18	19	36	51	52	53	54	54	55	56	57	59	62	87	90	91	94	
1486	18	42	45	46	47	48	48	49	50	51	52	54	59	61	
1487	21	43	45	46	47	49	50	
1488	44	48	52	
1490	89	
1502	39	
1504	13	14	30	
1505	11	13	15	18	20	
1506	11	14	15	16	17	19	19	21	23	42	44	
1507	8	12	14	15	17	19	20	21	24	26	57	
1508	21	22	24	25	51	56	
1509	50	52	53	86	88	89	91	95	
1510	82	83	84	85	86	89	90	91	93	99	
1511	20	80	81	82	84	85	89	98	
1512	80	81	82	83	84	86	90	
1513	79	80	83	83	88	90	
1514	79	88	89	
1515	80	84	
1516	13	81	83	
1517	12	81	81	84	89	98	
1518	8	9	10	11	13	13	14	16	80	82	84	
1519	15	16	17	18	19	21	23	52	53	57	60	80	81	82	83	85	89	93	99	
1520	17	20	48	51	51	52	53	53	54	55	57	58	60	
1521	42	43	45	46	47	48	49	50	52	54	64	
1522	47	49	
1537	14	17	40	46	
1538	10	15	16	18	19	42	45	46	69	
1539	7	10	11	13	13	14	15	16	18	18	20	22	24	70	
1540	15	16	18	19	20	21	22	24	44	56	
1541	21	23	24	46	47	51	53	55	59	
1542	49	50	51	53	89	93	
1543	49	80	81	82	83	84	85	88	89	94	100	
1544	78	80	80	82	84	87	89	
1545	79	83	83	85	96	
1546	78	81	85	98	
1547	82	
1548	81	83	
1550	84	94	
1551	8	
1552	5	9	11	14	17	
1553	6	8	11	12	13	14	15	16	18	19	20	24	56	57	58	80	98	
1554	17	18	21	22	25	51	51	52	53	53	54	55	55	56	58	59	
1555	44	45	46	48	49	50	51	52	54	
1556	48	
1558	71	
1569	18	
1570	11	14	16	17	18	20	41	44	
1571	11	14	17	19	20	22	42	46	48	
1572	10	12	13	15	16	18	19	20	22	25	
1573	7	11	12	14	15	18	19	20	21	23	23	25	27	56	58	
1574	20	22	25	35	51	52	53	55	56	57	
1575	22	48	49	50	51	52	54	55	57	
1576	43	45	47	49	50	52	54	81	84	89	
1577	55	79	80	84	
1578	79	85	102	
1580	66	
1582	23	
1585	9	
1586	8	10	12	13	14	16	
1587	3	7	11	12	13	14	15	15	16	17	18	18	19	21	56	58	
1588	18	19	20	21	22	24	26	47	48	50	51	51	52	54	54	55	57	60	
1589	45	48	49	50	54	61	87	89	91	96	
1590	54	
1591	57	
1596	95	
1601	32	
1602	10	13	
1603	11	14	17	19	29	
1604	11	13	14	16	17	18	19	20	22	25	
1605	12	14	15	18	19	20	21	23	25	26	43	69	
1606	12	15	21	23	24	25	28	93	
1607	22	24	88	91	93	
1608	52	53	54	55	56	58	60	86	87	88	89	90	92	97	
1609	51	52	53	53	54	56	86	88	89	90	92	93	95	
1610	49	50	54	82	84	86	88	88	91	
1611	99	
1619	9	15	89	
1620	5	6	10	11	12	13	14	16	18	19	22	26	
1621	8	11	12	15	17	18	18	19	21	24	25	56	57	61	70	
1622	18	21	22	46	47	49	50	51	52	54	55	60	
1623	45	49	51	60	81	86	88	91	93	
1624	87	
1635	17	
1636	10	
1637	8	10	11	12	13	14	14	15	17	
1638	8	12	15	16	16	17	18	18	18	19	20	20	22	24	26	
1639	21	22	24	59	
1640	86	87	88	90	91	92	94	98	
1641	82	83	85	86	87	89	90	91	96	
1642	81	81	82	83	84	85	87	89	90	93	98	
1643	53	54	80	81	82	83	83	84	85	86	87	89	90	92	98	99	
1644	81	82	83	84	86	89	92	98	
1645	82	83	88	
1646	72	73	
1653	12	13	17	19	
1654	8	9	10	12	14	15	16	19	21	57	
1655	8	13	18	19	20	20	22	23	25	52	52	54	55	56	58	
1656	22	49	50	51	53	55	56	58	87	90	91	97	
1657	49	55	79	82	83	84	86	88	91	
1658	84	
1670	9	11	14	
1671	5	7	10	10	11	11	12	13	14	15	15	17	18	20	25	57	
1672	13	15	16	17	18	19	20	21	24	48	51	53	57	58	
1673	46	49	50	
1674	46	48	80	80	81	84	85	
1675	80	80	81	82	84	85	88	91	96	
1676	80	81	83	83	85	89	96	
1677	79	80	81	84	87	89	95	
1678	79	81	84	88	
1680	73	75	
1687	10	12	14	17	19	21	
1688	5	8	11	13	14	15	17	19	20	22	24	57	
1689	18	21	22	24	26	52	55	
1690	22	49	51	53	81	83	84	85	86	88	88	89	91	94	
1691	64	80	85	89	
1703	30	
1704	9	11	74	
1705	5	7	9	10	11	12	13	13	14	15	17	19	58	
1706	16	17	19	20	22	24	50	51	52	53	54	55	56	57	60	78	81	87	91	93	98	
1707	18	40	45	46	47	48	49	50	52	54	88	
1708	42	43	46	48	60	79	
1709	46	79	81	84	89	
1710	79	
1711	83	
1712	84	
1714	64	
1717	16	
1719	43	
1720	8	13	17	19	42	
1721	10	11	14	15	17	18	19	23	
1722	5	8	13	17	20	22	25	52	55	57	58	69	
1723	49	50	52	53	55	88	89	91	96	
1724	56	79	79	81	83	84	86	90	100	
1725	79	83	88	99	
1726	92	
1731	97	97	98	
1735	70	
1738	9	14	
1739	5	6	9	11	12	14	17	86	
1740	12	13	17	19	53	54	55	56	57	59	82	83	85	89	93	93	
1741	16	18	18	20	21	38	45	47	50	50	51	53	54	55	56	58	64	86	91	93	
1742	38	43	45	46	48	49	50	56	58	65	
1743	43	46	48	
1744	100	
1751	17	
1752	21	
1753	13	14	18	43	
1754	9	14	16	19	20	24	
1755	13	15	18	18	22	23	25	26	44	58	
1756	22	25	49	50	52	53	55	
1757	50	81	82	85	86	90	94	
1758	80	85	88	
1760	93	
1765	16	98	
1769	23	
1770	48	
1772	12	
1773	8	10	14	
1774	6	11	12	14	15	17	18	80	82	83	91	
1775	16	19	22	24	52	53	53	54	55	57	58	60	62	81	83	84	86	87	88	90	91	95	
1776	17	37	43	45	48	48	49	50	51	52	54	57	59	93	
1777	37	41	44	47	49	51	
1778	36	43	47	48	60	67	
1779	44	
1780	48	
1782	24	
1783	42	
1784	102	
1785	16	25	40	
1786	14	16	19	
1787	7	10	12	13	14	15	16	17	19	21	25	43	
1788	7	15	18	20	21	22	24	57	
1789	21	22	50	51	52	55	93	
1790	49	52	55	56	59	86	89	92	94	
1791	79	81	84	88	89	93	
1792	82	84	
1803	8	
1806	14	
1807	15	
1808	4	8	8	10	14	
1809	11	12	14	19	55	79	80	81	83	84	86	89	99	
1810	20	54	55	59	82	83	85	87	90	91	96	
1811	17	45	51	52	53	55	56	60	65	87	91	
1812	36	42	43	44	45	46	47	50	52	54	56	59	
1813	25	26	40	43	43	45	46	48	49	63	
1814	23	40	45	46	50	63	
1815	26	40	44	46	48	49	56	62	
1816	18	22	41	43	47	56	
1817	18	22	26	39	43	45	46	49	
1818	18	21	41	48	48	
1819	8	19	26	42	44	
1820	10	12	14	17	19	21	23	
1821	7	13	15	21	25	56	
1822	21	23	24	52	53	55	61	92	96	
1823	50	53	55	59	83	85	86	87	88	90	92	
1824	79	80	82	83	84	87	88	93	100	
1825	80	84	
1842	11	
1843	5	9	11	14	80	94	98	
1844	6	10	12	13	15	80	82	84	85	90	94	
1845	16	18	55	82	83	85	86	88	89	91	93	
1846	53	54	57	61	87	90	91	96	
1847	51	55	57	60	
1848	24	44	49	51	55	61	
1849	23	49	51	59	
1850	24	45	49	58	65	
1851	22	24	50	55	65	
1852	14	24	45	64	
1853	22	23	45	
1854	24	73	
1855	86	88	90	93	98	
1856	80	82	85	86	88	91	94	
1857	80	81	82	84	85	90	90	99	
1858	79	
1860	68	
1865	57	
1871	69	
1878	11	15	80	84	
1879	7	9	11	13	79	80	82	85	91	99	
1880	11	15	81	82	84	85	86	88	92	93	100	
1881	83	87	89	91	95	
1882	86	87	92	93	96	
1883	88	91	96	
1884	87	91	96	
1885	87	91	95	
1886	88	92	97	
1887	88	90	94	
1888	82	85	87	89	94	
1889	80	82	84	85	90	
1890	81	84	90	
1891	79	83	
1896	88	
1906	70	100	
1909	3	
1913	81	
1914	12	79	81	84	90	100	
1915	80	80	84	87	89	95	99	
1916	81	82	84	86	89	95	99	
1917	83	83	85	90	94	
1918	82	84	87	89	94	
1919	83	84	87	89	
1920	82	84	87	91	
1921	81	85	87	90	97	
1922	79	81	84	95	
1923	79	86	89	
1924	84	
1925	83	
1926	90	96	
1927	84	
1930	23	
1943	78	
1944	100	
1949	82	83	95	
1950	79	85	
1951	78	80	86	
1952	80	84	
1953	80	85	96	98	
1954	80	83	87	99	
1955	83	
1956	44	88	
1957	85	
1959	19	84	
1967	73	
1971	72	
1978	72	93	
1984	99	
1989	83	
2012	61	
2013	52	
2015	45	45	101	
2021	89	
2025	4	
2027	32	
2028	102	
2030	39	
2031	82	
2050	70	
2077	48	
2081	55	
2114	20	
2133	101	
2187	13	
2196	7	
2214	94	
2220	13	
2231	9	
