16	70	
81	54	
118	91	
119	86	87	89	91	96	
120	83	86	87	88	89	90	92	96	
121	16	87	90	92	97	
122	91	
123	88	
150	57	59	
151	87	89	92	96	
152	86	87	88	89	89	92	94	96	
153	81	82	83	84	85	86	86	87	88	89	91	93	96	100	
154	9	16	79	80	81	83	84	85	85	86	87	89	90	93	95	97	98	
155	9	12	80	81	83	84	85	86	87	89	90	91	94	97	
156	11	15	16	82	83	85	86	87	88	88	89	91	92	93	96	
157	15	82	83	85	86	87	89	90	92	95	97	
158	86	87	89	91	92	95	98	
159	16	
183	56	
184	52	54	87	89	91	94	
185	54	82	83	84	86	87	87	88	89	91	94	97	
186	53	80	81	82	83	84	85	86	87	88	89	90	94	97	98	
187	78	78	80	81	82	84	85	87	88	93	
188	4	8	12	19	36	77	78	79	80	82	84	86	91	94	
189	5	12	14	78	80	81	82	84	85	86	88	90	95	
190	6	10	78	80	81	82	84	85	86	88	96	98	
191	9	11	15	77	80	81	82	83	84	85	86	86	88	90	94	102	
192	7	9	11	12	14	15	81	82	83	84	85	86	87	89	90	92	95	97	
193	16	18	81	83	85	86	87	88	89	90	92	93	96	
194	17	
215	57	
216	51	54	
217	52	53	58	86	87	88	89	91	93	94	
218	52	54	80	81	82	84	85	86	86	87	88	89	91	93	96	98	
219	55	78	80	81	82	83	84	85	86	87	89	91	94	
220	78	80	81	83	84	85	86	89	94	98	
221	16	19	68	80	83	
222	15	17	19	26	43	44	46	47	49	57	60	67	79	
223	17	18	18	19	20	22	38	40	44	45	46	47	49	56	57	68	69	79	80	
224	20	21	22	43	43	45	46	47	48	48	49	56	70	79	79	83	
225	4	9	22	27	44	46	49	71	78	79	81	99	
226	6	8	10	11	13	15	78	79	80	82	84	85	87	89	
227	6	10	11	12	14	15	19	79	80	81	82	84	85	86	88	89	91	95	100	
228	8	15	16	17	82	85	86	88	88	90	92	94	97	
229	16	17	
248	58	
249	53	54	56	88	92	
250	50	52	54	56	59	86	87	88	90	91	93	94	97	
251	50	53	53	55	77	81	82	83	83	85	86	87	89	90	92	95	98	
252	79	80	81	82	83	84	85	87	89	93	
253	10	18	64	79	80	83	85	
254	11	13	17	19	47	66	71	78	80	
255	7	9	11	13	14	16	18	18	19	20	23	44	62	70	
256	12	15	16	17	18	19	20	21	21	26	44	49	58	61	69	
257	20	20	21	22	23	23	25	27	44	48	49	50	52	55	56	57	58	60	62	
258	21	22	25	26	31	34	38	42	45	47	49	50	51	52	53	55	56	57	59	60	
259	4	22	23	31	42	44	45	45	46	46	47	48	48	49	50	51	70	
260	8	10	44	45	46	47	79	
261	6	9	10	11	12	13	15	79	80	81	82	83	86	95	
262	7	11	11	13	14	15	16	19	20	80	81	84	85	87	89	92	96	
263	16	17	18	20	92	97	
264	17	
280	57	
281	56	
282	55	56	87	90	92	95	
283	38	52	54	55	58	82	85	86	88	90	91	93	96	101	
284	51	54	81	82	82	83	84	85	86	87	88	89	91	95	
285	43	46	79	81	82	84	86	89	99	
286	9	13	19	67	79	80	82	83	
287	11	14	16	17	18	19	43	68	71	79	80	
288	8	10	12	14	15	16	17	18	19	20	21	22	23	28	45	72	
289	7	10	12	14	15	19	20	21	22	23	24	25	28	45	70	
290	12	21	22	22	24	26	74	
291	22	23	24	52	55	57	
292	51	52	52	53	54	55	56	57	59	61	
293	33	46	47	48	49	50	50	51	52	53	54	56	58	60	
294	32	42	43	44	45	46	47	47	48	49	
295	3	9	13	44	47	
296	4	6	8	10	11	12	13	14	15	19	79	80	82	84	86	89	97	
297	13	15	16	17	18	21	27	82	85	87	88	91	97	
298	16	17	21	
314	36	52	
315	52	54	56	86	88	88	90	92	93	
316	52	54	82	83	84	85	86	87	88	88	89	91	93	95	
317	53	54	77	79	81	82	83	83	84	85	86	87	89	90	95	
318	68	78	80	81	81	83	84	85	86	88	92	93	101	
319	10	15	16	20	43	47	65	78	80	85	98	
320	11	13	13	15	16	17	18	18	19	19	20	42	44	45	47	49	65	69	71	
321	8	10	12	13	15	17	18	19	20	20	21	22	23	26	44	47	69	
322	3	12	13	15	19	20	20	21	22	22	23	25	26	
323	20	21	22	23	25	
324	22	
326	52	55	57	
327	35	37	50	51	51	52	53	53	54	55	55	56	57	58	60	
328	33	44	45	46	47	47	48	49	50	51	
329	4	43	45	46	48	
330	7	9	10	11	13	13	14	79	
331	2	7	11	11	12	14	15	16	16	18	19	20	22	79	81	84	88	91	93	
332	17	17	19	20	22	
346	56	
347	51	52	54	55	56	
348	49	51	54	55	87	89	91	95	
349	51	53	53	78	81	82	84	85	86	87	89	91	96	99	
350	52	78	79	80	81	82	84	85	86	90	96	104	
351	66	78	79	81	82	84	87	94	101	
352	8	10	11	14	16	17	18	20	70	79	
353	6	10	11	12	13	15	15	16	17	17	18	18	19	20	20	21	26	69	
354	15	17	18	20	21	21	22	23	24	45	
355	21	22	22	23	25	27	74	
356	22	24	74	
357	23	
360	57	
361	51	51	52	53	54	55	55	56	56	57	58	60	
362	42	45	46	47	47	50	51	52	53	53	54	55	58	
363	44	45	47	48	49	63	
364	4	6	9	10	11	13	14	44	
365	7	11	12	12	14	14	15	16	17	18	19	20	24	26	81	
366	16	18	19	20	21	22	25	26	
380	36	52	54	57	58	
381	33	47	49	50	51	52	53	54	56	59	88	
382	46	49	50	52	53	55	81	83	84	86	87	88	90	94	
383	49	80	81	83	83	84	86	88	89	92	95	
384	67	79	80	83	87	89	
385	9	10	12	14	15	16	17	18	68	78	81	
386	7	10	11	12	13	13	14	15	16	17	18	19	19	20	21	22	70	
387	18	19	20	21	22	22	23	24	25	26	73	
388	22	24	25	
389	23	
394	57	
395	51	52	53	54	55	56	56	58	59	
396	33	47	47	49	50	51	52	53	53	54	56	62	
397	32	44	45	46	47	48	49	50	
398	7	8	10	11	13	14	15	43	
399	3	7	11	12	12	13	14	15	15	16	17	18	19	20	23	68	
400	17	18	19	20	21	22	
413	56	57	58	
414	50	51	52	53	54	55	56	57	60	
415	45	46	47	49	50	51	52	53	54	86	
416	49	51	54	60	79	81	82	85	86	88	91	93	102	
417	49	78	80	82	85	
418	6	8	10	12	14	19	28	66	78	84	
419	7	9	10	12	12	14	15	15	16	17	19	20	23	29	69	
420	3	6	13	14	15	16	17	17	18	19	20	20	21	22	24	25	
421	21	22	23	24	
428	57	
429	35	53	55	56	57	58	59	
430	43	45	46	47	48	49	50	51	51	52	53	54	55	62	
431	32	44	48	49	50	
432	3	9	10	13	14	43	
433	6	8	10	12	12	15	16	17	18	19	20	23	25	71	
434	17	18	20	21	22	24	27	
436	58	
437	58	59	
447	55	56	57	57	59	
448	34	47	48	51	51	52	53	53	54	55	55	56	58	60	61	
449	31	45	46	46	48	49	49	50	51	52	53	54	59	85	
450	43	79	81	83	83	85	91	
451	8	16	78	82	85	
452	9	10	11	13	14	17	19	66	103	
453	4	7	8	11	12	12	13	14	15	15	16	17	17	18	19	20	21	24	69	
454	17	18	20	21	22	23	24	25	
455	22	
462	57	58	
463	33	52	52	55	56	57	60	
464	47	49	50	51	51	52	53	54	55	
465	43	45	46	48	49	87	
466	3	7	9	10	12	13	14	19	
467	7	11	12	14	14	15	16	17	18	19	19	20	21	23	25	26	70	
468	18	20	21	22	23	46	
481	56	56	57	60	
482	34	43	46	47	48	50	50	51	52	52	54	54	55	56	57	58	62	
483	33	45	46	47	48	49	49	50	51	53	85	
484	44	67	
485	11	16	18	66	
486	4	6	8	10	12	13	15	16	17	17	18	19	20	21	27	30	41	44	68	70	
487	5	6	10	12	13	14	15	17	18	19	20	21	23	23	25	26	70	
488	19	21	21	22	23	25	26	
496	56	57	
497	33	52	52	54	54	55	56	56	57	59	61	
498	46	47	48	49	50	51	52	53	54	91	
499	9	13	43	48	82	85	87	91	95	
500	4	7	9	10	11	12	13	14	15	16	19	
501	11	12	15	16	17	17	18	19	20	20	21	22	23	24	70	
502	22	45	45	
507	85	85	86	
515	52	53	55	56	57	57	60	
516	35	47	48	50	51	51	52	53	54	54	55	58	60	
517	32	42	43	45	46	47	48	48	49	50	51	54	
518	8	10	45	85	
519	6	10	11	12	13	13	14	15	16	18	19	70	
520	11	15	16	17	19	20	21	21	22	24	27	74	
521	1	13	17	21	22	23	24	25	
522	23	
524	77	78	
529	58	
530	53	56	57	
531	48	49	50	51	52	53	54	54	55	60	
532	47	49	50	51	54	83	85	87	89	92	95	
533	9	10	14	67	82	84	86	93	
534	5	6	7	10	11	12	13	13	14	15	15	16	17	18	19	20	70	
535	15	16	17	18	19	20	20	21	22	23	24	25	27	
536	23	
549	53	56	57	58	59	61	
550	34	48	50	50	51	52	53	54	54	55	56	56	59	60	
551	32	41	44	45	46	46	47	48	49	50	63	
552	9	43	45	
553	6	8	8	11	12	13	13	14	15	23	
554	15	16	18	18	20	22	24	92	
555	17	22	
558	80	
563	57	
564	35	36	51	52	53	55	56	57	59	
565	49	50	51	52	54	55	87	91	
566	48	50	66	81	85	87	90	92	97	
567	9	11	12	13	14	15	16	18	19	81	84	
568	3	8	10	11	12	15	16	17	18	19	19	20	23	24	27	
569	20	21	22	23	24	
570	23	24	
583	58	
584	34	51	51	52	53	53	54	55	56	57	57	59	60	
585	41	45	47	47	48	49	49	50	50	51	52	54	58	
586	8	38	43	44	45	46	47	48	49	
587	6	9	10	11	12	14	
588	2	7	10	12	13	14	15	16	20	25	80	82	85	87	90	91	95	
589	13	16	18	21	82	87	90	92	95	98	
590	16	87	93	
596	58	
597	56	57	
598	51	52	53	53	55	61	
599	49	51	52	54	82	85	87	88	89	91	93	95	99	
600	8	67	79	81	83	83	85	87	88	92	
601	5	7	9	10	11	12	13	14	14	15	16	17	18	18	19	19	28	70	
602	4	13	15	17	18	19	20	20	21	23	24	26	
603	21	22	
618	51	52	53	55	56	57	60	
619	34	37	47	50	51	52	53	54	54	55	55	56	56	58	59	61	
620	42	43	44	45	45	46	46	47	47	48	49	49	50	
621	8	41	43	44	46	46	48	71	
622	3	5	6	10	11	13	13	15	78	78	80	81	82	84	86	88	100	
623	7	10	12	13	15	81	82	84	85	85	86	87	88	89	91	94	97	
624	17	18	82	85	86	87	89	91	96	
625	87	90	91	96	
626	89	92	
627	92	
628	92	
629	93	
630	56	87	89	91	96	
631	52	54	56	60	88	91	93	
632	52	53	54	85	87	88	89	90	92	93	97	
633	53	67	79	81	82	83	84	85	86	87	89	90	97	100	
634	7	8	10	10	11	13	14	15	16	18	19	77	79	80	82	84	
635	4	6	12	14	15	17	17	19	20	20	21	23	26	68	
636	20	21	22	23	24	
653	51	52	53	54	55	57	57	58	60	61	
654	33	37	48	50	50	51	52	53	53	54	55	56	56	57	58	60	62	
655	31	38	42	43	43	44	45	46	47	47	49	49	50	56	59	71	
656	3	4	43	44	46	48	50	68	
657	7	10	12	14	46	79	80	81	84	86	88	
658	8	10	12	13	15	79	81	82	83	84	85	86	89	90	93	97	
659	6	9	15	81	82	84	85	86	87	88	88	89	90	92	94	96	
660	82	85	86	87	88	90	91	93	95	97	
661	7	11	82	85	86	87	88	89	91	92	95	97	
662	82	86	87	88	88	89	91	92	95	98	
663	82	85	86	87	88	89	90	91	95	
664	81	82	84	85	86	88	88	90	91	94	97	
665	52	53	54	81	82	83	84	85	86	87	89	90	91	93	96	99	
666	81	82	83	84	86	87	89	90	92	94	97	
667	9	11	13	14	15	78	78	80	81	84	85	88	
668	4	7	10	11	12	12	14	15	15	16	17	18	18	19	20	21	27	68	70	
669	8	13	20	21	21	22	23	24	70	
670	22	25	
687	55	
688	51	52	55	56	58	60	
689	34	36	50	51	52	53	53	54	56	57	58	59	61	
690	4	31	43	43	44	45	46	47	48	48	49	50	50	54	56	57	68	75	
691	3	32	40	42	44	45	46	47	48	49	50	67	79	
692	3	7	11	15	23	27	41	43	46	46	47	69	73	78	79	81	84	
693	7	11	13	41	69	78	79	80	81	82	84	85	
694	79	81	82	83	83	85	86	88	89	100	
695	77	80	81	82	83	84	85	86	88	90	95	
696	78	79	80	81	82	83	84	85	86	88	89	91	95	
697	79	80	81	82	83	83	84	85	86	89	91	93	96	98	
698	79	80	81	83	83	84	85	86	89	90	94	
699	53	78	79	80	81	82	84	85	86	89	96	98	
700	8	11	13	16	18	18	20	46	68	70	78	79	80	81	84	86	89	
701	5	6	10	11	12	14	14	15	16	17	17	18	19	19	20	44	65	70	72	80	84	
702	5	7	12	13	14	15	18	19	20	20	21	21	23	24	27	72	
703	18	21	22	23	25	
723	52	54	55	57	59	
724	50	51	52	54	55	57	59	61	
725	25	32	34	43	45	47	48	49	50	51	52	53	55	56	58	59	60	62	74	
726	23	31	42	44	45	47	48	49	49	50	56	57	61	67	
727	22	23	31	39	43	43	44	45	46	47	47	49	50	56	57	58	60	66	73	79	
728	20	21	30	34	40	42	43	44	45	46	47	47	48	49	56	56	58	59	66	68	71	78	79	
729	19	20	37	39	42	44	46	47	47	48	57	67	69	72	79	80	83	
730	21	38	42	43	44	46	46	47	48	50	53	69	79	80	84	
731	46	48	69	79	80	82	83	85	
732	10	13	19	26	43	46	67	79	80	83	85	88	
733	10	14	15	16	17	18	19	19	27	42	44	46	49	64	67	69	72	79	
734	7	10	11	12	14	15	16	17	18	18	19	20	20	21	22	23	27	43	70	79	
735	7	11	13	19	20	20	21	22	23	24	25	
736	2	21	22	23	24	25	
737	23	
759	35	52	55	60	
760	50	54	60	75	
761	25	49	50	52	53	61	
762	23	24	45	48	50	51	53	54	56	57	58	61	
763	22	23	24	25	27	31	42	47	47	48	49	50	50	51	52	54	56	58	59	60	61	62	67	
764	23	24	28	32	42	43	44	45	45	46	47	48	48	49	49	50	54	62	66	
765	21	23	42	44	44	45	46	47	49	50	68	70	78	
766	6	10	12	13	14	15	18	19	19	21	22	44	48	65	67	69	72	74	
767	9	12	13	15	18	19	20	20	21	22	23	24	25	43	49	69	
768	21	22	22	23	24	25	70	
769	2	21	22	24	25	
795	60	
796	53	
797	51	52	55	60	
798	33	33	50	55	60	
799	49	65	
800	13	21	23	23	25	
801	21	22	23	25	
802	22	25	
1158	93	
1162	24	
1164	102	
1167	53	
1173	47	
1194	24	
1200	50	
1203	57	
1205	53	
1206	73	
1209	7	
1211	8	78	
1223	101	
1228	43	
1236	75	
1241	41	47	
1242	46	
1243	26	56	
1244	26	
1245	53	
1274	18	27	46	67	70	
1275	17	18	19	20	42	43	47	51	62	73	
1276	21	22	23	42	44	46	48	48	58	71	74	
1277	28	41	44	46	61	69	
1278	26	42	47	48	56	66	69	
1279	46	56	
1280	46	
1285	100	
1286	29	
1287	88	
1288	99	
1293	103	
1302	24	
1305	20	
1306	15	20	
1307	9	15	17	18	20	25	44	48	
1308	13	15	16	17	18	19	21	24	26	46	57	68	
1309	17	19	20	21	23	25	26	34	40	45	46	48	49	52	55	57	60	65	69	
1310	20	21	23	24	27	41	43	44	45	46	47	49	50	52	54	56	59	62	
1311	21	22	27	29	42	44	45	46	47	48	50	55	56	59	71	
1312	20	23	32	41	44	45	46	47	48	49	51	56	58	62	67	70	
1313	22	24	32	41	43	44	46	47	48	50	56	61	72	
1314	44	46	49	
1315	44	46	54	72	
1335	40	72	88	
1337	17	
1338	17	18	
1339	14	19	46	
1340	10	15	16	17	18	20	27	44	67	68	
1341	6	10	12	14	15	17	18	19	21	22	43	71	
1342	12	17	19	19	20	22	23	24	27	43	70	
1343	20	21	22	23	24	28	52	55	58	62	
1344	22	23	24	34	45	51	55	58	62	74	
1345	23	34	49	51	53	57	61	93	
1346	44	45	49	50	52	54	56	57	59	61	
1347	21	23	23	25	26	33	34	41	43	45	47	48	49	51	52	54	56	58	59	
1348	24	42	44	45	46	46	47	48	49	50	58	61	70	
1349	40	44	46	48	48	56	71	
1350	44	46	
1353	23	
1370	83	
1372	9	13	17	19	67	
1373	9	11	14	15	16	18	18	19	21	67	72	
1374	11	15	16	17	19	20	21	22	24	44	70	
1375	7	11	13	15	17	18	20	20	21	22	23	23	25	70	
1376	21	22	22	24	101	
1377	22	
1378	88	89	91	92	95	
1379	86	87	89	90	92	95	96	
1380	55	83	89	90	91	94	96	
1381	18	35	52	54	55	56	57	58	60	62	88	90	91	96	
1382	17	25	42	45	47	50	50	51	53	53	55	56	57	59	61	
1383	42	44	44	45	46	47	47	48	49	50	51	58	
1384	42	44	46	48	50	72	
1385	49	
1391	13	
1402	16	
1404	17	43	
1405	11	14	17	17	18	26	45	46	70	
1406	8	10	12	14	15	16	17	18	19	20	22	24	69	
1407	7	9	11	12	14	15	17	18	19	20	21	22	24	70	
1408	12	15	20	21	22	23	24	25	
1409	21	23	23	25	56	
1410	55	57	87	92	
1411	54	86	87	88	90	91	92	94	96	
1412	53	81	82	83	85	86	87	88	90	91	95	97	
1413	78	80	81	82	83	85	85	87	88	90	94	100	
1414	9	12	15	80	81	82	84	85	87	88	90	91	93	98	
1415	7	11	12	14	15	16	58	78	81	82	83	83	85	86	87	89	90	94	96	
1416	16	17	18	35	51	52	53	55	56	56	57	59	87	88	90	92	95	97	
1417	41	46	47	48	50	51	52	53	55	56	59	
1418	41	44	45	46	47	49	50	53	55	
1419	44	47	48	51	73	
1427	7	
1436	20	
1437	14	18	
1438	10	14	17	19	68	72	
1439	10	11	15	17	19	20	21	23	46	73	
1440	7	9	11	13	14	17	18	19	20	21	22	24	25	26	44	69	
1441	13	21	22	23	23	25	26	57	
1442	22	23	25	92	
1443	52	54	87	88	90	92	98	
1444	54	81	83	85	86	87	88	90	92	94	97	
1445	53	78	80	81	82	83	84	85	86	88	89	92	95	98	
1446	77	80	81	82	84	85	88	96	
1447	79	80	83	83	86	88	101	
1448	9	78	79	81	84	94	
1449	6	9	10	12	13	14	79	80	82	84	87	90	97	
1450	7	11	12	14	15	16	19	52	53	56	57	62	80	81	82	83	84	86	87	89	91	93	96	
1451	16	17	18	20	51	51	52	54	55	56	57	59	87	90	97	
1452	32	42	45	46	47	49	50	51	53	54	58	
1453	44	45	46	48	49	51	55	
1454	44	
1469	19	
1470	11	14	16	18	
1471	9	12	13	15	17	18	19	21	23	28	54	69	
1472	8	11	13	15	16	17	18	19	20	21	28	44	46	68	
1473	9	12	13	15	17	19	20	21	23	24	57	70	
1474	20	22	22	23	56	
1475	21	23	87	88	92	
1476	52	54	55	56	82	86	87	88	88	89	90	93	93	95	98	
1477	53	55	81	82	83	84	85	86	87	88	89	90	94	96	
1478	1	53	79	81	82	84	85	86	89	92	97	
1479	79	80	82	83	85	
1480	79	81	84	93	
1481	82	
1483	10	81	85	
1484	8	9	10	11	13	13	15	18	22	78	80	82	83	85	92	
1485	13	15	16	17	18	19	20	22	24	35	51	52	53	55	56	57	58	59	60	81	85	89	92	94	
1486	18	42	46	47	49	49	50	51	52	54	56	59	
1487	44	45	46	47	48	49	50	
1488	44	50	
1491	76	
1502	13	19	
1503	8	15	
1504	10	12	13	14	16	17	19	24	68	71	
1505	8	10	12	14	15	16	17	18	19	20	21	22	24	28	28	73	
1506	13	18	19	20	21	22	24	26	28	56	73	
1507	2	21	22	24	56	
1508	23	25	51	53	54	55	87	90	92	97	
1509	51	55	83	85	86	87	88	89	90	94	96	102	
1510	78	80	81	82	82	83	84	85	87	88	90	92	
1511	78	79	80	80	81	82	84	85	92	95	
1512	78	79	81	83	83	85	88	
1513	79	
1514	40	91	
1516	10	83	
1517	15	
1518	5	8	8	10	11	12	14	15	16	23	28	90	
1519	13	15	16	17	19	20	21	24	26	34	37	52	52	56	57	60	79	84	88	
1520	17	20	22	47	48	50	51	52	53	53	54	56	59	60	
1521	42	44	46	47	48	49	50	54	
1525	2	
1535	16	16	
1536	10	18	
1537	8	10	12	13	15	18	66	
1538	4	9	11	12	13	14	16	16	17	18	19	20	69	
1539	12	15	16	17	18	18	19	20	21	23	24	25	28	37	
1540	22	23	56	58	61	
1541	48	50	51	53	53	54	55	90	
1542	50	52	55	56	82	83	86	87	89	90	94	97	
1543	77	79	80	81	82	84	86	88	90	94	
1544	79	80	82	85	
1545	80	84	
1546	81	89	
1547	85	
1551	9	14	
1552	5	6	9	10	12	13	14	16	19	
1553	7	11	12	14	15	16	17	18	19	21	24	29	52	56	57	61	84	98	
1554	17	22	47	48	50	51	51	52	53	54	55	56	58	
1555	42	43	45	46	48	49	50	52	53	59	
1556	53	58	
1557	68	
1558	94	
1570	9	13	
1571	6	9	11	12	13	14	15	16	18	20	24	
1572	5	7	11	12	14	15	16	17	17	18	19	20	21	24	69	
1573	21	21	22	23	24	26	37	53	56	56	58	60	73	
1574	23	36	47	48	50	51	51	52	54	55	56	
1575	33	45	47	49	50	52	53	55	85	87	88	92	95	
1576	49	77	80	81	82	83	84	86	91	93	
1577	54	78	81	86	
1581	83	
1584	8	15	
1586	7	9	10	12	14	16	18	
1587	7	12	13	14	15	16	17	18	19	21	25	34	53	55	56	57	58	60	69	98	
1588	17	20	21	22	27	46	48	50	50	51	52	53	54	55	57	58	60	
1589	45	46	48	50	87	90	
1590	49	
1591	42	
1595	7	
1603	73	
1604	9	11	14	21	
1605	7	9	10	11	12	14	14	15	16	19	21	23	70	
1606	12	13	15	16	16	17	18	18	19	21	24	25	27	57	68	
1607	22	23	34	52	52	55	56	57	58	59	61	
1608	50	50	51	52	53	54	92	
1609	45	47	48	50	51	54	82	84	87	90	
1610	45	54	79	81	84	
1612	84	
1613	97	
1617	42	
1619	11	20	
1620	6	9	11	12	14	16	18	20	68	
1621	7	11	12	13	15	16	17	18	19	21	24	25	26	34	57	60	
1622	18	21	22	45	46	48	49	50	51	52	54	55	59	
1623	49	51	55	82	86	90	94	
1624	46	47	47	48	48	87	97	
1629	80	80	80	81	
1637	14	18	
1638	9	10	14	19	
1639	5	7	9	10	11	12	13	13	14	15	16	18	20	
1640	16	17	18	18	19	21	22	24	
1641	22	35	52	52	55	56	58	60	60	91	
1642	51	52	53	53	54	55	58	61	83	86	86	87	89	89	90	92	94	96	
1643	18	49	51	81	82	85	86	87	89	90	92	94	97	
1644	89	95	
1645	66	
1652	19	
1653	15	24	
1654	8	9	11	12	14	15	16	17	19	20	24	53	56	56	58	
1655	8	13	17	18	19	19	20	21	24	26	35	52	53	54	55	55	56	57	69	
1656	22	23	45	47	48	49	51	53	54	55	61	87	90	96	
1657	49	60	81	83	83	85	88	89	97	
1658	98	
1665	70	
1671	11	18	
1672	9	12	19	
1673	5	7	9	10	11	12	13	14	14	15	16	18	20	21	24	56	57	
1674	13	17	20	21	22	24	48	51	52	53	54	57	71	
1675	23	45	46	49	52	54	85	88	96	
1676	50	54	77	78	80	81	83	84	84	86	88	89	100	
1677	36	50	53	78	79	80	81	82	83	84	86	89	
1678	83	89	
1679	63	64	65	
1686	14	16	
1687	10	14	16	20	23	
1688	5	8	10	11	12	14	15	17	18	19	20	23	25	56	57	71	
1689	13	13	17	18	20	21	22	23	35	47	52	53	54	57	59	
1690	22	23	45	47	49	50	52	55	86	88	89	91	95	
1691	53	80	83	86	93	
1693	32	
1705	9	
1706	9	11	14	
1707	5	7	10	11	12	13	14	15	17	19	22	23	53	55	57	58	60	
1708	16	17	19	21	25	27	33	50	51	52	54	55	56	57	60	60	87	91	97	
1709	18	23	37	42	45	47	48	49	50	54	61	83	
1710	44	46	47	49	50	53	54	79	
1711	47	79	100	
1712	82	
1713	89	
1716	20	
1717	21	
1720	12	
1721	6	8	10	11	13	14	17	18	19	66	73	
1722	5	6	12	16	16	17	19	20	21	23	23	25	27	34	53	55	56	58	60	69	
1723	22	24	46	48	49	50	51	53	54	55	59	
1724	50	81	82	84	86	87	89	92	97	103	
1725	80	92	
1726	24	25	
1728	57	
1731	60	
1737	13	
1739	14	
1740	9	14	
1741	5	6	9	11	12	13	14	15	16	22	81	85	
1742	8	12	15	16	18	22	34	52	53	54	55	56	57	59	60	62	81	83	83	85	87	89	91	94	
1743	16	17	19	22	43	48	49	50	50	52	54	55	56	58	58	59	61	88	
1744	30	41	44	46	46	47	49	50	51	67	
1745	29	42	44	46	47	49	58	
1746	70	
1749	25	
1750	41	49	58	
1751	30	42	68	
1752	17	
1753	22	31	
1754	10	13	14	16	19	23	66	
1755	7	9	11	12	13	14	15	16	17	18	19	20	21	24	27	57	71	
1756	19	20	21	22	23	24	28	34	48	50	51	52	53	54	54	55	56	59	71	
1757	47	49	50	51	55	58	87	90	92	96	
1758	52	54	63	79	81	84	85	89	
1759	85	92	
1769	81	
1774	78	
1775	8	10	11	13	
1776	3	8	10	11	12	13	14	15	21	52	80	85	90	98	
1777	16	18	18	22	33	51	53	53	54	55	57	58	60	83	85	86	87	89	90	92	93	96	97	
1778	17	33	45	47	49	50	51	54	56	58	59	61	74	
1779	34	42	43	45	46	47	48	48	49	50	53	56	61	
1780	27	41	44	45	46	47	48	49	50	56	72	
1781	42	44	46	48	65	71	
1782	19	40	47	66	69	
1783	18	47	65	
1784	18	43	69	
1785	16	18	20	40	45	46	51	68	
1786	16	20	22	30	40	44	46	48	64	
1787	10	13	15	18	18	21	43	45	46	71	
1788	6	8	10	11	13	14	16	17	19	20	21	23	26	57	69	
1789	12	15	18	19	19	21	22	23	25	27	34	53	57	59	70	
1790	48	50	51	52	54	55	58	
1791	48	51	53	81	81	82	84	85	86	89	90	96	
1792	82	83	86	89	96	
1809	12	15	87	101	
1810	5	8	9	11	15	80	83	89	
1811	7	10	11	12	13	14	15	18	80	81	82	84	85	87	88	91	95	
1812	19	34	52	54	55	57	60	63	82	86	87	88	89	90	91	94	96	
1813	17	33	49	50	52	53	55	56	58	59	62	75	92	
1814	44	45	47	48	49	50	51	56	60	
1815	26	30	41	44	47	49	53	57	60	72	
1816	19	21	23	24	43	45	46	47	48	50	54	61	70	
1817	18	20	22	24	26	28	41	43	45	46	48	48	50	58	66	68	
1818	18	20	22	41	44	45	46	48	60	65	66	70	
1819	16	18	19	21	23	27	38	42	44	46	48	51	55	58	71	74	
1820	17	19	21	22	24	43	44	45	46	47	49	63	69	
1821	10	15	17	19	20	22	27	46	65	
1822	6	12	13	19	20	21	22	35	44	56	59	69	
1823	20	21	22	23	25	50	51	52	54	54	55	59	
1824	49	50	52	54	59	83	85	86	87	89	90	92	94	
1825	78	80	81	83	85	90	96	
1841	84	
1844	8	99	
1845	9	11	15	78	80	83	83	85	
1846	7	9	10	11	13	14	15	17	78	79	80	81	81	83	83	83	85	86	89	90	93	98	
1847	12	17	86	87	88	88	89	90	91	93	94	96	
1848	53	54	62	63	88	90	91	92	96	98	
1849	16	34	51	63	
1850	22	24	45	50	55	60	
1851	20	22	24	50	74	
1852	21	22	23	28	44	
1853	20	22	24	28	49	54	61	65	
1854	22	23	24	44	50	65	
1855	21	23	24	57	60	
1856	22	23	25	35	51	52	52	54	55	56	60	75	
1857	49	51	52	54	62	83	86	87	87	89	90	91	92	94	96	
1858	80	81	82	84	85	87	88	90	100	
1859	81	83	87	89	
1860	84	88	
1861	85	
1876	99	
1879	4	11	90	97	
1880	4	10	79	81	86	99	
1881	6	9	11	14	77	79	80	81	83	84	86	89	100	
1882	6	10	12	14	15	78	81	82	84	85	86	87	89	90	92	94	97	
1883	12	14	17	82	83	87	88	89	90	92	94	97	
1884	15	87	88	90	92	95	96	
1885	16	87	89	90	91	94	95	97	
1886	16	73	87	91	92	95	97	
1887	24	56	73	92	
1888	58	92	
1889	52	53	53	55	87	90	90	92	95	
1890	52	54	85	86	86	87	89	91	92	93	96	
1891	55	78	81	82	83	83	84	85	87	88	91	
1892	57	78	80	82	84	102	
1905	59	
1907	68	
1913	86	
1914	19	100	
1915	12	79	84	89	99	
1916	12	14	79	80	82	84	89	
1917	78	80	82	84	85	89	94	
1918	8	10	78	81	82	83	84	85	87	89	92	94	99	
1919	10	13	78	81	82	84	84	85	86	88	89	92	96	
1920	6	8	11	13	14	77	81	82	84	84	85	86	88	89	91	95	100	
1921	82	86	87	89	89	90	92	94	96	100	
1922	54	55	82	83	85	86	87	87	88	88	89	90	91	93	95	96	
1923	53	55	77	80	81	82	83	84	84	85	86	87	88	89	91	93	96	98	
1924	53	79	80	81	82	84	85	86	89	96	99	
1925	79	80	81	83	84	99	
1926	78	82	
1927	83	
1948	98	
1950	80	92	
1951	79	82	83	86	93	
1952	79	80	82	83	85	103	
1953	5	13	79	80	81	84	86	89	
1954	8	78	80	83	84	86	88	98	99	
1955	80	81	83	83	84	85	87	88	89	91	93	
1956	79	80	80	81	83	83	84	86	89	101	
1957	78	79	80	82	84	86	90	
1958	78	79	81	84	88	
1959	83	86	90	
1964	101	
1973	78	
1986	89	
1988	82	83	89	
1989	79	81	85	101	
1990	79	81	93	
1991	78	86	100	
1992	98	
1994	103	
1998	58	
1999	72	
2014	37	
2019	100	
2024	83	
2025	87	
2058	41	
2060	93	
2062	32	
2066	74	
2070	20	
2076	27	
2078	36	
2086	20	
2089	63	
2091	99	
2120	102	
2126	24	
2128	5	
2144	26	
2151	28	96	
2152	45	
2156	38	
2161	4	
2181	13	14	
2195	4	
2197	3	
2199	35	
2236	22	
2261	4	
2262	10	
