146	30	
183	17	
218	88	
219	87	88	90	91	95	
220	83	86	87	88	90	91	93	97	101	
221	86	87	89	91	92	94	96	
222	83	87	88	90	91	94	97	
223	88	92	
224	92	
225	92	
248	87	91	
249	87	90	92	
250	83	86	87	90	91	93	97	
251	86	87	90	91	92	95	97	
252	82	85	86	87	88	89	90	91	94	97	
253	81	82	84	85	86	87	89	90	91	93	96	98	
254	81	82	83	84	85	86	87	89	90	91	92	95	97	
255	10	77	79	80	81	82	83	84	85	86	87	88	89	91	94	97	
256	6	10	12	81	82	84	85	86	87	89	90	92	94	97	
257	13	16	81	82	86	87	88	89	90	91	95	97	100	
258	82	86	87	87	90	92	93	95	
259	16	86	87	90	91	95	
260	16	87	93	97	
281	55	86	87	89	90	94	98	
282	82	85	86	87	89	90	92	95	97	
283	81	82	83	85	86	86	87	89	90	91	94	97	
284	78	80	81	82	83	84	85	86	86	87	88	89	90	91	95	97	
285	47	77	79	81	82	83	83	85	86	86	88	88	89	91	95	98	
286	48	77	80	81	82	83	84	85	86	88	94	
287	46	47	77	78	79	81	82	83	84	86	89	94	
288	43	46	66	77	78	79	80	81	83	84	85	
289	8	12	13	43	46	77	78	79	81	82	84	85	93	
290	10	15	19	46	77	79	80	81	82	83	85	89	
291	7	9	12	78	79	79	80	81	82	83	85	86	87	89	90	94	
292	10	13	78	79	80	81	82	83	84	85	86	88	89	95	97	98	
293	7	10	80	81	82	84	85	86	86	87	88	89	90	92	93	96	100	
294	8	13	17	82	83	85	86	87	88	88	89	91	92	95	97	
295	16	86	87	88	90	91	95	
296	17	
312	57	
313	53	55	57	60	
314	47	49	50	56	
315	51	53	77	81	82	84	85	87	89	93	
316	46	77	79	80	81	82	83	84	85	86	88	89	91	96	
317	47	77	78	79	80	81	82	84	85	86	89	93	
318	16	78	79	80	81	82	84	85	88	95	
319	17	41	46	52	60	66	69	77	79	80	81	85	
320	16	18	18	19	28	39	42	44	45	46	47	49	50	52	56	57	58	59	61	64	70	77	78	79	80	83	101	
321	20	20	22	41	44	45	47	48	49	50	51	57	59	60	68	71	78	80	
322	19	20	21	27	38	43	43	45	46	47	49	50	56	57	58	60	66	69	72	79	
323	4	18	20	21	23	27	37	42	45	45	46	47	48	50	51	57	59	69	72	78	
324	4	20	21	22	26	28	37	42	44	45	46	47	48	48	49	57	59	69	72	79	
325	21	22	26	37	43	45	46	47	49	57	69	79	80	84	99	
326	6	9	20	45	46	47	48	66	68	73	79	80	83	
327	3	8	11	14	26	43	46	47	71	78	79	81	82	83	85	
328	10	12	13	78	79	80	81	84	85	86	89	
329	8	11	14	77	81	82	84	85	86	87	88	89	91	93	94	96	
330	15	16	82	85	86	87	88	90	91	93	96	
331	16	17	92	
346	56	57	
347	51	52	53	53	54	55	56	57	58	
348	34	49	50	52	54	85	87	89	91	95	
349	46	48	50	55	79	81	84	86	90	94	
350	16	37	41	47	51	78	78	79	80	81	83	
351	10	16	17	19	42	44	46	47	49	65	66	70	79	80	83	99	
352	9	11	13	14	16	18	19	67	70	79	83	
353	11	13	14	15	17	17	18	19	20	20	21	26	71	
354	15	17	19	20	21	23	23	24	26	50	71	73	
355	20	22	24	45	50	54	60	64	73	
356	22	23	23	24	25	26	50	52	54	56	59	62	
357	22	24	25	27	32	45	50	51	52	54	55	56	58	59	63	
358	21	23	23	25	26	29	37	43	45	47	49	50	51	54	56	58	60	70	
359	22	24	45	46	48	49	51	54	56	58	58	60	61	63	68	68	72	
360	20	22	24	26	44	45	46	48	49	50	51	54	56	57	58	59	60	73	79	
361	5	21	23	23	28	33	42	43	45	48	49	49	50	56	57	59	67	69	73	78	
362	5	13	27	43	44	45	46	47	47	48	49	50	72	79	84	
363	4	7	10	11	13	15	28	46	77	79	80	84	85	88	
364	8	9	11	12	13	14	15	16	78	78	79	80	82	84	85	86	88	89	91	94	98	
365	16	16	17	19	83	86	88	90	96	
366	18	21	
379	57	
380	52	56	60	
381	49	51	52	53	53	54	58	61	87	91	
382	49	51	53	55	81	83	84	86	87	89	91	95	
383	9	13	46	65	81	83	
384	12	14	16	17	19	19	20	45	51	62	63	69	71	73	
385	8	18	19	19	20	21	23	25	26	40	45	47	48	50	72	
386	11	12	13	15	19	20	22	25	26	44	68	71	
387	19	20	21	23	24	25	27	
388	23	24	
389	23	25	
390	75	
393	25	52	60	
394	24	52	53	55	57	58	60	
395	25	32	35	50	51	52	52	54	55	56	57	57	59	60	
396	30	36	42	44	45	46	47	48	49	50	51	51	53	56	59	
397	8	44	45	46	47	49	49	73	
398	3	6	9	11	12	14	14	48	79	80	83	
399	8	12	13	14	15	16	16	17	19	20	22	80	83	85	89	95	
400	17	18	19	21	
413	57	60	
414	50	52	53	53	55	90	
415	49	52	54	82	84	86	87	88	90	95	
416	9	13	65	78	79	80	82	84	100	
417	11	12	13	14	15	16	17	17	19	20	26	71	
418	15	18	19	20	21	22	24	25	28	30	
419	18	20	22	23	24	
420	23	24	
421	22	24	
429	52	55	56	57	58	60	
430	50	51	52	52	53	54	55	56	59	61	
431	44	45	46	47	48	49	50	53	
432	7	8	10	11	13	14	44	79	
433	7	11	12	15	16	18	19	20	24	80	
434	16	17	17	20	21	22	24	
446	57	
447	51	52	53	54	55	56	58	
448	47	49	50	52	54	85	86	90	93	94	
449	9	13	49	80	82	83	83	84	89	95	99	
450	7	11	12	13	14	15	16	16	19	69	80	
451	17	18	19	20	21	23	24	
452	22	25	
463	52	55	56	57	58	
464	51	52	52	53	54	55	56	58	62	
465	47	50	51	53	92	
466	4	8	9	10	
467	7	11	12	13	14	14	15	16	17	17	18	19	20	70	78	
468	18	20	21	22	23	24	26	
469	53	
470	53	54	
479	58	
480	55	56	57	62	
481	47	48	51	52	53	54	55	86	90	
482	9	49	54	81	82	84	85	87	88	98	99	
483	6	9	11	12	13	14	79	80	
484	13	14	15	16	17	17	18	19	20	25	
485	17	20	21	23	25	
496	56	
497	53	54	55	56	58	58	61	
498	50	51	52	54	55	87	90	91	
499	10	50	68	81	82	84	86	87	88	91	96	
500	3	7	8	10	11	12	14	14	16	18	
501	12	13	15	16	16	17	18	18	19	20	21	22	24	71	
502	22	23	
513	57	58	
514	51	52	53	54	55	56	57	58	60	
515	33	47	48	49	50	51	51	54	100	
516	9	44	45	46	49	80	82	83	
517	8	8	10	11	12	14	14	15	70	91	96	
518	13	15	16	18	19	20	22	25	91	
519	18	21	23	
522	59	
530	53	57	58	
531	51	52	53	54	55	55	59	87	88	90	91	94	98	
532	50	52	55	81	82	83	85	86	87	88	90	92	95	
533	6	9	14	16	42	80	82	84	
534	4	7	8	11	12	13	13	14	15	15	16	17	18	19	27	68	71	
535	15	16	17	18	18	19	20	20	21	22	24	25	
536	22	
548	35	52	52	54	55	56	57	57	58	61	64	
549	42	47	48	49	50	51	52	53	54	55	56	58	65	
550	9	44	45	46	47	48	49	
551	5	6	9	11	12	14	15	86	88	
552	8	11	12	15	16	17	20	25	82	87	90	92	96	
553	17	18	20	
554	51	52	
555	53	
563	58	60	87	
564	51	52	55	56	83	85	87	88	90	92	97	
565	52	53	55	81	82	84	85	86	87	89	91	95	
566	10	14	16	41	68	78	80	81	82	84	85	
567	7	10	11	12	13	14	15	16	17	17	19	19	21	41	71	80	83	
568	4	7	12	15	18	18	19	20	21	22	24	25	71	
569	21	22	23	25	
582	55	57	57	59	61	
583	35	36	50	51	52	52	53	54	55	56	57	58	59	62	
584	31	43	45	46	47	47	48	48	49	50	50	51	
585	4	9	10	12	14	44	46	46	48	
586	7	9	11	12	13	14	15	19	81	85	87	89	94	
587	13	15	16	20	22	82	86	87	88	90	91	93	96	99	
588	16	18	86	87	90	92	97	
589	87	91	
594	93	
595	88	91	
596	55	56	86	87	90	91	96	
597	54	55	83	85	86	87	88	89	91	94	97	
598	46	53	81	82	84	85	86	87	89	95	
599	11	16	18	28	77	79	80	81	83	83	84	
600	7	9	11	12	13	14	16	17	18	19	20	43	47	69	71	79	80	
601	3	12	15	17	18	19	20	21	22	23	24	70	
602	21	22	23	25	
608	7	7	8	
616	63	
617	52	53	55	55	56	57	58	60	62	
618	37	50	50	51	51	52	53	54	55	56	57	58	59	
619	5	30	42	44	45	46	47	48	48	49	50	
620	10	13	44	46	47	48	49	69	79	83	99	
621	7	10	12	14	46	79	80	81	83	84	85	86	88	101	
622	6	11	77	80	81	82	83	84	85	86	87	88	90	94	97	
623	12	17	82	84	86	86	87	89	90	94	96	
624	86	87	89	91	95	
625	86	87	90	92	95	
626	83	87	90	92	95	
627	83	87	88	90	91	93	96	
628	86	87	87	90	91	93	96	
629	82	83	85	86	87	88	89	90	92	94	96	
630	54	82	84	85	86	88	89	93	95	
631	46	55	67	78	79	81	82	84	85	86	88	93	
632	9	11	14	16	17	18	19	43	46	70	79	80	82	83	85	
633	6	9	11	13	13	14	15	17	18	18	19	20	24	27	44	70	78	
634	11	15	17	21	22	22	24	25	
635	1	4	21	23	24	25	
651	62	
652	51	52	53	54	55	56	57	60	61	
653	29	50	51	52	52	54	56	57	58	59	60	
654	25	29	33	42	45	47	48	49	50	50	51	57	58	68	74	
655	37	39	42	44	45	46	47	48	50	57	58	66	71	79	80	
656	8	11	14	28	43	44	46	47	48	48	49	69	78	78	79	81	83	84	
657	8	12	40	44	46	47	69	79	80	82	84	88	
658	13	14	38	78	81	82	83	83	85	86	88	90	94	99	
659	81	82	85	85	86	88	89	94	98	99	
660	81	82	83	84	85	86	87	88	89	91	93	96	99	
661	46	80	81	82	83	84	85	86	89	91	95	
662	17	42	80	81	82	83	84	85	86	89	99	
663	17	41	46	47	48	62	67	70	78	79	80	81	84	85	
664	13	16	17	19	39	44	46	49	70	78	78	79	80	81	83	85	
665	7	10	12	14	15	16	18	19	20	26	44	48	69	70	79	80	
666	12	15	17	18	19	20	21	22	23	26	29	70	
667	20	21	22	24	25	
668	23	25	
687	55	61	
688	50	52	53	55	60	74	
689	24	50	52	55	57	58	58	61	
690	23	24	28	50	52	54	56	57	58	59	61	71	74	
691	22	23	24	27	30	37	43	45	48	49	50	52	53	56	58	60	71	79	
692	22	43	44	45	47	47	49	50	51	54	56	57	69	79	
693	20	27	32	41	44	45	47	48	48	49	51	56	57	60	67	69	73	78	79	81	83	
694	17	18	19	41	44	45	46	47	49	56	70	77	78	79	80	84	99	
695	15	18	19	20	27	42	44	46	48	48	62	68	69	71	79	80	101	
696	11	14	16	19	20	21	27	44	61	68	71	78	79	81	83	
697	12	14	15	16	18	19	20	21	26	29	43	49	71	79	
698	11	15	19	21	22	23	23	24	65	71	
699	12	20	22	24	25	27	
700	4	22	24	73	
724	53	54	62	
725	52	55	
726	25	51	61	64	74	
727	22	23	25	31	45	51	
728	24	50	61	65	75	
729	15	21	23	24	25	27	29	45	78	
730	23	24	25	
731	21	23	24	
732	23	24	
764	75	
1161	65	
1163	54	
1164	73	
1167	95	
1176	17	
1177	7	9	
1188	88	
1198	16	
1221	66	
1247	68	
1274	72	
1275	18	
1276	33	
1281	32	
1284	9	
1285	61	
1293	65	
1301	33	
1305	71	
1309	46	
1313	67	69	
1317	19	
1319	9	
1320	15	
1334	58	
1341	20	45	47	58	65	
1342	47	
1343	46	46	
1344	41	66	
1345	42	
1346	46	
1347	18	83	
1358	87	
1365	45	
1368	22	
1369	22	
1371	37	67	
1372	17	
1373	42	71	
1374	18	18	36	41	46	58	67	
1375	16	19	22	46	50	56	67	
1376	18	18	20	43	43	46	48	49	57	59	66	72	
1377	21	41	46	47	49	72	75	
1378	42	44	46	47	49	59	66	70	
1379	47	49	
1380	28	47	58	
1381	47	69	
1382	27	
1383	13	
1401	37	
1403	17	46	
1404	17	38	43	46	70	
1405	17	19	22	26	31	46	50	70	
1406	20	22	24	40	44	47	49	67	71	
1407	9	15	17	20	42	45	47	65	68	73	
1408	12	15	16	18	18	19	21	39	47	61	67	71	
1409	16	17	19	20	21	23	24	27	41	45	48	50	58	61	71	
1410	17	18	19	21	22	25	26	32	41	44	47	50	52	54	56	58	60	63	67	70	
1411	20	21	23	24	25	26	28	38	43	44	47	48	48	50	51	52	55	56	58	59	71	
1412	22	25	31	41	44	47	48	49	50	51	54	57	62	68	73	
1413	23	25	41	44	45	46	47	49	50	52	54	57	59	67	69	
1414	21	27	28	41	45	47	48	48	49	53	57	58	72	
1415	21	31	38	44	46	47	50	56	70	
1416	38	45	46	47	50	55	
1417	46	50	
1419	27	
1426	64	70	
1434	24	30	
1436	19	40	44	
1437	16	17	19	20	28	38	41	67	68	
1438	15	16	17	19	21	24	38	48	53	72	
1439	14	16	18	18	20	21	23	44	47	50	61	63	66	69	
1440	15	17	19	20	21	24	44	45	47	49	62	68	71	
1441	12	15	18	20	21	23	24	44	51	62	72	
1442	6	15	18	20	21	22	23	24	27	
1443	20	21	24	25	65	92	
1444	24	52	55	61	75	
1445	24	52	55	59	62	
1446	24	30	50	51	52	53	55	58	59	61	
1447	24	28	50	51	53	55	57	58	59	62	73	
1448	22	23	30	43	45	48	49	50	51	53	55	57	58	59	
1449	22	24	26	39	45	46	47	49	50	51	57	60	65	73	
1450	23	27	38	44	46	47	48	49	50	54	59	68	
1451	26	44	46	48	48	50	73	
1452	43	46	48	49	52	73	
1453	43	
1466	25	
1468	29	
1469	10	14	18	
1470	12	14	15	16	18	
1471	13	14	16	17	18	19	20	22	23	74	
1472	14	17	18	20	21	22	24	45	65	73	
1473	15	20	21	22	23	25	56	75	
1474	22	23	25	
1475	25	87	88	91	
1476	25	73	87	89	91	92	95	97	
1477	82	83	86	87	88	89	89	91	94	96	
1478	86	87	88	89	90	91	93	95	
1479	82	85	86	87	88	88	89	90	91	93	95	97	
1480	87	89	90	92	93	96	
1481	16	55	87	88	90	91	92	97	
1482	55	58	61	73	88	91	92	
1483	51	52	54	55	57	59	62	88	92	
1484	25	28	50	51	52	54	55	57	58	60	74	
1485	32	41	45	46	47	48	48	49	51	54	56	58	60	70	82	
1486	44	46	47	48	48	50	54	59	72	
1487	45	48	50	
1488	67	
1502	19	
1503	10	
1504	6	8	9	10	11	13	13	14	15	16	19	70	
1505	7	12	14	15	16	17	17	19	20	21	22	26	70	
1506	21	23	25	92	
1507	87	88	90	91	92	96	
1508	55	59	86	87	90	91	93	96	
1509	55	82	85	86	87	90	92	93	96	98	
1510	77	81	82	83	84	85	86	88	90	92	97	
1511	78	79	81	81	82	84	85	87	91	94	
1512	59	77	78	80	81	82	83	84	85	87	89	90	95	
1513	8	78	79	80	81	81	83	83	84	85	88	89	94	
1514	10	12	13	78	80	81	82	83	84	85	86	88	89	92	97	
1515	78	81	82	82	85	86	87	88	88	90	92	94	
1516	9	82	85	86	87	89	90	96	98	
1517	11	83	85	86	87	89	90	91	93	95	101	
1518	16	55	57	57	60	61	85	86	87	89	90	91	92	94	96	
1519	17	31	35	50	51	52	53	54	55	56	57	58	60	75	93	
1520	45	47	48	49	50	51	52	55	58	60	
1521	43	45	46	47	48	49	52	53	
1522	44	
1523	50	
1536	9	14	
1537	9	11	13	15	17	19	71	
1538	7	11	12	13	14	15	16	16	18	18	19	20	22	57	70	
1539	20	21	22	24	92	
1540	8	82	85	86	87	88	89	90	93	94	97	
1541	55	80	81	82	84	85	86	87	89	90	92	95	
1542	53	80	81	82	84	86	87	88	90	95	99	
1543	77	78	79	81	83	83	85	87	89	
1544	78	79	80	82	85	88	
1545	79	84	86	
1546	79	80	86	89	
1547	79	80	85	97	
1548	79	80	82	84	88	
1549	13	78	79	80	82	84	85	92	99	
1550	14	78	79	80	82	83	84	86	88	95	
1551	9	11	15	78	79	81	82	84	85	88	88	95	99	
1552	6	10	11	12	14	15	77	81	82	84	85	86	88	89	96	
1553	16	18	34	52	56	57	61	85	87	89	90	95	
1554	17	50	51	51	52	53	54	55	56	57	58	65	74	
1555	43	45	47	48	49	50	51	53	54	64	
1556	47	49	
1568	13	
1570	10	13	14	16	19	
1571	7	11	12	14	15	16	17	18	18	19	21	24	26	56	58	71	
1572	5	20	22	24	47	52	
1573	23	52	54	85	86	87	88	89	91	94	
1574	77	79	80	81	82	83	84	85	87	89	
1575	79	80	81	83	84	85	88	98	
1576	77	79	80	81	82	84	86	96	
1577	79	
1578	79	
1579	80	84	
1580	81	83	99	
1582	82	88	
1583	79	
1584	79	82	85	89	
1585	11	20	79	84	96	
1586	6	8	10	12	14	79	81	84	89	
1587	6	11	12	13	13	14	15	16	18	20	55	57	59	62	78	79	80	83	85	96	
1588	17	18	19	20	47	48	50	51	52	53	54	55	56	58	58	60	
1589	45	47	49	50	51	
1590	49	
1602	31	
1603	10	14	16	
1604	7	10	11	12	13	14	16	17	19	21	26	56	69	
1605	18	19	20	22	46	48	51	53	56	58	
1606	23	47	49	52	54	83	87	89	92	
1607	80	81	83	83	84	86	90	
1608	78	80	81	84	98	
1609	78	81	86	
1610	78	84	
1611	85	
1619	12	14	16	19	87	
1620	9	11	14	16	19	
1621	6	10	11	12	15	16	17	19	20	24	56	58	60	69	
1622	17	18	21	22	46	47	48	50	51	52	54	56	60	
1623	45	48	49	51	53	82	90	
1625	76	
1635	12	
1637	7	9	10	12	13	15	16	18	57	
1638	6	12	14	15	16	17	18	19	21	26	53	56	58	58	71	
1639	18	21	21	23	24	47	49	50	51	54	56	61	
1640	48	50	53	82	84	87	90	98	
1641	49	78	81	87	
1642	88	
1644	59	
1648	27	58	
1649	94	
1651	22	89	103	
1653	11	17	17	
1654	5	7	9	11	12	13	15	16	17	19	20	22	24	56	57	72	
1655	8	12	18	18	19	20	21	23	25	52	55	56	57	59	70	
1656	21	22	25	47	49	50	51	53	54	56	60	88	91	
1657	48	51	54	56	60	82	84	86	88	96	
1658	86	
1659	59	
1663	83	83	84	
1669	9	
1670	10	13	26	
1671	8	9	11	12	14	14	17	21	57	67	
1672	12	13	15	16	17	18	19	20	22	23	26	53	55	56	58	59	60	
1673	18	32	43	45	47	48	49	50	51	52	54	
1674	45	46	49	50	51	79	85	
1675	48	49	
1677	100	
1682	66	82	
1683	60	
1686	11	16	19	25	
1687	5	9	10	12	13	15	16	17	19	21	46	69	
1688	6	10	12	14	14	15	17	18	19	20	21	23	24	26	56	57	61	69	
1689	2	21	22	24	27	53	55	57	59	92	
1690	23	50	51	54	62	85	86	87	89	91	93	96	
1691	80	82	84	91	95	
1697	66	89	
1701	20	
1704	8	14	
1705	6	9	10	11	13	15	
1706	12	16	18	18	19	21	52	53	55	55	56	56	57	59	61	88	92	97	
1707	17	20	22	31	43	47	48	50	51	54	55	56	59	
1708	32	42	45	46	47	48	49	50	55	56	58	
1709	32	46	48	73	
1712	97	
1713	50	
1714	51	
1715	46	
1718	20	42	
1719	7	9	13	16	18	41	69	
1720	10	14	16	18	19	22	25	27	72	
1721	7	11	13	13	15	17	18	19	20	21	25	27	57	69	73	
1722	22	23	24	54	60	
1723	19	52	54	55	57	58	86	87	89	91	96	
1724	53	56	79	80	81	83	84	85	86	88	92	
1725	79	82	88	
1728	17	
1738	9	13	
1739	8	10	11	14	
1740	6	11	11	12	14	15	17	18	57	61	80	86	90	
1741	16	20	21	51	52	53	54	55	56	57	58	58	60	87	90	91	92	96	
1742	18	31	34	39	48	49	50	51	53	53	56	57	60	
1743	42	44	48	49	51	57	57	60	71	
1744	45	46	48	49	66	71	
1745	43	46	57	
1746	22	27	50	
1748	9	58	
1749	17	46	
1750	13	16	47	66	71	
1751	17	18	27	42	47	
1752	11	15	16	19	21	26	40	68	71	
1753	10	12	13	15	16	18	18	19	21	25	45	71	
1754	14	15	17	19	20	21	22	24	57	
1755	23	23	24	24	52	88	92	
1756	52	53	55	60	83	86	87	89	90	91	94	95	
1757	77	80	81	82	84	85	86	88	88	90	94	
1758	53	55	79	80	82	85	88	
1759	89	
1762	14	15	15	
1764	7	
1765	7	
1772	15	
1773	9	14	
1774	6	8	10	12	14	17	80	85	90	95	98	
1775	13	15	16	19	63	78	79	80	82	84	85	87	88	90	94	97	98	
1776	16	20	51	52	53	55	59	62	88	91	92	96	
1777	18	25	32	50	51	55	57	58	60	
1778	24	32	43	44	45	47	49	50	51	54	56	57	59	62	72	
1779	24	31	43	45	47	48	49	52	58	59	67	69	
1780	42	45	46	47	48	49	52	56	
1781	19	40	45	46	48	48	58	62	65	71	
1782	16	18	21	43	45	46	48	51	57	71	
1783	11	16	19	24	26	46	69	
1784	17	18	20	26	28	43	46	48	48	67	71	
1785	12	14	17	19	20	22	43	65	71	
1786	11	13	15	17	20	21	23	24	26	45	71	
1787	15	22	24	25	
1788	24	54	58	87	90	91	95	
1789	55	82	85	86	87	89	90	94	
1790	55	77	80	80	81	82	84	85	87	89	96	100	
1791	78	79	81	84	96	
1792	82	85	
1795	63	
1799	2	2	3	
1807	16	
1808	9	81	85	
1809	8	10	12	14	79	81	84	87	88	91	95	
1810	12	13	15	78	80	81	82	84	86	89	91	96	
1811	16	86	87	89	90	91	95	97	
1812	18	19	53	54	61	87	88	90	91	93	95	
1813	16	25	51	55	91	92	
1814	25	29	29	52	60	63	74	
1815	23	24	50	59	65	71	
1816	19	21	23	23	25	27	31	34	44	51	59	63	
1817	20	22	24	50	61	65	71	
1818	12	15	22	24	
1819	22	24	88	92	
1820	53	81	90	92	96	
1821	25	55	83	83	86	87	89	90	92	94	96	
1822	53	77	82	85	87	89	90	93	99	
1823	77	79	80	81	83	84	86	90	95	98	
1824	78	80	85	
1825	79	87	
1834	73	
1843	5	12	81	
1844	12	77	79	81	84	88	95	
1845	8	8	12	80	81	83	84	86	87	89	93	
1846	10	77	80	81	82	83	84	85	87	88	90	98	
1847	6	10	12	13	78	82	85	86	88	89	91	96	
1848	16	87	89	90	91	93	96	
1849	87	90	92	96	
1850	74	87	89	91	93	95	97	
1851	86	87	89	90	92	94	95	
1852	87	88	90	91	93	95	97	
1853	83	85	86	89	90	95	
1854	81	82	84	86	88	88	90	96	
1855	77	78	80	81	82	83	85	86	89	
1856	78	79	81	84	86	89	98	100	
1857	79	85	
1865	99	
1874	12	
1875	70	
1876	1	
1878	84	93	
1879	78	80	84	91	95	
1880	78	79	81	83	
1881	12	79	82	84	87	96	
1882	13	78	80	81	84	85	88	89	92	95	
1883	81	82	85	86	88	90	
1884	78	81	82	85	86	88	88	90	
1885	80	81	82	85	87	89	100	
1886	80	81	82	83	85	86	89	
1887	79	81	83	84	86	89	95	
1888	78	79	80	84	95	
1889	79	85	
1890	79	83	
1892	85	
1894	5	45	48	
1913	84	
1915	80	
1916	80	84	
1917	79	81	84	89	101	
1918	79	80	82	84	95	
1919	79	81	83	89	
1920	78	79	81	90	96	98	
1921	79	82	88	
1922	80	83	
1923	87	
1943	100	
1948	94	
1951	85	101	
1953	86	90	
1954	86	88	
1960	30	
1969	1	
1982	90	
1983	28	
1986	61	89	
2007	9	
2022	93	
2027	13	
2032	41	
2033	75	
2052	60	
2058	39	
2062	72	
2064	17	
2067	40	
2084	23	62	
2087	15	
2091	7	
2096	7	
2121	101	
2125	90	
2144	33	
2180	27	
2181	6	
2204	99	
2208	10	
2214	20	
2226	10	
2259	8	
