16	68	69	71	
48	60	
84	79	81	
145	35	
152	91	
180	92	
181	92	
182	87	88	89	91	93	97	
183	16	83	85	86	87	89	90	93	96	
184	82	83	86	87	88	90	91	95	
185	82	86	87	88	89	90	92	94	97	
186	86	87	89	91	95	96	
187	87	89	91	
188	87	92	
212	92	
213	85	86	88	89	91	95	
214	83	86	87	88	89	91	92	95	
215	82	85	86	87	88	88	89	91	93	94	96	
216	77	80	81	82	84	85	86	87	89	90	92	93	95	
217	80	81	82	84	85	86	87	88	89	90	93	95	
218	76	78	79	80	81	82	84	85	85	87	88	89	92	93	95	
219	10	78	80	81	82	83	84	84	85	86	87	89	91	94	
220	11	78	79	80	81	83	84	85	85	86	87	88	89	90	92	93	96	
221	12	14	78	80	82	83	85	86	87	88	88	89	90	94	96	100	
222	78	81	82	85	86	87	88	90	92	94	97	
223	17	87	88	90	92	95	
224	17	93	
244	93	
245	85	86	88	90	92	97	
246	81	83	85	86	87	88	88	90	91	95	
247	77	81	82	84	85	86	87	89	90	93	95	
248	77	80	81	82	84	85	86	89	90	94	
249	76	77	78	79	80	81	82	83	84	85	87	95	
250	38	40	77	78	78	79	80	81	83	83	84	85	88	94	
251	17	36	46	77	78	79	80	82	83	
252	41	46	77	79	79	81	84	
253	10	77	79	80	81	84	
254	5	12	46	77	79	80	81	84	88	
255	8	10	13	13	19	76	77	79	80	81	82	83	84	90	93	
256	8	10	11	14	79	81	82	83	84	85	87	88	90	96	
257	7	10	12	14	16	18	77	78	80	81	82	84	85	86	87	88	89	91	94	97	
258	16	19	81	83	85	85	86	87	90	91	95	
259	16	87	
276	58	
277	53	87	93	97	
278	83	85	86	87	87	89	90	92	96	
279	53	80	81	83	84	85	86	87	89	90	92	94	97	
280	77	78	79	80	81	82	84	85	86	89	91	93	95	
281	47	56	58	76	77	78	79	80	82	83	84	88	
282	16	17	19	38	40	43	46	47	50	56	58	66	68	77	78	79	83	98	
283	17	18	18	19	21	27	32	39	41	44	46	49	56	57	69	79	80	
284	17	19	20	21	22	40	43	44	46	48	49	50	57	59	64	69	79	
285	18	19	20	21	22	27	38	41	43	44	47	49	51	56	58	58	64	66	68	72	78	
286	9	20	21	22	26	28	34	40	42	43	44	46	47	48	48	49	50	52	57	60	63	66	69	72	79	
287	7	20	21	22	25	26	27	28	34	40	42	44	44	45	46	47	48	48	49	51	56	58	58	66	70	73	78	
288	3	22	23	26	39	41	44	44	46	47	48	48	49	67	69	73	78	
289	5	13	22	27	30	39	42	43	44	46	47	47	49	70	79	
290	7	9	13	46	69	78	78	79	81	
291	7	9	11	14	77	79	80	81	82	84	85	89	94	
292	7	10	12	14	77	79	80	81	82	84	85	86	87	88	89	93	95	
293	13	17	19	80	82	84	85	86	87	88	88	90	93	93	96	
294	17	87	92	
309	56	
310	51	52	54	56	87	91	97	
311	49	51	55	56	81	83	84	86	87	88	88	89	90	93	95	
312	36	47	51	53	77	80	82	83	84	85	86	87	89	90	94	
313	41	75	77	78	79	80	82	83	84	
314	10	17	18	39	63	68	79	80	84	
315	7	10	12	14	15	16	17	17	18	19	20	28	38	40	43	68	72	79	
316	13	15	17	18	19	20	20	21	23	41	45	49	63	70	
317	12	15	20	21	22	24	26	45	53	58	65	70	
318	12	15	20	21	23	23	25	27	28	44	53	55	59	65	
319	20	22	24	25	53	55	61	
320	23	23	25	29	35	44	52	54	55	60	
321	23	24	44	49	51	53	54	55	57	58	58	61	
322	22	24	29	45	49	50	51	52	54	55	56	57	59	
323	23	23	25	32	33	41	43	43	44	45	46	47	48	48	49	50	51	53	56	57	59	70	74	
324	24	28	39	41	44	45	46	47	49	66	69	
325	27	40	44	46	48	79	
326	8	8	10	11	13	14	78	80	82	83	84	93	98	
327	9	10	12	13	13	14	15	19	78	78	80	81	83	83	85	86	88	89	92	95	
328	15	16	17	18	19	80	82	85	86	87	89	91	95	
329	17	18	22	87	
341	58	
342	57	
343	47	49	51	52	53	
344	48	49	51	52	78	82	85	87	89	92	94	
345	37	39	77	80	81	82	84	85	
346	10	16	18	41	48	67	77	79	80	84	85	
347	8	13	14	16	17	19	20	39	44	45	47	63	67	70	79	
348	10	12	13	14	15	16	18	18	19	20	21	24	44	65	68	70	79	
349	10	15	17	19	20	21	22	24	25	26	45	
350	21	22	23	24	25	
351	24	
352	24	
355	55	
356	35	52	53	53	54	55	56	57	60	74	
357	45	51	52	52	54	55	56	57	57	59	
358	31	41	44	45	47	48	48	49	50	51	52	53	54	56	57	58	61	
359	3	28	32	40	42	43	44	45	46	46	47	48	48	49	67	71	73	
360	5	10	29	44	46	78	
361	6	8	9	10	11	13	13	14	15	79	80	85	
362	6	8	11	12	14	15	16	18	21	78	80	82	84	85	87	88	90	95	
363	16	17	19	21	86	88	90	93	
364	17	
375	53	56	57	
376	51	52	54	55	56	60	
377	31	36	42	46	47	48	48	49	50	52	53	55	56	58	
378	9	30	41	43	43	45	47	67	70	80	84	98	
379	9	11	14	18	40	44	46	64	67	70	79	
380	7	11	13	14	15	17	19	19	20	44	47	63	70	
381	14	17	19	20	21	22	23	24	25	70	
382	5	20	22	23	23	25	27	
383	22	24	
391	53	55	57	
392	52	52	54	54	55	56	57	57	59	60	64	73	
393	33	45	47	48	49	49	50	50	51	52	53	54	59	
394	31	41	43	44	45	46	46	47	48	49	49	
395	2	8	10	11	14	44	70	
396	7	9	10	12	13	13	14	15	78	78	80	83	84	86	94	
397	12	15	16	19	78	79	81	82	83	85	87	89	93	93	96	99	
398	16	17	18	20	
410	35	52	54	55	58	62	
411	50	53	58	
412	44	45	50	64	
413	23	25	
414	22	24	25	
415	23	25	
424	87	92	
425	86	88	90	92	96	
426	53	54	55	57	87	91	
427	35	50	51	52	53	53	54	55	56	57	59	86	88	90	92	
428	45	47	49	50	51	
429	9	44	45	46	47	48	49	
430	6	9	10	12	14	93	
431	7	10	11	12	13	13	14	15	16	19	76	77	79	81	84	86	
432	12	16	17	17	18	19	20	23	84	
433	18	21	
447	73	
456	87	91	
457	86	87	90	92	95	
458	82	86	87	88	89	90	92	94	97	
459	78	80	82	83	85	85	86	87	89	90	92	94	97	
460	78	80	81	83	83	84	85	86	88	88	90	91	93	96	
461	51	52	53	55	57	78	80	82	83	84	85	86	86	87	89	91	95	
462	50	51	54	60	82	87	88	88	90	92	98	
463	48	50	
464	9	10	
465	2	5	6	7	9	10	11	12	12	13	14	15	16	17	79	88	96	
466	12	15	15	16	16	17	18	19	20	20	21	23	25	79	
467	18	21	22	
489	82	85	86	89	91	95	
490	81	83	84	85	86	87	89	90	92	94	97	
491	78	79	80	81	82	83	85	86	87	88	90	94	97	
492	77	79	80	81	82	83	84	85	89	90	95	
493	17	38	46	47	76	78	79	80	81	84	
494	10	40	46	76	77	79	80	81	84	
495	76	77	78	79	80	81	84	85	99	
496	52	54	55	60	76	77	79	80	82	84	85	87	90	95	
497	78	81	82	85	89	91	95	
498	9	11	13	
499	4	6	7	9	10	11	11	12	14	14	15	16	19	79	
500	13	15	16	16	17	18	19	19	20	21	22	24	
501	18	22	
520	56	
521	51	58	
522	47	49	51	53	87	88	90	94	
523	51	53	77	80	81	83	84	85	86	87	88	89	92	94	97	
524	38	78	79	81	82	84	85	86	87	89	95	
525	16	18	41	66	76	77	79	80	83	88	
526	12	14	16	17	18	19	20	27	42	44	46	48	48	52	56	57	58	63	63	68	69	73	78	80	84	
527	18	19	20	21	21	26	28	37	40	43	44	47	49	50	52	56	57	59	67	70	
528	20	21	23	28	30	41	43	44	45	46	47	48	48	49	50	67	70	
529	22	23	26	40	44	44	46	46	47	47	49	51	70	72	
530	27	43	49	72	79	
531	80	85	88	
532	8	10	11	16	18	66	
533	1	5	6	7	8	10	10	11	12	13	14	14	15	16	16	17	18	19	20	25	69	
534	1	13	15	17	18	18	19	20	20	21	24	26	
535	21	23	
553	56	
554	52	56	59	
555	46	47	49	50	51	52	54	55	87	92	
556	49	52	54	80	82	84	86	87	89	91	94	99	
557	8	48	67	76	78	79	80	81	82	84	85	89	96	
558	10	11	12	14	15	16	19	67	80	80	80	81	82	84	
559	7	10	12	13	13	15	15	16	16	17	18	18	19	20	26	44	70	
560	5	18	20	21	22	23	24	28	71	
561	22	23	25	50	52	53	54	55	56	57	61	
562	25	48	49	50	51	52	52	53	54	55	56	57	59	61	
563	44	45	46	47	48	49	50	50	52	54	61	
564	31	44	45	49	
565	9	13	80	83	
566	4	6	9	10	11	14	14	15	17	18	19	22	70	102	
567	4	7	11	12	13	13	14	15	16	17	18	19	19	20	21	22	23	25	26	69	
568	18	20	21	22	22	24	
569	23	
587	56	
588	46	48	50	52	52	53	54	55	56	59	
589	46	47	49	50	51	52	53	55	58	82	85	90	
590	45	49	79	80	82	84	86	90	94	
591	9	10	12	14	16	18	80	81	85	89	
592	7	10	11	12	13	14	14	15	16	17	17	18	19	20	23	28	69	
593	13	18	19	20	21	22	23	24	
594	22	25	
595	52	56	57	59	
596	50	51	52	52	53	54	55	56	60	87	90	92	
597	33	48	49	50	51	53	54	59	86	87	89	91	93	96	
598	87	91	
599	8	9	11	14	18	67	
600	6	8	9	11	12	13	13	14	15	15	16	17	17	18	19	20	24	26	73	
601	1	12	15	16	17	18	19	20	20	21	22	23	23	24	26	70	
602	22	25	
621	52	55	56	56	58	59	
622	42	46	47	48	49	50	51	52	52	53	54	55	61	
623	45	46	47	49	50	53	82	84	89	
624	8	45	48	79	81	84	86	94	
625	5	6	9	10	11	12	13	14	15	17	79	
626	7	11	12	15	16	17	18	19	20	21	24	
627	17	21	22	24	87	92	
628	86	87	92	
629	52	53	56	59	87	88	90	91	93	96	
630	51	52	54	58	59	82	85	86	87	88	89	90	92	94	98	98	
631	46	49	66	77	80	81	83	84	85	86	88	90	96	
632	8	16	18	30	40	43	81	85	
633	6	8	9	10	11	12	13	14	15	16	17	17	18	19	68	68	
634	11	12	13	15	16	17	18	19	19	20	21	21	22	23	24	25	27	
635	21	22	24	27	
655	52	52	55	56	57	58	61	
656	34	37	45	46	47	48	49	50	51	51	52	53	54	55	56	59	
657	42	43	45	45	46	46	47	48	48	49	50	
658	8	43	45	80	
659	4	6	8	10	12	14	14	
660	11	12	14	15	17	20	85	87	90	
661	81	83	84	85	86	87	88	90	92	94	96	
662	54	81	82	84	85	86	87	89	90	91	94	101	
663	77	79	80	81	83	83	84	85	86	87	89	90	94	96	
664	38	42	77	79	80	81	82	83	84	86	
665	9	14	16	16	17	18	20	39	43	48	67	69	78	78	80	81	
666	9	11	12	13	14	16	17	19	19	20	23	26	45	65	69	79	
667	10	12	14	15	15	16	18	18	19	20	21	24	25	26	43	69	
668	21	22	23	24	25	26	
669	22	
689	54	55	57	58	
690	50	51	52	52	53	53	54	55	55	56	56	58	59	60	
691	32	40	42	45	47	47	48	48	49	50	50	51	54	56	
692	27	32	39	42	43	43	44	45	46	46	47	47	49	49	68	70	75	
693	10	14	27	40	45	46	47	48	72	
694	7	11	21	37	80	84	
695	21	77	79	80	81	84	85	
696	16	19	39	43	77	78	78	79	80	81	83	84	86	88	98	
697	8	15	16	17	18	19	41	46	48	66	68	77	78	79	80	81	84	
698	9	10	12	14	15	16	17	19	20	20	39	44	65	66	68	78	80	
699	10	12	13	14	17	18	19	20	20	21	24	27	43	45	69	
700	5	12	18	21	22	23	24	25	26	73	73	
701	21	23	23	24	
724	52	53	54	55	61	
725	35	50	51	52	53	53	54	55	56	58	58	60	
726	35	40	43	45	47	48	49	50	51	54	56	59	62	63	
727	25	28	29	34	40	43	44	45	46	47	47	48	49	50	52	53	58	67	70	
728	14	20	23	25	39	41	43	44	45	46	47	48	52	59	63	66	71	78	
729	15	19	20	22	26	40	42	45	46	48	49	60	65	68	68	71	78	
730	11	14	16	19	20	21	22	39	43	45	46	62	65	67	
731	7	11	12	14	18	19	20	21	23	23	27	69	
732	6	13	13	15	19	20	21	22	24	25	28	45	
733	21	23	24	25	
759	55	
760	51	54	55	62	
761	34	50	53	54	55	61	
762	23	25	35	45	50	55	59	
763	21	24	25	65	
764	22	24	25	
765	23	23	24	
766	24	
1161	53	
1167	44	
1169	6	11	
1170	59	
1172	30	72	89	
1181	4	
1186	2	
1191	15	
1205	63	
1206	74	
1209	8	
1213	42	
1218	4	
1220	77	
1241	12	
1242	49	
1244	20	
1245	14	
1254	16	
1268	38	
1273	48	
1274	29	83	88	
1283	31	34	
1299	45	68	
1303	44	
1304	49	
1305	46	
1306	56	
1311	54	
1312	8	49	
1322	77	
1328	88	
1335	18	38	48	
1336	16	63	
1337	17	20	37	43	69	
1338	16	19	21	26	42	46	49	53	58	67	68	
1339	18	18	20	37	41	47	48	58	75	
1340	19	26	31	42	45	46	48	50	56	67	71	
1341	22	35	39	45	46	48	65	66	
1342	23	25	42	43	46	48	51	56	59	
1343	30	46	
1344	44	49	68	
1352	9	
1366	19	
1367	26	
1368	16	40	43	48	
1369	16	17	19	21	36	39	48	67	71	
1370	12	17	18	20	22	29	41	43	46	59	
1371	14	16	19	20	22	29	39	45	46	58	60	69	
1372	16	18	20	21	23	35	40	43	47	50	53	68	
1373	18	19	21	22	25	41	43	45	46	49	53	55	56	59	64	66	68	
1374	18	18	20	21	23	24	41	44	47	48	51	56	59	70	
1375	20	21	22	24	27	28	35	38	42	44	47	48	50	53	54	56	58	58	68	69	
1376	21	23	25	35	43	44	46	47	48	50	53	56	64	67	72	
1377	23	24	26	39	42	45	46	47	48	49	51	57	58	67	72	
1378	28	40	45	46	47	48	50	56	
1379	44	47	50	72	
1380	44	57	
1399	19	41	
1400	14	16	24	36	42	66	
1401	13	16	18	18	20	37	42	
1402	14	17	19	20	22	25	43	67	68	
1403	12	14	16	18	18	19	20	21	24	45	50	59	73	
1404	15	17	19	21	22	24	26	44	49	64	69	
1405	13	14	20	21	23	24	25	26	44	64	70	
1406	22	23	25	27	45	55	63	93	
1407	22	23	25	88	93	
1408	22	24	25	52	54	64	87	91	92	
1409	24	45	51	53	54	61	87	88	91	93	
1410	23	24	50	51	53	54	56	58	58	61	88	93	
1411	23	24	30	42	45	48	49	50	51	52	55	57	60	88	93	
1412	25	33	36	38	42	44	45	47	48	48	49	50	52	53	56	59	70	
1413	23	24	30	37	44	45	46	46	48	48	49	51	56	68	70	
1414	43	45	47	49	57	57	64	68	
1415	43	46	48	
1419	68	
1430	16	
1431	16	16	
1433	10	14	17	19	43	67	
1434	11	14	17	19	20	22	40	67	
1435	12	13	15	17	18	19	20	21	23	24	26	45	64	73	
1436	11	15	18	20	21	22	24	25	45	68	
1437	21	22	23	25	92	93	
1438	19	22	24	87	89	91	93	
1439	82	86	87	88	89	90	92	95	97	
1440	82	83	85	86	87	88	89	91	93	94	97	
1441	68	78	81	82	83	85	86	87	88	89	90	91	94	96	
1442	78	82	83	85	85	86	88	89	91	94	
1443	6	6	78	81	82	85	85	86	88	89	91	94	97	
1444	55	82	85	86	87	89	90	94	96	
1445	17	52	53	54	55	57	82	83	85	86	87	88	89	91	95	97	
1446	16	50	51	52	54	55	56	57	58	62	64	88	91	
1447	25	28	43	44	47	48	49	50	50	51	53	53	54	56	59	
1448	24	29	37	38	42	44	45	46	47	48	49	50	57	70	
1449	30	43	44	46	47	49	65	70	
1450	46	
1451	41	
1456	7	67	67	
1463	34	36	
1466	11	13	15	16	18	21	66	71	
1467	11	14	15	16	17	19	20	21	23	27	43	
1468	7	11	13	14	15	17	18	19	20	21	23	25	27	
1469	13	21	22	24	92	
1470	23	25	52	87	88	91	92	96	
1471	82	85	86	87	89	89	90	92	94	96	
1472	77	80	81	82	84	85	86	88	90	93	97	98	
1473	76	77	80	81	83	83	84	85	87	89	94	98	
1474	77	79	80	81	83	84	85	86	88	92	
1475	76	77	79	79	80	82	84	88	89	96	
1476	76	77	79	80	81	84	85	87	88	
1477	10	77	78	78	79	80	83	85	
1478	10	77	79	80	81	82	83	84	86	90	94	100	
1479	7	9	10	12	13	15	16	18	76	77	78	79	81	82	84	85	88	91	94	
1480	20	53	78	80	81	83	85	86	87	89	92	93	96	
1481	17	51	52	53	54	55	56	57	59	62	86	87	88	89	91	95	98	
1482	16	18	31	36	41	43	45	47	48	50	51	53	55	56	58	
1483	42	44	45	46	47	49	49	51	53	65	
1484	43	44	47	48	68	71	
1488	10	14	
1498	10	19	
1499	9	11	14	67	
1500	8	11	12	14	15	16	17	18	19	20	23	
1501	12	15	17	19	20	22	24	27	
1502	23	24	73	88	90	92	97	
1503	52	81	82	86	87	88	89	90	92	94	96	
1504	77	78	81	82	84	85	85	86	89	90	93	95	
1505	24	75	76	77	79	79	80	82	83	84	86	89	
1506	76	79	80	84	86	89	
1507	77	79	80	85	
1508	79	
1509	78	83	
1510	80	99	
1511	79	83	84	89	100	
1512	19	78	80	85	88	
1513	6	10	13	78	80	83	85	
1514	7	9	11	13	14	15	78	79	80	83	84	86	89	
1515	6	11	12	14	15	16	19	52	53	55	76	77	78	79	80	81	82	84	85	86	87	89	93	96	
1516	16	16	17	19	50	51	52	54	55	56	57	58	60	85	87	88	88	91	95	
1517	18	41	43	45	48	49	50	51	52	53	55	56	59	
1518	36	42	44	45	46	47	48	50	51	53	53	58	69	
1519	44	46	47	56	70	
1520	4	
1531	15	
1532	9	13	
1533	6	8	10	11	13	14	21	
1534	12	14	15	24	87	92	96	
1535	52	83	87	88	89	90	91	95	98	
1536	82	85	85	87	89	91	94	
1537	76	77	79	80	81	82	83	85	90	95	
1538	77	79	80	80	83	83	84	86	89	95	
1539	79	81	83	
1540	78	83	
1541	87	
1542	86	
1545	19	
1546	47	78	86	
1547	8	79	
1548	9	14	80	
1549	3	6	8	9	10	11	13	14	17	19	79	81	84	87	95	
1550	7	12	12	15	16	18	53	55	55	56	57	79	80	82	84	85	87	89	94	
1551	16	17	19	21	35	50	51	51	52	54	54	56	57	58	91	96	
1552	30	41	44	45	45	46	47	47	49	50	51	53	54	56	57	58	
1553	43	43	45	46	47	48	49	52	57	73	
1554	51	72	
1555	73	
1556	54	
1557	67	
1566	12	
1567	11	14	
1568	77	81	83	85	87	90	96	
1569	75	76	78	79	80	82	84	85	90	93	
1570	77	78	79	80	83	84	85	95	
1571	79	82	84	89	
1572	79	
1573	80	
1577	31	
1578	93	
1579	20	27	
1580	16	19	38	48	50	60	
1581	4	15	16	20	38	46	73	
1582	14	16	19	22	41	44	44	47	71	80	
1583	8	10	14	16	19	22	39	66	69	78	
1584	2	6	8	10	11	11	12	13	14	15	20	22	57	79	80	84	
1585	12	15	16	17	18	19	22	35	53	54	55	56	57	60	77	79	81	86	89	
1586	17	22	48	49	50	51	52	52	54	56	58	
1587	32	42	43	45	45	46	46	47	48	49	50	51	53	56	
1588	45	
1589	73	
1601	81	
1602	80	
1603	60	80	84	98	
1604	79	90	97	
1606	82	
1610	16	42	
1611	16	43	
1612	17	21	36	43	66	
1613	15	16	18	18	20	28	40	46	
1614	16	19	21	22	24	40	44	47	53	54	57	59	69	
1615	17	19	20	22	25	27	38	42	44	49	57	62	64	67	68	
1616	19	21	22	23	27	30	42	44	47	48	50	67	72	
1617	20	21	24	37	39	45	46	48	66	72	
1618	3	4	6	9	11	14	15	19	22	24	44	72	
1619	6	8	12	15	16	18	20	22	25	27	52	53	55	56	57	58	61	69	
1620	21	23	43	51	52	53	53	54	55	56	57	60	
1621	44	45	46	47	48	48	49	50	52	54	57	60	
1622	45	54	
1623	38	52	
1637	79	
1638	85	
1639	84	
1642	15	
1643	16	
1644	12	16	20	40	43	
1645	12	14	16	17	19	21	39	70	
1646	14	15	16	17	19	20	21	23	24	26	43	44	67	68	
1647	11	14	18	18	19	20	22	23	25	26	50	64	
1648	15	20	22	23	25	44	62	64	69	
1649	24	54	88	93	
1650	16	23	23	25	51	54	59	
1651	16	21	23	25	28	45	50	59	87	
1652	11	15	21	23	25	42	45	
1653	12	14	21	25	55	56	57	
1654	23	48	50	51	51	52	52	54	55	56	58	60	
1655	32	42	44	45	46	47	49	49	50	51	53	93	
1656	45	47	49	55	62	
1662	94	
1674	19	34	
1675	12	
1676	24	
1677	9	
1678	11	13	14	16	17	19	20	22	42	68	
1679	12	14	15	17	18	19	20	21	24	69	
1680	12	17	20	21	22	24	45	48	75	76	
1681	22	52	73	88	92	
1682	25	86	87	89	90	92	94	97	
1683	10	82	82	87	88	89	90	95	
1684	6	10	13	78	81	82	85	86	87	88	89	92	93	96	
1685	17	82	82	85	86	87	88	89	94	97	
1686	16	17	18	20	92	
1687	24	52	53	56	58	
1688	51	52	53	54	54	
1689	45	46	48	49	51	53	54	55	85	86	87	88	90	93	95	
1690	49	87	91	
1691	46	64	
1694	60	
1705	82	
1711	7	9	10	13	13	14	16	19	67	
1712	6	9	11	12	14	15	16	17	18	18	19	20	24	28	56	
1713	13	17	18	19	20	21	22	24	25	26	53	69	
1714	22	25	46	48	50	51	55	87	91	93	
1715	48	82	85	85	87	89	92	94	96	
1716	76	77	78	80	81	83	83	84	86	88	91	95	100	
1717	13	77	79	80	81	83	84	86	90	93	
1718	10	15	76	78	78	79	81	83	85	90	
1719	8	9	10	11	12	13	14	16	17	76	77	79	79	80	82	83	
1720	8	12	15	16	17	19	20	56	82	84	
1721	18	21	22	51	52	52	53	54	55	56	57	59	
1722	10	46	47	49	50	51	52	53	55	87	90	91	
1723	49	54	62	77	80	81	82	84	85	86	88	89	93	
1724	54	80	84	
1725	55	
1727	27	
1736	9	
1741	13	
1742	24	
1744	2	8	11	14	18	
1745	6	9	10	12	13	14	16	19	22	24	58	
1746	8	12	13	15	16	17	17	18	19	20	22	24	52	57	69	
1747	22	23	46	48	50	51	52	53	55	57	
1748	47	49	51	53	82	86	88	
1749	76	77	78	80	81	84	86	
1750	67	78	79	88	
1751	15	16	40	78	
1752	4	8	10	13	17	18	21	
1753	5	9	11	12	14	15	16	17	18	19	22	24	27	70	
1754	8	13	15	15	16	17	19	20	21	22	24	57	70	78	
1755	23	47	50	51	51	52	53	54	87	92	
1756	49	50	54	59	77	81	83	84	86	87	88	90	91	93	96	
1757	53	54	76	79	80	82	84	86	91	
1758	80	87	92	
1765	101	101	102	
1772	28	
1778	8	9	10	12	14	16	
1779	6	9	11	12	13	14	15	15	16	17	19	21	24	58	
1780	16	17	18	19	20	21	22	24	27	51	52	53	53	54	55	57	60	
1781	21	23	42	45	47	48	49	50	50	51	53	53	55	
1782	28	44	46	48	50	52	58	68	78	80	99	
1783	29	35	41	43	47	48	68	80	84	
1784	15	18	39	66	83	
1785	11	13	16	18	20	41	45	64	70	
1786	4	8	9	11	14	15	16	17	18	19	20	22	24	26	65	68	
1787	10	12	13	14	15	17	20	21	22	23	24	27	57	69	
1788	22	24	52	54	54	55	93	
1789	49	50	51	54	55	60	82	83	85	86	87	88	89	90	91	94	96	
1790	50	54	58	76	78	79	80	81	82	84	86	87	89	94	
1791	78	81	85	89	
1793	91	
1800	91	
1811	12	
1812	3	6	8	10	11	12	14	22	
1813	7	10	11	12	13	14	15	17	19	57	98	
1814	16	17	19	20	23	24	33	52	53	53	54	55	56	58	59	87	90	92	
1815	18	35	42	47	49	50	51	52	54	55	56	60	
1816	28	37	41	44	45	46	47	48	48	50	60	70	
1817	41	44	47	50	60	68	70	
1818	9	12	14	17	19	21	28	45	67	
1819	4	9	12	13	15	17	19	20	21	23	24	26	43	64	
1820	12	21	22	24	28	
1821	23	24	52	55	57	86	87	90	92	95	98	
1822	51	54	55	78	83	86	87	89	90	91	94	96	
1823	53	76	77	79	80	81	83	84	84	85	87	89	93	97	
1824	79	81	84	86	96	100	
1825	78	
1831	82	
1845	10	
1846	8	11	
1847	1	5	6	9	10	11	13	16	20	82	86	90	94	
1848	7	9	15	16	19	77	80	82	85	86	88	89	91	95	
1849	7	8	18	19	52	53	54	59	87	87	89	90	93	94	97	
1850	50	54	58	64	88	92	
1851	24	64	88	
1852	13	24	56	93	
1853	23	24	51	53	57	74	86	87	90	91	98	
1854	52	82	86	87	90	93	94	95	
1855	76	77	80	81	83	83	84	85	86	87	89	95	
1856	55	77	78	79	79	80	82	84	85	87	88	90	94	
1857	78	79	80	84	96	
1858	78	95	
1862	90	
1880	11	
1881	1	4	11	19	
1882	8	9	11	13	14	78	79	81	83	85	87	88	92	94	
1883	6	10	12	13	15	78	79	80	81	83	84	85	86	88	88	89	92	96	
1884	81	82	85	86	87	89	90	93	94	95	
1885	82	87	88	89	90	93	94	97	
1886	82	83	86	87	88	88	89	90	93	94	96	
1887	77	83	85	86	87	88	88	91	93	95	
1888	76	77	79	80	81	82	83	84	86	89	96	
1889	77	78	79	81	84	87	91	93	
1890	79	82	87	
1891	85	
1914	4	
1916	5	9	81	85	
1917	10	15	78	79	81	84	93	
1918	77	78	79	80	81	82	83	85	87	89	
1919	76	77	80	81	82	83	84	85	89	95	
1920	76	78	78	79	80	81	82	84	85	91	
1921	79	80	81	84	85	
1922	79	83	84	89	96	
1923	79	86	
1924	79	
1925	83	83	
1948	38	
1951	83	
1952	79	84	100	
1953	78	80	85	97	
1954	84	92	
1955	79	84	89	94	
1960	100	
1987	102	
1988	84	
2031	47	
2041	10	81	
2053	99	
2057	98	
2062	52	
2112	7	
2121	7	
2126	97	
2132	29	
2150	8	
2170	40	
2181	11	
2197	25	
2199	101	
2200	101	
2249	11	
2253	3	
2257	8	
2267	101	
