49	64	
84	80	81	
145	35	
252	93	
253	92	
254	88	
278	92	
279	87	88	91	
280	87	90	92	97	
281	87	88	90	92	95	
282	83	86	87	89	91	
283	83	86	87	88	89	91	93	97	
284	82	85	86	87	88	88	89	90	92	94	98	
285	83	86	87	88	88	89	91	94	98	
286	83	85	86	86	87	88	89	90	96	
287	83	86	87	89	90	96	
288	87	88	89	92	98	
289	85	86	87	88	90	96	
290	86	87	89	91	96	
291	87	88	90	92	
292	87	90	92	
310	88	
311	87	90	91	
312	83	86	86	87	89	90	91	96	
313	81	82	85	86	87	89	90	94	
314	81	82	84	85	86	87	88	89	96	
315	77	81	83	84	85	86	89	96	
316	8	77	80	81	83	84	85	86	89	95	99	
317	46	77	78	80	81	82	84	85	85	86	89	96	
318	77	78	80	81	82	83	83	84	85	85	86	88	89	95	
319	77	79	80	81	82	84	85	86	89	90	94	
320	12	47	77	78	78	80	80	82	84	85	94	
321	46	77	79	80	81	83	84	85	90	94	
322	46	78	80	81	83	84	85	
323	78	79	80	82	83	84	89	95	
324	7	11	46	80	82	84	85	86	89	94	
325	14	46	80	82	84	85	86	89	95	
326	82	84	85	86	87	89	90	95	
327	16	19	86	87	88	90	91	93	96	
328	87	92	
342	57	
343	51	56	
344	46	51	86	93	
345	46	77	78	81	84	85	86	88	90	94	99	
346	78	79	80	81	82	84	85	86	87	88	94	
347	16	33	41	46	77	79	80	81	84	85	89	94	99	
348	11	16	17	41	46	56	58	69	76	78	78	80	81	84	
349	18	18	29	43	44	46	48	49	53	56	57	58	59	70	77	78	80	84	
350	19	32	45	47	48	49	50	70	76	78	79	81	
351	43	45	46	47	47	49	50	51	53	66	69	77	79	80	83	
352	11	43	46	48	77	79	81	84	99	
353	16	17	19	68	76	78	79	84	
354	17	17	18	18	19	20	26	43	45	58	69	72	79	83	
355	15	19	20	22	26	36	45	48	50	57	59	62	69	78	80	
356	19	20	21	26	43	50	51	54	56	58	59	71	79	
357	20	21	28	44	45	47	48	50	51	57	69	73	79	
358	21	28	36	44	47	49	50	56	57	58	67	70	78	80	
359	6	44	46	46	47	49	67	72	78	79	83	
360	8	10	12	14	46	46	48	77	79	81	83	85	
361	7	10	12	14	78	79	81	82	83	84	86	89	94	
362	17	81	83	85	86	87	88	89	91	97	
363	16	18	87	90	
376	57	59	
377	51	52	53	54	56	57	58	59	62	
378	31	39	45	47	48	49	50	51	56	70	79	84	
379	40	43	45	46	47	49	56	59	70	79	83	
380	18	19	20	43	43	45	46	47	49	61	66	68	71	77	79	80	
381	8	13	14	17	18	19	20	42	59	67	70	73	79	
382	17	19	20	21	50	59	65	72	
383	19	21	22	24	26	51	53	55	57	60	62	65	71	
384	22	24	27	50	52	53	54	55	55	56	58	59	61	66	
385	31	46	47	49	50	50	54	74	
386	9	10	13	44	48	
387	7	12	14	15	16	18	19	23	25	28	
388	16	17	20	21	22	23	24	
389	21	22	23	24	73	
390	22	24	
391	23	25	55	61	63	
392	23	24	25	52	55	56	57	58	60	61	
393	25	50	51	51	52	53	54	56	59	
394	9	27	43	45	46	47	48	48	49	50	51	71	
395	6	9	11	13	13	15	28	45	46	47	48	49	68	79	80	84	99	
396	7	10	12	14	15	76	77	80	81	84	86	91	96	
397	16	17	19	21	78	80	84	87	90	95	
411	53	54	59	
412	52	55	60	65	
413	23	50	59	63	72	
414	9	21	24	25	
415	21	22	23	24	25	
416	21	22	23	24	
417	57	58	
418	51	52	53	53	54	55	56	57	59	61	
419	47	50	51	51	53	54	
420	9	11	14	45	47	48	49	50	
421	7	11	12	13	14	15	19	23	
422	16	17	19	20	21	25	88	
423	23	
427	52	53	54	55	57	58	60	
428	50	51	52	54	56	58	59	
429	46	47	48	49	50	51	
430	7	9	11	12	14	15	45	80	83	
431	1	7	12	13	14	15	16	20	77	80	82	83	85	86	88	88	94	
432	16	17	18	18	20	85	89	
448	25	
449	25	
451	58	
452	34	36	51	52	53	54	55	56	57	58	59	60	62	
453	47	48	50	51	51	52	53	54	56	
454	9	13	45	45	46	47	48	49	50	72	
455	7	8	10	11	12	14	15	15	18	44	79	
456	12	15	16	17	18	20	22	81	83	85	86	90	96	
457	17	22	
461	53	57	61	
462	51	52	54	55	56	57	59	61	
463	47	48	49	50	50	51	53	54	58	
464	5	9	11	47	49	50	
465	7	9	11	12	13	14	15	16	18	76	78	78	80	85	95	98	
466	16	17	17	19	19	20	22	78	80	98	
468	46	47	47	
486	55	57	57	59	61	
487	50	51	51	52	53	53	54	54	55	56	57	58	59	
488	30	45	45	47	48	49	49	50	51	69	
489	3	7	8	10	11	13	14	44	45	46	47	48	49	71	78	
490	11	12	14	15	19	77	79	80	85	89	94	
491	16	17	20	22	78	81	85	87	89	91	
492	18	88	
495	57	62	
496	34	51	52	52	54	55	56	57	59	61	
497	47	49	50	51	52	53	54	55	58	87	91	
498	8	10	48	49	87	
499	5	7	9	10	11	12	12	14	14	15	16	18	
500	13	15	16	16	17	17	18	19	19	20	21	22	25	
501	21	23	
521	35	52	54	55	57	59	61	
522	33	47	50	51	52	53	53	54	55	56	57	58	59	61	63	
523	4	9	43	45	46	47	48	48	49	50	51	67	70	
524	6	9	11	12	13	14	15	25	45	46	46	48	79	
525	8	12	15	16	18	20	77	80	82	83	85	86	89	91	96	
526	17	20	78	82	86	87	89	91	94	98	
527	90	
529	56	57	63	
530	52	52	53	54	55	56	58	59	62	88	92	
531	49	50	51	52	53	54	55	82	85	86	87	89	92	95	
532	9	11	82	84	86	91	94	
533	5	6	7	9	10	11	12	13	14	15	15	16	19	80	98	
534	13	15	16	17	17	18	19	19	20	21	24	98	
535	18	20	21	22	
556	52	53	55	55	56	57	58	58	60	61	
557	48	50	51	52	54	55	56	57	59	
558	10	43	44	45	46	47	48	48	49	50	54	71	
559	8	8	10	12	14	45	46	47	70	78	78	80	
560	11	13	14	15	77	78	79	81	83	83	85	86	88	91	94	
561	17	77	81	83	84	85	86	87	88	90	91	94	98	
562	83	85	86	87	88	88	90	91	94	97	
563	57	83	85	86	87	89	90	92	94	
564	51	52	53	53	55	60	82	83	85	86	87	89	91	96	
565	51	54	80	81	82	84	85	86	88	90	
566	8	10	13	14	18	82	84	
567	6	9	11	11	12	13	14	14	15	16	16	17	19	19	20	72	
568	17	18	18	19	20	20	21	22	23	25	
569	21	23	
590	53	55	62	
591	52	54	55	56	57	58	58	60	61	
592	5	32	50	51	52	53	53	54	56	56	57	59	61	
593	29	42	44	45	47	48	49	50	51	56	72	
594	8	10	41	44	45	46	47	47	48	49	50	69	79	
595	11	13	46	47	77	77	79	80	81	84	85	93	
596	79	80	81	83	84	85	86	89	94	
597	76	78	80	81	82	84	85	86	88	89	96	
598	46	47	48	53	53	68	79	80	82	83	84	85	86	88	95	
599	10	13	17	44	46	77	78	80	81	84	
600	6	10	11	13	14	15	16	17	18	19	19	27	41	45	70	
601	8	11	12	14	15	16	17	18	18	19	20	20	21	23	23	24	27	70	
602	19	20	21	22	23	25	
603	22	
608	6	6	8	
625	62	
626	53	54	55	56	57	58	58	60	62	
627	31	50	51	52	54	55	56	57	58	59	
628	24	40	44	45	47	48	48	49	50	51	53	53	56	58	59	64	72	
629	19	27	38	43	44	45	46	47	49	49	50	56	57	66	69	71	79	
630	19	20	26	42	44	45	46	48	49	49	51	56	57	59	68	69	71	77	78	79	81	
631	18	18	19	20	41	44	45	49	50	55	56	58	65	68	70	76	79	84	
632	9	16	18	19	20	21	26	41	44	45	46	48	49	50	58	70	72	79	80	
633	10	12	13	15	17	18	19	20	24	27	42	43	45	47	48	65	69	71	78	
634	7	10	11	12	13	15	17	19	20	20	21	22	23	24	27	68	71	
635	21	22	23	23	25	
636	22	
647	28	
660	63	
661	55	60	63	
662	24	53	55	60	
663	5	24	54	60	74	
664	22	23	25	50	54	58	63	
665	22	24	25	26	54	73	
666	20	22	23	24	26	55	64	
667	15	21	23	23	24	25	
668	15	22	23	25	
669	24	
1164	42	
1172	69	
1173	28	
1193	4	
1206	86	
1209	81	
1218	81	
1240	82	
1267	36	
1274	86	
1278	12	21	80	
1281	52	
1283	60	
1295	58	
1308	72	
1318	18	
1332	54	
1334	41	
1362	16	
1379	50	
1384	68	
1390	7	
1402	44	46	63	
1403	46	
1406	46	
1407	22	42	
1408	41	46	48	60	
1410	45	46	
1411	26	46	
1412	39	
1413	48	49	58	
1414	29	
1415	60	
1416	53	
1417	26	
1418	43	
1421	52	
1432	20	46	
1433	14	45	
1434	19	28	
1435	18	40	44	47	49	
1436	22	40	46	58	70	
1437	17	20	46	48	53	57	59	
1438	17	19	24	41	44	46	47	48	56	70	
1439	17	19	40	45	47	53	54	57	60	71	
1440	19	21	26	39	44	46	48	48	50	57	61	72	
1441	19	21	40	44	47	51	56	58	60	66	69	
1442	22	37	43	44	46	48	48	50	56	67	71	
1443	22	23	45	46	48	49	54	56	62	64	72	
1444	30	43	43	46	56	58	71	
1445	42	47	48	50	54	57	59	66	69	
1446	45	46	47	48	50	57	
1447	43	46	47	49	69	
1448	27	45	47	
1449	46	50	69	
1451	76	
1457	69	
1465	16	
1466	17	19	
1467	16	18	20	44	46	
1468	16	19	23	40	44	46	51	71	
1469	16	18	19	20	22	45	47	48	57	61	68	68	
1470	17	18	20	22	23	43	50	54	60	72	
1471	19	21	23	44	50	59	69	74	
1472	16	18	19	21	23	26	64	
1473	16	18	20	21	24	45	54	57	59	62	64	70	
1474	20	22	45	50	54	58	60	68	
1475	20	21	23	23	25	45	49	51	54	57	59	61	70	
1476	21	23	25	32	45	49	51	53	54	58	59	72	
1477	24	50	61	64	92	
1478	22	24	52	54	60	
1479	22	24	28	28	55	58	60	92	
1480	22	24	29	50	52	54	58	60	
1481	22	24	32	43	51	53	55	56	57	60	65	
1482	42	45	47	49	51	57	60	70	
1483	27	44	46	47	49	51	55	72	
1484	43	48	58	
1485	48	
1499	12	
1500	12	14	16	18	19	21	23	
1501	15	17	18	19	20	21	24	72	73	
1502	14	20	22	24	27	
1503	21	22	24	92	
1504	23	25	87	88	90	91	
1505	24	86	87	90	93	98	
1506	13	23	73	83	86	88	89	90	
1507	16	23	25	86	87	88	89	92	96	
1508	24	25	
1509	25	46	86	89	
1510	25	55	83	85	86	88	90	92	94	
1511	83	85	86	87	88	90	96	
1512	86	88	89	91	96	
1513	83	86	87	89	90	95	
1514	83	87	89	92	93	97	
1515	24	87	89	91	95	
1516	17	25	29	51	52	53	55	56	57	60	62	64	88	93	
1517	29	41	50	52	54	59	61	
1518	44	45	46	47	49	51	53	56	73	
1519	45	46	48	49	54	56	68	
1520	73	
1521	68	
1522	61	
1524	30	
1532	12	12	
1533	10	12	14	21	
1534	7	11	13	14	15	16	23	
1535	12	23	24	88	89	90	93	96	
1536	23	24	73	86	87	89	91	95	
1537	82	85	86	87	89	90	95	
1538	80	82	83	85	86	90	96	
1539	77	80	81	83	84	85	90	
1540	7	10	13	15	77	80	81	84	87	91	98	
1541	8	12	15	16	17	57	58	77	78	79	80	82	83	84	86	90	
1542	16	17	52	53	54	56	57	62	82	97	
1543	46	47	49	51	100	
1544	48	50	77	80	81	84	
1545	76	77	79	81	84	85	96	
1546	79	80	81	84	87	93	
1547	77	79	80	83	84	86	
1548	8	12	14	78	80	81	84	87	88	
1549	10	12	13	15	77	80	81	84	85	88	92	
1550	17	82	87	89	91	97	
1551	16	17	35	51	52	54	55	56	57	58	58	60	65	92	
1552	45	47	51	52	53	57	68	
1553	44	46	47	48	48	49	50	53	
1554	63	
1555	49	
1567	11	13	19	
1568	7	10	88	89	98	
1569	76	77	81	84	86	90	
1570	77	79	80	81	84	85	87	88	94	
1571	77	79	80	80	82	83	85	94	100	
1572	77	78	80	82	84	89	
1573	79	81	89	
1574	7	10	14	78	81	83	98	
1575	5	7	11	12	15	19	57	58	62	79	88	
1576	16	16	17	20	21	23	53	55	56	57	60	79	81	91	97	
1577	46	47	48	49	50	51	54	55	57	58	63	
1578	44	45	46	49	52	78	84	
1579	48	79	
1580	79	
1581	79	
1582	13	13	81	83	
1583	9	15	16	80	85	89	
1584	6	6	10	11	13	13	15	79	80	83	85	90	
1585	8	17	20	57	58	60	77	80	82	85	88	91	
1586	17	17	22	33	51	52	55	56	57	59	62	
1587	44	45	46	47	47	50	50	52	53	56	
1588	45	47	48	52	53	72	
1589	68	
1602	80	85	
1603	80	84	
1604	36	78	80	82	84	91	
1605	79	81	
1606	79	
1607	15	79	
1608	6	8	14	
1609	5	6	10	11	12	13	14	15	16	18	20	83	
1610	16	17	19	21	22	23	52	53	56	57	58	58	60	62	79	88	
1611	22	32	43	50	51	51	52	53	54	56	57	60	
1612	45	46	47	48	50	51	55	56	72	
1613	45	47	49	54	72	
1614	83	
1616	102	
1618	7	8	11	15	78	
1619	6	12	13	14	15	16	17	17	19	24	57	63	78	79	84	88	99	
1620	17	17	20	21	52	55	55	56	57	58	59	61	
1621	21	33	45	46	47	48	50	51	53	53	54	59	61	73	
1622	45	46	47	48	50	55	
1626	65	
1637	37	
1639	93	93	
1641	28	
1642	12	15	
1643	7	9	10	12	13	14	18	85	
1644	8	12	20	23	57	62	78	79	82	85	86	89	92	93	
1645	16	18	20	20	55	56	57	58	58	60	82	86	87	89	90	96	
1646	42	45	48	50	52	53	53	54	56	61	
1647	45	46	47	49	50	52	71	
1648	45	46	48	72	
1649	49	
1650	66	78	
1651	13	16	
1652	8	8	10	13	16	
1653	4	6	10	11	12	14	15	16	17	18	18	20	25	
1654	13	16	17	18	20	21	23	28	52	53	56	57	59	60	62	
1655	22	23	32	46	47	48	50	50	51	52	54	54	55	57	59	
1656	38	46	49	51	54	58	
1657	38	39	40	64	
1673	93	
1676	4	
1677	11	15	
1678	7	8	10	11	13	13	15	21	79	86	91	
1679	15	17	19	52	57	61	76	77	79	81	83	83	84	86	89	94	
1680	15	17	20	51	52	53	53	54	56	57	58	58	60	88	90	
1681	30	36	42	46	47	49	49	50	53	54	57	60	72	
1682	44	47	48	48	50	71	
1683	38	44	46	48	50	56	72	
1684	47	
1685	43	
1686	6	6	10	12	13	14	17	19	24	71	
1687	8	10	11	12	14	15	16	17	18	19	20	21	26	57	58	
1688	20	21	21	23	23	24	26	55	55	56	57	59	60	
1689	33	48	50	51	52	53	54	55	57	
1690	48	49	54	63	
1691	55	
1695	44	
1697	88	89	89	90	
1702	12	
1704	12	
1705	90	
1709	23	
1711	2	
1712	5	10	14	16	78	83	
1713	7	9	11	12	14	15	79	87	89	94	
1714	18	20	53	60	62	78	81	83	85	86	90	92	94	
1715	17	30	52	53	54	55	56	57	59	61	87	91	
1716	45	47	50	51	53	54	56	58	58	62	66	73	
1717	24	26	41	43	45	47	48	48	49	51	57	72	
1718	14	19	23	39	45	46	47	50	67	70	
1719	10	14	16	30	44	46	49	67	73	
1720	7	9	11	12	13	14	15	16	18	19	19	21	23	43	
1721	12	15	17	18	19	20	20	21	24	26	57	
1722	3	22	23	34	52	54	55	55	56	58	60	92	
1723	49	50	51	52	53	54	55	57	58	63	85	87	88	89	90	93	95	
1724	49	51	83	86	90	
1730	67	
1747	5	6	8	11	15	78	86	
1748	6	10	11	13	14	15	17	53	77	79	81	84	86	89	
1749	8	13	18	61	77	77	79	81	82	84	86	87	88	92	94	
1750	16	18	18	23	53	55	57	62	87	91	
1751	23	28	51	53	55	59	93	
1752	20	24	50	59	92	
1753	9	13	14	20	22	24	26	44	72	93	
1754	12	14	15	19	20	21	22	24	25	26	91	
1755	22	23	24	53	74	87	91	
1756	51	52	54	55	58	86	87	89	90	91	93	96	
1757	53	53	58	77	78	80	81	83	83	84	85	87	89	91	
1758	82	85	90	
1763	64	
1769	84	
1771	8	
1772	22	
1777	39	
1779	45	
1781	10	20	
1782	8	11	13	81	90	
1783	10	11	14	15	77	78	81	85	
1784	7	12	78	81	82	83	85	86	88	90	93	99	
1785	78	82	82	86	87	89	90	91	96	
1786	74	85	86	87	88	89	90	95	98	
1787	83	86	87	89	90	91	95	
1788	74	87	88	89	90	91	93	94	96	
1789	78	81	82	85	86	87	88	89	90	93	96	
1790	54	77	78	80	81	82	83	84	85	86	87	88	90	97	
1791	55	78	79	80	82	84	89	
1792	79	88	
1813	97	
1814	81	
1817	5	7	8	14	
1818	10	15	78	79	81	84	87	89	
1819	76	77	78	79	81	83	84	86	88	97	
1820	77	77	80	84	85	87	89	95	
1821	76	77	79	80	81	84	86	88	
1822	75	76	77	80	82	84	85	87	89	
1823	76	77	79	79	80	82	83	84	86	88	96	
1824	76	79	80	84	87	89	
1825	80	85	89	
1826	87	
1839	20	
1844	77	
1853	79	82	
1854	79	82	83	
1855	78	80	83	
1856	79	84	
1857	79	
1858	79	84	
1890	94	
1907	56	
1909	5	
1921	95	
1927	85	
1929	27	
1930	28	
1944	48	94	
1948	3	
1956	44	
1959	8	63	
1961	26	
1964	11	92	96	
1983	13	
1987	8	
2005	4	
2007	12	
2014	69	
2028	66	
2029	21	
2030	20	
2045	4	
2063	89	
2092	62	
2116	12	
2143	97	
2147	13	
2149	10	
2159	41	
2168	23	
2179	32	
2180	32	
2199	34	
2216	8	
2255	10	
2256	9	
