111	36	
147	47	
148	48	50	
184	92	
185	87	89	91	93	95	97	
186	86	88	91	93	95	
187	87	90	92	95	97	
188	87	88	90	91	92	97	
189	88	91	92	96	
190	16	88	90	93	
191	17	
216	93	
217	87	90	91	92	94	98	
218	83	85	86	87	88	89	90	92	95	97	98	
219	82	84	85	86	87	88	89	90	91	95	98	
220	81	82	84	85	86	87	88	89	90	91	92	95	98	98	102	102	
221	81	83	84	85	86	87	88	88	89	90	91	93	95	98	
222	8	78	81	82	85	86	86	88	89	90	92	94	96	
223	11	14	82	85	86	87	88	89	90	91	93	94	96	99	
224	7	11	17	18	82	86	88	89	90	92	95	97	98	
225	16	18	87	91	93	95	
248	58	
249	57	91	93	95	
250	54	83	86	87	88	89	90	91	95	97	
251	78	81	83	85	86	87	88	89	90	92	94	95	
252	80	81	82	84	85	86	87	89	91	94	96	
253	16	46	46	48	56	77	78	80	81	82	83	84	85	86	89	93	
254	17	18	39	43	46	46	47	77	79	80	81	82	83	84	86	89	90	94	
255	18	36	46	46	47	49	69	77	79	80	81	82	84	85	89	94	
256	10	46	47	48	69	79	81	82	84	85	86	89	99	
257	8	11	15	45	46	47	68	78	79	80	81	82	83	84	85	86	89	99	
258	10	12	14	46	78	79	81	82	84	85	85	86	89	90	91	
259	8	11	13	15	16	18	81	82	85	86	87	88	90	91	95	98	98	
260	16	18	19	87	91	97	
281	57	
282	53	56	87	89	91	96	
283	53	82	83	85	86	87	88	89	91	92	95	99	
284	77	79	80	82	83	84	85	85	86	87	89	90	91	93	95	100	
285	16	18	43	47	50	67	77	79	81	82	84	85	86	88	90	94	98	
286	16	17	18	19	58	60	62	71	78	79	80	81	83	85	88	
287	17	17	19	19	20	28	32	43	49	51	52	56	59	61	67	69	72	79	80	84	
288	18	20	21	22	23	27	28	35	43	45	48	48	49	50	51	55	57	59	60	61	66	69	72	79	81	83	
289	19	20	21	22	23	26	43	45	47	49	51	52	54	56	58	58	60	61	67	68	71	73	78	83	
290	20	21	22	28	34	44	45	49	50	51	53	55	56	57	57	59	60	68	70	72	78	80	
291	5	20	21	23	24	28	41	44	45	47	48	49	49	50	51	52	54	59	66	70	79	
292	5	9	11	14	21	45	46	46	47	48	48	49	50	66	71	78	79	81	84	
293	6	9	10	11	12	13	15	19	44	78	80	81	83	85	86	89	94	
294	7	12	15	22	80	82	85	86	87	89	90	92	93	96	
295	16	17	18	19	87	91	97	
313	57	
314	53	55	57	62	92	
315	51	54	86	87	89	91	92	94	97	
316	51	53	81	82	84	85	86	87	88	89	91	92	94	97	100	
317	53	77	80	81	82	84	85	86	87	88	90	95	99	
318	10	16	17	19	41	46	66	78	79	81	82	84	85	
319	6	9	11	13	13	14	15	16	17	18	18	19	21	42	45	69	71	79	
320	7	12	15	16	18	18	19	20	20	21	24	27	29	45	69	72	80	
321	20	21	22	23	24	25	28	73	
322	21	22	23	23	25	52	74	
323	22	24	61	
324	23	24	25	52	55	57	60	62	
325	23	25	51	52	53	54	54	55	56	56	57	58	59	60	73	
326	4	47	49	50	51	52	53	58	74	
327	6	8	10	14	44	45	46	47	48	49	78	83	
328	6	9	10	11	12	14	15	16	78	80	82	84	85	86	88	88	90	95	98	
329	13	16	17	18	19	81	85	87	88	89	91	94	97	
330	16	17	18	19	
346	57	
347	52	54	56	88	92	97	
348	52	53	55	85	86	87	89	90	91	94	97	
349	54	80	82	84	85	86	87	88	90	91	95	
350	46	50	53	79	80	81	83	83	85	86	88	
351	6	8	10	12	13	14	16	17	19	42	44	69	78	80	81	84	
352	9	11	12	14	15	16	17	18	19	19	20	21	27	70	72	
353	13	15	18	18	19	20	21	22	23	23	25	26	44	71	
354	21	22	23	25	
355	22	
359	52	55	57	58	59	60	62	63	
360	50	51	51	52	53	53	54	55	56	59	61	65	
361	8	13	49	50	51	
362	6	9	10	11	14	15	49	79	81	84	100	
363	6	12	13	14	15	16	19	20	78	81	83	84	85	87	89	92	93	96	
364	16	16	17	18	18	19	20	88	89	
378	58	
379	57	
380	52	54	56	88	92	95	
381	51	53	54	83	85	86	87	89	90	92	94	96	
382	54	80	82	83	83	86	87	89	90	93	93	95	
383	16	42	65	78	80	81	83	84	85	89	100	
384	7	10	11	13	14	15	16	17	18	19	20	26	69	71	78	80	84	
385	7	8	11	13	13	14	15	16	18	18	19	20	21	22	24	27	44	69	71	
386	12	20	21	22	23	24	71	
387	22	23	24	
392	88	91	
393	58	62	87	88	92	95	97	
394	52	54	54	55	56	62	90	91	96	
395	51	53	54	98	
396	9	11	13	93	98	102	
397	6	7	10	11	12	13	14	14	15	19	78	80	82	86	89	
398	16	17	17	18	19	20	20	21	23	24	81	83	
399	22	
412	56	63	
413	52	54	55	56	58	87	91	98	
414	51	53	53	55	58	82	87	88	89	90	92	93	95	97	99	
415	41	47	68	79	81	82	84	85	87	88	90	94	97	
416	9	12	13	16	18	77	79	80	81	82	84	87	88	
417	6	10	11	12	14	15	16	16	17	18	18	19	20	43	45	70	78	81	84	
418	7	12	14	15	17	18	19	19	20	21	22	23	27	72	
419	4	21	22	22	24	25	
420	23	25	
424	88	91	97	
425	87	88	89	91	92	94	96	
426	82	85	86	87	89	90	92	93	95	98	101	
427	78	80	82	82	83	85	86	87	88	89	90	91	94	96	
428	47	53	60	82	84	85	86	87	89	90	91	93	99	
429	48	50	82	87	90	93	
430	8	14	47	89	
431	6	7	10	11	11	12	13	13	14	15	15	16	19	79	99	
432	13	15	16	16	17	18	19	19	20	21	23	24	
433	17	18	21	23	
445	56	59	
446	50	51	53	54	57	58	88	90	92	97	
447	48	51	52	54	83	86	87	88	89	91	92	93	96	
448	54	81	82	83	85	86	87	89	90	93	94	101	
449	9	11	14	16	17	18	42	70	79	81	82	83	85	89	
450	7	10	12	13	13	14	15	16	17	17	19	19	20	42	69	71	78	
451	7	12	14	18	19	20	21	22	24	25	
452	21	22	23	23	25	
455	57	
456	53	56	
457	86	88	89	91	95	98	
458	54	81	83	86	87	88	89	90	92	93	95	97	
459	16	47	81	82	84	85	85	86	87	89	90	91	94	96	
460	17	46	48	66	80	81	82	83	84	85	88	90	
461	17	19	26	44	46	47	51	56	57	58	58	60	67	70	79	80	81	83	84	85	
462	20	32	43	45	46	47	49	50	53	55	70	78	79	81	82	83	85	
463	44	45	46	47	48	48	49	71	78	81	84	89	
464	9	10	50	
465	4	6	7	9	10	11	12	13	14	14	15	16	17	18	24	26	42	
466	13	15	16	17	17	19	19	20	21	22	23	25	28	
467	21	22	
478	57	58	
479	48	51	52	55	56	58	60	
480	47	49	50	51	52	54	55	82	85	86	88	89	91	95	
481	13	49	54	79	81	82	84	85	86	88	89	91	95	100	
482	7	9	11	14	15	16	79	80	82	83	84	86	99	
483	7	10	11	13	13	14	15	16	17	17	18	18	19	19	20	21	26	69	78	
484	3	6	15	17	19	20	21	21	22	23	24	
485	22	22	24	
488	57	
489	52	54	56	
490	50	52	54	58	87	88	90	92	94	
491	49	53	54	81	82	84	85	87	88	89	91	93	96	
492	18	78	79	81	82	83	84	85	86	88	90	
493	10	14	16	17	18	19	20	44	48	51	68	68	71	77	79	81	82	83	85	
494	15	19	20	21	24	27	28	43	44	47	58	62	63	70	73	79	81	84	
495	20	21	22	24	31	50	52	55	56	57	57	59	60	63	69	72	79	
496	22	23	23	25	32	45	48	49	50	51	51	52	53	54	55	56	57	58	60	70	73	
497	45	46	46	47	49	49	50	51	52	53	71	79	
498	4	9	10	14	47	48	49	
499	3	6	7	9	10	11	12	13	14	15	15	16	17	18	19	
500	13	15	16	16	17	18	18	19	20	20	21	22	24	
501	21	23	
512	56	57	58	58	60	62	
513	47	48	50	51	52	53	53	54	55	56	59	
514	45	46	47	48	48	49	50	52	54	66	81	83	84	86	90	
515	6	9	10	13	43	44	47	80	81	83	83	85	
516	6	10	11	12	14	14	15	16	16	17	18	19	19	23	26	70	71	79	
517	13	16	17	18	20	21	22	23	24	73	
518	22	25	
521	57	
522	55	56	57	59	62	
523	47	50	51	52	54	55	56	59	
524	48	49	50	53	81	82	85	86	87	88	90	92	95	99	
525	10	13	16	49	78	80	82	84	85	86	89	95	
526	7	12	14	15	16	17	17	18	18	19	20	20	28	42	70	79	85	
527	13	15	19	20	21	22	23	25	28	70	
528	21	22	23	24	
529	22	23	25	53	56	57	58	59	61	
530	51	52	52	53	54	55	55	56	57	58	59	62	
531	49	49	50	51	52	53	54	55	
532	9	10	48	49	51	
533	3	7	9	10	11	12	13	14	14	15	16	16	18	19	20	24	
534	17	17	19	20	21	22	24	
535	18	21	23	
541	93	93	
546	52	55	56	57	58	59	61	62	
547	31	50	51	52	52	53	54	54	55	57	59	60	
548	8	29	42	44	45	47	49	49	50	51	54	67	72	
549	10	11	14	14	15	18	19	42	45	48	69	71	
550	7	13	14	17	19	20	21	22	23	23	24	26	69	73	
551	21	22	22	24	
552	23	
555	57	
556	52	53	54	55	56	57	58	60	
557	47	49	50	51	52	53	53	54	88	89	93	95	
558	10	48	50	80	82	84	86	89	91	
559	6	8	10	11	12	13	14	14	15	16	17	18	19	69	78	80	83	
560	13	15	16	17	17	19	20	21	22	24	26	
561	21	22	23	25	74	
563	56	57	58	60	62	
564	48	50	51	51	52	53	53	54	55	56	59	60	
565	33	49	50	51	54	91	98	
566	6	9	10	11	13	14	15	49	
567	2	5	6	10	12	13	14	14	15	16	17	17	18	18	19	19	20	22	25	71	73	
568	1	19	20	21	22	23	24	25	
569	22	
575	94	
581	53	55	58	62	65	
582	32	
583	5	15	23	24	73	
584	22	24	
585	23	
589	56	57	57	60	62	
590	51	52	52	53	54	54	55	56	58	60	
591	47	48	49	50	52	54	81	84	87	90	
592	8	10	11	13	14	18	48	79	81	84	86	89	99	
593	6	10	11	13	14	15	16	16	17	18	19	20	24	70	
594	16	18	20	21	22	24	28	74	
595	22	
596	57	
597	52	53	54	57	58	58	62	
598	33	50	51	52	54	55	87	89	92	96	
599	49	50	53	67	83	85	86	88	89	90	94	
600	7	9	10	11	12	13	14	14	15	16	17	18	19	
601	7	12	14	15	16	17	18	18	19	19	20	21	21	23	25	26	
602	1	21	22	22	24	
623	52	55	56	57	58	60	
624	47	50	51	52	52	53	54	55	58	60	
625	45	46	47	48	48	49	50	51	53	81	84	87	89	94	102	
626	4	6	7	9	10	11	12	13	13	14	15	18	78	82	84	89	
627	11	13	14	16	17	17	18	19	20	24	26	
628	17	20	21	23	
630	56	62	
631	50	52	53	53	54	55	56	58	88	92	
632	52	54	85	86	87	89	90	92	95	
633	6	9	10	11	14	16	42	78	80	81	84	86	100	
634	5	6	10	11	12	13	14	15	16	16	17	18	19	20	20	24	69	
635	20	21	22	23	23	24	
636	22	
657	52	53	55	56	56	57	59	60	62	
658	47	50	51	52	52	53	54	55	56	57	58	
659	30	46	47	48	48	49	49	50	53	65	83	
660	8	9	10	11	12	14	14	44	46	48	
661	3	10	12	13	14	15	17	19	21	23	88	92	97	
662	90	92	97	
663	88	91	92	96	
664	52	53	55	59	87	90	91	95	
665	46	51	54	82	85	87	88	89	90	91	95	97	99	
666	10	14	47	49	64	80	82	83	84	85	86	88	90	94	100	
667	8	8	10	11	13	14	14	15	15	16	16	17	18	68	70	81	83	
668	12	13	14	15	16	17	18	19	20	21	22	24	25	28	71	
669	1	21	22	23	24	
691	57	57	60	61	
692	12	51	52	52	54	55	55	56	57	58	59	61	
693	31	38	45	47	48	48	49	50	51	51	52	53	54	58	72	
694	5	6	10	14	29	42	44	45	46	47	47	49	49	70	
695	5	7	11	13	14	15	46	49	83	86	
696	82	85	86	87	88	89	90	91	94	96	
697	46	81	82	84	85	86	87	89	90	91	94	96	99	
698	16	55	81	82	85	86	86	87	88	89	90	93	96	98	
699	13	16	17	42	46	51	66	69	77	80	82	84	85	86	
700	7	9	10	11	14	15	16	17	18	19	19	20	28	42	45	68	70	79	80	84	
701	5	13	14	15	17	19	19	20	21	24	69	72	
702	20	21	22	23	23	25	26	
726	52	55	55	60	62	
727	28	51	52	53	54	55	56	57	58	58	59	60	62	65	66	
728	24	31	39	47	49	50	51	52	53	53	54	56	56	57	59	72	75	
729	22	26	41	44	45	45	47	48	48	49	50	52	56	57	59	69	72	79	
730	5	20	22	38	42	44	45	46	47	48	49	50	56	66	68	68	71	78	79	81	83	84	86	89	
731	10	18	19	20	38	43	45	46	48	49	50	53	68	70	71	77	79	81	82	83	84	85	99	
732	8	11	13	14	15	17	18	18	19	20	21	42	45	47	50	65	68	70	77	78	79	80	81	83	84	
733	10	12	13	15	17	18	19	20	21	24	28	28	70	79	83	
734	21	22	23	24	25	45	71	
735	2	4	22	23	24	25	
736	22	
761	53	61	
762	51	54	58	60	65	
763	23	28	51	54	59	62	65	
764	23	24	52	54	58	73	
765	12	15	20	22	24	25	63	79	
766	5	15	20	22	23	23	24	25	71	
767	22	23	24	25	
799	24	
1159	73	
1167	15	
1170	102	
1185	58	
1205	73	
1209	28	79	
1211	4	
1212	8	
1214	5	
1216	7	
1226	83	
1241	46	
1265	64	
1267	26	91	
1268	39	90	
1273	67	
1274	51	
1289	83	
1291	69	
1300	25	
1303	46	46	46	
1307	41	47	
1308	46	
1309	48	56	73	74	
1310	41	47	
1311	48	60	
1312	3	46	
1313	28	
1320	68	
1337	16	
1338	42	
1339	17	18	
1340	16	24	45	47	51	63	66	
1341	18	20	42	43	47	50	56	58	72	
1342	19	22	40	47	49	52	57	60	70	
1343	19	22	28	40	45	47	48	51	57	60	67	69	
1344	21	27	42	44	46	47	49	51	57	72	
1345	21	23	43	45	46	48	49	52	55	57	69	
1346	26	42	46	47	50	
1347	48	
1351	7	
1370	16	25	
1371	41	
1372	17	18	21	26	46	70	
1373	13	14	17	18	20	42	43	48	68	71	
1374	16	16	17	19	20	22	25	30	47	72	
1375	17	18	18	19	20	21	22	24	43	50	58	59	65	66	69	
1376	19	20	21	22	23	27	44	49	51	54	57	60	65	70	
1377	20	21	24	27	45	48	50	53	55	56	58	59	69	
1378	20	22	23	29	38	42	43	49	51	53	55	56	57	58	59	64	66	69	72	
1379	20	22	25	30	45	48	48	50	51	52	55	56	57	59	62	64	70	
1380	23	42	44	47	49	50	51	52	54	56	57	58	67	70	73	
1381	43	45	46	47	48	49	50	53	60	
1382	46	50	
1384	80	
1399	1	
1401	19	
1403	17	39	
1404	17	18	42	
1405	11	15	16	19	21	24	26	41	
1406	10	13	13	15	16	18	19	20	22	47	68	
1407	12	14	15	18	19	20	21	22	24	27	44	68	72	
1408	19	20	21	22	23	25	26	72	
1409	21	22	24	73	
1410	22	23	24	65	74	104	
1411	22	24	73	
1412	23	25	54	62	93	
1413	23	25	53	53	55	56	57	58	60	61	93	
1414	24	29	51	52	54	55	56	56	57	58	59	60	
1415	44	47	48	50	51	52	53	55	58	59	64	71	74	
1416	45	46	47	49	50	54	72	
1417	48	50	72	
1418	49	
1419	12	
1437	10	14	16	18	21	
1438	11	13	15	16	17	19	20	25	45	69	
1439	10	12	15	16	18	18	19	20	22	24	44	69	
1440	13	15	20	21	22	24	25	74	
1441	21	22	24	56	
1442	23	88	90	91	95	
1443	86	87	89	90	91	93	93	95	96	
1444	86	87	88	89	90	91	93	94	95	96	
1445	86	87	87	89	89	90	92	93	94	95	97	
1446	10	86	87	88	90	91	94	95	98	
1447	86	87	87	89	90	91	93	94	95	
1448	16	34	52	55	58	59	60	63	64	87	90	93	98	
1449	17	51	52	52	53	53	54	55	56	58	59	60	
1450	44	46	47	48	48	49	50	50	52	55	59	70	89	
1451	45	46	48	49	50	72	
1452	48	50	
1453	54	
1455	33	
1463	35	
1465	78	
1466	69	
1469	16	40	
1470	9	13	13	15	16	18	19	26	43	
1471	9	11	14	15	16	17	18	19	20	21	47	69	
1472	10	12	13	15	17	18	18	19	20	21	22	23	71	
1473	15	20	21	22	24	27	56	74	
1474	22	23	23	25	56	92	
1475	53	54	86	87	90	91	92	94	95	97	
1476	82	87	87	89	90	92	95	97	99	
1477	78	80	81	82	83	84	85	86	87	88	90	
1478	77	80	81	82	83	84	85	86	87	89	98	
1479	77	79	80	80	81	83	84	85	86	88	90	
1480	11	14	78	79	80	81	82	83	84	85	86	88	90	93	
1481	9	14	15	77	78	79	80	81	82	83	84	85	86	89	
1482	7	13	15	16	18	57	62	81	82	84	85	87	88	91	96	
1483	16	17	17	20	35	52	53	55	56	56	57	58	59	61	
1484	47	48	51	51	52	54	55	56	56	58	58	60	
1485	44	46	47	47	49	50	51	55	57	72	
1486	43	47	49	71	
1487	13	
1488	52	59	
1500	99	
1502	16	19	40	
1503	9	12	13	17	19	
1504	10	12	14	15	16	17	19	20	21	45	70	
1505	11	13	15	17	18	20	20	21	23	25	27	29	71	
1506	21	22	23	23	25	58	
1507	52	54	57	88	90	92	96	
1508	54	86	87	88	88	89	90	91	94	96	98	
1509	55	77	80	81	82	84	85	86	87	88	91	94	
1510	42	79	80	81	82	83	84	86	89	90	
1511	79	80	81	85	
1512	79	80	83	85	
1513	43	78	79	82	83	91	
1514	17	67	79	81	85	
1515	7	9	13	15	18	47	79	82	84	99	
1516	7	9	10	11	13	14	15	16	18	20	79	80	82	84	86	
1517	12	13	16	17	18	19	20	22	57	61	81	90	
1518	22	36	52	54	55	56	56	58	58	59	60	63	
1519	44	45	46	47	49	49	50	51	52	53	54	55	56	57	70	
1520	46	48	48	49	50	51	59	
1522	13	
1526	9	
1529	63	
1535	8	19	41	
1536	10	12	14	16	19	26	70	
1537	7	9	11	13	14	15	16	17	18	18	19	20	21	24	45	75	
1538	12	15	17	19	20	21	22	23	27	58	69	
1539	21	22	25	53	56	
1540	53	54	56	58	87	88	90	91	95	97	
1541	54	82	85	86	87	87	89	90	91	93	95	97	
1542	57	80	81	82	84	85	88	90	94	
1543	41	78	80	82	84	85	
1544	78	79	82	84	95	
1545	17	82	84	
1546	41	47	84	
1547	13	16	19	47	
1548	16	17	19	21	29	38	45	47	66	
1549	7	12	15	17	18	18	19	21	43	43	46	48	51	66	70	
1550	4	7	10	11	13	13	14	15	16	19	20	22	28	40	71	
1551	8	12	15	16	18	19	20	21	23	71	
1552	18	20	20	21	23	53	54	55	56	57	58	59	60	62	
1553	46	47	48	50	50	51	52	52	54	55	57	58	60	63	
1554	47	49	49	50	54	
1555	50	
1556	66	
1567	16	
1568	14	17	19	40	
1569	10	12	13	15	16	19	41	
1570	6	8	11	12	14	15	17	18	18	19	20	22	70	
1571	13	15	18	19	20	21	22	24	56	57	73	73	
1572	21	22	24	53	57	73	
1573	52	54	78	86	86	87	89	90	91	93	95	97	
1574	58	81	82	82	84	85	86	87	89	91	93	96	
1575	80	81	82	83	84	85	87	89	96	
1576	41	78	80	82	85	
1577	79	
1578	19	40	79	
1579	16	18	27	39	46	
1580	10	14	17	18	20	24	26	43	47	71	
1581	11	14	16	17	18	19	20	46	70	
1582	11	14	17	18	19	20	21	22	24	26	44	70	
1583	11	15	17	18	20	21	22	24	29	70	
1584	4	10	13	13	15	20	22	23	23	25	
1585	5	21	22	24	58	
1586	23	52	53	56	56	57	58	58	59	61	
1587	33	46	47	47	50	50	51	52	53	53	54	55	56	60	
1588	46	48	49	50	53	55	60	
1590	55	72	
1594	14	
1595	76	77	77	
1596	90	
1597	5	
1601	9	9	
1602	10	12	14	15	16	17	19	20	
1603	10	12	13	14	15	16	17	18	18	19	20	21	25	72	74	
1604	15	18	20	21	22	24	56	72	
1605	22	23	24	52	58	88	91	93	
1606	52	53	54	57	86	87	88	89	90	91	93	93	95	97	99	
1607	81	82	84	85	86	87	88	90	94	
1608	78	79	80	81	82	84	85	88	89	
1609	79	80	84	86	
1610	85	
1611	32	
1612	12	14	16	17	19	
1613	7	12	14	16	17	18	19	20	23	71	
1614	7	12	13	15	17	19	20	22	24	44	69	73	
1615	8	10	14	21	22	23	25	26	28	
1616	12	22	23	
1617	22	25	91	92	96	
1618	24	73	92	
1619	16	75	
1620	36	53	55	56	57	58	58	59	60	61	
1621	32	47	48	51	52	53	53	54	55	56	59	61	
1622	45	47	48	49	50	55	56	
1623	56	
1629	78	
1634	9	
1635	10	12	13	15	16	17	
1636	8	11	12	14	15	16	17	18	18	19	21	27	28	69	
1637	12	17	18	19	19	20	21	23	24	57	59	
1638	22	23	23	25	48	51	52	56	
1639	50	52	53	55	87	87	89	90	91	95	99	
1640	77	81	82	83	84	85	86	88	88	90	98	
1641	79	81	84	85	89	
1642	81	84	
1643	83	
1644	14	
1645	10	14	16	18	104	
1646	7	10	13	13	14	16	17	18	19	20	21	42	73	
1647	8	12	15	19	20	21	22	23	25	28	70	
1648	22	25	
1649	74	88	91	93	96	
1650	86	87	90	91	93	94	95	97	
1651	11	82	85	86	87	88	89	91	94	96	99	
1652	8	10	12	13	78	81	83	85	86	87	89	90	92	94	96	99	
1653	12	15	16	17	18	81	83	85	86	89	90	92	93	96	
1654	17	52	53	56	57	58	60	61	
1655	46	47	50	51	51	52	54	54	55	56	58	64	87	92	
1656	48	48	50	54	58	
1657	61	
1668	8	14	
1669	6	9	10	12	13	15	20	23	
1670	7	12	15	16	16	17	19	19	21	23	56	57	
1671	21	22	24	53	54	55	57	59	
1672	50	52	54	55	87	90	91	93	93	95	
1673	50	54	77	79	80	81	83	83	84	85	87	89	90	92	95	99	
1674	79	80	83	85	95	
1675	82	83	88	
1678	11	15	20	
1679	5	7	10	12	14	15	16	18	18	20	
1680	7	12	13	15	16	17	19	20	21	22	24	57	
1681	5	18	21	22	25	47	51	53	58	
1682	49	52	54	87	90	91	95	98	
1683	53	82	83	86	88	88	89	91	96	98	
1684	77	78	80	81	82	84	85	86	87	88	90	98	100	
1685	78	78	79	80	82	83	84	86	88	88	94	
1686	7	9	11	13	14	15	19	78	80	81	84	86	89	95	
1687	7	12	13	15	16	17	18	19	21	57	58	78	79	81	84	85	88	
1688	20	22	35	53	54	55	56	57	59	60	
1689	47	50	51	53	54	55	56	86	91	97	
1690	48	50	54	87	89	
1691	63	
1695	89	
1701	51	
1702	9	13	
1703	7	8	10	11	12	13	14	15	16	22	
1704	13	21	25	90	96	
1705	52	54	55	88	90	91	92	93	95	98	
1706	54	76	81	82	84	85	86	87	87	88	90	92	95	99	
1707	79	82	84	86	89	97	
1708	86	89	
1710	24	
1711	14	
1712	9	10	14	16	20	
1713	6	9	11	12	13	14	15	16	17	18	19	20	25	58	72	
1714	17	17	20	21	22	24	52	56	57	59	73	
1715	21	22	48	49	50	51	52	53	54	55	56	59	87	91	
1716	47	50	53	54	81	82	85	86	88	90	93	
1717	78	78	80	81	82	84	86	89	93	98	
1718	79	81	83	87	90	
1719	28	79	
1720	7	8	10	11	14	15	16	20	78	81	83	
1721	6	11	12	13	15	15	16	17	18	18	19	19	20	23	28	57	58	61	69	79	
1722	18	21	22	52	53	54	55	56	59	62	
1723	49	50	51	52	53	54	59	85	87	89	91	95	
1724	50	88	93	
1727	80	
1736	11	14	
1737	4	9	
1738	80	83	86	87	89	92	93	98	
1739	77	81	82	84	85	86	87	89	90	92	95	
1740	22	79	81	84	86	90	99	
1741	83	
1742	85	
1745	23	
1746	6	9	10	11	14	15	19	25	
1747	2	7	13	14	15	16	17	19	20	21	24	57	58	60	
1748	21	22	23	24	25	48	51	52	53	55	57	59	60	74	
1749	47	49	50	52	54	82	86	88	89	94	99	
1750	36	49	53	54	79	81	83	86	88	94	99	
1751	47	81	86	
1753	9	12	14	17	19	41	
1754	10	11	13	13	14	16	17	18	19	20	24	
1755	8	12	15	17	18	21	22	23	25	26	57	58	60	
1756	21	22	50	51	52	53	54	55	56	58	61	88	91	93	94	98	
1757	26	48	50	52	54	81	82	84	85	87	89	91	95	
1758	58	84	100	
1772	78	80	86	
1773	78	80	84	86	91	
1774	78	81	85	
1775	88	95	
1779	9	14	22	
1780	7	9	11	12	13	14	15	19	
1781	7	12	15	16	17	18	19	19	21	24	35	56	56	57	59	62	
1782	18	20	21	22	23	48	52	53	54	55	55	58	58	60	
1783	34	45	46	48	49	50	52	54	55	56	79	81	84	
1784	45	46	50	79	84	
1785	46	
1786	13	18	25	40	46	81	
1787	8	10	11	14	15	16	17	19	20	26	43	69	
1788	5	8	11	12	13	14	15	17	18	19	20	21	22	56	57	61	69	73	
1789	20	21	23	52	56	59	74	
1790	50	51	53	53	54	58	86	87	89	92	95	98	
1791	62	79	81	82	84	86	88	93	94	
1792	86	
1803	24	
1807	80	102	
1810	17	41	
1813	6	10	15	
1814	7	9	10	11	12	13	14	15	16	20	25	
1815	12	16	17	18	19	20	21	23	53	57	58	60	62	
1816	21	22	52	53	53	54	55	56	57	59	61	
1817	29	43	45	49	49	50	51	53	54	57	59	73	
1818	40	45	46	47	48	50	51	56	60	64	66	70	
1819	17	19	40	44	47	49	71	
1820	8	10	13	13	15	17	18	20	28	44	46	48	69	
1821	10	12	14	15	17	19	21	22	57	69	73	
1822	5	20	20	21	23	24	35	56	59	
1823	23	50	52	53	54	55	56	60	87	88	91	92	95	98	
1824	52	53	80	81	82	83	84	85	86	89	91	95	
1825	81	84	91	
1826	87	
1834	10	
1835	5	
1841	89	
1847	9	
1848	9	10	14	
1849	7	12	13	15	17	20	62	91	95	
1850	17	20	22	55	60	88	90	92	96	
1851	30	51	54	55	57	61	65	
1852	49	51	54	57	60	72	
1853	20	22	23	25	27	45	51	65	70	
1854	10	13	15	22	23	26	65	73	
1855	22	24	25	53	93	
1856	52	54	58	58	88	92	96	97	
1857	81	82	84	85	86	88	89	91	95	
1858	79	81	84	88	89	
1859	52	85	
1860	101	
1874	59	
1882	5	8	12	14	
1883	3	4	5	10	12	15	80	84	86	88	90	96	
1884	3	8	11	13	15	16	78	81	82	84	85	86	87	89	90	92	93	96	99	
1885	88	89	91	93	95	96	
1886	87	91	92	96	
1887	24	74	91	92	96	
1888	55	73	87	91	93	
1889	53	83	86	87	88	89	89	90	92	95	
1890	78	81	82	84	84	85	86	89	91	94	97	
1891	79	80	82	83	85	87	90	95	
1892	80	84	
1893	97	
1903	8	
1913	57	
1917	10	14	84	
1918	5	10	79	80	82	83	85	89	97	
1919	11	51	82	84	85	86	87	89	90	
1920	77	82	85	85	86	88	88	89	91	93	96	98	
1921	82	82	86	87	88	89	90	95	98	
1922	78	81	82	84	85	86	87	88	90	97	98	
1923	79	80	81	84	85	87	88	92	
1924	79	80	84	85	94	
1925	79	81	84	
1928	95	
1929	101	
1930	48	
1933	66	
1951	84	
1952	79	84	92	
1953	78	79	81	83	85	94	100	
1954	78	79	82	83	84	86	98	
1955	79	81	84	85	89	93	
1956	79	82	83	95	
1957	78	81	83	
1958	81	87	89	
1959	85	
1963	91	
1986	85	
1987	85	
1988	79	88	
1989	83	94	
1990	94	
2001	28	
2004	3	
2009	37	
2023	89	
2025	50	
2033	44	
2047	3	77	
2048	41	
2083	81	
2100	6	
2132	19	
2133	86	
2134	8	
2144	12	
2157	91	
2171	28	
2179	34	
2202	28	
2203	14	
2228	98	
2263	104	
2275	15	
2305	103	
