80	51	
112	43	
146	29	
219	6	93	
220	87	91	93	
221	83	86	88	90	92	94	96	
222	10	86	87	89	91	92	93	95	97	
223	86	87	88	89	90	91	93	93	95	98	
224	87	89	90	92	94	96	
225	16	87	88	89	90	91	93	95	
226	16	18	92	
252	86	87	90	91	94	
253	5	83	86	87	88	89	90	91	93	95	99	
254	81	82	84	85	86	87	88	89	90	91	92	94	96	99	
255	77	80	81	82	84	85	86	87	88	89	91	92	94	96	100	
256	80	82	83	84	85	85	86	87	88	89	91	93	94	98	
257	77	79	81	82	83	84	85	86	86	87	89	90	91	95	97	
258	8	77	78	79	80	81	83	83	84	85	86	86	88	88	89	90	92	93	95	100	
259	9	11	13	14	79	81	82	83	84	85	86	87	88	89	90	92	95	97	100	
260	13	17	81	82	85	86	87	88	90	91	92	94	97	
261	16	18	86	87	90	92	96	
262	17	
283	53	
284	86	87	90	92	97	
285	52	55	83	86	88	90	92	94	96	
286	77	82	84	85	86	87	88	88	90	91	92	93	95	98	98	
287	79	80	81	83	84	85	86	89	90	95	98	99	
288	79	81	82	83	84	85	86	88	91	94	97	98	
289	77	78	80	81	82	83	84	85	87	90	97	98	
290	77	78	80	81	82	84	86	89	
291	16	78	79	80	81	82	84	86	89	
292	5	8	10	13	79	80	81	83	84	85	95	
293	6	9	11	13	15	78	79	81	82	84	85	86	89	
294	6	9	11	13	15	77	78	80	81	82	84	85	86	87	88	89	91	94	96	
295	11	17	81	82	84	85	86	87	88	90	91	93	95	97	
296	16	17	18	86	90	93	95	
316	56	
317	87	88	89	91	92	96	
318	53	54	81	82	85	86	87	87	89	90	90	92	94	96	
319	78	80	81	82	84	85	86	87	89	90	91	94	96	
320	78	79	80	81	82	83	84	85	86	88	89	91	95	
321	78	79	80	83	84	85	91	94	
322	79	80	83	85	88	
323	78	
324	14	34	79	84	
325	6	16	17	18	20	35	43	48	56	58	61	68	70	78	
326	16	17	17	19	20	21	23	28	36	38	42	44	45	46	47	47	49	50	71	78	
327	22	32	43	43	44	46	47	49	69	72	78	
328	7	9	11	14	70	78	80	83	85	
329	7	9	11	12	13	14	15	19	78	79	80	82	84	85	86	87	88	89	
330	12	14	15	16	17	18	21	78	80	82	84	85	87	88	90	93	96	
331	16	17	20	88	
348	58	
349	56	87	92	96	
350	53	82	85	86	87	89	90	91	93	94	96	
351	53	78	81	82	84	85	86	87	89	90	91	94	96	
352	77	80	81	83	84	85	85	86	88	89	90	94	97	98	
353	52	79	80	82	83	85	87	90	95	
354	46	79	81	83	86	
355	78	81	
356	80	83	
357	84	
358	7	9	11	12	13	14	15	17	19	24	33	
359	7	11	12	14	15	16	16	17	18	18	19	19	20	21	24	26	58	69	
360	20	22	22	23	24	25	44	48	49	50	51	52	53	53	54	55	56	57	59	61	
361	24	41	43	45	45	46	46	47	48	49	49	50	51	52	59	
362	10	44	45	47	49	
363	6	10	11	12	14	15	82	85	93	100	
364	8	11	12	13	14	14	15	16	16	17	18	23	23	79	81	83	85	87	88	90	98	
365	15	16	16	17	17	18	20	21	80	86	93	
381	53	92	
382	52	57	86	88	89	90	92	93	95	
383	81	83	84	85	86	87	88	89	91	92	93	96	103	
384	55	80	81	82	83	84	85	86	87	88	88	89	91	96	99	
385	79	80	81	82	83	84	85	86	88	91	93	98	
386	47	66	78	80	82	85	96	
387	17	20	26	42	45	46	48	58	78	82	85	
388	42	46	51	79	
390	18	
391	8	10	14	
392	6	9	10	11	12	13	13	14	14	15	15	16	16	17	18	19	20	23	
393	5	12	15	16	17	17	18	18	19	19	20	21	22	24	58	
394	21	22	23	24	51	52	53	54	55	55	56	58	60	
395	42	47	48	48	49	49	50	51	52	53	54	55	
396	42	44	45	46	48	49	51	
397	7	8	10	12	14	48	
398	7	9	10	11	12	13	14	14	15	16	19	19	21	79	82	83	
399	15	16	18	18	19	20	21	22	24	27	
400	22	
413	58	
414	51	54	57	93	
415	53	54	56	81	85	86	87	88	90	92	94	98	100	
416	78	81	82	83	83	84	85	86	88	89	90	91	94	96	99	
417	78	78	80	81	82	84	85	86	88	90	95	
418	54	78	78	80	81	83	84	85	93	
419	12	13	16	19	26	35	42	46	78	80	84	
420	16	17	17	18	19	20	21	40	44	46	48	52	56	57	58	68	68	72	
421	19	19	20	21	26	31	40	44	45	46	47	49	50	52	55	56	59	65	67	70	
422	21	23	43	44	46	47	48	49	53	72	
423	42	44	50	74	
424	10	
425	6	9	10	11	12	14	15	17	18	19	66	
426	3	6	8	11	12	12	13	13	14	15	16	17	17	18	19	20	23	24	26	71	
427	4	17	18	20	21	22	23	24	25	
428	51	52	52	54	55	55	56	57	58	61	
429	43	46	47	48	49	50	51	51	52	53	54	60	
430	44	48	50	54	
431	9	11	13	68	
432	6	8	9	10	11	12	12	13	14	15	15	16	18	19	25	
433	16	17	17	18	19	20	21	21	22	24	
446	52	56	
447	48	50	51	52	53	55	56	57	58	90	
448	50	51	53	54	86	87	90	91	93	95	
449	81	83	84	85	86	87	89	90	95	
450	53	79	80	81	83	84	85	86	90	94	
451	41	79	80	82	84	86	
452	10	14	16	17	18	19	28	42	66	80	
453	8	10	11	13	13	14	15	16	17	17	18	19	20	20	22	26	69	72	
454	15	18	20	21	22	23	23	24	25	27	44	50	51	52	56	56	58	60	70	
455	22	22	24	42	45	46	47	48	48	49	50	51	52	53	54	56	58	60	74	
456	42	44	45	45	46	47	49	50	51	55	71	
457	45	
458	9	11	13	15	19	68	
459	6	8	9	11	12	12	13	14	15	15	16	17	17	18	19	20	21	23	26	
460	12	15	17	18	19	19	20	21	22	23	68	
461	2	21	22	53	57	
462	47	50	51	52	53	54	55	56	57	60	
463	46	47	48	49	50	51	54	55	87	92	
464	8	45	49	86	91	96	
465	8	9	11	13	14	16	
466	6	10	12	12	13	14	15	15	16	17	18	19	20	20	24	27	
467	15	16	17	19	20	21	22	23	24	
468	21	
479	56	
480	46	49	51	52	53	58	61	
481	47	49	51	52	53	54	58	83	85	86	89	91	93	95	
482	49	55	78	80	82	83	85	86	87	89	90	93	95	98	
483	43	54	78	79	81	82	84	86	87	93	
484	16	68	79	81	86	88	
485	8	9	11	14	16	16	17	18	19	28	39	43	45	66	73	
486	7	11	12	14	15	16	17	18	18	19	20	20	22	26	40	44	68	71	
487	5	13	15	20	20	21	22	23	24	28	58	72	
488	21	22	23	25	52	52	54	55	56	57	
489	46	47	50	51	51	52	53	54	55	56	59	
490	42	43	44	45	46	47	48	48	49	50	51	53	54	58	
491	45	
492	6	9	10	11	13	14	15	19	
493	7	10	11	12	14	15	15	16	17	17	18	19	19	20	21	24	
494	17	20	21	23	23	25	
495	52	55	56	57	61	
496	47	48	48	49	50	51	52	53	53	54	57	61	
497	47	49	50	52	86	88	90	92	96	
498	9	81	84	86	88	91	94	
499	7	8	10	11	11	12	13	14	15	16	18	18	68	
500	12	14	15	15	16	16	17	17	19	19	20	21	22	24	
501	17	18	21	22	23	26	
512	57	
513	47	51	52	55	56	57	59	
514	36	41	46	47	47	48	49	50	51	53	53	55	57	
515	43	46	47	48	50	52	81	83	85	87	88	94	
516	71	78	79	81	82	83	84	86	89	99	
517	8	11	14	16	19	41	81	84	
518	9	11	12	13	14	15	16	17	17	18	19	20	69	
519	12	14	15	17	18	19	19	20	21	24	28	44	68	
520	11	15	18	19	20	21	22	23	23	24	
521	22	25	
522	52	55	56	57	58	60	
523	46	47	48	48	49	50	51	51	52	53	54	55	60	
524	44	46	47	48	49	50	59	
525	9	43	
526	7	8	10	11	12	14	15	16	18	68	
527	11	13	14	15	15	16	17	18	18	19	20	20	22	24	26	
528	18	20	21	22	23	27	56	58	
529	51	52	53	55	56	
530	47	48	49	50	51	51	52	53	54	55	57	58	
531	45	80	83	83	85	87	90	95	
532	9	11	66	80	84	87	89	
533	4	6	8	10	10	11	12	13	13	14	15	15	16	17	18	19	20	
534	15	16	17	17	19	20	20	22	24	25	
535	18	21	22	
546	57	
547	51	52	52	54	54	55	56	57	58	60	
548	32	36	43	47	47	49	50	50	51	52	53	54	56	59	
549	30	38	41	43	44	45	46	47	48	48	49	51	55	58	67	68	82	
550	9	29	44	80	85	
551	6	9	11	11	13	14	14	17	18	20	69	
552	4	11	12	13	15	16	17	17	18	18	19	20	21	22	24	71	
553	18	20	21	22	22	23	24	
554	22	25	
556	52	53	55	56	56	57	58	62	
557	46	47	48	49	50	51	52	52	53	54	55	56	58	60	
558	40	43	44	45	46	47	48	48	49	50	54	
559	9	14	43	46	
560	3	6	7	9	11	12	12	13	14	14	15	
561	8	11	12	15	16	17	18	19	19	21	23	24	
562	23	53	56	57	
563	51	52	54	55	56	61	88	92	
564	48	50	51	54	59	82	84	86	87	89	91	93	93	96	101	
565	80	82	84	86	88	88	90	94	101	
566	9	10	12	13	14	15	16	19	68	83	
567	4	7	10	12	13	13	14	15	15	16	17	17	18	18	19	19	20	21	24	
568	19	20	21	21	22	23	25	26	
581	35	52	53	55	57	58	59	
582	48	50	51	52	54	54	55	56	57	59	61	
583	31	40	43	44	45	45	47	47	49	50	50	53	55	59	
584	9	24	42	44	45	46	47	48	65	66	68	69	74	
585	7	11	12	13	14	15	15	19	20	24	28	
586	1	13	18	19	20	21	22	23	24	26	
587	22	
590	52	55	56	57	59	62	
591	47	50	51	52	52	53	54	55	56	57	59	
592	41	43	44	45	46	47	47	48	48	49	50	50	53	
593	8	13	44	46	70	
594	7	8	10	11	12	14	14	15	25	
595	13	17	20	21	88	90	92	
596	53	54	56	87	88	90	91	93	96	
597	50	52	54	83	85	86	87	89	90	92	94	96	
598	81	82	84	85	86	87	89	90	96	
599	10	13	67	80	81	84	86	
600	8	8	10	11	12	13	14	15	16	17	18	18	19	20	24	27	
601	12	13	14	15	16	17	18	18	19	20	20	21	22	23	24	27	71	
602	21	22	23	
607	10	10	11	
616	55	63	
617	34	50	53	55	59	
618	24	50	
619	23	25	
621	23	
624	55	56	57	
625	51	51	52	52	53	54	55	55	56	56	57	58	59	
626	40	45	46	47	48	49	50	50	51	52	53	54	
627	9	38	42	43	44	45	46	47	49	
628	4	8	11	13	15	70	
629	78	81	83	85	87	89	91	94	98	
630	54	81	82	83	85	86	87	88	89	90	94	96	100	
631	54	77	80	81	83	84	85	86	87	88	88	89	92	93	96	
632	18	42	67	80	81	82	84	85	86	88	93	
633	7	8	10	11	13	14	15	16	16	17	19	27	81	84	
634	5	6	10	11	12	13	14	15	16	16	17	18	18	19	20	20	21	22	23	24	69	
635	20	21	22	23	23	25	
636	22	
643	103	103	
659	51	52	55	56	57	58	62	
660	43	47	50	50	51	52	52	53	54	55	56	56	58	59	61	
661	32	41	43	45	45	46	47	47	48	49	49	50	52	54	
662	5	30	41	44	45	46	47	48	49	71	
663	6	39	44	71	80	84	
664	42	79	80	81	82	83	84	86	87	93	
665	14	16	18	27	40	48	66	78	79	81	84	
666	8	9	12	14	15	16	17	19	19	26	41	45	67	69	79	
667	7	10	11	13	14	14	15	17	17	18	19	19	20	22	24	26	28	69	
668	13	15	16	18	20	21	22	23	24	25	69	
669	21	23	24	
693	55	
694	34	51	51	52	54	55	55	56	57	58	61	
695	34	43	47	47	48	49	50	51	52	53	53	54	55	56	57	59	61	
696	25	36	40	43	44	45	46	46	47	48	49	49	50	57	60	67	71	
697	27	41	43	43	44	45	46	47	48	49	56	67	69	72	
698	9	13	16	19	20	22	26	29	38	43	44	45	47	63	67	68	69	79	
699	9	10	11	13	14	16	17	18	19	20	21	26	44	68	69	73	78	
700	11	13	14	15	17	19	20	20	21	22	24	26	44	73	
701	15	20	21	22	23	23	24	73	
702	21	22	25	
728	55	58	
729	51	53	53	55	55	61	
730	25	32	51	53	54	55	58	58	62	
731	24	43	45	48	50	63	68	70	
732	11	20	23	23	24	45	49	
733	4	13	20	22	23	24	25	26	30	45	65	69	
734	23	23	24	
735	25	
763	55	
764	54	
766	25	
920	93	
1159	40	
1166	55	
1167	14	
1172	92	
1186	64	
1213	7	
1235	46	
1237	55	
1261	81	
1263	83	
1266	17	
1270	59	
1274	9	
1281	50	
1298	17	
1302	31	
1307	27	
1308	26	
1312	4	
1313	30	
1314	58	
1315	28	
1319	4	
1327	40	
1332	98	
1335	97	
1337	20	
1341	10	42	
1342	47	
1343	44	
1344	29	46	
1345	40	44	47	54	57	
1346	31	57	66	70	
1347	45	47	
1348	68	68	
1350	49	60	
1353	15	
1369	53	
1370	40	
1371	40	
1372	46	73	
1373	41	
1374	17	18	24	
1375	8	16	19	27	43	45	50	67	70	
1376	16	17	18	20	41	46	48	48	57	61	67	
1377	17	18	20	27	31	37	40	45	46	47	53	58	66	73	
1378	20	22	29	37	42	43	46	48	50	56	65	66	71	
1379	19	20	23	43	44	47	50	57	58	67	70	
1380	20	23	25	26	37	42	45	46	47	48	50	53	56	72	
1381	22	28	30	42	44	46	47	49	52	56	69	
1382	47	58	71	
1384	44	49	
1386	8	
1387	59	
1398	87	
1406	20	39	47	
1407	12	13	16	19	
1408	10	14	17	18	20	25	29	41	43	68	
1409	14	16	17	19	20	21	26	30	40	45	46	62	
1410	16	17	19	20	21	22	24	33	41	44	46	48	49	54	56	60	67	
1411	18	18	20	21	22	24	26	29	40	44	46	48	49	54	57	61	71	
1412	20	21	23	24	43	43	45	47	49	54	57	61	69	
1413	20	21	22	24	25	33	44	45	48	49	50	51	53	55	56	57	57	59	66	70	
1414	21	22	24	37	43	44	47	49	50	52	53	55	56	57	59	61	64	70	
1415	21	22	24	30	42	44	45	46	47	48	48	49	50	52	53	58	59	67	71	
1416	30	41	44	45	46	47	49	51	58	66	
1417	44	46	49	51	
1418	43	58	71	
1419	66	
1424	8	
1437	63	89	
1439	16	18	40	45	46	
1440	10	15	16	19	21	39	46	67	
1441	10	13	14	16	18	19	20	21	24	40	45	72	
1442	4	9	12	14	15	17	18	19	19	20	22	24	27	41	45	70	74	
1443	12	14	15	18	18	20	21	22	24	48	72	
1444	21	23	23	25	26	72	
1445	22	24	54	65	
1446	24	55	74	
1447	25	53	54	56	
1448	25	51	53	54	55	56	58	58	61	64	
1449	25	31	35	36	48	50	51	53	54	55	56	58	60	
1450	24	42	44	45	47	48	48	49	50	51	54	58	60	73	
1451	27	42	44	45	46	47	49	50	69	
1452	44	46	48	50	52	53	68	73	
1453	46	50	
1454	69	
1456	61	
1463	35	
1467	88	
1471	9	
1472	12	15	17	18	22	40	45	
1473	9	12	14	16	17	19	21	24	40	48	66	70	
1474	4	9	12	15	17	18	18	19	20	23	39	68	72	
1475	11	13	14	15	16	17	18	19	20	22	24	45	
1476	4	7	15	20	21	23	23	25	72	
1477	23	25	
1481	88	91	
1482	86	87	89	90	92	94	96	
1483	52	55	57	62	86	87	88	89	90	91	93	93	95	97	
1484	17	48	50	51	52	53	54	55	56	57	58	61	93	
1485	32	41	45	46	47	47	48	49	50	52	54	57	59	67	
1486	41	43	45	46	47	48	50	
1487	58	
1498	65	
1500	64	
1502	17	35	
1503	15	19	40	
1504	32	37	40	
1505	10	13	14	16	18	18	20	22	24	68	70	
1506	10	13	14	15	16	17	19	20	24	27	44	48	65	68	
1507	4	10	12	13	14	17	18	19	20	22	24	26	43	71	
1508	11	14	15	18	19	20	21	23	23	25	
1509	21	22	23	25	
1510	3	25	
1512	58	
1513	53	57	
1514	46	49	51	52	55	
1515	49	82	86	87	89	91	93	93	95	
1516	9	78	80	81	83	84	85	86	87	88	89	93	95	
1517	7	9	10	11	12	13	14	15	15	81	82	84	85	86	87	89	90	95	
1518	16	17	17	18	19	23	54	55	56	57	58	60	82	85	86	88	89	93	96	
1519	17	41	45	47	48	49	49	50	51	52	53	54	55	56	57	61	
1520	41	43	45	46	47	49	49	50	51	60	
1521	44	48	55	
1522	11	49	49	71	
1532	47	
1535	16	
1537	10	15	17	19	42	68	
1538	9	12	13	15	16	18	18	19	21	38	67	
1539	3	9	12	13	15	16	17	19	20	21	23	25	44	70	
1540	9	12	15	16	18	20	21	22	23	69	72	
1541	5	15	21	22	24	27	
1542	23	23	25	
1543	92	
1544	92	
1546	56	58	
1547	47	51	52	54	55	56	58	
1548	45	47	49	50	51	53	55	87	91	97	
1549	49	54	79	80	81	83	83	84	85	87	88	90	97	
1550	79	81	84	86	88	88	
1551	7	8	9	10	11	13	13	14	15	18	79	81	83	85	
1552	6	12	13	15	16	17	19	20	55	57	79	81	84	
1553	17	17	18	21	22	47	50	51	51	52	53	53	54	55	56	58	60	
1554	44	45	46	47	48	49	50	50	53	54	58	64	
1555	44	49	
1556	12	49	53	59	
1558	59	
1568	13	
1569	17	19	
1570	6	11	14	16	19	
1571	8	11	13	14	15	16	17	18	18	19	20	22	24	26	40	44	68	
1572	4	7	11	13	14	15	16	17	18	20	21	22	24	26	69	
1573	11	13	15	19	20	22	23	23	25	
1574	22	24	
1575	23	
1576	87	88	90	92	95	97	
1577	14	82	85	86	87	88	88	89	90	91	94	95	98	
1578	11	14	17	19	82	85	87	88	89	91	95	
1579	16	17	19	58	
1580	53	55	56	
1581	46	47	49	49	50	51	52	53	54	55	56	
1582	50	82	84	86	86	87	89	90	92	93	95	97	
1583	48	79	81	84	86	89	93	
1584	11	15	81	84	
1585	5	8	9	10	11	12	13	14	15	17	19	27	80	83	
1586	8	12	13	15	15	16	16	17	19	20	21	24	53	56	57	58	
1587	18	21	22	47	48	51	52	52	54	54	55	56	60	
1588	44	45	47	48	49	50	53	54	58	
1589	48	58	
1592	8	
1602	19	
1603	11	13	17	20	24	67	
1604	8	9	11	12	13	15	16	17	19	20	23	
1605	12	14	15	17	18	19	19	20	21	69	72	
1606	21	23	24	
1607	4	23	25	
1608	51	52	53	
1609	87	89	90	91	92	94	95	98	
1610	77	80	81	82	83	85	86	87	89	90	95	
1611	8	10	12	13	14	76	77	79	79	80	81	83	84	85	86	90	94	
1612	6	11	12	13	14	15	16	17	18	78	79	80	82	83	84	86	89	94	
1613	16	17	18	19	21	25	53	56	57	81	
1614	46	47	51	52	52	54	55	56	59	62	
1615	45	46	47	48	49	51	54	87	91	93	98	
1616	50	80	82	84	85	86	89	90	
1617	80	84	93	
1618	9	12	14	
1619	5	6	8	10	11	13	13	15	16	17	18	19	21	23	70	
1620	12	15	17	17	20	21	22	24	27	56	58	60	68	
1621	21	22	46	47	48	50	52	53	53	54	55	56	59	
1622	43	45	46	49	50	54	82	86	89	91	94	
1623	48	
1627	12	
1636	9	12	13	19	
1637	8	10	12	14	15	16	16	17	19	20	24	70	
1638	12	13	14	15	16	17	18	19	20	20	22	23	25	27	71	74	80	
1639	18	20	21	22	24	
1640	23	57	
1641	52	53	55	88	90	92	96	
1642	53	82	86	87	88	89	89	90	91	93	94	96	
1643	76	78	80	81	82	84	85	85	86	88	88	89	91	95	
1644	9	13	79	80	81	83	84	86	88	90	94	
1645	4	10	11	13	15	79	80	83	100	
1646	6	8	9	11	12	14	15	15	16	18	19	19	21	80	
1647	17	18	19	19	20	22	26	52	56	57	61	99	
1648	23	46	47	48	50	51	52	53	53	54	55	56	60	
1649	44	46	49	50	57	84	86	88	90	96	
1650	44	48	79	81	84	91	94	98	
1651	13	43	82	97	
1652	8	10	11	13	15	16	19	
1653	8	10	11	12	13	14	15	16	16	17	19	19	19	21	23	25	57	
1654	17	18	20	21	22	24	28	51	52	53	55	56	59	
1655	23	46	48	48	49	50	51	52	53	54	58	
1656	50	55	80	82	85	86	88	90	95	
1657	83	85	91	
1660	11	
1663	86	86	87	87	
1667	37	
1669	8	15	
1670	10	11	13	14	15	19	
1671	8	11	12	13	13	14	15	16	16	17	18	19	20	22	24	26	
1672	15	17	19	20	21	23	23	25	56	
1673	51	52	56	
1674	49	51	89	90	92	94	96	
1675	52	53	55	77	82	83	85	86	87	89	90	91	93	95	
1676	77	78	80	81	83	83	84	85	86	88	89	90	92	93	100	
1677	77	79	80	82	83	85	87	90	93	
1678	79	81	94	
1679	7	9	11	13	14	17	87	
1680	2	7	10	11	12	13	13	14	15	16	17	19	20	25	28	
1681	16	17	18	19	20	22	51	52	55	55	56	59	
1682	45	46	47	48	48	49	50	51	52	53	54	58	
1683	45	46	49	61	81	84	87	90	94	
1684	81	86	88	
1685	7	11	14	19	41	
1686	8	9	11	12	13	14	15	16	19	22	24	
1687	7	11	12	15	16	16	17	18	20	21	22	25	56	57	69	
1688	21	22	23	25	48	52	53	53	54	55	57	60	
1689	45	47	49	50	52	54	55	57	90	93	97	
1690	45	49	55	81	84	86	88	92	94	
1691	82	
1693	18	
1703	10	13	21	
1704	4	7	8	9	10	11	13	14	15	16	21	
1705	6	11	12	12	15	16	20	22	24	91	97	
1706	18	22	51	52	54	57	58	87	92	
1707	49	51	52	53	88	92	93	
1708	49	81	82	84	85	86	87	88	90	91	93	96	
1709	55	78	80	81	82	84	85	86	88	88	91	94	99	
1710	79	81	84	88	100	
1711	81	
1712	11	17	
1713	6	9	11	13	14	15	17	
1714	8	11	13	14	15	16	17	19	21	57	98	
1715	16	17	18	18	19	21	23	51	52	52	53	54	55	56	58	62	
1716	41	45	46	46	47	48	49	50	51	52	53	55	61	
1717	35	43	44	46	49	55	67	81	84	86	90	94	
1718	12	
1719	8	10	12	14	16	18	19	
1720	6	10	11	12	13	14	15	16	17	19	20	21	25	26	68	
1721	17	18	19	20	21	22	23	24	25	26	52	53	55	56	57	61	
1722	22	47	49	51	52	53	54	55	57	59	
1723	45	48	50	52	54	82	85	87	88	90	92	97	
1724	50	80	83	84	87	89	
1725	92	94	
1737	13	14	26	
1738	4	8	11	14	
1739	6	10	12	13	14	82	85	88	90	94	
1740	52	54	55	77	79	81	83	85	86	87	88	89	91	93	94	96	100	
1741	50	53	57	82	85	86	87	87	89	89	91	92	95	96	102	
1742	55	79	81	83	84	85	88	90	93	
1743	78	81	84	
1744	34	37	81	
1747	8	10	12	14	19	25	
1748	5	6	8	10	11	12	12	13	14	15	16	20	57	58	89	94	
1749	16	17	18	19	20	21	23	51	52	53	54	55	56	58	59	83	87	90	94	101	
1750	18	31	39	43	45	46	47	49	50	51	54	55	60	
1751	30	37	40	44	47	48	50	53	67	69	84	
1752	11	43	46	65	68	
1753	1	4	7	9	11	13	14	15	16	18	19	20	23	27	43	72	
1754	14	15	17	18	19	20	21	22	23	24	26	44	56	57	71	
1755	23	24	47	51	51	52	53	55	56	57	59	
1756	47	48	50	51	54	62	88	91	92	94	97	
1757	50	54	80	82	84	85	87	88	90	92	
1758	83	86	94	
1769	102	
1772	13	
1773	79	87	96	
1774	78	78	79	81	85	89	100	
1775	77	78	79	81	82	83	84	86	87	89	92	93	99	
1776	78	82	85	
1777	50	
1780	94	
1781	11	15	
1782	7	8	10	11	12	14	15	80	84	
1783	13	16	18	19	52	58	60	80	86	88	89	92	95	
1784	16	17	18	20	21	52	53	55	62	88	91	
1785	18	23	31	44	45	47	48	50	60	
1786	7	11	13	15	19	24	43	65	69	
1787	6	12	15	21	22	24	25	45	57	72	
1788	22	24	53	55	56	
1789	49	50	51	52	54	59	92	
1790	50	52	54	81	82	85	86	87	90	91	94	96	
1791	79	80	82	83	85	89	92	
1792	96	
1801	96	
1806	88	
1808	81	83	95	99	
1809	79	83	83	87	89	
1810	90	
1813	102	
1816	4	7	10	11	14	18	94	
1817	6	8	9	10	11	12	13	14	15	20	78	82	84	86	90	
1818	12	16	17	19	21	55	86	87	89	91	94	99	
1819	18	
1820	25	
1821	24	52	57	
1822	51	52	53	55	56	92	97	
1823	52	54	55	82	85	86	87	88	88	89	91	93	93	95	97	100	
1824	79	80	81	83	84	86	87	88	90	95	
1825	79	81	84	89	98	
1826	48	81	
1838	97	
1839	89	
1840	93	
1843	103	
1844	101	
1849	4	
1850	11	13	
1851	7	10	11	13	15	82	87	90	
1852	6	8	10	11	12	14	15	16	23	77	79	80	82	83	85	86	88	88	90	91	94	98	98	
1853	86	86	87	89	90	91	92	95	96	
1854	53	55	87	91	92	95	97	
1855	52	86	87	88	89	90	92	94	96	
1856	53	62	80	81	82	86	87	89	90	91	93	95	
1857	77	79	80	81	82	83	84	86	87	89	92	97	
1858	78	81	83	86	89	95	
1859	55	
1865	24	
1876	99	
1879	29	
1884	99	
1885	10	14	98	
1886	10	79	82	84	87	90	97	
1887	77	79	81	82	83	84	85	86	88	89	92	93	97	97	100	
1888	77	78	80	81	82	82	84	85	86	87	88	89	91	94	97	
1889	76	77	79	80	81	81	82	84	84	85	86	87	89	90	94	98	
1890	77	79	80	81	83	84	85	87	88	90	94	98	
1891	79	81	84	
1892	81	84	
1894	65	
1920	79	
1921	78	80	83	85	92	
1922	79	82	84	85	88	
1923	78	79	81	84	86	92	94	
1924	79	83	85	
1925	86	
1946	4	
1954	90	
1955	84	90	
1956	80	90	
1957	80	
1978	56	
1983	8	
1988	89	
2007	36	
2008	104	
2017	68	
2019	68	
2025	25	
2054	62	
2095	41	103	
2098	23	
2160	43	98	
2178	11	
2214	10	
2217	10	
2236	96	
