50	78	
118	84	85	
146	31	32	
213	33	35	
253	92	97	
254	88	92	93	94	97	
255	87	91	92	95	
256	87	90	91	93	95	
257	91	93	97	
258	17	93	
284	93	
285	88	92	98	
286	87	88	89	91	92	93	94	96	
287	82	85	87	88	89	90	91	93	94	96	
288	82	84	85	86	87	89	90	91	94	95	100	
289	8	82	84	85	86	87	88	88	89	91	94	96	99	
290	7	9	46	47	83	85	86	87	88	89	90	92	98	
291	8	11	15	82	85	86	87	88	89	90	92	94	
292	12	16	83	86	87	89	90	91	92	95	97	
293	86	88	90	91	92	97	
294	87	91	93	98	
295	17	
317	87	90	91	92	95	
318	86	87	89	91	92	93	95	97	
319	57	82	85	86	87	89	90	91	93	93	96	
320	46	47	82	82	85	86	87	89	90	91	95	
321	39	46	47	66	80	81	83	83	85	85	87	89	91	99	
322	17	43	80	81	82	83	84	85	86	88	90	98	
323	16	16	17	19	20	38	38	58	59	69	80	81	82	83	84	85	102	
324	11	18	20	22	26	29	44	47	49	50	54	56	57	67	71	80	81	83	84	84	85	100	
325	9	14	21	44	45	46	47	48	48	49	50	80	81	82	83	84	85	89	98	
326	8	11	43	46	47	49	69	81	82	83	84	85	86	87	88	90	94	101	
327	9	12	13	46	82	83	83	85	86	87	89	90	91	92	94	97	
328	6	12	14	17	82	83	85	86	87	89	90	91	95	
329	16	17	19	92	
349	91	93	96	
350	86	87	89	90	91	92	93	95	99	
351	55	82	83	85	86	87	88	88	89	90	92	94	97	99	
352	47	67	82	84	85	85	86	87	88	89	90	94	
353	16	18	43	44	46	52	57	60	66	81	82	83	84	85	86	88	101	
354	17	18	19	20	50	52	56	56	59	70	80	81	82	83	84	86	88	
355	10	18	19	20	28	44	48	50	51	68	80	82	84	
356	7	11	13	14	15	20	21	23	26	45	49	71	84	
357	16	18	19	20	21	22	24	26	60	
358	18	20	22	23	23	24	53	58	59	60	61	
359	24	30	48	50	51	53	54	55	57	57	59	60	61	73	
360	4	26	31	44	45	47	49	50	51	52	56	59	72	
361	9	13	45	46	47	48	49	49	51	73	81	82	84	85	88	
362	6	8	9	11	12	14	15	15	19	48	81	82	84	86	89	91	94	99	
363	16	17	19	20	22	82	85	90	92	96	
364	17	22	
381	92	
382	54	56	87	90	91	93	94	97	
383	54	81	83	85	86	87	88	89	91	92	95	98	101	
384	42	53	67	81	83	83	84	85	86	87	88	89	90	95	98	
385	16	17	18	40	59	72	80	81	81	83	84	84	85	89	
386	9	12	14	16	17	17	19	20	21	43	45	48	51	69	80	81	83	85	
387	7	11	13	14	15	18	18	19	20	21	23	27	58	68	81	84	
388	21	22	24	25	27	52	56	57	60	62	
389	22	23	24	25	47	50	51	54	
390	7	10	12	14	23	23	47	48	
391	16	19	23	74	
392	17	21	24	
393	34	57	58	60	62	
394	52	53	53	54	55	56	57	59	60	
395	24	48	49	50	50	51	53	54	
396	3	4	7	9	11	12	14	15	45	46	47	49	50	84	
397	7	11	13	15	16	19	25	81	83	85	88	91	
398	16	17	18	21	
413	92	
414	58	87	90	91	92	95	97	
415	53	83	85	87	88	88	89	91	94	96	101	
416	46	82	83	83	84	85	87	88	89	91	95	
417	17	18	40	46	48	81	82	84	85	86	88	89	
418	7	10	12	13	16	17	17	18	19	20	27	45	47	69	79	81	84	85	
419	8	11	12	14	15	16	18	19	20	20	22	24	26	44	68	81	
420	7	13	18	20	21	22	23	24	25	
421	22	23	24	25	58	
422	23	52	56	57	59	62	
423	51	51	52	53	54	
424	9	11	46	47	48	49	
425	10	11	13	14	16	18	91	98	
426	16	17	19	
427	62	
428	35	53	55	56	57	58	60	62	
429	48	50	51	52	53	54	54	
430	5	9	10	14	46	48	49	
431	7	10	11	12	13	13	14	15	16	18	82	86	91	98	
432	16	16	17	18	19	20	22	24	
444	57	
445	47	
446	47	49	52	54	87	90	91	93	96	
447	82	86	87	88	89	89	90	92	94	98	100	
448	46	53	67	82	84	86	87	89	90	91	92	93	96	101	
449	17	40	82	83	84	85	86	89	100	
450	9	12	16	16	17	19	42	48	69	79	80	81	83	84	85	88	
451	7	9	11	13	13	14	15	17	18	18	19	20	21	23	27	71	81	83	
452	12	14	19	20	21	22	24	25	
453	4	8	22	23	24	25	27	
454	25	
456	52	55	56	57	58	58	59	61	
457	48	50	51	51	52	53	54	55	58	63	
458	9	46	48	49	50	
459	2	6	8	11	12	13	13	14	15	16	19	81	82	84	85	88	92	93	
460	16	17	18	19	20	21	
461	57	
462	52	54	55	56	57	59	61	
463	48	50	51	51	52	53	54	55	
464	9	11	49	50	
465	1	4	6	8	10	11	12	13	14	15	16	
466	16	17	18	19	20	21	22	25	
478	57	58	59	62	
479	47	50	51	52	54	55	57	59	
480	42	45	46	47	48	49	50	51	53	53	82	84	86	87	88	90	93	
481	42	46	49	80	81	83	83	84	85	86	89	90	93	
482	9	14	16	17	18	19	40	47	67	69	80	81	82	83	85	86	88	
483	6	9	11	12	14	14	15	16	17	18	19	20	20	27	45	71	80	81	84	
484	12	15	17	18	19	20	21	24	71	
485	20	22	22	24	25	26	
486	22	24	
490	35	36	53	56	56	57	58	59	60	61	
491	48	51	52	52	54	54	55	
492	8	9	45	46	47	48	49	49	50	53	
493	2	7	10	11	12	13	14	15	16	18	19	83	88	
494	17	17	20	21	22	
495	23	57	
496	52	52	54	55	56	57	58	61	
497	50	52	53	53	54	55	60	91	
498	8	10	14	42	49	90	
499	1	6	7	10	11	12	12	13	14	15	16	19	83	
500	2	15	16	17	17	18	19	19	20	21	22	23	26	
501	18	
512	53	57	58	58	59	61	
513	30	48	50	51	52	54	55	55	56	57	59	61	
514	30	42	45	49	49	51	54	72	84	
515	11	13	14	19	41	45	49	65	69	72	82	84	
516	8	12	14	15	18	18	19	20	21	23	25	26	
517	21	22	24	25	
518	23	24	
519	23	
524	53	56	57	58	60	62	
525	33	50	51	51	52	53	54	54	55	55	58	59	
526	8	10	45	46	46	47	48	48	49	49	50	
527	1	5	6	10	11	12	14	14	15	43	46	
528	17	17	19	20	22	91	
529	57	92	
530	51	52	55	56	59	92	
531	51	53	54	82	84	86	87	88	90	92	93	95	99	
532	6	9	10	12	13	16	84	86	88	91	94	
533	8	9	11	12	13	14	15	15	16	16	17	18	19	19	20	
534	2	18	20	21	21	23	
535	23	
547	63	
548	55	63	
549	5	21	24	25	
550	23	23	24	
551	24	
558	58	60	
559	36	52	52	53	54	55	55	56	57	58	59	62	63	
560	46	47	48	50	50	51	52	53	
561	7	10	11	12	13	14	46	47	48	
562	15	82	84	86	87	88	90	92	93	96	98	
563	56	86	87	89	91	92	94	97	
564	52	54	83	84	86	87	89	90	91	93	94	96	99	
565	10	42	81	82	83	85	86	87	89	90	94	
566	8	9	10	11	12	13	14	15	15	16	17	19	19	69	83	86	
567	1	14	15	16	17	18	19	20	20	21	22	23	24	26	74	
568	21	22	24	
570	24	24	24	
575	97	97	98	
592	58	
593	52	53	55	55	56	57	59	60	62	63	
594	29	48	51	51	52	54	54	55	56	58	59	
595	5	10	45	46	47	48	49	49	50	51	53	57	
596	26	44	46	46	47	48	49	81	82	83	85	89	
597	46	47	81	82	83	84	85	86	87	88	89	90	93	96	
598	8	16	41	46	47	68	81	82	84	85	86	87	88	89	
599	9	11	12	14	15	16	17	18	19	80	82	83	85	
600	5	8	11	12	13	13	15	15	16	17	18	19	19	20	21	24	25	26	71	
601	18	20	21	22	23	24	
602	22	
627	34	60	62	
628	52	54	55	55	56	57	58	59	60	61	
629	32	48	49	50	51	52	52	53	54	55	56	57	58	59	61	64	
630	29	42	44	47	49	50	50	51	54	56	58	59	67	
631	18	21	40	45	47	48	49	51	54	58	63	80	81	84	86	
632	6	9	11	12	14	17	19	19	20	21	27	43	44	49	70	81	83	84	
633	7	10	12	13	13	14	15	17	18	19	19	20	21	24	24	27	68	
634	18	20	21	22	23	24	25	26	
635	22	25	
662	35	60	63	
663	55	59	61	
664	25	52	54	60	
665	22	23	25	27	65	
666	20	22	24	
667	20	22	23	24	25	
700	25	
827	50	
1161	1	
1172	68	
1211	30	
1212	94	
1213	14	
1230	80	
1236	68	
1240	48	
1256	80	
1278	70	
1284	75	
1292	84	
1297	104	
1301	34	
1308	89	
1310	32	87	
1312	12	
1317	31	
1320	4	
1323	104	
1328	16	
1333	43	
1338	67	
1342	95	
1343	26	
1344	97	
1350	36	
1355	70	
1359	76	
1368	58	
1370	32	32	
1373	17	
1375	46	
1376	43	46	
1377	46	
1378	42	47	54	56	
1379	48	54	58	
1380	46	56	
1381	68	
1382	53	
1384	8	72	
1386	7	
1405	46	
1406	20	42	47	
1407	22	26	42	46	
1408	16	22	38	46	67	
1409	17	18	20	27	43	47	53	56	59	64	
1410	19	21	24	26	46	47	49	52	56	62	71	
1411	20	23	26	40	43	46	47	49	51	56	58	70	
1412	20	41	45	47	49	51	56	57	59	70	
1413	21	32	45	46	47	48	50	57	73	
1414	46	47	48	51	66	69	
1415	48	50	
1416	46	56	
1417	49	
1433	100	
1435	99	
1436	17	
1438	47	
1439	46	
1440	15	16	20	41	47	
1441	9	14	16	18	19	21	42	46	
1442	13	16	18	18	19	21	23	26	41	66	71	
1443	15	17	18	19	21	24	48	58	58	60	63	71	
1444	21	23	23	27	29	44	51	54	60	62	68	
1445	21	24	50	52	55	58	58	60	63	
1446	22	25	26	51	52	54	57	58	59	61	
1447	21	23	24	26	32	50	51	53	53	55	56	58	60	
1448	32	35	43	44	49	50	52	54	56	57	60	
1449	42	45	46	47	48	48	49	51	56	61	69	
1450	46	47	49	51	59	
1451	45	47	48	
1452	53	
1454	12	
1465	70	
1468	70	71	
1469	19	
1470	47	
1471	16	
1472	17	19	41	46	
1473	7	13	14	16	18	20	42	48	67	69	
1474	14	16	18	18	19	21	25	26	67	
1475	11	14	17	18	19	20	21	24	65	
1476	12	15	20	22	24	26	
1477	21	22	24	
1478	23	24	
1479	24	88	92	93	97	
1480	91	92	95	97	
1481	55	62	91	92	
1482	16	25	30	53	54	56	57	59	60	63	
1483	25	50	52	53	54	56	56	58	61	
1484	28	47	48	49	50	52	54	56	58	
1485	44	46	47	49	52	
1486	46	
1502	17	
1503	11	15	
1504	42	46	
1505	12	14	16	18	19	20	26	39	47	
1506	12	14	15	16	18	18	20	21	24	71	
1507	10	14	17	19	20	22	24	26	45	72	
1508	13	15	21	23	24	26	
1509	21	22	23	25	93	
1510	87	92	93	95	98	
1511	87	87	90	91	92	94	95	
1512	54	87	91	92	94	98	
1513	46	83	85	86	89	90	98	
1514	8	14	82	85	85	87	89	90	92	96	
1515	10	12	14	82	86	87	88	88	89	91	94	99	
1516	87	90	91	92	93	96	
1517	16	53	55	56	57	59	60	63	91	92	96	
1518	48	52	53	53	54	57	59	62	
1519	44	46	47	48	49	51	55	
1520	46	48	50	59	
1526	87	
1531	66	
1534	46	
1536	16	18	47	
1537	11	15	16	18	20	40	
1538	6	10	12	14	15	16	17	18	20	21	42	
1539	5	9	12	13	15	16	17	18	19	21	23	24	70	
1540	21	22	23	25	56	
1541	22	24	92	
1542	87	90	91	93	94	96	
1543	54	86	87	89	90	91	92	94	97	
1544	9	82	85	86	87	88	90	92	95	98	
1545	15	57	63	82	83	84	85	86	88	88	90	99	
1546	17	21	53	54	55	56	59	81	82	86	89	
1547	44	46	48	51	56	81	84	85	
1548	47	50	53	80	82	83	85	88	
1549	5	12	79	80	81	83	85	88	91	
1550	8	9	10	13	14	15	16	81	82	85	87	88	90	
1551	7	12	15	18	34	57	61	86	88	88	90	92	94	99	
1552	16	17	18	20	53	54	55	55	56	58	59	60	
1553	38	46	47	48	49	50	51	52	54	55	60	
1554	48	49	51	
1566	69	
1567	17	44	
1568	16	41	
1569	12	13	17	20	29	41	47	73	
1570	10	14	16	17	18	20	22	24	29	48	71	
1571	6	9	12	15	16	17	19	20	21	24	43	71	
1572	11	13	14	19	21	22	23	25	56	74	
1573	21	22	23	24	
1574	24	53	57	87	88	91	92	95	97	
1575	54	86	87	89	90	91	94	96	
1576	82	84	85	86	89	91	100	
1577	80	81	82	83	84	85	87	88	90	
1578	9	13	79	81	82	83	84	86	89	
1579	7	11	15	17	18	58	63	81	85	90	101	
1580	16	17	18	19	20	23	55	55	56	59	62	71	83	
1581	46	47	48	49	50	51	52	54	57	59	
1582	46	49	56	84	
1583	9	85	98	
1584	9	13	13	16	82	83	86	90	94	
1585	6	7	11	12	13	14	15	17	19	58	80	81	83	83	85	87	90	98	
1586	16	17	19	20	23	53	56	56	57	59	60	82	90	
1587	46	47	47	50	51	52	53	55	
1588	46	48	50	54	60	
1592	75	
1601	11	16	
1602	12	14	16	17	18	19	21	25	
1603	12	14	15	17	19	20	21	24	43	
1604	10	12	14	18	19	21	22	24	
1605	21	22	23	
1606	25	90	91	92	
1607	54	87	89	90	91	92	93	95	97	
1608	82	85	86	87	89	90	92	94	101	
1609	80	81	82	84	85	86	87	88	90	93	103	
1610	80	81	83	85	86	89	
1611	81	84	94	
1612	8	12	90	
1613	6	9	11	12	13	14	15	16	24	84	
1614	16	17	18	20	22	25	26	53	54	55	56	57	58	59	60	62	84	
1615	23	47	48	50	50	51	54	55	56	62	
1616	49	50	52	
1617	48	
1618	9	18	
1619	7	10	11	13	13	14	15	16	19	23	23	58	
1620	15	16	17	18	20	21	24	55	56	57	58	59	61	
1621	22	47	47	50	52	53	53	54	55	56	58	60	
1622	44	48	49	55	
1623	51	
1634	8	13	14	
1635	10	12	14	17	19	
1636	11	13	14	15	16	17	18	19	20	23	27	
1637	17	20	21	22	23	25	
1638	22	24	25	92	93	
1639	54	90	90	91	95	97	
1640	53	84	85	86	88	88	90	91	94	98	
1641	82	83	84	85	86	88	89	92	
1642	80	81	83	84	85	87	89	
1643	80	84	85	91	96	
1644	85	90	104	
1646	8	14	
1647	6	9	10	11	12	14	15	17	58	
1648	13	15	16	16	17	18	19	23	23	52	55	56	57	58	59	61	
1649	47	48	49	50	51	51	53	53	54	
1650	45	46	48	48	49	51	
1652	9	12	17	43	
1653	5	7	9	10	12	13	14	15	16	18	18	20	24	
1654	13	17	18	21	22	24	27	52	56	57	59	60	62	
1655	22	48	49	50	51	52	53	54	55	56	
1656	49	54	
1657	63	
1658	59	
1663	87	88	88	
1665	95	
1667	15	
1668	9	
1669	6	9	11	13	14	15	
1670	8	88	92	96	
1671	55	87	89	90	91	93	94	96	
1672	83	86	87	89	90	92	94	99	
1673	81	82	82	84	85	86	87	89	90	92	93	
1674	80	81	83	85	86	90	95	99	
1675	80	82	84	87	89	99	
1676	33	84	
1677	84	
1679	14	
1680	13	94	
1681	7	9	10	12	14	14	15	16	
1682	13	15	16	17	19	21	23	25	52	53	55	55	57	57	59	59	61	92	
1683	21	23	30	50	51	52	53	54	56	59	
1684	30	44	46	47	48	49	50	52	54	60	66	
1685	9	13	41	45	47	48	
1686	9	11	14	15	16	18	20	25	26	72	78	
1687	4	7	11	13	15	15	17	17	19	21	22	24	56	57	58	62	70	
1688	20	21	22	25	52	54	55	57	62	
1689	49	51	53	54	56	87	89	91	94	
1690	53	91	
1693	82	
1695	44	
1697	89	
1702	9	14	
1704	81	87	90	94	101	
1705	82	83	85	87	88	90	93	99	
1706	80	81	84	85	86	89	92	94	99	
1707	79	81	83	85	87	90	95	
1708	84	89	
1714	10	22	
1715	5	6	9	11	14	24	
1716	7	12	13	15	16	19	24	60	62	82	84	91	
1717	16	17	19	21	31	52	54	55	58	58	60	
1718	32	40	50	53	61	
1719	6	9	12	13	16	40	45	49	71	
1720	7	10	12	14	15	17	19	20	22	23	26	58	69	
1721	13	18	20	21	22	24	25	27	52	53	55	56	59	
1722	50	52	53	54	58	91	92	95	
1723	52	53	82	84	85	87	89	91	93	98	
1724	85	88	
1736	14	
1738	82	83	86	90	
1739	80	83	84	85	88	91	
1740	80	83	89	
1741	84	
1742	84	
1748	19	
1749	6	10	13	
1750	7	10	12	13	14	19	81	87	89	97	99	
1751	13	16	20	23	62	83	85	87	89	90	93	93	96	
1752	16	18	19	
1753	11	22	23	24	58	
1754	15	22	24	57	60	60	
1755	50	52	53	54	55	57	59	92	98	
1756	52	54	83	86	88	88	89	90	91	94	97	99	
1757	79	82	84	86	89	92	97	
1758	86	
1760	1	104	
1763	8	
1764	6	
1769	100	
1770	62	
1772	20	
1774	89	104	
1779	5	
1782	12	
1783	11	
1784	5	9	11	15	85	
1785	7	8	10	11	13	14	20	81	82	84	86	89	91	102	
1786	13	15	86	87	90	91	92	93	95	
1787	88	91	92	95	98	
1788	54	55	91	92	93	94	95	
1789	83	86	87	88	89	90	91	93	95	
1790	80	81	82	84	85	87	90	93	
1791	84	89	
1792	83	
1798	5	5	
1814	33	
1818	5	84	
1819	8	13	15	81	84	90	100	
1820	7	11	81	82	85	87	89	92	96	98	
1821	81	82	83	84	85	86	89	90	92	93	95	
1822	82	83	85	87	88	89	90	91	93	95	98	
1823	80	81	82	84	84	86	88	88	90	94	100	
1824	80	83	84	87	91	99	
1825	84	
1845	40	
1850	47	
1851	12	
1853	88	
1854	81	84	91	
1855	81	82	83	85	89	
1856	79	80	82	84	86	91	103	
1857	81	84	
1858	98	
1878	102	
1881	29	
1882	11	42	
1888	88	
1889	85	90	
1891	9	
1904	84	
1913	89	
1914	18	
1923	9	
1924	98	
1929	100	
1961	80	
1962	20	
1963	41	
1967	63	
1997	42	
2001	97	
2015	41	
2018	75	
2022	38	
2028	66	
2029	23	
2055	65	
2061	80	
2062	35	
2081	38	
2086	57	
2087	9	
2094	16	
2095	101	
2098	49	
2111	8	
2115	15	
2170	17	
2184	4	
2187	3	
2192	7	
2203	26	
2218	13	
2268	98	
