111	36	
152	88	
214	92	
215	93	97	
216	88	92	
217	90	92	
218	87	88	92	
219	87	91	96	
220	93	
221	88	91	
222	92	
246	92	
247	87	89	90	93	97	
248	86	87	88	90	91	94	96	
249	81	82	85	86	87	88	89	91	93	95	97	
250	8	77	81	82	84	86	86	87	89	90	91	93	95	97	
251	82	84	86	87	88	89	90	92	94	95	
252	81	82	83	85	86	87	87	89	90	92	95	97	100	
253	82	84	86	87	88	88	89	91	92	93	95	
254	81	82	85	86	87	88	89	91	92	95	97	
255	8	11	14	81	82	84	85	86	87	89	90	91	93	95	98	
256	81	83	86	87	87	88	89	91	92	94	
257	82	86	88	89	91	95	97	
258	16	87	88	91	93	
278	93	
279	86	87	88	90	92	95	
280	82	86	87	89	90	91	94	96	
281	81	82	83	85	86	87	88	90	91	94	98	
282	78	80	81	82	83	84	85	86	87	89	91	93	95	98	
283	77	78	79	80	81	82	83	85	86	87	88	90	
284	77	79	80	81	82	83	84	85	86	88	90	100	
285	36	77	78	78	80	81	82	83	85	86	88	89	94	98	
286	77	79	80	81	83	84	85	86	89	95	
287	77	78	79	80	81	82	83	84	86	89	99	
288	14	78	79	80	81	83	83	84	85	88	93	101	
289	8	77	78	78	79	80	82	83	84	85	90	93	99	
290	11	15	77	79	81	82	83	84	85	87	89	95	
291	8	8	11	15	80	81	82	83	84	85	86	87	89	90	91	93	95	
292	12	17	81	82	83	83	84	86	86	88	89	90	92	95	98	
293	16	83	86	87	88	89	91	93	96	
294	17	88	93	
311	90	93	
312	86	87	88	90	91	93	95	
313	54	77	80	82	84	86	87	89	90	94	96	
314	36	78	79	81	82	83	83	84	85	86	88	89	93	95	
315	40	77	78	79	80	81	82	83	85	86	89	93	
316	18	39	42	46	47	57	67	77	79	80	81	83	84	
317	16	17	18	19	20	27	33	35	38	41	42	47	48	57	66	78	80	84	101	
318	17	18	19	20	21	27	28	38	41	43	45	46	47	56	57	59	67	70	78	79	
319	4	18	18	20	21	28	33	38	39	41	42	43	44	46	47	48	50	56	57	59	68	71	79	
320	19	20	21	23	30	34	40	42	43	46	47	48	52	56	57	59	66	72	78	79	
321	19	20	21	22	27	30	37	38	41	42	43	46	47	48	56	59	69	79	
322	19	20	21	23	28	29	33	34	37	40	42	43	43	46	47	48	58	66	69	79	
323	5	20	21	23	31	36	40	42	43	44	46	69	79	
324	21	41	67	68	79	80	84	
325	6	9	12	15	27	78	80	81	84	100	
326	9	11	13	14	79	80	81	83	84	85	86	89	94	
327	7	10	11	13	14	16	18	80	81	83	84	85	87	89	91	94	96	
328	16	18	19	81	85	86	87	89	91	96	
329	17	
343	51	
344	51	53	55	92	
345	49	50	52	55	83	85	87	88	89	90	92	94	97	98	
346	41	47	51	78	80	81	82	83	84	85	86	87	89	90	94	
347	17	36	39	42	47	67	77	79	80	83	85	88	
348	17	18	19	26	29	39	42	43	46	47	61	66	73	77	79	80	81	85	
349	9	12	13	16	18	18	20	21	39	42	62	67	70	79	
350	11	12	14	15	16	18	19	19	20	21	27	63	64	70	78	
351	13	14	15	18	18	19	20	21	22	24	27	44	45	49	55	58	59	71	
352	20	21	22	23	23	25	28	33	35	44	45	48	49	53	64	
353	21	22	23	25	44	51	54	63	
354	24	45	47	49	54	57	59	
355	21	23	24	45	52	53	55	58	63	65	
356	23	23	24	43	45	50	51	52	53	54	55	57	62	
357	23	25	44	45	47	48	49	50	51	52	53	54	56	57	58	
358	25	33	34	43	44	44	45	46	47	48	48	49	57	61	73	
359	31	38	41	43	44	46	68	78	
360	5	6	8	11	15	70	79	80	
361	6	10	11	12	14	79	80	81	83	84	86	88	93	
362	8	11	13	15	16	18	79	80	82	83	85	86	89	90	93	95	
363	16	17	19	23	83	87	89	91	94	
364	18	
375	56	
376	47	
377	48	50	51	54	
378	50	54	78	81	86	88	91	94	
379	37	55	67	77	79	81	82	84	86	88	89	93	
380	7	11	15	16	16	17	18	28	35	43	44	47	55	77	79	81	83	
381	12	15	17	18	18	19	20	42	44	47	62	64	70	
382	11	14	18	18	20	21	22	26	44	66	69	
383	15	20	22	23	24	25	28	31	44	45	64	
384	12	22	23	23	25	65	
385	22	24	
390	53	54	55	
391	52	54	55	88	91	93	96	
392	51	51	52	53	54	55	56	58	91	93	
393	44	45	46	47	48	49	49	51	88	91	96	
394	13	44	
395	8	10	14	80	96	
396	5	7	10	11	12	13	14	15	16	18	77	79	80	82	83	85	88	88	98	
397	12	15	16	19	21	79	81	83	85	87	89	91	95	101	
398	16	17	22	87	90	
409	56	57	
410	47	47	49	51	52	53	55	61	
411	39	42	43	45	46	47	48	49	53	
412	38	44	67	81	84	
413	7	10	11	14	14	26	28	68	79	81	83	98	
414	8	11	13	15	16	17	18	18	19	20	21	23	
415	20	21	22	23	25	45	
416	22	23	
417	24	
418	20	
423	52	
424	83	86	87	90	92	94	97	
425	81	82	85	86	87	89	90	91	93	95	97	
426	51	53	54	55	80	82	83	85	87	87	88	89	91	94	97	
427	37	47	49	77	82	83	84	85	86	89	91	93	96	
428	9	45	46	86	87	90	92	95	
429	11	85	
430	2	8	9	11	12	13	14	79	85	102	
431	7	10	11	12	13	14	15	16	19	78	78	80	81	84	86	87	89	97	100	
432	12	16	16	17	18	19	20	85	
433	18	
439	76	77	
443	52	57	
444	51	52	53	53	54	55	56	60	
445	33	41	43	45	45	46	46	47	48	49	50	59	
446	10	32	38	42	44	45	66	
447	5	8	11	12	14	15	19	71	
448	20	21	22	24	27	
449	22	23	
455	56	
456	48	51	53	88	97	
457	49	53	82	85	87	89	91	93	93	95	
458	38	79	80	82	83	84	85	86	87	88	90	93	95	
459	17	37	66	78	80	81	82	83	84	85	89	
460	17	18	42	47	51	67	78	79	80	81	84	86	
461	19	30	39	41	47	50	67	78	79	81	84	
462	79	81	84	
463	14	94	
464	9	10	14	16	
465	5	6	7	9	10	11	12	13	14	14	15	16	17	18	24	79	83	84	
466	13	16	17	17	19	20	21	22	25	84	
467	18	22	
478	55	
479	53	
480	45	
481	4	25	
482	22	
489	46	48	50	51	53	54	56	
490	45	50	51	55	86	90	92	94	
491	38	43	49	62	77	79	81	82	84	86	87	88	90	96	99	
492	16	18	19	37	42	47	61	66	78	78	79	81	84	
493	10	14	16	17	19	20	21	27	28	38	41	42	43	48	53	56	63	66	68	78	80	
494	20	21	22	23	34	42	44	47	47	50	51	52	54	56	58	67	70	
495	20	21	22	23	24	28	35	39	41	42	43	44	45	46	47	47	48	49	51	56	61	79	
496	30	39	42	43	44	46	47	48	72	
497	13	43	69	
498	9	14	
499	6	8	9	10	11	12	13	13	14	15	15	16	17	19	24	
500	15	15	16	17	17	18	19	19	20	21	22	24	85	
501	18	22	
521	56	
522	46	47	50	51	52	53	55	56	59	
523	46	49	49	51	54	91	
524	44	48	77	77	80	83	84	86	87	88	90	92	95	100	
525	9	11	12	13	15	18	64	68	77	79	81	84	85	89	
526	12	14	15	16	16	17	17	19	20	20	45	
527	18	19	20	21	22	23	24	27	43	45	
528	22	23	23	25	45	48	51	52	53	54	55	56	57	59	
529	24	34	43	43	44	45	46	47	47	48	49	50	51	51	52	53	54	56	59	65	
530	39	41	42	44	45	45	46	47	48	49	49	50	52	
531	31	40	43	45	46	48	70	
532	8	9	12	
533	4	6	7	10	10	11	12	13	14	14	15	16	16	19	19	22	24	68	
534	15	16	17	18	19	19	20	21	23	25	27	
535	18	22	
554	53	
555	51	52	53	57	59	
556	41	47	48	50	51	51	53	54	55	
557	44	45	46	48	49	50	86	88	93	96	
558	9	13	44	77	78	79	81	83	85	87	89	93	98	
559	3	7	9	11	11	12	13	14	14	15	16	18	68	79	
560	15	16	17	18	19	20	20	21	23	25	27	
561	21	22	
562	52	53	55	56	
563	33	47	48	50	51	51	52	54	54	55	56	57	58	
564	37	41	43	44	45	45	46	47	48	49	50	51	53	55	
565	44	45	48	
566	10	11	14	15	28	73	
567	2	6	8	11	12	13	14	14	15	16	16	17	18	19	20	21	23	68	
568	2	13	17	18	19	20	20	21	22	23	24	
569	22	
570	25	25	
575	97	97	
580	81	
588	57	
589	47	50	51	52	53	54	55	56	
590	41	45	46	46	48	48	49	50	51	54	61	
591	41	43	45	49	87	91	
592	9	10	11	13	15	18	77	80	85	
593	5	7	10	12	12	14	15	15	16	16	17	18	19	20	21	25	27	69	
594	15	17	20	21	22	23	24	26	
595	23	
596	53	56	
597	50	51	51	52	53	54	55	55	56	60	
598	44	45	46	47	48	49	50	51	
599	44	45	87	90	92	94	
600	7	9	11	12	14	14	16	17	18	28	
601	8	11	12	13	15	16	17	18	19	19	20	21	22	24	69	
602	18	19	21	22	23	24	26	
609	98	
621	26	
622	57	
623	48	49	50	51	52	53	53	55	56	59	
624	41	43	45	46	47	47	48	49	50	50	60	
625	8	44	
626	6	9	10	11	12	13	14	15	71	
627	12	15	16	17	17	18	19	20	24	
628	16	17	21	22	
630	52	53	56	
631	48	49	50	51	52	54	55	
632	49	50	62	86	88	89	90	92	93	97	99	
633	9	10	13	16	67	77	81	83	84	85	86	89	
634	4	6	8	10	11	12	14	15	16	16	17	18	19	20	25	
635	3	15	18	20	21	22	23	23	24	
636	22	
656	57	
657	50	51	52	52	54	55	55	56	57	60	
658	34	36	41	44	45	46	46	47	49	49	50	51	
659	43	44	45	46	48	
660	8	9	11	12	13	14	
661	7	11	12	14	15	20	24	83	86	88	89	93	97	
662	18	87	89	91	97	
663	53	57	87	92	97	
664	51	51	53	54	91	98	
665	49	50	86	88	89	90	92	94	99	
666	10	66	78	80	82	83	85	86	89	91	94	
667	7	10	11	12	13	14	15	16	17	19	26	67	81	
668	8	11	12	15	16	17	18	19	20	21	22	23	25	27	
669	3	21	22	25	
691	52	53	54	55	56	57	
692	45	47	48	48	49	50	51	52	54	60	
693	40	42	43	44	45	46	47	48	49	74	
694	5	10	44	
695	7	10	12	13	14	15	80	81	85	
696	13	16	80	81	83	84	85	86	87	88	89	91	94	96	
697	52	81	82	83	84	86	86	88	88	89	90	92	94	96	
698	50	54	81	82	85	86	87	88	89	90	93	95	
699	16	38	39	43	77	80	81	82	83	84	85	87	89	93	98	
700	10	11	14	15	16	19	79	82	83	85	88	
701	4	8	12	14	15	15	17	18	19	20	20	27	69	
702	18	20	21	22	23	24	27	
703	23	
725	53	55	58	
726	35	50	50	51	52	53	54	55	56	57	60	
727	30	33	42	43	44	45	45	46	46	47	48	48	49	50	51	58	61	
728	29	36	40	41	42	44	45	46	46	68	71	
729	3	8	9	40	46	73	78	
730	5	9	20	39	46	56	71	78	79	81	84	
731	15	18	19	37	39	42	47	67	70	79	80	82	84	85	
732	16	18	18	19	41	66	68	78	78	80	81	83	85	
733	8	8	10	12	14	15	16	17	18	19	20	26	28	42	43	65	66	79	80	
734	4	12	14	15	17	19	20	21	22	24	27	78	
735	21	22	23	23	25	
760	52	53	54	55	
761	35	47	49	50	51	53	54	55	56	59	
762	31	42	44	45	47	48	48	50	53	54	56	58	65	
763	25	33	34	37	39	42	43	44	45	46	48	49	58	61	65	
764	23	25	41	44	45	62	65	66	79	
765	11	15	17	19	21	23	24	43	43	45	48	62	70	78	
766	13	14	15	20	21	22	24	26	45	49	71	
767	20	22	23	24	44	
768	23	24	
795	54	
796	50	55	
797	45	49	55	65	
798	24	45	73	
799	25	
800	23	
1158	82	95	
1168	29	
1171	64	
1174	13	
1176	4	
1191	22	
1201	92	
1215	10	
1217	84	
1231	90	
1233	9	
1238	29	
1239	52	
1241	99	
1242	5	
1247	4	
1266	73	
1267	38	
1278	13	
1300	17	
1308	90	
1315	30	
1318	1	
1325	2	
1330	75	
1339	22	
1343	51	53	
1360	74	
1369	41	49	
1370	17	25	26	37	38	46	
1371	18	57	68	
1372	27	42	44	72	
1373	20	28	40	50	66	
1374	19	26	41	47	56	58	
1375	20	39	46	
1376	21	28	41	46	61	68	
1377	27	39	46	
1378	61	
1382	6	
1385	21	
1400	19	39	
1401	20	36	46	
1402	14	16	20	42	
1403	14	16	18	19	23	26	38	42	48	
1404	16	18	19	21	39	42	47	54	60	68	
1405	17	18	19	21	25	27	34	39	42	45	47	50	62	67	68	
1406	20	22	27	40	42	44	46	50	56	59	
1407	19	20	23	32	39	42	45	47	48	68	70	
1408	19	20	22	32	41	43	44	47	50	58	64	
1409	18	20	22	24	26	28	38	42	47	49	57	59	65	68	71	
1410	20	21	32	37	39	42	44	46	48	50	54	57	
1411	20	22	30	41	42	44	46	47	49	56	65	69	
1412	23	32	40	43	45	46	47	49	66	70	
1413	22	31	39	46	51	
1414	4	40	45	47	48	
1419	19	
1432	24	
1434	20	26	41	45	67	
1435	12	16	18	19	20	33	40	46	
1436	10	13	14	16	17	18	20	22	41	44	69	
1437	14	16	17	19	20	21	23	42	44	48	48	63	69	
1438	18	18	20	21	22	23	25	27	28	33	44	47	51	55	61	64	68	
1439	20	22	23	25	43	45	49	55	56	59	59	
1440	22	24	32	33	43	44	48	51	53	62	65	93	
1441	21	23	23	25	35	43	45	51	55	59	93	
1442	22	24	43	45	52	55	62	65	93	
1443	22	24	32	33	43	45	50	53	55	57	58	92	
1444	24	44	45	49	55	57	59	64	
1445	22	23	25	32	35	43	43	44	47	48	48	49	51	53	53	56	58	59	65	92	
1446	24	30	36	40	43	44	45	46	47	48	49	50	52	55	57	
1447	21	24	32	38	41	43	44	46	48	49	51	54	54	56	59	64	69	
1448	30	42	44	46	48	48	49	69	
1449	39	45	69	
1450	71	
1451	65	
1454	68	
1459	90	
1464	75	
1466	37	38	
1467	12	13	16	17	19	26	
1468	12	14	17	18	18	19	22	43	44	67	73	
1469	11	13	15	16	17	18	19	20	21	23	24	33	43	64	
1470	12	15	20	21	22	25	64	68	
1471	13	20	22	23	24	28	
1472	22	23	24	
1473	86	87	88	89	90	92	95	97	
1474	83	86	86	87	89	90	90	92	95	96	
1475	82	85	86	87	90	91	92	94	96	
1476	83	87	88	88	89	90	93	94	95	
1477	82	83	86	87	88	88	89	91	94	96	
1478	86	87	89	90	92	93	95	97	
1479	54	82	83	86	86	87	89	90	91	93	95	
1480	16	25	50	52	53	53	55	58	87	88	88	90	91	95	
1481	16	17	24	36	43	44	45	48	49	51	52	54	56	60	63	88	91	92	
1482	32	42	43	44	45	46	47	48	49	50	51	54	58	67	
1483	32	38	42	44	45	47	51	
1484	42	44	46	50	70	
1485	70	
1491	63	
1499	12	13	19	67	
1500	10	14	16	18	19	25	41	
1501	10	12	14	16	17	19	19	21	70	85	
1502	11	13	13	14	15	18	20	21	23	24	68	
1503	21	22	23	25	93	
1504	25	86	87	90	91	96	
1505	50	86	87	89	90	92	95	96	
1506	82	83	86	86	87	88	89	90	92	93	95	97	
1507	77	78	80	81	82	84	85	86	87	89	90	94	
1508	76	77	79	81	84	85	87	88	92	
1509	76	77	79	80	81	82	83	84	85	88	94	
1510	76	77	79	80	81	82	83	85	86	89	91	99	
1511	77	79	80	81	82	84	85	92	97	
1512	77	78	79	81	82	83	84	85	86	88	90	
1513	8	9	12	77	79	80	81	82	84	85	85	90	95	99	
1514	7	10	12	14	77	80	81	82	83	84	85	87	89	95	
1515	8	12	17	50	51	53	54	55	58	78	81	82	85	86	87	89	91	94	
1516	16	17	18	19	33	45	47	49	50	51	53	54	55	56	58	61	86	89	97	
1517	39	42	43	43	44	45	46	47	48	48	49	50	52	55	57	
1518	39	42	44	46	49	50	72	
1519	47	72	
1532	14	16	
1533	8	11	14	16	18	21	66	
1534	10	12	13	15	16	17	19	20	22	24	
1535	12	18	20	21	22	24	26	
1536	23	25	88	92	95	
1537	83	86	87	89	90	93	94	96	
1538	77	80	81	82	83	84	85	86	88	88	89	91	93	97	98	
1539	53	77	79	80	81	82	83	84	85	86	89	91	95	98	
1540	76	77	79	80	80	82	84	86	88	91	
1541	79	80	83	86	90	
1542	79	83	
1543	79	90	
1544	20	78	80	86	
1545	80	84	
1546	14	16	40	46	79	83	
1547	14	16	18	20	27	39	47	79	84	
1548	15	16	18	19	21	39	46	78	80	
1549	8	8	10	11	12	13	14	16	18	19	20	68	70	79	79	81	83	
1550	13	15	16	17	19	20	23	51	52	53	54	55	56	60	79	81	85	
1551	18	21	34	42	46	48	49	50	50	51	53	55	56	57	58	
1552	39	42	43	44	45	46	47	48	48	49	50	52	54	57	
1553	42	43	45	46	50	70	
1555	58	
1556	82	
1564	94	
1565	76	
1566	11	16	21	
1567	7	8	10	11	12	13	14	16	19	
1568	12	17	19	21	24	52	
1569	22	46	48	50	92	
1570	81	82	86	89	95	99	
1571	78	78	80	81	83	84	86	89	
1572	77	78	79	81	84	91	
1573	78	79	81	84	88	
1574	78	81	84	93	
1575	78	82	83	
1577	90	
1578	26	42	
1579	13	14	16	17	18	20	27	28	40	67	
1580	14	16	17	18	20	21	23	40	47	65	67	
1581	16	17	19	21	27	28	41	44	46	64	
1582	12	17	19	20	21	23	24	28	43	46	63	68	69	
1583	5	8	10	13	13	14	18	19	21	22	24	44	
1584	12	15	19	21	22	25	26	53	55	56	
1585	21	22	34	48	51	52	54	55	56	58	
1586	35	39	42	44	45	46	46	47	48	49	49	50	51	53	55	59	
1587	41	43	44	45	46	49	50	51	55	56	
1588	44	
1593	59	60	60	
1595	78	78	
1600	8	12	
1601	8	10	12	14	
1602	50	51	55	86	90	
1603	81	82	86	87	88	89	91	94	96	
1604	53	77	79	80	82	84	86	89	91	93	99	
1605	80	
1606	80	84	
1607	82	87	
1610	27	
1611	19	39	
1612	9	12	14	16	18	20	
1613	11	12	13	15	16	17	19	20	21	24	45	68	68	
1614	12	14	18	20	21	22	23	25	27	27	44	
1615	22	24	
1616	23	24	88	
1617	14	24	91	92	96	
1618	16	24	91	
1619	17	51	52	53	54	55	55	56	57	59	
1620	34	40	42	47	49	50	51	51	52	53	54	55	57	59	
1621	41	43	44	45	46	47	48	49	50	52	62	
1622	43	
1627	9	
1636	79	83	83	87	89	97	99	
1637	79	80	81	83	85	88	91	
1638	82	85	
1639	84	
1640	93	
1642	19	
1645	9	12	13	15	16	
1646	6	10	12	13	14	15	16	17	18	18	19	20	22	25	72	72	73	
1647	12	18	19	20	21	22	23	25	28	69	
1648	22	98	
1649	86	87	88	89	91	93	94	96	
1650	8	78	83	86	87	88	89	90	91	93	94	96	
1651	9	11	14	77	81	82	83	84	85	86	87	88	89	91	94	97	99	
1652	13	15	17	78	81	82	84	86	87	89	90	92	94	96	99	
1653	16	17	20	52	54	55	56	57	83	87	90	92	
1654	43	47	47	49	50	50	51	51	52	53	54	55	59	
1655	32	42	44	45	46	48	48	49	50	52	55	56	
1656	45	
1657	56	58	76	
1658	69	
1659	40	
1661	76	
1665	98	
1671	79	81	84	
1674	17	
1677	24	
1678	8	16	18	28	
1679	10	12	13	15	16	17	19	
1680	8	12	13	15	16	17	18	18	19	20	22	24	27	48	52	56	58	70	74	
1681	21	22	46	49	
1682	83	87	88	90	91	94	97	
1683	78	79	79	80	82	84	85	87	89	92	
1684	76	77	78	79	80	81	84	85	87	89	94	99	
1685	11	14	78	79	81	84	86	
1686	8	10	11	13	13	14	15	20	78	79	79	81	83	83	85	89	94	
1687	12	15	16	17	19	20	51	52	53	55	57	78	79	81	82	84	85	87	88	92	96	98	
1688	23	34	42	47	50	51	52	53	54	57	
1689	44	45	46	49	50	52	53	90	93	95	
1690	44	91	98	
1697	91	
1704	87	
1711	6	19	
1712	7	8	10	13	14	16	18	
1713	10	11	12	15	16	16	19	20	56	
1714	16	17	18	20	21	22	23	26	35	42	46	47	48	49	50	51	53	54	68	
1715	22	44	46	49	51	91	97	
1716	52	77	79	80	82	84	86	88	91	95	
1717	79	80	83	84	89	
1718	79	83	91	
1719	5	6	11	78	86	95	103	
1720	7	8	10	11	13	14	19	79	83	88	
1721	7	12	13	15	15	16	16	17	18	19	20	27	51	51	52	54	55	55	57	79	80	84	
1722	17	21	23	43	46	47	50	50	52	53	54	
1723	44	46	48	50	78	82	86	88	89	91	93	
1724	41	81	86	90	
1731	81	
1734	94	
1736	97	
1738	73	
1742	89	
1743	40	40	
1745	9	
1746	8	10	12	13	14	20	
1747	5	6	12	14	15	16	18	19	20	23	23	25	52	53	55	56	
1748	21	22	24	47	49	50	50	52	54	55	56	59	
1749	43	48	48	51	82	85	87	88	90	93	98	
1750	81	86	89	
1751	15	
1753	10	15	27	
1754	9	11	12	13	14	16	18	22	24	29	56	
1755	7	11	12	15	16	17	17	19	20	22	23	48	51	52	54	55	56	68	79	
1756	9	21	22	46	49	50	51	53	55	60	88	89	91	94	97	
1757	48	77	81	82	84	86	87	89	91	97	
1758	54	81	85	91	
1774	62	
1779	10	
1780	3	6	9	11	12	13	14	18	56	
1781	8	11	12	15	16	17	19	23	25	50	51	52	53	54	55	57	
1782	3	17	18	20	21	22	41	45	46	49	51	
1783	39	43	46	48	53	76	79	81	85	
1784	50	79	85	
1785	31	
1786	18	24	
1787	9	11	14	15	16	19	
1788	5	7	10	11	12	13	14	15	16	17	18	20	21	26	28	56	
1789	20	21	22	25	47	50	51	52	54	
1790	49	51	54	59	83	84	86	87	89	91	93	95	
1791	77	79	80	82	84	86	89	92	94	
1792	86	
1799	1	1	1	
1812	21	22	
1813	10	
1814	9	10	12	13	15	
1815	5	7	11	12	15	18	19	21	34	49	50	51	53	53	54	55	57	82	
1816	16	18	19	23	42	45	46	47	48	49	50	51	60	87	
1817	31	34	37	39	42	44	46	47	49	59	71	76	
1818	37	42	47	51	67	
1819	19	33	42	
1820	9	14	16	19	23	43	65	67	
1821	8	10	12	14	15	16	18	19	21	26	56	65	
1822	13	19	19	20	22	23	26	48	48	52	53	54	56	73	
1823	21	22	49	51	54	87	91	93	96	
1824	50	77	79	81	82	84	85	86	88	90	94	98	
1825	79	82	84	
1838	95	
1839	13	
1843	16	
1847	4	
1848	5	9	13	
1849	7	10	11	13	13	14	15	17	19	53	54	55	56	58	82	85	
1850	16	17	19	20	23	34	45	47	49	50	52	54	55	57	62	80	82	83	85	88	89	96	
1851	18	30	41	43	44	46	48	48	49	54	56	60	
1852	31	40	43	44	46	48	53	59	67	70	
1853	21	23	30	42	44	47	62	65	66	
1854	9	13	13	20	22	45	56	
1855	21	23	24	51	53	56	
1856	48	50	52	56	92	98	
1857	52	81	83	85	86	87	89	90	96	
1858	80	82	85	88	97	
1860	39	
1865	92	103	
1874	40	
1879	67	
1881	3	
1882	10	14	
1883	1	6	8	10	11	13	14	20	25	80	
1884	7	11	12	15	55	80	82	84	87	90	95	
1885	18	45	51	53	83	87	89	90	92	94	95	98	
1886	55	88	91	93	98	
1887	24	90	92	
1888	24	51	87	88	92	
1889	51	53	82	87	89	90	91	94	96	
1890	78	82	84	85	86	87	88	90	94	
1891	54	78	80	81	84	88	89	93	
1892	79	
1894	95	
1901	54	
1902	13	
1908	99	
1913	95	
1917	13	15	18	98	
1918	8	9	11	15	81	85	91	96	
1919	9	12	77	78	80	81	83	84	85	86	88	90	93	
1920	77	78	81	82	83	85	86	87	89	90	95	
1921	82	86	88	88	89	91	95	
1922	55	77	80	81	83	85	86	87	89	95	
1923	55	77	79	80	82	83	84	86	88	91	94	
1924	79	81	84	86	93	98	
1925	78	81	85	
1937	7	
1942	26	
1944	5	
1952	79	83	
1953	79	81	85	98	
1954	78	79	82	83	84	86	94	
1955	78	79	81	83	83	84	87	89	94	
1956	79	81	88	88	94	
1957	78	80	85	92	
1958	79	90	
1987	93	
1988	82	96	
1989	81	
1990	80	
1993	93	
2001	94	
2013	25	
2018	77	
2023	89	
2025	49	
2029	6	
2033	53	
2039	5	
2049	16	
2055	34	
2058	18	
2065	5	21	
2089	26	
2109	10	
2143	3	88	
2162	21	
2167	19	
2173	11	
2204	9	
2229	16	
2245	4	
2307	4	
