14	102	
52	83	
84	68	69	71	81	82	
149	92	96	
150	87	91	93	96	
151	87	88	90	91	93	94	98	
152	93	
180	92	98	
181	90	92	93	95	
182	90	91	93	94	96	
183	86	87	88	89	90	91	93	94	96	98	100	
184	11	81	82	85	86	87	88	88	89	90	91	93	94	97	99	
185	7	9	13	15	82	83	85	86	87	88	89	90	91	94	96	
186	10	12	15	16	82	84	85	87	88	89	91	92	94	96	99	
187	87	90	91	92	94	97	
188	17	18	88	92	93	
213	54	88	91	92	96	
214	86	88	89	90	91	93	94	97	
215	83	85	87	88	89	90	92	95	98	98	
216	46	81	82	84	85	86	87	88	89	90	91	94	97	99	
217	36	42	46	47	57	66	70	81	82	83	84	85	86	87	88	89	90	96	100	
218	18	47	47	49	80	81	82	83	84	85	89	
219	9	12	45	46	46	47	49	69	80	81	82	84	85	86	89	99	
220	6	10	13	14	46	47	81	82	83	84	85	86	87	89	90	91	95	99	
221	7	9	11	15	81	82	84	85	86	87	88	89	90	92	93	96	99	
222	10	13	15	16	82	84	86	87	89	91	92	94	97	98	
223	16	18	19	87	90	91	93	95	
224	16	
244	56	58	
245	55	58	
246	53	53	56	87	88	90	92	93	97	100	
247	82	83	85	86	87	89	90	91	93	94	96	99	
248	42	47	82	83	83	85	86	87	89	90	91	94	97	100	
249	16	18	80	81	82	84	85	86	88	89	93	
250	16	17	19	19	20	26	44	47	49	52	60	70	79	80	81	82	83	84	85	89	
251	19	20	21	27	43	44	49	52	57	58	59	61	66	70	80	81	83	85	
252	20	20	21	23	27	29	38	45	49	50	52	54	55	56	57	59	60	61	70	81	84	
253	20	21	22	23	26	31	44	45	46	48	48	49	50	51	52	53	56	57	58	58	59	69	75	
254	2	21	27	38	44	45	46	47	47	48	48	49	50	51	81	83	
255	7	10	12	13	23	26	44	45	46	47	47	48	49	70	80	81	82	83	84	89	99	
256	8	9	10	12	14	20	46	80	81	83	83	84	86	87	88	90	95	100	
257	6	10	11	13	14	81	82	83	83	85	86	87	88	90	91	95	98	98	
258	16	18	19	82	86	87	91	93	94	97	
259	17	
278	52	54	56	58	91	92	
279	52	54	59	86	87	89	90	91	92	93	96	100	
280	52	81	83	84	85	87	89	90	92	93	95	101	
281	14	16	18	81	82	84	85	86	89	99	
282	8	10	13	14	16	17	18	18	19	42	45	48	73	80	81	84	85	
283	10	12	14	15	17	18	18	19	20	21	23	45	71	79	81	83	
284	17	20	21	21	22	23	24	26	30	43	52	
285	21	22	24	25	
286	23	24	25	34	55	58	60	
287	33	51	52	53	54	55	56	57	58	59	59	61	64	
288	29	49	50	51	51	52	53	54	54	55	56	56	57	59	60	61	
289	28	37	44	45	47	48	48	49	50	51	52	56	58	72	
290	3	4	6	9	14	44	45	46	47	47	48	49	50	71	81	
291	6	10	11	12	14	15	46	48	80	81	82	84	86	89	90	93	
292	6	8	11	13	13	14	15	17	19	81	81	82	84	85	86	88	88	90	91	94	97	
293	16	17	20	83	85	87	90	92	97	
294	18	
309	56	
310	52	56	
311	55	57	90	91	93	97	
312	52	53	85	86	87	89	90	91	92	94	98	102	
313	54	81	83	83	85	86	87	88	89	90	94	98	99	
314	10	13	16	17	18	19	43	68	70	80	81	83	84	85	88	99	
315	8	11	12	14	15	16	17	18	19	20	21	45	80	83	
316	13	14	19	20	20	21	21	23	23	25	27	
317	15	20	22	23	24	25	
318	21	23	24	
319	24	
321	62	
322	53	55	57	58	60	62	
323	32	51	52	53	54	55	55	56	56	57	58	58	59	60	62	
324	25	30	36	45	47	48	49	50	51	51	54	56	56	59	
325	6	9	14	44	45	46	47	48	48	49	50	51	70	84	
326	2	7	9	11	12	13	14	15	46	48	81	82	83	85	87	91	93	100	
327	10	12	13	14	15	16	17	19	21	81	83	85	88	89	90	91	94	97	100	
328	16	17	18	20	83	87	92	98	
329	18	
343	52	56	58	62	
344	48	51	52	53	92	98	
345	50	53	54	85	87	88	89	90	91	93	94	97	103	
346	9	80	82	83	84	85	86	87	88	88	89	90	93	97	
347	10	12	13	14	16	17	19	80	82	84	85	89	
348	8	11	14	17	17	18	18	19	20	20	21	23	25	32	45	
349	12	15	17	20	21	22	23	24	25	
350	21	22	24	
351	23	
357	57	58	59	61	
358	33	51	52	53	53	54	55	56	57	57	59	60	60	74	
359	8	47	48	49	50	50	51	54	56	58	60	63	
360	5	8	10	13	45	46	47	48	49	50	84	
361	7	9	10	11	12	14	15	20	48	82	83	84	86	90	93	96	
362	12	16	18	19	21	23	83	85	87	89	91	93	94	98	
363	16	18	
375	57	
376	56	57	59	
377	47	48	49	51	52	54	59	
378	45	46	49	51	53	55	58	82	85	86	87	90	91	94	103	
379	9	14	48	80	81	82	83	85	86	87	89	90	95	101	
380	6	9	11	12	14	15	16	19	28	81	83	84	86	89	
381	11	13	14	15	16	16	17	18	18	19	20	20	22	23	
382	17	20	21	22	22	23	25	
383	22	25	
391	63	
392	35	55	56	56	57	58	59	60	61	63	
393	51	51	52	53	53	54	55	56	59	60	
394	8	13	45	47	48	49	50	50	51	54	
395	3	4	6	9	10	12	14	15	82	85	89	94	
396	8	11	12	13	13	15	15	16	20	82	84	86	88	89	92	94	
397	16	17	18	19	20	22	88	92	97	
410	53	55	56	57	58	59	60	61	
411	34	47	48	50	50	51	52	53	54	55	56	57	59	63	
412	44	45	46	47	47	49	49	50	51	52	53	79	81	84	86	89	93	100	
413	9	11	14	45	46	48	49	80	82	83	84	89	95	
414	7	9	10	11	12	13	14	15	15	17	18	24	27	72	
415	5	13	14	16	17	18	19	20	22	23	24	
416	18	22	25	
426	56	58	59	62	
427	51	52	54	55	55	56	60	88	92	
428	51	53	
429	9	11	13	15	50	
430	2	6	8	9	10	11	12	14	15	15	81	83	83	85	91	99	
431	12	13	15	17	18	18	20	22	83	86	87	91	95	
432	16	17	21	
444	54	55	57	58	59	60	
445	32	34	51	52	53	54	55	55	56	57	57	59	60	62	66	
446	43	44	48	49	49	50	51	51	54	55	56	57	58	
447	9	13	27	28	42	45	45	46	47	49	49	50	51	67	69	73	85	
448	1	4	7	9	11	12	13	14	15	16	19	20	21	41	45	46	49	71	
449	7	11	12	15	17	18	18	19	20	20	22	71	
450	20	22	
458	57	
459	53	91	96	
460	86	88	90	91	92	93	96	100	
461	53	54	58	82	83	85	86	87	88	89	90	91	93	96	100	
462	32	46	47	50	68	87	90	92	94	
463	4	9	44	46	47	47	48	89	
464	7	9	10	11	13	14	15	20	46	88	100	
465	7	10	11	13	14	15	16	17	19	81	83	85	87	89	91	93	99	
466	16	16	17	18	19	20	22	99	
469	52	53	
470	53	
479	55	62	
480	32	51	55	59	61	
481	5	24	28	53	63	
482	4	14	22	24	25	
483	20	22	23	24	
484	22	
491	57	58	
492	50	52	54	56	92	96	
493	48	50	52	53	86	88	89	90	92	93	96	102	
494	40	46	81	83	84	85	86	87	89	90	91	94	97	99	
495	16	17	18	19	36	55	57	59	81	82	83	84	85	89	99	
496	17	20	20	26	28	28	44	47	49	51	51	53	54	56	57	58	59	71	81	83	85	88	
497	21	22	26	44	46	46	47	48	48	49	50	51	53	59	71	
498	2	8	10	11	13	15	44	46	49	50	84	
499	6	7	10	11	12	13	14	15	15	16	16	18	19	81	82	85	94	100	
500	16	16	17	18	18	19	20	20	21	22	23	
524	57	
525	47	51	52	53	54	55	56	58	62	
526	46	49	50	52	54	59	87	89	90	93	94	
527	46	49	81	82	84	85	86	88	89	91	93	95	100	
528	9	11	14	15	16	17	18	19	19	41	70	79	80	81	84	85	
529	17	18	18	19	20	21	24	45	58	62	79	81	
530	21	22	23	24	25	26	49	51	52	53	54	55	56	57	57	59	60	61	
531	47	48	49	50	51	51	52	53	54	55	55	59	
532	4	8	9	11	44	45	46	47	48	48	49	49	50	51	
533	6	7	10	11	11	12	13	13	14	15	16	18	19	
534	16	17	18	18	19	20	21	22	24	
535	21	22	
557	58	
558	53	55	56	57	60	
559	47	48	49	50	51	52	54	54	59	93	
560	49	50	54	82	83	85	87	88	90	98	98	
561	7	10	11	12	14	15	16	17	19	29	69	80	82	84	
562	13	14	15	16	17	18	20	21	21	24	
563	21	22	22	23	24	25	73	
564	52	53	55	56	57	57	59	60	62	
565	50	50	51	52	53	53	54	55	55	56	58	
566	10	13	14	47	48	49	50	51	
567	7	8	11	12	12	13	14	15	15	16	17	18	19	
568	13	16	17	17	19	19	20	21	22	23	25	
569	18	22	
591	57	
592	51	52	55	56	57	58	60	62	84	85	
593	47	49	50	51	53	53	54	85	89	
594	10	11	14	48	82	84	87	89	93	
595	10	12	13	15	16	17	18	19	20	24	
596	17	21	22	23	24	25	26	
597	57	
598	53	55	56	57	59	61	
599	47	48	49	50	51	52	53	54	54	55	56	58	
600	9	45	47	49	50	
601	6	7	9	10	11	12	12	13	14	14	15	16	18	
602	16	17	17	18	18	19	20	20	21	24	
603	22	
621	26	
625	56	57	61	
626	52	53	54	55	56	58	59	
627	45	46	47	48	49	50	54	85	89	
628	5	7	9	11	12	13	14	48	81	84	90	93	
629	12	15	16	17	19	20	24	
630	17	18	20	22	
631	57	
632	52	53	54	55	56	57	58	58	60	
633	45	46	47	49	50	51	52	53	54	54	55	56	90	
634	9	13	46	48	50	91	
635	7	8	11	12	12	13	14	15	15	16	16	17	18	19	20	
636	17	17	19	20	20	21	22	23	25	
637	22	
655	23	24	
659	56	57	62	
660	36	48	51	52	53	53	54	55	56	57	58	59	62	96	97	
661	46	47	49	50	50	52	54	84	
662	3	7	9	10	11	14	14	48	82	85	89	
663	7	11	12	13	14	15	16	17	18	19	23	82	
664	16	17	17	20	21	
665	57	57	61	
666	51	52	53	54	55	56	58	60	
667	47	49	49	50	51	52	54	54	84	89	
668	7	9	10	11	12	13	49	83	84	86	88	99	
669	5	6	8	10	11	12	12	14	15	16	17	18	18	19	20	24	
670	15	17	18	19	20	21	22	23	25	
693	56	57	58	60	
694	51	52	52	54	54	55	56	57	58	59	62	100	
695	46	47	48	49	50	51	52	53	54	
696	4	6	9	10	12	14	45	
697	4	7	11	12	13	14	15	15	16	17	18	19	23	87	92	99	
698	16	17	18	19	20	21	25	
699	57	57	61	
700	48	51	52	52	53	54	55	56	58	60	
701	8	49	50	50	51	53	87	89	91	95	
702	6	9	10	11	12	13	14	48	88	96	
703	8	11	12	15	16	16	17	17	18	19	19	20	21	25	
704	20	21	23	25	
717	15	
727	58	62	
728	51	52	53	55	56	57	57	58	59	60	62	
729	45	47	49	50	50	51	52	54	55	
730	9	11	14	44	45	46	47	47	48	49	50	
731	5	7	10	11	12	13	14	15	15	83	87	92	97	102	
732	16	17	18	19	21	23	25	86	90	92	97	
733	55	56	57	60	
734	51	52	53	54	55	59	93	
735	14	49	50	53	83	86	87	89	91	94	98	101	
736	6	8	9	10	11	12	13	14	14	15	18	19	86	
737	5	12	15	16	17	17	18	19	20	20	24	25	26	
738	21	22	23	
761	58	
762	52	53	55	57	57	58	59	60	
763	48	50	51	51	52	52	53	53	54	55	56	59	60	61	63	
764	5	10	43	44	45	46	47	48	48	49	49	50	
765	5	8	8	10	12	14	15	26	46	47	49	83	
766	13	15	18	46	82	84	86	87	88	90	91	93	94	96	100	
767	53	57	83	86	88	89	91	92	93	96	
768	54	55	83	87	88	89	91	92	95	99	
769	9	10	13	14	16	49	53	82	84	85	86	87	89	90	93	
770	4	7	11	12	12	13	14	15	15	16	16	17	18	19	20	24	72	83	
771	17	18	19	20	21	22	22	23	24	
796	57	60	62	
797	31	51	52	52	53	54	55	56	57	58	58	59	60	61	
798	32	41	45	49	50	51	52	53	54	55	56	56	58	59	
799	5	11	26	43	45	45	46	47	48	48	49	49	50	70	83	
800	5	8	12	44	46	47	49	71	80	82	83	85	89	99	
801	46	48	48	58	80	81	82	84	85	86	87	89	90	94	98	98	
802	40	46	50	54	81	82	84	85	86	87	88	89	90	94	98	
803	6	9	10	11	14	14	15	16	17	19	81	84	85	99	
804	3	5	7	12	13	15	15	16	16	17	17	18	19	19	20	21	22	23	24	69	
805	18	20	21	22	23	23	25	26	
831	60	62	
832	35	52	53	54	55	57	57	59	60	61	
833	24	35	51	51	52	54	55	56	57	57	58	59	61	
834	5	24	25	27	42	45	47	49	50	51	52	53	56	57	60	69	
835	26	40	45	46	48	48	49	50	52	53	57	61	71	80	83	84	
836	8	10	11	14	18	19	20	22	26	41	44	45	47	49	50	67	69	72	80	81	84	
837	10	11	13	13	14	15	18	19	19	20	21	22	24	45	49	71	
838	2	15	18	19	20	21	21	22	24	25	
839	21	23	
867	52	54	60	
868	28	51	55	59	62	64	
869	15	23	25	54	59	
870	14	21	24	24	26	
871	5	6	15	22	24	24	25	27	
872	22	25	
1157	55	
1166	56	
1172	13	
1201	51	
1217	49	
1228	81	
1231	20	
1234	46	
1236	82	
1238	91	
1239	66	67	67	
1242	8	46	
1243	45	
1246	11	
1249	8	
1250	102	
1271	56	
1272	47	
1273	43	44	46	
1274	46	87	
1285	73	
1289	86	
1298	45	
1301	41	
1302	20	46	
1303	42	67	
1304	46	68	
1305	17	18	21	43	45	47	53	56	59	66	
1306	20	22	26	42	45	47	49	52	57	59	67	
1307	22	45	46	47	48	50	53	56	59	63	
1308	36	43	43	46	47	48	50	59	
1309	46	47	49	56	
1310	46	50	
1311	46	
1312	58	
1315	22	
1320	72	
1322	72	
1333	17	19	
1334	20	39	
1335	16	20	
1336	17	19	48	50	
1337	14	17	18	20	42	45	48	70	
1338	15	17	19	20	21	23	47	67	71	
1339	15	16	19	20	21	23	24	26	28	45	52	57	60	71	
1340	18	20	21	24	45	50	53	55	56	57	59	61	
1341	21	22	23	25	26	28	42	45	50	51	52	54	56	57	58	61	
1342	25	45	48	50	51	52	54	56	59	
1343	23	25	27	44	47	49	50	52	54	56	58	61	72	
1344	44	46	47	48	50	51	56	68	69	
1345	46	49	
1346	44	67	
1349	30	37	
1350	30	
1360	102	
1366	20	
1368	16	20	45	46	
1369	12	13	16	18	19	20	25	43	
1370	15	17	18	19	20	21	26	29	45	50	62	67	69	
1371	11	15	17	19	20	21	23	23	25	26	45	49	
1372	10	13	14	15	20	22	24	26	28	70	
1373	20	22	23	24	
1374	22	23	23	24	25	
1375	24	55	60	61	61	93	
1376	24	33	51	54	55	56	57	58	59	60	
1377	24	32	34	42	50	51	52	53	55	58	59	
1378	24	42	45	46	47	48	48	49	50	51	54	56	57	61	70	
1379	27	45	46	47	48	49	50	52	53	68	
1380	44	47	49	51	72	
1381	46	52	
1384	101	
1398	29	
1399	13	22	
1401	9	12	14	16	17	19	21	45	73	
1402	9	12	13	15	16	18	19	20	21	22	23	70	
1403	11	13	15	17	19	20	20	22	24	45	70	
1404	15	21	22	24	27	
1405	23	75	
1406	91	92	
1407	87	88	90	91	92	93	95	96	
1408	9	83	86	87	87	89	90	91	93	94	97	101	
1409	12	86	87	88	89	90	91	94	96	
1410	16	18	87	88	91	92	96	
1411	16	17	20	25	53	54	55	57	59	60	
1412	25	29	37	51	52	52	54	55	56	57	58	58	60	
1413	31	48	50	51	52	53	54	55	56	57	59	62	
1414	45	46	47	49	50	50	53	53	54	56	59	71	
1415	43	46	48	49	53	71	
1416	48	
1418	54	
1421	70	
1427	7	
1433	11	16	
1434	10	12	13	15	17	19	21	26	
1435	7	9	11	13	14	17	18	18	19	20	21	24	
1436	12	17	19	20	22	23	25	26	
1437	21	22	23	24	26	
1438	91	92	97	
1439	87	88	90	91	92	93	95	97	
1440	82	83	85	86	87	88	89	91	93	93	97	98	102	
1441	80	81	82	84	85	86	88	89	90	94	98	
1442	81	82	84	85	86	88	90	93	
1443	9	11	13	79	80	81	82	84	84	85	89	94	99	
1444	7	9	10	12	14	82	83	84	85	86	89	91	94	96	98	
1445	13	17	82	86	87	88	89	90	91	93	93	94	97	101	
1446	17	19	55	60	61	91	93	98	
1447	51	52	54	55	55	56	57	58	59	61	
1448	45	47	49	50	51	52	53	54	56	58	
1449	44	46	46	47	48	49	50	53	59	
1450	43	47	49	
1452	76	
1463	24	
1465	22	
1466	10	14	20	28	44	
1467	9	11	14	16	18	18	19	20	43	70	
1468	8	11	13	14	15	16	17	18	19	20	22	23	27	
1469	13	21	22	23	25	28	
1470	22	24	54	92	98	
1471	53	87	90	91	92	95	97	
1472	82	83	85	86	87	88	89	91	93	93	97	99	
1473	81	82	83	83	84	85	86	88	89	90	93	96	
1474	80	81	84	86	88	
1475	80	81	83	85	90	94	98	
1476	80	83	85	87	91	
1477	12	17	81	84	88	
1478	11	81	83	84	85	89	
1479	8	9	11	13	14	15	16	58	80	81	82	83	84	85	87	90	99	
1480	7	12	15	17	81	82	86	87	88	90	91	95	
1481	16	17	18	53	55	55	57	61	87	88	90	91	95	98	
1482	17	32	43	51	52	55	56	58	58	59	61	63	
1483	45	47	48	48	49	50	51	52	53	55	56	68	72	
1484	45	46	47	49	50	
1487	74	
1488	60	
1490	67	
1492	13	
1493	77	
1497	22	
1499	12	27	
1500	10	12	14	15	16	17	18	19	21	24	71	
1501	8	10	12	14	15	16	17	17	19	20	20	21	24	44	72	
1502	21	23	24	28	46	52	57	58	
1503	23	25	49	51	54	92	96	
1504	52	53	85	86	88	89	90	92	94	96	
1505	81	82	84	85	87	88	90	92	94	97	99	
1506	80	81	84	85	88	89	
1507	79	81	84	103	
1508	84	96	
1509	86	
1510	86	
1512	88	104	
1513	4	9	12	18	81	83	96	
1514	8	10	12	13	15	81	82	83	84	86	88	90	95	99	
1515	6	11	12	15	16	18	19	81	82	83	84	85	86	88	89	91	93	97	102	
1516	16	16	17	19	20	35	49	52	53	54	55	55	56	57	58	60	62	87	91	97	
1517	42	50	51	52	53	54	55	56	57	59	60	
1518	45	46	47	48	49	50	51	52	54	56	58	
1519	45	47	49	55	57	
1523	10	
1524	31	44	74	
1532	10	
1533	9	11	12	14	18	19	
1534	11	13	13	14	15	16	16	17	18	19	20	21	24	57	70	
1535	17	20	21	22	23	24	26	52	56	58	58	86	
1536	22	24	46	47	49	50	51	52	53	54	57	
1537	48	48	50	52	54	83	85	86	89	91	93	95	99	
1538	79	81	82	83	85	86	88	89	95	99	
1539	80	81	83	84	87	90	
1540	48	82	83	
1541	87	
1543	56	
1547	17	85	
1548	5	9	15	82	84	88	
1549	7	9	10	11	12	13	13	14	15	16	19	80	81	84	86	96	
1550	13	16	17	17	18	20	21	57	60	62	81	83	87	89	96	
1551	17	18	22	51	52	53	54	55	56	56	57	58	59	61	
1552	45	46	47	48	50	51	51	52	54	57	59	
1553	45	46	47	48	49	50	52	54	59	
1566	10	15	18	
1567	6	8	9	11	12	13	14	14	15	16	19	24	26	
1568	8	13	16	17	18	19	21	24	
1569	17	21	22	52	53	54	55	56	57	60	61	
1570	50	50	51	52	54	55	56	58	58	64	
1571	45	49	50	52	55	80	84	89	
1572	49	59	81	83	86	
1576	102	
1581	17	40	
1582	8	14	16	18	19	21	47	
1583	4	9	10	11	12	14	14	15	16	17	19	20	23	45	69	84	
1584	7	12	13	15	16	18	19	20	21	22	26	58	82	
1585	20	21	23	27	34	55	56	56	57	59	60	
1586	12	50	51	51	52	53	54	55	56	56	58	58	60	
1587	45	46	46	47	48	49	50	51	52	53	53	57	
1588	45	46	48	50	56	
1589	67	
1593	63	63	
1594	63	64	86	
1600	11	14	
1601	8	9	10	10	11	12	13	14	16	19	
1602	7	12	15	87	90	92	94	
1603	55	62	83	87	88	90	91	92	94	94	96	98	
1604	53	54	55	87	88	91	93	95	97	
1605	54	65	88	91	
1606	53	
1607	88	
1612	39	
1613	15	16	
1614	15	19	23	25	26	
1615	7	12	14	16	17	19	20	26	42	
1616	8	12	14	16	18	18	19	20	22	30	
1617	5	9	11	13	14	17	18	19	20	21	23	25	44	72	
1618	12	19	21	22	23	23	25	26	
1619	22	34	57	58	60	62	
1620	52	53	54	54	55	56	57	59	59	61	
1621	45	46	47	48	50	51	52	54	55	58	60	
1622	46	49	50	53	
1623	50	74	
1634	13	
1635	5	11	20	
1636	12	14	81	83	85	89	97	98	
1637	81	82	84	85	85	87	89	90	91	95	100	
1638	82	83	85	86	87	88	89	90	91	94	96	101	
1639	89	95	
1641	90	
1645	16	
1646	27	
1647	12	17	
1648	10	12	14	15	16	18	19	21	42	
1649	7	11	13	15	17	18	20	21	22	24	70	
1650	21	23	24	25	74	
1651	23	25	
1652	88	92	95	97	
1653	16	87	88	90	91	92	95	98	
1654	16	18	35	52	52	55	56	57	59	59	61	63	64	
1655	47	48	50	51	52	53	53	54	54	55	56	58	
1656	47	48	49	55	56	59	
1657	58	
1666	97	
1670	85	88	95	
1671	81	83	83	84	87	96	
1672	80	81	82	84	85	87	89	94	103	
1673	80	82	83	85	88	91	
1674	92	94	
1680	14	
1681	6	8	11	14	15	17	18	
1682	5	9	11	12	13	14	15	16	17	20	21	22	24	
1683	20	21	22	23	23	25	56	
1684	22	25	52	54	92	96	
1685	53	83	87	88	90	90	92	94	96	
1686	10	14	81	82	85	86	88	89	90	93	93	93	95	98	101	
1687	8	11	12	13	14	15	16	20	57	81	82	82	84	84	85	86	89	91	93	96	101	
1688	17	18	18	19	34	35	54	55	56	57	58	59	60	86	89	92	94	
1689	47	47	51	52	53	54	55	56	
1690	45	46	48	50	54	60	64	
1691	48	
1695	27	
1702	31	
1705	86	
1706	88	93	
1707	89	102	
1712	54	
1713	76	
1714	11	13	81	82	
1715	8	8	10	11	14	15	17	18	
1716	4	13	16	17	20	21	23	24	57	59	
1717	5	21	22	46	49	51	53	54	54	58	98	
1718	51	82	83	85	86	87	89	90	92	94	97	99	
1719	8	81	82	83	84	85	86	89	90	98	99	
1720	10	14	80	82	83	85	93	
1721	7	8	10	11	12	13	14	15	16	18	80	81	83	86	88	
1722	16	16	17	19	20	21	22	23	54	55	55	56	56	57	58	59	60	61	82	84	85	88	
1723	47	47	50	51	52	52	53	54	55	
1724	46	48	49	50	55	
1725	49	58	63	78	
1727	77	
1738	92	
1741	88	
1748	5	10	12	13	14	17	18	87	88	
1749	7	11	12	14	15	16	17	19	20	25	63	
1750	2	18	20	22	23	25	48	53	55	58	59	74	
1751	46	48	49	50	53	54	87	89	95	
1752	80	81	84	85	88	89	95	
1753	80	82	84	87	88	95	
1754	6	10	84	90	
1755	5	8	8	10	11	12	13	14	15	16	16	19	20	23	26	83	
1756	17	18	19	20	21	22	24	27	52	53	56	57	57	60	62	
1757	22	46	47	48	50	51	51	52	54	55	57	59	
1758	47	49	53	56	
1762	86	
1775	24	
1780	19	
1781	9	13	31	
1782	9	11	13	15	29	
1783	5	7	16	17	19	20	25	57	59	61	
1784	17	18	20	21	22	25	48	52	54	55	56	57	59	62	
1785	44	46	47	48	49	50	51	54	55	56	81	84	89	
1786	45	46	50	54	83	
1788	7	9	11	14	18	22	
1789	4	7	10	11	12	13	14	15	16	16	17	18	18	20	23	
1790	17	17	21	22	25	26	53	55	56	57	58	59	61	63	
1791	46	48	50	51	52	53	54	55	57	59	92	
1792	50	53	91	
1797	44	
1798	4	4	4	5	
1814	24	
1815	11	
1816	6	9	10	12	13	15	16	28	
1817	7	11	12	15	15	16	18	18	19	20	23	57	62	
1818	17	21	22	53	54	54	55	56	57	58	59	62	
1819	45	46	47	48	49	50	51	54	61	
1820	47	49	83	
1821	14	44	
1822	8	10	11	13	15	17	
1823	5	6	11	12	15	16	17	18	20	24	56	57	
1824	17	18	21	23	24	52	53	55	57	59	
1825	49	50	52	54	55	56	61	86	88	89	92	95	
1826	48	54	87	89	
1827	53	
1833	63	
1843	13	
1849	6	7	8	
1850	7	9	10	12	14	20	
1851	6	12	14	15	15	17	18	19	21	24	26	57	
1852	9	17	20	22	35	51	52	53	54	55	56	57	59	61	63	
1853	45	46	47	48	49	50	50	52	54	56	57	
1854	45	47	49	
1855	10	
1856	6	9	10	12	14	15	16	18	20	23	
1857	7	12	13	14	15	15	16	17	19	19	20	24	56	57	57	60	
1858	18	20	21	22	25	48	51	52	53	53	54	55	56	59	
1859	47	49	50	51	54	82	84	86	90	104	
1860	55	86	
1883	5	10	13	
1884	6	9	10	13	15	20	
1885	7	11	12	12	14	15	15	17	21	57	
1886	16	17	18	21	22	25	54	55	55	56	57	58	58	60	
1887	31	48	50	51	52	53	53	54	57	60	
1888	32	44	45	46	47	48	49	50	51	56	
1889	10	14	44	46	49	68	73	
1890	7	9	11	12	14	15	16	17	19	20	22	23	26	44	
1891	7	13	15	19	20	21	21	24	25	26	34	43	56	57	58	58	60	
1892	22	23	47	48	49	50	51	52	53	54	55	59	62	
1893	45	47	49	52	54	58	67	85	89	91	93	99	
1894	84	94	
1898	52	
1904	94	
1907	9	
1913	6	
1918	9	12	14	
1919	5	7	9	10	11	12	14	15	16	19	87	93	94	
1920	16	17	19	20	23	55	57	58	60	82	83	86	88	91	93	
1921	21	33	52	53	54	55	56	57	59	61	63	
1922	24	31	38	48	49	50	51	53	54	
1923	9	11	14	24	44	49	
1924	7	10	12	13	14	14	15	17	19	20	21	22	23	45	58	70	
1925	21	22	24	52	56	59	60	
1926	23	49	50	51	53	53	54	55	56	58	60	63	91	96	
1927	50	83	83	86	88	
1928	84	
1951	14	
1953	5	8	9	10	12	13	14	16	
1954	7	12	13	15	15	16	18	80	82	84	86	88	88	91	94	98	
1955	62	87	88	91	93	96	97	
1956	17	54	92	
1957	14	18	24	
1958	8	20	22	24	25	26	56	57	60	
1959	22	25	51	52	52	55	57	60	
1960	51	54	83	86	88	88	90	91	93	97	
1961	53	86	89	94	
1976	41	
1979	26	83	
1987	5	8	13	91	
1988	5	9	11	82	85	90	93	98	
1989	6	9	11	13	15	18	82	83	85	86	89	90	92	94	97	100	
1990	10	12	13	15	18	85	87	88	88	89	91	93	95	98	98	
1991	87	91	92	93	96	97	
1992	55	62	88	91	91	93	98	
1993	54	55	87	88	90	91	92	93	93	95	97	100	
1994	54	80	82	84	85	86	89	91	95	
1995	85	
2000	25	
2010	8	
2012	54	
2014	65	101	
2015	72	
2022	13	14	84	95	
2023	9	21	80	82	84	86	88	91	
2024	13	80	81	82	84	85	87	90	93	
2025	82	83	84	85	87	88	89	91	96	100	
2026	82	82	83	84	85	86	89	89	90	95	100	
2027	81	82	83	84	84	85	86	88	89	90	94	
2028	80	82	84	85	88	96	
2029	83	99	
2039	77	
2058	82	85	
2059	80	82	84	86	
2060	78	80	81	83	84	86	88	95	
2061	80	82	84	86	99	
2062	89	
2092	95	
2094	65	
2112	53	
2125	99	
2149	4	
2159	15	21	
2165	99	
2201	26	
