15	68	
218	98	
219	87	90	92	96	
220	91	93	96	103	
221	87	90	92	95	97	
222	87	88	89	91	93	95	98	
223	87	90	91	95	97	
224	91	95	97	
225	17	92	
250	87	91	97	
251	87	90	91	93	94	96	
252	85	86	87	88	88	89	90	91	93	95	97	
253	81	83	85	86	87	88	89	90	91	93	94	96	98	
254	82	83	84	85	86	87	88	88	89	90	91	92	94	96	98	100	104	
255	6	81	82	84	85	86	87	88	89	90	92	93	96	98	
256	8	81	82	85	86	87	87	89	90	91	95	98	
257	8	81	83	84	86	87	87	88	89	90	92	93	95	97	
258	9	12	15	81	82	84	85	86	87	88	88	90	91	92	93	96	98	
259	16	86	87	89	90	92	94	96	
260	16	88	91	93	
282	92	
283	83	86	87	90	92	93	96	
284	82	85	86	87	88	89	90	91	92	93	95	97	
285	81	82	84	86	87	88	88	89	90	92	94	97	99	
286	9	37	39	46	81	82	83	83	84	85	86	87	89	90	93	
287	18	43	45	46	46	48	69	79	80	81	82	84	85	88	99	
288	42	46	46	47	49	56	68	79	80	81	82	84	85	86	93	100	
289	7	42	46	46	47	56	72	78	80	81	82	83	84	85	88	95	
290	46	47	49	69	80	81	82	83	84	85	87	89	
291	7	9	14	78	79	80	81	82	84	85	86	88	90	95	
292	3	7	9	11	13	15	79	80	81	82	84	85	86	87	89	90	94	96	
293	10	12	14	80	81	82	83	85	85	86	87	88	89	90	92	94	96	100	
294	8	12	14	16	81	82	85	86	87	89	90	92	95	97	98	
295	16	18	87	92	
296	18	
315	52	55	56	87	91	92	95	98	
316	54	83	85	86	87	89	90	92	94	97	98	
317	54	81	82	84	85	86	87	88	88	90	91	93	95	99	
318	36	42	46	79	80	81	82	83	84	86	86	89	90	94	96	
319	16	32	41	66	79	80	81	82	84	85	88	
320	7	13	15	16	17	19	19	28	41	45	52	58	60	62	70	79	80	82	84	
321	17	18	20	20	21	24	30	34	44	49	51	52	55	56	57	59	60	62	70	78	80	
322	19	21	21	22	23	26	29	45	48	49	50	51	53	56	57	58	59	60	70	72	79	
323	22	24	45	47	48	49	50	51	53	56	57	60	71	78	
324	49	50	56	58	78	79	
325	9	49	78	79	85	
326	10	13	78	79	82	83	86	
327	2	4	7	9	10	15	78	79	81	82	84	85	88	88	90	97	
328	7	9	11	12	13	14	14	16	18	78	78	80	81	82	83	85	86	87	88	89	91	95	100	
329	8	12	15	16	17	20	82	85	87	88	89	90	92	95	97	
330	16	17	18	21	88	
346	56	
347	53	56	
348	53	54	87	88	90	92	96	
349	53	78	81	82	85	86	87	88	88	90	91	93	95	97	
350	38	80	81	82	83	84	85	86	87	88	89	91	93	96	
351	17	18	41	46	61	78	78	79	81	82	83	84	86	98	
352	9	13	16	17	18	19	20	31	44	46	50	70	79	81	83	
353	7	8	10	11	13	14	16	18	18	19	20	21	22	27	43	45	50	70	72	79	
354	12	15	17	20	20	21	23	24	44	72	75	
355	21	22	23	24	24	58	59	63	63	73	
356	24	52	54	56	58	60	
357	50	52	53	54	55	56	60	63	73	
358	49	51	52	54	56	59	75	
359	41	47	49	67	87	
360	46	
361	8	11	45	47	49	81	86	
362	3	5	7	9	10	11	13	14	15	79	81	85	88	99	
363	7	11	12	13	14	15	16	18	19	22	79	81	84	86	87	89	91	95	
364	13	16	17	17	19	20	85	
365	18	
379	58	
380	52	56	
381	50	52	54	56	59	86	87	90	92	93	97	
382	50	52	53	55	80	82	85	86	87	89	90	92	94	96	100	
383	39	80	81	82	84	85	86	89	
384	7	9	10	12	13	15	16	18	19	26	41	44	71	78	79	80	82	84	
385	6	11	12	13	14	15	16	17	19	19	20	22	24	27	35	69	71	80	
386	12	15	16	18	20	21	22	23	23	25	27	71	73	
387	7	11	21	22	24	25	
388	3	23	25	
389	53	55	57	59	
390	50	51	53	54	56	58	58	
391	33	48	48	50	52	53	55	87	89	91	94	
392	38	53	86	88	90	94	
393	16	17	18	19	28	37	38	44	46	53	55	56	57	59	60	66	68	
394	19	20	22	29	44	45	46	47	48	49	49	51	52	56	58	68	71	
395	22	43	44	45	46	47	48	48	49	73	
396	5	9	10	14	46	47	49	82	85	
397	3	7	9	10	11	12	13	14	14	15	18	78	79	81	83	87	90	96	98	
398	12	13	15	16	17	19	20	21	22	24	81	85	87	88	91	93	
399	17	21	
404	66	66	67	
413	56	57	59	
414	50	51	52	53	54	57	58	91	93	96	
415	50	52	53	81	85	86	88	89	90	93	94	97	
416	80	81	82	83	85	86	88	90	95	100	
417	8	8	10	11	12	14	14	16	17	19	40	73	79	81	84	
418	10	12	13	13	14	15	16	17	18	18	19	20	20	21	23	26	70	
419	6	16	18	19	20	21	22	23	24	26	74	
420	22	24	
421	74	
422	56	57	
423	51	52	53	54	55	56	59	
424	46	47	49	50	52	53	54	55	58	87	97	
425	48	50	54	81	82	83	85	87	89	90	93	99	
426	7	9	10	11	13	15	16	18	40	45	73	81	84	99	
427	15	16	17	18	19	20	21	24	58	59	61	71	
428	21	22	23	24	27	30	44	50	51	52	53	54	55	56	57	57	59	60	61	75	
429	23	31	45	46	47	48	49	50	51	51	52	53	54	65	69	73	
430	5	10	24	44	45	46	47	48	49	50	
431	5	6	8	8	9	10	12	14	15	48	73	80	84	
432	10	11	12	13	14	15	16	16	19	20	23	80	83	86	89	98	
433	16	16	17	18	19	21	
434	18	
446	53	56	58	58	
447	51	52	54	56	58	60	93	
448	49	50	52	53	53	54	55	60	86	87	90	91	95	100	
449	9	49	81	83	83	85	86	87	89	91	96	
450	6	9	10	11	13	14	78	80	82	83	86	88	
451	5	7	10	11	12	14	15	15	16	16	17	19	19	20	23	25	27	72	
452	5	13	15	18	19	21	22	22	24	
453	23	
456	57	58	60	
457	51	51	52	53	54	55	55	57	59	60	63	
458	46	47	49	50	51	54	87	91	94	
459	8	10	11	14	16	19	42	81	84	86	88	
460	12	13	14	15	16	17	17	18	19	20	21	23	28	70	
461	18	19	21	22	24	25	75	
462	22	52	54	55	56	57	57	58	58	60	61	
463	48	50	51	52	52	53	53	54	55	55	56	57	59	64	
464	45	46	47	47	48	49	50	50	51	73	
465	6	8	8	10	11	13	14	46	48	49	
466	7	10	11	12	13	14	15	17	18	20	22	24	79	84	89	96	
467	16	17	18	19	20	22	87	
468	18	22	
479	56	57	
480	52	54	56	57	59	
481	47	48	50	52	53	53	54	55	58	59	87	91	96	
482	48	49	50	55	81	82	84	85	87	88	89	91	93	96	99	
483	9	10	80	81	83	84	86	
484	7	8	9	10	11	12	13	13	14	14	15	16	
485	12	13	15	17	18	19	20	21	24	
486	16	17	20	22	
490	56	57	58	59	62	
491	47	51	51	52	54	55	55	61	
492	9	32	47	49	49	51	53	83	87	91	
493	5	6	8	9	10	11	12	13	14	15	18	19	73	84	
494	17	17	20	21	22	23	25	
495	22	25	
496	57	58	61	63	
497	48	51	52	53	53	54	54	55	56	57	57	59	60	61	
498	46	47	48	49	49	50	50	51	53	54	
499	7	9	10	13	15	49	50	
500	1	7	11	11	12	13	14	15	15	16	19	81	84	89	
501	16	16	17	18	18	19	20	21	23	24	
502	21	
513	53	56	57	58	61	
514	47	51	51	52	54	55	56	59	
515	45	46	47	48	48	49	50	51	52	53	54	63	84	86	90	93	
516	46	49	54	81	82	84	85	87	90	94	
517	8	11	13	28	41	69	80	89	98	
518	5	6	9	10	12	14	15	16	17	18	20	24	38	42	47	71	
519	6	9	11	12	13	13	15	15	16	17	19	20	41	89	
520	16	17	18	18	19	21	
524	53	55	56	57	57	59	62	
525	47	48	50	50	51	52	53	54	55	58	
526	9	10	45	46	47	49	50	85	
527	6	9	11	12	13	14	15	15	
528	13	16	16	17	18	19	20	21	23	
530	57	61	
531	51	52	52	53	54	54	55	55	56	57	58	59	61	
532	46	47	48	49	50	51	51	52	54	
533	8	9	13	49	50	
534	2	5	7	11	12	12	13	14	15	15	16	17	18	100	
535	12	15	16	17	17	19	19	20	21	22	23	28	
536	18	22	
547	52	55	56	57	59	60	62	
548	50	51	52	52	53	54	54	55	56	56	57	58	60	
549	31	45	46	47	47	48	49	50	50	53	54	58	84	
550	33	40	43	45	46	48	50	61	72	82	84	
551	7	9	11	14	16	17	18	19	20	38	43	45	66	70	
552	9	11	12	13	14	16	17	18	19	20	22	26	46	70	72	
553	11	14	15	16	18	18	19	20	21	22	25	70	80	
554	21	22	23	25	
557	58	
558	52	56	57	57	59	61	82	
559	47	50	51	52	52	53	54	55	58	
560	9	13	45	46	47	48	48	49	49	50	
561	7	10	11	11	12	14	15	15	24	
562	16	17	18	20	21	
563	23	
564	53	56	57	58	60	
565	51	51	52	53	54	54	55	56	57	58	60	64	
566	46	47	48	48	49	50	51	52	
567	9	10	11	14	46	
568	1	5	7	9	10	11	12	13	14	15	16	17	18	18	19	23	25	28	
569	13	15	16	17	18	19	20	21	22	23	
581	58	59	61	
582	32	35	52	53	54	55	56	57	59	60	61	63	
583	42	45	49	50	51	54	55	56	60	
584	8	11	13	19	24	27	41	44	45	48	48	49	51	65	70	
585	11	12	14	15	16	19	20	21	23	25	27	44	69	72	
586	12	15	17	19	20	22	22	24	24	73	
587	21	22	23	25	75	
592	53	56	57	58	59	61	63	84	
593	50	51	52	52	53	54	54	55	56	57	58	59	
594	8	45	46	46	47	48	48	49	50	50	51	
595	5	7	9	10	11	12	14	15	46	81	
596	7	11	13	14	15	16	19	22	24	82	86	87	88	90	93	97	101	
597	16	17	18	20	
598	56	57	58	61	
599	51	52	52	54	55	55	56	56	57	59	60	
600	47	48	48	49	50	50	51	53	54	
601	5	7	9	10	11	13	14	15	
602	5	8	10	12	13	14	15	16	16	17	19	19	21	
603	15	17	18	19	20	21	22	23	24	28	
606	15	15	
616	55	
617	53	61	64	
618	24	45	74	
619	5	22	23	25	
626	57	57	58	60	62	
627	51	52	52	54	55	56	57	57	59	61	
628	32	43	45	46	47	47	48	49	49	50	51	52	53	
629	5	8	10	11	14	45	46	46	48	49	
630	6	10	11	12	14	15	15	16	81	83	85	86	89	91	94	101	
631	13	16	18	19	22	86	87	89	91	93	94	97	
632	57	62	97	
633	52	52	53	55	56	57	58	60	92	
634	50	51	53	88	89	91	94	
635	4	7	9	10	11	12	13	14	15	16	18	
636	5	11	12	13	15	15	16	17	17	18	19	20	21	24	25	
637	18	20	22	23	
652	93	
660	61	
661	52	53	54	55	56	56	57	58	58	59	60	61	63	
662	47	48	50	51	52	53	53	54	55	56	57	58	
663	5	9	43	43	45	46	46	47	48	49	49	50	74	
664	7	8	10	11	13	14	47	78	80	81	84	87	88	98	
665	2	10	12	15	79	81	82	83	85	86	88	88	89	90	92	95	
666	82	86	88	90	91	92	93	95	97	
667	52	55	60	83	86	87	87	89	90	91	92	94	96	
668	8	9	40	54	82	84	86	87	88	89	90	92	93	96	99	
669	4	5	7	8	9	10	11	12	14	14	15	16	17	18	
670	13	15	16	17	18	18	19	20	21	24	25	72	
671	17	21	22	
695	57	57	61	63	
696	48	50	51	51	52	53	53	54	55	56	57	57	58	59	60	62	
697	30	42	45	46	47	47	48	49	49	50	51	54	56	71	74	
698	4	10	44	45	46	47	48	48	49	71	
699	5	7	10	12	15	46	78	80	81	83	85	90	96	98	
700	79	80	81	83	84	85	86	88	89	90	91	94	96	100	
701	39	46	54	66	78	79	80	82	82	84	85	86	87	88	89	91	94	96	98	
702	9	10	13	16	78	80	81	82	84	85	87	
703	3	5	8	9	10	11	12	13	14	15	16	16	17	18	18	19	20	24	70	
704	15	17	18	18	20	21	22	24	27	
705	23	
730	52	54	55	56	57	57	58	58	60	61	
731	30	35	48	50	51	51	52	52	53	53	54	55	56	57	57	59	60	61	
732	3	30	38	42	44	45	47	47	48	49	50	50	51	52	54	56	57	59	71	
733	25	26	42	44	45	46	47	47	48	49	49	50	70	72	79	83	
734	20	28	39	43	45	46	47	48	48	71	80	81	84	
735	6	8	10	13	16	17	20	39	42	46	66	69	79	79	81	82	84	
736	6	10	11	12	13	14	15	16	16	17	18	18	19	19	20	22	25	26	30	70	80	
737	5	8	11	12	14	15	17	19	20	20	21	22	23	24	25	70	
738	2	21	22	23	
764	53	58	62	
765	52	54	55	57	60	61	62	
766	30	50	51	52	53	53	54	55	56	57	58	59	61	
767	25	29	45	47	49	50	50	52	54	56	58	61	68	76	
768	9	14	19	22	23	42	43	45	49	50	69	71	78	83	
769	10	11	14	15	16	19	20	20	22	24	27	45	49	69	71	79	
770	8	13	15	17	20	21	22	23	24	25	26	45	68	
771	22	23	25	
800	61	
801	33	53	62	74	
802	15	24	25	
803	4	22	23	25	
804	24	73	
1163	10	
1168	9	
1169	42	
1175	29	
1181	45	
1197	25	
1206	76	
1210	15	
1211	83	
1213	46	
1215	40	
1230	50	
1236	77	
1241	57	
1244	8	
1248	9	
1253	1	
1276	57	
1277	52	
1279	10	
1295	100	
1300	28	
1307	48	
1308	60	
1312	9	
1314	52	
1340	20	26	48	58	
1341	46	
1342	39	46	51	57	
1343	27	47	51	
1344	40	46	56	
1345	27	47	
1346	46	
1348	37	81	
1351	11	
1371	42	62	
1372	51	
1373	15	17	19	26	40	
1374	16	19	42	48	50	56	
1375	17	19	20	27	36	43	47	50	57	59	66	69	
1376	19	20	47	49	56	63	71	
1377	20	43	44	46	47	48	50	54	57	58	71	
1378	21	27	40	46	47	49	52	57	60	70	
1379	20	26	31	43	44	47	48	48	50	57	59	70	
1380	46	47	49	52	70	
1381	45	46	47	49	52	70	
1382	47	49	65	73	
1391	79	
1393	92	101	
1402	20	
1403	63	
1405	20	49	
1406	10	14	17	19	23	43	46	51	66	70	
1407	11	14	17	19	20	22	27	40	43	47	61	71	
1408	16	17	19	20	21	24	29	42	45	47	57	61	66	69	
1409	17	18	19	20	22	23	26	32	45	50	52	55	58	60	71	
1410	19	20	22	23	25	35	45	49	50	57	60	63	71	
1411	20	21	23	25	27	44	50	51	54	56	59	62	63	71	
1412	20	21	23	43	44	49	51	54	57	58	58	61	70	
1413	20	22	24	26	32	42	45	48	50	51	52	53	55	56	56	57	59	60	70	
1414	22	24	32	40	47	48	49	50	51	53	54	55	56	57	58	60	70	
1415	30	41	44	46	47	49	50	51	56	58	67	69	
1416	43	44	46	47	48	50	53	60	73	
1417	48	50	66	
1418	52	
1436	18	
1437	16	20	38	
1438	15	17	18	48	
1439	9	13	15	17	18	20	22	25	28	42	45	47	71	
1440	9	12	15	16	17	18	20	21	22	24	30	69	
1441	10	12	14	15	19	20	21	22	24	43	71	
1442	20	21	22	23	25	
1443	22	24	48	
1444	25	93	
1445	24	93	
1446	17	25	62	73	
1447	23	24	54	57	58	60	62	75	
1448	24	29	50	51	52	53	56	57	59	60	74	
1449	25	30	45	47	48	49	50	51	53	54	56	57	58	60	62	70	75	
1450	42	44	46	47	48	49	50	50	52	54	58	58	70	
1451	45	46	47	49	50	69	
1452	47	49	52	60	
1468	17	
1469	14	25	
1470	17	25	42	46	
1471	9	12	14	16	18	18	20	28	40	46	73	
1472	10	12	14	15	16	17	18	19	20	23	23	71	
1473	12	14	15	17	19	20	21	23	25	29	44	72	
1474	12	20	22	24	
1475	22	24	
1476	74	90	91	94	96	
1477	83	86	87	90	91	93	93	95	97	
1478	12	87	88	89	90	91	94	96	
1479	83	86	87	88	89	90	92	94	96	101	
1480	17	90	97	97	
1481	17	18	20	
1482	35	57	58	60	62	
1483	51	52	53	54	55	56	57	58	59	60	
1484	47	48	49	50	51	52	54	55	56	57	59	75	
1485	44	46	46	47	48	49	49	53	57	59	66	71	
1486	44	46	50	
1487	36	49	66	
1490	76	
1491	44	
1502	38	
1503	10	15	17	19	
1504	10	12	14	15	17	19	20	38	
1505	8	11	12	14	15	16	17	18	18	19	20	21	23	24	27	70	78	
1506	12	20	21	22	24	
1507	22	24	93	
1508	88	90	91	95	97	
1509	55	87	87	89	90	91	94	96	98	
1510	54	78	82	85	86	87	89	90	91	93	96	98	
1511	78	80	81	82	83	84	85	86	88	88	91	
1512	11	41	78	80	81	82	84	85	86	87	88	90	94	
1513	7	8	10	11	13	14	15	16	17	19	20	79	80	81	82	84	85	
1514	11	12	15	16	17	18	18	19	20	80	83	84	89	
1515	17	21	23	
1517	53	55	58	60	62	
1518	52	53	54	55	56	57	58	59	61	75	
1519	45	47	48	48	49	50	51	52	54	55	56	57	58	75	
1520	43	46	48	48	49	50	51	
1522	49	
1525	61	
1532	24	
1536	11	14	17	20	
1537	7	9	11	12	13	15	16	17	18	19	40	
1538	6	11	12	13	14	15	16	17	17	19	20	21	23	25	70	
1539	18	20	21	23	24	56	
1540	25	55	73	92	96	
1541	53	55	83	86	87	89	90	91	93	94	96	
1542	81	82	85	86	88	89	90	93	95	
1543	78	80	81	82	84	85	86	87	88	89	94	
1544	79	80	81	82	83	85	86	88	93	93	
1545	11	80	84	87	
1546	7	10	12	13	15	17	19	79	80	84	
1547	7	10	11	12	13	15	16	17	19	20	20	20	22	25	78	80	
1548	15	18	20	21	22	23	24	79	
1549	23	91	92	96	
1550	88	90	91	92	94	96	
1551	17	91	92	96	98	
1552	18	55	55	57	58	58	59	61	63	63	
1553	48	50	50	51	52	53	53	54	55	56	57	59	61	
1554	43	45	46	47	48	48	49	50	51	54	65	
1555	46	49	51	
1566	40	
1569	9	18	18	
1570	9	11	13	13	14	16	18	20	39	
1571	8	11	12	14	15	16	17	17	19	19	21	22	24	70	
1572	18	20	21	22	24	47	57	59	
1573	23	49	51	53	53	54	57	60	87	92	98	
1574	48	52	57	82	83	85	86	87	88	90	91	93	95	98	99	
1575	81	82	84	85	86	87	88	90	97	100	
1576	41	79	80	81	82	83	85	93	
1577	79	81	84	90	97	
1578	78	82	86	
1579	7	9	10	14	15	17	19	
1580	6	9	11	12	13	14	15	16	17	18	19	19	20	25	28	
1581	12	15	17	20	21	23	24	59	
1582	22	23	50	53	54	58	92	98	
1583	83	85	86	87	88	88	89	90	91	94	96	99	
1584	6	8	10	12	13	78	81	82	84	85	86	87	89	90	92	94	96	101	
1585	6	12	14	15	16	78	81	82	86	87	89	90	91	92	94	96	
1586	16	17	56	57	58	60	61	88	90	91	96	
1587	18	51	52	52	53	54	55	56	57	59	60	
1588	46	47	48	48	49	49	50	52	53	54	55	56	60	73	
1589	46	49	60	
1590	50	
1591	65	
1601	14	
1602	13	16	102	
1603	9	11	14	16	18	20	40	
1604	5	6	8	10	11	12	14	15	16	17	18	18	19	21	24	27	
1605	12	17	19	20	21	22	25	56	57	60	72	
1606	23	46	47	49	50	51	52	54	55	57	60	
1607	46	48	51	53	83	86	87	88	90	94	
1608	46	48	79	81	82	84	85	87	88	90	94	
1609	78	79	81	84	85	
1610	79	85	
1611	80	
1612	5	7	11	
1613	6	9	10	12	13	14	24	
1614	7	12	13	15	15	16	16	18	19	20	21	25	56	57	
1615	21	23	24	47	51	52	55	59	
1616	47	49	51	53	87	88	90	91	92	94	96	
1617	54	77	79	80	81	84	85	87	89	93	
1618	10	57	79	80	82	83	84	86	88	89	92	94	98	
1619	7	8	10	11	12	13	14	79	80	81	83	84	85	87	89	90	95	100	
1620	12	15	16	17	18	19	20	23	60	62	78	81	82	83	85	87	89	91	94	98	
1621	18	19	21	52	54	55	56	57	58	58	60	61	
1622	45	46	47	48	48	49	50	51	52	53	54	56	60	63	
1623	19	46	48	49	50	60	
1636	9	12	29	
1637	6	8	10	11	13	14	15	16	17	18	20	24	
1638	13	14	15	16	16	17	19	19	21	22	24	26	
1639	18	20	21	22	24	52	52	55	56	57	58	59	60	62	
1640	45	47	48	50	51	51	52	53	54	55	56	58	59	
1641	43	45	47	49	50	51	53	55	56	58	79	81	84	86	101	
1642	48	48	50	58	79	83	83	86	
1643	84	89	93	99	
1645	18	71	
1646	11	
1647	8	9	10	11	13	13	14	15	16	
1648	5	8	12	15	16	16	18	19	20	22	23	25	26	53	56	57	58	60	
1649	46	47	48	50	51	52	53	54	55	
1650	46	49	79	81	82	83	85	86	89	95	
1651	53	79	82	83	87	92	93	99	
1652	11	80	
1653	5	6	9	10	12	13	15	18	20	78	80	83	93	
1654	7	8	11	12	12	15	16	19	20	22	57	79	80	84	86	98	
1655	18	20	21	22	52	53	54	55	56	57	58	60	
1656	46	47	48	49	50	51	52	54	54	57	58	60	
1657	49	51	53	75	
1658	45	50	65	
1663	87	88	
1669	8	13	
1670	8	10	12	13	15	
1671	10	11	12	13	14	14	15	16	17	18	18	19	20	22	
1672	15	17	20	21	22	23	24	27	
1673	52	56	58	59	60	63	
1674	51	52	53	54	55	57	59	63	92	
1675	50	51	53	54	57	57	63	
1676	53	
1680	10	19	
1681	7	7	10	11	12	13	14	15	20	24	
1682	2	15	16	18	20	22	23	52	52	55	56	56	57	58	59	62	
1683	22	45	47	47	49	50	51	52	53	54	56	59	
1684	44	47	48	49	51	79	85	93	
1686	81	92	
1687	6	9	10	12	13	14	20	28	
1688	6	7	11	12	14	15	15	17	18	18	19	21	24	57	80	85	99	
1689	17	17	20	21	22	53	56	57	58	60	85	
1690	47	49	50	51	52	54	55	59	
1691	47	48	50	55	59	64	
1692	54	
1693	62	
1697	10	88	
1703	9	19	
1704	4	6	8	9	10	11	13	13	14	15	19	
1705	6	10	11	12	12	14	15	16	18	20	22	25	
1706	21	23	
1707	54	88	92	93	97	
1708	54	55	58	85	86	87	90	91	92	94	95	98	
1709	53	83	87	90	92	94	97	
1710	64	
1713	19	
1714	10	78	79	79	
1715	5	7	9	11	13	14	15	16	
1716	13	15	16	17	18	19	21	56	57	58	58	59	61	
1717	21	22	47	49	50	51	51	53	53	54	55	56	58	60	
1718	45	46	47	48	49	51	83	
1719	45	48	
1721	8	10	11	14	15	26	
1722	7	11	12	13	15	16	17	18	19	20	23	24	57	58	
1723	17	21	22	48	52	53	55	56	57	59	61	
1724	47	49	50	50	51	53	54	55	56	91	
1725	49	51	
1727	20	21	
1731	96	
1737	13	
1738	7	10	11	14	15	17	
1739	8	12	14	15	96	
1740	82	86	87	88	89	90	91	92	93	95	97	
1741	54	82	83	85	86	86	87	89	89	90	91	93	94	96	99	
1742	80	82	83	84	85	86	87	88	90	95	
1743	80	81	84	85	88	88	90	94	
1744	83	90	
1748	91	
1749	3	8	8	10	11	12	13	14	16	18	
1750	12	15	15	16	17	18	19	22	25	33	56	57	61	
1751	17	20	21	23	51	51	52	54	55	56	58	58	60	65	
1752	45	46	47	48	48	49	50	51	54	56	60	
1753	43	45	47	49	54	
1754	48	
1755	5	7	8	9	11	14	15	18	20	
1756	5	7	11	12	13	14	15	15	16	17	18	19	20	24	27	56	57	
1757	17	17	21	22	47	48	51	52	53	53	54	55	56	58	60	
1758	47	49	50	51	54	58	83	86	88	88	91	94	99	
1759	49	84	
1761	76	
1763	101	
1769	23	95	
1771	14	
1773	5	81	84	89	94	
1774	77	79	80	81	82	84	85	89	95	100	
1775	77	79	80	81	82	84	85	86	88	88	90	96	98	
1776	78	80	82	84	85	89	99	
1777	78	81	83	97	
1778	88	
1782	8	14	
1783	5	9	10	12	13	14	
1784	7	12	14	15	17	18	21	58	82	87	92	
1785	16	17	18	19	21	23	52	52	55	57	59	59	61	63	
1786	30	45	47	48	49	50	50	51	52	53	54	56	58	58	60	64	75	89	
1787	37	42	44	45	46	48	48	49	50	51	53	63	73	
1788	9	27	32	45	46	47	49	51	
1789	9	10	11	14	15	18	18	40	71	
1790	6	7	11	12	13	16	17	19	20	21	23	24	56	57	58	60	61	69	
1791	22	47	52	53	54	55	55	57	60	
1792	47	48	49	51	54	55	60	83	86	92	96	
1793	84	90	96	
1805	95	
1807	89	
1808	78	80	84	89	97	
1809	79	82	84	
1810	79	90	
1811	3	92	
1813	71	
1817	5	8	9	11	14	24	
1818	7	9	10	11	12	13	14	15	18	19	82	86	91	
1819	12	15	16	17	18	20	24	57	57	60	61	81	86	87	89	92	96	
1820	17	18	33	51	52	53	53	54	55	56	57	58	60	65	78	
1821	24	29	42	49	50	51	51	54	61	63	72	
1822	9	39	45	47	48	49	50	71	
1823	5	6	10	11	13	13	14	19	22	24	44	48	57	67	69	
1824	15	17	18	20	21	22	23	24	45	53	56	57	59	61	
1825	22	51	52	54	54	55	57	59	93	
1826	50	53	53	55	84	87	89	92	
1827	84	
1828	102	
1842	89	
1844	103	
1851	11	14	
1852	5	8	9	10	11	14	15	20	87	91	100	
1853	6	8	11	12	13	14	15	17	21	79	81	83	84	86	88	89	91	95	99	
1854	16	17	18	19	22	55	93	97	
1855	18	32	51	53	55	59	62	63	
1856	10	24	51	
1857	15	22	24	26	56	57	63	74	
1858	21	23	25	51	52	53	54	55	57	58	62	73	
1859	51	52	54	55	56	87	88	89	90	91	93	96	
1860	55	83	84	86	90	
1861	96	96	
1878	14	
1884	9	
1885	24	
1886	5	7	9	11	15	
1887	6	8	10	11	13	13	14	15	80	82	85	87	91	94	
1888	15	17	19	81	82	85	87	88	89	90	92	95	98	
1889	16	18	87	91	92	95	97	
1890	73	
1891	53	57	59	74	92	
1892	51	52	54	55	87	88	89	90	91	95	96	
1893	64	82	83	83	85	86	87	89	90	93	95	
1894	54	80	86	88	97	100	
1895	90	
1909	38	
1912	6	7	
1920	89	
1921	4	11	14	81	85	
1922	8	10	12	15	16	78	80	81	83	84	86	88	89	95	
1923	8	12	13	15	77	80	81	82	84	85	86	86	87	88	89	90	92	93	95	97	
1924	82	86	87	88	89	90	91	95	97	
1925	86	87	88	89	89	90	92	94	95	98	99	
1926	55	81	82	84	85	86	87	89	91	93	97	99	
1927	79	81	84	86	90	
1928	83	93	
1934	58	
1942	57	
1943	3	
1956	5	79	82	84	94	
1957	78	79	80	82	83	85	87	89	98	
1958	79	80	81	82	83	84	84	85	87	88	89	91	94	99	
1959	79	80	81	82	84	84	85	86	87	89	91	96	
1960	79	80	81	83	84	86	92	
1961	83	83	90	
1969	16	
1984	62	
1991	78	87	
1992	78	79	85	95	
1993	78	79	81	85	89	93	
1994	79	84	90	
1999	104	
2011	69	
2014	100	
2026	19	
2028	85	
2058	14	
2063	24	
2094	94	
2109	9	
2136	11	
2137	97	
2139	14	
2166	98	
2177	35	
2202	26	
2203	24	
2217	6	
2256	100	
2261	101	
