152	93	
180	39	40	40	
181	43	
183	93	
184	90	92	93	95	
185	91	92	96	
186	87	91	92	94	95	
187	88	90	92	93	94	97	
188	87	90	91	92	93	95	98	
189	88	91	92	96	
190	87	90	91	92	97	
191	16	87	92	96	
216	88	91	92	94	97	
217	86	87	89	90	91	92	95	98	99	
218	81	83	83	85	86	87	87	88	89	90	91	93	94	97	98	
219	10	81	82	84	85	86	87	88	88	89	90	91	93	93	95	100	
220	82	83	85	86	87	88	89	89	90	91	92	94	96	
221	7	82	83	84	85	86	87	89	90	91	92	94	97	100	
222	82	82	84	85	86	87	88	89	91	92	94	97	
223	14	81	82	84	85	86	87	89	90	91	92	93	95	97	99	
224	10	15	81	82	83	85	86	87	88	88	89	90	91	93	93	95	102	
225	7	12	13	17	82	83	84	86	87	89	90	91	92	93	95	100	
226	15	17	87	88	91	92	93	96	
227	16	17	18	
247	57	
248	88	92	95	
249	54	87	88	90	91	93	94	96	98	
250	54	81	82	83	85	86	87	88	89	90	90	92	94	95	98	102	
251	17	17	81	82	84	85	86	87	88	89	90	92	93	95	97	
252	80	81	82	83	83	84	85	86	89	90	96	103	
253	80	81	82	83	84	85	87	89	90	98	
254	80	81	82	84	85	87	88	89	90	94	96	100	103	
255	80	81	82	82	84	85	87	88	90	92	95	100	
256	80	81	82	83	84	85	87	88	89	97	99	
257	5	80	81	82	83	84	85	86	88	88	90	94	101	
258	5	6	10	80	81	82	83	84	84	85	87	89	90	92	99	
259	7	9	11	13	13	15	80	81	82	83	84	85	86	87	88	90	91	93	97	99	
260	7	9	11	12	14	15	81	82	83	84	85	86	87	89	91	92	94	98	102	
261	13	14	16	18	85	87	90	92	94	98	
262	16	17	
278	56	
280	56	91	93	97	
281	57	86	87	89	90	92	93	96	
282	55	82	85	87	88	89	90	92	93	95	97	98	
283	81	82	83	85	86	87	88	89	90	91	93	94	100	
284	79	80	82	83	84	84	86	87	89	90	92	93	
285	79	81	83	83	84	85	89	
286	80	82	84	88	94	
287	7	7	8	80	82	83	99	
288	82	83	94	
289	81	84	
290	27	81	84	94	
291	79	80	84	
292	81	
293	8	10	14	81	82	84	86	89	
294	1	7	9	11	12	14	15	80	81	82	83	84	85	88	89	91	93	96	
295	2	7	10	12	13	14	15	16	18	81	82	83	84	85	87	88	88	90	91	94	
296	16	17	19	87	92	
297	18	
311	57	
312	92	
313	53	88	90	91	93	93	96	
314	82	85	86	88	88	90	91	92	95	103	
315	81	82	83	84	85	87	88	89	90	91	92	93	95	98	
316	80	81	82	83	84	85	86	88	89	90	91	94	100	
317	80	81	83	83	84	85	87	90	99	
318	79	80	83	84	88	99	
319	47	49	89	
320	84	88	
321	92	
322	89	
323	18	41	
324	19	39	47	86	
325	42	45	46	46	47	49	72	
326	46	48	51	
328	5	6	9	10	15	85	
329	1	6	8	9	10	11	13	14	15	15	16	81	82	84	86	89	92	94	99	
330	2	13	15	15	16	16	17	18	18	20	21	82	85	91	100	
331	16	17	22	
345	53	57	91	93	
346	53	55	63	86	88	89	90	91	93	94	96	
347	53	54	58	58	81	83	85	86	87	89	90	91	94	97	99	
348	81	82	83	84	85	87	89	89	91	95	98	
349	80	81	83	83	84	85	89	102	
350	48	61	79	80	82	84	85	
351	47	56	82	85	
352	31	43	46	47	48	57	
353	46	47	48	48	68	
354	47	
357	8	12	16	19	42	
358	16	17	17	18	18	19	19	21	24	57	58	59	60	62	64	69	72	
359	20	21	22	24	28	29	44	47	48	49	50	51	53	54	55	56	56	59	61	71	
360	22	44	45	46	47	48	48	49	49	51	
361	47	51	
362	10	15	19	84	
363	3	6	8	10	11	12	13	13	14	15	20	81	85	88	
364	8	11	12	14	15	16	17	18	19	22	24	83	84	86	88	91	93	98	
365	16	17	17	18	19	20	
377	56	60	
378	46	47	49	51	53	54	58	
379	46	48	51	83	86	87	89	90	92	95	98	
380	51	54	56	82	83	83	84	85	86	87	89	90	91	91	93	94	96	100	
381	80	81	82	84	85	86	88	89	91	93	97	
382	79	81	83	83	84	86	89	
383	16	42	44	47	49	80	86	
384	15	17	19	21	29	42	47	58	
385	17	18	18	19	20	31	43	45	47	50	56	57	59	65	68	72	
386	17	20	20	22	28	45	47	49	52	54	56	57	58	59	61	68	69	
387	20	20	22	23	32	45	47	48	49	50	50	51	52	53	56	58	59	
388	44	45	46	47	49	49	50	
389	9	
390	10	27	
391	8	10	11	12	13	13	14	15	16	16	17	18	19	21	
392	7	15	16	17	18	19	19	20	21	21	22	23	24	25	56	57	58	60	61	71	
393	21	22	24	47	51	51	52	53	54	55	56	56	58	59	61	64	
394	44	45	46	47	47	48	49	50	50	51	52	53	54	63	
395	46	47	48	51	
397	8	9	11	13	14	
398	3	7	8	10	11	12	13	14	14	15	16	18	19	20	22	82	85	86	89	92	94	99	
399	17	17	19	20	21	22	26	
400	23	
410	57	
411	33	52	53	55	56	57	58	58	59	62	
412	48	50	51	51	52	53	54	55	56	57	59	
413	44	46	46	47	48	49	50	51	54	59	81	84	85	89	98	
414	38	44	47	48	80	81	83	84	85	86	89	90	95	
415	11	17	47	50	79	81	84	86	88	
416	16	19	67	70	
417	7	10	12	14	16	17	18	18	19	20	24	28	45	71	
418	8	9	11	13	14	15	17	17	18	19	20	20	21	24	44	48	72	
419	18	20	20	21	22	23	25	27	28	45	49	57	60	65	71	
420	21	22	23	25	51	53	55	55	56	57	58	58	60	61	71	
421	23	25	46	47	49	50	51	52	52	54	54	55	56	59	60	
422	47	48	49	50	53	
423	40	50	
424	6	9	10	11	13	14	15	16	20	
425	5	7	11	11	12	13	14	14	15	16	16	17	18	18	19	20	21	25	
426	18	20	20	21	23	23	25	28	56	57	61	
427	35	51	52	53	53	54	55	56	56	57	58	59	62	
428	45	46	47	48	49	50	51	51	52	54	55	58	61	
429	46	47	49	49	50	51	
430	8	49	
431	4	8	9	11	13	
432	6	7	9	10	11	12	12	14	14	15	15	17	19	23	27	83	
433	3	13	16	17	17	18	19	19	20	21	22	83	
434	23	
445	34	55	56	57	58	58	60	61	63	
446	50	51	51	52	52	54	54	55	56	57	58	59	60	62	
447	32	43	45	47	48	49	49	50	51	51	52	53	54	56	58	61	84	
448	42	43	45	47	48	48	49	50	51	55	61	71	81	89	
449	11	13	16	18	19	21	42	45	50	69	
450	7	9	10	12	14	15	17	17	18	19	20	21	43	45	47	49	69	72	
451	12	13	14	15	19	20	20	21	22	24	25	27	70	
452	21	22	23	23	24	24	25	
453	25	55	57	58	61	
454	50	51	52	55	56	56	57	59	61	63	
455	46	47	49	50	51	52	53	53	54	55	56	59	
456	47	49	50	53	
457	9	10	13	15	
458	7	8	10	11	12	14	14	15	16	16	18	18	19	20	21	23	72	
459	11	13	15	17	18	19	20	20	21	22	23	24	26	72	
460	21	22	57	58	
461	51	52	53	55	56	56	57	58	59	60	61	
462	47	49	50	51	52	52	53	54	55	56	60	
463	45	46	47	48	49	49	50	53	
464	9	49	
465	8	10	11	13	14	17	
466	7	10	11	12	14	14	15	15	16	17	18	19	20	21	23	27	
467	1	13	15	17	18	19	19	20	21	22	25	
468	22	
479	63	
480	53	55	55	57	58	58	59	60	62	
481	31	51	52	54	54	55	62	67	
482	12	13	20	24	44	45	47	48	50	
483	11	13	15	19	20	22	23	25	26	45	65	70	
484	4	15	18	20	21	22	23	24	
485	22	23	24	
486	23	
487	56	57	61	
488	51	52	52	53	54	55	56	57	58	60	
489	47	49	50	51	52	53	53	54	55	60	92	96	
490	14	48	50	54	90	94	
491	8	9	10	11	13	14	15	16	24	
492	4	6	8	10	11	12	13	14	15	16	17	19	19	21	24	25	27	
493	16	17	18	20	21	22	23	24	
494	57	
495	35	53	55	56	57	58	59	60	62	
496	49	50	51	52	52	53	53	54	55	55	56	59	62	
497	47	49	49	50	51	55	58	
498	9	13	48	54	
499	4	7	9	10	11	12	14	14	15	16	18	
500	5	7	11	12	13	14	15	15	16	16	17	19	20	21	23	23	24	36	36	71	
501	16	17	18	20	21	22	24	26	
515	55	
516	24	73	
517	24	
518	25	
520	58	
521	52	57	57	59	61	
522	47	48	50	51	52	52	54	54	56	58	59	61	
523	45	46	47	49	49	51	52	53	54	59	86	89	
524	9	49	86	88	92	96	
525	9	10	11	13	13	14	
526	6	8	11	12	13	13	14	15	16	16	18	19	20	
527	16	17	18	19	20	21	23	25	
528	57	
529	53	55	56	57	58	60	62	
530	47	48	49	50	51	52	52	53	54	55	55	56	59	
531	48	49	50	54	54	92	
532	5	8	12	50	
533	5	7	8	9	10	11	13	13	14	15	16	18	20	
534	11	13	13	14	15	16	17	18	19	20	24	35	
535	16	17	18	19	21	22	
541	91	92	92	
555	52	55	56	57	57	58	60	61	
556	48	50	51	52	52	53	54	54	55	55	57	58	60	
557	45	47	48	49	50	50	52	53	55	84	89	95	
558	82	83	91	
559	5	6	9	10	11	13	15	
560	6	8	10	11	12	13	13	14	15	15	16	18	19	26	
561	16	17	17	18	19	20	22	24	
562	57	58	61	
563	48	52	52	55	56	57	59	60	62	
564	47	49	49	50	51	52	53	55	58	85	91	
565	48	50	54	86	88	91	
566	11	13	
567	6	8	9	11	11	12	13	14	15	16	18	19	25	
568	7	11	12	13	14	15	16	17	17	18	19	20	21	24	
569	17	18	20	21	23	25	
570	24	
571	22	23	
588	58	
589	52	55	56	57	57	59	61	
590	47	48	49	50	51	52	52	53	54	55	55	58	61	
591	47	49	50	51	53	60	86	89	93	94	
593	6	8	9	11	14	
594	1	7	9	11	11	12	13	13	14	15	15	17	18	20	83	88	
595	13	16	17	19	20	21	22	25	
596	17	57	58	62	
597	51	52	53	54	55	55	56	58	59	61	
598	45	47	49	50	51	52	53	55	85	89	93	97	
599	49	80	83	86	89	100	
600	9	24	
601	7	8	10	10	11	12	14	14	15	16	17	18	19	24	
602	1	12	13	15	16	16	17	17	19	19	20	21	25	70	
603	18	20	22	23	
608	7	8	
620	31	
621	26	27	28	
622	57	58	60	
623	51	52	53	54	55	56	57	58	59	61	
624	47	47	48	49	50	51	52	53	53	54	55	60	87	90	93	
625	46	47	48	49	51	54	60	85	89	
626	46	51	87	
627	9	11	14	
628	5	6	8	9	10	11	12	14	14	15	84	92	96	
629	6	11	13	15	17	20	23	81	83	86	88	89	91	92	93	96	99	
630	17	57	86	87	90	91	93	94	98	
631	51	52	54	55	55	56	58	62	91	93	95	
632	51	53	53	55	85	88	88	90	
633	50	84	
634	9	10	13	15	16	18	
635	5	6	7	10	11	12	13	13	14	14	15	16	16	17	18	18	19	19	20	21	23	23	70	
636	5	12	17	19	20	20	21	22	23	25	27	
637	22	
656	57	58	61	
657	50	51	52	53	54	55	56	56	57	58	59	60	61	
658	45	46	47	48	48	50	50	51	52	53	54	54	56	57	62	84	
659	46	47	49	49	55	83	86	89	93	
660	46	49	53	68	
661	5	14	
662	7	9	11	14	83	
663	7	8	11	12	13	15	17	21	81	82	84	85	87	89	91	93	94	97	100	
664	58	81	82	85	86	87	89	90	91	94	98	
665	53	54	55	56	61	81	83	84	85	87	88	90	91	93	96	102	
666	51	55	84	87	90	93	94	
667	8	14	46	84	89	94	
668	3	6	9	10	10	11	12	13	13	14	15	16	19	20	46	71	
669	4	7	11	12	13	15	16	16	17	18	19	19	20	21	22	23	24	70	
670	18	20	21	22	24	
690	57	58	61	
691	53	55	56	56	57	58	59	60	61	
692	42	47	48	50	51	51	52	53	54	54	55	56	57	59	
693	42	45	45	46	47	48	49	49	50	50	51	52	54	56	
694	43	45	46	46	47	48	49	
695	48	
696	83	
697	2	6	11	46	81	83	83	86	88	
698	8	13	80	81	82	83	84	85	86	88	89	91	94	
699	81	82	84	85	86	89	91	95	101	
700	40	46	48	68	81	84	86	89	97	100	103	
701	9	10	14	16	19	30	47	
702	7	9	10	11	12	13	14	14	15	16	16	17	18	18	19	19	20	24	26	46	69	73	
703	3	8	12	13	17	18	19	20	21	22	22	24	
704	21	23	
725	53	57	61	62	
726	51	52	53	54	54	55	56	57	58	59	60	61	63	75	
727	30	41	45	47	49	50	51	52	53	54	56	57	58	58	60	61	
728	42	45	46	47	47	48	49	50	50	51	53	53	55	57	60	71	
729	24	26	39	44	45	46	47	47	48	49	50	56	72	
730	39	45	46	47	48	49	51	
731	11	15	23	38	46	47	51	
732	14	16	18	43	46	48	49	66	83	
733	15	16	18	22	43	46	80	81	84	86	88	103	
734	12	15	16	17	18	19	20	21	22	28	45	51	69	82	83	
735	8	8	10	11	12	13	14	15	16	18	18	19	20	21	22	24	26	44	45	49	69	72	
736	2	3	12	15	17	19	20	21	22	22	24	24	28	71	
737	21	22	23	23	25	
759	63	
760	55	61	
761	52	53	54	55	56	57	58	59	60	61	62	63	
762	24	32	38	50	50	51	52	54	54	55	55	56	57	57	59	62	
763	22	45	46	47	48	49	49	50	51	53	53	56	58	59	61	62	66	70	
764	19	20	23	40	43	45	45	47	48	49	50	51	55	56	57	58	60	67	70	72	
765	13	19	19	21	23	41	44	45	45	46	48	49	50	51	52	54	57	59	66	70	76	
766	9	13	16	18	19	20	21	23	28	40	44	45	47	49	50	68	70	72	
767	9	11	11	13	14	15	17	19	20	20	21	23	24	45	50	70	
768	12	14	15	17	19	20	21	21	22	23	24	24	27	45	71	
769	5	8	21	22	23	23	24	
770	22	25	
795	55	61	
796	55	60	
797	50	54	55	61	
798	22	24	25	51	53	55	59	62	
799	14	21	22	24	25	55	60	
800	20	22	23	23	25	54	
801	5	12	14	21	22	23	24	
802	21	22	23	24	
834	25	
928	25	
1165	67	
1167	31	
1191	94	
1202	59	
1205	11	
1206	9	
1213	9	
1245	48	
1246	56	
1260	17	
1265	91	
1269	43	
1271	11	
1273	46	
1276	50	
1278	70	
1279	70	
1281	50	
1283	12	
1300	66	
1304	42	
1305	47	
1306	46	58	
1307	38	46	69	
1308	38	46	51	59	
1309	47	50	
1310	46	
1311	43	46	56	72	
1312	47	49	
1313	45	47	69	
1314	5	
1315	95	
1320	8	
1324	74	
1326	3	
1335	37	38	38	47	
1336	38	
1337	42	
1338	16	18	41	49	
1339	19	29	48	50	
1340	17	18	21	38	41	44	46	48	51	58	68	
1341	20	22	44	46	48	50	57	58	66	69	
1342	19	20	42	44	46	48	49	51	55	57	61	68	
1343	19	21	25	41	45	46	48	49	51	54	56	59	68	
1344	19	21	42	45	46	47	50	52	56	60	67	
1345	20	22	26	28	40	45	46	47	49	51	56	59	68	
1346	20	22	44	45	46	47	49	51	58	58	
1347	44	46	47	48	50	56	68	
1348	44	47	49	
1349	38	46	
1352	3	
1369	46	
1370	13	20	44	46	
1371	16	19	25	38	
1372	13	14	16	17	19	20	24	41	45	46	51	71	
1373	15	16	18	18	19	21	43	45	47	57	61	69	
1374	17	19	20	21	22	24	26	42	47	51	53	55	55	56	59	72	
1375	18	19	20	21	22	23	23	25	26	50	52	55	56	58	58	61	68	69	69	
1376	19	21	22	23	44	48	48	51	55	56	58	60	
1377	20	21	23	25	25	28	44	49	51	54	58	60	68	
1378	20	21	24	44	47	48	50	52	54	56	58	60	67	69	
1379	20	21	23	24	28	33	45	49	50	52	55	56	57	59	61	66	
1380	21	22	24	26	43	44	49	50	51	53	54	55	56	57	58	58	59	63	68	
1381	22	25	32	43	45	47	48	48	50	51	53	55	56	57	59	60	
1382	22	44	45	46	47	48	49	51	52	55	57	59	
1383	3	44	46	47	48	49	72	
1384	46	49	53	
1385	6	
1402	13	17	19	47	50	
1403	15	16	19	40	47	
1404	10	15	16	17	19	21	29	42	48	
1405	11	13	14	17	18	20	21	24	41	69	
1406	11	13	14	15	16	17	21	22	24	71	
1407	16	19	20	21	23	24	49	
1408	21	22	23	24	26	
1409	21	23	24	
1410	22	24	61	
1411	23	24	55	
1412	23	23	25	55	
1413	23	25	55	59	61	73	
1414	24	52	54	55	57	58	59	60	61	
1415	25	31	51	52	53	54	55	56	57	57	58	59	61	63	
1416	42	45	47	48	49	50	51	52	54	55	56	57	59	73	
1417	44	46	47	48	48	49	50	51	52	55	71	
1418	46	49	55	
1419	11	51	
1430	38	
1434	20	
1435	15	16	18	42	
1436	11	14	17	18	20	42	47	
1437	11	14	16	17	19	20	22	28	47	
1438	10	12	14	17	18	18	19	20	22	24	44	71	
1439	9	11	13	14	15	17	19	20	21	22	24	25	43	
1440	20	22	23	24	25	
1441	15	15	22	23	23	25	
1443	6	6	6	
1448	62	
1449	55	56	57	60	61	
1450	50	51	52	52	53	54	55	56	56	58	58	59	61	
1451	44	47	48	49	50	50	51	53	53	54	57	
1452	44	46	47	49	50	51	74	
1453	46	49	54	
1456	70	
1458	2	10	
1465	71	
1467	47	
1468	12	16	21	23	
1469	11	12	14	16	17	18	19	20	41	45	70	
1470	10	13	14	15	16	17	19	20	21	23	25	26	
1471	10	12	14	17	18	18	19	20	22	23	24	26	43	71	
1472	12	15	19	20	21	22	24	
1473	21	23	23	25	
1474	24	
1481	93	
1483	57	60	
1484	54	55	56	57	58	58	59	60	64	
1485	47	47	48	49	50	51	52	53	54	55	56	56	58	59	60	
1486	44	46	48	49	50	51	53	62	
1487	49	
1488	48	
1493	85	
1499	39	
1500	18	
1501	10	15	16	18	19	42	
1502	8	11	13	14	15	16	17	18	19	21	23	43	69	
1503	9	11	12	14	15	16	17	19	20	21	23	24	26	
1504	13	15	18	19	20	22	23	24	73	
1505	22	23	23	
1506	25	
1512	57	
1514	87	87	90	91	92	94	96	
1515	11	14	83	86	87	89	90	91	92	93	95	101	
1516	16	16	17	19	87	91	98	
1517	18	
1518	55	56	57	57	59	60	62	
1519	50	51	52	53	54	55	56	57	58	58	59	
1520	44	45	46	47	48	49	50	50	51	52	54	56	59	62	63	
1521	45	47	49	51	53	
1524	88	
1533	14	19	
1534	8	9	11	13	15	16	18	
1535	10	12	14	15	16	16	17	18	19	20	23	25	27	69	
1536	7	11	13	13	15	16	17	19	20	21	23	23	25	27	45	
1537	20	21	22	24	
1538	21	22	24	
1540	92	
1541	87	88	90	91	92	94	96	
1542	87	90	91	92	94	95	98	
1543	87	88	90	90	91	93	93	94	
1544	16	17	19	92	
1545	58	
1546	52	55	56	57	59	62	
1547	50	51	52	53	54	57	90	92	96	
1548	50	82	83	85	86	87	88	89	90	92	94	96	98	
1549	7	9	10	11	13	14	80	80	81	82	83	84	84	85	86	88	89	91	96	98	
1550	7	11	12	13	15	16	16	17	19	82	83	85	86	88	90	92	93	
1551	16	17	18	20	22	
1552	61	
1553	52	53	55	56	56	57	58	60	61	63	
1554	45	46	47	49	50	50	51	52	53	53	54	55	56	57	59	
1555	45	48	49	50	52	56	67	
1556	49	
1561	15	
1565	71	
1567	10	15	
1568	7	8	10	11	12	13	14	15	17	18	
1569	11	13	14	15	16	17	18	19	21	24	27	
1570	17	20	21	22	24	
1571	24	88	
1573	87	88	90	91	92	96	
1574	85	86	87	88	89	90	91	93	94	95	97	99	
1575	82	83	84	85	86	87	89	90	91	93	95	98	
1576	8	14	16	81	82	83	84	85	86	88	88	90	93	97	102	
1577	6	9	10	11	13	14	15	16	17	80	81	82	83	84	85	86	89	91	
1578	15	16	16	17	18	19	20	82	83	85	87	88	99	
1579	18	22	56	57	61	
1580	47	52	53	54	55	56	59	62	
1581	49	50	51	52	54	55	83	85	87	89	90	91	94	97	
1582	49	79	80	82	84	85	86	88	89	92	
1583	6	8	10	11	13	13	14	15	80	82	84	88	98	
1584	7	10	11	12	13	14	15	16	18	18	20	82	85	88	91	97	101	
1585	16	17	18	19	21	28	95	
1586	57	62	
1587	52	53	54	55	56	56	57	58	59	60	61	
1588	46	47	49	50	50	51	52	53	54	55	56	57	59	
1589	48	51	
1590	48	
1592	39	
1601	10	14	
1602	6	8	8	10	11	13	13	14	15	19	
1603	11	12	14	15	16	20	50	56	88	91	97	
1604	18	92	96	
1605	87	88	90	91	93	94	97	
1606	53	55	87	89	90	91	91	92	94	95	97	
1607	82	83	84	85	86	87	89	90	91	94	96	99	
1608	81	82	83	83	84	84	85	87	89	91	100	
1609	80	81	82	84	85	86	88	91	93	101	
1610	6	10	13	16	19	79	80	82	83	84	85	87	95	
1611	8	8	10	11	12	13	14	15	16	17	18	19	21	26	80	83	
1612	15	16	17	17	19	20	21	22	24	
1613	21	23	52	53	55	56	57	58	60	62	
1614	47	48	49	50	51	53	53	54	56	60	90	92	95	
1615	50	55	81	83	84	86	88	88	90	92	93	95	
1616	50	81	85	98	
1617	8	9	12	13	
1618	1	7	8	9	10	11	12	13	14	15	25	84	87	88	94	
1619	15	16	17	18	19	19	21	82	84	86	88	93	93	
1620	18	22	57	58	60	
1621	47	48	52	55	56	57	59	60	62	
1622	46	47	49	50	51	52	53	54	56	60	91	94	
1623	49	52	57	
1624	51	
1625	71	
1629	79	80	80	
1635	11	14	23	
1636	10	14	
1637	7	10	12	15	81	82	84	86	90	93	94	102	
1638	82	83	86	87	88	88	89	90	91	93	94	95	97	101	
1639	82	83	85	87	88	89	89	90	92	94	100	
1640	15	81	82	84	84	85	86	87	88	89	90	92	95	99	
1641	80	82	84	85	86	88	90	98	100	
1642	79	81	84	85	87	90	100	
1643	80	83	86	88	
1644	8	8	10	12	13	14	19	
1645	5	6	11	12	13	14	15	16	16	17	18	19	20	20	23	26	
1646	17	17	19	20	21	22	24	56	57	57	62	
1647	23	47	51	51	52	54	55	56	57	58	62	
1648	45	46	47	48	49	49	50	52	53	54	82	85	88	89	91	98	99	
1649	47	49	51	82	84	86	
1650	5	94	
1651	9	12	14	16	31	86	93	103	
1652	5	6	9	10	11	12	13	14	15	17	18	21	
1653	8	11	12	12	15	15	16	16	17	19	20	22	23	27	82	84	103	
1654	17	18	22	56	56	57	59	61	
1655	47	48	50	51	52	53	53	54	55	55	56	57	58	59	62	
1656	12	47	49	50	51	54	57	61	81	85	88	92	
1657	48	51	92	
1663	85	
1670	9	
1671	4	11	84	
1672	80	81	82	84	85	87	89	90	100	
1673	80	81	82	83	83	84	85	87	89	90	92	99	
1674	78	80	82	83	85	86	90	
1675	82	83	85	89	
1676	85	
1677	14	19	
1678	4	7	9	10	11	12	13	15	18	19	22	
1679	7	11	12	14	14	15	16	17	18	19	20	23	27	
1680	2	17	20	21	22	24	26	57	59	61	
1681	51	52	52	53	54	55	55	56	57	58	58	59	60	62	
1682	45	46	47	48	48	49	50	50	51	53	53	54	56	81	
1683	45	47	49	51	
1684	13	84	90	
1685	10	14	
1686	6	10	11	12	13	14	15	15	17	19	24	
1687	1	12	15	16	17	18	20	21	22	23	58	71	
1688	21	22	56	56	57	59	60	63	
1689	47	51	52	53	55	56	57	63	
1690	45	47	48	49	50	52	53	55	58	85	89	
1691	31	50	65	89	
1692	27	27	27	59	
1702	76	
1705	85	
1706	80	83	88	93	102	
1707	80	85	90	
1708	92	
1711	10	13	24	27	
1712	4	7	9	10	11	12	13	14	15	16	18	18	
1713	6	8	12	13	15	16	16	17	18	19	20	21	23	28	
1714	17	18	21	22	34	57	62	
1715	52	52	54	55	55	56	56	57	58	59	60	
1716	45	46	47	48	49	50	51	51	52	53	54	54	
1717	45	47	49	50	53	88	
1718	11	46	73	
1719	5	9	10	10	12	14	18	24	
1720	7	9	11	12	13	13	14	15	15	16	17	19	20	23	
1721	2	15	16	17	18	19	20	21	22	23	25	
1722	55	56	56	57	59	61	
1723	48	50	51	52	53	54	55	57	58	60	63	
1724	48	49	50	52	54	55	88	91	
1725	48	52	61	91	
1727	19	19	20	
1729	77	
1740	85	
1743	38	
1745	8	11	14	26	
1746	3	6	9	10	11	12	13	14	15	16	17	18	20	24	
1747	8	12	14	15	16	16	17	19	20	21	22	24	
1748	22	23	57	
1749	33	52	53	55	55	57	58	58	59	59	61	63	63	
1750	45	47	48	50	51	51	52	53	54	55	56	58	59	61	
1751	45	46	48	48	49	51	53	55	56	
1752	8	30	46	49	70	
1753	4	9	12	13	14	15	18	41	45	69	
1754	7	11	12	14	14	15	16	17	19	19	20	22	25	
1755	17	18	21	22	23	23	25	
1756	53	56	57	58	60	62	
1757	48	50	51	51	52	53	53	54	55	56	58	60	92	97	
1758	49	52	54	86	88	91	95	
1760	64	
1772	61	
1773	104	
1778	10	
1779	10	11	14	15	19	
1780	8	8	10	11	12	13	14	15	16	19	20	23	
1781	12	16	17	18	18	19	20	21	24	
1782	21	22	23	57	
1783	35	52	53	55	57	58	58	60	61	64	
1784	34	47	51	52	53	54	55	56	56	57	59	60	
1785	43	44	45	46	47	48	48	49	50	51	54	56	59	
1786	13	24	45	46	47	48	49	50	72	
1787	8	9	10	11	13	14	15	20	44	70	
1788	5	6	8	11	12	13	14	15	16	17	18	19	20	21	23	23	
1789	18	20	21	22	57	62	
1790	52	54	55	56	57	58	59	61	
1791	48	50	51	52	53	54	55	60	64	87	91	92	94	98	
1792	49	54	57	82	86	88	90	94	103	
1793	85	
1798	4	5	5	
1807	89	
1808	103	
1809	61	
1811	19	24	26	
1812	8	19	19	20	21	22	
1813	9	11	13	14	
1814	5	8	10	11	12	13	14	15	16	18	21	24	
1815	13	16	17	18	20	21	22	24	
1816	22	
1817	61	
1818	53	54	55	58	58	60	62	64	
1819	24	30	50	52	55	57	59	61	
1820	24	31	43	45	47	49	50	51	53	
1821	6	9	11	14	15	22	24	44	48	48	
1822	8	12	13	18	19	20	22	71	
1823	18	21	22	23	56	57	59	62	
1824	50	51	52	53	54	55	56	93	
1825	50	52	54	55	82	83	84	85	87	88	89	91	94	97	
1826	61	82	85	93	97	
1827	84	
1847	4	8	10	14	15	
1848	5	6	10	11	12	13	14	15	20	
1849	12	15	16	17	18	19	22	91	97	
1850	17	21	93	
1853	53	54	55	60	62	63	
1854	51	54	58	
1855	9	24	73	
1856	25	56	58	62	
1857	22	52	53	55	55	56	59	63	92	
1858	51	52	53	54	59	86	87	89	90	91	92	95	97	
1859	53	80	82	83	84	86	88	90	95	
1860	54	80	85	89	
1873	72	
1881	5	9	
1882	6	9	11	13	14	15	86	93	
1883	8	9	10	12	13	14	15	17	18	81	83	85	87	89	91	92	94	98	
1884	12	14	16	83	86	87	90	91	92	95	97	100	
1885	16	17	91	92	95	
1889	93	
1890	87	93	
1891	53	55	83	85	87	87	88	89	90	91	92	94	95	97	99	
1892	54	80	82	83	83	84	85	87	88	90	91	94	96	
1893	81	84	88	91	94	
1895	79	
1898	78	
1902	90	
1904	79	
1916	12	14	18	
1917	7	8	11	15	84	87	89	95	
1918	6	9	10	11	13	13	14	81	82	84	85	86	87	88	89	91	94	96	
1919	8	11	12	16	85	86	87	89	90	91	92	95	97	99	
1920	86	87	88	91	91	92	93	95	97	
1921	88	91	91	92	93	95	96	
1922	87	90	91	92	95	97	
1923	55	86	87	88	90	91	91	92	94	95	97	
1924	53	81	82	86	87	88	88	89	90	93	94	97	98	102	
1925	81	82	82	84	85	85	86	89	91	93	101	
1926	79	81	82	84	86	88	
1927	82	84	89	
1928	52	
1930	43	
1937	104	
1950	15	91	
1951	83	87	93	
1952	3	10	13	80	81	83	83	85	86	91	94	
1953	80	81	82	83	84	86	87	88	89	92	94	98	
1954	80	81	82	83	83	84	85	85	86	87	88	89	89	91	93	95	99	
1955	82	83	84	85	86	86	88	89	90	91	92	93	95	98	100	
1956	81	82	82	83	84	85	86	88	88	89	90	91	93	96	100	
1957	81	81	82	83	83	84	84	85	86	88	89	92	94	102	
1958	80	81	82	83	84	86	89	91	
1959	79	80	82	83	84	86	88	89	
1960	80	84	
1962	83	
1978	5	
1985	83	
1986	90	
1987	81	83	83	85	90	
1988	78	80	81	83	85	90	
1989	80	82	84	85	87	90	96	
1990	80	82	83	85	93	
1991	79	81	84	89	
1992	81	83	
2012	27	
2014	70	
2020	64	
2023	83	
2024	84	
2026	45	
2028	68	
2031	67	
2033	81	
2068	26	
2081	8	
2100	40	
2136	29	
2144	13	23	
2162	33	
2172	92	
2186	12	
2206	4	
2255	13	
2268	100	
