185	91	
186	88	92	
187	87	90	91	93	97	
188	88	90	91	93	
189	92	
217	87	90	91	92	95	
218	86	87	88	90	91	93	93	96	
219	46	82	86	87	88	89	90	93	97	
220	47	82	83	85	86	87	89	90	91	94	98	98	
221	8	10	46	80	82	83	83	85	86	87	88	90	95	
222	12	14	81	82	85	86	87	89	91	95	
223	82	85	86	87	88	90	91	93	94	97	103	
224	16	83	87	90	91	93	95	98	
225	18	
242	86	
248	56	
249	55	58	88	91	93	
250	87	88	89	90	91	93	95	98	
251	82	83	85	86	88	89	90	91	94	97	
252	81	82	83	84	85	86	89	100	
253	17	19	43	46	50	53	57	59	69	80	81	85	
254	18	20	27	32	44	45	47	48	50	51	56	57	58	61	68	71	80	81	84	
255	14	19	20	27	43	45	46	48	48	50	51	56	57	59	79	80	81	
256	7	15	21	27	44	45	46	47	48	50	68	80	81	83	98	
257	7	9	13	43	46	48	80	81	83	84	86	89	
258	7	12	14	19	81	82	83	84	85	86	87	88	89	91	92	97	
259	17	18	82	85	87	90	92	94	
260	17	
282	58	87	90	91	93	96	
283	47	53	67	82	85	86	87	89	90	92	96	99	
284	80	81	82	83	84	85	86	88	90	
285	10	13	16	17	18	19	28	39	45	70	79	80	82	84	
286	6	8	11	14	15	17	19	20	34	45	69	79	81	83	
287	15	18	19	20	21	24	27	79	
288	22	24	35	54	61	
289	22	24	51	52	53	54	55	56	57	58	59	60	62	74	
290	24	33	48	49	50	51	52	52	54	56	57	59	
291	9	44	45	46	47	48	49	49	50	51	79	
292	3	7	9	11	12	13	14	44	49	79	80	81	85	
293	7	10	11	13	14	15	19	81	84	85	86	87	89	90	92	95	98	
294	16	17	86	88	91	93	95	
295	87	90	92	97	
296	91	96	
313	56	59	
314	52	92	
315	53	54	59	83	87	88	90	91	93	97	
316	81	82	83	85	86	87	88	90	92	100	
317	10	16	80	81	82	83	84	
318	6	10	11	13	14	15	17	18	19	20	26	44	69	79	80	83	
319	7	12	13	15	18	19	20	21	24	27	45	
320	21	22	23	25	
321	22	24	
323	62	
324	51	52	53	54	55	56	57	58	58	59	60	62	
325	50	51	51	54	
326	4	9	10	13	44	45	48	49	50	
327	7	11	12	14	15	80	82	84	86	89	91	95	99	
328	17	80	82	84	85	86	87	89	90	92	95	98	99	
329	16	83	84	85	86	88	89	90	93	
330	12	15	16	17	18	82	85	88	
331	13	17	20	
346	56	
347	52	53	54	93	98	
348	51	55	59	85	87	88	89	92	96	98	
349	29	41	68	81	82	84	85	87	89	93	
350	9	11	14	16	17	18	18	78	79	80	82	83	85	99	
351	6	11	13	14	15	17	18	18	20	20	27	45	80	
352	13	15	21	22	23	24	27	
353	22	23	24	
357	57	
358	53	55	57	58	59	61	
359	51	51	53	54	55	56	59	87	91	93	98	
360	10	46	49	51	67	
361	9	11	15	18	81	84	89	
362	10	13	13	15	16	17	19	20	71	79	81	82	83	85	89	
363	10	12	13	15	16	17	18	19	19	20	21	27	28	45	72	79	81	84	
364	15	18	20	21	22	79	
365	22	
379	58	
380	52	53	87	92	97	
381	54	83	85	86	87	89	90	91	96	
382	10	80	82	83	84	85	86	89	93	100	
383	7	9	11	12	14	14	16	17	19	45	69	78	80	84	
384	4	10	12	14	17	18	19	20	21	
385	21	22	23	23	25	
391	87	90	92	96	
392	37	47	55	56	58	82	85	87	88	89	90	91	94	96	
393	46	47	52	54	80	82	83	85	86	89	90	95	
394	8	46	46	49	53	67	83	87	89	94	
395	6	9	10	11	13	13	14	15	87	
396	7	11	12	14	15	16	16	17	18	18	19	20	23	80	
397	13	15	17	18	19	20	21	22	23	25	
398	24	
411	56	
412	47	53	56	
413	51	53	55	59	86	87	91	95	
414	47	50	52	55	82	86	87	88	89	91	93	96	
415	9	41	68	79	81	82	84	85	89	93	100	
416	10	12	13	13	14	16	17	18	19	79	80	
417	11	12	14	15	17	18	19	20	21	23	72	
418	20	21	22	25	
419	23	
423	53	55	58	
424	55	86	87	91	92	95	98	
425	53	81	82	83	83	85	86	87	88	89	91	94	
426	16	31	43	48	51	56	57	60	72	80	81	83	84	85	99	
427	17	18	45	47	48	50	51	52	53	56	67	68	79	80	81	85	
428	8	10	14	44	45	46	47	48	49	50	
429	7	8	10	11	11	12	13	14	15	28	49	
430	11	12	15	16	17	18	19	20	22	24	
431	17	20	21	23	25	27	
436	57	58	
445	56	57	59	
446	47	48	49	50	51	52	53	56	
447	38	44	46	49	50	55	57	60	63	67	71	80	81	84	86	88	99	
448	40	44	47	48	50	70	80	82	83	85	89	98	
449	7	11	12	13	14	17	18	19	20	27	45	68	72	80	
450	12	14	15	17	18	19	20	21	24	
451	21	22	23	25	
455	56	58	
456	52	54	57	58	97	
457	52	53	55	86	88	90	92	93	96	99	
458	41	46	66	81	82	85	86	87	88	90	94	
459	10	13	16	17	18	19	42	67	72	80	81	84	101	
460	12	19	20	21	26	55	56	57	60	79	
461	20	21	24	35	48	49	50	51	52	53	55	56	58	60	
462	23	46	47	48	49	50	51	53	
463	5	8	9	10	12	14	15	45	
464	12	13	14	15	16	16	17	18	19	20	23	
465	17	19	21	23	
473	79	79	80	
479	52	55	61	
480	33	51	54	61	
481	14	60	
482	15	20	24	
483	21	23	24	
484	21	22	23	25	
488	56	
489	52	53	57	
490	49	52	53	55	85	87	88	90	91	93	98	
491	81	82	83	84	85	87	89	95	101	
492	7	10	12	14	15	16	19	20	27	79	81	83	84	89	
493	13	17	18	20	21	24	
494	21	23	23	24	56	57	59	
495	48	50	51	52	53	54	55	57	58	
496	46	47	49	50	51	
497	5	7	8	10	11	13	14	
498	12	15	16	16	17	19	20	21	25	26	
499	20	21	22	
521	57	
522	48	53	54	57	59	62	
523	47	49	51	54	55	87	90	92	95	
524	48	80	82	84	85	86	88	88	89	92	93	98	
525	7	10	11	12	13	14	15	16	18	71	80	81	84	88	
526	12	14	15	16	17	18	19	20	20	21	23	
527	20	21	22	24	
528	23	55	56	57	58	59	61	
529	50	51	52	53	54	55	56	59	
530	8	47	49	49	50	51	53	
531	5	6	10	11	12	13	14	15	19	44	
532	15	16	17	17	19	19	20	24	26	
533	18	22	
535	28	
536	28	28	
554	57	
555	52	56	57	60	
556	50	51	52	53	54	55	60	92	
557	47	48	49	51	53	81	84	86	87	89	90	93	96	
558	9	10	12	13	14	81	82	83	85	90	
559	5	7	11	12	12	13	14	15	16	17	17	18	19	20	23	70	
560	17	18	20	21	22	25	
561	23	
562	53	55	57	58	59	62	
563	47	51	52	54	55	60	
564	49	50	87	92	
565	6	8	9	11	12	13	14	15	16	
566	16	17	18	19	20	20	22	23	26	
571	20	20	21	
588	57	58	60	
589	51	52	53	53	55	56	57	59	
590	46	48	48	49	50	51	53	54	55	87	88	91	97	
591	8	10	46	49	79	81	82	83	85	86	89	92	98	
592	7	9	10	11	12	13	14	14	15	16	16	18	19	80	84	
593	3	7	13	15	16	17	17	18	19	20	20	22	23	25	26	
594	22	24	
595	58	
596	53	55	57	60	
597	49	50	54	90	
598	8	10	13	48	87	89	
599	11	12	14	15	16	16	17	19	20	70	
600	20	21	23	24	
622	52	56	57	60	
623	47	48	50	51	52	52	53	54	55	56	57	58	60	
624	45	46	46	47	48	49	50	50	51	52	53	81	85	
625	8	9	10	14	43	46	49	79	81	84	88	
626	4	7	11	12	12	13	14	14	15	16	18	
627	16	17	17	18	18	19	20	21	22	23	
629	57	
630	34	52	52	53	54	55	59	61	
631	48	49	50	54	88	90	96	
632	6	9	11	12	13	14	18	28	45	84	
633	12	15	16	17	19	20	23	25	
634	18	22	
656	57	58	60	63	
657	37	51	51	52	53	53	54	55	56	56	57	59	60	62	
658	44	46	47	48	49	49	50	51	52	54	
659	5	9	10	13	44	46	47	48	83	
660	5	6	8	10	11	12	12	13	14	14	15	23	
661	12	15	16	17	18	20	21	87	91	92	97	
662	91	93	98	
663	53	92	97	
664	55	88	92	97	
665	9	13	82	84	
666	12	14	15	17	19	
667	17	20	21	25	
690	58	60	
691	52	53	54	55	56	57	57	59	60	62	
692	30	45	50	50	51	52	53	53	54	55	56	58	
693	5	9	39	44	45	46	46	47	48	49	49	50	51	
694	7	9	10	12	14	15	20	43	43	45	46	48	48	71	
695	2	10	13	14	20	22	81	82	84	85	87	88	98	101	
696	16	82	83	85	86	88	88	89	91	95	
697	46	82	83	85	86	88	89	91	94	
698	10	16	17	69	82	84	85	90	
699	10	12	14	16	18	18	69	81	
700	20	23	25	
701	22	
726	51	52	54	55	58	59	61	64	
727	51	52	54	57	59	61	64	
728	4	25	27	43	45	47	49	50	51	56	58	59	66	68	
729	5	21	23	28	43	44	45	47	49	50	71	80	84	
730	18	20	22	26	38	44	47	49	52	69	80	81	84	
731	6	9	12	14	15	18	19	44	46	49	69	71	80	82	84	
732	12	14	16	19	20	28	69	79	
733	21	25	
734	23	
761	55	
762	55	61	
763	24	29	50	54	61	
764	10	15	22	24	45	
765	22	23	24	104	
766	22	25	
767	23	
858	37	
1157	46	
1161	20	
1199	26	
1204	80	
1207	60	
1208	68	
1211	56	
1213	101	
1237	26	69	
1244	61	
1245	60	
1266	19	
1274	30	
1289	71	
1296	46	70	
1301	66	
1305	43	
1307	8	59	
1308	46	56	
1309	47	
1310	46	
1311	46	57	
1313	46	73	
1324	5	
1327	69	
1339	46	
1340	44	
1341	16	18	42	45	62	66	72	
1342	19	47	48	51	57	59	
1343	20	43	44	46	49	52	56	70	
1344	42	46	48	50	64	
1345	42	46	48	48	
1346	47	80	
1349	7	
1367	49	
1370	17	
1371	17	26	
1372	17	18	40	47	
1373	16	18	20	41	46	66	70	
1374	13	15	17	18	20	45	49	70	
1375	6	17	18	19	20	21	23	26	48	59	62	70	
1376	19	20	21	25	30	51	55	56	58	59	62	
1377	20	22	25	31	50	52	54	57	60	
1378	23	25	45	49	51	54	56	58	60	68	
1379	22	25	28	42	44	49	50	53	54	56	61	68	
1380	45	46	47	48	49	51	61	
1381	10	43	44	46	48	51	
1382	65	68	
1383	28	
1388	57	
1391	63	
1403	46	
1405	10	18	19	26	42	44	46	67	
1406	12	13	15	16	17	19	21	24	27	87	
1407	15	20	21	24	56	
1408	14	20	22	25	93	
1409	23	23	88	91	
1410	25	86	87	92	96	
1411	55	87	88	90	91	96	
1412	16	24	55	58	60	88	91	92	95	97	
1413	16	18	24	52	53	54	56	57	58	59	60	93	
1414	23	25	28	43	43	48	50	51	52	53	55	56	59	
1415	45	46	47	49	50	
1416	45	48	48	54	
1417	39	44	47	
1418	46	
1420	28	
1429	23	
1435	38	
1436	17	20	
1437	11	14	20	29	42	
1438	11	15	16	17	18	22	46	50	73	
1439	9	12	13	14	16	17	19	20	22	23	68	87	
1440	22	24	
1441	23	25	91	93	97	
1442	86	87	89	90	92	96	
1443	82	86	89	94	
1444	81	83	84	86	90	94	101	
1445	12	81	81	83	84	84	86	90	93	100	
1446	8	10	11	14	81	83	84	85	87	90	96	
1447	12	17	53	55	56	57	57	60	62	83	86	88	90	92	96	
1448	16	17	20	41	50	51	52	54	55	56	58	59	61	
1449	33	42	44	46	47	47	49	50	51	53	
1450	45	46	47	48	51	55	58	59	
1451	19	44	50	58	70	
1452	23	48	48	50	53	
1453	50	
1456	61	
1459	82	103	
1460	7	
1462	2	
1467	18	
1469	14	
1470	9	13	17	19	
1471	9	11	14	15	16	17	18	19	21	24	71	
1472	12	15	19	20	21	23	70	
1473	22	24	56	92	
1474	23	25	54	86	87	90	91	94	97	
1475	82	84	85	87	89	91	100	
1476	80	82	84	86	90	
1477	79	81	84	89	93	
1478	79	82	85	
1479	10	78	80	90	90	
1480	10	12	15	16	80	82	85	
1481	8	10	12	13	14	15	16	19	80	81	84	95	
1482	15	16	17	19	20	21	52	55	56	57	58	59	61	
1483	18	30	45	48	50	51	54	55	57	61	
1484	44	49	52	55	56	58	62	74	
1485	23	24	27	48	51	52	55	58	60	70	
1486	49	50	55	73	
1488	60	
1498	70	
1499	38	
1501	17	
1502	13	19	39	46	
1503	11	14	17	18	39	46	
1504	7	10	12	14	15	16	17	19	20	26	29	70	
1505	18	20	21	23	24	56	
1506	22	24	53	54	87	91	93	97	
1507	82	85	87	89	90	92	96	101	
1508	81	82	84	85	87	89	93	
1509	79	80	82	83	85	94	98	
1510	80	84	88	
1511	86	
1512	94	
1513	10	41	
1514	10	16	17	21	41	
1515	5	7	9	10	11	13	14	14	17	18	19	20	22	24	70	84	
1516	7	12	13	15	15	16	17	18	18	19	20	21	24	27	53	56	58	62	
1517	21	22	52	55	56	
1518	47	49	51	55	56	73	92	
1519	52	53	55	88	90	92	97	
1520	55	91	97	
1523	5	
1535	10	16	24	44	
1536	9	11	13	15	18	19	
1537	10	12	13	15	16	17	18	19	21	24	56	71	
1538	7	19	20	22	53	58	59	
1539	21	23	50	53	56	88	91	97	
1540	82	84	86	88	89	90	
1541	80	81	83	83	85	88	
1542	79	82	87	
1544	85	
1545	17	40	
1546	10	14	16	25	
1547	10	15	16	17	18	20	24	45	69	
1548	10	13	14	16	17	18	19	20	21	25	44	72	
1549	5	7	10	11	13	13	14	15	17	19	20	21	22	24	26	
1550	17	20	21	23	24	56	58	59	
1551	23	50	51	51	52	53	53	55	56	
1552	47	49	50	52	87	88	90	94	
1553	50	55	62	81	83	85	90	97	
1554	80	84	89	
1555	60	
1568	11	14	16	18	
1569	9	12	14	17	19	24	
1570	10	12	14	15	18	20	21	23	27	69	
1571	5	8	20	22	24	56	59	93	
1572	22	53	54	55	61	87	91	94	
1573	82	84	86	89	91	93	
1574	79	81	83	83	85	94	99	
1575	40	88	
1576	100	
1577	84	
1579	8	11	13	16	18	19	25	26	
1580	7	11	14	16	17	19	20	24	44	71	
1581	7	11	13	14	18	20	21	24	28	
1582	4	12	14	20	22	23	25	
1583	14	86	87	91	93	96	
1584	16	53	55	55	56	57	60	87	91	93	94	97	
1585	47	51	53	54	54	57	62	92	
1586	45	47	48	49	51	55	79	82	84	87	89	
1587	23	49	78	82	83	87	90	
1588	81	83	
1591	4	
1592	56	
1595	78	78	82	
1599	9	
1601	10	15	
1602	7	11	12	14	18	24	
1603	11	13	15	20	23	
1604	4	23	88	92	
1605	54	86	87	90	91	95	
1606	55	81	82	85	86	88	90	93	99	
1607	80	82	83	85	88	101	
1609	84	
1611	8	19	
1612	9	12	13	16	20	
1613	9	11	13	15	16	18	19	20	23	23	26	43	
1614	15	18	22	23	25	58	88	
1615	24	51	54	92	98	
1616	8	21	53	86	87	90	92	94	97	
1617	10	13	81	82	85	86	88	91	98	99	
1618	8	11	12	16	19	55	56	57	60	62	81	82	85	87	89	96	
1619	17	21	51	51	52	53	54	55	56	59	81	84	87	
1620	45	47	49	50	51	53	
1621	51	
1626	55	
1629	78	79	
1634	3	
1635	9	
1636	9	12	15	
1637	86	90	94	
1638	20	83	86	88	89	91	94	98	
1639	81	82	85	87	89	97	99	
1640	80	82	83	86	89	93	99	
1641	81	87	
1643	28	103	
1644	8	14	19	
1645	11	13	15	16	18	25	27	
1646	8	9	11	14	15	16	17	19	20	21	25	28	56	70	
1647	5	18	20	21	22	24	26	53	62	
1648	22	49	52	54	61	73	87	92	97	
1649	54	83	85	87	89	90	94	
1650	80	81	83	84	86	89	94	
1651	9	13	15	17	80	83	84	89	
1652	6	12	14	15	16	16	18	18	19	27	53	56	57	59	61	80	
1653	20	21	47	48	52	54	54	56	59	
1654	49	50	53	55	87	89	95	
1655	49	
1657	22	
1658	9	43	
1663	56	
1669	11	
1671	82	85	90	94	
1672	79	84	91	101	
1673	78	79	82	84	89	95	
1674	85	
1678	8	11	16	20	
1679	9	11	13	14	14	16	17	18	19	26	71	
1680	13	17	18	19	20	22	23	52	57	58	70	
1681	22	47	48	49	51	52	53	55	59	
1682	49	86	88	90	94	97	100	
1683	54	78	80	82	85	87	88	
1684	80	85	91	
1685	8	8	10	12	13	15	
1686	16	17	18	20	57	58	58	61	
1687	17	23	50	51	52	53	54	93	
1688	45	49	51	58	90	
1690	83	
1696	60	
1697	92	92	92	93	
1705	86	
1706	83	
1711	8	14	18	42	
1712	4	8	10	12	13	14	17	18	41	72	
1713	5	6	12	16	16	17	18	19	20	22	23	27	56	57	59	72	
1714	18	21	22	24	27	46	47	50	51	52	53	54	55	56	59	
1715	23	46	49	50	52	55	86	87	88	90	93	96	
1716	51	80	83	83	85	88	88	93	93	
1717	88	
1718	12	15	
1719	8	10	12	13	15	16	20	84	
1720	6	12	15	17	18	19	22	23	52	53	57	60	
1721	21	50	51	52	54	56	89	91	
1722	48	51	85	88	
1726	24	24	24	
1728	13	32	
1738	2	
1740	94	
1741	94	
1745	6	8	11	15	18	24	
1746	5	6	9	10	12	13	13	14	15	16	18	20	25	57	57	
1747	15	17	18	20	21	23	24	53	55	56	57	59	
1748	22	23	46	47	49	49	50	51	52	53	54	60	
1749	48	50	79	81	82	84	85	89	93	102	
1750	51	63	87	
1751	86	
1752	8	12	24	73	
1753	11	13	15	16	56	57	
1754	15	17	18	19	20	22	25	52	55	57	61	
1755	49	50	54	57	83	84	86	88	90	94	99	
1756	55	87	89	94	
1768	102	
1769	73	
1778	10	
1779	6	9	10	12	14	15	18	
1780	7	11	12	13	13	14	15	16	19	20	56	57	58	
1781	17	18	18	19	20	22	24	51	52	52	53	54	55	55	56	57	60	
1782	22	46	47	48	50	52	54	55	59	
1783	45	46	50	53	78	85	89	
1784	51	83	
1785	9	18	48	103	
1786	8	11	13	15	19	25	
1787	12	14	15	17	53	56	60	73	
1788	22	53	54	
1789	81	86	88	88	91	95	
1790	83	95	
1792	98	
1799	2	
1806	66	
1811	14	
1813	8	9	11	13	13	15	17	
1814	7	10	11	12	13	14	15	18	18	21	
1815	16	17	19	21	23	24	51	52	53	54	55	56	57	58	58	59	61	92	92	
1816	12	32	47	50	51	52	54	56	57	62	64	
1817	39	45	47	48	49	50	58	62	83	
1818	23	38	44	47	49	51	
1819	19	45	46	50	70	
1820	7	11	14	22	45	57	70	
1821	22	23	53	
1822	55	90	94	98	
1823	53	80	82	83	85	
1824	80	
1838	48	
1839	74	
1844	13	
1846	20	
1847	10	14	28	
1848	8	10	11	12	14	15	81	90	95	
1849	13	16	21	55	62	82	85	87	88	89	90	92	96	
1850	18	52	53	54	59	63	90	92	98	
1851	50	52	54	63	
1852	25	45	49	56	59	
1853	22	24	65	
1854	25	52	55	59	
1855	53	59	
1856	81	83	86	89	94	99	
1858	91	
1859	53	
1880	86	
1882	5	10	15	84	89	
1883	8	10	12	14	18	79	81	82	83	87	89	93	97	
1884	8	12	12	82	83	85	86	87	89	90	91	94	
1885	87	89	91	95	
1886	91	
1887	55	91	96	
1888	53	
1889	80	83	86	89	96	
1890	84	93	97	
1891	86	
1915	14	
1916	5	
1917	12	84	
1918	12	79	81	82	84	86	89	95	99	
1919	82	84	85	87	89	91	94	99	
1920	82	83	84	85	87	88	90	93	98	
1921	82	86	88	90	94	100	
1922	80	82	85	89	93	
1923	81	88	90	
1924	85	
1937	86	
1940	7	
1941	60	
1942	51	
1951	85	
1952	84	96	
1953	11	79	82	84	88	
1954	79	81	84	87	99	
1955	81	83	86	88	
1956	80	
1961	9	
1978	52	
1979	61	
1980	61	
1986	83	
1989	86	
1995	10	
2014	55	
2015	71	
2024	98	
2035	77	
2036	57	
2041	88	
2050	69	
2052	35	
2062	1	
2084	24	
2095	73	
2109	28	
2112	85	
2135	25	
2143	93	
2154	8	
2186	32	
2201	94	
2207	14	92	
2228	104	
2254	14	
2260	9	
