15	68	
47	56	
112	41	
292	91	
321	88	93	
322	87	91	93	94	97	
323	87	88	89	91	92	94	97	
324	88	90	92	94	96	
325	10	86	87	88	89	91	93	95	98	
326	86	87	88	89	90	92	93	95	97	
327	87	88	89	90	91	93	94	96	
328	87	88	90	91	93	94	96	
329	17	18	88	91	
351	92	
352	91	93	97	
353	87	90	92	97	
354	87	88	90	91	93	94	97	
355	85	86	87	89	90	92	94	97	100	
356	82	85	86	87	88	88	90	91	92	94	96	
357	37	81	82	83	84	85	86	87	88	89	90	93	95	98	
358	16	17	19	36	48	81	82	85	86	87	89	90	100	
359	17	20	30	37	43	44	47	56	59	67	69	77	79	81	82	83	85	86	88	
360	8	21	46	47	48	50	72	77	81	83	83	85	
361	7	10	46	48	81	82	85	86	89	99	
362	7	10	12	14	15	81	82	83	84	85	86	88	89	90	91	93	95	101	
363	15	17	19	81	86	88	89	91	92	94	97	100	
364	16	17	88	91	
382	93	
383	88	91	93	96	
384	87	90	92	95	98	
385	82	85	86	87	89	91	92	94	96	
386	57	82	85	86	88	88	89	90	95	
387	47	51	57	77	82	83	85	86	88	88	89	95	
388	37	46	47	49	51	54	78	82	85	86	87	89	95	100	
389	37	81	82	83	85	86	87	88	90	93	96	
390	37	78	80	81	82	83	84	86	87	89	95	99	
391	8	10	11	13	14	16	17	18	19	29	71	78	79	80	81	84	85	
392	8	12	15	16	17	18	18	19	20	20	21	65	70	79	80	84	
393	21	22	23	23	51	52	55	56	57	59	61	79	
394	22	45	47	47	49	50	51	51	52	53	54	56	59	79	
395	8	42	44	45	46	47	48	49	50	72	78	80	83	
396	5	9	10	12	13	14	48	79	81	82	84	86	98	
397	7	10	11	12	13	14	15	79	81	82	83	85	86	89	90	95	101	
398	16	16	17	18	18	19	21	86	93	
399	23	
415	88	92	97	
416	86	87	91	92	96	100	
417	41	47	52	58	82	85	86	87	89	91	95	
418	40	48	67	81	82	84	86	87	88	90	94	
419	17	18	32	41	44	46	58	67	80	82	83	85	86	88	100	
420	17	20	30	44	47	49	52	57	58	61	67	69	79	80	82	83	84	
421	20	23	45	46	47	49	50	51	52	54	55	56	59	69	79	81	
422	45	46	47	49	50	51	54	72	79	83	
423	13	39	45	48	78	80	83	88	
424	7	9	10	11	13	14	15	16	17	18	20	69	79	80	82	84	
425	7	10	11	12	14	15	15	16	17	17	18	19	20	21	22	23	70	79	
426	8	13	20	21	22	24	
427	23	25	52	53	55	56	57	60	
428	50	51	52	53	54	55	56	58	60	
429	45	46	47	48	49	50	50	51	64	
430	5	9	13	44	48	79	
431	4	6	8	9	10	11	11	12	13	14	15	77	78	80	83	83	85	87	89	
432	12	13	15	16	16	17	18	18	19	20	21	23	26	85	
433	18	22	
447	91	98	
448	87	92	95	98	
449	84	86	87	89	91	95	
450	16	40	46	60	81	82	84	86	89	98	
451	11	16	18	18	20	27	44	48	63	68	79	80	82	84	85	98	
452	10	12	14	19	20	21	44	49	63	68	71	78	80	81	84	
453	12	21	22	23	25	58	60	69	79	84	
454	24	25	51	52	55	57	61	71	79	
455	48	49	51	51	52	53	54	55	58	
456	49	50	
457	7	9	10	13	18	
458	7	10	11	12	14	15	16	17	18	19	20	22	23	25	26	68	
459	13	20	21	22	23	25	28	
460	22	
461	52	53	56	57	58	60	
462	50	51	52	53	54	55	58	60	
463	45	47	48	48	49	50	50	
464	9	10	40	45	
465	6	8	9	10	11	12	13	13	14	14	15	16	16	18	24	68	104	
466	15	17	17	19	20	20	21	22	24	
467	22	
470	53	54	
480	48	50	52	54	88	91	
481	55	86	87	88	89	91	92	93	95	97	
482	41	82	86	87	88	88	90	94	96	
483	11	14	16	17	18	20	29	79	81	83	85	
484	13	14	16	17	19	20	28	65	68	80	
485	18	20	21	22	24	65	73	
486	22	23	25	
487	25	56	
488	51	52	53	55	55	56	58	
489	46	48	48	50	51	51	53	53	54	55	
490	8	10	32	49	72	73	87	91	96	
491	6	9	10	11	12	13	14	15	16	18	
492	12	15	16	16	17	19	20	21	22	23	24	74	
495	53	56	58	63	
496	50	51	51	52	54	54	55	56	60	93	
497	49	51	53	87	91	93	95	
498	5	7	8	9	11	13	14	
499	6	11	12	13	14	15	16	17	17	18	19	19	20	24	70	
500	15	16	17	19	20	21	22	23	23	25	
511	57	
512	53	56	58	59	
513	47	48	49	50	52	55	
514	43	46	46	47	48	51	53	81	85	89	95	98	
515	10	13	39	44	81	82	84	85	86	89	94	
516	7	10	11	14	14	16	17	18	18	19	71	72	77	79	81	83	85	
517	7	12	15	16	18	20	21	23	24	70	78	83	
518	21	23	24	
521	52	56	58	
522	47	47	51	52	52	54	55	56	59	
523	46	47	48	50	51	53	97	
524	9	10	74	76	81	87	90	94	
525	6	8	10	11	12	13	14	14	15	16	18	19	
526	16	17	17	20	21	23	24	
528	57	93	
529	54	56	90	91	95	97	
530	37	47	50	52	53	55	83	87	88	90	92	95	98	100	
531	10	42	82	83	84	85	87	89	90	95	98	
532	6	7	8	10	11	11	12	13	14	16	17	19	20	26	39	68	
533	12	13	15	16	17	18	19	19	20	21	24	26	70	
534	20	21	24	
546	52	53	55	56	57	61	
547	35	48	49	50	51	52	54	55	56	58	59	61	
548	8	43	45	46	48	49	50	70	79	84	
549	9	10	11	13	14	15	43	45	68	68	72	78	80	84	
550	12	15	17	20	21	22	24	25	
551	20	22	23	25	
552	23	
554	48	57	
555	53	55	56	57	60	
556	42	47	48	50	51	52	53	53	54	55	56	58	62	
557	32	40	44	45	46	47	48	49	49	50	73	85	
558	9	10	12	14	43	44	46	46	79	83	84	
559	7	10	11	12	13	14	15	18	
560	22	92	97	
561	57	87	92	95	97	
562	53	54	83	86	87	90	91	93	95	97	
563	37	47	50	59	81	83	84	85	86	87	88	90	91	93	95	
564	13	42	47	66	80	81	82	84	86	87	89	94	
565	6	9	11	13	15	16	17	18	19	69	79	80	85	88	
566	7	11	12	15	15	16	17	19	20	20	21	24	45	68	70	
567	1	20	21	23	24	
568	22	
580	53	
581	34	52	53	60	
582	61	65	
583	5	14	23	25	73	
584	23	25	
587	44	45	
589	52	55	57	
590	50	51	52	53	53	54	55	56	57	58	60	62	
591	32	38	44	45	48	49	49	50	51	54	56	56	58	59	67	
592	30	42	44	45	47	48	48	49	50	67	70	73	
593	6	11	13	22	23	39	43	44	45	47	48	48	56	68	69	
594	20	41	46	48	81	82	85	86	88	
595	39	47	57	77	81	83	85	86	87	88	89	93	95	
596	17	31	40	43	48	50	60	80	82	84	85	86	88	
597	13	17	18	19	20	26	29	40	44	47	68	68	77	79	81	82	84	86	
598	7	8	11	14	16	18	18	19	20	21	44	70	72	79	80	84	
599	11	13	14	17	19	20	21	23	23	25	26	29	44	64	69	79	
600	20	21	22	24	25	
601	22	
624	54	55	
625	52	53	55	57	60	
626	25	51	53	54	55	56	57	59	61	64	
627	25	30	42	45	49	50	52	54	57	60	72	
628	20	23	25	31	44	45	47	49	50	59	68	69	79	
629	11	13	20	22	43	45	49	61	63	68	70	79	80	84	
630	10	14	15	17	19	20	22	24	26	45	63	65	71	79	80	83	
631	11	14	21	22	23	24	26	69	
632	21	22	23	25	
633	22	24	
661	55	
662	23	53	64	
663	25	
664	23	23	
1160	83	
1168	29	
1172	31	
1189	2	
1197	27	87	
1198	97	
1202	7	
1204	60	
1212	5	
1236	49	
1247	12	
1251	39	
1252	104	
1254	68	
1276	93	
1280	6	
1286	68	
1295	77	
1299	44	
1305	31	96	
1308	43	
1343	23	
1344	97	
1358	9	61	
1359	67	
1368	15	
1377	55	
1382	13	
1384	70	
1395	92	
1413	47	51	
1416	53	
1419	60	
1430	99	
1438	30	
1439	46	
1441	41	64	
1443	48	
1444	37	38	43	48	57	
1445	20	46	
1446	39	47	52	56	61	
1447	31	42	47	51	66	71	
1448	46	
1449	24	44	46	50	66	
1450	27	44	46	
1451	70	
1452	75	
1453	54	67	
1455	74	
1471	40	
1473	16	47	76	
1474	38	46	
1475	46	
1476	17	39	47	60	
1477	11	16	18	18	21	41	57	
1478	17	18	20	27	41	45	45	47	48	51	57	60	65	66	68	
1479	19	21	23	24	41	44	46	48	49	57	62	66	70	
1480	19	21	26	44	51	56	61	67	70	
1481	19	20	23	24	26	29	45	49	51	54	56	58	61	70	
1482	22	31	42	44	50	53	55	56	57	59	68	
1483	23	25	33	40	44	49	52	57	66	69	74	91	
1484	22	26	39	44	46	48	49	50	70	
1485	45	46	71	
1486	45	46	
1488	12	
1490	74	
1496	99	
1503	39	
1504	46	
1505	15	27	40	46	
1506	17	39	47	63	
1507	18	19	36	42	46	52	70	
1508	17	20	28	32	38	47	48	59	71	
1509	11	17	19	22	43	51	67	70	
1510	12	14	17	19	21	40	44	60	65	66	70	
1511	8	11	16	17	19	20	22	25	29	35	41	45	61	65	68	70	
1512	18	19	21	22	24	45	56	59	62	68	71	
1513	21	22	23	25	26	45	49	51	53	63	
1514	22	24	
1515	54	92	
1516	24	73	93	98	
1517	16	18	24	30	52	54	55	56	58	58	60	63	74	
1518	18	22	42	44	45	47	47	50	52	53	55	59	69	
1519	42	43	45	46	46	47	48	49	53	58	59	70	
1520	47	48	49	
1521	78	
1524	9	
1533	24	
1536	16	41	
1537	14	
1538	17	18	40	
1539	10	16	18	22	41	46	49	67	71	
1540	13	16	18	20	22	34	61	72	
1541	15	20	21	24	26	53	55	60	65	69	
1542	21	22	23	45	61	65	68	
1543	12	14	22	25	
1544	11	14	15	16	20	23	24	
1545	17	19	21	22	23	25	57	
1546	22	23	25	52	
1547	51	54	58	92	
1548	54	87	91	92	97	
1549	82	86	87	89	91	95	
1550	7	9	11	13	15	83	87	90	
1551	8	13	15	16	17	18	35	53	55	57	58	59	62	97	
1552	16	17	19	21	52	52	53	54	55	57	59	62	
1553	42	44	46	47	47	49	49	50	51	52	53	55	58	62	73	
1554	45	47	48	50	
1557	67	
1569	19	
1570	18	46	
1571	15	16	19	44	68	69	
1572	11	14	16	18	19	20	27	44	
1573	9	12	14	20	22	24	
1574	22	24	65	
1575	23	92	98	
1576	87	91	96	
1577	11	13	87	90	92	96	
1578	7	11	14	20	
1579	18	20	25	
1580	50	52	53	55	88	
1581	50	53	55	83	87	88	90	91	92	94	96	
1582	80	82	85	87	89	91	94	102	
1583	9	79	81	83	85	89	94	
1584	10	12	14	19	79	81	85	90	95	102	
1585	6	8	11	12	13	14	15	16	17	18	22	24	58	81	87	89	94	94	
1586	16	17	17	19	21	26	51	52	53	55	55	56	57	59	60	
1587	46	47	48	49	50	50	51	52	54	55	
1588	45	46	49	55	
1595	13	
1601	37	
1602	43	
1603	12	15	18	18	21	41	45	46	67	
1604	9	11	14	16	18	20	66	
1605	12	14	20	21	27	69	
1606	12	23	24	
1607	25	91	92	97	
1608	87	90	91	95	
1609	87	89	90	92	95	
1610	81	82	86	87	89	95	
1611	10	11	14	81	84	86	
1612	8	12	13	14	15	16	17	18	18	20	56	81	
1613	20	22	47	50	52	54	55	57	58	
1614	46	48	51	53	82	86	88	89	90	91	93	95	98	99	
1615	21	48	78	80	81	82	84	86	89	92	95	
1616	78	80	84	87	88	
1617	86	
1618	6	8	9	11	14	15	85	
1619	7	10	12	13	14	15	16	17	18	20	22	25	26	56	57	78	
1620	17	18	21	23	52	53	54	55	55	57	58	61	
1621	15	45	47	49	51	52	54	55	56	59	91	94	98	
1622	48	55	
1626	64	
1629	14	
1635	16	21	24	
1636	10	13	14	16	19	68	68	
1637	12	15	16	17	18	19	20	23	25	30	71	
1638	18	20	21	22	23	25	51	56	
1639	22	51	53	56	92	
1640	87	91	93	95	
1641	86	89	91	
1642	81	82	85	86	88	88	90	98	
1643	79	80	82	84	85	88	90	101	
1644	10	13	13	16	79	80	83	83	86	90	
1645	7	10	11	12	14	15	17	19	26	58	68	78	80	
1646	8	13	17	18	19	20	21	22	24	52	56	60	68	69	71	
1647	21	22	46	47	49	50	51	53	53	54	
1648	46	50	78	80	82	84	85	87	89	91	93	
1649	59	79	82	84	87	88	
1650	18	67	85	
1651	11	14	84	
1652	6	8	10	11	15	16	18	18	20	27	40	66	70	
1653	5	6	10	11	12	13	14	15	16	17	19	20	22	23	56	57	61	
1654	18	22	24	48	51	51	52	54	55	59	
1655	49	50	53	53	56	82	86	88	90	92	93	96	
1656	87	97	
1668	13	
1669	8	9	11	14	16	21	
1670	13	14	15	16	19	21	23	57	
1671	18	21	22	24	52	54	57	
1672	23	51	53	58	73	92	97	
1673	83	86	87	93	96	98	
1674	80	82	86	89	94	
1675	79	81	84	86	88	97	98	
1676	78	80	84	
1677	13	78	82	89	
1678	8	9	10	18	21	83	
1679	6	11	13	13	14	15	15	16	17	18	20	53	56	57	
1680	16	17	20	21	22	25	47	51	51	52	54	55	56	58	59	71	
1681	23	38	44	46	47	48	49	50	53	
1682	44	46	49	58	80	84	94	
1683	39	
1684	13	16	39	48	67	
1685	10	13	15	18	19	22	29	45	47	66	
1686	6	10	12	14	15	16	18	18	19	20	22	24	45	71	
1687	13	22	23	25	51	52	56	59	70	
1688	22	51	53	53	55	91	96	
1689	51	57	80	83	84	86	87	88	90	95	
1690	83	84	91	94	
1703	8	9	11	13	14	
1704	8	12	13	14	15	
1705	51	53	91	93	94	96	
1706	74	78	83	86	88	89	91	94	98	
1707	80	82	84	86	90	97	
1708	80	86	90	
1709	79	83	
1710	85	
1711	13	
1712	7	8	10	11	13	15	18	26	
1713	7	12	12	15	16	20	57	
1714	16	17	18	21	23	23	51	51	52	54	55	56	57	58	61	
1715	33	43	45	48	49	50	51	53	53	57	61	
1716	42	45	47	49	51	68	68	
1717	12	15	16	20	45	49	60	64	67	73	
1718	11	14	18	19	21	23	24	44	48	73	
1719	5	11	12	14	15	20	21	24	26	70	
1720	15	21	23	23	24	52	56	
1721	50	51	53	55	57	79	88	91	92	96	
1722	53	86	87	88	89	91	92	93	95	
1723	78	79	81	84	86	90	93	
1724	82	89	
1727	21	22	22	
1728	76	
1737	4	10	
1738	86	90	
1739	77	81	85	86	88	89	91	95	99	
1740	80	85	88	90	95	
1741	79	89	
1745	4	40	98	
1746	6	9	10	14	15	
1747	6	9	10	12	13	14	18	
1748	16	53	62	87	89	90	92	95	97	
1749	17	18	54	87	90	92	96	
1750	25	64	
1751	23	25	
1752	25	
1753	23	24	91	97	
1754	88	89	90	91	93	95	98	
1755	78	82	86	86	87	89	90	92	93	96	99	
1756	77	79	80	82	83	85	86	88	89	92	96	98	
1757	81	83	87	89	
1759	96	
1772	80	83	
1773	79	81	83	86	95	
1774	80	85	
1775	4	87	89	
1779	5	10	
1780	9	15	
1781	9	82	84	98	
1782	3	12	79	80	81	84	85	87	89	90	
1783	8	9	12	14	77	80	81	82	84	85	86	87	88	89	93	94	99	
1784	86	88	89	90	95	
1785	88	91	92	95	97	
1786	86	87	89	90	91	93	95	
1787	82	86	87	88	89	90	93	101	
1788	78	82	86	87	89	90	
1789	79	80	82	83	85	86	89	101	
1790	79	81	84	92	
1807	79	
1811	23	24	
1812	23	
1814	14	
1816	79	83	94	99	
1817	2	12	78	80	84	87	92	
1818	80	81	83	84	85	87	90	95	100	
1819	81	84	85	87	89	91	95	
1820	78	81	83	85	87	89	96	99	
1821	78	79	81	83	86	89	94	98	
1822	79	82	83	85	89	93	
1823	78	85	
1824	91	
1834	58	71	
1837	15	
1850	83	
1851	82	85	
1852	80	87	
1853	78	80	84	
1854	80	87	
1855	81	83	
1860	75	
1868	68	
1887	83	
1890	87	94	
1903	67	
1909	8	
1913	60	
1914	4	
1920	100	
1925	94	
1931	90	
1939	40	
1947	39	
1968	17	
1980	4	
1983	13	
1989	50	
2001	48	
2006	74	
2014	67	
2016	2	
2061	94	
2068	10	
2096	64	
2158	102	
2178	6	
2185	103	
2191	25	
2204	12	
2256	102	
