47	56	
118	85	86	
142	38	39	
214	29	30	
215	28	
219	6	
247	14	
285	91	
286	87	91	93	97	
287	92	
289	93	
316	88	92	
317	86	87	90	91	93	95	
318	83	86	87	88	89	90	91	93	96	101	
319	11	81	82	84	86	87	88	89	91	92	93	95	98	
320	81	82	85	86	88	88	90	91	96	
321	82	85	86	88	90	91	94	97	
322	86	87	90	91	93	94	98	
323	83	86	87	89	90	91	93	96	
324	83	86	88	89	91	92	95	
325	86	88	89	91	92	96	
326	87	90	92	97	
327	92	
348	88	90	92	
349	87	90	91	93	94	97	
350	81	82	85	86	87	89	90	91	94	97	99	
351	46	81	82	83	83	84	86	87	88	89	90	95	99	
352	36	46	67	80	82	84	84	85	88	89	93	99	
353	10	16	38	47	67	80	81	83	84	102	
354	2	13	18	36	80	81	81	83	84	99	
355	7	11	81	82	83	84	
356	8	46	80	81	83	83	84	86	88	
357	80	81	82	84	85	88	
358	7	12	81	82	84	85	86	89	90	95	98	
359	9	13	81	82	84	85	86	88	89	89	90	94	98	100	
360	11	14	82	83	84	85	86	88	88	89	90	91	94	98	
361	16	82	86	87	89	91	92	94	97	
362	17	86	88	90	91	92	96	
363	16	91	
380	87	91	95	
381	53	86	87	90	91	92	93	97	101	
382	82	85	86	88	89	90	91	94	97	101	
383	80	81	82	83	84	85	86	87	88	89	91	95	
384	18	41	46	80	81	82	83	84	85	88	95	
385	16	17	18	20	38	42	46	48	50	67	68	79	80	81	83	
386	15	17	19	20	39	42	44	46	48	56	66	78	80	83	
387	18	19	20	22	24	27	41	44	47	50	58	63	80	
388	4	20	22	25	41	43	45	46	48	50	53	56	57	62	64	
389	20	21	22	24	26	40	43	44	45	46	47	48	49	57	
390	20	22	29	34	40	43	44	47	47	49	56	57	63	69	80	
391	21	36	38	41	44	46	47	48	48	50	69	79	80	
392	23	26	39	43	46	46	80	81	83	
393	5	6	9	79	80	83	84	
394	7	10	12	15	80	81	82	84	85	86	88	90	94	
395	6	10	13	81	82	84	85	86	87	88	90	91	94	98	
396	9	12	81	82	83	84	85	87	88	89	90	92	94	97	99	
397	12	19	81	83	84	86	89	90	93	97	
398	17	
412	51	56	
413	49	52	87	91	
414	52	82	85	87	89	90	91	93	95	98	
415	80	81	82	83	83	84	85	87	88	89	91	94	97	
416	80	81	82	83	83	84	85	87	89	90	93	
417	10	16	17	19	79	80	81	85	
418	7	10	12	13	14	15	16	16	18	18	19	20	26	78	79	
419	13	17	18	19	20	21	22	23	24	26	44	
420	21	22	23	25	50	
421	21	22	23	25	45	55	
422	24	25	52	54	
423	23	51	53	54	55	58	62	
424	25	50	51	53	54	55	56	57	
425	24	45	46	47	48	48	49	50	51	52	54	55	56	61	65	
426	23	39	42	43	44	45	46	47	49	49	53	58	
427	44	45	46	
428	3	10	13	80	83	
429	9	13	79	80	81	82	83	84	85	87	89	95	
430	6	9	11	13	14	79	80	81	83	84	86	90	
431	8	11	12	13	14	15	16	17	18	80	82	84	86	92	95	
432	16	17	18	19	20	
433	18	
439	74	74	75	
444	57	
445	47	57	
446	49	51	52	54	
447	47	49	50	53	81	83	85	87	88	89	91	93	94	97	98	
448	80	81	82	83	85	86	88	89	91	93	96	
449	9	79	81	82	85	88	
450	10	12	13	14	69	78	79	80	84	
451	8	10	12	14	15	16	17	18	20	21	24	79	
452	13	14	16	17	19	20	21	22	23	24	26	
453	22	25	
454	25	
458	53	54	55	56	57	
459	35	48	50	50	51	52	54	55	56	60	
460	40	43	43	45	45	46	46	47	49	49	50	51	53	62	
461	45	46	49	
462	3	86	
463	5	28	44	
464	8	9	10	11	12	13	15	80	83	
465	5	7	9	11	12	13	14	15	16	18	19	22	25	80	83	86	91	
466	16	17	18	18	20	21	22	23	86	89	92	97	
478	53	56	57	60	
479	36	47	49	50	51	53	54	59	
480	41	44	45	47	48	49	50	51	52	55	
481	42	46	49	59	80	82	84	88	
482	40	43	46	66	79	80	82	84	85	88	
483	8	10	13	17	19	26	39	78	80	83	
484	9	10	11	12	14	14	15	16	17	18	19	69	
485	6	11	12	13	14	15	16	17	17	18	19	20	21	23	25	26	68	
486	17	20	21	23	23	26	
492	56	57	
493	38	47	48	50	51	51	52	53	53	54	55	57	59	
494	42	44	45	46	47	47	49	49	50	52	54	
495	44	46	
496	53	
497	45	
498	4	9	12	14	24	
499	6	8	9	11	12	13	13	14	15	16	81	87	91	95	
500	7	12	15	16	17	18	19	21	81	82	83	85	88	89	91	97	
501	16	17	17	20	39	
512	52	53	56	58	60	
513	33	46	47	48	49	50	51	51	52	54	54	55	57	60	
514	35	40	41	43	44	45	46	46	47	48	49	
515	39	41	44	46	47	48	57	59	63	66	69	
516	12	14	18	19	36	39	42	44	46	
517	10	13	15	16	19	20	21	23	24	28	45	65	67	68	
518	5	6	11	13	14	15	19	20	21	23	23	25	
519	13	20	21	22	24	
520	23	
526	52	56	58	
527	37	48	50	51	52	52	53	54	55	56	57	
528	41	43	44	45	46	47	48	49	49	50	51	54	
529	44	49	
530	57	
532	9	
533	4	6	8	9	11	12	14	14	84	
534	7	10	12	13	14	15	15	16	17	19	81	82	83	84	86	
535	13	16	17	18	19	20	21	
546	52	55	
547	51	53	53	54	55	60	
548	48	50	
549	24	32	44	48	65	
550	15	22	23	24	25	44	63	
551	22	24	
552	22	23	23	25	
553	24	
558	78	79	82	
560	53	57	
561	37	50	50	51	52	52	54	55	55	56	56	58	58	62	
562	35	37	41	42	45	46	47	47	48	49	49	50	51	53	60	
563	41	43	44	45	45	46	48	
564	4	41	57	
565	39	46	89	
566	19	
567	7	8	10	11	13	14	16	18	67	
568	3	4	7	11	12	12	13	14	15	15	16	17	17	18	19	20	22	23	71	81	
569	17	18	19	20	20	21	22	24	26	
594	58	
595	51	52	53	54	55	56	57	
596	34	42	43	47	47	48	49	50	50	51	52	53	53	54	55	56	59	61	
597	29	36	38	41	42	44	45	45	46	46	47	48	48	49	58	60	
598	23	31	36	40	43	43	45	46	47	48	49	
599	17	19	26	40	42	44	46	47	48	63	67	69	
600	11	14	17	18	20	21	22	23	26	28	40	43	47	
601	7	8	10	11	12	13	14	15	17	19	19	20	21	28	43	66	68	
602	5	11	12	15	16	17	18	19	20	20	21	23	24	25	26	28	
603	20	21	22	23	
618	83	
626	90	91	93	
629	53	
630	50	51	53	54	54	55	58	
631	33	49	50	54	55	57	65	
632	23	44	45	47	49	50	53	55	58	63	63	
633	19	24	25	27	43	44	45	48	49	53	
634	9	14	21	23	24	25	45	65	
635	4	15	21	22	23	24	25	28	
636	5	21	22	24	27	
637	23	
668	25	
720	102	
1162	25	
1165	77	
1169	18	
1174	67	
1177	102	
1179	67	79	
1199	92	
1201	40	
1204	59	
1212	81	
1218	5	
1227	36	
1236	75	
1247	10	
1249	14	
1279	27	
1299	45	
1308	88	
1319	29	
1341	50	
1349	18	
1366	72	
1368	20	71	
1370	38	
1371	26	26	51	
1374	9	
1381	40	
1383	30	
1395	32	74	
1400	78	
1409	26	
1410	1	
1416	25	
1417	30	
1419	26	
1422	11	
1423	8	26	
1434	35	
1437	16	
1439	16	
1440	16	43	47	64	
1441	38	46	54	67	
1442	45	50	
1443	39	56	67	
1445	46	
1446	38	46	
1447	39	
1456	74	
1458	92	
1459	12	
1471	37	48	
1472	16	19	35	44	66	
1473	16	19	38	43	46	58	67	
1474	17	19	20	23	37	40	43	46	51	54	57	64	
1475	17	19	20	24	27	35	38	41	44	46	48	48	50	54	57	60	67	
1476	21	25	27	42	43	45	46	47	49	
1477	22	35	37	38	42	44	46	47	49	57	60	
1478	19	22	24	26	41	45	46	48	50	57	
1479	21	25	30	36	39	43	43	47	51	56	
1480	20	42	46	49	62	
1481	21	37	39	45	46	47	49	
1482	44	47	64	
1496	72	
1499	21	
1501	36	
1502	48	
1503	16	18	46	
1504	11	15	20	31	42	
1505	15	17	18	20	24	43	47	68	
1506	13	14	16	17	19	20	26	45	68	69	
1507	15	17	19	21	23	25	26	44	49	
1508	15	21	23	24	26	52	55	64	93	
1509	21	23	24	50	52	54	93	
1510	24	49	55	64	
1511	24	53	65	
1512	18	22	24	33	53	54	57	59	65	
1513	21	22	24	27	44	45	50	52	57	65	
1514	21	23	23	25	42	43	45	46	47	49	50	53	55	56	58	61	64	
1515	22	25	26	31	36	39	41	44	46	47	48	49	50	55	57	60	
1516	23	24	40	43	44	46	47	49	58	68	70	
1517	25	28	40	43	47	48	63	
1518	26	40	44	47	49	
1519	46	
1526	68	
1536	15	18	20	27	35	37	41	43	47	
1537	10	16	18	18	19	23	68	72	
1538	12	13	15	16	18	20	22	23	43	44	
1539	11	14	15	17	18	20	21	25	26	69	
1540	22	23	24	27	
1541	23	87	90	92	95	97	
1542	83	86	90	91	95	98	
1543	82	83	86	87	89	90	91	96	
1544	4	83	86	87	89	90	94	97	
1545	9	87	89	90	94	98	
1546	12	14	82	87	90	91	94	
1547	83	87	88	89	90	93	93	96	
1548	25	56	58	87	90	91	93	96	
1549	16	17	19	24	33	48	50	51	52	53	55	57	60	
1550	25	28	35	42	44	45	46	47	49	50	52	54	56	
1551	23	33	40	42	44	45	47	48	50	52	55	56	59	63	68	
1552	39	42	44	45	46	47	48	49	50	52	58	
1553	23	42	44	47	49	60	
1561	71	72	72	
1566	19	
1568	15	16	
1569	11	14	16	18	18	43	67	
1570	12	14	15	16	17	19	20	22	42	
1571	11	14	17	18	19	20	21	22	23	45	71	
1572	15	20	22	24	26	44	51	
1573	21	23	24	51	55	87	92	
1574	83	86	87	90	91	94	96	
1575	82	84	85	87	88	90	94	
1576	81	82	84	86	88	93	
1577	79	80	81	84	90	
1578	79	80	81	82	84	86	89	93	
1579	80	81	83	86	89	92	95	
1580	81	83	83	85	88	89	95	98	
1581	10	14	80	81	82	84	85	90	
1582	7	8	10	11	13	14	15	19	81	82	83	84	85	87	88	90	100	
1583	12	15	16	16	18	19	55	82	86	88	93	
1584	17	21	34	50	52	53	55	57	
1585	35	45	47	51	52	54	55	56	61	
1586	25	40	43	44	45	46	47	47	48	49	50	51	53	53	55	56	59	
1587	43	44	45	47	48	49	51	
1595	73	
1600	18	73	
1601	8	
1602	9	12	14	16	18	20	26	
1603	10	12	13	14	16	17	18	19	21	28	
1604	12	14	16	18	19	20	21	22	24	58	
1605	21	21	23	24	46	48	51	53	
1606	42	44	46	50	51	55	
1607	49	53	54	83	87	89	93	99	
1608	80	81	82	84	85	89	97	
1609	79	80	82	83	85	88	89	97	
1610	79	81	83	85	
1611	79	87	88	
1612	82	
1613	84	
1614	79	85	
1615	9	15	17	19	79	81	93	
1616	4	7	8	9	11	12	14	15	16	18	81	83	
1617	7	11	12	13	14	14	15	16	17	18	20	26	80	82	84	
1618	17	18	20	21	22	55	57	
1619	51	52	52	53	54	54	55	56	56	58	59	
1620	36	41	43	47	49	50	50	51	54	56	
1621	40	44	45	46	48	49	51	53	60	
1622	43	49	56	
1623	49	
1634	20	
1635	9	12	
1636	6	10	11	12	13	14	16	19	
1637	8	11	12	15	16	17	17	19	20	21	24	
1638	18	21	22	23	25	53	57	92	
1639	50	51	52	54	55	90	91	93	97	
1640	50	51	54	59	86	87	90	91	93	93	95	
1641	55	81	85	87	90	92	97	98	
1642	58	79	83	87	88	96	
1643	80	
1644	98	
1645	66	80	
1648	98	
1649	10	14	24	
1650	7	9	10	12	13	15	17	19	
1651	7	13	15	15	16	17	18	19	20	22	23	
1652	17	20	22	40	
1653	53	54	55	57	82	90	94	
1654	37	42	47	48	49	50	50	51	52	54	55	56	60	
1655	41	43	43	44	45	46	47	49	49	51	54	
1656	37	43	44	46	48	61	
1660	1	
1669	9	14	
1670	7	10	12	13	14	15	16	22	24	
1671	13	15	25	86	89	91	96	
1672	83	86	87	88	89	90	91	93	94	95	98	
1673	52	55	81	81	82	83	84	85	86	87	89	90	91	93	95	
1674	80	81	82	83	84	86	87	88	90	97	98	
1675	80	82	84	86	90	
1676	83	
1677	80	
1678	35	
1679	64	65	
1682	19	
1683	8	13	
1684	8	9	10	11	14	15	16	22	24	
1685	7	13	15	16	17	19	20	24	70	87	
1686	16	17	18	20	21	22	
1687	53	57	
1688	50	52	53	54	55	57	59	84	
1689	38	42	44	45	46	47	47	49	50	51	52	54	55	56	
1690	43	43	44	46	49	50	55	
1691	51	57	
1697	88	89	89	
1702	9	72	
1703	10	14	
1704	5	10	82	
1705	80	81	82	85	87	88	91	95	100	
1706	80	81	82	84	84	86	90	95	
1707	79	80	81	83	84	85	87	88	91	95	101	
1708	79	80	82	85	89	93	
1709	59	78	82	84	90	100	
1711	94	
1715	94	
1717	10	13	
1718	5	6	9	10	12	14	14	21	
1719	7	11	12	13	14	15	16	18	18	21	24	85	92	
1720	16	17	19	20	22	87	90	92	
1721	92	
1722	51	52	53	54	55	55	56	57	59	
1723	47	48	49	50	50	51	53	55	92	
1724	44	49	53	88	90	91	92	97	
1725	57	64	
1727	3	
1729	43	
1736	69	
1738	4	
1739	81	85	92	
1740	78	80	83	88	
1741	80	
1742	85	
1748	83	84	86	
1752	10	12	15	20	
1753	1	7	9	10	11	12	14	15	19	83	84	87	88	98	
1754	12	15	16	21	82	83	84	85	87	88	89	91	93	94	98	99	
1755	83	86	86	87	89	90	91	93	93	95	97	
1756	50	51	52	54	55	83	86	87	90	90	91	92	93	95	97	
1757	50	51	54	82	83	86	86	87	89	90	91	93	95	97	
1758	54	81	82	83	84	86	87	89	91	94	
1759	82	86	
1774	86	101	
1775	84	
1776	84	98	
1785	93	
1786	4	
1787	5	7	9	12	14	99	
1788	6	12	81	82	84	85	88	88	90	
1789	80	80	81	82	84	84	86	89	90	97	
1790	55	80	81	81	82	83	84	84	86	87	88	91	94	
1791	55	80	80	81	81	82	83	84	86	89	90	93	
1792	79	81	84	86	94	
1793	82	95	
1798	93	
1814	5	
1817	95	
1818	12	100	
1820	5	
1821	87	98	
1822	82	83	87	
1823	78	80	81	83	87	88	
1824	79	80	86	102	
1825	78	80	82	85	100	
1826	82	84	
1828	68	
1839	15	
1846	23	
1848	28	
1850	28	
1855	94	
1857	66	
1858	83	
1860	99	
1862	43	
1864	87	
1865	2	
1872	28	
1874	70	
1883	57	
1894	66	
1895	1	
1906	76	
1914	40	
1945	100	
1953	90	
1954	10	
1981	31	
1982	61	
2006	76	
2007	53	
2010	88	
2017	14	
2020	36	
2027	64	
2044	57	
2050	12	
2058	3	
2062	2	
2065	47	
2071	76	
2075	27	57	
2108	96	
2122	7	
2147	28	
2149	31	
2150	6	
2222	11	
2262	7	
2264	6	
