16	71	
83	93	
84	93	
115	58	90	92	95	97	
116	59	60	83	86	88	90	91	93	94	97	
117	86	87	90	92	96	98	
118	87	89	91	91	93	95	98	
119	87	88	91	93	97	
146	58	
147	53	90	92	97	
148	87	88	90	91	92	93	96	
149	80	82	83	85	86	87	88	89	90	91	93	94	97	
150	8	46	81	82	84	85	86	87	89	90	91	95	101	
151	80	82	82	83	84	85	86	88	89	90	91	93	96	
152	8	9	81	82	83	84	85	87	88	88	89	90	91	94	97	
153	6	10	13	15	16	81	82	84	85	86	87	89	90	91	94	97	102	
154	13	14	17	81	83	85	86	87	88	88	90	91	93	93	95	
155	17	87	91	96	
156	16	
180	51	53	54	57	86	87	89	91	93	96	
181	51	83	87	88	88	89	91	92	94	97	
182	39	81	82	83	84	85	86	88	89	90	93	95	98	99	
183	16	33	42	46	50	57	59	66	80	81	82	83	84	86	88	
184	17	18	18	19	26	41	43	44	47	48	48	50	57	67	69	78	79	80	81	83	85	
185	21	37	40	42	44	46	47	49	79	80	81	83	85	
186	8	21	26	43	43	46	48	67	70	80	81	82	84	84	
187	10	13	14	46	80	80	82	83	84	86	88	
188	7	10	12	13	15	80	81	82	84	85	87	89	98	
189	8	15	17	19	81	82	83	85	86	88	88	90	91	93	98	
190	16	17	18	86	91	97	
212	52	54	93	97	
213	52	55	83	86	87	88	89	91	92	93	97	
214	81	83	85	86	87	89	89	91	95	99	
215	18	81	82	84	85	86	89	91	94	100	
216	8	11	13	16	17	19	44	68	69	79	80	81	84	85	
217	12	15	17	18	18	19	20	21	23	29	44	50	55	80	
218	19	20	21	22	24	29	44	45	49	50	52	54	55	56	58	58	60	
219	21	23	23	25	32	45	47	48	49	50	51	52	54	55	57	59	61	65	68	73	
220	22	27	33	35	43	44	45	47	48	49	49	50	52	55	56	58	104	
221	5	21	23	25	30	40	42	43	44	45	46	47	48	49	
222	9	11	13	22	44	48	69	79	80	84	98	
223	7	9	11	12	14	15	15	80	81	82	84	85	89	93	
224	13	15	16	19	22	81	82	86	87	88	90	92	93	97	
225	16	17	18	19	
244	52	56	
245	47	49	51	52	55	57	92	
246	50	52	54	85	87	88	89	91	92	96	
247	54	67	80	82	83	84	85	87	89	91	94	97	
248	8	13	16	18	42	45	65	79	80	82	84	89	100	
249	10	11	14	15	16	18	19	20	28	40	44	65	69	79	80	83	
250	8	10	12	13	13	15	17	18	20	20	21	22	23	28	
251	20	21	22	25	27	
252	22	23	24	
253	54	55	
254	49	51	52	53	53	54	55	56	57	58	59	63	65	
255	25	33	34	43	44	45	47	47	49	50	50	51	52	54	56	59	
256	5	24	39	42	44	45	45	46	47	47	48	49	50	68	70	
257	5	8	10	14	23	44	46	48	80	84	
258	6	9	11	12	14	15	80	81	82	83	85	87	89	91	
259	13	16	17	19	81	85	87	89	91	93	93	
260	16	17	
276	56	
277	52	55	58	60	
278	47	48	50	51	53	54	92	
279	47	48	50	82	85	86	88	89	90	92	94	97	98	
280	66	80	82	83	83	85	86	88	89	91	94	97	100	
281	7	9	11	13	15	16	16	18	19	79	80	82	84	
282	6	11	12	14	15	15	16	17	17	18	19	20	21	27	44	68	79	83	
283	12	15	18	19	20	21	22	23	23	24	25	26	44	
284	23	23	25	
288	55	
289	51	52	54	54	55	56	57	58	60	
290	43	45	47	48	48	49	50	51	51	53	55	59	
291	5	9	42	44	45	46	47	48	49	
292	10	11	13	15	43	99	
293	8	11	12	13	15	81	82	83	84	85	87	89	90	98	
294	16	17	19	21	87	93	
310	53	56	
311	48	51	52	53	54	55	56	59	
312	44	46	49	50	51	54	90	92	96	
313	8	48	80	82	84	86	88	89	91	94	
314	9	11	13	14	16	17	18	78	80	81	84	
315	8	11	12	13	14	15	16	17	17	18	19	20	21	23	27	69	
316	20	20	21	22	23	25	
317	22	
323	55	58	
324	35	50	51	52	54	55	55	56	57	58	59	61	
325	42	45	47	47	48	49	50	51	53	
326	5	8	10	43	44	48	
327	2	7	8	10	11	12	14	14	15	18	81	83	98	
328	13	15	16	17	18	20	21	24	82	84	86	88	89	91	101	
329	17	20	
341	18	
343	58	
344	51	53	55	57	61	
345	47	49	50	51	52	54	55	
346	44	48	49	81	86	88	88	89	91	94	97	
347	9	13	64	79	81	83	85	90	99	
348	3	6	8	10	11	12	14	15	16	17	17	19	19	29	68	
349	13	15	17	17	18	20	21	21	22	23	24	
350	22	
358	52	53	55	57	58	58	62	
359	35	47	48	49	50	51	54	54	57	59	60	
360	40	44	45	45	46	47	47	48	49	
361	3	3	6	9	10	12	14	15	43	
362	7	11	13	15	16	23	81	82	84	87	90	91	94	98	
363	16	18	18	20	86	89	91	94	
377	56	58	
378	47	50	51	52	53	54	55	57	
379	42	45	46	47	48	49	50	53	
380	8	81	83	83	85	87	89	91	94	
381	9	11	12	13	14	14	15	18	69	
382	1	12	15	16	16	17	17	18	19	20	20	22	24	27	
383	20	22	23	24	
392	58	
393	51	52	55	55	56	57	59	61	
394	47	48	49	50	51	53	
395	9	43	45	
396	2	5	7	8	10	11	13	14	15	82	84	86	90	95	100	
397	13	14	15	16	17	18	21	82	84	87	89	91	94	101	
398	16	17	21	
411	52	55	56	57	
412	33	36	48	50	51	51	52	53	53	54	55	56	58	60	
413	43	44	45	46	47	48	49	50	54	
414	8	9	10	79	83	85	94	99	
415	5	7	10	11	12	13	13	14	15	15	16	16	18	19	26	68	
416	16	17	17	19	19	20	21	22	24	26	
417	22	
426	88	92	97	
427	51	52	55	57	86	88	90	91	93	94	98	
428	51	52	53	61	87	92	95	
429	92	96	
430	4	7	8	10	11	14	15	85	92	
431	7	11	12	13	14	15	16	18	81	83	83	85	87	89	94	99	
432	13	16	17	17	18	19	20	83	88	
433	22	
445	56	57	57	62	
446	48	50	51	51	52	52	53	54	55	59	61	
447	41	43	45	45	46	46	47	48	49	50	51	
448	5	9	10	11	13	
449	5	6	8	11	12	12	13	14	15	16	17	18	19	68	
450	16	17	18	20	21	22	23	
459	86	87	90	91	93	94	97	101	
460	82	84	85	87	88	89	90	92	94	97	100	
461	52	80	81	82	84	85	86	87	88	89	90	96	
462	47	51	54	81	82	83	85	86	87	88	89	90	93	95	97	98	
463	82	83	84	86	87	89	90	92	94	
464	3	9	10	12	18	83	90	
465	4	7	8	10	11	12	13	14	15	15	16	17	19	80	82	
466	16	16	17	18	19	19	20	21	22	24	69	
467	22	
479	56	57	
480	48	50	51	51	52	53	53	54	55	55	56	58	60	
481	42	45	46	47	49	50	95	
482	5	6	8	10	11	13	14	
483	11	12	13	14	15	15	16	17	19	25	69	
484	17	17	18	19	20	21	23	24	
490	56	
491	52	54	
492	51	54	85	87	90	92	93	97	
493	35	42	57	67	81	82	84	85	86	88	89	91	95	100	
494	16	17	18	20	33	42	44	46	47	49	56	57	59	81	82	83	84	86	
495	19	20	26	28	36	41	43	44	45	46	47	48	48	49	52	54	56	57	59	67	68	79	80	83	
496	21	26	31	37	42	44	45	46	47	48	49	50	57	59	79	80	81	83	85	
497	20	26	42	43	44	45	46	46	47	49	50	71	79	80	81	
498	7	8	10	11	13	15	26	
499	3	4	6	7	9	10	11	12	12	14	14	15	16	16	18	19	93	
500	15	16	16	17	17	18	19	20	20	21	23	24	26	69	
501	22	
513	55	56	57	58	61	
514	48	50	50	51	52	53	54	55	60	
515	42	44	45	46	47	49	49	50	
516	6	9	10	14	
517	3	8	11	12	13	14	15	16	18	20	23	25	26	
518	18	20	22	24	
522	60	
523	52	
524	50	51	52	54	56	59	93	
525	48	50	54	82	84	86	88	89	91	93	93	97	
526	66	81	82	83	85	86	87	88	89	91	93	95	
527	7	11	12	14	15	16	17	18	19	35	70	79	80	82	83	85	88	
528	17	18	18	19	20	21	55	65	79	
529	21	22	23	23	32	45	49	52	53	55	56	57	58	61	64	
530	22	43	44	47	48	49	50	51	51	52	53	54	55	56	57	58	60	65	
531	24	41	43	44	45	46	46	47	48	49	50	53	
532	8	9	13	44	46	48	
533	4	6	7	9	10	11	11	12	13	14	15	18	24	27	
534	16	17	17	18	19	20	21	26	
535	21	23	
547	52	55	56	57	
548	33	47	50	51	52	52	53	54	55	56	60	62	62	
549	42	45	46	47	48	49	50	
550	9	10	11	13	14	44	74	
551	3	7	10	12	12	14	14	15	16	17	18	19	68	
552	16	17	18	19	20	22	24	27	
554	51	52	
556	56	
557	47	49	51	52	53	55	
558	47	49	50	53	86	89	91	97	
559	10	68	80	82	83	84	86	87	89	90	95	
560	9	10	12	14	14	16	18	28	80	82	83	85	89	99	
561	12	13	15	17	17	18	19	20	23	25	68	79	
562	21	22	25	27	
563	23	56	58	62	
564	48	50	51	51	52	53	54	55	56	59	61	
565	43	45	47	47	48	49	50	51	
566	3	9	14	44	48	
567	6	8	10	11	12	13	13	14	15	15	16	19	
568	13	16	17	18	19	20	20	21	23	
569	18	22	
581	53	56	57	58	92	
582	35	48	50	51	52	53	54	54	55	56	59	62	
583	36	40	43	44	45	46	46	47	49	49	50	
584	5	8	9	10	13	
585	7	11	12	13	14	14	15	16	19	68	
586	16	17	18	20	21	22	23	
589	57	
590	48	52	52	54	55	56	59	
591	36	45	46	48	49	50	51	52	53	55	62	
592	44	81	84	86	88	90	93	97	
593	9	10	13	14	18	79	80	82	84	86	93	100	
594	7	10	11	12	14	14	15	16	16	17	18	19	20	26	69	
595	18	19	20	21	22	23	24	
596	23	
597	53	56	58	
598	51	52	53	54	54	55	56	60	
599	43	45	46	47	48	49	50	50	53	
600	8	45	48	
601	7	9	10	11	12	12	14	14	15	16	18	69	
602	13	16	16	17	18	19	20	20	21	24	
603	18	22	
609	100	101	102	
615	58	
616	51	52	54	54	55	60	
617	32	36	41	45	46	47	49	50	53	
618	9	11	43	44	45	47	48	64	66	
619	3	4	8	11	13	14	15	19	25	70	
620	18	20	21	23	25	27	
623	53	56	58	
624	36	47	50	51	52	53	54	55	60	
625	45	46	47	48	49	50	51	54	87	91	
626	8	43	49	79	81	83	86	88	91	94	
627	4	7	10	11	12	13	14	14	15	16	18	69	80	85	
628	13	15	16	16	17	17	19	20	20	24	
629	18	21	22	25	
631	53	56	57	59	
632	43	47	51	52	53	54	55	
633	43	45	47	48	49	50	53	55	90	94	
634	9	10	13	81	88	90	94	
635	5	6	7	10	11	12	13	14	15	15	16	17	18	19	20	23	
636	17	17	19	20	21	21	25	27	
637	23	
642	4	4	5	
650	54	55	
651	53	
652	49	73	
653	5	24	
654	22	
657	51	53	56	57	59	
658	47	47	50	51	52	52	54	54	55	56	58	60	
659	41	44	45	46	46	47	48	48	49	50	53	84	
660	8	9	43	80	84	95	
661	5	7	10	11	11	12	13	13	14	14	15	
662	13	15	16	17	17	18	18	20	20	21	22	24	
663	21	23	
664	56	
665	52	53	54	56	58	60	
666	37	50	51	51	52	54	55	
667	45	47	48	49	53	85	88	89	90	93	93	97	
668	6	8	10	10	11	13	79	82	84	86	90	96	
669	2	4	6	7	10	11	12	12	13	14	15	16	16	17	19	20	23	69	
670	16	17	18	18	19	21	22	24	
691	56	57	
692	48	51	51	52	53	54	55	55	56	58	60	
693	41	43	45	46	46	47	48	49	49	50	50	52	
694	8	9	13	44	
695	2	5	7	11	11	12	13	14	15	15	25	
696	12	16	17	18	19	21	22	24	93	
697	18	
698	57	
699	51	52	54	55	56	59	
700	49	50	51	53	83	87	90	91	93	95	97	99	
701	48	66	80	82	84	86	87	89	90	92	94	
702	6	9	10	11	14	16	18	66	
703	6	8	10	11	12	13	15	16	17	17	18	19	20	20	24	27	69	
704	17	19	21	22	23	
725	58	
726	35	51	51	52	53	54	55	55	56	57	58	59	61	
727	36	42	45	47	47	48	49	50	51	52	54	60	
728	8	31	41	43	44	45	45	46	47	49	
729	2	6	9	10	12	13	14	15	46	
730	6	10	12	13	14	15	19	22	81	83	84	86	88	89	91	96	99	
731	86	87	89	91	92	94	98	
732	52	53	55	56	87	90	92	93	96	
733	52	54	60	83	86	87	89	90	91	93	94	97	99	
734	54	81	83	84	85	86	88	89	90	91	95	98	
735	9	10	13	16	66	79	81	82	84	86	89	98	
736	6	10	11	12	13	14	15	16	17	18	19	19	20	23	26	29	69	
737	12	14	15	17	18	19	20	21	21	22	23	24	
738	22	23	
750	73	
760	53	55	57	62	
761	48	50	51	52	52	54	54	55	56	57	58	59	61	
762	32	36	41	44	45	46	47	47	48	49	49	50	53	57	
763	3	37	40	42	43	44	46	47	48	67	71	
764	8	11	14	44	46	46	81	84	99	
765	7	36	81	82	83	84	85	86	88	89	102	
766	80	81	82	83	84	85	86	88	88	89	90	94	97	98	102	
767	43	47	53	80	81	82	84	85	86	88	90	95	
768	10	16	19	20	41	44	65	66	71	79	80	81	82	84	
769	8	9	11	12	13	14	15	15	17	18	19	19	20	21	26	69	79	84	
770	6	13	14	15	17	18	19	20	21	22	23	24	26	
771	22	23	25	
795	53	54	55	57	61	
796	48	50	51	54	55	55	57	59	61	
797	29	42	44	45	47	49	50	51	52	53	55	56	57	58	58	59	61	
798	5	23	24	31	36	41	43	45	46	47	47	49	49	50	56	59	
799	21	23	37	41	43	44	45	46	47	48	66	68	80	
800	11	18	19	28	42	43	45	47	59	63	67	69	79	81	84	
801	9	11	14	18	19	20	45	49	65	67	69	79	80	81	83	
802	10	12	13	14	15	17	18	19	20	21	23	26	43	73	79	
803	5	12	15	19	20	21	22	22	24	24	27	69	
804	21	23	24	
831	34	52	54	55	61	
832	50	54	55	58	62	
833	25	45	50	54	
834	12	23	23	24	64	
835	12	15	22	24	24	
836	3	21	23	23	24	
1166	44	
1169	68	
1182	62	
1184	52	
1185	78	
1200	41	
1202	58	
1204	80	
1205	85	
1206	30	75	
1209	35	
1221	4	5	
1235	82	
1236	46	
1238	39	45	46	
1239	42	48	
1240	26	46	
1242	43	45	
1243	49	55	
1245	55	
1247	101	
1270	16	40	46	50	
1271	16	17	19	21	26	39	45	46	48	49	56	56	57	57	58	
1272	20	23	27	37	41	43	46	48	52	56	65	66	68	
1273	20	22	28	33	42	44	46	47	49	57	61	68	
1274	19	21	41	44	46	47	49	54	
1275	41	44	47	58	65	69	
1276	60	
1277	46	
1279	42	
1282	102	
1283	42	
1287	62	99	
1300	40	
1301	39	
1302	14	
1303	9	15	16	17	19	39	67	
1304	12	14	16	17	18	19	22	24	40	63	65	67	
1305	17	19	20	22	23	35	44	50	55	62	
1306	21	22	24	26	44	45	49	53	54	57	59	
1307	21	22	25	34	44	45	48	50	53	55	56	57	59	62	63	
1308	21	23	23	25	28	42	44	47	48	49	51	53	55	56	58	62	67	
1309	24	33	37	40	43	44	45	46	47	48	48	49	51	57	58	
1310	31	43	44	45	46	47	49	52	57	60	71	
1311	46	48	72	
1312	43	55	
1328	36	
1329	57	
1332	37	
1334	13	19	
1335	15	16	18	20	
1336	11	15	17	19	20	42	45	46	67	72	
1337	9	11	13	13	15	16	17	18	19	20	22	24	28	
1338	12	15	21	22	23	25	68	
1339	15	22	24	92	
1340	87	90	92	96	98	
1341	25	87	88	90	91	92	94	97	
1342	54	55	57	61	91	92	97	
1343	16	25	51	52	54	55	57	59	62	92	93	
1344	25	30	41	44	45	47	47	49	51	52	54	58	59	
1345	41	43	45	46	47	49	51	55	72	
1346	44	46	49	
1347	45	
1352	61	
1357	7	
1366	7	22	
1367	40	
1368	7	11	17	19	67	
1369	6	11	13	14	15	16	18	18	19	20	27	29	44	
1370	11	13	15	16	17	18	19	20	22	24	68	
1371	20	21	22	23	52	
1372	24	52	84	88	93	
1373	83	86	87	88	89	90	92	93	96	
1374	9	81	81	83	83	84	85	87	88	90	93	98	
1375	8	12	15	80	81	82	84	85	86	89	91	99	
1376	11	15	81	82	86	87	89	91	93	94	97	
1377	54	55	57	82	86	87	88	89	90	92	96	
1378	17	18	35	50	51	53	53	54	55	56	57	59	87	88	90	90	92	96	
1379	43	45	47	48	48	49	50	52	54	58	
1380	43	44	47	49	51	57	60	77	
1381	46	49	
1383	42	50	
1397	7	
1399	15	
1400	6	20	
1401	9	11	14	16	19	21	42	69	
1402	6	8	11	12	14	15	18	19	20	21	23	70	
1403	11	12	15	19	20	21	23	23	26	
1404	22	24	52	56	
1405	54	87	89	90	91	93	95	98	
1406	82	85	86	87	89	90	92	95	97	99	
1407	81	82	84	85	87	88	90	96	103	
1408	79	80	82	84	88	93	
1409	78	80	82	84	88	99	
1410	10	13	79	80	82	84	87	88	90	
1411	8	10	11	15	79	80	81	83	83	84	88	88	90	98	100	
1412	6	12	13	15	16	20	52	53	55	57	57	81	82	84	85	87	89	90	95	100	
1413	16	17	19	35	36	50	51	52	54	55	56	57	59	62	87	90	92	96	
1414	17	42	45	46	47	48	49	50	53	54	58	61	
1415	44	46	48	50	78	
1417	48	
1425	7	
1433	10	
1434	9	11	13	15	16	19	22	67	
1435	5	10	12	14	15	17	18	18	19	21	24	56	65	
1436	13	17	18	19	20	22	24	52	53	
1437	22	23	23	49	51	93	97	
1438	52	82	86	87	89	90	92	94	96	
1439	80	80	81	82	83	84	85	87	88	90	92	98	102	
1440	78	79	80	82	83	84	87	90	
1441	79	83	85	93	
1442	82	
1443	92	
1444	5	82	102	
1445	5	11	81	
1446	7	9	11	13	14	80	82	84	96	
1447	8	11	13	17	19	53	55	55	56	57	62	81	82	83	84	86	88	90	92	95	100	
1448	16	17	18	35	37	48	50	51	52	54	55	56	58	91	
1449	44	45	46	47	49	50	61	
1450	43	46	
1455	70	
1466	14	
1467	9	14	16	19	
1468	6	8	10	11	12	13	14	16	17	19	24	26	58	69	
1469	11	12	16	17	18	19	20	21	22	23	24	26	52	53	57	
1470	22	25	49	51	52	54	56	92	
1471	23	48	52	83	85	86	88	89	90	91	94	97	
1472	79	80	81	83	85	87	88	90	99	
1473	79	80	83	85	
1474	81	
1475	83	
1477	27	
1478	80	93	
1479	29	91	
1480	8	12	15	18	83	86	89	93	
1481	6	10	11	12	14	15	55	58	80	81	84	87	89	
1482	17	18	20	52	53	54	55	59	63	82	86	89	92	96	
1483	17	42	44	45	46	47	48	49	50	55	
1484	43	44	46	49	54	
1486	59	
1495	72	
1496	68	
1497	21	
1498	73	
1501	6	10	12	14	16	19	23	
1502	8	11	12	13	14	15	16	17	18	19	20	21	28	37	53	56	61	70	
1503	20	21	22	23	47	50	51	52	52	54	
1504	49	86	87	89	91	92	94	98	99	
1505	52	78	80	81	82	84	86	90	94	
1506	80	83	103	
1508	88	
1514	8	
1515	8	10	12	14	17	85	
1516	6	12	13	14	15	15	17	22	34	52	54	55	57	62	82	83	86	88	91	97	
1517	16	17	18	19	20	23	43	50	51	52	53	54	56	58	60	
1518	41	44	45	46	47	48	50	51	54	60	
1519	44	46	48	56	
1521	57	
1522	29	
1531	37	
1532	3	
1533	22	
1534	8	11	13	
1535	9	10	11	12	13	14	14	15	17	19	56	57	58	
1536	5	15	16	17	18	19	19	21	23	23	28	47	51	51	52	54	55	55	58	70	
1537	21	22	25	43	48	48	49	51	54	
1538	44	47	54	80	81	83	84	85	87	89	92	
1539	56	80	86	93	
1540	81	
1547	25	
1549	11	20	44	67	
1550	8	8	10	11	12	13	14	15	16	58	82	85	89	
1551	16	16	18	19	21	35	51	52	53	54	55	56	56	58	60	86	90	94	
1552	17	18	20	22	40	44	45	46	46	47	50	51	52	55	56	63	
1553	41	43	45	46	47	48	49	51	59	
1554	46	
1556	58	
1558	66	
1563	69	
1568	8	10	14	74	
1569	5	6	10	11	12	13	14	14	15	16	19	56	57	
1570	13	16	17	19	19	20	22	23	26	42	50	50	51	52	53	54	55	56	59	70	
1571	22	44	45	46	48	48	49	51	54	101	
1572	46	54	79	83	85	91	100	
1573	65	
1574	93	
1580	17	18	
1581	19	46	
1582	14	16	18	20	25	26	38	43	47	
1583	15	17	19	20	41	43	46	49	69	
1584	5	7	9	11	12	13	14	16	18	20	22	26	41	66	71	
1585	6	8	12	15	17	18	19	20	22	24	28	55	56	57	58	58	62	70	81	84	
1586	21	22	42	47	49	50	51	52	53	55	56	61	
1587	42	44	45	46	48	48	49	50	51	53	54	
1594	63	64	64	65	
1600	102	
1602	9	11	14	
1603	4	7	11	12	12	14	14	15	17	19	52	55	57	58	60	
1604	13	16	17	17	19	20	21	42	47	50	51	52	53	54	57	61	
1605	23	44	46	48	49	52	53	84	94	101	
1606	90	
1613	11	15	18	27	45	
1614	13	16	18	20	23	24	26	41	67	
1615	13	15	17	18	19	21	25	27	
1616	14	16	19	20	21	23	28	34	45	50	64	69	
1617	14	17	18	20	21	23	25	44	49	65	
1618	9	11	14	20	21	23	24	
1619	15	18	19	21	22	23	25	52	53	55	56	56	57	58	60	
1620	22	24	42	50	51	52	53	54	54	55	57	59	
1621	42	43	44	45	46	47	48	49	51	53	54	58	
1622	56	
1626	59	
1627	97	
1633	19	
1636	9	11	
1637	5	6	10	11	12	13	14	15	16	56	57	59	61	
1638	16	17	18	18	19	21	22	24	40	43	47	47	50	50	51	53	54	55	56	
1639	44	46	48	50	84	89	94	
1640	44	49	
1641	86	
1646	11	20	
1647	9	12	14	16	17	18	22	67	
1648	10	12	13	14	16	17	18	19	21	23	26	
1649	12	15	21	24	73	
1650	23	25	92	
1651	87	88	90	92	94	97	
1652	15	87	92	96	
1653	16	57	58	87	88	90	91	92	97	
1654	16	17	34	43	50	50	51	52	52	54	54	55	59	62	
1655	44	45	46	47	48	49	50	51	54	57	
1656	43	
1663	54	
1669	13	
1670	8	10	14	18	
1671	4	6	10	11	12	14	14	15	16	19	25	53	55	56	57	60	
1672	15	16	17	18	19	20	21	25	37	43	46	47	48	51	52	54	55	56	59	71	
1673	45	46	47	49	52	54	84	90	
1674	52	95	
1679	9	16	19	
1680	10	12	15	18	21	
1681	6	9	11	13	13	15	16	17	19	20	21	24	56	69	
1682	5	15	21	23	24	27	46	51	52	57	
1683	22	23	24	49	52	91	92	97	
1684	82	87	89	90	91	94	98	99	
1685	9	81	82	85	86	88	89	94	100	
1686	10	13	15	80	81	82	83	84	85	86	88	89	92	94	97	99	
1687	7	10	11	13	14	16	18	53	56	57	58	81	81	82	83	84	85	86	87	89	92	94	100	
1688	17	18	20	34	52	53	53	54	55	60	82	85	87	90	93	93	102	
1689	40	44	45	46	48	49	50	51	54	
1690	44	54	
1692	54	
1697	67	
1702	14	28	29	
1704	9	15	18	
1705	6	8	10	11	12	12	14	15	16	19	23	52	57	58	61	65	
1706	17	18	19	20	21	24	47	49	50	51	52	53	54	61	71	
1707	41	43	44	47	48	49	
1708	41	
1709	48	
1710	48	49	
1712	17	
1713	8	9	11	14	16	
1714	11	12	14	15	16	18	18	19	21	23	56	67	70	
1715	8	13	17	19	20	21	25	28	46	51	52	60	
1716	23	48	49	51	53	54	57	93	
1717	49	82	84	85	87	90	92	94	98	
1718	79	80	81	83	84	87	88	91	
1719	79	80	83	
1720	11	80	81	86	89	
1721	7	9	10	11	13	14	15	16	19	52	53	57	78	79	81	84	86	98	
1722	13	16	16	17	19	20	21	24	48	51	52	54	54	55	56	58	60	69	81	83	85	
1723	44	45	46	47	48	49	50	52	54	55	
1724	43	49	
1726	59	
1728	18	
1735	27	
1737	90	
1738	9	11	14	
1739	4	7	12	13	13	14	15	16	18	22	52	53	56	61	
1740	19	20	23	25	50	51	52	54	55	56	58	82	86	90	
1741	23	44	45	48	49	52	93	
1742	44	49	
1744	22	
1745	23	
1746	10	13	
1747	11	13	14	16	17	19	22	
1748	5	8	11	12	15	15	17	18	19	20	21	23	24	53	56	59	69	
1749	20	21	22	24	46	48	50	51	52	54	55	60	
1750	45	49	52	61	87	90	91	96	100	
1751	79	80	83	83	85	88	90	96	
1752	54	83	84	99	99	
1753	84	99	
1754	4	8	12	25	31	87	
1755	4	6	8	9	10	12	14	15	16	18	20	57	83	
1756	13	15	17	18	19	20	20	22	24	26	48	50	51	51	52	54	54	55	56	59	61	69	
1757	22	39	44	45	47	49	49	50	51	54	57	59	92	
1758	45	
1772	11	14	
1773	5	7	11	12	14	
1774	51	53	54	82	86	89	91	93	93	97	102	
1775	51	83	88	89	91	92	95	98	
1776	62	
1779	30	
1780	4	10	16	
1781	5	7	9	10	11	13	13	14	16	17	18	20	57	58	
1782	16	17	18	19	20	22	23	47	52	54	54	55	56	59	70	
1783	18	21	22	43	44	46	47	48	49	51	53	55	
1784	37	49	80	81	83	85	88	88	91	94	101	
1785	55	80	
1787	8	
1788	9	11	15	17	
1789	7	9	11	12	13	13	14	14	15	16	17	18	19	24	27	56	57	58	68	
1790	16	17	18	21	22	24	27	43	47	48	51	52	52	53	54	55	57	60	
1791	44	45	46	49	50	51	54	93	98	
1792	45	50	58	61	90	
1807	4	95	
1808	80	82	84	86	88	
1809	79	81	82	84	86	89	91	
1814	8	10	26	
1815	6	9	11	12	13	14	15	16	18	19	25	53	57	58	
1816	15	16	17	18	19	20	21	25	26	38	48	51	52	53	53	54	56	57	59	
1817	23	43	44	46	48	48	49	50	51	55	
1818	47	50	80	83	
1819	89	
1821	15	68	100	
1822	6	9	10	12	13	15	16	18	
1823	5	7	11	12	15	16	17	18	19	21	24	26	53	56	58	68	
1824	17	17	21	22	24	28	42	50	50	51	52	54	55	57	
1825	45	46	48	50	51	53	57	82	87	90	
1826	50	
1840	10	
1842	81	88	100	
1843	78	80	84	88	
1844	84	
1847	13	
1848	10	13	16	30	
1849	7	10	11	12	14	15	18	56	56	58	
1850	13	16	17	18	19	21	37	48	51	51	52	53	54	55	56	57	59	93	
1851	18	22	31	42	45	46	46	47	49	50	51	53	57	60	
1852	37	43	44	46	48	49	54	
1853	27	38	
1854	21	
1855	9	13	13	13	16	
1856	6	9	11	14	15	16	18	19	20	21	26	57	67	69	
1857	8	13	15	15	18	19	20	21	22	27	52	52	54	55	56	58	60	69	
1858	21	22	23	50	51	52	53	53	54	
1859	50	86	87	89	91	94	
1860	54	88	94	
1861	59	
1874	42	
1878	44	97	
1882	11	
1883	4	7	9	10	11	12	14	15	
1884	12	13	15	17	19	21	52	53	55	56	57	59	61	82	86	90	92	
1885	22	34	45	49	50	50	51	54	55	56	59	61	92	
1886	39	43	43	45	46	47	48	50	51	54	62	68	88	
1887	40	44	46	47	49	
1888	12	13	18	20	38	44	64	68	
1889	9	11	13	13	14	17	19	20	22	25	44	64	
1890	12	14	15	17	18	21	23	24	26	61	70	
1891	21	22	25	50	51	52	53	54	56	59	
1892	49	52	54	87	88	90	91	93	93	95	97	101	
1893	80	82	83	85	86	89	90	93	99	
1894	87	94	
1901	76	
1915	9	
1917	4	7	8	11	13	15	18	
1918	6	10	11	12	13	14	15	18	82	84	86	88	92	99	
1919	20	53	53	55	85	86	88	88	90	91	93	95	100	
1920	17	50	55	59	87	92	93	
1921	17	25	31	65	
1922	13	13	22	25	45	64	
1923	11	15	22	23	24	25	57	
1924	23	24	52	54	55	56	91	93	
1925	54	87	88	89	90	91	93	95	97	
1926	55	80	81	83	83	85	86	89	92	96	
1927	79	81	83	86	90	97	99	
1928	83	84	
1935	89	
1950	13	
1951	14	14	
1952	4	10	81	83	87	99	
1953	7	11	13	15	17	81	82	83	83	85	86	89	96	99	
1954	7	10	12	13	15	81	82	85	86	87	88	89	91	95	100	
1955	88	91	93	96	
1956	87	88	90	91	92	97	
1957	55	87	88	90	91	92	96	98	
1958	53	82	85	86	87	90	91	92	95	
1959	80	81	82	84	85	86	87	89	90	93	
1960	78	80	81	84	87	88	
1961	87	
1978	61	
1987	11	79	86	88	93	
1988	10	15	80	81	82	84	89	
1989	81	82	85	88	89	91	97	99	
1990	82	84	85	87	89	94	99	99	
1991	80	81	82	83	84	85	86	89	91	95	
1992	79	80	81	83	84	85	88	89	95	100	
1993	79	80	82	84	88	88	
1994	86	
1995	85	
1999	65	
2009	55	
2011	60	
2017	44	
2022	95	
2023	80	83	86	
2024	78	79	81	84	85	91	93	100	
2025	79	81	84	90	
2026	78	80	84	
2027	81	100	
2030	88	
2045	61	
2052	102	
2055	88	
2057	83	94	
2058	89	
2059	83	
2061	99	
2063	40	
2067	41	
2074	85	
2083	47	
2091	84	
2101	93	
2105	93	
2112	42	
2113	96	
2118	102	
2124	95	
2148	35	
2149	21	
2154	36	
2158	38	
2163	88	
2166	40	
2200	89	
2223	8	
2226	12	
2235	98	
2249	13	
