47	3	
146	30	
250	20	
251	16	16	17	18	
256	93	
287	87	90	92	97	
288	87	91	92	96	101	
289	82	86	87	88	90	91	95	97	
290	15	87	88	90	91	92	96	
291	86	87	91	92	95	98	
292	88	90	91	92	
293	16	
307	7	
318	87	90	92	
319	87	88	91	93	97	
320	82	86	87	89	90	91	92	93	95	98	
321	82	83	85	86	87	89	90	91	93	93	96	
322	82	83	84	86	87	88	88	89	91	92	94	97	98	101	
323	8	14	80	81	82	84	85	86	87	89	90	91	93	96	101	
324	81	82	83	84	85	86	87	89	90	92	94	96	99	
325	8	12	14	82	83	84	85	86	87	87	88	89	91	92	93	95	
326	9	11	14	81	82	84	85	86	87	89	90	91	93	94	96	99	
327	12	17	86	88	89	90	91	92	93	96	
328	17	88	91	92	97	
329	17	
349	93	
350	87	90	92	96	
351	82	87	88	90	91	92	93	96	
352	82	84	85	87	87	88	89	91	92	94	95	98	
353	82	83	83	84	86	87	88	89	90	92	94	97	102	
354	48	57	81	82	83	84	85	86	87	88	89	91	92	94	98	
355	46	48	80	81	82	83	84	85	86	88	89	96	99	
356	46	80	81	82	84	84	86	88	89	91	94	
357	10	49	80	81	82	83	83	84	86	89	93	
358	80	81	82	84	85	86	88	90	
359	9	46	79	80	81	82	84	85	86	88	90	98	
360	6	8	10	12	13	15	80	81	82	83	84	85	86	88	89	92	99	
361	10	12	14	15	16	82	83	83	85	86	87	89	90	91	94	96	98	
362	8	12	15	17	82	84	85	87	89	90	91	93	95	98	
363	16	17	18	90	92	95	
381	88	92	
382	87	89	91	92	95	
383	81	83	85	86	87	88	90	91	92	95	98	
384	82	83	85	86	87	88	88	89	91	92	93	96	99	
385	80	81	82	83	83	85	85	87	88	89	90	92	94	97	99	
386	46	79	81	81	83	83	84	86	88	89	93	98	102	
387	16	79	80	81	82	84	85	87	89	100	
388	17	19	30	43	47	51	57	58	61	66	70	80	81	82	83	84	85	88	
389	19	20	44	46	47	49	50	54	56	70	80	84	88	
390	43	46	47	48	49	51	54	68	80	84	
391	44	47	49	51	81	88	
392	81	83	
393	5	11	43	46	47	80	85	
394	46	49	69	80	81	84	88	89	98	
395	8	9	10	12	13	48	81	82	84	85	87	88	95	100	
396	7	9	11	12	13	14	15	17	81	82	84	85	86	88	90	96	
397	12	15	16	17	18	82	84	86	88	91	93	95	
398	16	17	22	
412	56	
413	87	91	
414	59	87	89	90	91	93	96	98	
415	56	82	85	86	87	89	90	92	94	97	100	
416	57	81	82	83	84	85	86	87	89	90	91	92	94	97	98	
417	48	80	81	82	84	85	86	88	89	91	95	
418	16	46	48	57	79	80	81	82	84	85	86	89	90	94	99	
419	16	43	46	48	53	66	69	80	82	84	85	89	101	
420	11	16	18	19	26	44	46	47	49	51	65	67	70	80	81	82	84	88	
421	6	10	11	14	17	18	20	33	42	44	46	48	58	65	71	79	83	
422	15	16	17	18	19	20	21	24	47	52	56	57	57	59	60	63	67	69	73	79	
423	21	23	24	45	47	49	50	51	51	52	54	55	56	58	59	
424	44	46	47	48	49	50	51	53	53	55	
425	49	
426	25	56	57	60	
427	16	17	18	19	20	23	26	29	45	47	51	52	54	56	57	59	69	
428	44	45	46	47	48	48	49	50	52	58	
429	8	11	45	46	49	51	81	84	
430	6	9	10	11	13	13	14	80	81	83	85	88	94	
431	7	9	11	12	13	13	14	15	16	17	19	81	83	86	89	92	
432	16	17	18	19	20	92	
433	18	22	
444	57	
445	46	53	
446	46	49	52	86	88	90	92	94	97	
447	82	83	85	86	87	88	89	90	91	92	93	95	99	
448	46	48	54	56	81	83	84	85	86	87	88	89	91	92	95	98	101	
449	38	39	43	46	48	67	81	82	83	84	86	87	88	89	94	102	
450	18	46	67	79	80	81	82	84	85	86	89	
451	14	16	19	44	59	65	67	70	80	81	82	83	85	88	
452	10	16	17	18	19	19	20	27	28	33	45	50	50	57	61	64	66	70	73	79	80	81	84	
453	14	18	18	19	20	21	22	34	45	49	51	57	58	61	66	69	72	79	81	83	
454	9	20	21	22	23	23	42	45	48	49	50	70	
455	6	11	12	14	15	18	20	21	22	23	25	70	
456	18	19	20	22	24	25	52	56	57	58	59	60	61	
457	22	48	49	50	51	51	52	53	54	55	56	58	58	60	62	64	
458	45	47	49	49	50	53	
459	9	48	
460	7	11	12	13	14	15	16	17	19	27	57	63	68	71	
461	17	17	18	18	19	20	22	24	26	51	52	56	57	58	58	59	61	70	
462	23	45	46	47	48	49	50	51	52	53	55	76	
463	45	46	47	48	49	
464	9	10	12	15	49	
465	3	7	8	9	10	11	12	13	13	14	15	16	17	18	24	82	83	88	91	100	
466	15	16	17	17	19	20	20	22	23	
478	53	55	56	57	58	59	60	
479	47	50	51	52	54	55	56	59	
480	43	46	47	48	49	50	52	54	66	81	83	84	86	87	89	94	101	
481	42	44	47	50	55	56	58	59	80	81	82	84	85	89	99	
482	16	17	19	20	28	39	45	47	48	50	51	58	62	67	68	70	80	81	82	84	85	
483	14	17	18	19	20	26	44	45	46	48	49	50	56	67	70	72	79	80	81	83	85	
484	9	11	14	17	19	20	21	38	43	45	49	64	70	72	80	84	
485	7	10	12	13	13	15	16	18	18	19	20	21	22	25	45	68	71	
486	20	21	22	23	23	24	27	33	34	70	
487	22	24	25	55	
488	22	24	25	51	65	
489	22	25	
490	23	24	53	55	56	56	57	58	58	59	61	62	
491	47	48	50	51	52	52	54	54	55	56	59	
492	45	46	47	49	50	51	53	
493	7	9	10	12	13	14	19	45	
494	2	5	7	12	13	15	15	16	17	17	19	19	21	24	58	71	
495	18	20	21	21	22	23	52	55	56	57	57	59	60	62	
496	50	50	51	52	52	53	54	55	56	57	58	62	
497	47	49	50	51	
498	5	9	10	14	49	
499	4	6	7	10	11	11	12	13	13	14	14	15	16	17	18	20	24	90	
500	15	15	16	16	17	17	18	19	20	20	21	24	
501	17	
507	84	84	
511	58	
512	53	57	58	59	60	61	
513	48	50	51	52	53	53	54	55	56	59	
514	9	31	45	47	49	50	67	70	80	82	84	
515	11	12	13	14	16	18	19	44	50	63	65	70	71	80	83	
516	15	16	19	20	21	22	23	25	26	62	
517	12	15	20	22	23	24	32	51	
518	4	14	21	22	24	25	
519	21	22	24	25	
520	22	
523	58	
524	52	53	55	56	57	57	58	59	60	62	
525	47	50	51	51	52	52	53	54	54	55	59	
526	9	44	45	46	47	48	49	49	
527	6	9	10	11	13	14	15	
528	2	7	11	12	15	16	17	19	22	25	58	
529	18	21	23	56	58	59	61	92	
530	51	52	52	53	54	55	56	60	
531	48	49	51	53	
532	4	9	10	12	101	
533	5	6	7	9	10	11	11	12	13	14	14	15	16	18	20	23	69	
534	13	15	16	17	17	19	20	21	
535	18	21	23	
541	90	91	93	
546	62	
547	52	
548	25	29	103	
549	4	11	21	24	25	
550	23	24	73	
557	57	
558	52	53	56	57	57	58	60	61	63	
559	48	50	51	51	52	52	54	54	55	56	58	59	
560	44	45	46	46	47	48	48	49	50	51	54	
561	8	9	10	11	13	14	15	45	46	
562	7	13	15	17	87	90	92	94	
563	55	61	87	88	89	91	92	94	97	
564	52	54	82	85	86	88	90	92	94	98	101	
565	46	50	66	85	90	102	
566	8	9	11	13	15	19	44	68	71	
567	2	5	6	10	11	12	13	14	14	15	15	16	16	17	18	19	19	20	21	24	27	70	
568	13	15	17	18	19	20	20	21	22	24	
569	23	
570	23	24	
571	23	
591	58	
592	56	57	57	58	59	61	62	84	87	
593	50	51	52	52	53	53	54	54	55	56	57	58	59	60	
594	43	44	45	46	46	47	48	48	49	50	50	51	52	53	55	59	
595	5	6	9	38	45	46	47	47	48	49	
596	5	6	12	20	46	46	48	81	84	89	99	
597	42	46	47	53	66	81	82	83	83	84	86	87	89	90	94	
598	9	40	46	47	48	63	80	81	83	84	85	86	90	97	
599	10	16	19	42	46	69	80	82	83	89	100	
600	4	8	8	10	11	12	13	14	14	15	16	17	18	19	19	20	24	27	69	70	
601	4	12	13	15	16	17	18	19	20	20	21	21	22	23	24	28	71	
602	21	22	25	
626	57	58	61	
627	51	52	54	55	57	58	59	61	64	
628	31	34	47	50	51	52	53	53	54	55	56	57	58	59	61	64	66	
629	25	44	45	47	48	49	50	51	54	57	58	60	65	66	70	
630	15	18	20	21	26	42	43	45	48	48	50	50	52	55	57	59	61	65	70	72	83	
631	19	20	21	23	26	45	49	50	51	59	66	69	72	80	81	84	
632	9	12	14	17	19	20	20	21	22	26	43	44	45	47	49	50	52	65	66	70	73	80	84	
633	9	11	12	14	15	17	18	19	20	21	22	23	24	27	65	69	
634	5	6	12	13	15	17	19	20	21	22	23	24	25	26	72	
635	22	23	25	
643	104	104	
661	61	
662	53	54	62	
663	24	
664	22	24	55	64	
665	23	23	24	55	63	
666	10	20	22	24	27	
667	5	15	21	23	23	25	
668	23	
1184	4	
1186	95	
1213	8	
1215	55	64	100	
1218	7	
1233	56	
1238	20	
1245	70	
1248	8	
1251	103	
1256	104	
1262	27	
1265	71	
1269	44	
1273	48	
1275	31	
1285	6	103	
1293	39	
1296	73	
1306	80	
1310	82	
1312	35	
1313	42	
1322	104	
1325	64	
1331	1	
1346	22	86	
1347	52	
1348	39	
1353	3	
1363	74	
1370	47	76	
1377	46	
1385	14	
1393	2	
1395	73	
1404	72	
1407	69	
1408	43	48	
1409	32	46	58	
1410	17	43	47	56	65	
1411	47	51	56	
1412	26	42	44	47	50	70	
1413	47	48	
1414	45	46	48	51	54	
1420	45	
1423	6	
1424	70	
1425	6	
1434	25	
1439	42	46	
1440	46	
1441	14	15	15	15	17	39	46	66	
1442	17	20	43	67	79	
1443	12	16	18	18	21	23	41	47	48	65	70	
1444	16	19	21	29	45	47	50	57	58	61	65	66	69	
1445	19	21	25	43	43	45	47	48	48	50	52	56	58	59	61	70	
1446	21	26	42	45	46	47	49	50	52	55	56	58	59	63	67	70	
1447	21	26	34	45	46	47	48	50	51	55	56	60	67	
1448	23	26	42	44	46	47	48	50	53	55	57	59	
1449	42	45	46	48	51	
1450	48	
1451	48	
1455	69	
1463	75	
1468	103	
1469	41	
1470	66	
1473	16	33	39	46	51	71	
1474	13	17	19	38	41	47	50	68	
1475	14	17	20	47	51	67	70	
1476	15	16	18	18	20	22	24	39	45	48	49	71	78	
1477	13	14	17	18	20	21	22	23	45	51	61	64	69	
1478	17	19	20	22	25	26	30	34	45	49	53	58	60	70	
1479	20	22	23	24	45	51	60	62	64	69	
1480	21	22	23	29	45	49	50	52	54	57	59	61	69	
1481	20	22	23	33	43	45	49	50	52	54	55	56	57	58	58	59	61	63	70	75	
1482	22	43	45	47	47	49	50	51	52	53	55	56	57	59	61	64	66	71	75	
1483	43	44	45	46	47	48	48	49	50	53	54	56	62	
1484	45	46	47	49	51	58	58	70	
1485	45	47	49	
1488	62	
1492	11	
1503	50	
1504	16	19	46	50	
1505	16	20	44	47	50	69	
1506	12	15	16	17	18	20	23	37	38	44	46	66	69	
1507	12	14	16	18	20	23	26	50	66	70	
1508	12	15	17	18	19	21	23	45	49	65	69	
1509	12	14	16	19	20	22	23	27	45	50	64	70	
1510	12	13	15	18	19	20	22	24	72	
1511	15	20	21	23	23	25	
1512	22	24	
1513	22	24	
1514	25	64	
1515	24	52	54	60	62	64	
1516	25	32	51	52	54	54	55	56	57	58	58	59	61	
1517	25	30	50	51	52	53	55	56	57	59	60	62	63	71	
1518	44	45	46	46	47	49	50	51	52	53	54	57	59	69	
1519	43	45	47	48	48	49	54	
1520	46	49	60	
1532	16	
1535	23	38	
1536	16	51	
1537	11	13	17	19	24	28	38	39	48	66	68	
1538	17	19	26	34	49	69	
1539	13	14	17	18	18	19	21	23	25	26	45	48	49	65	66	69	
1540	11	14	17	19	20	21	25	45	70	
1541	12	15	17	18	20	21	22	24	69	
1542	13	15	20	21	23	23	24	73	
1543	22	24	
1544	24	92	
1545	90	91	
1546	17	92	
1550	58	61	
1551	51	52	53	54	55	56	56	57	58	59	60	62	
1552	47	51	52	53	54	56	57	59	61	
1553	43	45	46	47	48	48	49	50	51	52	54	55	58	60	
1554	46	49	51	58	
1555	52	
1556	27	
1559	12	
1561	7	
1565	74	
1567	33	
1568	14	16	20	
1569	14	16	20	39	44	47	70	
1570	10	16	18	19	21	28	45	48	69	
1571	11	13	14	16	18	18	19	21	23	45	69	73	
1572	13	14	15	17	18	19	20	22	23	45	72	
1573	12	13	15	19	21	22	23	
1574	22	24	75	
1575	22	25	73	92	
1576	88	91	
1577	87	91	93	97	
1578	83	86	87	89	90	91	94	98	102	
1579	7	9	11	14	81	82	86	87	88	89	91	92	93	97	98	
1580	12	15	16	17	18	47	86	91	100	
1581	17	56	
1582	47	51	
1583	86	87	89	90	91	93	94	97	
1584	16	88	91	92	94	98	
1585	17	57	58	60	
1586	51	52	53	54	56	56	57	58	60	62	
1587	45	46	47	47	49	50	50	51	52	53	53	55	57	58	
1588	46	48	50	56	
1599	32	
1601	11	15	
1602	12	14	16	18	18	19	21	42	71	
1603	12	13	15	16	17	18	19	20	21	25	26	35	72	
1604	11	14	19	21	22	23	
1605	12	15	21	22	24	
1606	22	23	25	
1607	91	92	
1608	86	87	88	90	91	91	93	94	96	
1609	87	88	89	90	91	92	94	95	98	
1610	82	83	85	86	88	89	90	91	94	98	100	
1611	55	81	82	85	86	88	89	90	92	95	98	
1612	10	79	81	82	83	83	84	86	88	88	89	91	93	98	
1613	7	8	10	11	13	14	15	17	28	48	80	82	83	84	86	89	94	
1614	7	11	12	15	16	17	17	19	20	21	24	57	71	81	84	86	89	95	99	
1615	22	52	53	56	58	60	
1616	47	49	50	52	54	87	90	92	96	
1617	7	9	80	81	82	83	84	85	87	88	89	92	95	99	
1618	7	10	11	13	14	16	81	82	85	86	87	89	91	94	97	
1619	16	17	18	20	57	58	62	88	
1620	52	53	54	55	56	57	59	59	61	
1621	45	46	47	47	50	51	52	53	54	55	57	58	60	
1622	46	48	49	53	
1623	50	
1624	73	
1629	83	83	
1634	11	20	
1635	8	9	11	13	13	14	16	
1636	10	12	14	15	16	17	19	20	21	24	27	72	
1637	12	18	20	21	22	23	
1638	22	25	91	92	98	
1639	90	90	91	92	96	
1640	55	86	87	88	90	91	92	93	95	97	
1641	20	83	86	87	87	88	89	90	92	94	96	99	
1642	80	81	82	84	85	85	86	88	89	90	96	99	
1643	6	80	80	81	82	83	83	84	85	86	87	90	91	95	
1644	6	79	80	81	83	83	84	86	89	90	92	96	
1645	79	80	81	83	85	87	89	
1646	11	13	79	81	85	93	
1647	4	8	9	10	11	12	14	14	16	82	83	86	
1648	7	12	13	15	15	16	17	17	19	20	21	24	56	57	58	59	61	71	
1649	18	22	47	48	51	52	52	54	55	56	62	
1650	21	45	47	49	50	51	53	82	84	86	89	92	95	102	
1651	10	13	48	80	82	84	88	90	
1652	7	9	10	11	12	13	14	17	20	80	81	84	86	89	92	94	
1653	12	13	15	16	17	18	18	19	24	62	82	85	93	95	
1654	18	52	52	53	55	56	56	57	58	59	60	61	
1655	46	47	48	49	51	52	52	53	54	55	57	
1656	46	49	51	54	58	
1663	83	87	87	88	
1667	22	70	
1668	10	13	
1669	8	9	10	11	14	15	
1670	15	17	23	87	92	98	
1671	54	87	88	89	90	92	95	97	
1672	82	82	85	86	87	89	90	91	93	94	97	101	
1673	81	82	83	84	85	86	87	89	90	91	92	94	98	
1674	80	81	81	83	85	86	87	88	90	94	99	
1675	80	81	82	83	84	85	86	89	91	95	101	
1676	40	79	80	82	83	85	90	
1677	78	79	81	85	90	
1678	80	82	85	90	
1679	80	82	83	85	98	
1680	8	14	84	99	
1681	5	7	9	10	11	12	14	14	15	19	24	95	
1682	12	13	15	15	16	17	18	19	20	22	24	56	57	58	59	61	69	
1683	21	22	48	51	51	52	53	54	55	56	57	58	60	
1684	42	44	45	46	47	49	50	51	51	53	59	79	81	84	86	89	100	
1685	3	8	12	15	29	45	47	48	50	67	84	
1686	5	6	9	10	12	13	14	14	15	17	19	20	25	39	72	
1687	13	15	16	17	17	20	21	23	23	57	57	63	71	81	
1688	21	53	54	55	56	58	58	59	61	
1689	50	51	52	54	54	55	56	
1690	48	50	54	58	
1693	76	
1694	91	
1702	10	
1703	5	11	
1704	81	83	85	88	88	91	93	97	
1705	81	82	83	85	87	89	91	96	99	
1706	79	80	82	84	85	89	
1707	78	79	80	81	83	84	87	88	96	
1708	79	80	82	84	90	96	99	
1709	79	80	84	89	
1710	86	99	
1714	9	12	14	81	81	
1715	5	6	9	10	11	13	14	15	18	
1716	2	8	12	13	15	15	16	18	19	21	26	57	60	63	92	
1717	18	20	21	23	51	52	53	55	57	59	60	
1718	49	51	52	55	58	65	
1719	8	10	24	26	45	49	70	
1720	9	11	12	14	15	19	21	23	27	44	70	
1721	13	18	20	21	22	25	56	58	62	
1722	23	52	53	54	55	55	57	59	62	
1723	51	52	53	54	87	90	91	95	98	
1724	93	
1727	74	
1734	95	
1738	81	86	
1739	71	80	82	84	89	
1740	79	89	
1741	44	
1743	85	
1744	83	
1747	103	
1748	16	
1749	3	6	8	9	10	11	12	13	14	15	17	
1750	6	8	11	12	14	15	15	16	18	19	21	93	
1751	16	17	19	21	22	63	91	
1752	55	
1753	8	13	23	
1754	5	15	25	57	
1755	57	61	75	91	93	
1756	52	53	54	55	61	86	87	89	90	91	92	94	95	97	103	
1757	54	59	81	82	83	84	85	87	88	89	91	94	
1758	86	89	
1760	3	
1764	6	
1765	99	99	100	101	
1772	85	
1773	95	
1774	82	
1777	96	
1778	11	
1780	49	
1782	18	
1783	7	10	12	14	
1784	2	8	10	12	13	14	15	81	84	87	90	92	98	
1785	8	13	17	82	86	87	88	90	91	92	93	95	98	101	
1786	86	87	88	90	91	91	93	94	95	96	
1787	87	90	91	92	93	94	97	
1788	55	88	91	92	93	94	95	97	
1789	83	85	86	87	89	90	90	92	94	97	99	
1790	80	81	81	82	84	85	86	87	89	90	93	95	100	
1791	79	80	81	83	84	88	88	95	99	
1792	84	
1795	70	
1796	51	
1798	3	4	
1800	69	
1808	95	
1809	96	
1813	89	97	
1816	23	
1817	9	
1818	5	11	14	81	84	87	90	
1819	80	81	81	83	83	84	85	86	89	93	93	97	
1820	81	82	83	84	86	87	89	90	98	99	
1821	80	81	82	83	83	84	85	86	88	89	91	97	
1822	78	81	82	85	86	87	89	90	91	95	99	
1823	79	80	81	82	84	84	85	88	88	91	94	
1824	79	80	82	83	84	88	89	95	
1825	80	94	
1827	99	
1841	103	
1847	92	
1851	89	
1852	83	
1853	80	83	87	89	
1854	79	80	81	84	89	
1855	79	80	82	84	87	89	
1856	79	80	83	83	85	89	98	101	
1857	79	81	85	
1858	80	85	
1861	38	
1873	95	
1877	74	99	
1881	11	
1888	89	
1890	93	
1910	17	
1911	22	
1915	58	
1919	4	24	
1935	78	
1948	85	96	
1956	43	
1982	96	
1991	1	
1995	7	
2011	51	
2021	42	
2054	72	
2055	3	
2056	101	
2059	45	
2061	35	
2067	28	
2077	21	
2105	91	
2120	43	
2122	14	
2124	2	
2133	101	
2134	43	
2155	7	
2167	44	
2182	5	18	
2211	18	
2212	94	
2215	8	
2220	3	
2234	94	
2252	12	
2260	11	
2264	6	
