15	67	
112	43	
113	44	
118	84	
142	43	
154	87	
155	87	92	
156	87	90	92	
157	87	91	93	
158	87	91	
159	92	
182	22	
186	95	
187	92	
188	83	85	86	88	89	91	93	96	
189	81	82	83	84	85	86	87	88	89	91	93	96	
190	81	82	84	85	86	87	88	89	90	91	95	
191	12	81	82	84	85	86	87	88	89	90	91	96	101	
192	81	82	84	86	87	88	89	90	92	93	96	
193	16	82	85	86	88	89	91	96	
194	17	
219	88	91	97	
220	53	55	83	86	87	90	92	95	101	
221	52	82	83	85	86	88	88	90	91	96	
222	81	82	83	84	85	87	89	92	96	
223	78	80	81	81	82	84	85	88	90	97	99	
224	11	36	77	79	79	80	81	82	83	84	85	87	88	95	98	
225	10	16	78	79	80	81	82	83	84	
226	9	11	14	77	78	79	80	81	83	83	84	85	96	
227	7	11	12	15	16	19	79	80	81	82	83	85	90	95	
228	16	17	18	18	20	
252	83	85	87	88	88	90	93	95	
253	82	83	85	86	87	89	91	93	94	
254	53	54	57	81	82	83	84	85	87	88	89	91	92	94	96	
255	37	78	79	80	81	82	83	84	85	89	90	94	97	
256	43	46	48	51	66	79	80	81	84	88	
257	17	19	38	38	43	46	57	77	79	80	84	
258	18	19	28	38	43	47	56	60	68	70	78	79	
259	17	19	21	42	44	46	47	48	49	67	78	79	
260	5	8	10	11	13	14	21	44	46	78	79	
261	7	11	12	12	13	14	15	15	16	19	23	79	80	
262	16	17	18	19	20	21	22	24	
283	57	
284	57	87	88	92	
285	52	55	56	83	85	87	88	89	91	93	97	
286	54	78	82	83	84	85	86	87	89	91	93	96	
287	53	80	80	82	83	83	85	86	89	91	96	98	
288	78	79	80	81	82	84	85	89	95	
289	8	16	18	19	43	67	78	79	80	81	84	
290	12	14	16	17	18	18	19	20	21	43	45	46	48	50	60	70	78	80	
291	14	18	19	19	20	21	27	31	44	45	47	49	65	70	76	
292	15	20	21	22	23	24	27	43	44	45	48	50	52	55	56	58	58	61	64	68	
293	21	22	23	24	33	45	47	48	49	50	51	54	68	69	
294	5	10	22	23	24	29	42	44	45	46	47	49	65	
295	5	7	10	11	12	14	15	21	25	
296	16	17	19	20	21	22	24	
316	57	
317	52	53	56	87	91	
318	52	53	82	83	84	86	87	88	89	91	93	96	
319	53	54	58	80	81	82	83	84	85	87	89	91	94	
320	79	80	81	82	83	84	85	86	88	89	
321	78	78	79	80	82	84	89	
322	8	10	14	16	17	18	43	45	70	79	80	
323	6	11	12	13	14	15	15	16	16	17	17	19	19	20	21	68	
324	17	18	19	20	21	21	22	24	25	26	
325	21	23	23	25	
326	24	55	57	74	
327	25	35	50	51	54	55	
328	25	50	64	
329	5	11	14	25	
330	19	21	25	
348	57	
350	53	53	56	59	86	87	89	91	97	
351	53	54	56	81	82	84	86	87	88	90	92	94	98	
352	54	80	81	82	83	84	85	87	89	91	96	
353	33	54	77	78	79	81	82	85	94	98	
354	10	78	80	81	99	
355	10	14	16	18	18	20	45	48	64	69	80	
356	5	8	9	10	12	13	13	14	15	16	17	18	19	19	20	21	24	27	45	69	
357	12	14	15	18	19	20	21	21	22	23	24	25	26	44	
358	21	22	23	24	
361	52	54	61	
362	93	
363	14	
364	18	20	25	
381	56	
382	52	56	
383	50	52	54	61	86	87	89	92	97	
384	51	53	53	59	81	82	84	85	86	87	89	90	92	94	98	
385	78	79	80	81	82	83	84	86	87	88	90	94	
386	18	78	79	80	84	
387	9	16	19	26	30	42	44	65	67	79	
388	9	11	12	14	15	16	17	18	19	19	20	21	26	29	44	48	65	72	78	
389	7	8	11	12	13	14	15	18	18	19	20	20	21	22	23	26	32	44	
390	4	13	15	17	19	20	21	22	23	24	25	
391	21	23	24	
395	86	87	90	92	95	
396	82	85	86	87	88	90	91	96	
397	15	83	86	91	
398	17	20	
415	57	60	91	
416	52	54	56	83	85	87	88	88	90	92	95	
417	51	53	54	55	59	81	82	83	83	85	86	87	88	90	92	95	
418	79	80	81	82	83	85	87	88	
419	16	41	67	78	80	81	83	
420	10	12	13	15	16	17	18	19	19	21	45	70	78	80	
421	8	11	12	15	15	17	18	19	19	20	21	23	27	45	69	
422	13	14	16	18	19	20	21	22	23	24	27	44	
423	22	23	24	
426	53	
427	56	87	92	
428	83	84	86	87	88	88	90	92	93	97	
429	78	80	81	82	83	84	85	86	87	88	89	91	94	97	
430	9	80	81	82	83	84	85	86	88	94	100	
431	6	12	13	14	16	18	78	79	81	85	89	96	
432	16	17	17	18	19	24	
437	58	59	
447	56	
448	53	55	56	59	87	92	
449	52	54	82	85	86	87	89	90	92	95	
450	52	54	79	80	81	82	84	85	86	87	89	92	95	
451	79	80	81	82	83	84	85	89	100	
452	12	13	16	44	48	67	78	79	80	98	
453	8	8	10	12	14	15	16	17	18	19	20	20	43	45	48	68	70	79	
454	5	10	12	13	14	15	17	18	19	20	20	21	22	24	25	26	29	43	
455	12	15	20	21	22	23	24	25	
456	23	24	74	
459	53	57	
460	52	55	56	
461	50	51	53	82	84	85	87	88	89	91	97	99	
462	51	79	81	82	84	85	87	89	94	
463	10	16	46	66	78	79	80	81	84	88	
464	9	10	13	16	17	18	18	19	20	30	39	43	47	67	69	78	80	
465	7	9	11	11	12	14	15	16	18	19	21	79	
466	16	17	19	20	21	22	24	27	
480	83	86	87	89	91	
481	56	58	86	87	88	90	92	94	
482	51	52	54	82	83	84	86	87	88	89	91	95	
483	52	54	78	79	81	82	83	84	85	86	87	89	92	96	
484	67	78	79	80	81	82	83	83	84	88	99	
485	7	8	10	12	14	16	18	43	65	67	78	80	101	
486	11	12	13	14	15	16	17	18	18	19	20	21	24	46	65	71	
487	4	15	17	20	21	22	23	24	25	27	
488	21	22	23	24	
492	56	
493	50	52	53	54	55	57	58	93	
494	35	49	51	52	54	82	86	87	89	91	93	98	
495	42	50	55	62	66	80	81	83	83	85	87	89	96	
496	9	16	17	19	28	41	45	46	67	77	78	80	84	98	
497	7	11	13	14	15	16	17	18	18	19	20	20	29	44	72	79	
498	13	13	20	21	22	22	24	25	26	45	49	
499	5	6	11	14	21	22	23	24	25	26	
500	19	20	22	23	
511	56	
513	48	
514	52	55	57	78	81	82	84	85	87	88	89	91	95	
515	53	54	78	82	83	83	84	85	87	89	92	94	96	98	
516	54	77	79	80	81	82	83	84	85	86	89	93	100	
517	41	79	80	81	84	86	89	
518	9	11	13	14	16	16	18	19	20	67	68	73	79	
519	7	9	11	12	13	14	15	16	17	18	18	19	20	21	23	26	44	70	
520	4	11	15	17	20	20	21	22	24	25	26	
521	4	21	23	25	
525	56	
526	46	52	54	
527	49	51	52	53	55	59	83	86	87	89	92	97	
528	50	78	80	81	82	83	84	85	86	89	91	94	
529	9	11	13	78	80	
530	12	15	16	17	18	18	19	20	24	68	
531	22	23	23	24	25	26	
532	22	
533	11	92	
534	16	
535	22	
545	56	57	60	
546	48	50	51	52	53	55	56	57	59	
547	39	45	46	47	48	48	50	51	54	
548	79	80	81	84	85	
549	18	40	43	47	54	62	67	73	79	80	81	84	85	88	
550	8	16	17	19	20	41	44	46	47	67	72	78	79	80	99	
551	8	10	12	14	15	16	18	18	19	20	21	26	39	43	45	67	69	78	
552	5	11	12	13	13	15	16	17	18	19	20	21	24	45	69	
553	7	17	20	21	22	22	23	24	27	
554	22	
558	57	
559	52	54	56	59	
560	39	46	47	48	50	51	52	53	55	
561	49	54	80	81	83	84	86	89	92	
562	9	12	28	77	79	80	82	84	87	88	98	
563	5	7	10	11	12	13	14	15	15	16	18	18	19	69	80	
564	16	17	20	21	22	24	25	57	
565	22	51	54	
566	88	90	93	
567	10	12	13	14	81	83	86	89	93	
568	16	17	19	20	23	
572	17	17	18	
579	56	57	58	60	
580	37	51	52	54	54	55	56	59	62	
581	32	38	42	44	45	46	47	47	48	49	50	50	51	55	60	66	
582	14	30	42	44	45	48	61	66	78	102	
583	12	14	14	15	16	18	20	40	45	48	64	69	78	80	
584	12	14	15	17	18	19	20	21	22	24	26	29	44	64	69	79	
585	10	15	20	21	22	23	24	25	44	
586	3	22	23	23	24	25	
587	22	24	
592	56	57	
593	51	52	53	54	55	56	57	58	60	
594	44	46	47	48	49	50	50	51	54	55	59	83	89	
595	44	46	78	81	83	86	101	
596	5	6	9	10	12	14	15	79	84	94	
597	11	12	14	15	16	19	20	23	87	91	
598	17	22	53	56	87	90	91	96	
599	51	52	54	83	86	87	90	92	94	97	
600	82	83	85	86	87	90	91	98	
601	7	10	11	12	14	14	78	80	81	85	89	
602	13	16	17	17	18	19	20	21	81	
603	18	22	
614	51	52	54	55	58	61	
615	29	49	50	62	
616	14	44	45	
617	15	20	23	23	24	25	44	
618	22	24	
619	3	23	24	
626	56	58	60	
627	34	37	40	47	50	51	52	53	53	54	55	56	56	57	60	
628	42	44	45	46	47	48	49	49	50	51	52	55	56	
629	44	46	49	82	
630	3	7	9	12	14	83	
631	7	9	11	12	15	17	18	46	81	85	98	
632	81	82	84	85	86	88	89	94	
633	40	77	80	80	81	82	84	85	86	88	90	94	
634	10	13	46	49	78	78	80	81	82	84	85	89	96	
635	7	8	11	11	12	13	14	15	15	16	18	19	80	84	
636	13	16	17	17	18	19	20	21	23	25	
648	55	
651	24	
660	55	56	57	58	
661	38	50	51	52	52	53	54	55	56	56	57	59	61	
662	31	42	45	45	46	47	47	48	49	50	50	51	54	56	57	61	
663	31	34	37	38	42	43	44	45	46	47	48	48	50	53	56	60	66	
664	10	14	17	20	41	43	44	46	47	48	67	69	
665	18	18	20	21	23	26	40	42	43	44	46	46	47	49	57	58	70	79	
666	19	20	21	26	37	38	42	44	46	47	48	51	57	62	68	70	79	81	83	
667	16	19	37	43	44	47	48	66	78	79	83	
668	8	10	13	16	18	19	20	21	26	28	41	44	45	47	48	63	67	70	79	
669	5	6	7	9	10	11	13	14	15	15	17	19	20	21	44	71	73	
670	3	17	19	20	21	21	23	24	25	27	
671	22	
695	52	54	55	58	61	
696	47	49	51	53	62	
697	24	44	45	49	55	58	63	68	
698	24	25	44	49	51	54	55	60	
699	21	23	24	25	26	29	44	47	49	50	53	58	64	
700	22	23	24	43	45	48	62	64	66	
701	14	21	23	24	26	45	55	62	
702	13	21	22	23	24	45	72	
703	22	23	25	
704	3	22	24	
732	25	
733	54	
736	25	
737	5	
1162	23	
1172	70	
1176	81	
1177	100	
1182	56	
1185	5	
1191	45	
1193	31	
1199	46	
1217	87	
1232	17	
1235	46	
1237	68	
1238	18	
1240	31	
1242	46	
1247	13	37	
1265	26	46	
1266	17	
1268	41	
1273	32	
1277	41	
1278	50	68	
1281	56	
1283	50	
1284	32	
1286	62	
1303	98	
1308	89	
1309	37	
1310	36	46	
1311	20	28	35	47	
1312	23	37	41	44	47	60	
1313	45	47	53	
1314	42	44	69	
1315	47	
1318	5	
1323	102	
1342	42	
1343	17	18	41	
1344	16	17	19	21	38	39	46	63	
1345	16	18	19	20	22	26	42	43	45	47	49	53	57	59	68	
1346	19	21	23	23	26	36	39	43	44	45	47	48	51	55	56	58	60	63	70	
1347	20	24	28	41	45	46	47	48	51	56	70	
1348	23	26	41	43	45	46	47	49	57	59	65	72	
1349	27	42	44	46	49	54	
1350	49	
1352	55	
1372	18	
1373	17	
1374	13	
1375	17	20	41	50	
1376	6	8	14	16	18	18	20	43	45	46	68	
1377	11	13	15	16	18	20	24	42	68	
1378	15	16	17	19	20	21	23	25	70	
1379	18	20	21	24	26	45	50	54	57	60	65	70	
1380	21	23	24	45	50	53	54	57	60	63	64	72	
1381	23	24	45	51	53	55	56	57	58	60	62	
1382	21	23	24	32	40	43	44	45	47	48	49	50	51	52	55	56	59	
1383	41	43	44	45	46	47	49	49	55	
1384	54	
1385	62	
1403	40	
1407	17	33	40	78	
1408	1	10	15	16	18	20	40	66	70	
1409	12	13	15	17	18	19	20	23	26	42	45	47	67	
1410	10	15	16	18	19	20	21	23	24	28	45	64	
1411	10	12	13	14	15	18	20	21	23	24	25	44	68	
1412	12	21	22	23	24	92	
1413	22	87	88	91	91	97	
1414	25	86	87	91	93	97	
1415	55	56	57	62	83	86	87	90	91	94	
1416	50	51	52	53	54	55	58	62	83	86	87	91	
1417	12	45	46	47	49	50	52	53	58	
1418	45	48	
1420	58	
1430	36	
1431	20	
1434	53	
1440	15	20	42	83	
1441	6	11	14	17	18	18	19	21	40	46	67	69	
1442	7	12	13	15	16	17	18	19	20	22	25	43	45	68	
1443	11	14	15	17	18	19	20	22	23	24	58	72	
1444	22	24	25	45	73	
1445	23	25	52	87	88	93	
1446	83	85	86	88	89	90	92	94	97	
1447	78	80	81	82	83	83	84	85	86	88	90	92	94	
1448	78	81	82	82	84	84	85	87	88	90	95	97	
1449	7	9	13	80	81	82	83	84	84	85	88	88	90	94	
1450	51	51	52	53	54	55	59	78	80	80	81	82	84	85	86	88	90	93	96	98	
1451	49	50	59	83	86	89	98	
1458	73	75	
1462	2	
1472	15	18	46	
1473	8	15	16	18	46	70	
1474	4	10	12	14	15	16	18	20	26	44	68	
1475	10	12	14	15	16	17	19	19	21	23	24	
1476	12	15	18	20	21	22	24	25	44	71	
1477	21	23	24	57	
1478	23	25	51	52	53	53	55	88	91	93	
1479	51	56	81	82	84	85	86	87	89	91	95	
1480	10	77	79	80	81	82	84	85	87	91	
1481	78	79	80	81	82	85	88	
1482	79	79	82	84	
1483	9	78	80	81	84	
1484	53	55	78	79	81	83	85	
1485	46	52	59	80	82	85	88	93	94	
1486	46	
1488	71	
1494	10	
1499	36	
1504	79	
1505	8	13	
1506	10	13	15	16	17	21	66	
1507	8	11	14	17	18	19	21	23	27	41	65	68	71	
1508	10	11	13	14	15	17	18	19	20	21	24	27	29	71	
1509	13	15	20	21	22	24	57	
1510	22	23	23	25	88	92	
1511	52	53	54	55	56	85	86	87	89	91	93	95	
1512	52	54	78	82	83	84	85	86	87	89	90	91	96	
1513	79	80	81	82	83	85	89	94	
1514	79	80	84	92	
1515	79	85	
1516	78	81	
1517	5	46	49	81	
1518	4	8	13	20	56	61	80	95	
1519	46	48	51	79	
1520	18	
1523	46	
1527	79	
1533	22	
1538	11	18	44	
1539	8	11	14	16	18	24	27	46	69	
1540	9	11	12	13	15	16	17	18	19	20	21	68	69	
1541	12	14	15	19	20	21	23	23	24	28	
1542	21	22	24	56	
1543	23	87	88	90	91	
1544	52	53	55	82	82	85	86	86	88	89	90	92	94	96	
1545	53	78	81	82	83	84	85	86	87	88	90	96	101	
1546	55	79	79	80	81	82	84	85	87	88	92	97	
1547	78	80	82	83	86	88	
1548	18	81	84	
1550	14	17	18	26	43	48	
1551	17	18	20	42	47	56	69	
1552	19	21	39	44	47	49	53	57	58	68	
1553	1	22	27	42	44	46	49	50	69	
1554	46	48	
1557	32	59	
1565	56	
1570	16	
1571	10	68	
1572	9	12	15	16	18	19	21	44	
1573	10	11	13	13	14	16	17	19	20	22	26	70	
1574	8	11	12	15	17	18	19	20	21	23	24	28	
1575	20	22	23	23	25	88	92	93	
1576	53	53	86	87	89	92	95	
1577	55	81	81	82	83	84	86	87	89	90	94	97	101	
1578	77	78	79	79	80	81	82	83	84	85	87	90	99	
1579	79	80	81	82	83	86	89	
1580	79	81	84	
1581	80	
1583	7	11	15	18	19	21	
1584	13	15	16	17	17	19	20	22	34	44	68	
1585	18	19	20	21	22	23	25	28	45	49	53	56	57	59	64	68	68	
1586	5	21	23	25	44	45	48	50	51	52	55	56	59	
1587	22	41	43	44	45	46	47	48	49	50	51	54	63	
1588	51	
1592	56	57	57	
1602	39	
1603	18	40	99	
1604	7	10	16	19	29	56	66	
1605	10	12	14	15	17	19	20	43	44	67	70	
1606	10	12	14	15	16	17	19	20	23	24	
1607	8	12	15	20	21	22	24	28	56	
1608	23	25	51	53	54	87	90	92	
1609	52	55	56	82	86	87	88	89	90	91	96	
1610	54	78	80	81	81	82	83	84	85	86	88	88	91	97	
1611	78	78	79	80	82	84	88	97	
1612	79	82	84	
1613	81	
1614	85	
1615	16	19	
1616	9	12	14	16	20	67	
1617	10	12	13	14	15	16	17	18	19	22	24	
1618	11	12	15	16	17	18	19	20	21	22	24	70	
1619	22	23	25	52	55	57	58	88	
1620	24	52	52	53	55	56	62	85	87	88	91	93	96	
1621	47	50	52	54	59	83	87	91	96	
1635	17	29	
1636	8	15	17	20	41	45	47	66	71	
1637	9	14	18	19	41	45	46	
1638	10	12	14	16	18	19	19	21	24	41	67	69	
1639	5	11	13	14	15	16	18	19	19	20	21	23	28	
1640	15	20	22	23	25	61	
1641	22	25	51	52	54	58	87	91	96	
1642	51	54	56	58	82	82	85	86	87	88	90	92	94	98	
1643	77	78	79	80	81	82	83	84	85	87	89	93	94	
1644	79	80	81	84	91	
1645	80	
1646	79	
1647	82	
1649	8	12	13	17	18	21	25	26	
1650	9	11	14	15	16	19	21	23	70	
1651	12	15	19	20	22	23	25	57	69	
1652	22	23	25	51	52	54	87	91	
1653	81	82	82	84	85	86	87	89	90	91	93	96	
1654	52	78	80	81	82	83	85	86	88	91	96	
1655	47	54	56	80	81	85	
1656	45	53	
1657	61	
1658	31	
1663	85	86	86	
1667	33	
1668	14	
1669	15	17	19	26	
1670	10	15	16	16	17	18	19	20	23	23	28	29	42	69	
1671	11	14	15	17	19	20	22	24	44	65	68	74	
1672	8	11	12	14	15	19	19	21	22	24	25	27	57	69	
1673	21	23	24	25	52	57	
1674	25	52	53	55	83	88	90	91	97	
1675	51	53	55	81	82	85	86	88	89	90	92	93	97	
1676	77	79	81	82	84	85	88	91	
1677	79	81	86	
1678	80	84	
1682	11	15	17	20	
1683	6	9	11	13	14	15	16	18	18	19	20	27	70	
1684	4	6	12	17	19	20	21	24	60	73	
1685	21	22	25	47	48	51	52	54	92	
1686	51	81	81	82	85	86	88	90	94	97	
1687	77	78	79	80	81	82	83	85	95	100	
1688	55	61	79	80	81	85	
1689	18	45	46	47	50	79	
1690	43	46	
1702	8	11	14	
1703	6	10	11	12	13	14	15	16	18	18	19	21	
1704	13	13	15	17	18	19	20	21	24	26	68	
1705	22	23	24	25	92	
1706	24	53	57	83	86	87	90	91	97	
1707	51	52	54	56	82	85	86	87	88	88	89	90	91	93	94	96	98	
1708	54	78	81	82	84	85	86	89	91	93	96	
1709	53	77	78	79	80	81	83	84	86	91	
1710	78	80	85	90	
1711	81	
1712	84	
1715	9	
1716	9	11	12	13	15	18	20	24	68	
1717	12	15	16	17	18	19	20	24	56	58	59	
1718	17	21	23	24	46	47	51	52	54	55	56	60	
1719	23	43	48	48	50	52	54	
1720	79	80	82	84	88	
1721	14	79	88	
1722	8	16	17	19	21	55	56	59	70	
1723	23	24	42	44	46	47	48	48	49	51	55	63	70	
1730	81	
1736	8	10	
1737	6	9	10	10	10	11	12	14	15	17	22	23	
1738	18	86	87	90	92	96	
1739	82	86	86	88	89	91	94	97	
1740	77	78	80	81	82	84	85	87	88	90	94	
1741	77	80	81	81	82	83	84	89	91	
1742	78	79	80	81	83	85	92	93	
1743	78	80	83	90	
1745	82	
1749	10	14	17	
1750	7	9	11	12	13	14	15	17	19	22	25	28	57	
1751	12	16	17	19	19	20	22	23	25	52	53	56	57	58	61	69	
1752	18	21	22	25	41	46	47	49	50	51	52	54	56	58	60	
1753	31	38	40	43	43	44	45	46	47	48	49	53	60	83	
1754	10	45	47	48	50	81	
1755	9	11	14	18	20	26	44	68	
1756	3	6	13	15	17	19	20	21	24	26	37	48	51	52	54	55	56	57	59	62	
1757	18	21	22	24	44	45	46	47	49	50	50	52	54	
1758	45	
1761	74	
1763	77	
1770	12	13	
1771	4	6	
1772	80	81	82	84	85	88	89	95	
1773	78	79	80	80	82	84	85	87	90	93	97	
1774	77	79	80	82	101	
1775	78	79	81	84	89	
1776	80	83	89	
1782	14	
1783	10	14	
1784	4	8	9	10	12	13	14	14	15	16	19	24	
1785	13	15	16	17	18	19	20	21	24	28	52	52	57	59	61	
1786	22	23	50	50	51	52	54	55	56	59	63	88	92	
1787	32	45	48	49	50	54	59	
1788	23	44	45	50	65	68	
1789	10	13	14	15	20	24	27	44	57	64	73	
1790	13	22	24	28	51	52	52	54	55	56	58	59	61	93	
1791	42	44	45	47	49	50	51	52	53	55	61	87	
1792	45	48	59	
1796	94	
1804	78	
1805	93	
1806	78	80	82	85	97	
1807	79	80	86	
1808	101	
1809	90	
1812	12	
1817	8	9	13	
1818	5	7	9	10	11	12	14	14	21	23	
1819	7	12	13	15	15	18	20	82	85	86	89	91	95	98	
1820	55	82	86	87	89	90	91	93	96	
1821	82	82	85	86	87	89	90	91	94	96	
1822	87	91	92	96	
1823	86	86	88	90	92	95	97	
1824	52	53	54	55	58	82	83	85	86	87	89	90	92	96	
1825	53	54	58	82	82	84	85	86	87	88	90	92	94	97	
1826	91	
1842	86	96	
1843	54	
1844	96	
1851	11	14	
1852	5	6	8	11	15	97	
1853	13	80	81	82	84	86	88	90	94	
1854	78	79	80	81	82	83	84	86	89	91	95	99	
1855	7	11	77	78	79	80	81	82	83	84	85	89	95	99	
1856	79	80	81	84	85	87	89	91	95	
1857	80	81	83	83	84	86	90	96	
1858	78	79	80	81	82	84	87	89	
1859	77	78	79	80	81	83	84	87	89	
1860	81	86	
1886	88	
1887	82	86	
1888	79	80	81	84	91	
1889	79	80	84	88	
1890	79	80	82	83	92	
1891	78	79	81	
1892	79	82	
1893	79	81	86	87	
1894	93	
1911	63	
1912	54	
1914	12	
1915	17	
1918	4	
1923	7	
1937	71	
1946	89	
1957	58	
1959	84	
1977	82	
1983	47	
1993	101	
2000	67	
2008	36	
2018	73	
2028	94	
2047	62	
2060	7	
2079	60	
2080	93	
2103	26	
2104	86	
2126	16	
2131	98	
2147	19	
2161	16	
2166	40	
2170	91	
2180	11	
2227	14	
2246	14	
