48	59	60	
114	88	92	
115	91	93	98	
116	88	91	92	96	
117	87	88	91	95	
118	77	78	91	92	97	
119	92	
145	87	91	92	98	
146	46	88	90	91	96	
147	87	89	90	92	95	
148	85	86	87	89	91	95	
149	46	47	82	85	86	87	89	90	91	96	
150	39	46	47	81	82	84	85	86	87	89	90	95	100	
151	7	13	13	46	82	83	84	86	87	89	90	93	98	
152	8	8	13	46	78	79	81	82	85	87	89	90	90	91	92	94	
153	14	83	85	86	88	89	90	91	94	
154	17	83	86	87	90	91	95	
155	87	91	96	
177	91	93	96	
178	46	87	90	91	94	96	
179	46	82	83	86	87	88	90	95	
180	17	39	47	57	81	84	85	87	89	93	100	
181	18	18	31	42	45	46	48	49	52	61	71	81	82	85	88	98	
182	16	19	45	48	50	52	57	58	60	67	68	81	82	84	85	98	
183	19	21	26	44	50	51	54	56	59	61	66	71	80	81	83	84	
184	19	20	27	44	49	50	52	57	59	61	70	79	80	84	
185	15	21	27	45	49	50	52	56	60	68	68	79	80	84	100	
186	21	26	29	38	44	45	48	50	51	56	60	72	80	81	83	84	99	
187	9	15	21	45	49	56	68	72	81	82	84	98	
188	9	12	13	44	46	47	48	50	69	80	82	84	88	98	102	
189	15	44	46	81	82	85	86	89	90	93	
190	13	86	87	89	91	92	93	96	
191	16	87	92	
208	57	
210	53	87	89	91	94	98	
211	16	46	53	82	86	87	89	90	92	96	
212	16	19	48	51	80	82	84	85	88	102	
213	7	11	13	15	17	18	20	27	44	69	79	81	
214	18	20	21	23	43	51	65	83	
215	12	21	26	63	80	
216	21	23	24	79	
217	22	24	
218	23	23	24	55	
219	6	24	55	62	
220	23	23	50	52	54	61	
221	24	31	52	54	57	58	58	60	
222	24	50	51	52	53	56	67	79	
223	4	10	14	27	43	45	47	48	49	80	85	98	
224	6	9	12	15	47	48	69	80	81	84	86	89	
225	13	14	48	83	85	87	89	90	95	
226	16	91	96	
227	17	
241	57	
242	53	54	56	60	
243	51	53	55	60	82	88	92	95	
244	8	41	45	49	81	82	84	86	88	94	
245	8	11	12	14	16	17	19	46	72	79	80	83	85	89	
246	12	15	20	21	26	80	
247	12	15	20	21	23	25	27	
248	23	25	
250	22	
253	5	
255	55	
256	52	53	55	58	59	61	
257	4	52	53	55	56	57	59	61	
258	9	48	50	51	53	72	
259	10	14	43	45	47	48	49	81	82	84	
260	8	11	12	15	18	81	83	85	86	88	89	91	93	98	
261	17	20	88	
262	18	
274	56	
275	48	55	61	
276	53	54	88	89	91	95	
277	18	51	65	67	83	84	
278	7	11	15	16	19	44	79	
279	21	24	25	
280	22	24	
291	53	55	57	62	
292	52	52	54	55	56	59	61	
293	8	45	47	48	50	50	51	53	76	
294	7	10	11	14	15	80	82	85	
295	12	15	16	19	20	82	87	91	94	98	
296	16	17	22	
308	53	59	
309	52	55	58	65	
310	12	13	30	44	72	82	84	
311	15	18	20	70	
312	22	23	25	
313	24	
326	55	56	59	61	
327	36	50	51	52	53	54	
328	8	10	14	45	46	47	48	49	
329	12	15	16	82	85	87	89	92	94	
330	16	17	18	20	
343	64	
344	15	24	
360	53	55	56	57	58	61	
361	50	51	52	53	54	54	55	56	60	
362	8	10	13	44	46	47	49	50	51	
363	6	11	12	14	15	19	82	85	92	
364	16	17	17	18	19	20	21	23	
394	57	61	
395	33	51	52	54	54	55	58	60	
396	8	45	47	48	50	51	53	
397	7	10	11	12	13	14	15	
398	16	17	19	20	22	25	
405	73	
428	56	58	
429	54	55	56	60	
430	9	47	49	50	51	53	
431	5	7	9	11	12	13	14	15	
432	16	17	18	19	20	24	
439	73	
458	92	98	
459	87	88	90	91	93	96	
460	91	93	96	
461	16	46	86	88	90	92	95	
462	58	90	92	97	
463	52	55	56	61	
464	10	50	51	
465	4	6	8	10	11	12	14	15	16	
466	15	16	17	18	18	19	20	22	
467	23	
490	92	
491	87	89	91	97	
492	41	46	82	84	85	87	88	88	90	91	93	94	96	
493	9	16	17	18	37	42	46	82	83	84	85	89	99	
494	12	45	47	49	66	81	83	83	85	87	89	99	
495	11	48	49	66	82	83	85	100	
496	7	27	45	56	58	59	81	84	88	101	
497	46	47	49	52	53	54	54	87	89	94	
498	9	13	46	49	85	88	89	92	95	100	
499	6	8	10	11	12	14	15	16	17	
500	16	17	18	19	19	20	21	24	26	
521	56	
522	57	60	
523	55	87	90	92	96	
524	41	53	83	85	86	88	89	94	101	
525	16	46	50	81	82	83	85	86	89	94	
526	12	13	15	16	18	19	26	44	48	68	80	82	83	85	
527	12	18	19	20	21	26	79	
528	21	22	24	52	55	
529	22	24	57	58	61	
530	50	51	52	54	56	57	58	60	
531	48	50	50	51	53	54	55	81	83	100	
532	8	9	11	13	48	49	81	83	85	
533	6	10	11	12	14	15	16	16	18	19	
534	3	17	19	20	21	23	
536	26	26	
550	74	
554	48	
555	53	57	58	
556	54	88	90	92	95	
557	32	54	81	82	86	87	89	
558	14	17	19	45	68	85	88	103	
559	15	17	19	20	72	79	
560	20	22	24	27	74	
561	22	
562	24	
563	58	62	
564	51	52	55	56	59	61	
565	49	50	51	53	54	63	
566	8	10	12	13	14	50	
567	6	12	14	15	16	17	19	20	21	24	27	
568	20	21	22	24	
587	43	44	45	56	
588	58	
589	49	51	53	88	91	96	
590	81	82	84	86	89	94	98	
591	12	14	15	16	17	18	20	26	72	80	84	
592	15	20	23	23	26	
593	21	24	
597	56	57	62	
598	52	54	55	58	
599	33	50	51	53	63	88	93	
600	4	7	9	10	11	13	14	16	
601	12	15	16	17	18	18	19	20	22	23	28	74	
602	22	
606	15	15	
621	56	57	58	60	
622	47	51	52	54	55	
623	46	48	50	82	84	86	91	94	
624	11	12	14	18	72	80	83	84	
625	13	15	17	19	20	104	
626	18	22	23	23	88	89	
630	56	
631	53	57	59	
632	51	53	54	93	
633	8	10	14	83	85	87	89	101	
634	4	11	12	15	16	19	20	26	
635	18	21	23	25	
636	23	
642	3	
643	104	
655	56	57	58	60	62	
656	46	47	51	52	53	54	
657	10	13	49	83	85	88	
658	8	12	14	15	16	17	19	20	26	
659	18	20	22	23	25	
663	56	
664	56	60	
665	52	53	54	55	59	93	
666	9	67	86	89	91	96	99	
667	6	10	12	14	14	15	16	72	81	84	100	
668	5	13	14	15	17	18	20	21	23	26	
669	21	25	
689	53	56	58	60	
690	48	50	51	54	55	91	
691	9	10	12	14	15	50	97	
692	12	16	17	18	19	23	
693	22	
696	57	
698	52	54	59	93	
699	46	54	86	87	89	90	95	
700	9	11	14	17	19	79	81	83	84	86	88	94	
701	12	14	15	17	19	20	24	26	
702	20	21	22	23	
722	58	62	
723	52	53	55	56	57	59	62	
724	47	50	51	54	98	
725	5	7	9	10	11	13	14	45	46	48	49	
726	18	20	24	
730	93	
731	60	87	88	89	91	95	
732	40	46	48	53	66	82	85	86	89	90	95	100	
733	8	10	14	16	17	20	26	70	80	82	83	84	88	
734	5	13	14	15	16	18	20	21	26	45	71	74	
735	21	23	24	
757	35	55	57	57	60	63	
758	38	52	53	54	55	56	60	
759	5	10	13	45	47	49	51	72	
760	8	9	11	13	15	45	46	48	49	71	82	89	93	
761	86	90	96	
762	57	87	91	96	
763	38	42	58	66	86	91	94	
764	46	48	55	85	89	100	
765	13	16	41	45	49	69	81	82	85	89	94	99	
766	10	14	18	19	20	50	69	72	79	81	83	
767	13	14	17	19	20	22	23	69	80	103	
768	21	22	25	
792	55	56	58	59	60	
793	51	53	55	57	65	
794	4	25	37	49	51	53	56	58	67	
795	22	28	45	49	51	56	81	84	
796	16	22	45	49	70	81	83	85	95	
797	18	19	21	26	45	49	61	70	80	82	83	85	88	
798	13	15	20	63	72	80	83	
799	11	14	18	21	24	80	83	
800	5	15	20	22	23	24	
801	24	
829	64	
830	11	23	24	65	
831	21	23	
832	25	
833	23	
920	94	
1168	56	
1171	69	
1173	62	
1179	89	
1180	77	
1183	5	65	
1189	1	
1204	62	
1215	37	
1235	46	56	
1236	47	
1237	46	
1238	43	46	
1239	50	
1240	45	46	48	
1241	47	
1243	10	
1261	74	
1262	40	
1263	26	
1264	1	16	
1266	47	
1267	68	
1268	33	38	47	
1269	17	19	47	
1270	16	19	39	48	56	80	
1271	16	20	25	42	47	53	55	58	60	65	67	69	
1272	18	20	26	43	48	49	52	56	61	
1273	21	45	46	47	49	50	56	59	
1274	22	27	44	47	49	51	55	57	59	67	71	76	76	76	76	
1275	46	48	50	
1276	43	44	46	51	59	
1277	8	46	49	
1278	53	
1289	5	
1291	72	
1300	17	20	26	46	48	
1301	17	20	24	44	47	51	56	68	
1302	14	16	18	19	20	27	45	50	64	
1303	17	19	21	26	26	65	71	
1304	18	18	20	22	45	63	73	
1305	21	23	25	
1306	21	23	24	34	51	60	63	
1307	25	52	54	61	64	
1308	23	24	51	55	56	58	60	93	
1309	24	27	50	52	54	58	65	
1310	27	45	51	53	55	56	59	62	64	
1311	44	47	49	51	56	58	
1312	45	46	48	50	
1313	48	50	
1319	12	
1328	15	
1331	22	
1332	41	
1333	9	12	15	16	18	18	20	24	68	
1334	1	15	17	20	22	26	70	
1335	15	23	25	27	73	
1336	23	24	
1338	24	93	
1339	87	90	92	
1340	88	90	91	95	97	
1341	87	89	91	92	96	98	
1342	92	94	97	
1343	91	98	
1344	16	58	59	62	73	92	
1345	25	31	51	52	54	56	57	60	74	
1346	30	45	50	51	56	
1347	45	47	49	
1348	29	45	49	
1349	14	48	64	
1358	72	
1365	13	14	17	19	
1366	11	15	16	18	19	20	27	70	
1367	13	18	20	22	24	
1368	23	24	93	
1369	88	92	96	
1370	89	91	94	
1371	86	87	92	93	97	
1372	82	85	87	90	92	98	99	
1373	81	83	85	86	88	90	96	99	
1374	9	81	82	83	84	87	89	93	
1375	80	82	84	86	88	91	
1376	11	81	82	86	88	90	93	95	
1377	81	82	85	86	89	91	93	
1378	12	83	86	89	92	96	
1379	87	92	96	
1380	17	32	55	58	59	61	63	93	
1381	52	54	57	60	
1382	28	44	45	47	48	49	51	54	56	69	
1383	45	46	50	
1385	87	
1397	15	40	
1398	10	15	17	18	
1399	10	12	13	15	21	24	73	
1400	15	21	57	
1401	88	91	97	
1402	83	87	91	97	
1403	81	82	85	86	88	89	95	99	
1404	81	85	88	91	98	
1405	79	81	83	85	88	89	
1406	80	83	83	87	
1407	80	83	85	89	
1408	79	84	
1409	82	84	89	
1410	79	83	84	
1411	11	79	80	84	89	
1412	8	12	14	80	83	85	89	
1413	10	15	16	81	86	89	97	99	
1414	13	17	20	34	83	87	92	96	
1415	17	55	56	57	59	62	
1416	17	50	51	54	57	58	
1417	46	49	51	56	
1418	48	
1419	51	
1420	21	
1422	97	
1426	4	
1431	11	15	19	
1432	12	22	
1433	21	
1434	87	90	92	
1435	81	82	84	86	89	93	
1436	80	84	86	90	93	
1437	80	84	
1438	83	
1439	86	
1440	94	
1444	95	
1445	85	85	
1447	10	81	83	89	
1448	9	12	13	80	86	91	97	
1449	7	12	81	85	87	90	96	
1450	16	18	51	52	54	55	56	58	62	63	
1451	44	47	50	51	87	
1452	46	48	50	53	
1455	12	
1456	57	89	
1459	93	
1464	9	14	
1465	15	23	
1467	92	
1468	83	84	87	91	99	
1469	79	82	84	91	94	101	
1470	83	
1471	86	
1474	86	
1478	22	
1479	26	
1481	8	
1482	5	8	10	20	82	83	
1483	11	12	14	15	16	19	23	28	58	80	83	86	90	96	
1484	17	19	20	53	54	55	56	58	59	61	82	91	
1485	46	47	48	49	50	52	54	
1486	46	49	60	
1490	68	
1491	69	
1500	83	91	
1501	86	88	98	
1502	87	
1503	90	
1506	101	
1513	26	
1514	26	
1516	12	
1517	5	7	9	11	13	13	14	20	83	
1518	16	17	18	20	55	56	57	59	61	87	89	
1519	23	48	50	51	52	54	55	56	
1520	48	49	50	60	
1521	54	
1526	69	
1527	83	
1529	7	
1532	15	
1534	80	87	89	102	
1535	84	
1536	84	
1543	89	
1544	100	
1548	15	41	46	
1549	48	
1551	3	7	8	10	11	13	14	15	
1552	13	16	17	18	20	55	59	61	
1553	17	23	47	51	52	55	56	58	
1554	47	48	50	53	65	
1556	48	
1558	13	
1559	97	
1560	3	66	66	
1569	85	
1572	49	
1579	46	
1580	16	20	43	
1581	47	51	
1582	48	59	
1583	21	29	47	
1584	47	49	
1585	7	10	11	15	
1586	7	12	13	16	17	18	20	25	56	57	59	61	89	98	
1587	21	47	48	51	52	53	54	57	59	
1588	47	49	51	55	56	
1594	65	
1595	11	
1598	2	
1601	81	
1611	14	41	47	
1612	16	30	46	
1613	17	19	25	40	
1614	16	17	18	21	23	45	46	50	57	
1615	20	28	45	49	60	64	68	69	
1616	20	22	24	27	29	45	50	55	57	58	
1617	49	51	53	56	59	63	
1618	21	26	50	
1619	7	9	11	14	15	21	24	41	45	48	73	
1620	13	15	16	17	19	21	25	57	58	59	61	
1621	20	22	47	48	51	53	54	55	58	62	
1622	18	45	49	51	59	
1623	50	
1626	32	
1637	80	
1643	28	
1644	11	24	
1645	13	
1646	6	17	19	20	
1647	7	11	13	15	17	18	20	22	26	71	
1648	17	21	22	25	
1650	55	93	
1652	73	
1653	6	10	12	14	16	18	25	
1654	12	16	20	22	25	53	57	59	60	63	
1655	23	47	48	50	51	52	54	55	
1656	50	55	59	67	
1658	38	
1659	76	
1676	23	
1677	41	
1678	11	16	18	21	
1679	6	12	14	15	19	
1680	7	9	12	15	20	21	
1682	25	54	91	92	97	
1683	90	92	95	
1684	83	86	89	91	97	97	102	
1685	82	86	88	91	97	101	
1686	11	13	82	
1687	6	12	14	16	20	25	57	
1688	20	25	54	55	56	58	61	
1689	46	51	54	55	56	96	
1690	49	53	
1692	52	56	
1703	6	
1704	74	
1706	14	29	103	
1710	88	
1711	13	14	17	21	25	40	
1712	6	9	12	14	18	18	19	28	70	
1713	21	22	24	
1714	25	80	81	93	
1715	87	89	91	96	
1716	82	85	86	89	90	94	100	
1717	81	83	84	86	89	
1718	41	79	81	85	88	
1719	81	85	89	
1720	11	14	17	17	19	81	84	89	94	102	
1721	6	8	11	12	14	15	16	18	
1722	17	21	52	54	55	57	58	61	
1723	49	51	54	87	89	91	93	
1724	51	54	89	95	99	
1725	68	
1728	16	16	
1731	94	94	96	
1739	45	
1742	59	
1744	8	12	16	21	
1745	10	12	15	16	18	18	20	24	26	
1746	21	25	56	59	
1747	50	53	54	93	
1748	85	87	88	91	97	
1749	80	83	85	89	
1750	78	80	83	84	89	
1751	86	94	
1754	10	12	17	17	
1755	12	13	15	16	16	18	20	23	24	58	61	83	
1756	22	50	51	53	54	62	
1757	49	53	53	82	84	87	90	98	
1758	91	
1769	38	
1775	34	
1777	26	26	
1778	8	8	10	12	14	
1779	3	13	16	18	19	21	52	57	60	
1780	23	47	52	53	62	
1781	50	55	87	89	93	
1782	81	83	86	
1783	79	89	
1784	102	
1786	20	
1787	10	14	18	
1788	7	10	12	13	15	16	18	20	57	70	
1789	20	22	24	57	58	
1790	50	53	53	55	86	88	90	96	
1791	79	82	85	90	95	
1792	89	
1798	4	5	
1804	21	
1807	58	
1811	8	15	18	24	25	
1812	4	6	11	12	14	15	19	58	
1813	20	23	23	52	57	63	
1814	50	52	53	86	88	90	95	
1815	51	79	82	84	90	
1816	84	
1817	12	60	
1820	10	16	
1821	10	12	14	15	17	19	20	20	45	
1822	8	13	19	20	22	24	58	58	
1823	22	52	54	55	56	73	
1824	54	81	83	85	87	91	95	
1825	82	86	90	
1845	9	
1846	7	11	12	14	15	16	19	56	57	
1847	2	18	20	52	55	57	
1848	45	46	48	49	50	54	81	86	
1849	46	88	
1851	42	47	
1853	9	17	19	46	70	
1854	10	12	14	17	19	20	24	45	71	
1855	12	15	19	20	25	58	70	
1856	23	25	51	52	55	56	63	
1857	86	89	91	94	
1858	54	80	83	86	92	
1861	37	
1862	86	
1870	94	
1873	15	
1877	55	
1878	9	
1879	8	11	15	16	
1880	5	6	11	12	14	16	62	
1881	16	18	20	22	25	51	52	54	57	60	
1882	50	51	54	56	59	65	84	
1883	27	44	48	49	51	57	
1884	19	41	45	47	51	65	70	
1885	19	52	68	72	
1886	9	14	16	18	21	45	
1887	11	15	19	20	24	26	
1888	20	22	24	27	58	
1889	22	23	53	55	92	
1890	85	87	91	97	
1891	80	82	84	86	88	95	
1892	53	84	
1900	65	78	
1902	79	86	
1913	8	12	
1914	6	10	11	12	14	19	23	
1915	16	82	87	93	98	
1916	18	53	61	63	
1917	29	
1918	24	55	64	
1919	13	15	21	24	
1920	23	
1921	23	73	
1922	93	
1923	55	82	85	86	90	92	94	
1924	80	81	84	87	89	96	
1925	81	85	96	
1928	21	
1941	62	
1946	5	18	
1947	13	
1948	6	9	14	
1949	2	11	81	84	88	90	
1950	83	87	91	94	
1953	92	
1954	93	
1955	86	92	94	102	
1956	81	84	87	89	92	99	
1957	79	81	84	86	89	101	
1958	59	79	92	
1960	9	89	
1967	81	
1973	8	
1981	5	
1982	15	
1983	82	84	98	
1984	12	16	80	81	84	90	99	
1985	83	86	94	
1986	86	92	98	
1987	82	86	92	
1988	81	84	89	93	102	
1989	81	86	88	100	
1990	81	83	101	
1991	84	
1993	2	57	80	
1997	18	
2016	77	
2018	84	
2019	81	88	97	
2020	80	86	89	
2021	80	85	89	99	
2022	81	83	
2023	84	
2024	86	
2046	30	
2048	8	
2050	100	
2054	85	
2059	3	
2075	28	
2081	10	
2109	28	
2114	31	
2119	9	
2148	12	
2149	41	
2154	40	
2166	90	
2178	26	
2203	89	99	
2218	11	
2220	10	
2222	8	
2229	1	
2258	6	
