48	58	
146	29	
152	88	
216	88	
217	88	92	
218	87	91	
219	7	87	93	
220	92	100	
221	91	93	
222	91	
223	93	
244	87	92	
245	87	90	92	97	
246	86	87	90	91	93	95	
247	83	86	88	89	90	92	94	97	
248	86	87	89	90	92	94	98	
249	82	85	86	88	89	90	93	96	
250	81	82	83	84	85	86	88	89	90	93	96	
251	82	84	86	87	89	90	94	98	
252	36	82	83	84	85	87	88	90	93	97	98	
253	9	82	85	86	89	90	97	
254	10	82	83	85	86	88	90	93	94	97	
255	9	81	82	84	86	88	90	98	
256	82	84	85	86	88	88	90	91	93	98	
257	82	85	86	88	89	91	93	96	
258	87	92	
277	86	87	89	91	93	93	97	
278	82	85	86	87	89	90	92	95	
279	82	83	84	85	86	87	88	89	91	94	
280	81	81	82	84	85	86	88	90	95	
281	80	81	82	83	84	85	86	89	94	
282	41	79	80	81	82	83	84	85	88	93	
283	16	17	36	39	41	48	68	79	80	81	83	85	
284	17	19	41	47	67	80	81	84	100	
285	17	20	41	43	47	58	80	81	83	85	
286	18	20	29	38	41	43	47	80	81	
287	19	42	47	57	58	70	80	83	
288	36	40	42	43	46	69	80	81	
289	37	41	46	47	48	79	80	83	
290	6	8	11	14	80	81	82	83	
291	10	11	15	80	80	81	82	83	84	89	
292	13	13	15	81	82	83	84	85	86	88	90	91	94	
293	16	83	85	86	88	89	90	92	93	
294	16	
308	56	
309	47	51	56	60	
310	42	45	47	50	
311	40	66	80	81	83	84	85	88	
312	39	42	46	51	53	57	60	66	81	82	83	83	84	85	88	
313	16	19	40	42	46	47	56	57	80	81	84	99	
314	16	17	18	20	27	40	42	43	43	47	48	48	67	78	79	80	84	
315	8	17	19	20	26	28	40	42	43	44	46	48	79	80	
316	11	13	14	15	17	18	19	20	42	47	64	79	80	
317	14	17	18	19	20	22	28	43	45	47	59	64	69	
318	15	20	21	23	25	35	45	48	49	53	
319	19	22	24	44	60	65	
320	20	22	24	45	52	54	58	60	
321	22	43	45	49	55	58	
322	22	23	24	43	45	48	50	52	53	54	57	60	65	
323	22	24	34	42	45	47	48	49	50	52	53	56	57	59	
324	23	42	43	43	44	45	46	47	49	67	
325	4	31	41	42	46	48	67	79	
326	5	7	8	10	12	13	80	82	84	
327	10	12	14	81	82	84	86	89	96	101	
328	13	16	18	18	82	85	86	88	89	91	94	
329	17	
342	52	56	57	62	
343	35	49	50	51	53	53	54	57	60	
344	41	43	44	45	46	47	48	49	50	51	59	
345	33	39	41	43	44	46	59	80	
346	11	14	19	22	41	43	79	
347	19	20	21	65	69	
348	17	20	20	22	23	24	26	43	44	45	48	53	63	
349	15	21	23	24	45	64	
350	22	23	24	
351	23	24	
352	22	25	
356	55	
357	52	54	58	
358	35	51	52	54	55	56	57	58	60	
359	5	24	35	43	45	48	48	49	51	54	60	
360	41	44	45	46	47	48	
361	5	6	8	10	11	14	46	
362	6	11	13	15	81	82	83	85	88	90	93	94	99	
363	16	17	19	21	88	90	
377	55	
378	50	53	63	
379	25	45	64	
380	24	44	
381	22	23	25	
391	93	
392	92	
393	51	52	54	55	56	59	88	
394	47	50	50	53	
395	8	48	
396	2	7	10	11	12	14	15	81	83	87	
397	13	15	16	18	19	82	85	92	94	99	
398	17	22	
425	86	87	90	92	96	
426	82	83	85	87	88	90	91	95	
427	55	57	82	82	84	85	89	93	
428	35	43	46	47	51	53	59	82	93	
429	40	45	46	47	49	50	
430	4	7	9	10	11	14	82	85	
431	6	12	13	14	15	16	18	20	81	84	87	91	
432	13	16	17	19	20	
439	75	75	76	
456	57	
457	51	53	55	88	92	97	
458	83	87	88	88	90	91	95	
459	38	54	66	80	81	82	83	84	85	86	89	90	93	98	
460	9	16	42	67	80	81	82	84	86	88	
461	12	14	17	18	18	26	47	53	56	57	62	79	80	83	99	
462	17	19	20	21	27	37	42	47	50	51	52	54	55	56	59	
463	23	43	44	45	46	47	48	48	49	50	
464	4	6	9	10	14	44	
465	8	11	12	13	14	15	16	70	81	
466	16	17	18	19	20	21	23	24	
489	60	
490	50	52	54	56	87	91	
491	49	51	54	82	85	87	88	89	91	94	
492	43	80	81	82	84	85	86	88	89	90	92	93	101	
493	8	10	14	16	18	41	71	80	81	84	
494	9	12	13	14	15	17	17	18	19	20	45	73	80	
495	12	15	20	21	22	24	57	
496	22	50	51	52	53	53	54	55	58	61	
497	23	44	45	46	47	48	49	50	
498	9	10	13	43	
499	5	7	11	12	14	15	18	24	
500	15	17	17	18	19	20	22	23	
521	56	
522	57	60	
523	47	49	50	52	54	55	56	62	
524	48	48	49	51	53	81	84	86	88	89	91	94	
525	80	82	83	84	85	87	89	91	94	
526	8	10	12	14	16	18	41	70	80	81	83	85	
527	10	12	13	14	15	15	16	17	17	18	19	19	20	
528	3	17	20	20	21	24	
529	22	23	57	
530	48	52	52	53	54	55	56	59	
531	45	46	47	48	49	49	
532	4	6	8	10	43	
533	4	7	11	12	13	14	15	19	
534	16	17	18	20	21	34	35	35	
535	22	
555	56	57	
556	51	52	53	54	55	56	58	60	
557	45	46	47	48	48	49	50	51	52	54	
558	45	49	82	83	85	90	
559	9	11	14	79	80	82	83	
560	6	8	10	11	12	13	13	14	15	15	16	16	17	18	19	20	68	
561	17	19	20	21	22	24	25	
562	22	24	
563	57	
564	48	50	51	52	52	54	55	59	
565	42	46	47	48	49	
566	10	14	44	
567	6	8	10	12	13	14	15	15	16	19	
568	2	13	17	18	19	20	21	
589	53	56	57	
590	34	51	52	52	53	54	54	55	56	59	61	
591	43	44	46	47	47	48	49	49	50	51	54	
592	9	44	49	79	84	89	
593	7	8	10	11	12	14	14	15	16	
594	12	13	13	14	15	16	17	17	19	19	20	24	
595	18	20	21	22	23	23	
597	57	
598	52	52	53	54	55	59	60	
599	46	47	48	49	49	50	53	
600	9	43	
601	8	11	12	13	14	15	16	19	
602	16	17	17	18	19	21	23	
603	23	
609	100	100	101	
620	29	
621	26	27	
623	53	55	56	57	
624	48	50	51	52	52	53	54	54	55	56	59	61	
625	33	42	44	46	47	48	49	49	50	50	51	54	
626	9	44	45	49	91	
627	5	6	8	10	11	12	13	13	14	15	73	
628	12	15	16	17	17	19	20	21	23	
629	17	18	20	22	
631	57	
632	52	52	53	54	55	58	
633	45	47	48	49	50	53	90	
634	9	10	90	
635	5	7	11	12	13	14	15	16	18	
636	13	17	17	18	19	20	22	25	
657	57	
658	35	37	48	51	52	53	53	54	54	55	56	57	59	60	
659	42	46	47	47	48	48	49	50	50	53	
660	9	41	43	44	47	49	
661	6	8	9	10	11	11	12	13	14	15	
662	12	13	15	15	16	17	18	19	20	22	23	
663	17	20	21	
665	56	
666	51	52	53	53	54	55	58	
667	48	49	50	83	85	87	89	92	94	
668	9	9	11	81	84	88	
669	7	11	12	12	13	14	15	16	16	19	
670	17	18	19	20	22	24	
691	57	
692	52	52	55	55	56	57	60	
693	35	36	42	47	48	49	50	50	51	52	53	54	59	
694	42	44	44	45	46	46	48	49	
695	4	7	9	10	12	14	25	43	
696	7	10	12	13	14	15	16	19	82	84	86	90	94	
697	17	20	22	86	90	92	
698	92	
699	52	55	57	62	88	92	
700	50	51	53	55	82	87	90	91	95	
701	41	80	82	84	86	88	90	94	
702	3	6	9	10	11	13	14	16	27	
703	12	15	16	17	18	19	19	20	26	
704	20	21	23	25	
726	52	55	57	61	
727	51	53	53	54	55	57	59	61	
728	40	42	44	46	47	48	49	50	59	
729	4	28	37	40	42	43	44	46	48	48	
730	8	10	11	14	
731	7	11	13	23	82	83	84	86	88	98	
732	52	57	82	83	85	88	88	89	95	
733	51	54	81	82	85	86	89	91	95	
734	30	41	47	53	82	84	85	88	90	94	100	
735	6	9	10	13	14	16	42	79	80	81	83	
736	6	12	13	14	15	16	17	18	19	20	
737	1	15	18	21	21	23	24	
738	22	
761	53	55	56	
762	34	50	51	54	54	56	57	58	65	
763	42	45	46	47	48	49	50	60	65	
764	5	41	43	43	44	46	47	48	56	59	
765	21	39	42	46	67	80	83	
766	19	21	38	42	43	46	47	50	54	58	66	80	101	
767	19	39	42	43	46	48	79	83	
768	8	11	14	16	18	19	21	26	40	69	79	80	84	
769	11	13	14	15	16	19	20	21	26	43	69	
770	20	21	23	24	25	
797	51	54	
798	54	64	
799	24	54	55	59	
800	22	24	44	49	53	55	60	
801	8	24	45	
802	12	20	23	23	24	45	
803	22	24	
836	25	
1157	98	
1166	25	
1172	12	
1186	51	
1187	99	
1188	63	99	
1191	28	
1203	35	
1204	63	
1225	14	
1226	15	
1235	57	
1238	71	
1255	90	
1263	52	
1267	96	
1272	57	96	
1279	9	
1287	99	
1289	9	
1299	57	
1302	31	
1307	40	
1308	34	
1310	66	
1313	6	
1314	60	
1319	9	
1330	34	
1337	52	68	
1338	37	
1342	30	48	66	
1343	27	
1346	89	
1353	20	
1363	6	29	
1365	84	
1368	38	
1369	53	54	
1370	31	42	56	69	
1371	19	34	41	68	
1372	19	41	46	56	
1373	21	40	57	67	
1374	9	19	37	40	46	51	
1375	21	
1376	36	42	44	48	56	67	68	
1377	43	47	68	
1378	47	
1383	6	
1389	43	87	
1395	8	9	44	
1397	37	
1398	16	47	
1399	17	
1400	35	41	44	46	
1401	17	18	22	39	43	47	56	56	62	
1402	18	21	40	42	47	57	67	68	
1403	15	18	20	39	42	44	46	66	
1404	15	16	20	29	40	42	45	47	50	58	58	
1405	18	20	22	29	34	41	43	45	46	56	
1406	18	20	23	42	47	48	56	59	
1407	20	22	29	45	47	50	58	59	
1408	19	22	42	43	46	52	57	
1409	19	22	26	35	42	45	48	48	
1410	18	20	23	25	44	47	56	59	
1411	19	21	24	35	42	44	47	49	53	54	61	
1412	21	23	41	43	44	47	48	49	58	67	
1413	33	41	45	47	50	56	
1414	42	45	46	
1418	80	
1424	14	
1431	21	
1432	16	20	41	
1433	16	18	20	38	42	44	66	71	
1434	15	16	18	18	20	22	28	41	
1435	15	17	19	20	21	24	26	35	44	47	48	60	
1436	18	19	20	22	23	26	34	43	45	47	60	
1437	20	22	23	44	54	
1438	20	22	25	45	51	54	62	65	
1439	23	24	87	93	
1440	24	87	91	
1441	20	24	54	88	92	
1442	54	87	90	92	98	
1443	87	90	97	
1444	90	98	
1445	24	52	55	57	87	90	
1446	17	24	33	50	51	53	54	55	57	59	92	
1447	24	33	43	44	45	47	48	49	51	58	59	
1448	40	42	44	46	47	49	54	56	
1449	41	45	46	49	53	
1456	52	
1458	8	
1465	11	13	
1466	11	14	17	18	21	23	
1467	11	14	17	19	21	23	45	
1468	14	21	24	44	
1469	22	23	90	92	
1470	83	86	86	90	91	92	95	97	
1471	51	86	87	89	90	91	94	97	
1472	82	85	87	90	91	93	96	
1473	82	85	86	89	92	96	
1474	81	82	84	85	89	93	
1475	81	82	83	84	86	89	92	93	
1476	82	85	87	90	
1477	9	81	83	84	92	96	
1478	10	81	83	84	86	88	95	
1479	9	12	13	80	82	84	85	89	95	102	
1480	17	55	82	85	88	88	91	95	
1481	53	53	54	55	56	58	85	86	89	91	94	97	
1482	16	34	43	47	51	53	54	60	87	91	
1483	40	43	44	45	47	48	49	56	
1484	42	45	46	49	
1487	53	
1490	61	
1491	4	
1499	10	
1500	8	9	11	12	13	15	
1501	86	87	90	94	
1502	83	87	89	90	92	93	97	
1503	81	82	85	87	88	89	92	94	100	
1504	80	81	82	83	85	88	92	
1505	80	81	82	83	84	87	88	96	
1506	80	81	83	84	86	88	95	
1507	79	80	81	83	88	90	
1508	80	85	89	94	
1509	79	81	84	
1510	80	84	
1511	80	90	
1512	80	
1513	8	14	27	80	85	
1514	80	82	83	85	
1515	8	10	12	14	80	81	83	83	85	88	
1516	8	12	14	16	20	52	53	54	55	56	58	83	84	85	87	89	95	100	
1517	17	19	42	51	52	53	58	59	
1518	39	42	43	44	46	47	48	50	51	54	57	
1519	46	
1520	67	
1524	95	
1527	9	
1534	11	
1535	80	82	83	86	90	93	98	
1536	80	81	83	84	87	89	
1537	79	80	83	83	89	
1538	1	79	81	84	88	99	
1539	78	80	86	93	
1540	80	83	
1541	81	
1545	38	84	
1546	5	28	36	46	91	
1547	17	42	48	
1548	17	39	46	
1549	11	18	20	41	80	
1550	8	10	11	13	13	14	17	18	57	80	
1551	15	16	19	22	28	37	51	52	53	54	55	56	57	59	59	
1552	18	21	43	44	45	46	47	48	50	51	53	56	
1553	42	44	47	49	
1554	30	
1560	58	
1564	84	
1568	83	
1569	83	
1570	81	85	94	
1571	80	
1576	19	
1579	19	26	
1580	9	18	42	
1581	17	18	19	41	48	57	
1582	15	18	19	21	24	43	44	46	64	
1583	14	22	24	45	
1584	4	7	9	11	14	21	24	57	
1585	7	13	15	21	53	55	56	57	59	86	
1586	16	17	22	42	47	48	49	50	51	52	54	56	60	
1587	44	45	47	49	50	51	
1588	45	47	
1589	31	
1590	57	65	
1593	63	
1594	63	64	65	
1595	13	68	
1609	21	
1611	17	18	
1612	43	
1613	11	15	17	19	40	42	
1614	6	10	12	14	15	16	18	18	19	21	26	
1615	15	20	21	23	25	26	45	53	
1616	21	23	23	50	52	
1617	25	50	87	90	93	
1618	9	91	96	
1619	6	11	13	15	16	52	53	55	56	58	59	81	85	88	90	93	
1620	16	18	50	51	53	54	55	57	83	85	92	97	
1621	44	45	46	49	51	55	
1622	48	
1633	55	
1645	42	
1646	11	14	17	19	68	
1647	6	8	11	13	15	16	17	18	18	19	21	25	27	42	43	
1648	12	15	17	17	19	21	22	24	53	57	60	
1649	49	50	52	54	92	
1650	50	55	83	85	87	88	89	91	93	95	
1651	80	81	83	84	90	98	
1652	10	79	82	84	89	
1653	4	7	9	10	12	14	18	55	57	80	82	83	94	100	
1654	13	16	16	20	50	51	52	55	57	60	80	82	
1655	44	47	48	50	51	54	
1656	56	
1679	9	12	13	14	16	18	
1680	9	11	12	14	15	16	18	18	19	21	24	72	
1681	13	15	16	17	19	20	21	24	27	53	58	58	
1682	23	24	25	49	50	51	52	54	91	
1683	48	50	55	82	83	87	88	89	90	95	
1684	55	56	79	80	81	84	86	89	
1685	79	81	83	90	
1686	12	
1687	7	9	11	12	14	15	19	53	56	
1688	17	18	19	22	25	43	52	54	58	
1689	22	45	46	49	51	54	
1690	44	49	
1697	92	93	
1712	6	9	
1713	6	9	10	11	13	13	14	21	
1714	7	12	14	15	16	16	17	18	19	20	22	53	56	58	59	68	
1715	17	19	20	21	23	23	47	50	51	52	54	55	57	
1716	46	48	49	51	54	83	86	89	90	93	
1717	54	79	80	81	84	84	87	88	91	95	
1718	24	78	81	83	89	
1719	80	88	
1720	93	
1721	7	10	11	12	13	14	15	25	53	55	56	57	
1722	16	16	17	19	20	24	48	52	54	55	61	71	
1723	44	47	49	50	54	
1724	45	51	
1725	65	
1728	16	
1731	93	
1746	10	15	
1747	7	9	10	11	13	13	14	15	16	19	21	24	57	58	
1748	12	12	15	16	17	19	20	21	24	51	52	53	55	56	60	72	
1749	18	21	23	46	47	49	50	51	53	54	61	
1750	43	49	51	61	80	82	84	87	88	92	93	98	
1751	81	84	
1754	9	
1755	5	7	9	11	12	13	14	15	19	24	53	
1756	17	18	19	20	50	51	52	54	55	56	59	
1757	23	44	45	47	48	49	50	
1758	44	57	
1762	15	15	15	
1765	12	
1769	83	
1774	78	
1780	8	11	
1781	5	6	9	10	11	12	14	15	16	20	53	57	
1782	1	13	16	17	19	20	23	23	52	54	54	55	56	58	60	
1783	17	18	20	21	41	46	47	48	49	50	51	53	55	56	
1784	45	46	48	51	79	
1788	10	
1789	7	9	10	12	13	14	15	17	24	57	
1790	13	16	16	18	19	21	25	51	53	53	54	56	58	62	
1791	44	45	46	48	48	49	51	54	
1792	45	
1794	63	
1796	41	
1807	14	
1812	19	19	20	21	
1813	11	
1814	13	18	54	
1815	8	9	10	11	12	13	14	19	53	57	
1816	12	14	15	16	17	19	22	25	36	51	52	54	54	57	59	87	93	97	
1817	17	18	21	22	42	47	48	49	49	50	52	54	59	92	
1818	42	43	48	48	50	
1821	42	
1822	10	12	14	17	19	
1823	5	7	11	12	14	15	17	18	21	23	56	61	69	
1824	16	17	21	23	51	52	53	54	59	
1825	12	49	51	53	86	89	93	93	
1826	88	
1831	4	
1847	23	
1848	8	
1849	5	8	10	12	14	19	
1850	6	11	12	15	21	52	55	55	58	58	81	82	84	88	90	
1851	16	17	19	22	47	48	50	51	53	53	54	57	61	82	85	87	89	90	92	96	
1852	30	37	41	42	44	45	46	47	49	
1853	30	37	42	46	63	
1854	28	42	
1855	11	13	18	19	39	
1856	5	7	11	13	15	17	19	21	44	56	69	
1857	5	8	14	15	18	19	20	22	25	26	43	52	53	54	56	59	
1858	21	22	50	51	52	55	88	91	
1859	49	82	84	85	88	88	90	
1864	1	
1867	56	
1873	82	
1882	12	20	101	
1883	10	
1884	7	9	11	13	13	15	16	23	82	86	
1885	17	51	52	54	55	80	81	83	84	85	87	89	91	95	
1886	17	45	51	54	58	63	92	
1887	44	49	53	
1888	14	21	43	45	49	65	
1889	10	14	18	20	22	23	
1890	13	15	24	57	
1891	22	50	51	53	53	54	87	91	
1892	49	82	85	87	89	94	
1893	81	84	
1915	13	103	
1917	18	
1918	3	8	11	96	
1919	7	11	12	82	84	90	
1920	17	55	81	82	84	86	89	91	95	
1921	87	90	92	95	
1922	13	88	91	
1923	25	86	87	92	96	
1924	52	54	87	89	90	96	
1925	54	81	83	84	86	88	88	91	94	101	
1926	54	80	81	83	85	90	94	
1927	84	
1928	82	
1930	32	
1947	20	
1953	5	14	14	83	85	92	
1954	79	81	84	85	89	95	
1955	82	84	86	90	
1956	80	82	83	85	90	94	
1957	81	82	84	85	90	95	
1958	80	81	82	83	84	87	89	92	94	
1959	80	81	84	86	
1960	81	84	
1977	60	
1982	89	
1986	90	
1989	87	101	
1990	82	
1991	79	
1992	79	82	84	
1993	80	92	
2012	61	
2013	60	
2016	20	63	
2022	95	
2023	83	
2033	24	
2059	93	
2070	18	
2085	62	
2092	42	85	
2096	33	
2098	65	
2126	51	
2145	18	
2154	9	
2185	13	
2192	15	
2226	17	
2259	15	
