14	99	
50	74	75	
111	36	
219	6	
222	93	
250	92	
251	91	93	95	
252	87	91	92	93	95	
253	86	87	90	91	93	94	97	101	
254	86	88	90	91	92	93	95	98	
255	86	88	90	91	92	94	97	99	
256	85	86	87	88	90	91	92	95	
257	86	87	90	91	92	93	95	98	
258	8	85	86	87	90	91	93	93	95	100	
259	87	88	90	91	93	95	
260	17	93	
282	91	98	
283	87	88	90	91	93	94	97	
284	86	87	88	89	90	91	92	94	96	
285	82	86	87	88	89	90	91	92	94	97	98	
286	82	84	85	86	87	88	89	90	91	92	94	100	
287	82	83	84	85	86	88	88	89	91	93	94	97	
288	82	83	84	85	86	86	87	89	90	91	94	96	100	
289	81	82	83	83	84	85	86	87	88	89	90	93	93	95	100	
290	16	82	83	83	84	85	87	89	90	91	94	97	99	
291	9	46	81	82	83	83	84	85	86	87	88	89	90	92	94	98	98	
292	11	14	81	82	83	83	84	85	86	88	88	89	90	91	94	96	99	
293	8	10	12	15	82	83	84	85	86	87	88	89	90	92	95	98	99	
294	7	13	15	16	82	85	87	88	88	90	91	92	95	97	
295	16	87	90	92	94	
296	16	
313	56	
314	57	
315	52	53	91	93	95	
316	86	87	88	89	90	91	93	94	98	
317	81	82	83	85	85	86	87	89	90	91	93	94	96	
318	81	82	83	83	84	85	86	87	88	89	90	91	92	94	95	99	
319	80	82	82	84	84	86	87	89	90	92	95	
320	80	81	82	83	83	84	85	86	87	88	90	98	
321	80	81	82	83	84	86	90	
322	14	81	82	84	84	86	89	99	
323	80	81	83	84	85	91	100	
324	18	36	46	81	82	84	84	86	88	94	
325	17	19	36	40	43	46	47	56	69	80	81	83	84	84	86	
326	4	10	20	42	44	45	46	47	48	50	68	69	80	82	83	84	99	
327	6	9	11	13	15	21	43	46	46	47	49	82	83	84	85	89	93	
328	7	8	10	12	14	46	81	82	84	85	85	86	89	91	94	100	
329	12	15	17	19	83	84	86	87	89	90	91	93	94	96	99	
330	16	17	86	88	91	94	
331	17	
347	53	57	59	
348	52	55	56	87	90	91	
349	51	54	62	82	84	86	87	88	90	91	92	95	
350	53	81	82	83	83	84	85	86	87	89	90	91	95	
351	80	81	82	84	84	86	87	88	90	
352	81	84	84	86	91	100	
353	10	81	83	84	85	
354	81	84	102	
355	33	58	
356	51	83	
357	6	15	
358	8	12	15	16	16	17	18	18	19	20	26	60	69	83	
359	17	18	19	20	21	21	22	23	28	44	48	53	61	63	65	
360	20	21	22	23	24	44	45	47	51	52	54	56	57	58	58	60	62	84	
361	22	25	33	43	44	48	49	50	51	53	53	56	56	68	
362	10	15	23	44	45	46	46	47	49	50	51	81	83	
363	2	7	10	11	13	14	15	23	44	46	48	81	82	84	85	87	88	90	95	100	
364	11	13	14	16	17	19	81	82	84	86	87	89	91	93	96	98	
365	16	17	18	20	
379	56	
380	53	55	56	59	
381	51	53	55	56	58	88	92	93	96	
382	52	54	82	85	86	87	89	90	91	92	93	95	98	
383	54	80	81	82	84	85	86	87	88	89	91	94	
384	54	66	81	82	84	85	86	89	100	
385	80	82	83	85	
386	26	30	46	51	83	
387	13	43	46	47	
388	44	46	49	
389	46	87	90	95	
390	13	18	
391	6	8	10	11	13	14	15	16	18	19	
392	6	11	12	14	15	16	17	18	18	19	19	20	21	22	23	24	26	71	
393	20	21	22	23	24	26	
394	22	24	53	55	58	60	
395	23	25	34	50	52	53	54	55	56	57	57	59	60	65	
396	5	44	46	47	49	51	51	52	53	54	56	57	59	63	
397	8	10	14	45	46	47	48	49	50	53	
398	7	9	10	12	12	13	14	15	16	19	81	82	83	85	87	89	91	93	101	
399	15	16	17	18	18	19	21	23	82	83	85	90	94	
412	57	
413	52	57	61	
414	49	51	52	55	57	59	88	89	91	92	93	96	
415	50	52	54	56	82	84	86	87	88	89	90	91	95	
416	54	81	82	83	84	85	86	88	89	91	94	100	
417	46	80	81	83	84	85	88	94	
418	18	19	39	44	46	66	81	85	
419	16	17	18	20	29	41	44	47	57	72	
420	17	17	18	19	20	21	28	34	44	45	46	48	49	51	55	57	58	65	68	69	
421	19	20	21	34	43	45	46	47	49	50	51	55	56	56	57	58	59	61	65	68	
422	20	21	22	33	43	44	45	46	47	48	48	49	50	51	54	56	59	68	72	
423	22	26	43	44	45	46	47	48	49	49	50	52	58	
424	9	10	14	45	46	49	50	
425	8	9	10	11	12	13	13	14	14	15	16	18	20	27	
426	7	12	15	16	17	18	18	19	20	21	22	24	
427	21	23	
428	57	
429	34	55	56	57	58	59	60	62	
430	47	51	51	52	52	54	54	55	56	59	
431	45	46	47	49	49	50	51	53	
432	7	9	10	11	12	14	15	82	84	88	99	
433	7	13	15	16	17	18	19	20	22	24	83	84	87	90	93	99	
434	17	17	21	26	
446	53	56	57	60	63	
447	48	51	52	53	54	55	56	57	58	58	60	
448	46	48	49	50	51	52	54	55	61	83	85	87	89	91	93	96	
449	51	53	81	82	83	84	86	88	89	92	93	99	
450	16	67	80	81	82	83	84	86	89	
451	12	14	16	17	18	19	20	36	43	58	68	71	82	
452	10	14	16	17	18	19	20	20	21	25	27	44	45	47	49	50	
453	6	11	12	15	16	19	20	21	22	23	23	25	44	45	47	49	65	69	
454	20	21	22	24	25	28	35	44	57	
455	21	22	23	24	25	34	52	54	55	56	57	59	60	64	73	
456	23	23	25	45	51	51	52	53	54	55	56	56	57	58	58	59	60	61	64	
457	45	46	47	48	49	50	50	51	52	53	54	55	58	
458	8	10	14	44	45	47	48	49	50	
459	5	7	10	11	12	13	14	14	15	16	18	20	26	
460	13	15	16	17	19	20	22	23	24	
461	18	22	
463	35	55	56	56	57	57	59	60	62	
464	48	51	52	52	53	53	54	55	55	56	57	58	60	
465	8	45	46	47	49	50	50	51	54	68	
466	5	9	11	12	14	15	18	49	101	
467	7	11	12	13	14	15	15	16	16	17	19	20	21	24	27	82	84	
468	16	17	18	19	21	22	
480	53	56	57	57	58	60	61	
481	47	50	51	52	54	54	55	57	58	62	
482	46	47	48	49	50	51	53	54	82	84	86	89	
483	9	49	81	82	84	85	87	
484	8	10	11	13	14	15	16	17	18	19	
485	12	13	15	16	17	17	19	19	20	21	23	24	43	
486	18	20	22	22	23	24	26	73	
487	22	24	25	
488	23	23	25	
489	62	
490	33	52	55	56	57	57	58	59	60	61	
491	48	50	51	52	52	53	54	54	55	57	59	
492	10	31	43	45	45	46	47	48	49	49	50	53	
493	1	4	7	9	10	11	12	13	14	15	18	46	70	
494	12	14	15	17	20	22	83	92	95	
495	16	18	18	23	92	96	
497	57	57	58	60	62	
498	51	52	52	53	54	55	55	58	59	60	
499	13	45	46	47	48	48	49	49	50	51	52	53	
500	5	6	9	10	12	14	18	
501	8	10	11	12	13	14	15	16	16	19	19	21	23	93	100	
502	16	17	18	19	20	22	25	
513	58	
514	34	52	55	56	56	57	58	59	60	61	
515	46	48	50	51	51	52	53	53	54	54	55	56	59	
516	47	48	49	49	50	51	53	55	85	89	95	
517	8	10	14	86	
518	5	6	10	12	13	14	14	15	15	16	16	17	18	19	20	22	24	28	
519	12	15	17	18	18	19	20	21	22	23	24	25	26	
520	22	
524	52	55	55	57	58	59	61	
525	34	50	51	51	52	53	53	54	54	55	55	56	56	57	59	60	61	66	
526	43	45	45	46	47	49	50	50	51	54	56	58	
527	5	8	8	10	13	27	44	45	46	47	48	48	49	50	71	
528	6	10	11	12	14	15	27	43	47	80	82	83	85	87	88	90	93	99	
529	11	13	16	82	83	85	86	88	88	90	91	93	94	96	101	
530	16	18	91	
531	56	57	57	61	63	93	
532	52	53	53	54	54	55	55	56	58	60	
533	47	50	51	52	53	54	
534	8	8	9	11	12	14	15	48	91	104	
535	2	4	6	9	10	11	12	13	14	14	15	17	19	21	23	82	83	89	99	
536	13	16	17	17	18	19	20	21	22	25	103	
541	93	
547	57	58	
548	34	53	55	56	56	57	57	58	60	61	
549	34	47	48	50	51	51	52	53	54	55	55	56	57	59	63	
550	8	44	45	46	47	49	49	50	53	67	89	
551	4	9	10	11	12	14	
552	3	7	11	11	12	13	14	15	16	16	17	19	20	23	28	
553	16	17	18	19	20	21	22	24	
559	52	55	57	58	60	
560	37	51	52	53	54	55	55	56	57	57	59	60	64	
561	33	45	46	48	48	49	50	51	51	52	54	54	56	57	58	65	
562	10	14	45	45	46	47	48	48	49	50	68	
563	7	10	11	13	13	15	43	45	49	81	82	84	85	90	99	
564	7	12	82	83	85	86	88	89	90	91	94	96	99	
565	16	57	60	63	83	85	86	87	88	90	91	92	95	99	
566	53	54	54	55	57	59	60	90	92	
567	50	51	53	54	90	92	95	
568	7	8	9	11	14	48	
569	2	7	10	11	12	13	14	15	15	16	19	19	20	24	101	
570	15	16	17	17	18	19	20	21	22	23	23	24	24	101	
571	23	
575	93	94	
581	58	
582	35	56	57	57	58	59	60	62	
583	48	51	51	52	53	53	54	55	55	56	56	57	58	60	66	
584	33	44	45	46	46	47	48	49	49	50	50	51	52	53	56	
585	4	6	8	9	10	11	13	14	15	44	45	46	48	49	50	
586	7	11	12	13	14	15	15	17	18	19	23	
587	16	17	20	21	22	24	
588	18	
594	55	56	57	60	
595	34	51	52	53	54	55	55	56	57	58	60	64	68	
596	31	48	50	50	51	52	53	54	55	56	57	58	59	65	66	
597	4	10	30	43	43	44	45	45	47	48	49	50	50	83	
598	10	13	14	44	46	47	48	49	81	82	83	84	85	94	100	
599	6	12	81	82	82	84	85	86	87	89	90	94	98	100	
600	52	55	55	56	59	63	82	85	87	88	88	90	91	92	94	96	98	
601	50	52	53	83	87	89	91	98	
602	9	10	11	14	15	
603	5	6	7	10	11	12	13	13	14	15	15	16	17	18	18	19	20	24	
604	3	16	17	18	20	21	22	23	24	
605	22	
607	11	12	12	
616	57	60	
617	35	52	53	54	55	55	56	57	57	58	59	61	
618	48	50	50	51	51	52	53	53	54	55	56	56	58	
619	3	9	11	44	45	45	46	47	48	49	49	50	
620	7	10	11	12	13	14	14	15	43	82	95	
621	8	11	13	15	16	17	20	23	85	87	90	92	94	98	
622	17	18	21	
629	61	
630	52	53	54	55	55	56	57	58	59	60	61	
631	25	32	50	51	51	53	54	54	55	56	57	58	59	61	64	
632	3	33	43	44	45	45	47	48	49	50	51	51	52	54	56	57	67	84	
633	44	45	45	46	47	48	49	49	51	57	80	81	83	84	
634	18	44	46	47	48	49	51	61	66	81	82	83	83	84	85	87	89	
635	18	40	43	46	46	49	81	82	84	86	89	94	
636	4	7	8	10	11	13	13	14	15	16	17	18	19	27	44	49	69	
637	6	11	12	13	13	14	15	17	17	18	19	20	20	21	22	24	70	
638	2	19	21	22	23	25	
651	55	57	58	60	
652	51	52	53	53	54	55	56	56	57	57	59	60	61	63	
653	33	45	47	49	50	51	51	52	53	
654	1	6	8	10	11	14	40	43	45	45	46	47	48	48	49	50	
655	6	10	11	12	13	14	15	19	82	83	85	87	89	92	95	102	
656	15	16	17	19	20	22	23	82	86	88	89	92	96	
657	17	
665	35	54	55	57	59	61	64	
666	23	35	52	53	53	54	55	57	58	58	60	62	
667	23	25	35	45	48	50	51	51	53	54	55	55	56	58	60	68	71	
668	20	27	44	45	49	50	52	54	58	67	
669	9	14	17	18	20	21	23	43	44	45	48	48	50	51	65	
670	6	10	11	13	13	15	18	19	20	21	22	23	24	43	45	70	
671	4	15	20	21	22	22	24	25	26	
672	22	23	
686	55	56	57	58	58	60	
687	32	36	51	52	53	54	54	55	56	56	58	60	64	66	
688	9	45	46	47	49	50	50	51	53	54	
689	2	7	9	11	12	14	15	44	46	48	49	82	84	85	
690	7	12	13	14	15	16	17	19	20	21	23	81	83	84	
691	17	21	
700	35	55	61	
701	24	55	
702	24	55	
703	22	23	25	26	64	
704	22	24	25	
705	22	23	
720	98	
721	53	54	55	56	57	59	60	61	
722	30	48	49	50	51	54	64	
723	4	7	9	11	12	13	14	23	43	45	47	49	69	
724	8	12	14	15	17	19	20	21	44	68	101	
725	20	21	23	
756	54	59	64	
758	23	24	
759	23	
1157	25	
1176	11	
1185	26	
1191	24	42	
1206	76	
1209	71	
1211	9	
1217	55	
1220	64	
1233	2	
1235	20	
1236	52	
1247	10	
1249	4	
1256	85	
1260	73	
1263	56	
1281	84	
1309	35	
1316	21	
1317	53	
1334	6	
1335	31	
1336	18	
1339	88	
1340	52	
1342	49	
1343	48	56	
1345	44	52	
1346	48	
1347	53	81	
1348	11	63	
1351	46	
1352	98	
1358	71	
1361	10	
1362	41	
1373	20	66	
1374	13	46	
1375	46	49	66	
1376	22	42	43	47	57	58	66	
1377	48	51	67	
1378	43	44	47	52	57	80	
1379	47	51	56	
1380	43	46	49	
1381	36	44	46	48	62	
1382	43	46	48	53	
1386	63	
1398	5	
1400	43	
1403	42	
1404	42	
1405	18	20	26	
1406	16	20	40	43	47	52	
1407	18	18	20	35	39	44	46	62	68	69	
1408	17	18	19	21	26	42	43	46	49	55	59	67	
1409	19	20	22	26	39	44	46	48	51	57	58	68	
1410	19	21	23	26	40	44	45	47	48	53	58	60	66	
1411	19	20	23	24	26	41	44	45	46	48	48	50	56	63	
1412	20	22	24	26	44	45	46	47	49	53	57	58	69	
1413	19	21	24	43	45	47	49	50	52	53	56	57	58	61	65	71	
1414	22	24	28	42	44	46	47	48	50	52	55	56	58	59	62	70	
1415	21	36	45	46	47	49	50	52	54	
1416	44	46	47	48	50	62	
1417	47	49	
1419	56	
1421	3	
1433	82	
1434	22	
1436	17	19	
1437	13	19	
1438	14	17	18	42	44	
1439	14	17	19	21	43	45	47	48	69	
1440	16	18	18	20	21	23	25	40	45	49	68	
1441	17	19	20	21	23	25	42	44	48	62	
1442	18	19	20	22	23	23	44	48	52	55	56	58	68	
1443	19	20	22	24	45	49	51	56	59	64	69	
1444	21	23	24	45	49	55	59	
1445	20	22	24	45	49	53	54	59	64	
1446	22	23	34	49	51	55	60	65	
1447	22	23	25	28	50	53	53	55	56	57	58	60	64	
1448	21	25	31	34	50	51	52	54	55	56	57	58	59	63	70	
1449	23	42	44	48	49	50	51	53	54	55	56	57	59	61	63	66	
1450	43	45	46	47	49	50	51	53	54	56	59	
1451	45	46	47	48	50	53	
1452	44	47	49	51	
1458	4	
1467	39	
1468	17	
1469	16	
1470	16	20	
1471	7	8	12	14	16	17	19	21	44	70	
1472	9	12	14	15	17	18	19	19	20	22	45	
1473	10	13	15	17	18	18	19	20	21	23	24	44	48	69	
1474	19	21	22	23	25	26	45	
1475	21	22	24	
1476	21	23	23	25	
1477	25	
1478	23	25	
1479	25	
1480	25	
1481	92	
1482	58	61	92	
1483	21	52	53	54	55	57	58	59	63	93	
1484	32	50	52	54	55	56	57	58	59	63	
1485	46	47	48	48	50	51	52	53	55	56	57	59	
1486	44	45	47	48	49	51	60	65	
1487	45	47	50	
1499	41	
1502	104	
1503	17	19	43	
1504	8	10	12	13	15	16	17	19	20	24	44	
1505	6	9	11	13	15	16	18	19	20	20	21	25	26	45	48	
1506	11	14	15	18	19	20	21	23	23	25	43	
1507	21	22	23	25	27	
1508	23	
1512	57	
1513	47	57	
1514	50	53	88	88	92	96	
1515	83	86	87	88	88	89	90	91	93	93	96	
1516	12	86	86	87	89	90	91	94	96	
1517	16	87	88	90	90	91	92	94	95	
1518	16	57	58	61	87	91	92	95	97	
1519	17	51	52	53	55	56	57	58	59	61	63	
1520	44	45	46	47	48	50	51	51	52	54	56	59	62	
1521	45	46	49	50	54	
1522	49	
1524	26	43	53	
1532	41	
1534	21	
1536	9	14	16	19	44	
1537	10	12	14	15	16	17	18	20	43	44	
1538	7	10	12	13	14	16	17	18	18	19	20	21	22	25	26	28	69	
1539	6	11	14	15	17	19	20	21	22	23	25	74	
1540	22	23	25	
1546	56	57	59	61	
1547	47	51	53	54	55	56	58	59	
1548	46	48	50	51	54	82	85	86	88	89	90	91	94	97	
1549	10	50	80	81	82	83	84	84	85	86	89	91	104	
1550	81	81	83	83	85	86	87	88	89	92	93	
1551	8	8	10	13	13	82	83	84	85	86	87	89	90	96	98	
1552	6	12	15	18	82	85	86	87	88	89	91	93	96	
1553	16	17	18	19	53	56	56	57	59	61	63	88	
1554	48	50	51	52	52	54	55	56	57	58	60	64	
1555	45	46	47	48	49	50	51	53	61	
1556	46	49	54	
1561	71	72	72	72	73	
1564	1	
1567	16	24	
1569	12	
1570	11	13	13	15	16	17	18	19	21	24	42	69	
1571	7	9	11	13	15	16	17	18	19	19	20	22	24	71	73	
1572	12	15	18	20	21	22	24	
1573	21	23	24	
1575	92	
1576	87	88	91	92	95	98	
1577	86	87	88	90	91	91	92	94	95	98	
1578	87	88	90	91	92	94	96	
1579	16	18	18	57	63	88	91	92	95	
1580	55	56	56	58	58	60	62	
1581	46	47	48	50	50	51	52	52	53	54	55	56	95	
1582	47	49	51	54	60	81	84	85	86	88	90	93	
1583	82	84	87	88	104	
1584	84	89	
1585	9	14	29	81	84	86	90	
1586	6	8	9	11	12	13	14	15	18	81	84	85	87	89	
1587	13	15	15	16	17	18	19	20	27	35	57	59	60	62	81	82	85	93	99	
1588	17	21	23	48	50	51	52	53	54	55	55	56	58	58	59	61	66	
1589	46	47	49	50	50	52	54	60	
1590	49	51	
1600	21	33	
1602	9	
1603	9	11	13	13	14	16	20	23	27	
1604	9	11	12	14	15	16	17	18	18	19	20	23	26	83	
1605	12	17	19	20	21	22	25	
1606	23	25	
1607	91	92	98	
1608	18	86	87	88	89	90	91	92	93	93	95	
1609	54	87	88	89	89	90	91	92	93	94	97	99	
1610	82	82	83	85	86	87	88	89	90	94	
1611	14	81	81	82	84	84	85	86	88	89	90	94	
1612	6	9	11	14	81	82	82	84	85	85	86	87	89	89	90	93	94	98	
1613	8	11	12	15	16	83	84	85	86	88	89	91	93	95	97	98	
1614	16	17	18	22	53	54	55	56	56	57	59	60	62	90	93	
1615	49	50	51	52	54	55	56	58	60	66	90	93	
1616	44	45	46	47	48	50	51	52	53	57	83	
1617	45	46	50	
1618	15	50	83	90	93	
1619	14	26	86	
1620	8	8	9	11	12	13	14	15	17	18	20	84	
1621	3	12	12	15	16	16	17	18	19	20	24	35	57	57	61	74	81	
1622	18	22	23	48	51	52	52	55	56	57	58	59	61	
1623	45	46	47	49	50	50	51	53	54	56	58	
1624	45	47	48	50	53	
1633	7	
1635	19	
1636	9	
1637	9	10	11	12	13	14	15	17	
1638	7	12	14	15	16	16	17	18	18	19	20	21	24	26	36	
1639	18	20	21	22	23	53	56	58	58	60	63	
1640	46	48	50	51	52	54	55	61	92	
1641	50	54	56	86	86	88	89	90	91	92	94	98	
1642	81	82	83	84	84	85	86	87	88	89	92	98	98	
1643	80	81	81	82	83	84	85	85	86	88	89	90	91	93	101	
1644	80	82	83	84	85	88	89	90	93	
1645	80	81	83	83	84	101	
1646	10	15	80	81	83	85	90	99	
1647	7	10	11	12	13	13	14	15	17	19	26	80	81	82	83	84	86	87	89	93	102	
1648	16	17	19	20	22	56	57	58	59	61	83	83	85	88	90	92	96	100	
1649	36	51	51	52	53	53	54	55	56	57	58	60	
1650	44	45	47	48	49	49	50	51	52	54	56	62	
1651	44	46	47	49	50	55	104	
1652	44	46	49	64	
1653	8	13	16	20	48	96	
1654	4	9	10	11	13	14	15	18	19	24	52	
1655	8	12	16	17	18	19	20	21	25	60	
1656	17	21	22	23	27	51	52	53	54	55	56	57	58	59	61	
1657	45	46	47	48	49	50	51	52	54	56	58	60	63	
1658	45	47	48	50	
1659	54	
1661	71	
1670	10	19	
1671	5	8	9	10	11	12	13	14	14	15	16	19	22	66	
1672	7	12	13	15	16	17	18	18	19	20	21	23	24	26	57	58	
1673	23	35	51	52	53	55	56	58	59	60	
1674	47	49	50	51	52	53	54	55	89	91	98	
1675	46	48	51	80	82	83	84	85	86	87	89	90	96	
1676	80	82	84	85	88	90	
1677	80	83	83	84	95	
1678	42	88	96	
1680	8	14	83	91	
1681	5	6	9	10	12	14	14	15	17	20	85	92	94	
1682	7	12	13	15	15	20	25	82	84	87	90	91	94	96	99	
1683	16	18	18	55	55	58	59	61	64	88	90	91	92	94	97	
1684	17	52	53	53	54	55	56	57	59	60	65	
1685	31	44	45	47	49	50	51	53	54	55	56	59	63	67	
1686	42	44	47	48	49	51	56	
1687	22	29	45	46	47	49	71	
1688	5	8	8	9	10	12	14	15	17	18	25	
1689	11	12	13	15	16	17	18	19	20	21	22	24	60	70	
1690	20	21	22	52	53	56	57	58	59	60	62	
1691	46	47	48	50	51	51	52	53	54	58	
1692	48	49	51	55	
1702	19	
1704	10	18	
1705	5	8	9	10	11	12	13	13	14	15	17	18	20	25	
1706	6	8	12	15	16	16	17	19	19	20	21	23	24	33	57	57	58	61	
1707	23	52	52	53	54	55	55	56	56	57	59	61	
1708	45	46	47	48	48	49	49	50	51	52	54	55	60	85	88	91	
1709	47	49	84	86	
1710	52	87	
1711	94	
1712	42	
1714	13	
1715	8	13	25	86	
1716	8	11	13	13	15	82	84	86	89	92	94	100	
1717	6	12	81	82	83	84	85	86	89	91	92	94	98	100	
1718	17	18	21	55	55	57	60	62	87	92	97	
1719	33	51	52	54	55	56	57	58	61	
1720	44	45	48	49	50	52	54	57	59	
1721	22	25	27	44	47	49	50	64	66	71	
1722	4	8	10	11	12	14	15	21	23	44	48	
1723	7	12	15	15	16	17	18	19	20	21	24	57	58	62	71	
1724	21	22	52	52	55	56	56	57	59	60	
1725	47	50	50	51	52	53	53	54	54	55	58	
1726	48	49	51	54	
1738	10	14	20	29	
1739	3	5	8	9	10	12	13	13	14	15	16	22	
1740	11	12	16	18	19	21	24	57	58	62	82	87	92	95	
1741	17	17	20	22	52	52	54	55	56	57	58	59	60	92	
1742	46	47	49	50	51	52	53	54	55	57	60	87	89	
1743	45	46	47	48	50	55	56	58	83	
1744	50	
1747	40	
1749	7	
1750	10	82	84	90	
1751	3	6	9	10	13	14	15	81	82	83	84	86	89	96	
1752	7	12	14	15	16	81	82	83	84	85	87	88	90	91	93	95	101	
1753	17	87	88	90	91	93	95	97	
1754	16	17	24	54	55	56	57	59	60	63	
1755	18	23	29	50	52	53	55	
1756	5	6	10	12	14	15	20	25	45	49	
1757	8	12	17	20	21	23	24	26	57	62	
1758	21	23	52	52	55	55	56	57	58	58	59	61	
1759	50	50	51	52	53	54	55	59	64	91	
1760	49	55	
1762	14	15	15	15	
1773	5	7	9	10	12	14	19	
1774	7	11	12	14	15	16	18	82	83	85	89	92	95	99	
1775	17	19	21	55	56	57	60	61	62	82	83	85	87	89	91	92	94	97	99	
1776	17	51	51	52	53	54	55	55	56	56	57	58	61	
1777	43	45	46	48	49	50	51	54	56	67	
1778	45	46	48	49	54	60	
1783	92	
1784	5	
1785	11	84	91	
1786	8	11	82	85	89	95	100	
1787	6	9	10	11	13	13	14	15	17	81	81	82	84	85	86	89	90	99	
1788	17	87	91	92	94	96	102	
1789	16	18	91	92	
1791	57	
1792	51	52	55	56	58	59	61	91	92	97	
1793	51	54	55	86	88	89	90	91	94	
1794	54	87	92	
1798	70	
1799	2	2	2	
1806	14	
1807	9	
1808	4	9	10	12	13	14	80	85	92	
1809	7	12	15	63	81	82	84	86	88	88	90	92	94	100	
1810	16	17	18	19	21	55	57	58	59	61	
1811	45	50	51	52	53	55	56	57	58	61	
1812	44	46	49	50	51	53	55	
1813	49	54	
1814	75	
1815	39	
1819	11	
1820	15	84	89	
1821	10	14	18	81	83	84	89	93	99	
1822	6	9	11	14	82	84	85	87	88	90	93	93	98	100	
1823	7	10	12	14	81	82	85	86	87	88	89	91	93	94	98	98	
1824	83	86	87	88	90	91	92	94	95	
1825	87	87	88	90	90	91	94	95	98	
1826	83	87	89	90	91	92	93	94	
1827	82	84	85	86	87	89	90	93	100	
1842	5	9	13	15	85	
1843	6	8	10	11	12	13	14	15	18	81	83	83	86	91	95	99	
1844	12	17	19	57	60	63	82	84	86	87	88	90	92	93	95	100	
1845	17	52	54	55	56	59	
1846	50	51	53	55	58	
1847	51	54	
1849	65	
1854	14	86	
1855	91	
1856	81	83	85	91	
1857	12	80	81	83	83	84	88	88	
1858	81	82	83	84	85	86	89	91	93	99	
1859	81	81	82	84	84	85	86	87	89	90	93	
1860	80	81	81	82	84	85	85	86	88	88	89	91	95	98	
1861	80	82	83	84	86	89	93	
1862	84	89	
1871	70	
1876	12	24	102	
1877	9	11	14	
1878	7	11	12	14	15	80	81	83	84	86	89	92	99	
1879	53	86	88	90	91	92	95	98	
1880	54	92	
1891	97	
1892	81	88	
1893	82	83	
1894	80	83	93	94	
1895	86	
1911	11	
1912	4	12	83	88	101	
1913	82	83	85	86	88	89	90	93	95	
1914	82	86	88	90	101	
1926	95	
1927	91	
1929	43	
1931	7	
1945	89	
1946	88	94	
1947	80	83	83	85	
1948	80	82	84	90	94	99	
1949	84	90	
1978	48	
1981	89	
1983	99	
1993	94	
2001	98	
2008	49	
2012	63	
2015	7	
2059	33	
2067	66	
2074	94	
2077	53	
2087	14	
2138	10	
2181	8	
2183	11	
2185	10	
2193	10	14	
2195	90	
2205	20	
2211	18	
2216	14	
2227	104	
2257	10	
2270	102	
