80	50	92	
81	93	
83	93	
84	93	
85	93	
109	88	92	
110	87	91	93	
111	83	86	88	89	91	92	93	97	
112	83	87	88	90	91	93	96	
113	82	85	86	87	89	91	92	93	93	96	
114	82	86	87	88	90	91	92	95	
115	82	86	87	88	89	90	92	95	98	
116	82	83	85	86	87	89	91	92	94	97	
117	82	83	86	87	88	88	90	91	93	97	
118	83	85	86	88	88	89	91	92	93	96	
119	82	86	87	90	91	93	96	
120	87	93	97	
140	86	88	90	92	
141	87	89	91	92	97	
142	85	87	88	88	89	91	92	94	98	
143	83	84	85	87	88	89	91	93	94	
144	81	82	84	85	86	88	88	89	90	92	96	
145	81	82	83	84	85	86	87	89	90	92	94	98	
146	80	81	81	82	83	84	84	85	87	89	90	91	94	97	
147	81	82	83	83	84	85	86	87	88	89	90	96	
148	7	81	81	82	83	83	84	85	86	88	88	89	90	92	94	98	
149	80	81	82	82	83	83	84	85	86	89	90	91	94	
150	80	81	81	82	84	85	85	87	89	90	91	94	
151	8	80	81	82	83	84	84	85	88	89	90	91	96	
152	10	81	81	82	83	84	85	86	87	89	89	90	90	91	95	
153	7	11	14	81	82	83	83	84	85	86	88	88	89	91	92	95	
154	12	15	17	81	82	84	85	86	87	89	90	92	95	98	
155	16	17	83	86	90	92	96	
156	87	93	
171	57	
172	52	59	
173	46	47	50	85	88	95	
174	81	82	84	85	86	89	91	93	97	99	
175	81	82	83	83	84	85	86	87	88	89	91	94	
176	80	81	82	83	84	85	86	89	94	
177	38	80	81	82	83	83	84	85	86	87	89	98	
178	46	79	80	81	82	83	84	85	89	97	
179	37	40	56	67	78	79	80	81	84	85	86	89	
180	17	36	40	48	66	79	80	81	82	84	85	89	
181	36	40	46	48	79	80	81	82	84	85	
182	18	18	19	20	36	42	45	46	47	56	70	79	80	80	81	84	85	99	
183	36	39	43	44	46	47	69	79	80	81	82	84	94	98	
184	9	37	39	46	48	79	80	80	83	
185	14	37	40	43	46	47	68	79	79	80	81	84	
186	6	8	79	80	81	82	84	85	
187	10	12	13	15	19	47	48	80	81	82	83	85	
188	8	10	12	15	80	81	82	83	83	84	86	89	90	95	
189	13	13	17	80	81	82	84	85	86	88	88	89	91	92	94	97	
190	17	83	84	86	88	89	91	92	96	
191	16	91	
205	57	58	59	63	
206	34	36	51	52	53	54	55	56	56	57	59	61	
207	35	42	46	47	49	50	50	51	56	58	59	67	
208	37	40	43	44	46	47	48	49	56	57	67	79	80	82	83	
209	20	35	42	43	45	47	48	56	62	79	80	81	84	100	
210	18	19	20	27	35	38	40	43	44	46	47	48	56	58	59	67	68	78	79	80	83	98	
211	19	20	34	37	42	44	45	46	47	48	49	53	55	56	57	79	80	80	84	
212	18	18	20	21	35	36	42	43	44	46	47	48	49	56	59	64	80	81	83	
213	18	20	21	33	35	42	43	43	44	45	46	47	48	50	57	59	80	
214	14	18	19	20	22	28	32	32	40	43	44	45	47	48	50	56	59	66	70	80	
215	15	17	18	20	20	22	39	44	45	46	47	48	50	56	59	63	65	67	
216	19	20	21	23	42	43	44	47	49	57	58	60	66	
217	20	20	21	23	23	41	44	45	47	48	50	54	55	56	59	61	64	
218	5	20	21	22	23	25	35	43	43	44	45	47	48	48	49	50	53	53	55	57	58	58	59	63	67	
219	6	20	21	23	27	42	44	45	46	47	48	49	50	51	56	57	59	62	
220	19	21	22	24	33	36	40	44	45	45	46	48	49	49	51	54	56	69	
221	5	20	21	32	42	43	43	44	45	46	47	48	48	49	
222	8	11	14	41	46	47	79	80	
223	9	11	13	15	80	81	82	84	85	89	
224	8	9	11	12	14	15	16	19	80	81	82	83	84	85	86	89	91	94	
225	15	16	16	17	20	81	83	86	88	88	90	92	95	
226	17	18	
240	53	54	55	58	62	64	
241	34	50	52	54	55	56	58	
242	23	44	48	48	50	54	57	58	63	
243	24	35	44	45	50	55	61	63	79	
244	20	23	24	44	48	49	54	57	59	
245	21	23	24	25	44	45	48	50	54	59	64	
246	21	22	24	25	44	49	54	58	59	65	74	
247	20	21	23	24	43	45	49	53	65	
248	15	21	23	24	45	48	59	
249	20	22	23	23	25	26	73	
250	22	23	25	55	
251	21	25	45	55	
252	23	23	25	54	55	58	61	
253	23	45	50	52	54	55	57	61	
254	23	24	45	48	50	51	52	54	55	56	57	58	59	60	63	97	97	98	
255	24	35	37	45	48	49	50	51	51	53	54	55	56	57	58	59	62	
256	24	43	44	44	45	46	47	48	49	49	50	51	54	
257	9	44	45	46	47	48	49	79	84	
258	7	8	10	11	13	13	14	80	80	82	84	88	95	98	
259	11	12	14	15	16	17	20	80	81	82	84	86	91	95	
260	16	17	18	19	21	93	
278	24	
279	23	
280	24	
281	25	
282	23	
288	53	55	98	99	99	102	
289	51	52	54	55	55	56	57	58	58	60	62	
290	36	46	48	50	50	51	52	53	53	54	55	56	59	
291	44	45	46	47	48	48	49	50	50	54	
292	3	4	9	10	13	44	93	
293	7	9	10	11	12	12	14	15	80	81	82	83	86	89	92	93	
294	13	15	16	17	18	19	21	82	85	88	89	92	
295	17	18	22	
323	55	57	60	
324	50	51	52	53	54	55	55	56	57	58	58	59	60	61	
325	43	44	45	46	47	48	49	50	50	51	54	
326	5	8	10	44	45	48	49	
327	7	9	10	11	12	14	14	15	80	91	
328	7	11	12	13	15	16	16	17	18	19	22	80	82	84	86	91	96	98	
329	17	17	19	20	22	
342	78	
357	58	61	
358	34	51	52	53	55	55	56	56	57	58	59	60	61	
359	43	46	47	48	49	50	50	51	54	54	55	58	60	
360	9	44	45	46	47	48	49	50	
361	4	6	9	10	11	12	14	15	83	93	
362	6	8	11	12	13	14	15	16	16	18	19	23	28	80	81	92	97	
363	16	17	17	19	20	22	
364	23	
392	55	56	57	57	59	60	61	
393	47	48	49	50	51	51	52	53	53	54	55	55	59	
394	44	45	46	48	48	49	50	51	
395	9	10	11	14	86	
396	7	8	10	11	12	13	13	14	15	16	17	20	91	
397	16	16	17	18	19	20	21	22	23	
405	70	71	72	
426	52	53	55	55	56	57	58	60	61	
427	37	47	48	49	50	51	51	52	53	54	55	56	59	
428	8	44	45	46	47	48	49	49	51	
429	5	9	10	11	13	
430	1	6	7	10	11	12	12	13	14	14	15	17	18	19	24	28	82	
431	15	16	17	17	19	19	20	21	
432	23	
460	53	55	55	56	57	58	58	60	61	
461	48	49	50	51	51	52	54	54	55	
462	46	48	49	50	89	
463	4	9	10	12	13	14	45	48	
464	6	8	10	11	12	12	13	14	15	15	16	16	17	18	19	20	26	
465	13	16	17	18	18	19	20	21	22	24	
493	58	93	
494	52	53	54	55	55	56	57	59	63	93	
495	50	51	51	52	54	54	55	56	86	88	89	92	
496	48	49	50	65	85	88	89	
497	5	6	9	10	14	16	
498	6	8	10	11	12	12	13	14	14	15	16	16	17	18	19	19	20	23	28	68	73	
499	17	18	19	20	21	22	23	
501	40	41	43	
524	88	91	
525	83	87	91	93	97	
526	86	87	88	90	91	92	94	97	
527	81	82	86	87	89	90	92	96	
528	52	55	55	56	57	59	63	81	82	85	86	87	89	90	91	93	96	
529	51	53	53	54	81	82	83	83	84	86	87	89	90	92	94	97	
530	11	68	82	83	85	91	95	
531	8	9	10	11	12	13	13	14	15	19	
532	7	12	13	14	15	16	17	17	18	19	19	20	21	23	24	26	
533	17	18	21	22	23	27	
556	56	93	
557	87	89	91	92	95	
558	82	86	87	89	91	92	94	
559	81	82	82	84	85	87	88	89	90	92	95	
560	80	81	82	83	83	84	85	86	87	89	90	91	93	94	
561	80	81	82	83	83	84	85	87	88	89	90	92	94	
562	80	80	81	82	83	84	85	86	87	88	89	91	96	
563	54	80	81	82	83	84	85	86	88	90	96	
564	9	80	82	83	88	
565	5	6	8	9	10	11	12	13	13	14	15	15	16	18	19	24	39	69	
566	12	15	16	16	17	17	19	20	20	21	22	24	
567	23	
588	56	
589	51	56	
590	51	82	85	87	89	90	97	
591	54	56	80	81	82	83	84	85	86	87	88	89	91	94	
592	53	56	80	81	82	83	84	85	85	87	88	89	94	98	
593	36	42	47	79	80	81	82	83	83	84	85	87	88	99	
594	46	79	80	81	81	84	85	
595	79	80	81	82	84	85	99	
596	79	81	82	83	84	
597	47	80	81	85	
598	6	9	10	12	15	16	93	
599	4	6	8	10	11	11	12	13	14	14	15	16	19	20	22	23	
600	13	16	17	18	18	19	20	21	22	24	
601	23	
606	13	14	
621	57	
622	52	53	56	58	59	63	
623	47	49	50	51	52	54	58	87	89	92	
624	49	51	52	55	80	82	84	85	86	88	88	90	94	
625	35	42	80	81	82	83	83	84	87	89	96	100	
626	16	17	18	19	35	42	44	47	48	56	57	59	63	65	70	79	80	80	84	101	
627	16	17	19	19	20	40	43	44	44	45	46	47	49	56	57	58	58	66	78	80	
628	19	20	42	43	44	45	46	47	47	48	49	50	51	53	80	
629	21	26	44	45	46	47	48	49	57	80	
630	36	44	48	82	
631	20	46	87	
632	6	9	10	12	13	
633	6	8	9	10	11	12	12	14	14	15	15	16	16	17	19	
634	12	13	16	16	17	18	19	20	21	22	
635	18	22	
655	57	59	
656	47	51	53	54	55	56	58	58	61	
657	47	48	50	51	54	55	83	85	87	88	89	91	101	
658	49	80	81	83	83	85	87	89	96	
659	7	9	11	12	14	15	16	18	69	79	81	
660	13	15	16	17	17	18	19	19	20	24	26	57	72	
661	21	22	22	23	24	25	52	53	55	55	56	57	58	59	60	61	73	
662	23	24	25	45	47	50	51	51	52	54	54	55	56	60	
663	45	48	48	49	50	54	
664	42	44	
665	18	41	46	47	
666	8	8	10	11	13	21	44	46	48	
667	7	10	11	12	12	13	14	14	15	18	24	
668	11	12	14	15	16	17	19	20	21	23	81	82	85	88	91	97	
669	17	18	20	
689	55	56	57	57	58	60	
690	47	50	50	51	52	53	54	55	60	
691	43	45	46	48	48	49	50	51	53	55	81	84	88	89	
692	9	10	14	80	82	84	87	
693	6	8	10	11	11	12	13	13	14	15	16	19	
694	17	17	18	19	20	21	22	24	
695	23	52	54	55	56	57	58	61	
696	49	50	51	52	53	54	55	62	90	92	
697	49	51	54	86	89	92	
698	8	18	28	35	41	44	56	57	62	67	72	
699	16	17	17	18	19	20	23	33	42	44	46	47	51	56	58	73	
700	8	22	23	42	43	44	45	46	46	47	48	48	49	
701	2	4	6	9	10	11	14	15	24	44	46	
702	7	10	11	12	13	14	15	19	79	81	82	85	91	93	
703	13	16	16	17	18	19	20	22	
722	57	
723	52	53	55	56	56	57	57	58	60	61	
724	38	43	46	48	50	51	51	52	53	53	54	55	55	56	56	58	61	
725	44	45	46	47	48	48	49	50	51	58	84	
726	9	10	11	14	44	46	
727	7	11	11	12	13	14	14	15	16	18	24	96	
728	16	17	22	24	57	88	91	
729	51	52	53	54	55	60	87	88	90	91	94	
730	52	54	80	82	83	84	85	87	88	89	91	95	99	
731	9	10	40	82	84	87	88	
732	7	11	12	13	13	14	15	15	16	16	17	18	18	19	20	44	58	61	68	
733	17	18	19	20	21	22	23	24	25	45	52	52	54	54	55	56	56	58	59	60	62	
734	25	44	45	46	47	48	48	49	50	51	53	54	
735	8	9	13	43	45	46	49	
736	2	7	10	11	12	12	13	14	15	15	16	19	27	69	80	81	98	
737	12	15	17	17	18	19	20	20	21	23	
738	22	
753	4	
757	55	56	57	57	59	61	
758	33	36	51	52	52	53	54	55	56	57	58	59	61	
759	43	44	45	46	47	48	48	49	50	50	51	52	53	54	
760	5	9	44	46	47	48	50	
761	5	6	8	9	11	12	13	14	15	83	94	
762	53	57	82	83	83	84	85	87	89	90	93	96	99	
763	46	52	54	81	82	83	83	84	85	87	88	89	91	93	98	
764	8	38	46	80	81	82	84	86	88	95	100	
765	7	8	10	11	12	14	14	15	16	19	43	68	79	
766	4	13	14	15	16	16	17	18	19	19	20	21	23	25	57	58	72	
767	18	22	22	25	50	52	52	54	55	56	60	61	
768	43	45	46	48	50	51	51	52	53	54	55	
769	9	11	13	14	40	44	49	
770	3	5	6	8	12	13	14	15	15	16	17	18	19	23	24	26	71	
771	18	20	21	22	24	
791	57	
792	52	53	54	55	55	56	56	57	58	59	60	62	
793	35	43	46	47	50	50	51	52	53	53	54	55	56	58	59	68	
794	27	31	34	38	41	43	44	44	45	46	47	48	48	49	50	57	67	
795	7	18	20	42	43	43	44	46	47	48	49	51	56	56	61	66	
796	2	18	19	20	22	35	41	43	43	44	47	48	48	56	60	69	80	81	85	
797	19	19	21	26	38	38	42	43	44	46	47	49	54	66	68	80	81	84	100	
798	8	10	11	12	14	15	18	19	43	43	44	47	48	67	69	79	
799	6	10	11	12	13	14	15	15	16	18	18	19	19	21	24	44	
800	2	17	20	21	21	22	24	28	57	
801	22	35	52	54	55	56	58	60	
802	42	47	48	50	51	53	54	
803	5	8	10	11	13	15	44	45	
804	12	15	15	19	21	24	
805	22	23	24	
826	55	61	
827	34	49	52	55	55	58	62	
828	45	51	54	55	55	60	
829	23	24	35	45	51	54	60	
830	21	23	24	45	50	55	61	65	
831	9	14	21	22	24	24	45	54	59	
832	4	15	22	24	24	25	45	
833	22	23	24	25	
834	23	
835	55	62	
836	51	
837	4	25	
838	21	24	
1169	67	
1170	55	
1174	39	
1201	36	
1202	67	67	
1206	70	
1210	57	
1227	32	
1230	28	
1232	39	
1233	38	
1234	44	46	66	68	
1235	41	56	66	
1236	34	46	
1237	37	43	53	68	
1239	46	52	68	73	
1240	43	43	
1241	47	49	
1244	60	
1246	1	
1255	63	
1257	78	
1260	20	
1263	27	48	66	
1264	42	44	
1265	16	19	39	46	72	
1266	19	36	41	45	48	55	58	65	71	
1267	17	19	22	41	44	46	48	55	69	92	
1268	17	18	20	36	39	46	48	56	58	70	
1269	19	22	35	37	42	43	45	46	48	50	57	59	
1270	19	21	43	43	46	50	56	
1271	19	21	32	36	39	43	45	46	48	48	56	59	69	
1272	19	21	35	36	42	45	46	48	50	55	56	59	
1273	20	37	41	43	46	47	49	56	59	69	
1274	19	22	42	43	44	46	49	54	56	59	69	
1275	21	26	38	44	46	48	48	54	56	59	
1276	43	44	46	55	
1277	48	49	
1278	46	
1280	37	
1284	40	
1288	22	
1293	86	
1295	19	36	42	
1296	17	20	26	37	41	45	46	68	69	
1297	18	19	21	42	43	46	48	
1298	17	18	20	21	36	40	44	46	48	48	60	
1299	13	16	19	20	23	26	41	44	46	48	62	67	72	
1300	15	17	19	20	22	26	39	43	43	45	46	48	59	
1301	16	18	18	19	21	23	24	27	43	44	47	55	57	59	65	68	
1302	17	19	20	21	22	25	45	47	49	53	56	61	64	
1303	18	20	21	23	24	26	43	45	49	53	54	56	58	63	68	70	75	
1304	19	20	22	25	44	45	47	49	52	58	59	
1305	20	21	23	24	43	43	45	47	49	57	62	65	
1306	20	21	23	24	26	44	45	48	51	53	58	60	
1307	21	22	25	43	43	45	47	48	51	55	56	57	60	63	63	
1308	21	22	24	25	36	45	48	49	51	52	54	56	57	59	62	93	
1309	33	34	36	42	44	45	47	49	50	51	54	57	61	66	
1310	23	42	43	45	46	47	48	49	50	54	56	58	62	
1311	38	44	46	47	48	53	56	
1312	48	49	54	
1313	68	
1317	60	
1323	89	
1327	32	
1328	9	
1329	12	14	15	16	18	
1330	16	17	19	20	22	26	
1331	16	18	19	21	23	25	43	45	48	64	
1332	13	15	18	18	20	21	23	24	65	74	
1333	12	14	19	21	22	23	24	26	
1334	15	21	22	24	
1335	21	23	24	92	
1336	22	24	92	
1337	23	24	92	
1338	22	25	55	92	93	
1339	24	87	88	91	92	
1340	88	91	92	97	
1341	24	62	88	91	92	93	
1342	23	25	54	55	57	60	92	
1343	25	50	51	53	54	55	56	57	58	60	63	93	
1344	34	42	45	48	49	51	52	54	56	57	59	
1345	26	39	42	44	45	46	47	48	49	50	52	54	57	58	
1346	42	44	45	46	47	49	51	
1347	44	
1348	67	
1351	55	
1352	22	
1355	64	
1361	15	93	
1362	6	9	10	15	20	
1363	8	10	11	12	14	14	23	
1364	15	16	18	21	23	92	96	
1365	22	24	73	88	90	91	
1366	25	87	89	90	92	98	
1367	86	87	90	92	95	98	
1368	83	86	87	88	89	90	91	93	96	
1369	82	85	86	88	89	90	91	93	95	98	
1370	31	31	31	82	83	86	87	88	89	90	91	93	96	
1371	83	84	85	86	86	88	89	91	92	93	96	
1372	82	83	84	85	86	87	88	89	90	92	95	102	
1373	14	81	82	83	84	85	86	87	89	89	91	94	97	99	
1374	81	82	83	84	84	85	87	89	90	93	97	
1375	8	10	81	82	83	84	85	86	87	89	90	91	95	
1376	82	82	86	87	88	90	91	92	94	96	
1377	17	55	82	83	86	87	88	89	90	91	93	95	
1378	17	33	55	56	57	59	62	64	87	88	90	91	92	96	
1379	49	50	51	52	53	54	55	56	58	59	62	
1380	37	42	44	45	47	48	49	50	51	54	56	57	58	
1381	44	45	46	48	49	50	53	53	
1383	50	
1396	8	12	14	
1397	12	15	82	
1398	13	82	84	85	86	89	91	94	
1399	80	81	82	84	85	86	87	89	91	95	98	
1400	80	81	82	83	84	85	89	90	
1401	79	80	81	82	83	83	84	86	88	89	90	93	97	
1402	80	81	82	83	83	84	85	87	89	91	94	99	
1403	80	80	81	82	83	83	84	85	86	90	93	97	
1404	80	81	82	83	83	86	88	89	91	94	102	
1405	79	80	81	82	84	85	86	90	95	
1406	79	80	80	81	82	84	85	89	94	98	
1407	79	80	81	82	84	86	88	96	
1408	11	17	17	79	80	81	83	85	95	
1409	9	79	80	81	82	84	86	91	95	
1410	11	14	80	80	81	83	83	84	89	92	95	96	96	96	96	96	97	
1411	7	8	10	11	14	80	80	81	82	84	85	89	92	96	
1412	11	13	15	81	82	83	84	85	86	89	91	94	
1413	16	17	18	54	55	56	57	57	58	59	60	63	83	86	90	95	
1414	17	50	51	52	53	54	55	56	59	60	
1415	42	43	44	45	46	47	48	49	50	51	53	53	55	58	
1416	44	46	48	50	59	
1417	50	
1427	7	
1429	67	
1431	82	
1432	80	81	83	85	
1433	80	81	84	94	
1434	79	80	82	85	89	98	99	
1435	80	81	98	
1436	79	80	81	84	
1437	80	81	84	88	
1438	79	80	82	84	88	
1439	78	79	82	84	88	
1440	80	88	
1441	80	84	98	
1442	83	
1443	80	
1444	9	13	80	81	
1445	8	13	80	82	83	90	
1446	3	9	10	11	14	15	80	81	85	91	
1447	8	12	13	15	16	18	26	56	57	58	63	80	80	82	84	87	88	91	93	99	
1448	16	17	18	19	20	51	52	54	55	55	56	57	59	61	
1449	42	45	46	47	48	49	50	50	51	53	54	56	59	66	
1450	44	46	48	48	50	54	
1452	52	
1454	9	
1455	12	
1456	55	
1457	5	
1463	13	
1466	85	85	92	95	
1467	83	
1469	83	90	
1472	93	98	
1474	92	
1476	4	
1478	14	96	
1479	15	
1480	5	6	8	10	12	13	15	84	98	
1481	6	11	12	14	15	16	58	80	82	84	91	93	
1482	16	16	17	18	19	21	53	55	56	57	59	60	83	92	
1483	45	47	48	50	50	51	52	54	55	56	61	
1484	43	45	47	49	50	52	54	
1485	44	48	
1491	59	
1501	65	
1502	82	
1508	2	
1514	8	12	15	16	27	
1515	6	9	10	11	12	14	15	19	81	85	88	98	
1516	12	13	14	15	16	16	17	18	19	19	21	24	53	55	56	57	58	61	82	92	
1517	18	22	43	51	51	52	53	54	55	56	57	59	60	
1518	44	45	46	48	49	50	50	51	53	54	57	
1519	44	46	50	53	
1524	87	
1548	10	16	
1549	3	7	9	10	11	12	13	13	14	15	16	
1550	7	12	13	15	16	17	18	19	20	23	25	56	57	58	61	82	
1551	17	18	20	21	22	50	51	52	53	54	55	55	56	57	59	
1552	43	44	45	46	47	49	50	50	51	52	54	56	
1553	46	48	50	54	59	65	
1554	92	
1557	32	
1560	75	
1561	63	
1566	13	
1567	37	
1571	9	
1577	98	
1581	15	28	28	
1583	4	8	8	10	10	11	12	13	14	15	18	
1584	7	12	13	15	15	16	17	18	19	20	22	24	38	56	56	57	62	71	73	
1585	18	19	21	22	52	54	55	55	56	57	59	
1586	45	46	48	48	49	50	50	51	53	55	58	
1587	46	49	51	53	
1606	39	
1613	29	
1616	8	13	43	
1617	5	6	8	9	10	12	13	13	14	15	16	
1618	11	12	13	15	15	16	16	18	19	20	21	25	56	57	58	58	61	68	
1619	17	18	20	21	23	51	51	52	52	54	54	55	56	57	59	62	
1620	45	47	48	49	50	51	52	53	54	57	87	
1621	49	52	
1624	46	
1626	13	
1644	25	
1645	46	
1646	38	47	
1647	19	36	
1648	60	
1649	17	18	39	44	47	51	69	
1650	9	12	13	15	20	41	69	
1651	3	7	9	11	12	13	14	15	16	17	18	19	22	26	68	
1652	12	14	15	16	16	17	19	20	21	22	23	56	57	58	60	61	70	
1653	18	21	22	47	52	53	53	54	54	55	56	59	62	
1654	47	48	49	50	51	52	54	55	59	86	88	89	92	97	
1655	23	50	63	88	88	
1658	44	44	45	
1660	86	
1672	9	
1674	43	
1678	19	37	
1680	16	19	40	
1681	16	20	27	36	40	43	44	46	48	71	
1682	13	18	19	20	22	24	41	45	46	54	56	58	69	
1683	19	21	25	36	38	43	43	45	46	47	49	
1684	8	11	13	15	18	19	21	41	44	47	49	66	
1685	10	11	13	15	17	19	20	22	23	43	46	58	
1686	17	18	19	20	22	24	25	44	56	57	59	62	
1687	47	49	50	51	52	53	53	54	55	58	60	90	
1688	48	50	52	82	83	84	85	88	90	
1689	50	55	
1691	28	29	29	
1692	34	75	
1711	16	
1712	14	18	20	37	38	45	
1713	14	17	19	42	43	47	
1714	13	16	18	18	20	21	35	41	44	48	70	
1715	17	18	19	20	23	23	43	70	
1716	15	17	19	20	21	23	43	43	45	47	49	59	64	67	68	
1717	15	19	20	22	23	25	43	44	49	55	65	76	
1718	11	13	15	20	22	24	45	49	
1719	5	15	19	20	22	23	25	58	
1720	22	23	25	50	51	52	53	55	55	56	59	61	63	
1721	46	47	48	49	49	50	51	53	53	54	61	85	88	89	
1722	46	49	51	61	79	83	83	85	
1726	32	
1727	86	
1735	72	
1742	42	
1744	43	
1745	7	12	17	
1746	9	12	15	16	17	19	20	24	40	45	71	
1747	10	13	14	15	16	18	19	20	22	23	25	43	
1748	12	14	15	18	19	20	22	24	45	
1749	15	18	19	20	22	23	25	
1750	21	23	24	
1751	22	25	
1752	23	25	
1753	23	53	56	57	57	59	61	
1754	47	51	51	52	54	54	55	56	56	58	60	
1755	44	46	47	48	49	50	51	52	53	54	55	58	84	
1756	44	46	48	52	88	
1765	3	99	99	100	
1774	18	
1778	11	
1779	7	9	10	12	13	15	16	20	42	
1780	6	10	12	14	15	16	17	18	18	19	20	21	23	70	
1781	12	15	19	20	22	24	75	
1782	22	23	24	87	88	92	98	
1783	82	83	85	86	87	88	89	90	91	92	93	94	98	
1784	83	85	86	87	89	89	90	92	94	95	
1785	16	83	87	91	93	97	
1786	16	18	
1787	55	56	57	57	60	
1788	52	53	54	54	55	56	57	59	61	
1789	42	44	45	46	47	48	49	49	50	51	51	53	53	54	55	56	57	59	
1790	44	46	48	49	50	
1791	54	
1793	59	
1809	32	
1812	7	9	11	13	14	18	20	
1813	7	10	11	13	14	15	16	17	18	19	22	57	
1814	8	13	15	16	17	19	20	21	23	24	25	56	57	59	
1815	9	23	46	47	50	51	54	89	
1816	50	81	82	84	85	86	89	91	95	
1817	80	80	81	82	83	84	85	89	
1818	7	9	10	12	13	16	18	80	81	81	82	83	84	85	86	88	98	
1819	6	8	11	12	14	15	16	17	19	20	80	81	84	85	
1820	17	18	21	
1821	57	58	61	87	90	92	98	
1822	52	54	55	55	56	56	58	60	93	
1823	43	47	48	50	50	51	52	53	54	55	56	64	
1824	44	46	47	49	50	51	54	
1825	3	45	47	49	54	
1826	62	
1845	11	27	
1846	8	9	10	11	13	13	14	19	
1847	8	11	12	16	16	17	19	20	23	25	57	57	61	70	
1848	3	16	17	18	20	21	23	24	52	53	55	56	56	59	61	
1849	43	46	47	48	49	50	51	51	53	54	87	90	
1850	39	51	53	79	80	82	84	85	98	
1851	10	42	79	81	84	
1852	5	8	9	10	11	13	14	14	16	18	19	20	24	72	80	
1853	8	12	13	15	18	19	20	21	25	56	72	
1854	21	23	87	91	
1855	11	82	83	84	85	86	87	88	89	90	94	
1856	52	55	56	57	58	59	61	81	82	83	85	86	87	89	90	92	95	98	
1857	17	50	51	52	53	54	55	56	56	59	62	
1858	44	47	48	49	50	51	52	53	54	
1859	48	50	
1860	52	
1862	69	
1879	9	14	
1880	5	6	8	9	10	12	13	14	24	
1881	5	7	11	12	15	16	17	18	20	23	25	57	63	92	98	
1882	16	16	17	20	22	51	51	52	53	54	54	55	56	58	58	59	61	
1883	33	42	45	46	47	48	49	50	51	53	54	
1884	41	44	45	46	48	49	64	67	80	
1885	7	10	12	13	15	18	21	25	41	43	68	
1886	4	8	11	12	14	15	16	17	19	21	22	24	56	58	
1887	19	20	21	22	23	25	52	56	62	
1888	22	49	50	51	53	82	83	85	86	87	89	90	92	94	98	
1889	7	8	11	14	79	80	81	82	84	85	86	88	90	94	99	
1890	6	11	12	14	21	57	58	61	81	82	83	84	87	90	94	
1891	18	19	21	52	53	54	55	56	57	59	82	87	96	
1892	47	49	49	50	51	53	55	60	87	91	
1893	49	
1897	83	
1901	71	
1905	70	
1908	1	
1910	82	
1913	10	
1914	4	7	9	10	11	13	13	15	18	
1915	6	8	11	12	14	15	16	19	25	81	85	91	96	
1916	16	17	18	20	21	35	52	53	55	57	58	60	62	83	87	92	97	
1917	35	48	50	51	54	55	59	
1918	11	13	44	45	50	
1919	8	10	12	15	19	20	20	22	25	56	57	
1920	21	23	24	52	55	56	57	60	
1921	22	23	50	51	52	53	54	89	91	94	
1922	48	51	53	55	79	80	81	83	84	85	86	88	90	
1923	8	11	79	80	82	83	87	89	
1924	6	10	11	12	13	13	14	15	19	58	81	85	
1925	13	17	20	22	52	55	57	60	81	88	91	95	
1926	49	51	53	55	82	84	85	88	89	
1927	63	66	83	
1928	68	
1936	100	
1937	75	
1947	14	
1948	1	4	10	13	15	
1949	8	9	10	11	12	14	15	17	19	81	84	89	97	
1950	13	15	22	80	81	83	85	86	87	89	91	93	93	95	98	
1951	83	87	89	90	90	92	95	97	
1952	87	88	90	91	92	96	
1953	87	89	90	91	92	95	98	
1954	52	52	54	55	82	86	87	88	88	89	90	91	93	94	96	
1955	50	53	54	64	82	85	86	87	88	89	90	92	93	96	
1956	53	79	81	86	88	
1957	10	56	82	
1958	4	7	11	13	14	15	92	100	
1959	51	80	82	85	86	88	90	91	94	
1960	54	79	81	82	84	85	88	91	96	
1961	83	
1974	73	
1976	61	
1980	85	
1982	8	89	
1983	5	12	14	23	87	
1984	15	79	80	81	82	84	87	89	
1985	80	80	81	82	83	84	85	86	88	90	92	97	
1986	81	82	84	84	85	87	89	91	95	98	
1987	80	81	82	84	84	85	87	89	91	
1988	80	81	82	82	83	84	86	88	90	92	99	
1989	80	81	83	84	85	87	92	95	
1990	84	
1991	10	
1992	5	90	
1993	81	82	84	86	90	
1994	80	82	84	
2017	93	
2018	79	83	
2019	79	80	90	96	
2020	79	80	82	84	98	
2021	79	80	83	83	
2022	40	79	81	84	
2023	80	85	
2024	84	
2027	82	84	94	99	
2028	80	
2030	24	
2052	88	
2053	91	
2054	98	
2055	84	
2056	83	
2057	94	
2058	30	
2060	15	98	
2066	82	
2078	76	
2090	6	
2092	55	
2120	26	
2122	101	
2129	31	
2156	5	
2157	32	
2180	95	
2193	9	
2219	24	
2228	9	
