80	52	53	
111	36	
118	85	
145	35	
182	19	
224	93	
254	88	91	97	
255	85	87	90	92	94	
256	83	86	87	90	91	93	97	
257	83	86	88	89	90	92	96	
258	86	87	88	91	92	98	
259	87	88	90	91	93	98	
260	16	92	97	
285	91	93	
286	87	90	91	93	98	
287	82	87	88	89	90	92	94	97	
288	81	83	85	86	87	89	90	92	93	95	97	
289	80	81	82	83	84	85	86	87	89	90	92	93	96	100	
290	81	82	84	85	86	88	89	91	93	96	
291	81	81	82	85	86	87	89	90	91	92	94	98	
292	8	80	81	82	83	83	84	85	86	87	89	90	91	93	94	97	
293	7	9	12	80	81	82	83	84	85	86	87	89	90	91	93	97	
294	13	81	82	83	84	86	87	88	88	90	91	93	93	97	
295	16	82	86	88	89	90	92	95	
296	16	
316	57	
318	87	91	93	96	
319	81	83	84	86	88	88	90	91	96	
320	54	81	82	83	84	85	86	87	88	89	90	92	95	
321	53	80	81	82	83	83	84	86	87	89	91	94	
322	36	80	81	82	84	85	86	88	89	95	
323	79	80	81	82	83	85	88	
324	10	37	80	81	81	83	83	84	85	87	88	91	
325	80	80	81	83	83	84	85	89	
326	16	36	41	79	80	81	82	84	84	89	
327	7	8	11	14	80	81	82	83	84	88	95	
328	10	12	15	16	80	81	82	84	85	86	90	96	
329	7	11	13	14	16	81	82	83	84	85	87	89	91	92	95	100	
330	16	17	21	83	87	92	
331	18	
350	53	58	88	92	
351	52	53	54	83	86	88	90	91	92	95	
352	51	83	84	85	86	87	89	90	91	93	95	
353	80	81	83	84	85	87	89	93	97	
354	36	40	79	80	81	82	83	84	85	88	90	95	
355	41	46	56	67	80	81	82	84	86	89	95	100	
356	19	41	44	46	47	48	80	81	83	
357	21	26	44	46	49	54	69	79	80	
358	15	41	44	79	81	
359	16	18	20	35	39	42	47	57	62	80	
360	16	17	18	19	19	20	36	41	43	43	44	46	46	47	48	50	56	59	80	
361	20	21	23	26	42	44	45	46	47	48	49	69	80	
362	9	11	13	80	84	
363	8	10	11	12	13	14	15	21	79	81	84	85	89	92	
364	12	14	15	16	17	18	18	20	24	80	82	85	87	90	96	
365	16	17	20	
381	57	
383	52	87	91	98	
384	55	56	82	83	85	86	87	89	90	92	94	
385	51	53	55	80	81	82	84	84	85	87	88	89	90	92	95	
386	36	39	53	62	66	79	80	81	82	84	85	88	90	97	101	
387	34	40	43	47	78	80	81	84	
388	9	16	17	19	19	21	39	43	44	47	49	57	64	79	81	
389	12	15	18	18	19	20	21	35	44	46	47	53	56	57	60	70	79	
390	18	19	20	20	21	22	23	33	42	43	44	46	47	48	50	51	52	54	60	
391	22	42	43	45	46	48	49	50	
392	6	9	11	13	14	48	67	
393	7	11	11	12	13	14	15	16	16	17	18	19	20	56	57	61	
394	17	18	19	20	20	21	23	23	25	47	48	51	52	52	54	54	55	57	58	60	
395	22	23	23	42	44	45	46	47	48	48	49	50	51	53	
396	5	9	13	43	44	48	
397	5	6	9	10	12	13	14	23	81	85	99	
398	7	11	11	12	13	14	15	16	16	18	18	19	20	80	82	83	
399	17	18	19	20	22	26	
400	22	
415	57	91	
416	52	55	86	87	90	92	94	
417	50	52	54	59	81	83	85	86	87	89	90	91	93	98	
418	51	80	81	82	84	85	88	88	89	94	99	
419	41	80	81	83	83	84	85	100	
420	10	12	14	16	19	40	43	45	68	79	80	81	84	
421	7	11	12	14	15	16	17	18	18	19	19	44	65	
422	8	13	15	17	19	20	20	21	23	24	25	43	45	47	57	65	
423	20	21	23	24	51	52	53	54	55	56	57	60	
424	22	23	25	45	47	48	49	50	51	52	54	54	55	
425	45	49	64	
426	7	9	10	11	12	13	14	15	
427	5	7	11	12	14	15	16	17	19	20	20	23	24	58	
428	21	22	23	35	36	51	52	53	54	55	55	56	57	59	62	
429	45	46	46	47	48	49	50	50	51	52	54	
430	43	44	45	46	49	
431	6	8	9	11	11	13	14	68	
432	7	11	12	12	13	14	15	16	17	19	20	23	
433	16	17	17	18	19	20	21	22	
438	64	64	
447	57	
448	52	88	91	93	
449	52	55	56	85	87	88	89	90	92	94	
450	38	51	52	54	55	57	80	81	82	84	85	85	87	88	89	90	92	94	97	99	
451	51	80	81	82	83	84	85	86	88	93	
452	9	17	40	43	44	47	49	67	79	80	81	84	
453	8	10	11	13	14	15	16	17	19	19	23	41	45	80	
454	6	10	11	12	14	15	15	16	17	18	19	19	20	21	24	26	45	
455	13	15	18	19	20	21	22	23	24	25	44	
456	22	23	24	57	
457	51	52	53	54	55	56	57	58	60	
458	45	46	48	49	49	50	54	
459	8	10	44	88	
460	5	6	10	11	12	14	14	15	16	18	68	
461	15	17	17	19	20	21	24	56	57	
462	2	21	23	51	52	53	53	54	55	56	59	
463	42	45	46	47	48	48	49	50	50	51	53	54	58	
464	9	44	46	48	50	
465	7	9	10	11	12	13	14	68	
466	7	11	12	14	15	15	16	17	18	19	20	22	24	26	72	
467	17	18	19	21	22	23	
481	50	53	54	85	87	88	90	92	96	
482	52	55	81	82	84	86	87	89	91	93	95	
483	80	81	82	84	85	86	87	89	94	99	
484	16	37	40	43	80	81	82	83	83	84	
485	8	11	15	16	17	18	19	43	48	69	79	80	84	
486	8	10	12	13	15	16	17	17	18	19	20	22	28	43	44	
487	5	10	12	14	15	16	19	20	21	22	24	45	
488	20	21	22	23	23	24	
489	22	
490	56	57	
491	35	51	52	52	54	55	56	59	
492	43	45	46	47	48	49	50	
493	9	13	
494	8	11	12	14	15	16	16	19	19	71	
495	18	20	21	22	23	25	57	58	
496	51	51	52	53	54	55	55	56	57	60	
497	47	48	49	50	51	51	53	
498	9	44	49	
499	4	7	9	10	11	12	13	14	15	15	16	
500	8	12	14	15	16	16	17	18	18	19	20	20	23	
501	17	18	21	22	25	
512	57	
513	51	53	55	56	
514	46	49	50	52	55	88	
515	50	52	54	82	83	84	85	87	90	95	
516	42	47	53	80	81	82	83	83	84	85	88	90	99	
517	16	17	19	26	39	42	44	47	64	79	80	81	83	85	
518	7	8	11	12	13	14	17	18	19	20	21	26	40	44	46	68	79	
519	11	12	14	15	16	18	19	20	21	24	45	
520	12	18	20	21	22	23	24	
521	5	21	23	23	25	56	57	
524	52	55	56	57	74	
525	47	50	50	51	52	53	54	55	58	61	
526	45	48	49	91	
527	6	8	10	11	14	
528	5	12	13	16	17	17	18	19	
529	17	20	22	23	56	58	60	
530	46	48	49	50	51	52	52	53	53	54	55	56	61	
531	45	47	49	49	50	54	82	84	87	90	94	
532	9	10	45	82	84	89	94	
533	5	6	8	9	11	11	12	13	13	14	15	15	16	16	19	68	
534	15	16	17	18	18	19	20	21	22	24	
535	22	23	
541	89	89	90	
546	53	56	57	
547	37	47	50	51	52	53	53	54	57	58	58	60	
548	32	42	43	45	46	47	48	49	50	51	54	
549	39	42	44	49	80	83	85	
550	7	9	11	12	14	15	16	18	19	40	68	68	78	79	
551	11	13	14	16	17	18	19	20	20	22	26	44	
552	13	15	19	20	21	22	23	
553	21	22	24	25	
554	22	
555	55	
558	52	56	57	61	
559	46	48	50	51	52	53	54	
560	44	45	49	85	88	88	91	
561	7	10	11	12	14	15	92	96	
562	2	16	17	19	20	24	56	
563	22	52	55	56	58	58	61	
564	46	48	49	50	50	51	53	54	
565	41	45	46	49	82	84	86	88	91	94	
566	9	10	12	13	14	15	18	65	79	84	88	
567	7	11	12	13	14	15	16	17	17	19	19	20	22	23	25	68	
568	20	21	22	24	
569	23	
580	52	57	61	
581	37	51	52	53	53	54	55	58	61	
582	32	42	44	45	46	47	48	49	50	54	59	67	
583	10	14	42	43	44	46	65	78	
584	11	13	14	15	18	19	24	26	
585	19	21	21	23	23	24	
586	24	
591	57	
592	52	53	55	56	58	59	
593	35	47	49	50	51	54	
594	9	43	45	48	84	
595	5	7	9	10	11	12	13	14	18	28	
596	16	17	18	19	20	23	56	57	
597	50	51	52	54	55	55	60	
598	48	49	50	53	87	88	90	92	95	
599	9	13	65	79	82	84	86	88	
600	5	6	7	10	11	12	14	14	15	16	17	19	69	
601	13	17	18	19	20	21	21	23	24	
602	21	23	
615	54	55	
618	23	
626	52	54	55	58	61	
627	46	47	49	50	53	
628	8	45	64	87	89	
629	5	6	11	12	14	15	18	
630	17	21	22	52	54	56	62	
631	50	51	53	54	91	97	
632	66	82	84	85	87	89	90	92	98	
633	7	10	11	12	13	14	16	17	79	84	
634	12	15	16	17	18	19	20	20	22	24	25	
635	20	22	23	23	25	
659	57	
660	51	52	53	53	54	58	63	
661	42	46	47	49	49	
662	9	13	85	90	99	
663	7	12	14	16	18	53	57	
664	37	51	52	53	54	83	88	91	
665	50	82	84	86	88	89	91	93	
666	9	11	13	14	16	80	81	84	85	89	
667	5	7	11	12	14	15	15	16	16	17	18	20	68	
668	15	17	18	21	22	23	25	
669	23	
673	101	
693	56	57	
694	51	52	53	54	55	55	56	59	
695	42	46	47	48	49	50	
696	10	44	88	100	
697	2	8	52	82	85	88	89	91	95	
698	17	37	54	80	81	82	84	85	87	89	91	93	
699	9	16	41	44	46	80	82	83	84	88	98	
700	7	10	11	12	14	15	16	19	20	69	80	83	
701	13	14	15	17	17	19	19	20	21	24	
702	20	22	23	
727	58	
728	33	48	50	51	52	53	54	55	56	57	59	62	
729	41	43	44	45	46	47	48	49	49	50	51	58	
730	4	30	40	42	44	46	47	49	
731	12	42	81	84	
732	11	16	18	38	43	48	66	80	81	84	88	98	
733	9	11	13	14	15	16	17	17	19	19	64	79	
734	5	12	14	15	16	18	19	20	21	22	24	44	
735	20	21	23	24	
762	51	53	54	55	55	56	57	58	60	
763	35	47	48	49	49	50	51	52	53	54	59	60	62	
764	38	42	43	44	44	45	46	47	48	49	49	67	
765	10	14	26	43	44	45	46	65	
766	8	12	14	15	18	19	24	28	69	
767	13	14	17	19	20	21	22	24	25	
768	22	23	24	
797	51	53	54	55	60	
799	64	
800	15	23	24	
801	22	
1166	22	
1168	10	73	
1172	9	
1173	12	
1175	6	
1178	61	
1180	60	
1198	16	
1206	81	
1207	7	
1214	49	
1232	77	
1235	33	47	
1237	35	55	
1238	86	
1246	36	
1247	48	
1251	62	
1252	16	
1263	90	
1268	33	
1274	87	
1277	11	
1278	59	
1286	64	
1294	15	
1303	27	
1308	67	
1318	61	
1320	7	
1323	61	
1327	5	
1332	33	
1339	34	
1341	43	
1343	16	
1358	99	
1367	30	
1368	93	
1371	28	31	
1373	40	
1375	37	
1376	66	
1378	38	
1381	66	
1382	54	
1383	6	
1385	42	89	
1386	92	
1406	16	
1407	47	
1408	39	
1409	47	64	
1410	17	26	35	37	38	43	43	48	56	60	
1411	18	18	21	36	42	47	
1412	20	34	41	44	46	47	56	59	
1413	18	22	34	36	39	44	46	50	56	
1414	21	36	42	44	46	48	48	65	68	
1415	20	32	37	42	44	46	59	
1416	45	46	
1417	48	55	
1418	46	
1419	78	
1422	60	
1425	5	
1426	10	
1429	85	
1436	27	
1440	20	35	40	
1441	16	20	37	40	46	
1442	18	18	22	42	44	78	
1443	11	14	16	19	25	40	46	
1444	16	18	19	20	22	27	37	42	43	45	47	56	59	64	
1445	17	19	21	22	24	40	44	45	46	48	48	54	58	59	63	67	68	
1446	20	22	40	43	43	44	46	47	49	54	56	63	65	
1447	19	21	23	23	39	43	44	47	48	53	54	56	57	59	66	
1448	19	21	27	42	44	47	48	51	55	57	59	65	68	
1449	20	23	26	40	43	43	45	46	47	48	50	52	54	56	58	58	
1450	23	37	40	43	44	47	48	51	
1451	45	46	48	48	66	
1452	46	52	58	
1454	61	
1468	68	
1473	9	38	
1474	11	15	17	35	36	68	
1475	13	16	17	18	18	20	25	41	43	43	46	49	65	66	
1476	13	14	16	18	18	20	22	24	40	45	46	48	65	
1477	12	15	16	18	19	20	22	23	28	43	48	69	
1478	19	20	21	24	45	
1479	20	21	22	23	25	45	51	55	
1480	22	23	25	44	49	61	65	
1481	21	23	25	45	49	54	61	
1482	24	34	45	51	53	54	55	56	57	59	61	92	
1483	23	34	44	45	48	49	50	52	54	56	58	60	92	
1484	25	36	41	43	44	45	46	47	49	50	52	53	55	56	58	
1485	25	43	45	46	47	48	50	57	
1486	43	46	
1490	61	
1501	16	
1504	29	
1505	33	
1506	12	17	38	43	44	47	48	
1507	9	11	15	16	18	19	41	46	
1508	10	12	13	14	15	16	17	18	19	21	24	73	
1509	13	15	17	19	20	20	22	24	27	44	
1510	12	14	21	22	24	
1511	22	24	92	
1512	22	24	92	
1513	87	92	
1514	17	
1515	91	98	
1516	86	87	87	89	90	91	93	96	
1517	53	54	55	57	60	86	87	89	90	91	92	94	96	
1518	16	16	17	37	47	52	53	54	55	56	58	58	60	86	93	
1519	43	43	44	45	46	47	48	48	49	50	52	54	56	
1520	42	44	46	47	48	50	52	60	
1523	30	
1526	10	
1536	38	
1538	10	
1539	11	14	17	
1540	7	11	13	15	16	18	19	20	21	38	43	47	66	70	
1541	6	9	11	14	16	18	19	20	22	25	43	
1542	4	11	12	15	18	20	21	23	24	26	44	
1543	21	22	24	92	
1544	52	87	88	89	90	92	94	97	
1545	83	86	87	88	89	90	91	94	98	
1546	10	81	82	83	85	86	87	88	89	90	93	93	96	100	
1547	6	11	15	17	56	58	81	83	84	86	90	
1548	17	18	51	52	55	57	93	
1549	48	50	82	83	85	86	88	88	89	91	93	98	
1550	10	15	80	81	82	83	85	86	87	89	91	95	
1551	7	10	11	12	14	15	81	82	83	84	85	88	88	92	
1552	13	16	16	18	18	20	53	54	54	55	56	57	59	61	71	82	86	91	
1553	17	17	17	21	43	47	48	49	50	51	52	54	55	56	59	62	
1554	45	46	48	49	50	52	53	57	
1555	56	
1556	51	
1558	61	
1559	72	
1561	69	70	71	
1570	26	
1571	11	17	19	37	42	46	
1572	8	11	14	16	18	21	42	
1573	9	11	12	14	15	17	19	20	22	70	
1574	11	13	14	15	16	17	19	20	21	23	24	27	
1575	20	21	23	23	25	
1576	53	54	87	88	92	97	
1577	82	83	84	85	86	88	89	90	91	93	96	
1578	80	80	81	82	83	84	85	85	87	89	91	97	101	
1579	80	80	81	82	84	85	88	89	92	94	
1580	6	8	10	12	14	17	18	56	80	81	84	85	89	
1581	12	13	14	15	16	17	18	20	52	53	56	59	79	81	98	
1582	21	46	48	49	50	52	54	60	87	88	91	
1583	80	82	84	85	87	89	91	93	
1584	10	80	83	86	90	
1585	5	7	9	10	11	12	14	15	57	79	80	83	86	
1586	7	12	13	15	16	16	18	19	20	52	53	56	57	59	80	84	
1587	18	20	22	46	47	50	50	51	52	53	54	58	60	
1588	45	47	48	49	53	
1592	56	
1600	37	
1602	39	
1603	10	16	18	37	42	47	
1604	8	12	14	16	19	41	68	
1605	9	11	13	15	17	18	19	28	42	48	
1606	9	11	13	15	16	17	18	19	21	23	26	45	
1607	5	12	14	15	20	21	22	23	25	45	57	
1608	22	24	52	53	55	91	93	
1609	51	53	54	87	89	90	91	92	94	97	
1610	50	55	81	82	82	85	86	87	88	89	91	95	
1611	79	79	80	81	83	83	85	88	96	
1612	79	80	81	83	85	89	
1613	8	14	28	79	80	83	84	89	
1614	10	11	12	14	15	16	19	56	58	83	84	
1615	13	18	19	21	24	50	51	53	54	56	
1616	22	48	49	51	52	83	87	89	92	
1617	79	81	83	86	92	
1618	9	83	
1619	3	5	7	8	10	11	12	13	14	15	16	27	57	
1620	12	14	15	16	16	17	18	18	19	21	22	24	35	52	53	54	55	56	57	58	60	69	
1621	21	22	43	45	46	47	50	51	52	54	55	60	
1622	45	46	49	51	54	88	95	
1623	63	
1626	55	55	
1636	14	18	42	
1637	6	10	13	16	18	24	42	
1638	9	11	14	16	17	18	19	20	24	26	42	44	69	
1639	8	11	13	14	15	17	18	19	20	21	87	
1640	20	21	23	
1641	4	22	23	25	53	87	91	92	96	
1642	52	55	82	83	85	86	87	88	89	90	92	94	
1643	54	80	81	82	83	84	85	86	87	88	90	91	95	
1644	79	80	81	83	83	85	90	
1645	79	92	
1646	27	
1647	8	11	14	
1648	5	6	11	12	14	15	19	56	60	
1649	17	22	25	47	50	51	52	53	54	59	
1650	45	48	50	52	55	62	83	83	85	87	89	91	95	
1651	82	86	
1652	9	
1653	4	7	9	10	11	12	14	14	16	19	57	
1654	12	13	16	17	18	19	20	21	23	25	26	51	52	52	55	56	59	62	69	
1655	22	23	45	47	49	49	50	52	53	55	88	91	
1656	48	54	56	59	82	84	87	88	91	94	
1657	53	
1669	8	13	
1670	11	13	15	16	19	
1671	10	12	14	15	16	16	17	19	20	21	
1672	5	7	11	13	15	18	19	20	22	23	24	27	
1673	23	24	51	53	87	92	
1674	51	56	82	83	86	88	89	90	91	93	93	96	
1675	53	81	82	83	85	86	88	88	89	92	94	
1676	54	80	81	83	84	85	89	91	
1677	78	79	81	84	87	90	95	
1678	80	86	
1679	84	
1680	21	87	
1681	8	11	14	58	81	
1682	4	6	11	12	13	14	15	16	19	20	51	52	52	55	57	
1683	19	20	22	25	46	47	50	51	54	
1684	45	47	49	55	78	79	81	84	86	89	
1686	10	13	14	16	
1687	4	8	11	13	13	14	15	16	17	18	19	21	24	53	56	58	68	
1688	15	19	20	22	24	27	52	54	54	
1689	49	50	52	53	55	85	86	87	89	91	93	98	99	
1690	48	79	84	88	90	
1693	83	
1699	68	
1700	83	
1701	19	
1703	8	10	13	
1704	6	9	10	11	12	13	14	15	16	18	61	
1705	12	16	17	18	20	22	23	25	52	56	73	92	
1706	51	54	87	88	90	92	96	
1707	54	81	82	83	84	85	85	87	88	88	89	90	94	97	98	
1708	80	81	82	84	85	89	91	
1709	78	79	81	82	84	85	91	
1710	49	50	52	80	85	90	
1711	84	
1712	87	
1713	15	
1715	8	10	13	57	
1716	12	15	16	19	21	52	54	55	56	58	
1717	20	22	42	45	46	48	49	51	54	
1718	42	48	80	83	
1719	14	
1720	8	9	11	14	19	57	68	
1721	8	12	13	14	15	16	17	19	19	21	24	51	52	55	56	61	
1722	18	21	23	50	51	52	53	55	60	91	92	
1723	48	51	54	81	82	84	85	86	89	93	97	
1724	56	81	83	88	
1725	50	80	
1736	18	48	
1737	7	9	14	
1738	6	11	12	
1739	52	83	87	90	92	95	
1740	80	81	83	84	85	87	89	91	94	100	
1741	54	80	81	83	84	88	93	
1742	79	81	83	
1743	80	
1749	8	8	10	11	13	15	16	18	
1750	12	14	15	16	18	20	23	53	55	60	
1751	20	22	46	49	50	54	93	
1752	44	49	54	89	95	
1753	8	15	16	40	
1754	4	10	11	13	13	15	16	18	19	23	56	68	
1755	12	15	17	21	24	27	48	51	51	52	55	57	61	
1756	23	49	50	55	83	86	88	88	89	91	94	
1757	78	80	82	84	87	89	
1758	41	
1770	19	
1771	21	
1772	4	
1773	79	81	83	84	88	88	98	
1774	78	79	81	
1775	80	87	94	
1776	88	
1779	84	
1781	21	25	
1782	11	14	
1783	6	10	12	12	14	18	57	
1784	16	19	20	25	48	54	55	61	69	
1785	22	43	44	46	49	51	53	82	88	
1786	38	
1787	8	9	10	12	14	17	19	41	57	
1788	5	6	12	12	13	14	15	16	18	19	20	21	24	47	55	57	
1789	21	22	49	50	51	53	54	91	
1790	49	60	80	81	82	84	85	90	93	100	
1791	79	93	
1792	83	
1793	17	99	
1806	84	
1807	81	93	
1808	83	94	
1816	11	
1817	8	10	11	13	14	16	19	25	35	56	57	
1818	15	16	17	19	20	21	23	41	47	52	54	55	62	
1819	22	30	39	42	43	45	46	48	49	
1820	8	10	14	57	65	66	
1821	11	12	14	16	19	20	52	55	61	
1822	18	19	20	21	23	23	48	50	51	52	53	55	58	59	
1823	22	50	54	83	85	87	88	90	93	
1824	55	78	81	84	89	
1825	50	83	90	
1850	9	15	
1851	7	10	11	13	14	14	16	19	
1852	13	16	17	19	20	22	34	50	54	58	62	69	
1853	21	23	42	44	45	46	49	
1854	10	12	14	43	57	
1855	5	7	13	22	24	51	52	54	55	59	93	
1856	23	48	49	51	53	59	83	87	91	95	
1857	50	79	82	84	86	89	95	
1858	85	89	
1859	99	
1860	72	
1862	62	
1866	67	
1876	103	
1877	35	79	
1884	4	8	13	
1885	6	9	10	11	13	14	17	25	
1886	12	15	17	19	21	23	55	82	93	95	
1887	21	58	91	
1888	51	55	91	
1889	1	51	53	53	54	59	82	86	87	89	90	92	96	
1890	82	83	84	86	89	91	93	97	
1891	80	84	
1896	88	
1905	69	
1912	28	
1918	11	
1919	6	9	10	12	14	16	16	
1920	3	7	12	14	15	81	82	84	87	89	
1921	53	54	82	83	86	88	89	90	91	93	96	
1922	54	81	82	85	86	87	88	89	90	93	97	
1923	53	79	80	82	83	84	86	90	
1924	78	80	82	83	85	85	
1925	84	
1953	11	
1954	5	80	84	94	99	
1955	81	83	84	85	89	93	93	
1956	79	80	82	83	87	89	97	
1957	79	83	84	
1958	89	
1959	85	
1966	20	
1967	92	
1969	58	
1982	28	
1988	16	
1989	80	85	89	
1990	81	
1998	36	
2001	77	
2007	20	37	
2008	84	
2010	59	
2013	88	
2014	20	
2020	4	
2023	85	
2034	83	
2037	66	
2041	66	
2042	59	
2046	55	
2053	23	
2056	98	
2057	33	
2068	87	
2081	3	
2115	55	
2118	89	90	
2119	14	
2129	16	
2133	85	
2150	7	
2158	94	
2188	9	
2191	2	
2208	100	
2214	20	
2219	19	
2262	3	
2298	4	
