50	75	76	
83	66	
86	91	
87	91	94	98	
88	83	87	90	91	93	96	
89	89	90	92	95	
90	16	87	88	90	91	96	
91	16	92	
116	62	
117	63	
118	38	57	93	
119	87	91	93	97	
120	39	82	85	87	89	90	92	93	96	
121	16	19	40	48	56	81	83	85	86	88	90	93	
122	46	48	81	82	84	89	
123	9	39	43	81	84	85	88	
124	10	12	13	81	82	84	85	86	90	93	
125	19	21	83	86	88	88	91	97	99	
126	17	
150	56	
151	52	91	
152	52	60	83	87	88	92	95	98	
153	17	18	81	83	84	85	87	88	90	
154	16	18	19	42	43	47	69	80	81	83	85	
155	12	20	22	44	53	56	57	80	
156	21	47	50	52	54	59	62	64	
157	3	23	31	39	43	43	45	45	47	48	49	80	
158	4	9	11	80	98	
159	7	11	12	13	14	15	15	18	20	81	86	
160	17	20	22	
182	57	
183	58	
184	52	53	
185	66	87	89	91	94	97	
186	16	81	83	84	86	88	89	
187	8	11	13	15	17	18	18	19	45	81	
188	13	21	22	23	
189	4	22	24	53	
190	23	24	52	54	55	56	59	62	
191	46	48	49	50	53	
192	5	9	44	
193	7	11	13	14	15	28	
194	17	20	21	
216	57	59	
217	51	55	
218	8	50	53	87	90	91	93	97	100	
219	9	45	81	83	85	89	
220	7	8	11	13	14	16	17	18	19	23	27	79	
221	15	19	21	24	
222	22	25	
224	55	56	
225	47	53	54	58	
226	32	43	45	46	49	
227	8	11	12	15	
228	18	20	
249	56	
250	53	54	61	92	
251	50	88	90	91	94	97	
252	9	81	83	84	86	89	94	
253	10	12	14	15	17	19	20	70	
254	18	19	21	23	27	96	97	
255	22	
258	56	
259	52	54	58	
260	9	49	
261	6	13	14	
262	16	18	20	
277	84	85	
283	51	53	58	
284	55	87	90	91	93	95	
285	8	14	81	84	86	89	94	
286	12	13	15	16	18	19	26	68	81	83	
287	4	15	18	20	21	25	27	
288	23	98	
293	47	51	54	58	
294	49	
295	6	11	15	
296	16	17	19	21	
315	57	
316	51	52	55	
317	51	54	86	88	90	92	97	
318	67	81	82	83	84	85	88	90	99	
319	8	10	12	14	15	16	17	18	79	83	
320	5	15	17	19	20	21	24	
321	22	24	
326	55	
327	46	50	54	
328	82	86	89	91	95	
329	7	11	12	14	15	16	18	87	92	
330	16	17	19	20	
348	56	
349	52	55	59	
350	50	52	54	91	94	
351	82	83	85	86	89	91	95	
352	7	10	12	14	15	16	19	71	84	
353	5	12	18	19	20	20	24	26	
354	23	24	
360	35	52	53	54	56	58	60	
361	49	50	
362	9	14	81	84	87	88	90	93	94	
363	5	8	12	13	14	15	16	19	82	86	
364	17	18	19	20	21	
381	58	
382	52	56	
383	49	50	51	54	88	93	
384	49	67	82	85	86	88	88	90	92	94	97	100	
385	6	9	11	14	15	16	80	81	84	
386	12	15	17	18	19	20	23	26	
387	20	22	
393	56	58	
394	52	53	54	55	60	92	94	
395	49	51	87	90	91	92	94	98	
396	3	9	10	14	83	86	90	
397	5	7	12	13	14	14	15	16	16	19	20	23	
398	16	18	21	22	25	
415	56	58	
416	51	53	54	59	
417	48	83	85	87	90	91	97	101	
418	7	9	13	70	79	81	84	86	
419	8	12	15	16	17	19	20	23	26	
420	18	21	22	24	26	
426	56	
427	56	86	88	90	91	94	97	
428	47	50	54	55	83	85	86	89	92	94	98	
429	50	81	82	85	86	87	88	89	90	92	95	
430	6	8	10	11	13	14	81	84	89	
431	3	6	11	13	14	15	16	17	17	18	19	20	
432	18	20	21	22	23	24	
436	56	56	57	
448	57	
449	51	52	55	60	
450	46	49	51	54	90	92	96	
451	8	81	84	86	89	
452	10	11	12	14	15	16	17	18	19	80	83	
453	4	15	20	21	23	24	26	
454	23	
457	57	
458	57	
459	51	55	93	96	
460	56	58	83	86	87	90	92	93	96	99	
461	35	44	46	48	50	51	53	53	69	81	82	84	86	
462	28	42	44	45	46	47	49	50	71	81	84	
463	8	10	13	44	67	80	81	83	85	88	
464	4	7	10	11	12	12	14	14	15	16	17	18	19	21	27	84	88	
465	13	17	18	19	19	20	21	24	25	
466	23	
473	81	81	
481	58	
482	52	
483	49	51	54	90	92	
484	64	82	84	86	87	88	90	95	
485	8	10	12	13	15	16	17	19	70	81	83	
486	5	16	18	19	20	22	25	
487	23	
490	56	
491	53	
492	51	
493	8	86	88	88	90	92	97	
494	13	56	58	82	85	
495	20	34	48	50	51	52	53	54	55	55	60	80	
496	45	47	49	50	51	
497	9	13	29	44	
498	4	7	11	12	12	14	15	16	16	19	20	23	69	
499	18	19	20	21	22	24	
500	23	
514	57	
515	55	
516	50	51	53	55	61	93	
517	82	86	87	88	90	92	100	
518	7	8	11	13	14	16	17	20	70	79	81	83	85	
519	4	18	19	20	25	
520	22	23	25	
524	51	
525	50	51	53	55	58	
526	49	82	85	87	88	90	92	94	96	
527	9	11	14	16	18	80	82	84	86	
528	17	20	56	58	
529	22	46	47	50	51	52	53	55	
530	49	50	88	91	
531	8	9	10	12	14	18	87	
532	12	13	15	16	17	17	18	19	20	24	72	
533	21	22	
536	26	
547	56	
548	56	63	
549	49	51	53	55	92	98	
550	67	82	85	87	89	90	92	96	
551	10	12	14	16	18	81	83	84	86	
552	12	16	17	19	19	26	
553	21	22	23	25	
557	56	
558	50	51	53	55	59	
559	49	53	88	89	90	93	96	
560	9	14	81	83	84	86	89	
561	11	13	18	19	20	
562	22	25	51	52	55	56	58	61	
563	46	48	49	50	51	53	
564	8	45	66	82	86	90	96	101	
565	7	10	11	12	14	15	15	16	18	19	72	81	
566	13	17	17	20	20	21	22	23	25	
567	22	
570	25	25	
581	57	59	
582	47	51	52	53	55	
583	50	83	87	91	93	95	
584	6	9	11	13	15	16	80	82	83	84	86	88	
585	5	8	12	15	16	17	18	19	20	23	26	
586	20	22	24	
590	56	
591	51	53	55	57	59	
592	48	50	55	92	
593	81	83	83	85	86	90	
594	7	10	12	14	15	16	19	79	
595	18	20	21	23	25	53	56	
596	47	51	52	52	54	55	55	58	60	
597	45	48	49	54	87	91	94	
598	8	10	16	68	81	84	86	
599	5	11	12	13	14	15	16	17	17	19	19	20	24	
600	20	21	22	23	24	25	27	
609	101	101	102	
614	56	
615	37	40	48	51	52	54	55	59	
616	43	46	49	51	53	87	89	96	
617	10	80	81	84	85	89	102	
618	7	10	12	13	14	16	17	19	20	68	84	
619	18	20	21	22	24	
620	22	
624	56	60	
625	50	51	52	54	55	
626	8	49	87	90	92	95	99	
627	9	11	13	14	15	80	82	85	89	99	
628	15	16	17	18	19	20	24	58	71	
629	21	23	51	52	57	60	
630	46	49	50	51	53	54	
631	45	48	81	86	89	92	94	102	
632	5	6	8	9	11	12	14	14	16	18	19	68	
633	15	17	18	19	20	21	24	25	26	
634	23	23	
647	57	
648	51	53	55	56	61	
649	47	49	51	54	59	
650	44	48	
651	9	11	14	18	43	69	80	
652	13	20	21	24	26	
653	21	23	
657	56	57	
658	46	51	53	55	56	
659	46	48	49	55	92	94	
660	8	11	14	83	83	84	87	89	93	94	
661	4	11	12	14	15	16	16	19	20	23	69	
662	18	21	22	24	56	57	
663	23	47	50	52	55	
664	49	87	89	91	95	
665	8	8	10	12	14	16	18	80	84	88	
666	13	15	17	19	20	24	26	
667	18	21	22	
682	54	62	
683	54	
684	63	
685	5	24	
686	22	24	
690	58	
691	56	57	
692	42	46	47	50	51	53	53	54	
693	8	48	50	86	89	92	
694	6	10	11	14	15	81	85	90	
695	5	13	16	17	19	20	21	24	57	
696	51	52	59	
697	49	50	53	91	
698	8	13	82	84	86	89	
699	11	12	15	16	16	17	18	19	27	
700	21	22	24	
725	52	55	56	57	60	
726	37	43	47	49	50	51	53	59	
727	30	44	45	46	48	49	
728	6	7	10	11	12	14	15	68	
729	2	17	21	92	
730	53	53	55	88	91	92	98	
731	67	86	87	88	91	94	99	
732	8	10	12	13	14	16	18	79	84	88	
733	5	17	19	20	23	24	27	
734	25	
759	56	58	
760	51	52	54	54	56	59	
761	31	39	42	44	45	46	47	49	49	50	
762	6	11	29	42	43	46	47	68	68	
763	2	8	19	41	47	60	84	86	99	
764	20	42	43	48	82	85	89	
765	9	11	15	17	18	20	68	80	84	
766	4	13	15	19	20	24	26	104	
767	21	22	25	
794	53	54	55	58	61	
795	53	54	57	62	
796	32	44	49	55	
797	24	44	45	48	63	83	
798	15	22	23	27	45	64	80	84	
799	21	23	25	27	
800	21	24	
1158	47	
1166	64	
1168	36	
1176	70	
1177	50	
1183	94	
1184	6	
1189	89	
1202	56	58	
1204	3	
1206	78	
1208	27	47	
1209	37	
1210	28	
1211	40	46	49	67	
1212	46	
1225	15	
1230	31	
1233	17	
1240	27	32	
1241	17	29	41	
1242	17	19	50	68	
1243	17	19	20	24	26	43	45	46	48	48	57	59	66	
1244	21	44	53	54	57	
1245	21	37	44	49	57	68	68	
1246	21	27	44	47	49	52	
1247	43	
1249	54	
1250	10	
1252	68	
1255	99	
1272	61	61	61	
1274	16	
1275	11	16	17	19	43	
1276	13	14	18	20	21	23	23	45	
1277	21	23	
1278	23	25	55	57	
1279	24	52	54	56	57	60	
1280	43	44	45	48	49	51	54	61	
1281	44	46	48	50	
1283	52	
1302	33	
1303	65	
1306	16	
1307	10	14	16	18	19	43	43	
1308	11	14	17	19	21	25	27	70	
1309	22	25	
1310	23	24	88	93	97	
1311	88	91	95	
1312	9	86	90	94	
1313	7	13	15	53	56	58	61	61	82	88	91	
1314	17	51	53	54	56	92	
1315	44	47	48	
1316	51	53	67	
1317	8	92	
1318	81	
1321	15	51	
1339	16	
1340	8	12	13	16	19	
1341	16	19	21	56	
1342	21	22	24	
1343	54	90	92	95	
1344	82	83	85	87	89	
1345	81	83	84	87	89	93	
1346	83	83	86	88	
1347	8	11	14	16	81	85	88	100	
1348	18	52	54	58	82	86	88	92	101	
1349	47	48	50	
1356	10	
1369	23	
1373	10	16	19	
1374	6	10	11	13	13	14	17	19	20	23	56	70	
1375	21	24	51	53	
1376	51	91	95	
1377	81	83	84	86	89	
1378	80	83	86	
1379	82	98	
1380	13	19	
1381	10	88	
1382	13	15	17	18	25	52	59	81	85	90	101	
1383	35	45	46	50	55	
1384	49	
1388	61	
1399	4	
1402	70	
1403	40	
1404	34	
1406	11	15	16	20	24	
1407	7	12	15	18	19	44	57	69	
1408	20	22	23	25	51	
1409	52	53	92	96	
1410	81	84	87	89	94	95	95	95	
1411	81	92	94	
1414	89	
1415	11	13	27	58	
1416	16	19	52	55	
1417	21	46	
1418	53	
1424	14	
1427	5	
1433	87	
1434	15	
1436	52	53	
1439	10	15	19	
1440	7	12	14	17	20	22	45	
1441	21	22	24	51	53	60	
1442	61	91	96	
1443	53	81	86	89	
1444	83	84	93	104	
1445	81	
1448	17	
1449	10	14	20	
1450	16	19	25	51	52	55	59	
1451	20	44	47	48	50	
1452	51	
1461	7	
1463	10	59	
1472	2	9	14	16	21	67	
1473	10	12	13	15	16	17	19	56	
1474	18	20	21	24	52	55	58	61	
1475	22	49	52	54	87	92	98	
1476	82	86	88	92	93	
1477	80	83	93	
1482	13	19	
1483	10	14	19	24	56	
1484	17	19	20	24	26	48	53	55	58	
1485	22	45	46	49	
1486	43	47	63	
1487	53	
1490	78	
1491	102	
1492	67	
1494	61	
1498	12	
1501	52	
1505	10	14	18	29	
1506	10	12	14	16	18	22	72	
1507	3	17	20	23	24	52	56	60	
1508	49	52	55	92	96	
1509	53	82	85	88	89	96	
1510	81	84	
1512	79	
1516	9	17	
1517	6	10	11	12	14	15	16	19	56	57	61	
1518	17	18	19	20	21	24	46	48	52	54	55	56	63	68	
1519	43	44	46	47	48	50	54	
1521	38	
1524	23	
1531	6	
1537	14	
1539	6	10	13	15	16	
1540	5	8	13	17	18	20	22	52	55	57	60	73	
1541	14	22	50	53	54	
1542	49	82	87	88	90	98	
1543	80	84	
1544	85	
1547	17	
1549	16	19	
1550	11	14	17	19	28	42	44	67	
1551	8	11	12	14	15	16	18	18	19	21	23	52	56	57	59	
1552	19	20	21	23	25	46	47	51	52	53	53	54	56	59	
1553	44	49	50	55	56	59	
1554	49	
1555	37	
1557	65	
1560	21	
1564	3	
1567	69	
1571	77	
1572	8	8	11	14	16	18	
1573	11	12	15	17	19	20	24	58	61	71	
1574	21	23	50	51	54	
1575	50	54	86	88	89	91	94	98	
1576	80	83	86	
1579	16	
1581	19	43	
1582	14	16	19	24	
1583	11	14	16	17	19	20	72	
1584	10	12	13	15	16	19	21	22	24	56	57	
1585	5	6	17	19	20	22	24	53	56	
1586	23	25	45	46	48	48	49	51	52	54	56	58	
1587	45	50	83	88	89	91	93	
1588	53	
1591	22	
1593	21	
1595	75	75	76	
1601	10	
1605	10	16	
1606	6	10	11	13	14	16	17	18	22	57	70	
1607	21	22	24	26	50	51	53	55	57	
1608	50	54	86	88	90	91	96	
1609	81	85	88	92	
1612	82	
1613	22	
1614	15	20	23	
1615	10	15	17	20	
1616	13	14	21	
1617	9	22	25	93	
1618	11	13	14	25	36	56	56	
1619	16	17	21	25	51	51	52	54	55	58	
1620	46	49	50	51	53	56	88	92	96	
1621	49	54	81	85	91	
1624	48	
1625	63	
1636	19	
1638	10	16	
1639	10	12	14	16	18	19	58	
1640	18	19	21	24	51	55	58	
1641	22	49	51	53	92	95	
1642	80	82	84	86	90	95	
1643	82	83	87	98	
1644	89	
1646	15	
1648	10	13	14	16	18	21	23	
1649	12	25	59	
1650	50	
1651	8	86	90	
1652	11	12	13	14	16	18	18	53	56	86	99	
1653	19	21	46	47	52	53	54	55	57	58	
1654	48	50	52	54	63	82	87	90	93	95	
1655	49	57	85	90	
1656	57	
1662	18	
1663	85	85	86	
1668	24	
1670	23	
1672	9	11	13	17	19	69	
1673	12	17	20	22	25	51	56	58	
1674	23	25	49	51	53	91	
1675	54	82	86	88	89	92	95	
1676	84	88	
1681	8	11	14	15	18	19	24	58	
1682	8	15	17	21	23	52	72	
1683	22	25	49	51	54	60	
1684	83	91	94	102	
1685	10	14	80	84	87	
1686	5	8	12	15	16	17	19	20	25	56	58	59	70	83	
1687	18	22	25	27	47	49	50	51	53	54	84	
1688	45	50	55	81	84	86	90	93	
1689	86	86	
1690	34	34	35	88	
1695	17	
1699	8	
1704	16	
1705	9	11	13	15	17	19	21	43	69	
1706	15	17	20	22	25	60	
1707	23	24	49	51	53	58	
1708	55	83	85	88	90	93	
1709	79	82	83	86	
1710	84	
1714	6	9	12	15	19	68	
1715	12	15	17	18	20	24	49	
1716	22	25	50	52	55	
1717	23	48	86	91	93	97	
1718	8	13	81	85	88	
1719	9	10	11	13	14	17	56	58	85	
1720	12	15	16	17	19	20	22	23	26	50	51	52	55	56	60	
1721	21	22	48	49	50	53	91	92	98	
1722	49	80	84	86	89	93	
1725	62	
1727	21	21	22	22	
1737	8	
1738	10	13	14	16	17	18	21	
1739	7	12	14	15	20	22	23	53	57	61	72	
1740	21	23	25	50	52	54	
1741	51	54	86	89	91	93	95	
1742	81	85	94	
1746	9	16	18	88	
1747	9	13	24	
1748	9	11	14	15	16	18	19	58	
1749	3	18	21	23	24	52	55	
1750	50	59	92	
1751	80	84	87	88	95	
1752	9	81	
1753	6	10	11	13	15	16	18	18	20	26	56	59	68	
1754	17	20	21	22	47	51	52	53	54	56	60	
1755	50	54	82	85	86	88	89	90	93	94	
1756	80	85	90	
1765	57	
1771	9	12	14	16	19	28	
1772	10	12	14	17	18	20	23	56	70	
1773	21	24	52	54	
1774	51	54	60	87	90	92	96	
1775	81	82	85	87	88	92	
1776	84	
1777	102	
1780	9	21	
1781	10	14	18	25	26	
1782	4	7	12	16	17	19	20	55	56	58	
1783	21	22	24	48	50	52	54	93	
1784	48	82	85	88	91	96	98	
1785	10	13	82	83	
1786	6	9	11	14	15	15	18	19	57	
1787	13	15	18	21	22	23	51	52	53	55	61	
1788	50	53	91	93	97	
1789	51	79	80	82	84	86	90	
1790	87	103	
1791	91	
1797	75	
1804	9	13	19	
1805	11	14	
1807	54	88	92	95	
1808	81	83	84	86	88	
1809	81	87	
1810	93	
1811	18	82	
1813	14	
1814	17	
1815	8	11	12	14	15	16	19	22	57	
1816	18	20	21	24	47	52	54	62	
1817	23	49	55	85	88	89	91	
1818	82	84	86	88	
1819	9	12	14	16	19	58	
1820	6	10	12	14	15	16	17	19	21	23	53	72	
1821	22	24	50	51	55	
1822	48	52	53	86	88	90	92	96	
1823	81	85	90	
1834	78	
1838	9	95	
1840	98	
1841	82	83	84	86	92	102	
1842	80	88	90	
1843	95	
1847	15	15	
1848	9	11	13	19	23	58	
1849	12	15	16	18	20	25	52	55	61	
1850	21	22	25	41	45	46	48	49	50	53	55	
1851	82	84	99	
1852	14	43	67	81	86	
1853	7	10	12	15	17	18	20	56	
1854	20	22	25	51	54	55	56	60	
1855	22	49	52	53	91	95	
1856	79	82	84	86	91	
1857	81	
1863	88	
1873	75	
1874	83	85	
1875	81	90	99	
1876	84	
1878	95	
1882	7	10	12	14	15	
1883	8	12	15	16	17	18	21	23	52	53	54	55	56	58	61	
1884	17	42	47	48	49	50	51	54	
1885	29	43	43	45	65	81	
1886	10	15	23	58	
1887	8	13	20	24	53	56	
1888	22	25	51	92	
1889	81	83	85	87	88	90	95	
1890	86	
1908	67	
1909	89	
1912	19	
1915	11	12	
1916	8	12	14	24	
1917	6	10	12	14	17	96	
1918	53	87	91	97	
1919	65	
1920	23	
1921	51	53	96	
1922	54	83	86	89	91	96	
1923	81	85	92	96	
1929	15	
1935	71	
1950	10	
1951	10	86	89	
1952	81	82	84	86	87	89	92	93	100	
1953	83	88	88	90	95	
1954	82	86	88	90	94	
1955	86	90	93	97	
1956	61	80	82	86	88	
1957	83	
1958	100	
1986	81	83	85	91	
1987	80	82	84	93	
1988	81	85	92	94	101	
1989	81	83	87	91	96	
1990	98	
1992	94	
2008	84	
2009	82	
2021	91	93	
2022	86	
2023	85	
2048	50	
2050	62	
2058	3	
2061	84	
2063	37	
2085	51	
2086	59	
2087	100	
2109	28	
2143	29	
2146	42	
2157	40	
2165	100	
2217	97	
2224	8	
2228	7	
2258	10	
2260	10	
2263	8	
