118	84	
213	18	
316	92	
317	87	90	92	
318	87	88	90	91	93	98	
319	86	87	90	92	96	
320	83	87	88	89	91	92	94	97	
321	86	87	90	92	94	97	
322	87	89	90	91	93	93	97	
323	87	88	89	90	92	93	93	97	
324	87	90	91	93	97	
325	86	87	90	92	95	
326	16	88	90	92	
327	93	
347	91	
348	86	87	89	91	92	96	
349	86	87	90	92	93	97	
350	83	86	87	88	88	90	91	92	95	
351	36	82	83	84	86	87	88	88	89	90	92	94	97	
352	6	81	82	83	84	85	86	87	88	89	91	94	98	
353	81	82	83	84	85	86	87	88	89	94	96	
354	36	38	81	82	83	84	85	86	87	89	90	91	94	97	
355	46	81	82	83	83	84	85	86	88	89	94	
356	46	81	82	84	85	86	88	88	89	91	95	
357	46	81	82	83	83	84	85	86	88	89	90	96	
358	7	9	80	81	82	84	85	86	87	88	89	90	91	93	97	
359	10	13	80	81	83	84	85	86	87	88	89	90	91	93	96	98	
360	11	13	13	16	82	84	86	87	89	90	91	92	95	99	
361	17	87	90	92	96	
362	16	
379	92	
380	86	87	89	91	92	98	
381	82	84	86	87	88	88	90	91	92	95	
382	37	81	82	85	86	87	88	90	91	94	97	
383	80	81	82	83	84	85	86	88	88	89	91	93	96	
384	40	80	81	82	83	84	84	85	86	89	90	95	98	
385	17	39	44	47	58	58	66	79	80	81	82	84	85	
386	16	17	18	18	19	43	43	45	46	47	49	57	67	78	79	80	82	83	85	
387	17	19	20	42	44	45	46	49	50	56	57	58	66	78	79	80	84	
388	18	19	20	21	26	44	44	45	46	47	48	49	50	56	58	58	59	67	73	79	80	83	
389	18	19	20	21	26	44	45	46	47	49	50	56	57	58	58	63	71	79	80	84	101	
390	20	21	32	43	45	47	48	49	50	52	56	57	68	79	80	83	85	
391	21	43	44	45	48	48	49	50	53	56	80	81	84	
392	6	10	42	45	46	48	50	79	80	81	83	85	89	94	
393	4	10	12	13	46	79	80	81	84	85	89	93	
394	7	9	11	14	80	81	82	83	83	84	86	87	88	90	95	98	
395	7	10	11	13	14	15	16	20	81	82	83	83	85	86	87	89	90	91	94	97	99	
396	17	87	89	91	93	97	
397	16	18	
410	57	
411	53	56	
412	51	87	90	92	
413	55	83	85	86	87	88	89	91	95	
414	41	46	53	54	57	81	82	85	86	87	88	89	91	94	96	
415	16	41	46	51	57	60	68	79	80	82	83	84	84	86	98	
416	16	17	19	43	43	44	46	47	48	51	56	57	60	72	79	80	81	83	85	88	
417	15	16	17	18	19	19	44	45	46	48	49	62	69	79	80	81	83	
418	8	16	17	19	19	20	26	43	44	45	46	49	62	65	66	68	79	80	
419	13	14	15	18	19	20	21	26	43	44	48	62	71	79	
420	18	20	20	21	23	24	44	48	62	72	
421	20	21	22	23	25	27	59	71	
422	22	24	52	54	55	56	59	
423	23	24	52	55	56	58	59	64	
424	25	51	53	53	54	55	60	64	
425	34	50	51	53	54	57	58	58	61	64	
426	25	45	50	52	55	56	60	
427	5	17	32	41	43	43	44	45	46	47	48	48	49	51	56	72	79	83	
428	5	9	11	14	44	46	47	47	49	80	81	85	88	
429	7	8	10	11	12	13	14	79	80	81	82	84	85	87	89	91	94	
430	7	11	12	14	15	16	19	81	82	84	86	87	88	91	94	
431	16	17	17	19	21	
439	76	77	77	
443	57	
444	56	
445	46	47	51	52	53	56	61	
446	33	42	46	47	49	55	57	66	82	83	83	85	86	88	94	99	
447	53	68	79	80	81	84	85	88	
448	16	17	19	19	42	44	47	48	64	68	80	81	83	
449	12	14	16	18	18	19	20	44	46	64	80	
450	12	17	19	21	22	24	44	64	69	78	
451	20	21	22	24	25	26	49	55	59	64	
452	20	22	23	24	
453	21	23	24	
454	23	25	
455	23	
456	57	
457	51	53	54	56	61	
458	55	90	92	
459	9	16	86	91	
460	16	17	19	55	56	57	58	59	61	
461	18	19	21	24	32	34	45	48	49	50	51	52	54	55	56	57	58	61	65	
462	5	22	44	45	46	47	48	49	49	50	51	
463	5	9	10	13	14	43	44	45	46	48	79	
464	1	6	8	11	11	12	14	14	15	18	20	80	82	84	91	94	98	
465	13	16	17	17	19	20	22	82	90	92	
466	18	
477	57	
478	35	52	55	57	58	60	
479	30	45	50	52	53	54	59	65	68	103	
480	19	43	44	48	50	63	68	80	
481	13	14	15	19	29	43	45	48	61	80	
482	15	17	20	21	24	25	45	
483	21	23	23	24	73	
484	22	24	
485	23	
489	56	58	
490	52	55	57	
491	47	48	50	51	53	82	88	89	92	
492	81	82	85	86	88	89	90	99	
493	9	10	12	14	16	17	19	68	82	84	88	
494	13	17	18	20	21	58	
495	21	22	25	34	52	53	55	55	56	56	57	59	61	
496	45	49	50	50	51	51	52	53	54	56	58	64	
497	4	9	44	45	46	47	48	49	50	
498	7	9	10	11	12	14	14	15	23	79	89	100	
499	8	11	13	16	17	18	18	19	21	80	83	86	88	
500	16	18	21	22	
512	60	
513	54	
515	23	25	
523	34	53	56	58	58	60	
524	46	47	49	50	51	52	52	54	55	
525	48	49	81	84	86	88	89	
526	7	10	11	13	19	80	82	83	85	94	98	
527	5	6	11	12	13	14	15	16	17	18	19	19	20	23	26	70	79	
528	4	18	20	21	22	24	
529	22	56	57	57	59	60	62	
530	34	47	50	51	51	52	52	53	54	59	
531	45	48	49	50	53	
532	4	6	8	9	10	11	13	13	14	
533	8	10	12	12	15	16	16	17	18	19	20	23	80	99	
534	17	19	21	22	
535	23	
556	57	58	
557	52	54	55	56	56	60	62	
558	46	47	49	50	51	52	53	54	55	
559	9	45	46	48	49	82	83	87	93	
560	6	8	10	11	12	13	13	14	15	15	16	19	
561	12	17	18	19	20	21	24	
563	56	57	58	60	
564	50	51	52	53	54	55	58	87	88	90	92	
565	31	49	87	90	
566	7	9	10	11	14	15	15	16	19	68	
567	12	13	14	15	16	17	18	19	20	20	21	24	
568	20	22	23	25	
581	54	
590	56	57	
591	36	52	53	54	55	56	56	57	58	59	60	
592	32	47	48	49	50	50	51	54	54	56	84	
593	9	44	45	46	47	48	48	49	50	67	
594	2	4	7	9	11	12	13	14	15	82	
595	13	20	22	88	89	90	92	96	
596	87	88	90	91	92	96	
597	52	55	83	86	87	89	90	92	94	
598	42	54	82	83	84	85	87	88	89	91	94	
599	8	10	14	16	19	30	81	83	83	85	89	
600	4	6	10	11	12	14	15	16	17	18	19	20	69	
601	13	17	20	21	22	23	24	26	
602	23	
608	6	
625	53	55	57	58	59	61	
626	34	51	52	53	54	55	56	59	60	
627	30	36	43	45	47	48	48	49	50	53	56	
628	1	5	6	8	10	13	25	44	45	46	47	49	50	
629	43	79	80	82	84	85	89	99	
630	41	46	82	83	84	85	87	89	94	102	
631	32	47	54	80	82	83	84	85	86	88	90	95	98	
632	9	11	14	16	19	43	43	67	79	81	82	84	85	102	
633	10	11	12	14	15	16	17	17	18	19	19	23	71	79	
634	8	12	13	15	16	17	18	20	21	22	24	25	26	
635	21	23	
642	5	5	
660	33	52	54	55	55	57	58	58	60	62	
661	49	51	52	53	53	54	55	56	57	59	60	
662	24	28	42	44	45	47	48	49	50	51	54	57	60	63	
663	24	41	44	44	45	46	48	49	55	56	57	59	66	68	79	
664	18	19	20	26	43	43	44	47	49	50	53	64	68	70	80	81	84	
665	10	15	18	18	19	21	26	29	42	44	45	47	48	49	65	68	78	80	81	
666	7	9	11	13	14	15	19	19	20	22	44	49	73	
667	5	12	15	17	19	20	21	22	23	25	27	
668	22	23	
682	97	
695	53	55	62	
696	25	51	55	60	
697	24	35	54	
698	22	24	54	64	
699	11	22	23	24	
700	21	23	24	
701	24	
1165	60	103	
1176	7	8	
1180	77	
1184	103	
1187	63	
1204	60	78	91	
1217	99	
1224	94	
1243	14	
1245	38	
1261	89	
1271	43	
1277	14	
1282	8	
1285	43	
1306	47	
1308	78	
1312	32	
1323	4	
1329	5	
1331	35	
1335	94	
1343	54	
1344	18	
1346	67	
1349	36	
1350	52	
1365	54	
1368	26	59	
1385	12	12	
1391	14	
1402	72	
1403	93	
1404	87	87	
1405	56	
1411	47	
1412	46	
1413	93	
1414	29	
1417	5	
1418	37	
1430	5	
1431	5	
1434	76	
1439	40	44	56	
1440	17	41	
1441	32	41	46	
1442	50	67	
1443	36	41	45	47	49	
1444	48	
1445	46	57	
1446	42	49	68	
1447	43	47	
1448	46	55	
1461	88	
1463	40	59	
1464	8	40	
1469	41	47	
1470	67	
1471	16	18	
1472	19	24	42	44	62	66	
1473	17	18	38	43	45	47	49	57	60	
1474	16	19	22	24	40	44	46	48	50	56	61	72	
1475	16	19	25	40	44	46	47	53	57	59	68	
1476	18	18	20	42	43	45	46	48	50	57	60	67	69	
1477	19	22	27	38	41	44	47	49	54	58	60	67	
1478	19	22	34	36	43	44	45	46	48	48	50	55	56	
1479	19	22	36	42	44	46	48	49	56	58	65	
1480	21	25	43	44	45	47	49	53	57	59	66	69	
1481	20	44	46	47	48	50	53	56	65	
1482	43	43	46	47	48	51	64	
1483	36	68	
1484	49	
1497	92	
1501	16	23	40	
1503	11	17	21	43	46	68	
1504	13	17	20	29	43	45	47	58	58	
1505	16	18	18	20	22	24	40	45	46	48	49	57	67	70	
1506	14	16	18	20	26	43	45	57	67	74	
1507	15	17	19	20	22	24	26	43	45	48	62	64	
1508	17	20	22	23	44	49	53	59	63	73	
1509	19	20	22	24	35	45	51	54	60	
1510	20	22	24	52	54	58	62	
1511	19	20	22	23	29	45	50	55	59	
1512	19	21	25	54	60	65	
1513	20	21	23	24	26	45	54	56	58	58	61	64	
1514	20	22	23	25	45	47	49	51	52	53	55	56	57	60	
1515	21	25	33	41	44	47	48	48	49	51	53	54	56	57	58	59	61	64	69	
1516	23	30	43	44	46	47	48	49	50	56	61	70	
1517	43	45	46	47	49	50	53	61	
1518	44	46	48	52	
1519	64	
1523	59	
1532	73	
1533	39	
1535	10	16	18	43	45	69	
1536	11	14	17	19	21	42	45	69	
1537	12	15	16	17	19	20	23	25	27	69	74	
1538	15	17	18	19	19	20	22	27	45	62	65	73	
1539	13	14	18	20	21	23	25	28	
1540	21	23	24	
1541	15	22	24	74	
1542	24	87	91	93	97	
1543	74	87	88	90	91	93	96	
1544	25	87	88	90	91	95	98	
1545	16	87	89	90	92	96	98	
1546	87	90	91	93	95	97	
1547	88	89	91	96	
1548	17	24	48	57	92	
1549	18	24	35	51	53	54	56	57	58	59	60	62	63	
1550	24	34	48	50	51	53	54	55	56	57	60	
1551	43	44	47	48	49	50	51	52	54	56	74	
1552	44	46	48	49	50	52	56	59	
1563	71	
1567	17	18	
1568	12	15	16	17	19	43	43	
1569	9	13	14	16	18	19	20	23	24	26	45	68	
1570	9	12	15	19	21	22	23	26	45	
1571	13	21	22	23	
1572	22	24	87	88	91	93	98	
1573	87	87	90	91	92	95	
1574	86	87	89	91	94	96	
1575	86	86	87	89	90	91	93	96	
1576	83	84	85	89	93	97	
1577	81	82	84	84	86	89	91	100	
1578	78	81	81	82	84	85	86	88	89	93	
1579	9	80	81	82	84	85	89	90	
1580	8	11	15	16	81	82	83	84	84	85	88	91	
1581	8	11	12	13	15	18	81	82	85	99	
1582	15	82	87	90	97	
1583	85	86	87	90	91	92	94	96	
1584	16	52	53	54	55	55	56	57	58	59	60	63	65	93	
1585	33	47	51	53	54	55	56	57	60	
1586	43	44	45	46	47	48	48	49	50	51	54	
1587	45	46	49	
1588	53	
1590	81	
1593	63	63	
1594	63	
1595	11	75	
1600	10	
1601	9	11	13	15	23	
1602	13	14	16	17	20	22	
1603	8	22	23	23	92	
1604	87	92	95	
1605	86	87	88	89	90	92	94	97	
1606	82	83	85	86	89	90	95	
1607	81	82	83	84	85	87	89	91	94	99	
1608	81	81	82	83	83	84	85	87	88	90	94	98	
1609	80	81	82	83	84	85	87	89	97	99	
1610	79	80	81	84	85	88	89	
1611	79	80	84	98	
1612	16	79	82	84	93	
1613	10	14	17	19	80	82	84	
1614	6	12	15	16	18	19	20	22	24	28	44	57	79	
1615	22	23	44	51	56	73	
1616	51	80	86	91	94	
1617	8	8	10	12	80	81	82	84	85	86	88	90	95	99	
1618	12	13	57	58	60	63	81	82	86	87	88	89	91	92	94	96	
1619	16	18	51	52	52	54	54	55	56	56	57	59	62	
1620	33	45	47	48	50	50	51	53	53	54	57	61	
1621	44	46	49	51	
1622	49	63	
1623	49	
1634	8	11	
1635	11	13	13	15	17	
1636	22	90	91	
1637	83	86	87	90	91	96	
1638	81	82	85	87	89	90	95	99	
1639	78	80	81	82	85	86	89	
1640	79	81	82	84	86	88	94	
1641	41	79	81	84	90	
1642	79	81	84	86	
1643	40	78	80	86	91	
1644	9	81	85	
1645	12	13	96	
1646	10	14	16	19	
1647	8	10	12	14	15	16	17	17	19	21	25	
1648	15	17	18	20	21	22	24	58	59	
1649	49	50	52	53	54	91	
1650	85	87	89	91	94	
1651	5	10	13	79	81	84	89	
1652	7	9	11	12	14	15	79	80	82	84	86	88	90	99	
1653	12	13	15	16	16	18	18	20	34	54	55	56	57	58	60	80	81	82	84	86	89	91	94	99	
1654	17	47	50	50	51	52	54	55	58	61	63	
1655	45	46	48	48	49	51	53	
1656	55	59	
1658	63	
1663	55	
1666	1	
1668	9	
1669	5	13	
1670	80	82	84	87	88	91	98	
1671	81	84	86	89	95	
1672	80	81	84	89	
1673	79	81	84	89	
1674	80	
1675	2	84	88	
1677	84	100	
1679	18	84	
1680	7	9	11	12	13	14	19	28	
1681	8	12	16	16	17	19	20	21	23	25	56	61	69	
1682	22	25	46	48	50	51	53	53	55	56	
1683	46	50	50	82	83	87	88	89	91	94	
1684	80	82	84	85	88	89	100	
1685	6	9	83	89	102	
1686	5	6	9	11	13	14	15	16	18	69	81	86	94	
1687	8	12	13	15	16	17	19	20	23	33	52	56	57	61	79	80	99	
1688	21	22	52	53	53	54	55	56	59	
1689	49	50	52	55	56	
1690	49	
1694	8	
1704	79	83	98	
1705	80	83	86	
1708	88	
1713	8	12	14	
1714	6	9	11	12	14	15	21	57	
1715	13	16	17	18	18	19	21	24	52	52	54	55	56	59	62	
1716	18	22	32	45	46	47	48	49	50	51	53	56	
1717	40	44	46	49	53	80	82	85	89	
1718	46	80	83	99	
1719	10	17	45	
1720	7	8	9	11	13	13	14	17	18	20	43	
1721	12	15	16	17	19	20	20	22	24	52	55	56	57	58	61	69	79	
1722	22	51	52	53	54	56	60	91	
1723	50	53	53	87	89	
1731	82	
1738	93	
1741	77	
1747	10	14	19	19	
1748	8	9	10	10	11	12	14	14	15	16	20	23	58	
1749	13	16	17	19	21	23	33	52	55	55	59	60	91	
1750	18	29	51	52	53	55	56	58	61	65	
1751	42	44	45	46	48	48	49	50	54	66	68	
1752	8	28	42	44	47	49	64	66	
1753	5	10	12	15	16	18	19	21	24	43	44	65	
1754	4	7	13	14	15	17	18	19	20	21	22	23	25	27	45	56	58	61	73	
1755	5	22	24	25	51	52	55	57	
1756	50	52	54	56	60	83	86	87	88	89	91	93	97	
1757	82	84	86	90	97	99	
1758	87	
1774	98	
1781	7	10	23	
1782	5	6	8	10	12	14	
1783	7	12	15	20	80	82	86	87	90	95	99	
1784	16	18	22	54	60	87	92	
1785	54	61	
1786	15	25	
1787	12	15	23	24	
1788	23	23	55	57	59	
1789	52	54	86	88	90	91	93	93	96	
1790	80	81	82	84	86	88	89	93	
1791	80	85	89	
1801	80	
1809	48	
1816	10	
1817	8	9	10	13	13	15	80	85	92	94	
1818	6	11	12	13	15	16	80	82	84	85	86	88	88	89	91	94	100	
1819	83	87	87	90	91	95	97	
1820	90	91	92	96	98	
1821	52	55	86	87	90	92	94	96	
1822	54	87	90	91	94	95	
1823	53	81	82	83	84	85	86	88	89	
1824	79	81	83	85	94	
1825	84	
1826	81	
1850	5	10	
1851	4	11	86	90	
1852	12	80	82	83	85	87	90	99	
1853	80	81	82	84	85	88	90	94	
1854	81	82	83	84	86	88	88	90	93	
1855	80	81	82	83	84	84	85	88	88	94	98	
1856	79	80	81	83	84	85	86	89	91	93	99	
1857	78	79	82	85	95	
1858	86	
1859	85	88	
1863	94	
1868	85	99	
1871	67	
1875	68	
1877	37	
1884	45	56	
1886	86	
1887	81	84	
1888	79	80	82	86	
1889	79	80	83	87	93	
1890	79	81	92	
1892	101	
1902	79	
1907	26	
1908	8	
1910	62	
1914	49	
1921	86	90	
1925	81	
1928	57	
1931	55	
1957	91	
1976	36	
1982	56	73	
1997	87	
2008	34	
2010	68	
2014	88	
2018	84	
2026	20	50	
2042	37	
2049	67	
2056	103	
2088	89	
2094	23	
2157	39	
2181	23	
2183	12	
2203	101	
