50	77	
111	36	
116	88	93	
117	86	88	92	
118	87	90	91	
119	86	87	91	92	95	
120	82	86	87	89	91	96	
121	92	
148	93	
149	83	86	87	91	92	
150	82	85	86	87	89	91	92	
151	81	82	85	86	87	87	89	90	91	96	
152	10	81	82	84	85	86	88	88	89	90	92	93	97	
153	80	82	83	83	84	85	86	87	88	90	91	96	
154	12	15	16	81	82	83	84	85	86	86	88	88	90	91	93	96	
155	82	83	84	86	87	88	89	90	91	96	
156	17	82	86	87	89	91	93	
157	17	92	
181	56	88	92	
182	86	87	88	90	92	
183	80	82	83	84	85	86	87	88	88	90	92	94	97	
184	78	80	80	81	82	83	83	84	85	86	87	88	89	91	96	100	
185	36	79	80	81	82	83	84	85	86	89	93	
186	78	79	80	81	82	82	83	84	85	86	95	95	96	
187	8	78	79	80	81	82	84	85	95	
188	9	12	13	78	79	80	81	82	84	86	89	95	100	
189	11	14	79	80	81	82	83	84	85	86	89	90	94	98	
190	7	10	12	15	16	78	81	82	84	85	86	87	89	89	91	96	98	
191	17	81	83	84	85	87	88	89	90	92	96	
192	16	91	
213	56	
214	55	56	61	87	90	92	
215	51	54	57	60	83	85	86	87	90	91	93	97	
216	53	57	81	82	83	83	85	86	86	88	89	90	91	96	101	
217	14	55	66	79	81	82	83	84	85	86	89	
218	13	16	67	78	79	80	81	85	
219	16	18	19	44	47	59	71	78	79	80	100	
220	17	18	18	19	20	21	40	43	44	45	46	47	48	48	51	53	56	57	59	70	79	84	
221	20	21	26	29	37	39	42	44	45	46	47	48	49	69	79	
222	23	42	43	46	71	79	80	
223	8	11	15	46	78	78	79	80	81	
224	6	10	11	13	13	15	18	79	79	80	81	83	84	86	89	94	
225	8	10	12	14	15	18	79	80	81	82	84	85	87	89	90	93	95	
226	12	15	16	16	18	80	82	85	87	88	90	92	95	
227	16	91	93	
246	37	
247	54	56	58	86	88	89	92	
248	53	54	82	83	85	86	87	89	90	92	96	
249	52	54	78	79	81	82	82	84	85	86	87	88	90	97	
250	66	79	80	81	82	83	83	84	86	95	
251	16	17	18	18	29	43	46	48	66	71	78	79	81	
252	8	8	11	14	16	17	18	18	19	20	29	42	43	44	45	46	48	68	69	78	
253	11	12	14	15	17	19	19	20	21	22	27	29	44	44	
254	19	20	21	21	22	23	25	45	48	50	52	54	57	58	58	60	62	
255	21	22	23	24	28	31	42	44	45	46	47	48	49	50	51	52	53	53	54	56	57	58	59	60	63	
256	23	24	31	36	42	43	44	45	45	46	47	48	48	49	49	51	57	59	
257	23	27	41	43	44	45	46	46	47	49	49	50	
258	10	14	43	48	79	
259	7	9	10	11	13	14	15	78	79	80	81	82	83	85	89	
260	7	10	11	12	13	15	16	18	79	80	81	82	83	84	86	88	88	90	91	97	
261	15	16	17	81	83	85	86	88	90	97	
262	17	18	
279	57	59	
280	51	53	54	55	57	60	87	90	93	95	
281	52	55	81	82	84	86	87	89	91	
282	55	79	81	82	82	84	85	86	87	89	94	
283	9	54	67	79	80	81	82	84	85	89	
284	8	10	11	13	14	16	16	18	18	19	19	44	78	80	
285	6	11	12	14	15	16	17	17	18	19	20	21	22	27	70	
286	18	19	20	21	22	22	23	25	27	
287	20	22	23	24	25	73	
288	23	25	52	55	
289	51	53	54	55	57	61	
290	24	37	50	51	52	52	54	55	55	56	57	58	58	60	61	
291	32	34	43	45	46	47	47	48	49	49	50	51	52	53	54	56	59	74	
292	40	43	44	45	45	46	47	48	48	49	
293	8	11	15	80	
294	9	11	12	13	14	78	79	80	82	84	94	
295	8	11	12	15	16	17	19	69	79	81	82	84	86	89	94	
296	16	16	17	18	19	21	
312	56	57	62	
313	51	52	54	55	56	88	91	
314	50	52	53	54	55	81	82	83	85	86	87	89	91	
315	47	51	55	79	80	81	82	83	84	86	87	88	90	97	
316	66	78	79	80	82	84	
317	8	9	10	12	13	15	16	17	18	18	19	44	67	68	79	
318	5	7	10	11	12	13	13	14	15	16	17	18	18	19	19	20	22	28	71	
319	20	20	21	22	23	25	26	
320	22	23	24	
324	52	53	55	57	61	63	
325	34	48	50	51	52	53	54	54	56	57	58	58	60	61	
326	36	42	43	44	45	45	46	47	48	49	49	50	50	51	54	63	
327	44	44	46	46	48	66	
328	6	8	9	10	12	14	80	
329	7	11	12	13	14	15	15	16	16	19	19	69	79	81	94	
330	16	17	17	18	19	20	21	22	26	
345	57	61	
346	35	51	52	53	54	56	59	92	
347	49	51	52	54	55	82	83	86	87	88	90	91	96	
348	53	55	78	80	81	82	83	85	86	88	90	95	
349	9	13	18	67	78	80	81	83	
350	6	9	10	11	14	15	16	17	18	19	43	45	46	70	
351	6	11	12	14	15	17	17	18	19	20	20	21	24	28	45	72	
352	1	3	13	18	20	21	21	22	23	23	24	25	27	
353	22	22	23	
359	51	52	54	55	57	58	61	
360	33	45	48	49	50	51	51	52	53	53	54	56	57	59	60	64	
361	41	44	45	46	46	47	48	48	49	49	50	
362	6	8	9	10	12	14	15	28	43	
363	6	11	12	13	14	14	15	16	19	19	20	23	28	69	96	
364	17	17	18	19	20	21	21	22	23	
378	56	
379	34	51	52	55	56	59	87	91	
380	51	52	53	54	56	58	85	86	87	88	88	89	91	92	
381	50	53	68	78	81	82	83	84	85	86	89	91	96	
382	8	14	68	80	81	83	85	
383	9	10	12	13	14	15	16	17	17	18	19	45	71	
384	6	10	12	13	14	15	16	17	18	19	20	20	21	22	24	26	72	
385	20	21	22	23	23	24	25	26	
386	24	
393	57	58	62	
394	33	36	51	52	52	53	53	54	55	55	56	59	60	
395	47	48	49	49	50	50	54	
396	9	10	13	44	49	
397	2	6	8	11	12	12	14	15	15	16	18	20	24	70	
398	16	17	18	20	21	22	23	24	27	
411	56	57	
412	35	53	54	56	60	93	
413	49	51	52	54	55	58	84	86	87	88	89	92	96	
414	51	54	79	81	82	83	83	84	85	86	89	92	94	
415	10	16	18	48	68	69	79	80	82	84	
416	7	9	10	12	13	14	14	15	16	17	17	18	19	20	26	45	70	73	78	
417	4	12	13	14	15	17	18	19	20	20	21	24	27	
418	18	21	22	22	23	23	24	
419	22	
426	87	92	
427	86	87	88	89	90	92	
428	51	52	53	54	55	55	57	59	61	87	88	90	92	
429	33	47	50	51	54	92	
430	8	9	13	44	48	66	
431	7	10	11	12	12	14	14	15	16	70	99	
432	13	16	17	17	18	19	20	21	21	22	24	73	
439	76	76	77	
444	56	58	
445	53	56	58	61	
446	49	50	51	52	54	55	85	86	88	88	90	92	
447	49	51	53	80	82	83	84	85	86	87	89	92	
448	10	16	79	80	81	85	88	
449	7	9	11	12	13	14	15	16	17	17	18	19	68	79	
450	11	13	14	16	17	18	19	20	21	22	24	72	
451	5	21	22	23	24	25	26	
452	25	
458	36	
459	88	90	
460	82	83	84	85	86	87	88	90	91	96	
461	80	81	82	84	84	85	86	87	89	95	98	
462	52	53	55	55	56	81	82	83	85	86	87	89	90	93	97	
463	50	51	54	81	82	84	85	86	87	88	89	90	92	93	99	
464	4	9	10	11	13	82	85	86	88	91	97	
465	5	6	7	10	11	12	12	14	15	15	16	17	18	23	69	
466	16	17	17	19	20	21	22	23	25	
477	57	
478	53	56	57	59	
479	35	48	50	51	52	54	55	56	59	88	89	
480	50	51	52	54	54	81	82	84	85	86	87	88	89	91	97	
481	9	50	54	80	81	82	84	85	89	
482	6	10	11	12	14	14	16	18	68	78	81	83	
483	5	12	13	14	15	16	17	17	18	19	20	20	21	25	26	72	73	
484	5	17	20	21	22	23	24	25	26	
485	23	
491	56	
492	46	50	52	55	57	59	
493	49	51	54	83	85	86	88	89	91	94	
494	67	77	80	81	82	84	85	89	95	
495	7	11	16	18	19	43	46	47	58	79	80	81	83	
496	21	26	42	44	46	47	48	70	78	79	81	84	
497	48	53	78	79	80	81	83	85	98	
498	8	9	10	14	43	68	79	81	84	86	
499	6	7	11	12	12	13	14	15	15	16	16	17	18	20	23	
500	16	17	17	18	19	20	20	21	22	25	26	
501	23	
511	56	57	58	
512	34	37	48	50	52	52	54	56	60	
513	45	46	48	49	50	51	53	54	55	82	85	
514	67	79	80	82	83	83	84	
515	6	8	10	11	14	16	16	18	44	70	79	81	84	
516	6	10	12	13	13	14	15	16	17	18	19	19	20	23	27	44	
517	17	18	20	21	22	23	24	27	
518	22	
524	56	
525	50	52	53	54	55	56	57	58	60	
526	47	49	50	51	52	54	55	87	89	91	95	
527	49	80	82	83	84	86	87	90	
528	10	12	14	16	17	19	57	79	80	84	
529	8	16	17	18	19	19	20	24	35	44	47	51	52	55	56	57	57	58	59	61	68	71	78	
530	20	21	22	24	26	32	37	41	45	46	47	47	48	48	49	49	50	50	51	52	53	55	56	60	
531	43	44	44	45	46	47	47	48	50	78	
532	3	8	9	10	11	14	49	66	79	
533	7	10	11	12	12	13	14	15	16	18	19	20	
534	17	17	19	20	21	21	23	23	26	
535	22	
545	55	56	57	58	60	
546	36	43	48	50	51	52	52	54	55	55	56	57	59	61	
547	33	42	44	45	46	47	48	49	49	50	51	53	67	
548	10	19	40	43	44	45	46	49	62	78	
549	8	8	10	12	13	14	15	17	18	19	20	21	24	43	69	71	
550	13	15	19	20	21	22	22	24	25	26	44	73	73	
551	21	22	23	24	
558	53	56	57	58	
559	35	47	51	52	53	54	55	60	
560	49	50	52	54	80	82	84	85	87	89	91	
561	6	9	10	14	80	82	85	91	
562	7	11	12	14	15	16	17	18	19	20	71	78	
563	2	19	20	21	22	24	25	27	53	55	56	57	58	58	61	
564	23	33	38	45	47	48	49	50	50	51	52	54	55	57	59	60	
565	44	45	46	47	49	49	50	53	
566	5	9	10	13	14	44	48	
567	5	7	10	11	12	13	14	14	15	15	16	17	18	19	20	24	71	
568	17	17	19	20	21	21	22	24	26	
579	61	
580	51	53	53	54	55	58	62	
581	45	49	50	51	54	
582	4	6	23	26	44	48	65	71	
583	5	15	21	24	25	
584	22	23	24	
585	23	
591	57	58	
592	35	48	51	52	54	55	56	57	59	61	
593	45	46	47	49	50	51	52	53	54	
594	8	44	48	50	67	81	84	86	89	
595	6	9	10	11	13	14	15	19	80	84	
596	4	7	13	15	16	17	17	18	18	19	20	21	24	
597	21	22	23	25	52	56	57	58	59	63	
598	34	47	50	51	52	53	53	54	55	55	56	59	61	
599	45	46	47	47	48	49	50	51	54	
600	8	9	44	68	
601	5	6	7	10	11	11	12	13	13	14	15	15	16	17	18	19	
602	16	17	17	18	19	20	21	22	23	23	27	
603	22	
617	24	
625	56	57	
626	35	48	51	52	53	54	55	55	56	58	60	62	
627	32	46	48	49	50	50	54	55	87	88	
628	9	10	13	44	49	67	80	83	83	86	92	
629	7	11	11	12	13	14	15	15	19	70	
630	2	17	17	18	20	21	21	22	24	25	26	
631	23	53	56	58	60	
632	34	50	51	52	53	54	55	55	56	57	59	61	
633	47	48	49	50	51	53	54	83	85	87	90	
634	8	9	13	14	86	
635	6	7	11	12	12	13	14	15	15	16	17	18	19	20	23	
636	17	18	19	19	20	21	22	24	26	70	
659	53	56	58	60	
660	35	47	51	52	52	54	55	55	56	57	59	60	
661	32	43	44	46	48	49	49	50	51	53	54	85	90	
662	9	10	13	82	85	87	90	
663	7	8	10	11	12	12	13	14	15	15	16	17	18	20	69	
664	17	17	18	20	21	22	23	23	57	
665	35	53	54	55	56	57	59	
666	50	51	52	53	54	55	60	87	90	93	
667	50	51	54	82	84	85	87	88	89	92	96	
668	5	8	9	10	11	13	18	45	67	82	84	
669	4	6	7	9	10	11	12	12	13	14	15	15	16	17	17	18	19	19	70	
670	17	17	19	20	21	21	23	24	26	
693	53	55	56	58	60	
694	33	42	46	48	50	51	52	52	54	55	55	56	59	
695	39	45	46	47	49	50	51	53	85	
696	8	10	11	14	82	84	
697	1	4	6	7	10	11	12	13	14	15	15	16	18	19	91	
698	17	21	22	23	25	56	58	87	91	92	
699	51	52	53	55	56	60	83	86	87	88	88	90	92	96	
700	49	50	52	54	55	81	82	83	85	87	88	88	90	91	97	
701	8	16	79	81	82	83	85	88	
702	9	10	11	12	13	14	15	16	17	18	18	68	73	79	
703	2	3	7	11	12	15	16	17	17	18	18	19	20	21	21	24	27	73	
704	20	21	22	23	23	
727	54	55	56	57	61	
728	42	47	49	50	51	52	53	53	54	55	56	57	58	59	61	
729	33	39	42	43	44	45	46	47	48	48	49	50	50	53	
730	9	14	40	43	49	
731	6	8	10	12	12	15	71	
732	55	80	81	83	84	85	86	87	88	89	91	95	
733	52	53	55	80	81	82	83	84	85	86	88	89	90	96	
734	8	53	68	77	81	82	83	84	85	89	94	
735	9	11	13	13	14	16	17	18	18	44	79	81	
736	5	7	11	12	14	15	16	17	18	18	19	20	20	21	23	24	27	69	
737	4	20	21	22	22	24	25	
738	21	22	23	
761	57	
762	50	51	52	53	54	54	55	56	57	57	58	60	
763	33	40	43	45	46	47	47	49	49	50	51	51	54	56	58	59	61	
764	32	41	42	44	44	45	45	46	47	48	48	49	49	56	58	66	
765	10	26	40	43	43	44	46	47	50	57	
766	18	20	41	46	47	67	69	78	79	80	84	99	
767	16	19	20	42	43	47	48	66	72	77	78	79	80	80	82	84	
768	7	9	10	12	14	15	16	18	19	19	20	28	43	43	44	69	72	78	80	81	84	
769	3	6	10	12	13	14	15	17	18	18	19	20	20	21	24	69	73	
770	20	21	22	23	23	24	25	
771	1	22	25	
796	52	55	63	
797	34	50	51	52	53	55	58	59	61	
798	33	45	48	48	50	51	52	53	55	57	59	60	66	
799	43	43	44	45	46	47	49	49	52	61	63	67	74	
800	20	23	24	44	45	46	48	79	
801	11	14	17	19	20	21	26	43	45	48	70	78	
802	8	11	15	19	21	22	23	24	25	45	49	
803	20	21	22	22	23	23	24	25	
804	22	25	
832	55	
833	25	52	55	63	
834	25	49	
835	22	24	
836	5	22	24	25	
1159	66	
1166	66	
1169	46	
1172	7	
1184	7	
1193	41	
1194	68	
1204	52	
1206	73	
1207	44	
1208	48	
1211	3	80	
1212	38	
1235	52	
1244	70	
1255	101	
1261	19	
1269	17	
1271	19	47	
1272	26	
1273	17	20	42	44	47	50	57	62	
1274	19	26	40	45	47	57	71	
1275	20	42	44	46	66	68	
1276	26	42	44	46	48	67	
1277	47	
1278	46	
1279	70	
1282	60	
1285	39	
1299	52	
1302	20	
1303	27	
1304	16	43	50	
1305	11	16	18	18	20	27	41	46	67	
1306	12	16	19	21	27	41	43	45	46	
1307	18	19	20	22	39	43	43	44	46	47	49	57	60	69	
1308	19	21	23	24	26	39	45	47	49	56	60	71	
1309	21	22	24	28	41	43	43	44	46	47	48	49	51	53	56	58	70	
1310	21	31	40	44	45	46	47	48	49	51	54	56	59	62	
1311	22	25	39	43	45	46	47	51	56	73	
1312	28	42	43	46	48	51	69	
1313	33	69	
1314	71	
1316	31	69	
1319	21	93	
1324	63	
1335	45	
1336	16	19	
1337	9	16	18	
1338	10	13	13	16	17	19	20	45	46	68	68	
1339	11	16	17	17	18	18	19	21	21	22	44	48	
1340	13	18	19	20	22	24	43	45	48	69	73	
1341	20	21	22	23	25	44	44	53	64	69	
1342	21	22	23	45	52	58	62	64	98	
1343	21	22	23	25	28	50	52	54	56	57	60	62	93	
1344	22	24	31	37	45	48	50	52	54	56	57	59	73	
1345	23	24	31	34	42	43	44	45	46	47	49	50	51	54	56	57	59	
1346	22	22	36	41	44	45	46	47	48	49	52	
1347	27	43	43	45	46	48	73	
1348	46	48	
1349	69	
1351	95	
1362	39	
1363	61	
1365	91	
1369	15	17	19	
1370	9	16	19	47	67	
1371	10	13	14	16	18	19	20	25	45	73	
1372	6	11	12	13	14	16	17	18	18	19	20	22	24	68	
1373	19	20	21	22	24	27	73	
1374	21	22	23	23	24	25	87	88	92	
1375	23	25	87	88	91	92	
1376	82	86	87	89	91	93	95	
1377	82	82	86	87	88	89	90	91	96	
1378	53	54	58	62	82	86	87	88	89	90	92	93	96	
1379	16	25	33	50	51	52	54	56	57	59	61	74	87	91	
1380	25	43	45	49	50	51	52	53	55	56	57	59	
1381	41	43	44	45	46	47	48	48	50	51	53	59	64	
1382	44	46	47	49	51	53	60	
1383	44	
1384	44	
1385	60	
1387	60	
1399	17	
1402	10	16	19	43	
1403	9	12	14	16	17	18	21	67	
1404	9	12	13	15	16	17	17	18	19	21	25	27	43	47	71	
1405	10	12	14	15	17	19	20	21	22	24	25	27	36	44	58	69	
1406	21	22	24	25	28	
1407	23	24	87	90	91	97	
1408	55	82	83	85	85	86	87	89	90	94	
1409	82	82	84	85	85	87	89	91	96	100	
1410	1	2	80	81	82	84	85	87	88	89	91	97	
1411	7	9	11	14	51	78	79	80	81	82	83	85	87	89	91	95	
1412	6	8	10	12	15	80	81	82	83	84	85	86	88	90	96	
1413	12	17	55	58	62	81	81	82	84	85	86	87	88	90	93	93	96	
1414	16	17	18	35	51	52	53	53	54	55	56	57	59	61	62	87	93	97	
1415	35	43	45	47	48	50	51	51	51	53	54	55	56	57	58	60	
1416	42	44	45	46	47	48	49	50	52	55	59	
1417	44	45	46	49	50	
1418	17	29	48	
1419	31	
1431	17	
1433	24	
1435	19	
1436	4	8	10	12	14	16	19	25	70	
1437	6	10	12	13	15	16	16	17	19	20	21	70	74	
1438	11	13	15	17	18	18	19	20	21	22	24	27	57	
1439	21	22	23	24	25	26	56	60	
1440	25	52	54	56	60	87	87	90	91	93	
1441	54	54	81	82	83	85	86	86	88	88	89	91	93	
1442	79	80	81	82	84	85	89	96	100	
1443	78	78	79	80	81	83	86	91	
1444	79	80	81	83	87	
1445	9	15	79	81	85	
1446	9	15	79	80	81	89	95	
1447	7	8	10	11	12	13	14	15	16	18	78	79	80	81	83	85	90	
1448	15	16	20	55	58	61	80	81	82	84	85	87	88	90	95	
1449	16	17	35	37	51	52	53	53	54	56	57	59	61	87	88	91	92	
1450	47	48	49	49	50	51	52	54	55	57	58	61	
1451	43	44	47	49	50	
1452	48	52	53	
1457	55	
1466	31	
1468	16	
1469	9	12	13	15	19	22	67	
1470	10	12	14	15	16	17	18	19	20	21	71	82	
1471	8	12	13	14	17	18	19	20	21	23	23	25	
1472	20	21	22	24	35	56	57	61	93	
1473	23	51	52	53	54	57	86	87	88	88	90	91	95	
1474	52	53	81	82	83	84	85	85	86	88	90	
1475	58	78	79	80	81	83	84	90	100	
1476	79	82	83	86	
1477	79	83	
1478	80	84	
1479	11	67	
1480	9	14	85	90	
1481	5	9	11	14	26	78	80	83	98	
1482	6	10	11	12	13	14	17	19	25	26	78	79	80	82	84	89	95	98	
1483	12	15	16	17	19	37	52	55	56	57	58	59	61	81	82	83	84	86	87	89	90	92	95	99	
1484	17	35	47	48	50	51	52	53	54	55	56	59	
1485	44	45	46	48	49	50	53	56	59	
1486	44	
1489	7	
1494	61	
1498	34	
1502	9	12	13	16	19	43	67	
1503	5	6	10	11	12	14	15	16	17	18	19	21	24	71	
1504	8	11	13	15	16	17	19	20	20	21	23	25	26	36	56	70	
1505	22	22	23	25	35	59	92	
1506	51	53	53	54	60	86	86	87	88	90	91	98	
1507	53	54	56	80	81	82	83	84	84	85	86	89	90	95	99	
1508	78	80	81	84	87	88	94	98	
1509	78	80	90	
1515	9	14	17	
1516	9	11	14	80	90	
1517	7	10	10	11	12	14	15	16	19	55	56	57	59	61	79	80	81	83	85	88	91	
1518	17	17	19	20	33	42	47	52	52	53	54	55	58	60	82	84	89	92	97	
1519	44	44	46	47	48	49	50	54	
1520	45	46	49	
1530	88	
1535	6	10	14	17	
1536	7	9	11	12	14	15	16	17	18	19	20	28	44	68	72	
1537	7	10	12	13	15	17	18	19	19	20	21	22	24	56	73	
1538	21	21	22	23	52	56	58	92	
1539	22	50	52	53	55	59	83	86	87	88	89	90	92	96	
1540	54	60	78	80	81	82	82	83	84	86	87	88	90	96	
1541	78	79	80	81	84	89	
1542	79	83	
1544	99	
1547	7	
1548	46	
1550	9	14	55	84	
1551	5	7	10	11	12	13	13	14	15	17	19	56	57	58	60	80	83	89	
1552	16	17	18	19	19	21	24	34	48	52	53	53	54	54	55	56	59	71	79	81	
1553	18	22	44	45	46	48	49	49	50	54	55	58	89	
1554	53	
1562	8	
1567	16	
1568	11	13	15	16	18	68	
1569	7	10	12	14	15	16	19	20	23	27	
1570	7	11	13	14	17	18	19	20	20	22	23	27	56	71	
1571	20	21	22	24	58	59	88	92	
1572	23	51	53	53	55	83	85	86	87	88	88	89	91	93	96	
1573	12	54	80	81	82	83	84	86	89	
1574	53	79	80	81	84	87	
1575	79	83	83	88	
1582	17	19	43	46	
1583	17	19	21	25	26	31	39	43	45	47	48	
1584	10	14	20	24	43	46	48	71	
1585	5	8	9	10	11	12	13	14	15	17	19	26	56	57	57	60	70	
1586	16	17	18	19	20	21	23	24	26	35	41	47	51	51	52	53	55	56	59	70	78	99	
1587	22	44	45	47	48	49	50	50	52	
1588	45	51	
1590	51	
1598	95	
1601	9	16	
1602	8	11	13	13	14	16	17	19	20	27	70	
1603	11	12	14	15	15	17	18	19	19	20	22	23	37	56	58	73	
1604	18	21	22	24	52	57	61	
1605	23	50	51	53	53	54	55	85	86	87	89	92	
1606	50	55	58	79	80	81	82	84	85	87	90	
1607	79	80	81	83	85	90	
1608	79	81	83	
1610	41	78	
1614	17	18	21	
1615	12	15	17	19	21	67	
1616	16	18	18	19	20	22	23	26	42	44	47	58	61	72	
1617	17	18	19	20	21	23	26	44	45	48	49	68	
1618	9	13	20	22	24	26	42	44	49	65	69	
1619	5	6	11	14	15	17	19	20	22	24	27	37	44	48	56	57	57	60	62	69	
1620	3	21	22	23	35	47	51	52	53	53	54	54	55	56	58	58	61	71	99	
1621	22	41	43	44	45	46	47	49	50	51	53	55	
1622	50	
1627	9	
1628	51	54	59	
1633	29	
1634	12	17	19	
1635	10	12	14	17	19	67	
1636	7	8	10	12	13	15	15	16	17	18	18	19	20	21	27	56	58	70	
1637	12	18	19	20	21	22	23	25	27	53	56	60	
1638	22	25	48	48	50	51	52	54	55	56	58	87	89	91	
1639	50	54	78	80	81	82	84	86	87	88	91	
1640	79	80	82	83	88	
1641	82	84	
1647	27	
1648	9	11	14	17	19	
1649	9	11	12	14	15	16	17	19	21	23	25	27	69	
1650	22	23	24	27	71	
1651	22	23	24	87	88	91	93	
1652	23	87	91	96	
1653	17	18	23	25	36	55	56	57	60	61	88	92	
1654	24	25	48	50	51	51	52	53	54	55	58	59	61	
1655	32	43	43	44	46	48	49	50	51	54	56	60	
1656	48	
1659	91	
1668	10	26	
1669	7	9	10	11	12	13	14	15	16	18	19	
1670	16	17	18	19	20	21	22	24	26	35	56	58	59	72	
1671	22	23	24	51	52	53	53	54	57	87	90	92	
1672	32	51	54	82	83	84	86	87	88	90	92	94	
1673	54	79	81	82	84	85	89	
1674	53	65	79	86	
1678	41	
1681	11	14	
1682	7	9	11	12	14	15	16	17	18	19	21	23	
1683	7	12	13	15	19	20	20	21	23	26	56	60	69	
1684	21	22	24	52	88	92	
1685	13	81	82	84	85	86	89	97	
1686	7	10	11	13	15	80	81	83	83	84	86	88	90	93	97	
1687	13	15	16	17	20	52	53	56	56	57	60	62	82	83	85	86	87	89	91	95	
1688	18	34	42	51	52	53	54	54	55	57	58	
1689	42	44	45	47	49	49	50	51	53	54	
1690	49	61	
1693	88	
1696	51	
1702	9	15	
1703	5	7	8	10	11	12	13	14	14	15	18	58	
1704	21	22	24	34	52	54	55	58	87	89	90	92	95	
1705	51	53	53	55	58	82	86	87	88	89	91	95	
1706	77	78	80	81	82	84	85	87	88	93	98	
1707	78	81	83	89	96	
1714	12	30	
1715	9	12	13	15	16	67	
1716	6	10	12	12	15	16	17	19	19	21	26	37	56	57	71	
1717	20	21	23	25	26	34	46	51	52	54	56	60	
1718	48	50	54	82	83	85	86	87	90	92	
1719	79	80	81	83	83	85	88	
1720	8	9	12	14	79	80	82	86	
1721	8	10	11	12	14	15	17	19	52	53	55	56	57	59	61	78	79	80	85	98	
1722	16	17	18	19	21	23	42	48	51	52	53	54	55	56	57	58	59	70	81	94	
1723	32	44	45	46	47	49	49	50	52	53	54	56	
1724	44	
1726	100	
1732	10	
1735	27	
1736	10	13	
1737	4	7	11	55	82	
1738	55	81	82	84	85	86	88	90	98	
1739	77	80	81	82	83	84	85	89	92	97	
1740	80	84	
1741	88	
1747	30	
1748	10	16	
1749	7	9	10	11	13	14	15	17	19	68	
1750	7	13	15	15	16	17	18	19	20	21	24	56	58	60	72	
1751	21	22	22	47	49	50	52	53	54	
1752	49	55	60	81	82	84	86	90	
1753	49	79	82	87	97	101	
1754	8	10	12	14	80	
1755	5	6	10	11	12	14	14	15	16	17	19	21	26	58	60	80	
1756	17	18	18	19	20	21	23	25	28	34	48	50	51	52	52	53	54	55	57	59	61	68	80	
1757	23	43	43	44	45	46	47	49	49	50	51	56	
1758	56	
1761	68	
1762	87	
1763	9	9	9	10	
1771	82	
1772	78	79	82	83	87	
1773	79	81	83	89	
1779	27	
1782	10	13	
1783	3	7	11	12	13	14	15	17	18	57	58	60	
1784	16	16	17	18	19	20	21	24	27	34	48	52	54	55	56	59	70	
1785	22	23	43	45	46	47	48	49	50	53	55	89	
1786	53	81	84	
1787	13	82	
1788	4	9	10	14	18	18	21	23	
1789	7	9	10	12	13	13	14	15	16	17	18	19	23	57	58	60	62	69	79	
1790	2	17	18	20	22	24	26	34	42	47	51	52	53	53	54	55	55	56	58	60	61	69	99	99	
1791	44	45	47	49	49	50	52	54	61	
1792	44	52	
1810	72	
1813	28	
1815	10	
1816	9	12	16	19	27	
1817	5	7	9	9	11	12	13	13	14	14	15	16	19	20	25	28	56	57	58	61	
1818	16	17	18	19	20	21	22	24	34	42	48	52	53	53	54	54	55	56	59	63	70	
1819	22	23	44	45	46	48	49	50	54	59	87	
1820	44	51	66	85	
1821	14	19	43	
1822	5	7	9	11	12	14	15	16	17	19	69	
1823	5	7	12	13	15	16	17	18	18	19	20	21	24	25	56	58	59	69	
1824	1	17	21	23	24	34	51	52	52	53	54	55	57	60	
1825	45	49	50	52	53	54	56	84	86	87	87	88	91	96	
1826	52	
1829	46	
1840	102	
1843	61	
1849	11	29	
1850	9	11	13	14	19	
1851	4	7	11	12	14	14	15	16	19	20	25	28	56	57	57	62	
1852	13	16	17	20	22	23	24	26	34	36	47	50	50	51	51	53	53	54	55	56	58	60	71	
1853	23	31	42	43	44	45	46	47	48	49	50	
1854	9	42	44	46	
1855	8	11	14	17	19	24	27	45	47	68	70	
1856	3	6	9	11	13	14	15	16	18	18	19	20	21	24	26	57	72	
1857	2	15	20	20	21	23	23	24	34	52	55	55	57	58	60	
1858	22	50	51	52	53	53	54	55	56	86	87	88	89	90	92	97	
1859	53	81	82	83	84	85	87	89	93	
1860	82	90	93	
1861	93	
1866	80	
1868	69	
1882	14	
1883	6	
1884	4	6	9	11	14	21	
1885	4	6	8	10	11	13	13	14	15	17	19	23	53	57	91	
1886	16	19	21	23	52	53	53	54	55	57	59	62	87	91	93	95	
1887	31	44	45	47	49	50	52	54	
1888	28	43	45	48	64	71	
1889	10	13	13	15	18	19	21	24	43	49	69	
1890	15	22	24	27	57	59	
1891	23	25	51	52	53	54	55	56	86	87	90	91	97	
1892	51	53	62	81	82	83	83	84	86	87	90	96	
1893	79	80	81	84	87	89	94	
1894	81	
1907	76	
1914	50	
1918	9	12	14	
1919	7	8	9	10	12	15	25	82	83	
1920	6	14	15	18	55	80	81	82	84	85	87	89	90	96	96	99	
1921	17	53	83	87	88	89	90	92	94	97	
1922	24	87	91	92	
1923	25	33	57	59	74	86	87	88	90	91	93	97	
1924	52	54	55	82	86	88	88	89	90	93	96	
1925	54	60	82	82	84	85	86	88	88	91	95	
1926	54	58	78	79	81	82	85	
1927	78	81	83	
1939	22	
1942	69	
1949	45	
1951	14	26	
1952	13	23	
1953	4	9	15	92	96	
1954	9	11	15	79	80	84	86	89	93	
1955	11	13	80	82	84	85	86	89	92	94	
1956	80	81	83	83	85	86	88	88	89	91	95	
1957	55	78	81	82	83	83	84	85	86	89	90	96	
1958	55	77	80	81	82	83	83	84	85	88	89	90	
1959	78	79	80	81	83	84	86	
1960	78	81	83	
1970	3	78	
1976	11	70	
1988	5	80	86	89	
1989	78	80	81	83	85	93	
1990	80	81	83	84	97	
1991	79	80	81	84	87	88	
1992	78	80	82	84	93	
1993	79	81	83	88	
2008	99	
2023	86	92	
2024	80	87	91	
2025	80	
2036	10	
2054	16	
2056	63	
2060	64	97	
2099	97	
2112	38	
2126	92	
2129	43	
2143	84	
2145	30	35	
2160	86	
2194	5	
2208	100	
2241	97	
2254	15	
2256	9	
2270	98	
2300	3	
