48	58	
112	42	
117	88	92	97	
118	88	90	91	94	96	
119	87	91	92	96	
120	88	91	92	96	
146	29	
150	55	86	87	90	94	
151	83	84	86	87	89	
152	46	48	67	81	82	85	88	88	89	
153	10	18	45	46	48	48	56	81	82	84	85	86	88	98	
154	9	13	15	42	46	80	82	84	85	86	95	99	
155	12	15	82	86	89	90	94	
156	16	19	91	97	
181	56	
182	55	92	
183	55	86	87	88	90	93	96	
184	11	13	17	81	82	83	85	89	95	99	
185	17	20	45	51	72	79	81	85	98	
186	21	26	53	61	79	84	
187	21	26	50	52	56	57	59	64	70	80	
188	4	22	28	51	71	79	
189	7	10	23	26	45	46	49	80	83	102	
190	11	13	15	19	86	88	90	96	
191	17	19	
211	24	
212	22	
213	57	
214	56	
215	52	54	
216	55	86	87	88	90	92	95	99	
217	9	13	82	83	85	101	
218	15	16	18	19	19	79	
219	20	22	23	
220	22	23	75	
221	57	62	
222	52	55	56	59	
223	8	49	50	53	
224	11	13	14	48	78	80	84	
225	16	19	21	
248	52	54	59	87	91	93	95	
249	54	68	83	87	88	90	93	97	
250	6	8	11	14	16	19	81	82	83	85	101	
251	12	15	17	19	20	27	79	
252	2	21	22	24	26	74	
253	23	
255	58	
256	53	56	59	
257	48	51	
258	5	11	14	46	
259	16	24	91	96	
260	18	
280	53	56	57	58	59	
281	48	50	52	55	
282	45	47	49	51	82	85	86	99	
283	7	9	12	13	19	44	69	81	82	84	85	88	
284	15	16	18	19	20	45	70	79	
285	21	23	24	73	
286	22	
288	99	100	100	101	
290	52	57	59	
291	48	50	51	54	
292	5	10	49	
293	7	11	13	84	88	
294	17	21	
314	57	60	
315	31	50	54	63	
316	9	49	65	81	
317	11	15	19	22	71	78	
318	21	22	24	
319	22	
322	104	
324	53	57	59	62	
325	47	51	55	
326	9	49	
327	12	15	16	19	23	72	99	
328	18	21	
351	25	
358	34	57	59	61	
359	48	51	53	55	
360	6	9	11	49	87	88	
361	2	11	13	16	17	19	21	
362	21	23	
392	56	59	60	
393	50	51	54	
394	7	10	11	13	15	48	
395	16	18	19	20	23	
396	22	
426	52	55	56	59	
427	50	53	87	
428	4	7	9	11	13	14	44	105	
429	17	19	20	25	
437	60	61	61	
459	57	
460	54	
461	8	49	53	85	87	91	93	100	
462	3	11	13	15	18	
463	20	21	24	28	
489	66	
490	68	
492	58	
493	53	60	
494	52	54	87	91	93	
495	9	11	14	82	84	86	89	
496	12	15	16	17	19	20	
497	22	
515	67	
526	56	60	91	97	
527	47	55	87	90	93	96	
528	14	53	82	86	87	88	90	92	96	100	
529	5	8	11	12	15	16	69	80	82	85	100	
530	17	18	20	21	24	27	
531	23	
553	46	
557	57	
558	53	
559	50	87	92	94	
560	43	56	59	82	85	86	88	90	93	
561	32	47	49	51	81	84	86	89	101	
562	9	11	13	13	14	44	46	48	80	82	83	84	86	89	103	
563	11	12	14	15	16	18	18	19	23	71	
564	18	20	22	27	
565	23	
590	57	
591	35	55	56	59	
592	51	52	54	86	91	
593	81	82	85	86	88	90	100	
594	17	20	73	79	81	83	
595	32	51	54	65	84	
596	7	11	12	14	15	16	18	80	
597	12	17	19	20	24	26	
598	22	23	
624	56	58	62	
625	52	54	55	
626	46	49	51	53	83	87	89	91	98	
627	8	12	15	16	79	81	85	99	
628	17	20	24	
629	9	
630	4	12	14	17	18	
631	20	22	24	
658	34	55	56	57	59	61	
659	47	49	50	51	54	55	59	91	
660	10	49	82	84	86	88	95	
661	4	8	12	15	16	17	19	33	70	
662	20	22	
663	11	45	
664	13	15	16	18	19	24	27	
691	57	
692	53	56	59	61	
693	46	48	50	51	52	87	
694	10	14	82	84	
695	5	17	20	24	26	
696	22	
697	5	6	13	14	17	19	
698	18	21	
699	23	
725	62	
726	51	52	55	57	58	60	
727	47	50	54	
728	5	6	8	12	15	34	88	91	
729	17	21	23	92	
730	7	11	14	16	
731	19	20	27	
732	22	
759	56	58	59	62	
760	52	53	55	56	57	59	60	
761	45	46	47	48	49	50	51	83	87	89	96	102	
762	7	9	11	45	46	66	87	90	97	99	
763	9	11	13	13	15	16	17	18	83	86	
764	15	16	17	19	20	
765	20	
766	23	
793	59	62	
794	51	52	54	55	56	57	58	59	61	
795	31	42	47	50	51	52	53	53	65	66	
796	6	9	11	14	19	28	44	45	47	48	49	66	70	83	
797	3	7	10	11	12	13	14	15	19	20	21	44	69	72	80	
798	19	20	21	22	25	
799	22	
828	55	61	
829	52	53	
830	7	8	23	
831	2	22	24	25	27	
832	23	25	
858	36	
865	76	
1159	94	
1165	62	
1186	66	
1198	42	
1204	61	
1211	57	
1213	69	
1230	42	
1233	20	
1235	46	
1237	66	
1238	41	
1239	48	
1240	47	48	
1241	45	46	
1242	43	46	48	51	
1244	48	
1247	64	
1258	102	
1259	41	
1271	47	
1272	17	21	33	46	78	
1273	18	18	20	52	63	
1274	18	20	45	50	52	59	76	
1275	20	22	24	36	50	57	58	68	71	
1276	49	51	56	65	67	74	
1277	26	45	46	49	56	
1278	46	48	
1281	61	
1293	24	
1302	23	43	
1304	46	
1305	12	14	16	19	46	
1306	11	14	17	20	22	29	72	
1307	21	23	73	
1308	23	25	74	92	
1309	25	55	
1310	25	53	54	57	60	74	
1311	51	57	60	63	
1312	47	50	52	
1313	15	47	
1332	43	
1333	27	
1335	18	
1337	9	24	29	
1338	11	14	16	18	19	
1339	12	14	19	20	
1340	22	25	
1341	88	90	93	
1342	92	94	97	
1343	87	89	91	94	
1344	87	89	91	
1345	16	56	60	
1346	36	51	53	56	59	74	
1347	47	49	
1350	34	
1353	1	
1357	5	
1367	25	
1370	9	15	17	47	
1371	11	15	17	19	
1372	12	17	21	56	70	
1373	22	24	74	
1374	53	56	87	94	
1375	81	85	91	99	
1376	81	86	88	92	
1377	80	82	84	86	89	99	
1378	9	81	85	91	99	
1379	12	16	58	61	87	91	96	
1380	18	52	53	57	
1381	46	48	50	
1395	90	
1397	103	
1402	16	
1403	13	16	18	
1404	9	14	17	19	71	
1405	12	15	20	22	24	27	56	
1406	24	59	
1407	54	91	96	
1408	81	85	93	93	
1409	80	84	89	
1410	79	86	92	98	
1411	82	
1412	10	14	20	81	83	
1413	7	81	85	
1414	17	22	56	59	61	
1415	47	49	51	54	61	
1416	51	
1417	9	
1418	71	
1430	63	
1435	15	17	
1436	24	44	
1437	7	12	14	
1438	15	21	25	
1439	22	73	88	
1440	54	87	91	95	
1441	81	86	89	
1442	80	84	91	
1444	98	98	99	
1446	8	95	
1447	12	15	16	57	
1448	17	21	52	57	59	
1449	47	51	54	
1450	49	55	
1470	14	
1471	11	15	
1472	91	
1473	86	87	90	93	97	
1474	81	83	86	90	
1475	79	84	91	98	
1476	88	
1477	92	
1480	5	10	14	
1481	5	11	16	19	
1482	17	21	59	62	
1483	48	50	52	54	
1484	66	
1506	81	85	89	98	
1507	80	82	83	85	
1508	84	100	
1509	84	
1512	22	
1513	26	
1514	10	
1515	2	6	11	13	14	16	20	
1516	18	20	23	25	27	52	55	60	
1517	51	54	58	
1518	53	
1522	78	
1524	85	
1526	11	
1539	73	
1540	90	98	
1542	86	
1547	17	
1549	8	11	13	14	16	22	57	61	
1550	18	20	22	48	52	55	
1551	50	59	88	
1552	50	
1563	89	
1570	38	40	
1580	16	
1582	8	14	
1583	12	17	20	25	59	
1584	52	54	58	
1585	51	85	88	
1586	65	
1605	22	
1614	20	41	
1616	10	13	14	16	19	26	58	
1617	15	17	20	23	47	53	57	62	72	
1618	50	52	
1619	50	87	
1620	86	
1621	93	
1622	14	
1624	46	46	47	47	
1644	41	
1646	85	
1647	18	26	
1648	18	43	
1649	10	14	20	47	48	68	
1650	6	17	21	45	56	57	60	
1651	22	24	26	47	50	51	53	54	57	
1652	49	51	91	95	
1653	94	
1654	54	
1658	48	88	
1675	9	
1677	100	
1678	19	
1679	64	65	
1680	19	
1681	22	47	
1682	11	17	19	21	24	28	45	48	71	
1683	10	12	15	17	19	21	
1684	18	20	21	23	35	57	59	62	71	
1685	22	50	51	53	53	54	
1686	49	87	88	
1688	66	
1699	69	
1708	70	
1710	9	
1712	11	
1714	11	13	16	
1715	13	15	18	19	26	72	
1716	15	18	21	23	23	
1717	24	58	63	
1718	17	24	52	54	55	56	60	
1719	49	52	54	86	88	90	96	
1720	59	84	
1724	85	
1728	75	
1731	94	94	95	95	
1736	70	
1742	41	42	
1747	8	13	20	
1748	9	11	12	14	17	19	21	71	
1749	20	21	26	
1750	10	23	50	
1751	6	60	
1752	53	54	57	60	90	92	
1753	49	82	84	86	93	
1755	91	
1757	51	
1763	71	74	
1765	73	
1774	38	
1781	6	9	11	13	15	17	
1782	4	16	17	18	19	20	60	71	
1783	21	23	50	
1784	7	12	50	85	89	95	100	
1785	58	
1786	50	52	53	57	85	86	88	90	98	
1787	65	81	85	91	
1788	89	
1789	92	
1791	93	
1795	76	
1814	10	
1815	7	10	12	13	15	17	20	
1816	18	19	20	22	23	25	26	55	56	59	
1817	51	88	91	
1818	57	81	83	
1819	51	55	
1820	48	83	83	86	89	
1821	86	
1822	92	
1833	13	
1847	26	
1848	8	11	14	14	21	
1849	12	15	16	19	56	61	
1850	18	21	22	47	53	
1851	48	86	100	
1852	53	59	72	
1853	49	52	55	58	88	89	
1854	59	83	87	
1855	83	85	
1881	29	
1882	9	11	15	17	
1883	12	13	15	16	17	18	20	25	63	73	
1884	17	22	25	26	42	47	52	56	
1885	45	47	48	49	57	60	71	81	83	103	
1886	50	53	54	56	
1887	52	87	95	
1888	104	
1891	11	
1892	40	
1895	49	
1905	4	
1914	17	
1915	20	
1916	7	10	12	13	
1917	8	11	12	15	16	18	19	24	57	62	
1918	17	18	20	22	52	56	59	
1919	49	51	53	54	59	
1920	50	60	87	93	
1921	85	92	
1922	87	101	
1926	43	
1928	55	
1933	68	
1934	60	
1940	69	
1944	70	
1949	13	
1950	8	11	13	
1951	7	11	12	15	25	65	91	
1952	52	91	92	96	98	
1953	53	54	91	92	
1954	63	86	91	
1955	84	
1960	72	
1974	12	
1983	95	
1984	10	14	
1985	81	101	
1986	81	83	85	86	87	89	90	92	94	
1987	81	82	85	87	89	99	
1988	83	89	
1989	84	
1994	82	
1995	18	
2011	27	
2019	86	89	
2020	80	82	85	89	
2021	79	81	84	89	94	
2022	83	
2023	102	
2029	41	
2045	26	
2053	102	
2054	90	99	
2063	59	
2086	92	
2089	87	
2126	54	
2127	30	
2151	10	
2156	5	
2160	101	
2167	99	
2178	11	
2182	14	
2227	5	
2234	2	
