120	87	
122	87	92	
123	87	93	97	
124	92	
152	90	91	
153	86	87	90	92	
154	82	85	86	87	88	89	92	94	97	
155	83	85	86	87	88	88	90	91	95	
156	10	81	82	84	85	86	87	87	89	90	91	95	98	
157	81	82	85	86	87	88	88	89	91	96	
158	82	86	87	89	90	91	96	
159	83	86	88	90	93	97	
182	18	
185	87	90	
186	86	87	88	90	93	
187	78	81	82	85	86	87	88	88	90	91	96	
188	79	80	82	82	83	85	86	89	90	96	
189	46	79	80	81	82	83	84	85	86	90	93	100	
190	77	80	81	82	83	83	84	85	89	95	
191	7	11	14	78	79	80	81	82	83	84	85	86	90	93	
192	8	8	11	14	80	81	82	83	84	85	86	87	88	90	92	94	96	
193	12	14	16	17	18	78	79	81	83	84	86	87	89	91	97	
194	16	17	18	92	
217	57	
218	12	51	53	54	57	88	92	
219	52	55	57	82	85	86	88	89	90	94	
220	54	80	81	82	83	84	85	86	87	88	89	90	93	98	
221	78	79	80	81	83	84	85	87	89	95	
222	16	34	43	48	56	56	58	60	77	78	79	80	81	83	
223	17	18	19	20	39	43	44	46	47	48	49	69	73	78	79	80	
224	22	43	44	46	47	48	48	71	78	79	
225	8	46	79	79	81	83	99	
226	8	10	11	13	15	77	78	79	82	84	85	88	90	
227	7	9	10	11	12	14	15	16	19	79	80	82	85	86	89	91	96	
228	16	18	19	22	82	86	87	88	90	93	95	
229	17	
250	57	
251	52	55	57	58	93	
252	51	53	54	55	82	85	86	87	88	89	91	98	
253	50	77	80	81	82	84	85	86	88	89	91	94	
254	78	79	80	81	83	83	85	88	90	
255	7	9	11	13	16	77	78	80	81	83	
256	8	12	12	14	15	16	16	17	18	18	19	20	21	56	57	58	59	61	68	72	79	
257	19	20	21	21	22	23	25	34	36	47	48	48	50	51	51	52	53	54	55	56	57	59	73	
258	24	44	45	46	47	48	49	49	50	53	
259	5	43	
260	5	8	9	11	15	18	79	
261	4	6	8	9	10	12	13	13	15	18	79	80	82	84	87	89	97	
262	8	11	11	13	15	15	16	18	19	21	80	81	83	85	89	
263	16	17	18	19	21	
282	56	
283	56	
284	55	56	59	86	87	88	90	91	
285	33	51	53	54	55	56	60	82	85	86	88	88	89	91	97	
286	51	55	78	80	81	82	83	84	85	86	88	89	91	95	
287	68	77	79	80	81	82	84	85	
288	8	11	14	16	19	20	45	65	67	79	80	
289	8	10	12	13	14	15	16	17	18	18	19	20	21	26	44	70	
290	5	11	13	15	18	20	21	21	22	23	23	25	26	52	56	57	70	
291	21	22	23	24	33	48	50	51	52	52	53	53	54	55	55	56	57	58	60	
292	23	43	44	45	46	46	47	49	49	50	51	54	
293	45	48	
295	6	9	10	12	13	14	67	79	
296	2	5	6	8	11	12	12	13	14	15	15	16	18	19	25	28	78	78	80	85	90	96	98	
297	16	17	18	19	20	21	73	
315	56	
317	50	53	53	57	59	87	89	92	
318	52	54	80	82	83	84	85	86	87	89	90	95	
319	51	54	80	81	82	83	83	84	86	88	89	91	95	
320	67	78	79	80	81	82	83	84	86	
321	6	9	11	14	16	17	19	79	81	99	
322	4	7	9	11	12	13	13	14	15	16	16	17	18	18	19	20	21	24	27	69	72	
323	5	12	17	17	18	19	20	21	21	22	23	24	74	
324	4	21	22	24	53	56	57	63	
325	23	34	50	51	52	53	54	55	56	57	58	60	88	
326	47	49	50	50	51	54	55	87	88	91	
327	44	49	54	87	90	
329	9	11	13	14	67	
330	2	4	7	8	10	11	12	12	14	14	15	15	16	16	19	20	23	80	
331	13	16	17	17	18	19	20	21	21	22	24	70	
332	22	
348	58	
349	56	
350	34	36	50	51	53	53	55	57	58	86	88	91	
351	51	54	81	82	83	85	86	87	88	90	92	96	102	
352	51	53	55	79	81	82	84	85	86	88	90	93	
353	68	77	78	78	79	80	82	85	95	
354	6	10	11	16	17	18	28	45	79	80	102	
355	7	8	10	11	13	14	15	16	17	18	18	19	20	21	25	45	69	73	
356	11	13	14	18	19	20	20	21	22	23	24	25	
357	21	22	25	57	
358	23	52	57	
359	33	50	51	52	53	54	55	59	61	82	86	87	89	90	95	
360	49	50	54	58	82	84	85	86	88	89	90	93	94	
361	81	83	85	87	91	
362	31	
363	5	6	8	9	10	11	13	15	90	
364	4	7	10	11	12	13	13	14	14	15	16	17	18	19	20	25	68	
365	16	16	17	17	18	19	20	21	22	23	24	
382	57	
383	51	52	53	55	56	57	60	83	87	91	
384	50	51	53	54	55	82	85	86	86	88	89	91	95	
385	79	80	81	82	83	83	84	85	86	88	88	91	96	
386	66	79	80	82	85	89	
387	8	10	11	13	15	16	65	67	80	
388	6	11	12	13	14	14	15	16	17	17	18	18	19	19	20	21	23	27	70	
389	4	11	13	15	19	20	20	21	22	23	24	25	
390	22	22	23	23	25	57	73	
391	52	54	57	58	
392	45	48	50	52	54	55	58	59	88	
393	37	51	52	54	55	80	82	84	85	87	89	94	
394	50	54	59	79	81	81	83	83	85	86	87	89	102	
395	80	82	85	100	
396	9	
397	8	9	11	13	13	14	18	18	70	
398	4	7	10	11	12	12	13	14	15	15	16	16	17	18	19	20	20	21	24	26	68	72	
399	18	20	21	22	22	25	27	
400	22	
414	57	
415	56	58	
416	34	46	51	53	55	56	
417	49	51	52	54	62	82	85	86	87	88	90	95	
418	48	51	55	78	79	80	81	83	83	85	86	88	89	91	94	
419	67	79	80	81	84	86	
420	9	11	14	19	68	79	82	
421	5	8	9	11	12	13	14	15	15	16	17	18	18	19	20	24	71	
422	8	13	15	17	18	19	20	21	21	22	23	24	27	72	
423	1	22	23	25	
424	56	57	
425	35	50	51	52	52	54	55	57	59	87	91	
426	49	50	52	53	55	82	85	86	87	89	91	95	
427	48	78	80	82	83	83	85	87	89	94	
428	78	80	81	84	
429	79	
430	9	13	
431	3	7	9	10	11	12	13	14	15	16	18	20	69	
432	5	7	11	12	14	15	16	16	17	17	18	19	19	20	20	22	23	24	26	68	72	
433	17	20	21	22	22	
439	77	78	
448	56	58	59	
449	48	51	52	55	56	
450	46	49	51	52	53	54	55	59	82	84	86	87	89	92	
451	48	50	53	80	81	82	84	85	86	88	89	93	
452	67	78	79	80	81	82	84	87	
453	10	13	16	18	67	78	80	83	
454	4	8	9	10	11	12	14	15	15	16	17	18	18	19	20	21	43	70	
455	5	7	10	12	13	14	15	17	18	19	20	20	21	22	23	23	25	26	70	
456	21	22	23	24	
457	23	56	61	
458	51	53	54	56	58	59	
459	49	51	52	53	54	55	56	81	83	86	87	88	90	95	
460	50	52	80	81	82	83	84	85	86	88	89	90	92	95	
461	51	79	81	82	84	86	95	
462	84	93	
464	6	9	10	11	14	16	18	67	
465	5	6	8	9	10	11	12	13	14	15	15	16	16	17	18	19	23	25	
466	13	16	17	17	19	20	20	21	22	23	23	24	27	69	
467	22	
469	48	49	49	
473	78	
481	57	
482	51	53	56	57	59	
483	47	49	50	51	52	53	54	55	56	60	88	
484	47	49	50	51	54	81	83	84	85	87	88	89	92	102	
485	53	79	80	82	83	85	86	94	
486	9	14	66	79	
487	6	8	10	11	12	13	14	15	16	17	18	18	19	26	69	
488	5	12	14	15	17	18	18	19	20	21	22	23	25	27	69	73	
489	21	22	23	23	24	26	
490	2	56	58	
491	34	51	52	54	56	60	
492	45	46	47	49	50	52	54	58	
493	44	46	48	51	53	78	79	81	84	87	89	
494	53	78	79	80	81	83	85	87	
495	54	79	82	
496	84	
497	9	18	23	
498	9	10	11	12	13	14	18	19	70	
499	6	7	10	11	12	13	14	15	16	17	18	19	19	20	20	22	24	70	73	
500	3	17	18	20	21	21	22	23	24	26	
507	87	87	
515	37	56	57	
516	47	51	52	53	54	55	57	59	
517	46	48	49	50	51	52	54	55	83	86	88	91	96	
518	47	50	50	54	79	81	82	84	85	86	87	91	98	
519	9	67	78	80	82	85	94	
520	7	8	10	11	12	14	15	16	18	19	68	71	
521	6	10	11	12	13	14	15	16	16	17	18	19	19	20	21	23	24	70	72	
522	18	20	21	22	23	23	24	
523	2	22	
524	56	58	
525	34	50	51	51	52	53	53	54	55	55	56	59	62	
526	47	48	49	50	50	52	54	55	56	59	83	87	88	88	90	96	
527	48	50	57	81	82	83	85	87	90	96	102	
528	79	82	83	
529	97	
530	13	
531	6	8	9	14	19	30	68	
532	5	7	10	11	11	12	13	13	14	15	15	16	16	17	18	19	
533	11	13	15	16	17	17	18	19	19	20	21	22	23	23	25	27	
534	20	22	22	
535	23	
541	88	
548	58	
549	52	53	56	57	61	
550	35	46	49	50	51	52	53	54	55	57	58	60	87	91	
551	48	49	51	55	81	82	85	86	87	90	92	94	
552	8	48	79	81	82	83	85	91	
553	3	9	11	12	14	15	66	
554	3	8	10	11	12	13	14	14	15	16	17	18	19	20	24	68	71	
555	12	16	17	17	20	21	22	23	24	25	26	
556	22	23	
557	56	58	
558	52	55	56	57	
559	34	47	49	51	52	52	53	54	55	60	87	89	92	97	
560	47	49	50	51	54	58	80	82	83	84	85	87	90	92	94	
561	50	78	80	81	83	84	86	88	92	96	
562	81	
563	18	
564	67	
565	6	9	10	13	14	16	66	68	
566	5	6	7	10	11	12	14	15	15	16	17	17	18	18	19	20	20	22	24	26	70	
567	17	18	19	20	21	22	23	24	27	73	
568	22	23	
581	58	
582	36	56	57	62	
583	47	51	52	52	53	54	57	60	
584	46	47	48	49	50	51	52	54	55	81	84	86	88	90	102	
585	45	49	50	54	78	80	81	82	83	85	87	89	
586	9	67	78	80	84	
587	6	8	10	11	11	13	13	14	16	17	19	67	70	
588	7	11	12	13	14	15	15	16	17	17	18	18	19	20	20	21	24	69	
589	13	18	20	21	22	23	23	26	
591	56	57	60	
592	33	47	50	51	52	53	55	56	57	59	
593	48	49	50	51	52	53	55	82	84	85	86	88	89	
594	48	51	54	58	78	79	80	81	82	84	86	88	91	97	
595	79	81	85	
598	8	10	16	18	68	
599	6	9	10	11	13	14	15	16	17	17	18	19	19	20	22	24	26	72	
600	8	12	13	14	15	17	18	19	20	20	21	22	23	24	26	72	
601	20	21	22	23	24	
615	57	
616	52	53	55	56	57	60	
617	43	47	48	49	50	51	52	53	54	55	55	56	61	
618	45	46	48	49	50	50	51	54	81	83	88	
619	43	80	82	84	86	
620	8	10	11	14	15	19	83	
621	3	6	10	11	11	12	14	15	15	16	16	17	18	18	19	20	23	28	69	71	
622	7	13	15	17	18	19	20	21	22	23	25	26	
623	21	23	
624	56	58	
625	34	50	51	52	54	55	56	57	
626	46	48	48	50	51	52	53	53	54	59	83	87	91	
627	45	50	53	54	79	81	82	83	85	86	90	94	102	
628	49	79	80	82	84	88	
629	78	
630	17	
631	11	14	17	19	66	
632	8	8	10	11	12	14	14	16	17	18	18	19	19	20	22	25	43	69	
633	10	12	13	13	14	15	16	17	17	18	19	19	20	20	21	24	25	28	69	
634	18	20	21	22	23	24	25	27	
649	53	57	
650	51	52	53	54	55	56	58	59	
651	33	49	50	51	51	52	54	55	86	88	88	90	92	
652	47	48	49	51	53	81	83	85	86	88	91	95	
653	9	10	13	67	78	82	84	
654	7	9	10	11	12	13	14	15	15	16	19	75	
655	11	13	15	16	16	17	18	18	19	20	21	22	23	24	25	26	
656	3	17	18	20	21	22	24	
657	16	17	
658	53	55	57	59	
659	46	48	49	50	51	52	54	55	56	58	61	
660	47	49	50	51	52	53	55	60	81	84	85	88	94	
661	50	60	79	80	81	83	84	85	88	91	93	
662	80	84	
663	13	
664	20	67	
665	8	9	10	11	13	13	14	15	16	17	17	18	19	20	23	70	74	
666	5	6	10	12	14	15	17	18	18	19	20	20	21	24	26	69	74	
667	18	19	20	21	22	23	24	25	28	73	
668	23	
682	58	
683	35	53	55	56	
684	46	50	51	52	54	55	56	58	87	
685	48	50	51	52	53	55	81	82	84	85	86	89	96	101	
686	49	78	81	82	83	84	86	89	93	94	
687	7	8	9	11	13	
688	5	6	8	10	11	12	13	13	14	15	15	16	16	17	18	18	19	19	21	25	69	71	
689	17	17	19	19	20	21	21	22	24	
690	23	
691	57	
692	51	52	53	54	55	56	56	57	59	61	
693	34	36	41	43	45	46	46	47	48	49	49	50	51	51	52	54	55	59	
694	41	44	45	46	47	49	50	54	59	80	83	
695	45	53	79	
696	43	
697	11	14	16	43	67	
698	7	9	10	11	12	13	14	15	16	17	18	18	19	20	21	25	26	69	
699	5	6	9	11	12	13	13	14	15	16	17	18	18	19	19	20	21	23	24	26	27	70	
700	20	21	22	22	23	25	27	74	
701	22	
716	56	57	57	
717	35	47	50	51	52	53	54	56	58	
718	8	32	41	45	46	47	48	50	51	54	86	
719	44	48	50	54	77	79	80	82	83	85	88	
720	8	11	79	80	83	84	
721	9	10	11	12	13	14	15	15	16	16	17	18	19	20	27	68	
722	3	7	11	12	14	15	15	16	17	18	19	20	21	22	23	25	26	69	
723	20	21	22	23	23	25	
726	34	51	52	54	55	56	57	59	62	
727	33	36	48	50	50	51	52	53	53	54	55	56	57	58	59	60	62	
728	28	41	43	44	45	45	46	47	47	48	48	49	49	50	51	54	56	58	
729	40	43	43	44	45	46	47	47	49	73	
730	13	19	43	45	47	49	63	68	68	74	
731	8	9	10	11	14	15	16	17	19	19	21	45	47	70	72	
732	7	10	12	13	14	14	15	16	17	18	18	19	20	20	21	22	23	69	
733	2	12	17	19	20	21	22	23	24	27	74	
734	22	
750	53	56	57	58	60	
751	34	49	50	51	52	52	53	54	55	55	56	57	57	59	60	
752	30	42	44	45	46	47	48	48	49	49	50	50	51	53	59	
753	33	41	43	43	44	45	46	47	48	49	50	66	
754	8	9	11	13	15	18	27	66	68	69	80	
755	5	6	10	11	12	13	13	14	14	15	16	17	18	19	20	23	24	28	72	
756	17	19	20	21	22	23	24	28	
757	23	
761	51	52	53	54	55	57	59	61	
762	35	45	47	49	50	51	52	53	54	56	58	61	67	
763	41	45	47	48	48	49	49	61	
764	8	14	21	25	28	43	43	44	45	65	70	75	
765	10	12	15	19	20	21	23	23	24	26	49	71	
766	15	20	21	22	22	24	25	28	73	
767	1	22	23	24	
784	53	
785	34	51	52	53	54	55	62	
786	34	48	50	51	51	53	54	57	58	62	
787	43	45	45	46	48	49	50	
788	5	7	10	14	20	24	44	45	71	75	
789	3	6	12	14	20	21	23	23	24	26	70	
790	22	23	24	
796	52	54	
797	45	
799	23	24	
800	1	22	
822	24	
823	24	
1157	88	
1162	44	
1167	26	
1168	7	
1170	9	
1173	68	
1178	49	
1182	6	
1204	69	
1206	32	
1208	27	
1225	42	
1236	20	
1239	72	
1240	26	
1244	48	
1247	27	56	
1276	62	68	
1277	18	48	67	
1278	44	47	50	
1279	44	63	66	69	
1280	42	46	
1282	37	
1284	63	
1285	8	
1287	5	
1295	101	
1308	16	19	
1309	16	19	23	42	44	46	49	68	70	
1310	18	19	22	27	39	44	46	48	49	
1311	18	18	20	22	23	26	33	39	43	45	46	47	57	59	71	
1312	19	21	24	26	33	40	42	43	45	46	47	49	51	54	56	59	68	
1313	21	25	26	41	43	45	47	48	48	50	55	62	66	72	
1314	39	46	50	
1315	44	47	49	70	
1316	68	
1317	22	33	
1321	71	
1338	20	
1341	15	20	47	
1342	10	16	17	19	20	44	71	
1343	13	16	18	19	19	21	23	24	42	44	48	49	67	69	
1344	17	18	18	20	21	22	24	44	47	50	62	65	72	
1345	20	21	22	23	50	58	60	92	
1346	20	21	22	23	38	45	49	50	52	53	56	57	60	64	93	
1347	20	22	24	31	36	43	44	45	46	47	48	49	51	55	56	58	59	
1348	24	44	45	46	47	48	49	50	52	54	56	60	73	
1349	22	27	41	43	45	46	49	
1350	47	48	56	
1353	37	
1356	10	
1372	18	18	
1373	15	
1374	14	17	67	
1375	8	9	11	15	16	17	18	19	19	21	25	72	
1376	10	13	15	16	16	17	18	19	19	20	21	24	45	65	70	
1377	13	15	18	20	21	22	23	25	27	52	72	
1378	22	23	25	
1379	25	83	85	86	87	89	90	93	95	96	
1380	23	25	82	87	88	90	91	95	
1381	17	18	24	25	52	54	55	56	57	58	59	60	61	65	
1382	25	42	44	45	47	48	49	50	50	51	52	53	54	56	59	
1383	40	43	44	44	45	46	47	47	48	49	50	54	58	
1384	44	47	49	
1388	65	
1393	89	
1406	19	26	
1407	9	16	18	26	44	
1408	9	11	12	13	14	17	19	20	67	70	
1409	6	10	12	13	14	16	17	18	19	19	20	22	24	26	71	85	
1410	12	18	20	20	21	22	23	24	53	56	
1411	22	24	50	51	52	54	87	87	91	92	
1412	82	83	85	86	87	88	90	91	95	
1413	10	77	79	80	81	84	86	88	91	91	
1414	7	10	11	13	13	14	15	78	79	80	82	84	85	89	91	96	
1415	13	16	16	17	18	19	20	24	57	62	88	97	
1416	17	18	50	51	52	53	54	55	56	57	58	58	60	
1417	32	41	44	45	46	46	47	49	50	51	51	52	53	55	56	59	
1418	44	45	46	48	48	49	54	
1419	54	56	
1421	55	
1424	7	
1439	14	77	
1440	13	17	19	21	41	66	
1441	8	8	11	14	16	18	18	19	20	67	70	
1442	5	11	13	13	14	15	16	17	19	20	20	22	23	26	44	57	71	
1443	15	18	20	21	22	23	24	26	56	
1444	25	45	50	52	54	55	87	90	
1445	52	53	55	58	81	82	83	84	85	86	87	88	90	95	
1446	78	80	82	83	84	85	89	96	
1447	9	78	80	84	
1448	4	7	9	10	11	13	13	14	15	16	19	79	
1449	8	12	12	16	16	17	18	19	21	71	79	83	93	
1450	17	21	22	34	51	52	53	55	56	57	58	60	62	
1451	35	37	47	48	50	50	51	52	53	53	54	58	
1452	43	45	46	48	49	50	51	53	59	
1453	46	
1456	61	
1464	64	
1471	73	
1472	8	80	
1473	10	12	15	16	18	19	68	72	
1474	5	10	13	13	15	16	17	17	18	19	21	24	26	44	47	68	
1475	7	9	11	14	15	16	17	18	19	21	22	24	45	
1476	20	21	22	23	24	35	53	57	59	
1477	22	23	50	51	53	54	55	59	87	91	93	
1478	50	52	54	56	62	82	83	85	86	87	88	88	90	92	93	
1479	66	77	79	80	81	82	84	86	88	96	100	
1480	79	80	81	84	89	
1481	11	15	16	79	83	
1482	4	8	9	10	11	13	14	14	16	18	18	20	23	26	
1483	12	13	15	16	17	18	19	20	22	24	25	70	
1484	21	22	35	53	55	55	56	57	58	59	61	
1485	42	46	47	47	48	49	50	50	51	52	53	54	55	56	57	59	62	
1486	44	45	46	47	49	50	55	
1488	54	
1493	10	
1494	75	
1504	15	16	50	
1505	16	
1506	9	13	13	15	16	18	19	45	68	
1507	7	9	10	12	14	15	16	17	18	19	21	24	71	
1508	11	13	14	16	17	19	19	20	22	24	27	71	
1509	21	21	23	24	27	56	60	73	
1510	23	24	50	51	53	53	54	55	87	91	92	
1511	52	55	82	83	84	84	86	86	88	88	89	91	97	
1512	77	78	80	81	82	84	85	87	90	99	
1513	78	80	82	86	
1514	10	13	19	80	
1515	9	11	14	16	17	19	20	22	23	69	
1516	5	7	9	10	11	13	13	14	15	16	17	18	19	20	21	23	68	72	
1517	12	17	18	19	20	21	22	23	25	27	70	
1518	22	52	55	56	57	58	60	62	
1519	34	47	48	49	50	50	51	51	53	53	54	55	56	57	59	
1520	40	43	44	47	48	49	50	51	53	59	87	
1521	49	
1525	8	10	
1527	57	
1537	72	
1538	9	
1539	9	16	24	
1540	6	8	10	11	13	13	15	16	17	18	18	19	20	21	23	67	69	73	
1541	11	12	14	15	17	18	19	20	21	23	24	26	57	72	
1542	1	21	22	24	27	35	53	56	57	60	
1543	23	50	51	53	54	55	56	87	91	
1544	50	53	55	55	59	82	83	84	85	86	87	88	90	95	
1545	77	79	80	82	84	84	86	88	
1546	66	79	81	83	87	
1547	8	13	82	101	
1548	9	11	14	15	16	18	18	20	26	26	
1549	9	11	13	13	15	16	16	17	18	19	20	21	22	24	68	
1550	12	15	17	18	19	20	21	22	23	25	
1551	21	24	58	
1552	23	34	52	54	55	56	57	60	
1553	46	48	49	50	51	51	52	53	53	54	55	57	59	61	88	
1554	45	48	49	50	83	85	86	88	89	92	94	
1555	53	86	
1561	69	69	69	71	
1566	101	
1570	26	
1572	7	8	11	14	16	19	23	
1573	9	10	12	14	15	16	17	18	20	23	27	28	68	71	
1574	6	9	11	12	13	15	16	17	18	18	19	20	21	23	26	72	
1575	20	21	22	24	28	37	56	58	59	
1576	23	33	51	52	54	55	57	87	
1577	49	51	53	54	81	82	84	85	86	87	88	90	93	93	
1578	77	79	79	80	81	82	83	84	86	89	95	100	
1579	53	78	80	
1580	80	85	96	
1581	10	14	16	18	20	72	
1582	2	7	9	11	12	13	14	15	16	17	19	20	26	69	
1583	7	12	12	15	16	17	18	18	19	20	21	23	23	25	70	
1584	21	22	23	25	
1585	56	57	61	
1586	34	48	51	52	53	55	56	58	
1587	44	46	49	50	50	51	52	53	55	57	59	86	88	92	
1588	49	55	78	80	81	82	84	86	88	
1589	61	84	95	
1595	85	
1600	57	
1605	11	13	68	
1606	7	10	11	13	14	17	18	23	68	
1607	8	9	11	12	14	15	16	17	18	19	20	21	24	71	
1608	2	17	20	21	22	23	24	57	60	
1609	52	53	54	55	56	91	
1610	50	51	54	55	56	59	82	83	85	86	87	88	90	93	
1611	53	78	79	80	81	82	84	85	87	91	
1612	79	81	86	90	
1613	13	19	19	83	89	
1614	9	15	19	23	26	66	
1615	8	10	13	13	15	16	17	18	18	19	21	23	24	26	66	
1616	5	6	9	11	12	13	14	17	18	19	20	21	22	70	
1617	15	19	20	21	22	23	23	24	
1618	22	
1619	53	56	57	58	59	
1620	35	36	47	50	51	52	52	53	54	55	56	59	
1621	44	45	47	49	50	52	54	59	81	83	84	86	87	90	100	
1622	78	79	81	84	94	100	
1623	66	
1629	80	80	81	
1630	9	
1631	80	
1634	30	
1638	13	72	
1639	7	9	11	15	19	
1640	7	9	10	12	13	14	14	15	16	17	17	18	19	22	27	70	
1641	13	17	18	19	20	21	22	24	25	36	56	57	60	
1642	22	23	34	52	53	54	55	57	60	
1643	49	51	52	54	82	83	86	87	88	90	91	95	
1644	49	77	80	81	82	83	83	85	86	88	89	91	94	
1645	79	80	82	84	
1646	81	
1647	7	8	84	
1648	9	11	13	14	15	18	22	67	
1649	7	8	11	12	13	14	16	17	19	20	21	22	24	71	74	
1650	13	18	20	21	23	24	25	
1651	22	23	25	
1652	57	
1653	33	48	52	54	55	56	58	58	60	
1654	45	47	49	50	51	51	52	53	54	55	61	90	
1655	45	47	49	50	54	80	81	82	84	86	88	90	93	
1656	82	83	89	
1657	92	
1658	65	
1659	59	80	
1667	26	
1669	43	
1672	8	10	16	
1673	9	10	11	12	13	14	15	16	17	19	20	21	24	68	
1674	7	10	12	13	14	15	15	16	17	18	19	19	20	21	22	23	36	57	69	
1675	21	22	23	25	47	51	52	55	59	
1676	47	49	50	51	53	55	57	60	87	88	90	92	93	
1677	51	53	78	79	80	81	82	84	85	86	88	89	93	94	
1678	48	78	79	80	82	84	86	91	
1679	79	
1681	9	15	16	
1682	5	6	9	10	11	12	13	13	14	15	16	17	19	20	22	25	68	69	
1683	7	11	12	13	15	15	16	17	18	18	19	20	21	22	24	28	71	
1684	18	20	22	23	25	73	
1686	36	56	57	58	60	
1687	48	50	51	51	52	53	55	55	59	
1688	32	45	47	49	50	51	53	53	55	84	86	87	90	92	
1689	50	53	79	80	82	84	86	
1690	86	91	
1691	29	
1705	23	
1706	7	10	12	14	16	18	20	23	29	67	69	
1707	5	8	8	10	11	12	13	14	15	16	17	17	18	19	20	21	58	71	
1708	12	17	19	20	21	21	23	24	52	53	55	56	57	59	73	
1709	21	23	46	50	51	51	53	54	55	59	
1710	43	48	49	51	53	81	82	84	86	
1711	50	55	77	79	80	82	84	87	92	
1712	79	83	
1713	9	
1714	12	68	
1715	6	10	12	13	14	17	19	23	
1716	8	9	11	12	14	15	16	17	19	20	21	24	68	71	
1717	13	17	18	19	20	21	22	24	25	27	71	
1718	22	25	
1719	57	
1720	52	52	53	56	60	
1721	49	50	50	51	52	54	54	55	56	58	87	88	90	93	
1722	33	47	49	51	53	59	81	83	83	85	86	87	88	88	90	92	97	
1723	53	80	82	84	87	101	
1724	83	83	
1726	23	23	24	
1730	67	
1739	9	12	14	16	20	25	68	
1740	6	8	10	11	12	14	15	16	17	18	19	67	
1741	2	5	6	12	13	15	16	16	17	19	19	20	21	22	23	25	56	58	70	
1742	18	21	22	23	25	33	36	47	51	52	53	54	55	56	58	59	63	
1743	49	50	51	53	54	55	56	60	87	88	90	92	
1744	21	48	50	79	81	82	84	85	87	88	91	93	
1745	80	
1747	18	
1748	8	11	14	16	18	22	
1749	6	9	10	11	12	13	14	15	16	16	17	19	20	22	70	
1750	7	12	14	15	15	16	17	18	18	19	20	21	23	24	27	69	
1751	20	21	22	23	24	
1752	23	
1753	56	58	60	
1754	51	52	53	54	55	61	87	92	
1755	49	50	51	53	54	56	82	83	84	85	86	87	89	91	96	
1756	49	54	77	80	81	82	84	85	88	90	
1757	79	83	86	
1758	63	
1763	52	
1770	42	50	
1771	16	18	
1772	10	
1773	9	11	13	14	18	
1774	8	10	12	13	14	15	16	17	19	20	23	23	
1775	17	18	19	20	21	22	24	25	56	58	61	
1776	22	23	47	50	50	51	52	53	54	54	55	56	59	
1777	46	49	51	54	82	83	83	84	85	86	88	89	92	95	
1778	52	78	79	80	81	83	83	85	88	91	
1779	66	84	92	
1780	85	
1781	14	14	16	
1782	4	7	9	10	12	13	14	17	19	25	68	69	
1783	6	10	12	14	15	16	17	18	19	19	20	24	27	71	
1784	1	17	18	19	20	21	21	22	24	
1785	22	23	
1786	57	
1787	35	51	51	52	54	55	56	88	91	91	
1788	51	53	54	55	56	83	86	87	88	89	90	91	95	
1789	51	53	77	77	79	80	81	82	84	85	86	88	90	95	
1790	57	62	78	79	80	81	84	87	100	
1791	100	
1800	9	
1803	56	
1806	8	14	
1807	8	9	11	12	14	15	16	18	19	21	67	71	
1808	4	7	10	11	12	14	15	15	16	17	18	19	20	21	27	53	56	57	71	
1809	17	18	19	20	21	23	24	34	48	51	52	53	54	55	57	58	
1810	23	44	47	49	50	52	54	87	89	92	95	
1811	49	53	54	78	79	80	81	82	84	85	92	
1812	80	86	
1813	87	
1815	9	12	14	16	18	22	68	75	
1816	3	7	9	11	12	13	14	15	16	16	17	18	19	20	23	
1817	7	11	12	15	15	16	17	17	18	19	20	21	22	23	24	26	69	
1818	22	23	25	
1819	57	
1820	34	50	52	53	54	55	56	91	
1821	50	52	54	82	83	85	86	86	87	89	91	93	98	
1822	51	53	77	77	80	81	83	84	85	86	89	91	93	
1823	77	78	80	81	83	86	90	
1824	81	85	
1837	18	43	
1839	9	69	
1840	11	13	15	16	18	20	
1841	8	10	11	13	15	16	17	18	19	21	24	27	57	69	72	
1842	12	15	17	18	19	20	21	22	24	26	36	53	57	59	95	
1843	22	23	24	47	51	52	53	54	55	58	88	
1844	13	48	50	51	53	55	81	83	83	85	86	87	89	92	97	
1845	79	81	83	85	89	
1846	81	87	
1847	8	28	83	
1848	8	9	10	100	
1849	5	6	7	8	9	12	13	14	
1850	7	10	11	12	13	15	16	18	20	20	21	24	91	
1851	16	16	17	20	21	23	24	88	92	
1852	56	57	
1853	51	52	53	54	55	57	87	92	
1854	49	51	52	54	63	63	82	86	87	89	90	96	
1855	51	55	77	79	80	81	82	84	84	85	86	89	93	
1856	78	80	81	84	87	88	
1857	78	82	83	
1858	65	
1859	13	
1873	9	
1874	6	9	10	11	13	14	15	16	20	
1875	4	7	12	15	16	17	19	20	21	23	24	26	56	58	71	93	
1876	18	21	22	23	24	25	28	52	53	55	55	56	58	
1877	49	50	51	54	55	61	86	87	90	93	
1878	49	54	78	79	80	81	83	84	85	87	89	
1879	81	84	89	
1881	88	
1882	19	
1883	8	9	12	15	24	
1884	6	8	8	10	11	13	14	15	18	81	87	89	
1885	13	19	57	81	82	86	87	89	90	94	96	
1886	55	56	82	86	87	88	90	91	93	94	97	
1887	51	52	53	54	55	83	85	86	87	87	88	90	91	95	97	
1888	51	54	77	80	81	82	83	83	84	85	86	88	90	93	96	
1889	77	78	79	80	82	83	85	89	
1890	42	78	80	85	95	
1907	8	
1908	6	8	9	10	11	13	13	14	15	20	24	
1909	12	15	16	21	34	56	57	87	88	89	91	96	
1910	23	35	50	51	52	54	55	56	61	82	85	86	86	87	89	90	91	95	97	
1911	49	51	53	82	83	83	85	86	88	89	91	95	
1912	79	81	86	93	
1914	81	
1918	4	8	8	10	12	15	80	84	93	
1919	6	11	13	79	81	82	84	85	87	88	90	94	
1920	53	54	77	78	79	80	81	82	83	83	84	85	86	87	89	90	93	95	
1921	55	80	81	82	83	84	85	86	88	89	90	96	
1922	54	57	77	79	80	81	84	85	88	93	
1923	78	81	85	92	100	
1925	32	86	
1929	9	
1931	5	
1932	22	
1941	9	
1942	4	9	12	13	
1943	11	53	79	81	83	85	87	88	90	96	
1944	51	53	54	77	80	81	82	83	83	84	85	87	88	92	93	
1945	77	79	80	81	83	84	85	88	92	
1946	80	85	
1948	89	
1952	3	11	84	
1953	78	80	84	
1954	79	80	84	85	87	
1955	79	80	82	84	92	95	
1956	78	82	84	88	
1963	74	
1976	88	
1977	5	78	83	
1978	78	79	80	81	86	
1979	78	80	
1980	87	
1983	88	
1987	83	
1988	78	84	
1989	80	85	89	
1992	96	
2010	33	
2012	79	84	
2013	56	81	83	
2015	101	
2022	88	
2045	37	
2061	43	
2063	73	
2069	16	
2078	11	26	
2084	49	
2088	3	
2091	87	
2100	84	
2109	27	
2122	7	
2131	4	
2142	101	
2182	12	
2183	94	
2191	8	
2199	3	
2233	100	
