79	47	
181	23	
223	88	91	
225	92	
254	87	
255	87	90	
256	83	85	86	88	88	90	92	94	
257	82	86	87	87	89	90	95	97	
258	82	85	85	86	87	88	89	90	92	94	96	
259	81	83	85	86	87	89	90	93	95	
260	81	83	85	87	88	89	90	91	95	
261	18	86	87	
286	87	91	
287	82	86	87	89	91	
288	83	85	86	87	89	90	95	98	
289	81	83	85	85	86	87	89	90	93	95	
290	81	82	84	85	86	89	90	95	
291	40	46	77	78	78	79	80	81	82	83	84	86	89	93	
292	38	46	77	78	79	80	81	81	83	84	95	
293	9	39	46	78	79	80	81	84	84	88	99	
294	6	10	12	14	76	78	79	80	81	83	84	85	89	94	99	
295	13	16	17	81	82	84	86	87	88	91	93	96	
296	16	17	
318	88	90	
319	86	87	90	91	
320	81	82	85	86	87	88	89	90	94	98	
321	81	82	84	85	86	87	88	88	90	92	94	100	
322	77	80	81	82	84	85	86	87	88	89	91	94	98	
323	77	78	79	80	81	83	84	85	86	88	90	94	
324	16	77	78	80	81	82	83	84	86	
325	16	17	17	18	18	19	20	29	41	44	61	64	69	77	79	
326	18	20	21	44	45	47	49	51	52	56	57	58	60	70	73	79	
327	21	23	44	45	46	47	48	49	50	54	69	73	79	
328	8	10	11	13	44	45	46	48	80	
329	6	11	12	14	15	16	18	77	79	80	82	84	85	89	95	
330	16	16	17	18	19	20	22	78	82	86	96	
350	88	
351	86	87	90	93	95	
352	83	84	85	86	87	88	89	91	93	95	
353	55	77	80	82	83	83	84	85	86	88	88	90	95	98	98	
354	77	80	81	82	83	83	84	85	86	87	88	89	91	94	96	
355	77	79	80	81	82	83	84	85	98	99	
356	42	76	77	78	79	80	82	83	84	
357	7	8	10	15	16	18	19	40	48	66	77	78	79	81	84	
358	7	9	11	11	12	13	14	14	15	16	17	18	18	19	20	69	78	
359	16	17	18	19	20	21	21	22	24	25	
360	22	23	25	52	53	55	56	56	57	58	60	62	
361	25	48	49	50	51	51	52	53	54	60	
362	5	8	10	14	43	45	45	46	46	48	49	50	73	
363	7	10	11	12	13	14	15	15	18	19	77	80	
364	16	17	17	19	19	20	21	24	
382	92	
383	56	86	88	91	
384	54	83	86	87	88	90	91	94	
385	54	58	81	82	84	85	85	86	89	90	95	
386	46	52	77	79	80	81	83	84	85	94	
387	46	50	77	78	79	80	82	84	
388	42	48	77	78	78	79	81	84	
389	16	18	41	70	79	80	83	85	
390	11	14	16	17	19	20	40	69	80	
391	8	9	11	13	14	15	16	17	17	18	18	19	20	21	22	23	45	69	72	
392	6	11	13	13	14	15	17	19	20	21	21	22	24	25	26	43	70	
393	3	21	22	23	24	27	
394	23	56	57	60	63	
395	48	49	50	51	52	53	53	54	54	55	56	58	
396	9	13	46	47	49	50	
397	4	6	7	10	11	12	14	14	15	18	25	98	
398	16	17	17	19	20	21	22	25	
399	22	
415	57	83	86	87	89	91	98	
416	82	85	86	87	89	90	93	95	
417	82	83	83	84	85	87	89	90	94	97	100	
418	41	78	80	81	82	84	85	89	94	98	
419	16	32	43	47	50	53	57	58	59	66	77	78	79	80	82	83	85	
420	18	20	30	45	46	47	49	50	52	55	56	58	60	70	72	76	78	80	
421	43	45	46	47	48	49	50	54	72	78	
422	11	14	27	44	49	
423	10	12	14	15	16	17	18	18	19	21	26	45	65	69	72	
424	4	7	11	13	14	14	15	17	18	18	19	20	21	22	23	25	27	43	71	
425	15	21	21	22	24	25	
426	21	23	24	
428	53	55	56	56	57	61	
429	47	50	51	52	53	54	55	56	59	
430	8	44	46	48	48	49	50	54	
431	7	10	11	12	13	14	14	15	16	
432	13	16	17	17	18	19	20	21	24	
433	18	21	23	
436	57	57	
446	87	
447	57	86	87	89	90	93	
448	83	85	86	88	89	91	92	95	
449	59	81	83	84	85	87	88	90	94	
450	52	59	80	81	82	83	84	84	85	87	89	96	
451	16	18	41	70	77	79	80	81	82	84	
452	10	12	15	16	17	19	20	44	49	68	69	72	79	80	84	
453	13	15	18	20	21	22	24	44	49	56	57	59	62	71	
454	22	23	25	27	48	49	50	51	52	54	55	58	60	71	
455	25	45	47	48	49	50	51	53	64	
456	8	10	11	13	14	
457	11	12	15	16	17	18	18	19	20	23	24	
458	17	20	22	24	25	74	
459	22	24	
462	52	56	56	57	58	61	
463	47	50	51	51	52	53	54	55	58	
464	8	32	45	47	48	49	50	50	86	91	
465	5	7	9	10	11	12	13	14	15	16	
466	15	16	16	17	18	19	20	20	21	25	26	
467	21	23	
478	58	
479	56	
480	49	81	86	87	88	90	95	
481	52	53	81	82	84	85	86	89	90	95	
482	41	67	77	80	81	82	84	85	
483	16	18	39	42	47	49	76	78	79	80	81	84	100	
484	10	12	13	15	16	17	18	19	28	40	44	49	66	69	70	76	79	80	81	
485	7	10	12	14	16	18	19	20	24	44	70	
486	21	22	24	72	
487	23	24	25	52	57	58	62	
488	51	52	53	54	54	55	56	60	
489	8	45	46	47	49	50	51	54	
490	4	10	12	13	14	15	44	48	
491	12	15	16	17	19	21	23	25	
492	16	18	20	22	
496	52	55	56	57	59	62	
497	48	51	51	52	53	54	54	59	87	89	
498	8	10	13	49	50	68	86	88	90	
499	5	7	10	11	12	12	14	15	16	18	19	
500	16	17	17	18	19	20	20	21	23	
501	22	
511	57	
512	35	52	56	57	58	60	
513	47	48	50	51	52	53	58	
514	31	41	43	46	47	49	53	81	83	
515	41	44	46	50	61	69	78	79	80	81	83	
516	12	13	15	16	18	19	19	42	44	49	78	80	102	
517	15	17	19	20	22	24	65	69	
518	21	22	24	
519	22	23	23	25	
520	22	24	
521	57	
522	51	52	53	54	56	57	59	60	62	
523	46	47	48	49	49	50	51	53	
524	5	6	9	10	14	15	45	48	
525	7	11	13	14	15	17	18	19	24	78	80	87	96	
526	16	17	17	20	22	
529	57	
530	51	52	53	55	59	
531	49	50	51	54	54	55	83	84	86	88	89	93	94	
532	9	11	14	82	83	85	
533	7	10	12	12	14	15	16	16	17	18	19	21	
534	18	19	20	21	23	24	27	
535	23	
546	52	60	63	
547	50	51	53	55	60	
548	44	49	65	69	
549	15	19	23	64	64	
550	21	22	23	24	25	26	45	64	
551	22	23	24	
556	35	52	53	55	55	56	56	57	59	60	62	
557	45	47	47	50	50	51	52	53	54	
558	8	9	11	14	44	44	45	46	47	48	49	
559	6	10	11	12	13	14	15	15	80	85	93	
560	16	16	17	18	20	21	80	85	87	92	96	
561	87	
563	53	57	59	87	92	
564	51	51	52	54	55	58	86	87	90	93	
565	31	49	68	81	82	84	85	87	89	
566	6	10	11	12	13	14	15	16	17	19	80	
567	15	17	18	19	20	21	23	24	27	
568	21	22	
583	25	
590	34	52	53	55	56	57	58	60	62	
591	37	48	50	51	52	52	54	54	56	57	58	
592	3	30	44	45	46	47	47	49	49	50	70	
593	7	9	11	12	13	14	15	44	45	46	48	72	
594	12	14	20	78	80	82	84	85	88	95	
595	82	85	86	87	88	90	93	94	97	
596	36	82	85	86	87	88	89	91	96	
597	52	55	82	85	86	87	88	89	91	95	
598	53	81	82	84	85	86	89	99	
599	9	11	14	17	19	77	79	80	82	83	84	
600	7	11	13	14	15	16	17	18	19	19	20	27	68	73	
601	2	18	20	21	22	22	24	27	
602	23	
625	52	53	54	55	56	57	58	59	61	63	
626	47	50	51	52	54	55	56	57	59	
627	5	10	27	36	42	44	45	47	48	49	49	56	72	
628	12	15	44	45	46	47	49	70	78	80	99	
629	46	77	78	78	80	81	82	84	85	90	
630	77	78	80	81	82	83	84	85	89	94	
631	16	18	41	47	54	77	78	79	80	81	83	84	85	
632	11	14	17	18	19	42	45	68	72	79	80	83	98	
633	5	9	11	12	14	15	15	16	17	19	20	23	27	45	70	78	
634	12	17	18	20	21	22	24	25	28	
635	2	
659	58	
660	51	53	53	55	57	58	60	62	
661	32	36	50	51	52	53	54	55	56	57	59	60	63	
662	5	25	43	45	45	47	49	50	51	52	54	57	58	61	68	
663	18	23	27	42	43	44	45	47	48	49	50	58	59	67	71	
664	11	14	19	20	27	43	44	45	47	48	50	70	71	78	80	
665	9	12	13	15	17	19	20	22	26	45	62	65	69	71	79	
666	14	15	18	19	20	21	45	70	
667	5	18	20	21	22	23	25	
668	24	
695	55	
696	55	61	73	
697	24	54	62	
698	22	23	24	
699	22	23	25	
700	24	25	
701	25	
1158	66	
1161	36	
1163	56	
1164	43	
1170	100	
1174	24	
1206	5	
1208	5	
1209	13	
1236	50	
1241	7	
1251	70	
1269	25	
1270	28	
1273	31	
1275	27	
1277	12	
1289	80	
1306	18	
1307	48	
1315	22	
1319	70	99	
1320	2	
1322	99	
1337	25	
1348	62	
1349	56	
1373	94	
1378	42	48	68	
1379	40	46	
1380	60	
1381	28	38	47	48	71	
1382	46	
1383	46	
1395	49	
1398	75	
1402	53	
1408	16	
1409	16	
1410	41	43	67	
1411	17	18	67	
1412	17	19	21	40	44	47	49	55	57	61	
1413	19	21	41	44	46	48	50	56	60	68	
1414	20	22	29	41	45	47	49	53	53	57	58	61	69	
1415	20	22	42	44	47	49	50	53	53	56	59	67	69	
1416	43	44	46	47	49	51	60	71	
1417	48	48	50	
1420	39	
1435	64	
1436	42	
1437	47	
1440	25	
1441	40	44	47	
1442	16	19	46	
1443	16	20	42	44	67	69	
1444	14	16	17	19	21	41	45	48	48	
1445	14	17	18	20	21	25	28	42	44	47	63	67	70	
1446	19	21	22	24	45	60	72	
1447	21	22	24	49	52	53	59	63	69	73	87	
1448	21	23	24	52	55	58	61	64	73	88	91	
1449	22	24	52	53	54	56	57	60	63	88	92	
1450	22	24	27	29	42	48	49	50	51	55	59	61	
1451	44	45	46	47	49	50	52	54	58	
1452	44	47	49	50	
1453	10	54	
1473	14	16	41	47	
1474	18	22	40	
1475	10	15	17	19	42	47	71	
1476	11	13	16	17	19	21	23	40	47	68	73	
1477	15	16	18	19	20	21	25	44	48	70	
1478	13	13	18	19	20	22	25	26	43	45	65	70	73	73	
1479	18	20	22	23	23	25	26	45	50	56	58	71	
1480	22	24	49	
1481	23	73	85	86	88	90	93	95	
1482	82	83	85	86	89	94	
1483	16	19	57	58	60	82	85	87	89	92	95	
1484	17	19	52	53	53	54	55	56	57	59	64	82	87	
1485	46	47	48	48	49	50	51	55	56	59	
1486	44	46	51	60	74	
1487	35	
1488	61	
1492	70	
1502	40	
1503	73	
1504	20	
1505	30	
1506	18	24	25	41	
1507	12	16	18	26	40	70	
1508	12	15	17	18	19	21	41	45	46	49	69	
1509	12	15	17	18	19	20	22	26	44	67	70	
1510	9	12	14	17	19	20	21	23	24	26	44	71	
1511	12	15	20	21	22	23	25	
1512	21	22	23	24	28	57	58	
1513	24	52	55	57	86	87	88	90	91	
1514	51	53	54	56	74	85	86	87	89	91	92	95	
1515	77	80	81	82	84	85	87	88	
1516	11	77	79	80	82	84	87	88	96	
1517	7	9	10	11	13	13	14	16	80	81	83	85	89	
1518	16	17	18	18	20	53	55	56	57	58	60	78	80	85	91	96	
1519	23	45	47	48	49	50	50	52	54	57	74	
1520	44	46	49	50	
1533	53	
1534	17	
1537	42	99	
1538	5	
1539	17	19	40	44	49	66	
1540	12	15	17	18	20	21	44	49	71	
1541	10	13	15	17	19	20	22	44	69	
1542	10	13	13	15	16	18	19	20	22	23	24	71	74	
1543	15	18	20	21	22	24	92	
1544	18	23	24	
1545	23	24	57	88	93	
1546	54	83	87	88	90	92	97	
1547	53	55	56	58	82	83	85	85	86	87	89	94	
1548	78	80	81	82	84	85	86	88	91	96	
1549	79	81	85	
1550	11	15	79	85	
1551	6	8	10	11	12	13	15	16	20	78	83	85	
1552	13	16	17	19	20	54	55	56	58	58	59	61	78	81	85	
1553	17	18	21	22	46	47	48	50	50	51	54	55	58	60	
1554	44	46	49	50	53	
1555	49	
1556	60	
1570	19	
1571	12	13	16	21	42	44	
1572	10	15	16	18	19	41	48	67	68	
1573	10	13	13	15	16	18	19	20	22	24	44	71	
1574	5	11	14	15	18	20	22	25	70	
1575	12	15	21	23	23	24	73	87	88	91	
1576	24	85	86	88	89	92	95	
1577	16	57	82	85	86	89	92	97	
1578	56	
1579	52	53	54	56	83	85	87	89	90	92	95	
1580	51	53	77	81	83	84	84	85	86	87	89	91	94	
1581	76	77	78	79	81	83	84	85	88	94	99	
1582	79	80	83	85	89	
1583	85	98	
1584	10	21	
1585	6	9	11	12	13	14	18	58	82	
1586	8	12	15	16	17	19	20	22	25	52	56	56	57	59	60	
1587	18	21	22	46	47	48	50	51	52	52	53	54	56	
1588	47	49	54	
1589	56	59	
1601	18	
1602	19	
1603	12	16	19	40	44	48	48	67	
1604	12	15	16	17	18	20	26	44	72	
1605	12	14	16	18	19	20	22	24	45	69	
1606	7	12	15	21	24	72	
1607	21	23	23	25	88	89	92	
1608	25	85	86	87	89	90	94	97	
1609	83	85	87	89	93	
1610	8	11	76	77	79	80	81	83	84	85	87	
1611	7	11	13	16	19	53	56	58	76	77	79	80	83	84	
1612	18	22	47	51	53	54	56	80	85	99	
1613	45	46	48	50	76	79	81	83	84	85	
1614	49	76	78	79	80	82	84	85	87	101	
1615	52	79	82	91	97	
1616	79	84	91	
1617	17	79	
1618	9	15	16	
1619	9	10	12	13	14	15	18	20	
1620	7	15	16	16	17	20	21	23	35	52	55	57	58	58	59	61	
1621	20	22	23	46	47	50	52	53	54	56	60	
1622	45	46	49	53	66	90	
1625	36	51	51	52	
1634	18	
1635	18	24	
1636	12	14	16	17	19	69	
1637	11	14	17	18	19	20	23	24	44	70	74	
1638	11	14	18	21	22	23	
1639	5	22	24	73	89	91	
1640	23	25	85	86	87	88	89	91	94	95	
1641	53	85	86	87	89	92	95	
1642	77	80	82	84	85	86	89	94	
1643	77	78	79	81	84	86	88	95	99	
1644	9	12	13	15	78	80	91	
1645	7	12	16	18	19	57	60	80	91	95	
1646	17	20	22	51	52	55	57	58	62	79	
1647	45	47	48	49	50	54	78	
1648	46	48	53	73	78	
1649	79	
1650	42	
1651	33	
1652	42	
1653	5	8	9	10	11	14	15	17	20	25	
1654	12	13	16	17	18	21	22	24	27	52	52	56	58	60	63	
1655	21	23	47	49	50	51	53	54	56	86	90	95	
1656	48	53	56	87	91	
1657	54	86	
1668	9	18	
1669	10	12	14	15	16	24	
1670	12	15	17	20	25	
1671	23	24	25	87	89	91	97	
1672	86	88	90	93	95	98	
1673	81	82	84	85	87	89	91	94	99	
1674	77	79	80	82	84	85	87	90	100	
1675	77	78	79	81	82	84	86	90	
1676	78	78	80	84	90	
1677	79	84	
1678	9	11	13	16	19	79	
1679	7	11	15	15	17	18	53	57	58	62	
1680	16	17	19	20	21	51	51	52	54	55	56	57	59	92	97	
1681	45	46	46	47	48	49	50	52	53	59	
1682	38	44	47	49	
1683	45	
1685	22	
1686	4	8	11	13	15	18	
1687	3	10	12	14	15	16	17	20	21	23	56	
1688	20	21	23	24	53	54	55	56	58	
1689	18	50	52	54	82	84	86	87	88	91	94	
1690	49	84	
1692	35	
1699	99	
1701	12	
1702	8	24	
1703	10	12	14	
1704	88	89	94	
1705	81	82	85	87	89	97	
1706	77	80	81	83	83	84	86	92	
1707	78	79	81	83	85	92	
1708	79	80	99	
1709	79	87	92	
1712	9	12	13	
1713	7	10	11	12	14	15	16	18	58	85	90	96	
1714	16	17	19	20	22	26	51	52	53	55	56	57	59	62	86	89	93	97	
1715	22	31	48	50	50	51	53	54	58	
1716	43	43	45	46	47	48	50	51	59	
1718	2	19	60	68	
1719	8	16	44	49	
1720	9	10	12	13	15	17	18	19	26	69	
1721	12	15	17	19	19	20	21	24	52	53	55	57	58	71	85	
1722	23	51	52	54	59	90	93	
1723	49	54	59	80	82	84	86	91	
1724	55	80	85	96	
1737	4	
1738	79	82	85	
1739	79	81	84	92	95	
1740	79	101	
1741	79	100	
1744	91	
1746	10	14	
1747	4	6	9	11	12	13	14	
1748	12	15	16	18	19	21	53	57	58	61	62	79	82	83	87	88	92	97	
1749	17	21	32	51	53	54	55	58	59	83	86	88	89	92	98	
1750	30	45	47	50	52	55	58	61	63	
1751	42	44	45	47	49	50	67	68	
1752	12	19	22	27	41	45	46	48	49	59	67	72	
1753	9	12	14	17	19	20	26	43	44	70	
1754	12	14	15	17	19	19	20	22	24	27	56	62	70	
1755	22	24	25	51	52	55	60	87	91	
1756	49	51	54	59	82	85	87	88	89	92	
1757	79	81	83	86	88	
1758	96	
1770	19	58	
1772	79	
1781	8	12	15	
1782	1	6	11	13	14	20	78	82	85	90	
1783	22	61	76	77	79	80	82	84	86	88	90	95	
1784	17	18	55	61	87	88	91	
1785	25	29	51	59	62	
1786	15	22	24	51	71	93	
1787	15	22	24	
1788	24	55	57	59	92	98	
1789	53	55	82	83	85	86	87	88	90	94	
1790	76	78	79	81	82	84	85	91	99	
1791	81	
1794	22	
1807	85	92	
1811	10	
1815	3	
1816	8	11	13	81	
1817	7	9	11	14	15	21	79	84	
1818	10	12	15	77	80	82	84	85	86	88	91	94	
1819	13	82	83	85	86	87	89	90	93	95	
1820	83	87	88	89	91	94	97	
1821	53	82	83	85	86	88	90	93	96	96	
1822	77	78	86	88	91	95	
1823	76	77	79	80	81	84	86	95	98	
1824	78	82	87	91	
1825	88	
1828	74	
1833	95	95	
1835	84	
1838	20	
1843	92	
1846	93	
1851	11	13	79	85	
1852	77	79	81	84	
1853	12	78	79	80	81	83	84	88	94	98	
1854	76	77	80	80	82	84	86	89	
1855	76	77	79	80	82	84	85	90	94	
1856	79	82	83	86	89	
1857	81	86	
1874	40	
1885	14	
1887	80	
1888	78	80	100	
1889	79	
1890	80	
1894	57	
1901	87	
1922	99	
1924	72	
1925	33	
1926	24	
1932	67	
1936	62	
1952	42	
1954	11	
1956	74	
1957	46	86	
1964	45	
1965	51	
1968	86	
1979	40	
1980	57	
1984	86	
2000	92	
2028	11	
2030	94	
2060	8	
2061	65	
2094	18	
2099	88	
2101	25	
2103	52	
2112	94	
2125	83	
2172	5	
2174	13	
2182	13	
2200	28	
2201	92	
2202	21	
2242	4	
2249	10	
