50	77	
148	87	
149	86	88	91	96	
150	87	88	91	96	
151	86	87	90	92	
152	87	91	93	97	
153	86	87	90	92	
154	87	90	
181	87	90	92	
182	82	86	87	89	90	92	94	96	
183	81	82	84	85	86	87	88	89	90	93	93	95	97	
184	8	77	80	81	83	84	85	86	87	89	90	92	93	96	
185	78	80	81	82	83	85	86	87	88	89	90	92	94	96	
186	10	81	82	85	86	87	88	88	89	91	95	97	
187	78	81	82	83	85	86	87	88	88	89	91	94	96	
188	78	82	84	85	86	88	88	89	91	93	93	96	
189	16	83	87	88	89	91	98	
190	18	88	93	
213	87	92	
214	51	55	86	88	89	90	92	94	
215	82	85	86	87	88	90	92	94	97	
216	77	79	80	81	82	83	84	85	86	87	88	89	90	92	94	97	
217	78	79	80	81	83	84	85	86	87	89	90	96	
218	76	77	78	79	81	82	83	84	86	88	90	95	
219	76	78	79	80	81	84	85	86	89	96	
220	13	77	78	79	80	82	83	84	85	86	87	89	91	94	101	
221	6	10	76	77	78	79	80	82	83	84	86	87	89	93	
222	6	9	11	13	14	15	77	79	80	81	82	83	84	85	87	89	95	
223	12	15	16	77	80	82	83	84	85	86	87	89	90	92	94	96	
224	16	78	81	82	85	87	88	89	90	93	95	
225	17	87	89	91	
246	52	86	88	90	91	95	
247	52	55	81	83	85	86	87	88	88	90	91	94	96	
248	50	52	77	80	82	84	85	86	87	89	90	92	93	96	98	
249	77	78	79	80	81	82	83	84	86	87	88	90	94	97	
250	77	78	79	80	82	83	84	
251	17	42	77	79	81	85	
252	18	36	39	47	56	69	78	79	83	
253	41	57	67	77	79	83	
254	5	40	46	48	78	79	
255	12	27	40	46	79	
256	7	8	10	12	15	46	79	80	84	
257	11	13	14	77	78	80	81	83	84	85	87	91	97	
258	8	10	12	14	76	77	79	80	81	83	83	84	85	86	87	89	90	92	95	99	
259	13	15	16	80	82	83	83	85	86	87	89	90	92	94	96	
260	16	17	18	82	87	90	97	
277	56	87	92	
278	54	86	88	92	
279	49	51	83	85	86	88	89	91	93	94	97	
280	52	77	81	82	83	85	86	87	89	90	93	93	96	
281	55	77	78	79	80	81	83	84	85	86	87	90	94	
282	16	36	53	76	78	78	79	80	82	83	84	85	87	90	95	
283	16	33	40	45	46	50	67	77	79	81	84	
284	9	15	16	18	18	19	21	35	39	44	57	58	62	65	66	79	
285	17	18	18	19	20	21	29	39	42	43	45	46	48	49	51	55	57	58	67	69	
286	19	20	20	21	26	29	32	37	39	42	44	44	46	47	49	50	56	57	58	60	63	67	71	
287	19	20	21	22	24	32	34	40	42	43	44	45	46	47	48	49	50	53	56	57	58	70	73	
288	21	22	23	28	31	34	40	43	44	45	46	48	49	50	51	53	56	57	58	58	61	64	68	71	78	
289	5	20	21	22	23	23	26	31	40	42	44	44	46	47	48	49	50	51	53	56	69	73	
290	22	23	27	30	40	42	44	44	46	46	47	48	49	49	69	79	
291	5	10	13	43	68	78	80	
292	7	9	11	14	15	78	78	79	80	84	
293	7	9	11	11	12	14	15	77	78	79	81	82	84	85	86	88	90	96	
294	13	15	17	19	78	81	82	84	86	87	89	91	93	96	
295	16	17	
296	17	
310	86	89	91	93	96	
311	53	82	86	87	88	89	91	92	95	
312	51	53	54	56	60	82	83	84	85	86	87	88	89	90	91	93	94	97	
313	51	76	78	79	81	82	84	85	87	88	88	90	91	94	97	
314	39	78	80	81	82	83	84	86	89	
315	36	39	78	78	80	82	85	98	
316	8	10	13	16	18	18	20	28	37	40	67	69	79	83	
317	11	14	16	17	18	18	19	20	21	33	42	44	46	66	70	
318	8	9	11	13	14	15	17	19	20	21	22	24	28	44	69	
319	12	18	19	20	21	22	24	25	31	49	55	61	71	
320	21	22	23	24	30	43	54	
321	23	24	25	34	53	54	59	64	
322	23	23	24	33	52	55	56	57	59	65	
323	23	34	45	48	50	51	52	53	53	54	55	56	57	58	59	61	65	
324	23	30	41	44	45	47	48	49	49	50	51	54	56	56	59	60	66	
325	29	32	40	42	43	44	44	45	46	46	47	48	49	49	50	65	73	
326	4	10	13	43	45	48	69	
327	8	9	10	11	14	15	78	79	84	
328	7	10	11	12	13	13	14	15	17	19	77	79	81	83	85	86	88	91	94	
329	16	17	17	18	20	82	83	86	89	94	
330	17	22	
341	57	
342	50	52	
343	42	46	47	48	51	
344	53	80	82	83	85	88	94	
345	53	76	77	79	81	82	84	85	86	88	88	89	93	94	97	99	
346	51	77	78	79	80	81	82	84	85	86	86	89	92	95	
347	38	46	63	67	77	79	80	82	83	84	86	
348	14	16	38	42	67	78	80	
349	6	10	12	13	15	16	17	17	18	19	19	20	26	28	39	44	64	66	70	
350	7	10	11	12	14	15	17	18	18	19	20	20	21	23	43	69	
351	13	15	17	19	20	21	22	23	25	
352	22	23	23	25	
353	22	24	
357	55	58	
358	33	51	52	52	53	53	54	55	56	57	58	59	61	
359	42	45	46	47	48	48	49	50	51	54	56	59	
360	43	43	44	45	46	47	48	48	49	65	
361	8	10	79	
362	7	9	10	11	12	13	13	14	15	15	18	24	79	81	83	88	
363	15	16	16	17	18	19	20	21	80	86	90	
364	17	19	21	
375	53	57	
376	37	52	53	54	54	55	56	57	58	59	
377	36	43	46	47	48	49	50	50	51	54	56	
378	31	36	42	44	45	46	46	49	50	72	
379	42	78	79	83	
380	19	39	63	67	77	78	79	81	88	
381	6	9	11	13	14	16	17	18	19	20	28	39	66	68	70	79	
382	6	11	12	13	14	15	16	17	17	18	19	20	20	24	44	64	67	70	
383	12	13	15	17	18	19	20	21	22	24	25	27	45	
384	22	23	24	25	28	
385	22	24	
392	52	55	55	57	58	60	
393	35	50	51	51	52	53	53	54	55	57	59	62	
394	42	44	45	46	47	48	48	49	49	50	51	54	73	
395	9	44	
396	5	6	8	9	11	11	12	13	14	14	15	
397	12	14	15	16	16	18	19	20	22	24	82	86	92	102	
398	17	18	22	
410	52	53	55	56	57	58	62	
411	33	50	51	51	52	54	54	56	57	59	
412	30	37	40	42	43	44	45	46	47	48	48	49	49	50	55	57	58	66	
413	9	14	35	41	43	45	46	49	63	68	69	74	
414	10	11	13	15	18	19	20	26	42	43	45	46	62	64	70	73	
415	7	10	12	14	15	18	18	19	20	21	22	24	69	
416	12	20	21	22	23	24	25	26	70	
417	22	23	24	
418	22	
423	92	
424	86	87	88	89	91	93	95	
425	86	87	88	90	91	92	93	96	
426	53	55	56	86	87	90	92	96	
427	51	51	52	54	54	55	56	58	59	86	87	89	91	96	
428	45	47	49	50	50	54	92	
429	10	45	48	50	
430	3	7	9	10	11	12	13	14	15	98	
431	7	11	12	13	13	14	15	17	18	20	23	78	80	85	88	90	
432	16	16	17	19	20	23	87	91	
433	17	
445	55	59	
446	54	60	
447	44	65	
448	23	23	24	28	65	
449	21	22	24	
455	53	
456	51	88	91	
457	82	86	87	89	91	95	97	
458	77	79	80	81	82	84	85	86	87	87	89	90	95	97	98	
459	6	78	79	80	81	82	83	84	85	86	87	88	89	90	92	94	96	
460	8	77	80	81	82	83	83	84	85	86	87	88	89	90	92	94	96	
461	51	52	55	56	77	80	81	82	84	85	86	86	87	89	90	93	94	96	
462	50	78	82	85	86	87	88	89	91	93	94	97	
463	82	86	92	93	
464	5	6	8	10	11	18	95	
465	4	7	9	10	11	12	13	14	15	15	16	16	80	84	98	
466	13	15	16	16	17	18	18	19	20	21	23	
467	22	
488	52	56	
489	47	51	52	55	
490	47	49	51	53	53	86	87	90	92	94	98	
491	51	77	79	80	81	83	84	85	86	87	88	90	93	97	
492	77	80	81	82	84	85	86	89	90	94	
493	9	13	76	77	78	79	80	81	84	85	
494	76	77	78	78	79	80	82	84	86	89	
495	76	77	78	79	81	82	83	84	86	88	90	
496	77	78	79	80	82	84	85	87	89	91	96	
497	79	82	84	88	99	
498	7	9	10	14	96	
499	4	6	8	8	10	11	11	12	13	14	14	15	16	17	19	
500	12	15	16	16	17	17	18	18	19	19	20	21	22	23	79	
501	17	22	
521	56	
522	48	52	52	56	57	59	
523	46	47	48	49	50	51	52	54	55	88	90	94	
524	47	49	51	79	82	84	85	87	89	92	96	
525	77	79	81	84	86	89	93	
526	79	81	84	97	
527	10	79	84	
528	80	84	
529	78	81	86	
530	79	85	
531	79	
532	9	10	12	17	
533	5	6	7	9	10	11	11	12	13	13	14	15	15	16	18	19	21	
534	15	16	17	17	18	19	20	22	23	
535	18	20	22	30	30	31	
554	58	
555	56	58	
556	46	48	50	51	52	53	53	54	55	56	
557	44	47	49	50	51	52	54	59	81	86	91	94	
558	47	49	80	82	84	85	88	89	90	95	
559	78	81	83	96	
560	79	
561	24	
565	9	15	
566	9	10	14	15	67	
567	3	4	6	8	11	11	12	13	14	14	15	15	16	17	18	18	19	20	21	24	
568	13	16	17	18	19	20	21	22	24	
569	21	23	
588	57	
589	52	52	55	56	57	60	
590	37	42	47	47	48	49	49	50	51	52	53	53	54	60	
591	45	46	48	49	50	52	80	85	
592	47	78	79	82	84	86	
597	63	
598	15	
599	14	16	18	66	
600	7	9	10	11	13	14	15	16	17	18	21	41	67	
601	7	10	12	12	14	15	15	16	16	17	18	18	19	19	20	20	22	23	70	
602	13	17	20	20	21	22	23	
603	22	
609	98	98	99	
623	51	52	52	54	55	55	56	57	58	59	
624	47	47	48	49	50	50	51	52	52	53	54	55	59	62	
625	40	42	43	44	45	46	47	47	49	49	50	54	61	
626	44	46	48	49	53	69	
627	45	
628	9	
630	34	
631	18	38	40	
632	10	14	19	37	41	
633	9	11	14	16	16	17	18	18	19	26	29	42	66	69	
634	4	8	9	10	11	12	13	14	15	16	17	17	18	19	20	20	21	23	23	25	68	
635	4	15	18	19	20	21	22	22	24	25	26	
636	21	22	23	25	
657	52	53	55	57	
658	34	51	51	52	52	53	54	55	55	56	56	57	58	60	
659	42	45	46	47	47	48	48	49	49	50	51	53	55	57	60	
660	42	43	44	46	48	48	49	55	
661	53	
662	37	43	49	
663	36	66	
664	16	24	46	67	
665	9	13	17	40	45	
666	6	9	10	12	13	14	15	16	17	18	18	19	41	64	66	68	
667	4	6	11	12	13	14	15	16	16	17	18	18	19	20	20	24	68	
668	5	15	18	20	21	22	23	24	25	44	
669	22	23	23	
692	33	37	51	52	52	54	55	56	56	58	59	61	
693	34	43	47	47	48	49	50	50	51	51	52	53	53	54	55	57	59	
694	29	36	41	44	45	45	46	46	47	48	49	49	50	55	
695	37	43	43	45	47	49	69	
696	20	36	42	64	70	
697	13	13	17	18	20	36	40	60	66	72	
698	9	16	17	18	19	20	21	35	40	43	43	47	48	66	68	68	
699	8	10	11	12	14	15	16	17	19	19	20	22	24	26	28	40	44	64	67	70	
700	6	10	12	13	14	15	17	18	19	20	20	21	22	23	24	
701	14	20	21	21	22	24	25	26	
702	22	23	24	
726	52	55	57	62	
727	35	51	52	53	53	54	55	55	56	57	58	60	62	
728	30	40	42	44	46	47	48	48	49	50	51	52	54	55	56	57	59	62	
729	33	36	40	42	44	44	45	46	48	49	50	55	60	66	68	70	
730	13	20	23	23	31	40	42	44	45	46	47	49	62	65	68	
731	9	11	13	15	18	19	20	20	22	25	39	45	59	66	69	
732	12	14	15	18	19	20	20	21	23	24	44	63	73	
733	5	12	18	20	21	22	23	24	25	26	44	65	
734	22	23	24	25	
735	23	
761	55	
762	35	53	54	55	60	65	
763	24	55	60	
764	23	25	44	65	
765	22	23	24	45	73	
766	22	24	25	
1170	40	
1182	4	
1184	52	
1185	59	
1189	2	
1197	88	
1206	30	
1210	7	
1212	96	
1223	71	
1229	24	
1234	17	
1235	25	
1238	44	
1239	29	
1240	79	
1249	4	
1252	3	
1261	25	
1262	43	
1270	39	57	
1271	24	
1272	47	
1273	38	
1275	29	
1277	47	
1294	64	
1299	43	
1300	25	
1302	43	
1303	17	41	
1304	16	42	
1305	17	40	46	58	
1306	20	28	42	55	58	67	69	
1307	35	38	46	48	54	56	59	
1308	37	47	49	57	66	
1309	43	46	
1310	26	49	54	61	71	
1332	50	
1333	26	
1334	102	
1335	19	73	94	
1336	41	
1337	17	20	40	67	
1338	17	18	19	20	21	23	31	33	40	43	45	47	61	63	68	
1339	19	21	35	36	39	42	46	49	53	57	58	66	
1340	18	19	21	36	41	45	46	48	52	54	58	66	71	
1341	19	20	23	24	34	38	42	44	47	48	56	63	71	
1342	20	22	23	26	42	44	46	48	49	51	53	57	59	67	69	
1343	20	21	23	36	40	43	44	46	47	50	52	54	57	60	67	73	
1344	27	36	41	45	46	48	48	50	68	
1345	26	45	46	54	
1346	38	71	
1353	3	68	
1354	2	
1362	75	
1363	63	
1366	27	
1367	37	
1368	16	
1369	13	16	38	39	69	
1370	11	13	15	16	18	18	20	71	
1371	7	14	15	16	17	18	19	20	22	24	26	29	35	39	45	67	68	
1372	15	16	17	19	20	21	22	24	44	60	
1373	15	19	20	21	23	23	32	44	48	53	54	59	69	
1374	20	21	22	24	25	30	45	50	55	57	58	70	
1375	20	21	23	23	25	45	49	52	54	58	62	63	72	
1376	21	22	23	27	31	34	45	50	52	53	54	55	56	57	61	
1377	21	24	42	44	47	48	49	50	52	54	56	59	70	
1378	23	24	26	30	37	40	42	44	45	46	47	48	48	49	50	53	53	55	56	58	59	67	68	
1379	28	42	44	46	47	49	51	
1380	40	45	47	49	51	58	66	71	
1381	44	46	49	
1382	43	66	
1385	98	
1398	18	
1400	17	
1401	15	18	19	
1402	10	17	18	20	23	27	38	40	43	46	67	70	
1403	9	12	14	17	19	20	22	24	43	46	67	
1404	10	12	13	14	17	18	19	20	21	24	43	70	
1405	12	13	15	17	19	20	21	22	24	26	45	70	
1406	21	23	24	
1407	23	24	88	92	
1408	87	88	91	92	
1409	87	88	91	92	
1410	55	74	87	91	93	
1411	34	53	54	55	57	60	87	88	91	92	
1412	45	50	51	52	54	55	56	57	58	59	88	92	
1413	25	31	45	48	49	50	51	52	54	55	56	57	60	64	
1414	23	32	41	44	45	46	47	49	50	51	53	55	56	59	67	69	
1415	41	45	46	48	48	49	52	54	
1416	45	46	
1417	45	
1418	63	
1432	17	42	47	
1433	16	18	66	
1434	10	18	20	41	
1435	11	13	13	15	17	19	20	28	34	39	67	72	
1436	12	15	16	16	17	19	19	21	23	23	26	42	48	
1437	13	13	15	18	19	20	21	22	24	68	
1438	15	20	21	22	23	25	26	
1439	22	24	87	92	
1440	83	86	87	90	92	96	
1441	81	82	86	87	87	89	90	91	93	95	98	
1442	78	82	85	85	86	87	89	89	91	93	96	
1443	78	81	82	83	85	85	86	89	90	94	97	
1444	81	82	83	85	86	87	88	88	89	91	94	95	
1445	78	81	82	83	84	85	86	87	89	90	93	95	
1446	16	82	83	85	86	86	88	89	90	92	93	95	
1447	16	17	35	52	53	54	55	55	56	57	60	83	86	87	87	89	91	93	95	
1448	17	37	43	45	47	50	50	51	52	54	54	56	57	58	
1449	33	42	44	45	46	47	48	48	49	50	51	55	57	61	65	74	
1450	42	44	46	47	49	71	93	
1451	46	
1453	68	
1456	63	
1457	80	
1458	84	
1463	43	
1465	37	39	
1466	16	18	18	20	23	36	42	
1467	11	17	19	20	23	26	28	41	47	49	67	71	
1468	10	12	14	16	18	19	20	24	41	45	64	68	
1469	7	9	11	12	14	15	16	18	19	20	21	22	23	27	
1470	13	15	18	20	21	22	24	
1471	22	23	24	92	
1472	23	86	87	90	92	95	
1473	53	82	83	85	85	86	87	88	89	91	94	95	
1474	78	80	81	82	84	85	86	87	88	89	92	93	95	
1475	77	78	78	79	80	81	82	83	84	86	88	90	93	
1476	77	79	79	81	83	83	84	85	87	92	
1477	76	78	78	79	80	83	84	86	88	94	
1478	77	78	79	80	81	82	84	85	87	100	
1479	7	10	14	76	78	78	79	81	84	87	89	96	98	
1480	7	9	11	12	13	15	77	78	79	81	83	84	85	87	
1481	12	55	77	80	81	82	84	84	85	87	88	91	95	
1482	16	16	18	33	52	53	54	55	56	57	59	62	82	85	88	90	94	
1483	41	45	47	48	49	50	51	52	54	55	57	59	
1484	42	44	45	46	47	49	50	53	
1485	47	49	53	58	
1491	82	
1499	7	12	13	14	18	
1500	15	16	19	20	23	24	65	
1501	11	14	16	17	18	19	20	21	23	24	35	45	
1502	12	15	21	22	23	26	44	70	73	
1503	13	21	22	23	
1504	22	25	52	87	88	91	92	98	
1505	52	82	85	86	87	88	89	90	92	94	95	97	
1506	77	78	81	82	84	85	86	87	88	89	92	93	95	99	
1507	76	77	78	79	80	81	83	84	85	87	89	97	99	
1508	76	78	79	81	84	86	89	
1509	78	79	82	85	
1510	78	81	99	
1511	79	83	
1512	19	79	87	
1513	79	86	
1514	9	13	79	
1515	6	9	10	11	13	14	15	16	21	76	78	79	80	83	86	
1516	8	12	14	15	16	17	18	20	23	53	55	56	57	78	79	80	82	83	85	86	89	95	
1517	16	17	20	51	51	52	54	54	55	57	58	61	91	
1518	42	44	45	46	47	49	50	51	53	53	54	60	
1519	44	46	48	56	
1520	48	
1524	91	
1532	10	19	
1533	7	9	10	12	13	15	
1534	8	11	12	13	14	15	15	16	17	20	
1535	16	16	17	20	23	25	91	
1536	23	23	88	92	97	
1537	51	52	54	60	86	86	87	90	91	92	95	97	
1538	81	82	83	85	86	87	89	90	94	97	
1539	55	77	78	78	79	80	81	82	83	84	85	87	88	92	96	
1540	77	78	79	80	81	83	85	89	
1541	79	81	87	97	
1543	37	
1544	90	
1545	20	
1546	85	99	
1547	10	47	51	69	
1548	101	
1549	6	9	10	12	14	16	18	78	83	
1550	7	9	11	11	12	14	15	15	16	19	56	57	80	84	87	
1551	16	17	18	19	20	23	35	36	51	51	52	53	54	55	55	56	57	59	81	84	87	89	
1552	18	21	43	45	45	46	47	48	50	51	52	53	54	57	
1553	45	46	47	49	50	60	72	
1554	44	46	49	58	
1564	90	
1566	10	
1567	9	12	16	21	
1568	7	9	10	12	13	14	15	78	79	82	87	89	94	100	
1569	77	78	82	85	86	87	89	90	92	93	95	97	
1570	53	81	82	83	86	87	88	89	90	93	94	96	
1571	54	78	79	80	81	82	83	84	85	87	89	93	95	
1572	26	76	77	78	79	80	82	84	85	88	89	92	95	
1573	79	81	85	
1574	82	85	
1575	83	
1577	37	80	
1578	16	
1579	17	20	28	37	43	
1580	17	19	21	23	32	36	43	47	49	57	59	69	
1581	20	30	41	46	48	50	54	66	70	
1582	19	22	37	40	45	46	72	
1583	10	12	14	18	19	23	25	70	
1584	5	6	8	9	10	11	12	12	13	14	15	16	19	20	72	79	
1585	12	15	16	17	18	19	20	22	24	26	52	54	55	56	57	58	58	78	
1586	22	41	45	46	47	48	49	50	50	51	52	54	55	56	
1587	43	43	44	46	47	49	50	51	53	59	70	
1589	54	65	
1601	11	
1602	5	
1603	77	79	80	83	83	85	87	90	95	
1604	77	78	78	79	80	81	82	84	85	89	93	98	
1605	77	79	80	82	83	85	92	
1606	78	81	84	
1607	82	
1610	16	
1611	10	13	16	20	
1612	10	16	20	24	35	41	41	67	
1613	11	13	15	17	18	18	19	20	25	37	39	58	
1614	16	17	19	20	21	23	24	26	29	36	42	43	45	46	50	54	56	57	61	65	67	68	
1615	20	21	23	24	29	34	36	41	44	46	48	48	50	53	54	56	59	68	72	
1616	20	21	23	23	41	43	45	47	49	50	63	64	66	72	
1617	11	20	22	25	26	38	43	45	70	
1618	7	10	11	12	13	15	17	18	20	22	23	25	28	45	67	68	
1619	17	19	20	21	24	52	53	55	56	57	57	
1620	22	48	50	51	52	53	53	54	55	56	58	58	
1621	42	43	44	45	46	46	47	49	50	51	54	
1622	44	46	53	64	
1623	53	
1628	60	
1629	81	82	82	
1634	16	
1636	83	
1637	79	
1638	80	84	93	
1639	80	84	
1641	41	
1642	21	
1645	8	11	14	17	24	
1646	10	12	14	15	16	17	18	19	19	20	23	26	
1647	11	13	14	15	16	17	18	19	20	20	22	24	28	28	43	69	
1648	17	18	20	22	23	24	43	52	
1649	22	23	25	52	54	59	64	
1650	23	25	29	44	45	49	50	54	59	
1651	23	29	44	45	48	64	
1652	13	14	21	23	25	
1653	22	25	55	56	57	58	62	
1654	48	50	50	51	51	52	53	53	54	55	56	60	
1655	44	45	46	47	48	49	50	51	55	
1656	43	55	60	
1657	54	
1658	40	
1659	38	
1661	8	
1663	83	
1673	20	
1675	35	
1676	3	
1677	25	
1678	9	18	
1679	4	8	10	12	13	14	15	16	17	18	
1680	10	11	12	14	15	16	17	18	19	20	21	23	
1681	17	17	20	21	22	24	25	26	
1682	22	24	
1687	52	53	56	57	58	61	
1688	51	52	53	54	54	
1689	44	45	46	47	48	49	51	52	54	55	60	
1690	44	50	55	59	
1694	22	
1703	65	
1709	100	
1712	9	11	13	15	16	24	
1713	7	10	11	12	14	15	16	17	18	19	24	27	68	
1714	8	12	14	15	16	16	17	18	19	19	20	22	23	26	
1715	20	21	22	
1721	51	52	53	55	56	57	60	
1722	47	48	50	51	52	53	53	54	55	56	58	61	
1723	45	46	47	49	50	51	54	87	89	91	95	
1724	49	83	87	89	
1731	74	
1736	83	94	
1742	89	
1745	10	23	
1746	8	10	11	14	15	23	
1747	7	10	12	13	14	14	15	16	18	18	19	21	24	28	
1748	13	16	17	18	20	21	22	24	
1749	22	
1754	57	
1755	51	52	53	55	56	60	
1756	48	48	49	50	51	53	53	54	57	58	87	90	92	93	96	
1757	50	52	78	81	82	84	86	87	88	90	92	93	
1758	57	85	91	97	
1765	96	
1770	51	
1771	11	
1779	9	
1780	5	9	11	12	13	14	
1781	6	8	10	11	12	13	15	15	17	19	92	
1782	16	17	19	20	22	87	92	
1783	17	18	23	
1787	56	
1788	53	55	
1789	50	52	53	55	56	60	83	86	87	89	90	92	94	97	
1790	51	53	54	78	81	82	82	85	85	86	87	88	89	91	94	96	
1791	76	78	79	80	81	84	85	88	88	90	96	99	
1792	79	84	
1793	86	
1814	5	9	11	13	
1815	7	8	10	10	12	13	14	15	20	82	85	
1816	13	14	15	16	17	18	18	20	79	81	83	83	85	88	89	97	98	
1817	16	17	17	19	21	88	92	
1820	58	
1821	51	52	53	57	88	91	
1822	50	52	55	86	87	89	90	92	94	96	
1823	52	53	76	77	80	81	82	83	84	85	86	86	88	89	90	93	96	
1824	76	78	79	80	81	82	83	84	86	89	
1825	80	83	
1826	58	83	
1836	98	
1842	96	
1843	18	
1846	82	
1847	15	
1848	9	
1849	5	9	10	12	14	15	94	
1850	7	11	12	13	14	15	17	19	78	80	83	86	91	94	
1851	16	17	20	23	82	84	85	87	88	90	93	95	
1852	87	91	92	
1853	86	87	88	89	91	92	95	
1854	52	86	87	88	90	92	93	95	98	98	
1855	51	53	53	59	77	81	82	84	85	86	86	87	88	89	90	93	94	97	98	
1856	79	80	81	82	83	85	86	87	88	90	91	94	96	99	
1857	55	77	79	80	81	84	87	93	
1858	80	88	95	102	
1859	81	84	91	
1869	5	95	
1878	13	
1881	11	
1882	10	72	
1883	5	10	14	
1884	8	9	9	11	12	13	15	79	82	86	88	
1885	7	12	79	80	81	83	83	85	86	88	88	90	95	
1886	78	80	81	82	83	84	85	86	87	88	88	89	90	92	93	94	96	100	
1887	77	81	82	84	85	86	86	87	88	90	93	93	95	98	
1888	76	77	79	80	81	82	82	83	84	85	86	87	89	91	93	96	
1889	76	77	78	78	79	80	80	82	83	84	85	87	88	90	94	
1890	77	78	79	81	82	84	87	89	95	
1891	80	85	93	
1892	79	
1894	49	93	
1897	45	
1914	19	
1916	71	
1917	13	
1918	5	15	82	
1919	79	80	82	84	90	
1920	76	78	78	79	80	81	82	84	86	89	96	
1921	77	78	79	80	82	83	84	86	87	89	92	
1922	76	79	80	84	86	
1923	79	83	
1924	82	85	95	
1926	98	
1930	79	
1953	78	81	89	
1954	82	83	88	
1955	80	84	
1956	79	84	
1957	35	
1970	75	
1989	83	
1990	101	
1991	89	
1993	90	
2010	67	
2015	6	
2030	23	87	
2037	67	
2038	102	
2043	22	
2045	7	
2046	50	
2056	90	
2110	87	
2112	94	
2129	102	
2130	43	
2135	95	
2154	6	
2156	93	
2158	37	
2196	25	
2207	3	
2215	10	
2218	8	
2255	7	
