118	86	
206	84	
218	10	
223	87	
224	83	87	88	89	91	95	
225	86	87	88	89	91	93	96	
226	82	86	87	88	89	91	95	
227	82	85	86	87	88	89	91	93	93	95	
228	17	86	87	90	
254	96	97	
256	50	91	
257	86	87	89	91	93	96	
258	77	79	81	82	83	84	85	85	86	87	89	90	92	93	95	
259	77	78	80	81	82	82	83	84	85	86	87	88	89	91	95	98	
260	10	77	78	79	80	81	82	84	85	85	87	88	90	91	93	96	99	
261	10	77	78	79	80	81	82	83	84	85	86	88	90	95	
262	7	11	13	15	16	78	81	82	83	85	86	87	88	90	91	94	96	99	
263	17	18	87	88	90	95	
264	17	
288	98	
289	51	52	54	57	
290	48	50	52	55	83	85	87	89	90	93	95	
291	78	79	80	81	82	83	84	85	86	88	88	89	91	94	
292	37	77	78	79	80	81	82	84	85	90	94	
293	11	43	47	78	78	79	80	82	83	85	
294	17	19	40	43	46	47	66	70	76	79	80	81	83	
295	5	9	46	77	79	80	81	83	85	98	
296	7	10	11	13	13	14	77	79	80	81	83	85	86	88	95	
297	7	12	14	15	16	19	78	79	81	82	84	85	86	88	89	91	94	97	
298	16	82	85	87	88	91	95	
299	16	18	
317	87	90	
318	86	87	90	92	96	
319	86	88	90	93	
320	87	91	96	
321	86	87	90	92	96	
322	52	55	86	88	90	92	98	
323	50	51	54	56	81	85	86	88	88	89	91	93	97	
324	49	53	78	79	81	82	84	85	86	88	88	90	96	
325	77	79	80	81	83	84	86	94	99	
326	13	17	19	28	57	79	80	
327	8	12	15	16	17	18	19	20	34	51	53	56	57	59	65	
328	19	20	21	22	24	29	42	45	46	47	47	50	51	56	67	
329	4	21	23	24	40	44	45	46	47	48	67	73	
330	4	9	12	43	78	80	83	
331	7	8	10	11	13	14	15	77	79	80	82	84	85	87	89	93	97	
332	6	11	12	14	15	17	80	82	84	85	87	88	90	93	96	101	
333	16	17	18	19	87	91	
350	87	91	
351	81	83	84	86	87	88	89	91	93	97	
352	78	82	83	85	86	86	87	88	90	92	94	96	
353	78	80	82	83	84	85	86	87	89	90	95	98	99	
354	78	81	82	83	84	85	86	87	88	90	91	93	95	
355	81	82	84	85	86	87	88	90	92	95	98	
356	55	78	80	82	83	84	85	86	87	89	90	91	94	96	
357	52	54	77	79	80	81	82	83	84	85	86	88	89	91	93	95	
358	77	79	80	82	83	85	86	89	94	
359	10	77	79	81	84	
360	6	9	11	12	13	15	16	78	92	
361	7	11	12	15	17	19	21	23	55	57	73	
362	16	17	19	22	25	34	51	52	53	54	55	56	58	59	60	88	93	
363	44	45	45	47	48	48	49	49	50	54	
364	4	43	44	45	46	49	
365	4	8	9	11	14	78	81	
366	6	8	9	10	11	12	13	14	15	19	78	80	81	83	84	86	90	95	
367	12	15	15	16	17	17	18	18	19	20	21	24	80	
382	57	87	89	92	
383	52	53	83	86	87	89	91	96	
384	36	53	82	84	85	86	87	88	88	89	91	94	97	100	
385	79	80	81	82	84	85	86	88	88	90	94	97	
386	77	79	80	81	83	84	89	94	99	
387	7	17	40	56	76	77	79	80	81	82	84	85	88	94	
388	18	46	77	79	80	82	83	84	100	
389	46	77	78	79	81	83	84	86	
390	38	46	52	55	77	78	79	80	81	84	85	86	88	96	
391	66	76	77	78	79	80	82	84	85	
392	19	37	38	46	48	49	79	81	84	
393	10	47	70	
394	6	8	10	12	14	19	
395	6	10	11	12	13	14	15	19	78	89	93	101	
396	8	16	54	55	55	57	83	86	88	89	95	
397	50	50	51	52	53	54	55	60	85	87	90	92	95	98	
398	48	50	86	88	91	
399	9	11	
400	2	4	6	8	9	10	11	11	12	13	14	15	15	78	80	
401	8	12	15	16	16	17	18	19	19	20	21	22	23	
402	18	21	
414	53	56	
415	52	86	88	91	
416	52	82	84	85	87	89	90	92	95	
417	53	54	77	80	82	83	84	85	86	87	88	89	91	93	96	
418	39	77	79	80	81	82	83	84	85	89	93	98	
419	16	37	39	47	50	58	62	67	78	79	80	82	84	
420	15	16	17	19	20	28	41	43	45	47	49	57	69	78	80	83	
421	18	18	19	20	36	39	44	45	47	49	52	56	58	60	63	66	68	70	79	
422	18	20	21	22	27	42	43	44	46	47	47	48	49	50	52	54	62	69	78	
423	23	44	46	47	48	50	
424	9	29	79	82	83	96	
425	11	15	16	20	57	58	62	67	79	
426	16	17	18	18	19	20	33	40	43	44	45	46	48	49	51	56	57	59	66	71	
427	5	18	19	20	21	23	24	26	30	39	42	44	45	45	46	47	49	50	57	63	69	72	
428	13	20	21	22	29	41	43	43	44	45	46	46	47	48	50	69	72	
429	8	10	14	20	22	26	41	45	46	48	69	73	80	
430	7	46	53	79	80	85	98	
431	48	51	54	58	76	77	79	81	82	83	84	85	88	95	
432	81	84	85	86	89	94	
433	4	9	13	15	
434	4	7	10	11	12	12	13	14	15	15	16	19	20	
435	13	15	15	16	17	18	18	19	20	20	22	24	
436	18	21	23	
447	52	56	
448	46	47	50	51	52	54	59	
449	49	51	53	55	81	84	85	86	90	95	98	
450	49	79	80	81	82	83	84	85	86	88	88	90	96	
451	67	78	78	79	80	81	83	84	86	
452	10	16	17	18	19	40	44	64	67	69	77	78	79	80	83	
453	7	11	13	14	15	16	17	18	19	20	21	24	42	44	63	64	69	
454	13	15	20	21	22	23	24	26	45	53	56	57	65	68	
455	5	20	21	22	24	25	45	48	51	51	52	54	54	55	56	57	59	62	
456	23	24	44	45	46	46	47	49	49	50	51	53	55	59	73	
457	33	41	44	48	49	
458	10	14	65	66	
459	8	10	11	12	14	15	16	16	17	18	19	20	26	70	
460	13	17	18	19	20	20	21	22	24	27	54	58	72	
461	21	22	24	35	45	49	50	52	54	55	56	57	60	65	
462	23	24	25	34	47	49	50	51	53	53	55	56	57	59	64	67	
463	3	23	24	42	43	44	45	47	48	48	49	50	51	56	58	63	
464	24	28	28	33	40	42	44	45	46	47	47	48	49	50	51	56	58	69	
465	21	28	40	43	44	46	47	48	49	51	66	69	78	
466	38	46	78	79	80	83	
467	8	10	67	
468	5	6	8	10	10	11	12	13	13	14	15	15	16	16	17	18	19	20	24	71	
469	2	13	15	16	17	17	19	20	21	21	22	23	25	26	
470	22	53	54	54	
480	56	58	
481	48	51	52	54	55	57	62	
482	43	46	46	47	48	49	50	50	52	53	55	
483	45	50	79	81	83	85	94	
484	10	67	78	78	79	81	82	83	85	
485	6	7	9	10	11	12	14	15	16	18	80	
486	11	13	14	15	16	17	17	19	19	20	21	23	28	69	
487	18	21	22	24	25	73	
488	21	22	24	57	
489	51	52	53	53	54	55	56	
490	47	49	50	51	53	54	59	87	91	
491	8	45	91	
492	6	9	11	12	14	15	18	42	69	
493	12	13	15	16	17	18	19	19	20	21	22	24	27	69	
494	20	22	23	24	27	
495	22	
496	51	55	61	
497	34	50	52	53	53	54	55	55	56	57	58	59	62	
498	24	35	42	46	47	49	49	50	51	52	53	54	55	56	57	59	60	61	73	
499	24	31	33	36	40	42	44	44	45	46	47	48	49	50	50	52	56	58	71	74	
500	8	22	26	42	44	44	45	46	48	49	63	67	68	72	75	
501	9	10	11	13	14	15	18	20	21	23	24	27	44	64	72	
502	4	7	11	12	13	14	15	16	18	19	20	21	22	23	26	69	
503	20	21	22	22	23	
514	53	56	58	
515	51	51	52	53	54	54	55	56	59	
516	43	45	46	47	47	48	48	49	50	50	51	53	55	59	
517	40	44	45	46	80	85	90	93	
518	9	11	14	16	68	85	
519	8	11	11	12	13	14	14	15	16	16	17	18	19	23	
520	13	15	16	17	18	18	19	20	21	22	24	26	
521	22	57	
522	52	55	57	59	60	61	63	
523	47	49	50	51	53	54	88	90	93	
524	48	81	85	86	87	88	90	93	94	
525	10	11	14	65	67	77	80	83	83	85	
526	8	11	12	13	14	15	16	16	17	18	19	20	24	
527	20	20	21	22	24	
528	22	
531	55	
532	51	53	54	59	
533	45	52	54	59	65	
534	34	34	34	35	45	49	64	
535	5	10	14	21	23	23	24	64	72	
536	22	23	
537	23	
548	55	56	57	
549	48	51	51	52	53	53	54	55	55	56	57	58	60	
550	41	44	45	46	46	47	48	48	49	50	50	55	59	
551	8	43	45	
552	4	6	9	10	11	13	14	
553	5	8	11	12	14	15	16	17	19	20	24	
554	16	17	18	19	20	21	22	
555	53	56	
556	50	52	53	54	55	92	
557	49	50	81	83	85	87	90	92	
558	8	67	78	80	82	83	85	86	88	99	
559	6	9	10	11	12	13	14	15	16	17	18	80	
560	12	15	16	17	17	19	20	21	24	26	71	
561	21	22	
582	57	
583	48	51	51	52	53	54	55	55	56	57	59	60	
584	35	42	45	46	47	47	48	49	49	50	50	51	54	59	
585	41	44	45	45	46	46	48	49	
586	7	10	11	12	13	14	
587	3	5	6	8	11	12	12	13	14	15	16	17	19	20	24	
588	16	17	18	19	20	22	24	57	
589	50	51	52	53	55	57	
590	48	49	50	51	53	55	86	87	90	93	97	
591	67	79	81	82	85	86	89	91	95	
592	7	9	10	11	13	14	16	18	76	79	81	83	85	
593	7	11	12	13	15	15	16	17	17	18	19	20	21	24	73	
594	17	20	21	22	27	
595	23	
617	52	52	55	55	56	57	58	60	
618	34	48	49	50	50	51	52	53	54	55	56	60	
619	41	44	45	46	47	49	49	
620	4	8	9	11	14	43	
621	11	12	13	14	15	19	79	
622	17	21	22	52	55	58	88	91	
623	50	51	52	53	55	86	87	87	88	90	92	93	96	
624	80	82	83	85	86	87	89	91	96	
625	9	10	14	80	81	83	84	88	
626	7	9	11	12	13	14	15	16	16	18	19	20	27	68	
627	13	17	17	19	20	20	21	22	24	
628	21	22	
651	53	55	57	
652	50	50	51	52	54	55	57	58	60	
653	43	44	45	46	46	47	48	48	49	50	
654	4	10	44	
655	8	11	13	15	81	86	89	92	94	
656	52	55	80	82	83	84	85	85	86	87	88	88	89	91	94	98	99	
657	80	81	82	84	85	86	87	88	89	90	92	95	
658	9	16	66	78	79	81	82	83	84	88	
659	6	10	11	12	14	14	16	17	18	19	68	79	
660	4	7	13	14	15	16	17	19	19	20	21	24	
661	20	21	23	25	
685	56	
686	35	51	51	52	53	53	54	55	55	56	56	58	58	
687	38	42	46	47	48	49	50	51	52	
688	44	45	46	47	48	
689	11	46	78	79	81	84	88	
690	77	78	78	79	80	82	84	85	89	94	
691	9	16	66	78	79	80	81	82	83	85	
692	6	8	13	14	15	16	17	19	69	79	
693	12	14	15	16	17	18	18	19	20	21	24	27	
694	21	22	23	24	25	
695	22	
719	57	
720	34	51	52	53	53	54	55	56	57	58	59	61	
721	36	42	47	48	49	49	50	51	54	55	56	58	59	61	
722	32	37	42	43	44	45	46	46	47	48	48	49	50	
723	26	36	41	44	46	47	49	59	68	70	
724	8	16	19	21	26	41	43	45	46	66	80	84	
725	10	11	12	13	14	16	18	18	19	19	22	27	42	44	64	68	
726	8	11	12	13	14	15	16	17	19	19	20	21	22	23	25	68	
727	15	17	19	20	21	22	25	
728	23	
753	4	
754	52	55	58	62	
755	50	52	53	54	55	58	60	
756	45	48	50	51	54	55	57	60	65	
757	26	44	45	50	63	65	69	
758	13	20	23	23	27	44	72	73	
759	4	8	9	14	20	21	22	24	24	44	65	
760	5	22	23	23	24	27	
761	22	
789	55	
793	24	
1169	91	
1172	28	
1203	26	
1207	27	
1210	20	
1230	19	
1238	11	
1242	10	
1243	19	
1246	20	
1249	10	
1258	69	
1269	20	
1274	26	
1288	69	
1304	17	
1306	96	
1308	89	
1319	59	
1320	101	
1322	7	
1342	13	
1344	27	
1347	46	72	
1348	3	39	
1349	43	
1350	15	49	
1352	10	
1354	5	
1374	13	
1379	16	32	33	45	48	
1380	17	18	20	23	37	38	43	43	48	61	73	
1381	20	37	41	47	51	55	58	58	66	70	
1382	19	21	23	26	42	44	46	47	49	56	65	71	
1383	20	26	38	43	44	46	48	49	54	67	71	
1384	26	46	56	
1385	9	47	49	
1388	55	
1393	84	
1399	58	
1409	27	46	
1410	95	95	95	
1411	26	38	
1412	8	11	16	18	71	
1413	12	14	16	17	18	20	24	40	48	60	72	
1414	15	16	17	18	19	20	21	27	39	45	47	51	58	58	62	64	68	68	
1415	19	20	21	23	24	43	44	45	47	49	51	55	56	57	60	66	
1416	21	22	26	42	45	49	50	53	54	56	57	59	65	70	
1417	20	21	23	23	27	30	34	39	44	45	46	47	48	49	49	51	52	55	56	59	70	
1418	38	43	44	46	47	49	51	56	70	
1419	46	48	51	56	
1420	46	48	
1421	66	
1425	80	
1436	61	
1441	55	70	
1442	18	
1444	43	67	71	
1445	11	16	18	18	41	
1446	6	10	12	14	16	17	19	20	29	69	
1447	5	8	9	11	13	14	17	18	18	19	20	22	23	65	69	
1448	15	17	19	20	22	23	72	
1449	22	23	25	54	
1450	23	51	53	54	55	56	57	62	87	88	90	92	97	
1451	16	24	50	51	52	54	54	57	59	87	92	
1452	23	30	34	40	43	45	47	48	49	50	52	53	59	65	
1453	39	44	45	46	47	48	48	49	51	53	67	70	
1454	40	43	47	50	
1455	47	49	
1457	63	
1464	101	
1471	16	
1473	17	21	43	46	66	
1474	38	46	51	
1475	19	40	45	47	52	59	
1476	19	38	43	45	47	66	71	
1477	46	66	
1478	9	15	18	20	39	43	47	
1479	10	12	14	18	19	20	24	44	66	70	97	
1480	7	11	13	13	14	16	17	18	18	19	20	21	26	70	
1481	18	19	19	20	21	23	24	27	56	
1482	2	22	23	47	51	55	
1483	46	85	86	88	90	93	
1484	6	9	13	77	81	82	83	84	85	86	87	89	94	
1485	16	35	52	54	55	57	62	77	82	85	86	87	89	90	91	94	
1486	16	17	19	49	50	51	52	53	54	55	57	59	61	87	91	
1487	33	41	44	45	47	48	49	50	51	53	56	60	
1488	44	45	46	46	47	48	49	50	52	53	61	69	
1489	43	48	
1492	9	
1493	82	
1500	63	
1505	19	67	
1506	15	16	27	30	42	43	58	68	
1507	16	17	19	21	29	41	48	49	56	66	
1508	18	19	21	23	24	39	43	44	46	48	50	54	59	65	70	
1509	19	21	25	27	35	36	40	45	46	47	49	55	57	58	64	70	
1510	18	19	22	24	27	41	44	45	46	47	50	54	61	68	68	
1511	13	18	20	21	23	37	39	44	58	
1512	8	15	18	19	21	24	26	43	43	65	66	69	
1513	9	11	13	14	15	18	19	20	21	22	24	
1514	12	18	19	20	21	22	24	26	52	57	
1515	22	23	50	51	52	54	56	57	60	73	
1516	41	45	47	48	48	49	50	54	56	59	
1517	38	44	47	49	80	84	
1518	9	13	39	43	48	48	78	79	
1519	7	10	11	13	14	26	77	78	79	81	83	85	88	96	99	
1520	13	15	16	17	19	53	54	55	55	56	57	61	81	83	84	86	88	96	
1521	17	18	43	47	47	50	51	51	52	53	54	55	56	58	58	62	
1522	44	45	46	47	48	48	49	49	50	54	56	
1523	44	49	
1524	51	
1528	66	
1533	26	
1537	18	
1538	15	19	38	
1539	9	14	17	18	20	23	39	45	46	66	69	
1540	10	12	13	15	16	19	20	21	34	71	
1541	15	17	19	20	21	24	45	60	69	
1542	18	20	21	23	23	33	44	52	55	59	65	
1543	21	22	24	51	55	59	63	93	
1544	22	23	63	88	92	
1545	22	24	64	
1546	13	15	17	20	22	24	73	
1547	12	15	21	23	23	24	25	73	
1548	22	88	91	93	
1549	51	53	54	56	57	60	87	88	91	93	
1550	48	50	51	52	53	55	56	60	91	
1551	29	38	41	45	48	48	49	51	53	60	75	
1552	42	43	45	46	47	49	68	
1553	6	8	10	12	14	23	53	66	71	79	
1554	6	11	12	13	15	15	16	17	18	21	22	24	52	57	57	78	79	
1555	20	21	26	34	47	51	51	52	53	53	54	55	57	58	60	
1556	42	44	46	46	47	48	49	50	51	54	57	
1557	45	49	
1564	88	
1571	11	15	16	21	38	68	
1572	12	14	15	16	17	18	18	19	21	23	28	44	63	64	
1573	11	13	15	17	19	20	21	24	43	69	87	
1574	8	10	12	13	15	19	21	22	24	27	70	89	
1575	21	22	24	25	87	90	92	
1576	85	86	87	90	93	94	96	
1577	82	83	85	86	86	88	89	90	92	94	96	
1578	11	81	82	85	86	87	89	91	96	
1579	11	13	15	16	17	18	90	
1580	17	25	73	
1581	88	91	
1582	82	83	85	86	87	87	89	90	92	94	96	
1583	77	78	81	82	84	85	85	86	87	89	89	91	95	96	
1584	16	52	54	55	83	85	86	86	87	88	89	91	92	93	95	97	
1585	16	54	58	82	87	90	91	95	97	
1586	16	29	50	64	91	
1587	11	13	22	25	
1588	8	12	19	20	22	24	28	52	53	56	57	70	
1589	21	22	48	50	50	51	51	52	54	54	55	56	59	62	
1590	42	45	46	48	48	49	50	51	53	
1591	45	
1595	10	
1598	95	
1604	10	14	21	
1605	7	10	12	14	15	16	17	19	21	67	71	
1606	11	11	12	14	16	17	18	19	20	22	24	44	
1607	21	22	23	25	46	51	
1608	51	86	86	87	89	90	92	94	97	
1609	82	85	86	87	88	89	91	94	96	
1610	77	78	79	80	81	82	84	85	86	87	89	
1611	21	76	77	78	78	79	80	81	84	85	88	
1612	7	9	10	12	13	15	16	76	78	78	79	80	82	83	85	89	
1613	7	11	12	15	16	17	18	19	52	53	57	78	80	86	
1614	17	48	51	52	91	
1615	50	81	82	85	86	87	89	91	94	96	
1616	77	78	79	81	82	84	85	87	89	91	98	
1617	76	77	79	80	81	83	85	86	89	94	
1618	9	11	50	76	77	79	79	80	82	84	85	86	88	89	95	
1619	10	12	14	76	77	77	79	80	81	83	84	85	86	88	90	94	97	
1620	12	14	17	78	83	84	85	87	89	90	93	93	95	
1621	17	82	86	87	90	91	94	96	
1622	16	52	53	57	87	91	
1623	50	51	52	52	54	55	57	59	91	92	
1624	45	46	46	47	47	48	48	50	51	54	85	86	87	89	90	92	93	96	
1625	86	
1633	50	
1634	27	
1637	15	
1638	7	9	11	12	14	15	65	
1639	7	11	12	13	14	15	16	16	18	18	19	20	25	53	56	57	
1640	17	18	20	21	22	24	46	47	51	52	54	
1641	22	48	48	50	53	56	87	89	92	94	
1642	53	77	80	81	82	84	85	86	87	89	97	
1643	50	76	77	78	79	80	81	83	83	84	86	89	92	
1644	79	80	84	88	
1645	9	16	80	84	99	
1646	6	9	11	12	14	15	17	18	20	57	80	
1647	7	12	13	15	17	18	19	21	24	47	52	53	55	71	
1648	22	46	49	51	55	83	86	87	88	89	90	92	94	97	
1649	49	76	80	81	83	84	85	86	90	95	
1650	77	79	81	83	85	
1651	78	80	83	
1652	78	83	85	
1653	5	9	78	80	84	88	93	
1654	9	12	14	76	78	79	80	81	84	86	92	
1655	8	9	11	12	14	15	76	78	80	82	84	85	88	91	95	
1656	51	52	54	55	77	80	81	82	83	84	85	86	87	88	89	91	93	95	
1657	50	52	54	57	78	82	84	85	86	86	87	89	90	92	94	96	
1658	78	80	81	82	83	83	84	86	87	89	92	95	
1659	81	86	90	94	
1672	7	9	9	10	11	13	13	15	16	57	
1673	7	11	12	13	15	15	16	17	18	19	19	20	22	25	52	52	57	59	80	
1674	18	22	23	43	46	47	48	49	50	51	52	53	53	55	56	
1675	45	47	50	81	82	84	86	88	93	100	
1676	78	79	81	85	91	
1677	78	81	83	99	
1678	10	79	86	
1679	10	14	16	17	19	
1680	6	10	11	13	14	15	16	17	19	20	22	25	48	52	53	58	60	69	
1681	18	21	22	25	46	47	49	50	52	55	
1682	50	77	81	82	84	86	88	90	95	
1683	49	78	80	82	85	87	89	
1684	80	
1687	81	
1688	80	84	
1689	4	11	79	82	84	88	
1690	76	76	78	79	80	81	82	84	85	89	94	98	
1691	75	76	77	79	79	81	83	83	85	86	89	94	
1692	80	81	84	87	90	
1693	82	
1704	26	
1705	9	
1706	5	7	8	9	10	11	13	13	14	18	19	56	58	
1707	5	12	13	15	15	16	16	17	19	20	21	48	51	52	53	53	54	55	56	57	60	
1708	18	20	21	22	46	47	49	50	50	52	54	
1709	43	45	46	48	48	50	79	85	
1710	45	84	100	
1712	7	9	12	15	17	
1713	7	10	12	13	15	16	17	18	19	24	56	
1714	3	8	17	18	19	20	22	24	26	46	47	50	51	52	53	54	55	60	71	
1715	21	22	49	50	52	58	86	87	89	91	
1716	49	79	81	84	86	97	
1717	78	83	
1718	81	
1720	102	
1723	80	
1724	81	87	
1725	79	88	
1726	79	83	
1735	43	
1739	9	
1740	6	9	10	11	14	15	18	
1741	2	6	8	12	13	15	16	20	52	53	54	55	56	57	58	63	80	84	87	91	95	
1742	16	17	18	19	21	46	48	49	50	51	52	54	55	57	57	60	87	
1743	44	46	86	
1744	43	48	
1745	3	9	13	16	66	70	
1746	10	11	14	15	16	17	19	21	24	56	57	67	
1747	8	13	15	15	17	18	20	22	24	52	53	55	57	
1748	21	23	24	48	48	49	50	52	54	90	
1749	11	51	58	78	80	81	82	84	86	88	89	95	99	
1750	79	85	93	
1751	66	
1759	80	
1760	85	
1762	13	13	14	14	
1765	99	99	99	100	
1773	9	15	
1774	9	13	15	
1775	6	12	14	15	17	22	33	53	55	56	58	60	78	82	85	91	96	
1776	16	17	20	22	42	47	49	50	51	51	54	55	81	84	87	91	95	98	
1777	42	44	46	49	50	54	
1778	39	45	68	
1779	7	10	12	14	16	18	39	39	68	
1780	1	4	8	11	12	14	15	16	17	18	19	21	23	56	
1781	5	20	21	23	23	25	49	50	51	52	53	53	54	55	57	
1782	22	50	53	82	85	86	87	89	90	93	98	
1783	77	79	81	84	87	96	
1784	79	83	
1808	9	14	24	
1809	6	10	11	12	14	15	55	57	61	79	89	
1810	15	16	17	18	19	33	34	52	54	55	56	59	62	79	87	
1811	17	17	20	22	39	42	44	45	47	49	50	66	
1812	11	13	23	26	40	44	50	63	67	
1813	6	11	13	15	16	18	20	24	53	57	64	
1814	3	21	22	24	25	50	51	53	54	
1815	48	50	54	58	86	87	89	91	93	96	
1816	55	78	79	81	82	84	85	88	90	93	
1817	80	84	
1818	43	
1834	82	
1841	94	
1842	9	
1843	9	10	11	12	13	15	18	18	
1844	7	12	13	14	15	16	18	19	60	83	85	88	95	
1845	16	17	19	21	33	74	
1846	57	74	
1847	22	25	51	52	53	55	
1848	23	49	50	53	53	55	88	90	91	93	94	96	
1849	49	76	80	82	83	84	86	87	89	
1850	80	82	84	98	
1852	17	
1853	38	
1860	40	
1876	10	
1877	5	8	10	11	13	14	18	95	
1878	7	10	11	12	14	14	15	23	24	81	86	90	94	
1879	18	53	82	86	86	87	89	90	91	93	94	95	
1880	52	55	85	86	87	87	88	89	91	94	95	98	
1881	51	53	53	55	82	86	88	89	90	91	94	96	98	
1882	52	77	80	82	84	85	86	87	89	91	96	
1883	78	80	84	87	92	95	
1884	38	90	
1885	65	
1897	48	83	
1904	94	
1910	4	96	
1911	5	12	14	
1912	5	7	9	11	15	79	84	89	
1913	76	77	80	81	82	83	85	86	89	91	96	99	
1914	76	76	77	77	79	80	81	82	83	84	85	86	89	91	93	
1915	77	79	80	80	82	83	85	86	90	93	94	
1916	77	79	80	82	83	86	91	
1917	82	84	
1918	83	
1928	27	
1944	10	
1946	7	84	
1947	78	81	83	86	88	
1948	78	78	79	80	83	89	
1949	78	80	86	
1950	81	
1961	28	99	
1963	27	29	
1969	14	
1980	87	
1982	67	86	93	
1990	32	
1993	77	
1998	61	
2000	29	
2011	31	
2014	98	
2016	68	
2025	43	
2032	85	
2044	40	
2049	84	
2051	68	
2064	17	
2065	24	
2067	91	
2079	10	
2087	13	
2101	19	19	
2104	93	
2115	11	
2159	26	
2160	101	
2201	95	
2202	97	
2204	12	
