46	71	
181	90	91	97	
182	88	91	92	96	
183	16	87	87	90	91	95	97	
184	16	88	91	92	95	
185	17	
213	55	58	88	
214	53	87	89	90	91	94	98	
215	83	85	86	87	88	90	91	93	93	95	98	
216	78	82	83	85	86	86	87	88	88	89	90	92	93	95	98	98	
217	7	10	81	83	84	85	86	87	88	88	89	90	91	93	93	95	98	99	
218	7	11	12	14	16	81	82	84	85	86	87	88	89	90	91	94	97	99	
219	12	15	16	86	87	89	90	92	93	96	
220	16	17	
245	56	58	60	
246	51	52	55	56	
247	51	53	53	55	83	87	88	89	91	94	97	98	
248	49	52	55	82	85	86	87	88	88	89	90	92	93	95	98	
249	77	79	81	82	83	84	85	86	87	88	90	95	
250	47	77	79	80	81	82	84	85	86	87	89	93	98	
251	1	6	8	12	13	17	46	77	79	80	81	82	84	85	86	89	92	
252	9	11	13	14	78	79	80	81	83	83	84	85	86	89	92	93	98	
253	8	9	11	12	13	14	15	77	79	81	83	83	85	86	87	88	90	91	95	
254	16	18	18	83	86	87	91	92	94	97	
255	17	
278	56	58	
279	51	53	54	56	57	62	63	
280	48	49	51	52	53	54	55	60	88	91	95	
281	50	52	54	79	81	83	84	86	87	89	91	94	98	
282	51	79	81	82	83	83	84	85	87	91	94	
283	19	41	57	62	68	79	80	81	84	
284	18	21	45	46	47	50	52	73	78	80	84	
285	44	46	47	48	48	49	72	79	84	102	
286	5	6	9	11	14	78	80	82	85	90	
287	6	9	11	12	14	15	79	80	82	84	86	89	93	97	98	
288	8	10	12	13	15	15	16	19	21	80	82	84	86	87	89	90	94	96	
289	16	17	18	18	21	87	91	97	
290	17	
291	56	57	57	
292	58	
294	88	
295	92	96	
296	88	91	92	94	97	
297	88	92	95	
298	16	88	
299	18	
312	56	57	58	59	
313	47	51	52	54	55	56	57	59	63	
314	46	47	48	49	50	51	52	53	54	55	61	82	85	87	90	92	93	
315	49	54	80	82	83	84	86	88	89	91	95	
316	10	14	67	78	80	83	85	89	
317	8	14	15	16	16	17	18	18	19	19	57	57	58	59	60	61	70	103	
318	17	20	20	21	25	26	31	44	46	47	48	51	52	53	54	55	56	57	59	70	73	
319	23	45	46	47	48	49	49	50	57	69	73	
320	44	46	47	48	50	69	
321	7	10	11	14	16	78	80	85	88	95	
322	1	8	9	10	11	13	13	14	15	16	79	80	83	84	86	87	88	90	93	99	
323	12	16	17	18	20	80	82	84	86	87	88	90	91	94	
324	17	17	21	92	97	
327	91	93	95	
328	86	87	89	91	92	93	95	
329	85	86	87	88	88	89	90	92	93	94	95	98	
330	10	78	82	84	86	86	87	89	90	91	93	94	96	
331	8	10	13	14	78	81	83	85	86	87	88	89	90	91	93	94	95	98	100	
332	12	16	17	85	87	90	91	94	97	
333	16	17	18	
345	57	
346	53	56	57	58	59	61	
347	50	51	51	52	53	53	54	55	56	60	
348	47	48	49	51	54	81	84	86	88	91	99	
349	10	13	51	79	82	85	
350	7	9	10	11	12	13	14	15	16	16	18	
351	16	17	17	18	18	19	20	20	22	23	25	27	58	60	62	72	75	
352	21	22	22	24	34	51	52	53	55	55	56	56	57	58	59	59	60	67	
353	45	47	48	49	50	50	51	52	52	54	55	57	72	
354	43	45	46	47	47	49	49	50	72	
355	12	46	48	49	
356	5	9	10	12	13	14	78	80	85	93	93	98	
357	7	10	11	12	13	14	15	15	19	79	80	82	84	86	87	89	91	94	96	98	
358	16	17	22	83	86	87	90	92	95	98	
359	88	90	91	92	95	98	
360	55	56	87	89	90	92	93	94	97	
361	54	83	86	87	89	90	91	93	94	96	100	
362	81	82	84	85	86	87	88	89	90	91	94	97	99	
363	78	78	80	82	83	85	86	87	89	90	92	95	
364	9	79	80	82	82	83	84	85	86	87	88	89	96	99	
365	4	9	10	12	14	15	16	78	79	80	81	83	84	85	86	88	90	96	
366	7	11	12	13	14	15	16	17	19	80	82	84	85	87	88	90	94	98	
367	16	17	17	18	19	20	21	25	
379	56	58	
380	52	54	55	56	57	59	60	63	
381	46	48	50	51	51	52	52	53	54	55	56	58	88	91	96	
382	46	48	49	49	51	53	65	82	83	85	88	89	96	100	
383	9	10	13	14	80	84	
384	7	9	10	11	12	12	13	14	15	16	17	18	19	19	21	24	25	28	71	
385	17	17	19	19	20	21	22	23	24	58	
386	22	52	56	57	58	59	60	62	
387	50	51	51	52	52	53	54	54	55	56	57	58	58	60	65	
388	45	46	46	47	48	48	49	50	50	51	53	53	54	56	59	67	71	
389	44	46	46	47	49	
390	5	8	12	47	49	83	83	
391	9	11	13	14	15	17	78	80	82	84	86	89	96	
392	10	12	78	80	82	85	86	87	88	88	89	91	93	93	95	97	
393	81	82	84	85	86	87	89	90	91	93	94	95	97	
394	81	82	85	86	87	88	88	89	90	92	95	96	
395	39	81	82	84	85	86	87	89	90	92	95	100	
396	47	80	81	83	83	85	86	89	93	
397	46	48	79	80	82	83	86	88	99	
398	4	13	78	79	81	
399	7	8	10	11	13	17	79	84	96	
400	5	7	9	10	11	12	12	14	15	15	16	17	18	78	79	80	82	84	86	90	95	
401	16	17	17	18	19	20	20	21	23	23	99	
413	56	56	57	62	
414	51	52	53	55	55	56	57	58	59	61	
415	46	48	48	50	51	52	54	55	57	60	86	91	95	
416	49	50	53	82	84	86	92	94	
417	7	9	10	11	13	14	
418	8	10	11	12	13	13	14	15	16	16	17	19	19	20	26	28	
419	16	17	18	19	20	21	22	23	25	75	
420	23	58	60	62	
421	51	52	52	54	55	55	56	57	57	58	59	59	60	62	
422	32	48	49	50	51	51	52	53	53	54	54	56	57	59	73	
423	45	46	47	48	49	49	50	50	51	67	69	72	
424	44	46	47	49	50	53	
425	13	79	
426	10	79	80	82	83	85	86	90	
427	77	78	79	80	81	82	84	85	86	87	88	89	96	
428	18	78	79	80	81	83	83	84	85	86	87	89	90	91	95	101	
429	16	17	18	57	58	59	63	79	80	81	83	84	86	89	
430	17	20	33	44	51	52	71	79	
431	22	44	45	46	47	49	50	51	60	71	
432	9	
433	9	10	13	14	83	92	96	
434	5	7	10	11	12	13	13	14	15	15	16	16	18	19	22	80	90	
435	15	17	18	19	19	20	21	22	25	27	
436	18	21	23	
447	56	56	57	58	59	61	
448	48	51	52	52	54	54	55	56	57	59	60	62	
449	46	47	49	49	50	51	52	53	54	55	83	86	88	
450	10	49	83	84	86	
451	7	8	9	11	12	14	14	15	16	
452	5	10	11	12	13	14	15	16	17	17	18	19	20	21	22	24	
453	15	17	20	21	22	23	24	27	
455	53	54	55	57	59	61	
456	51	51	52	53	54	55	55	56	56	57	58	58	59	60	61	63	
457	47	48	49	50	50	51	52	54	55	56	59	
458	47	48	49	50	
459	54	93	
460	5	79	
461	78	80	84	86	
462	9	13	14	20	80	84	
463	7	13	16	17	19	20	24	57	57	60	63	78	84	
464	18	21	22	24	52	52	54	55	56	57	58	62	
465	23	48	50	51	53	53	54	60	
467	9	10	14	41	
468	5	6	7	8	10	11	11	12	13	13	14	15	15	16	17	18	19	24	
469	12	16	17	17	18	19	20	20	21	22	24	
470	23	
481	53	56	56	57	58	59	61	
482	48	50	51	52	52	53	54	55	56	57	58	61	
483	45	46	47	48	48	49	50	50	52	54	84	87	90	93	101	
484	10	14	46	49	87	97	
485	3	6	8	9	10	11	12	13	14	
486	8	11	12	14	15	16	16	17	18	19	20	21	23	
487	17	20	22	28	
489	56	57	62	
490	52	53	54	55	56	57	58	60	62	
491	37	49	50	51	52	53	53	54	55	57	59	
492	48	49	51	57	73	
494	92	
495	21	50	
496	5	8	9	11	13	14	18	
497	7	11	13	15	18	21	25	
498	53	56	61	91	93	
499	51	54	
500	53	
501	3	6	9	11	13	14	16	18	20	41	41	41	
502	3	6	8	10	11	12	13	14	14	15	15	16	16	17	17	18	19	20	21	24	68	71	
503	15	17	18	19	20	21	21	22	25	
504	21	23	
515	53	55	56	56	57	58	59	60	61	
516	47	51	52	52	53	54	54	55	56	57	59	60	
517	46	47	48	49	49	50	51	54	84	
518	10	15	39	47	48	50	87	
519	8	8	10	11	11	12	13	14	15	17	
520	6	12	12	13	14	15	16	16	18	19	20	22	25	
521	16	17	18	20	22	
523	56	57	58	61	
524	51	52	52	53	54	55	56	59	61	92	
525	49	50	51	52	53	54	55	58	87	92	98	
526	51	
527	47	
528	47	
529	12	45	46	47	
530	11	13	19	48	
531	7	11	95	
532	2	82	86	87	90	92	95	100	
533	46	85	87	88	91	94	
534	10	13	
535	8	8	9	11	11	12	13	14	15	15	16	18	18	20	23	42	
536	3	12	13	15	16	17	17	18	19	19	20	21	21	24	70	
537	18	21	21	22	23	23	25	
548	58	
549	52	56	57	57	59	60	62	
550	48	49	50	51	52	52	53	54	55	56	57	58	59	60	
551	45	46	47	47	49	49	50	51	53	
552	11	13	44	46	47	49	
553	4	7	8	10	12	13	14	15	
554	11	12	14	15	16	20	23	79	87	91	94	96	
555	12	16	18	20	87	90	91	95	
556	57	
557	56	59	92	
558	51	52	53	54	55	58	59	85	87	90	92	95	99	
559	51	53	55	82	85	86	88	88	90	92	94	97	
560	50	85	89	93	
561	16	17	18	41	46	59	68	70	
562	17	20	45	47	49	51	56	57	58	60	63	71	
563	13	20	22	25	26	36	43	43	45	46	46	47	48	48	49	51	55	56	59	70	
564	45	46	46	49	72	
565	19	37	46	48	48	84	
566	46	47	78	80	82	84	86	89	
567	12	13	16	17	19	41	46	47	69	80	83	83	85	89	
568	10	11	14	15	16	17	18	20	45	46	68	68	72	
569	5	6	8	11	12	13	14	14	15	16	17	18	18	19	19	20	21	22	24	28	45	71	
570	3	12	15	17	20	21	21	22	23	25	
571	20	22	
583	53	56	57	58	59	60	61	
584	50	51	52	52	53	54	54	55	56	56	57	57	58	60	61	
585	35	42	45	47	48	49	49	50	50	50	51	52	52	53	54	56	56	57	58	67	70	
586	27	42	44	45	46	46	47	47	48	49	49	50	67	69	
587	8	10	13	42	45	46	46	47	48	
588	3	8	8	10	11	13	13	15	46	80	83	84	86	89	96	
589	6	11	12	15	17	18	19	80	81	83	84	86	87	88	90	93	96	98	
590	86	88	90	92	93	96	
591	53	55	57	59	81	83	86	87	88	89	90	92	94	96	
592	53	54	80	82	84	86	87	88	88	90	91	93	95	100	
593	16	80	81	82	83	84	85	87	90	95	
594	8	12	14	16	17	18	20	41	44	67	73	83	
595	13	16	17	17	19	19	20	21	25	28	34	46	59	61	70	
596	18	20	21	22	23	23	25	26	33	45	50	51	52	55	56	56	57	58	59	60	61	65	68	70	73	
597	21	22	24	26	44	45	48	49	50	50	51	52	53	54	56	57	59	60	64	67	70	
598	22	25	26	43	44	45	46	47	49	49	50	51	52	55	57	58	61	70	73	
599	19	21	25	26	28	39	45	46	46	48	48	49	51	61	66	70	
600	12	14	17	19	20	21	26	44	48	50	59	61	66	69	71	79	
601	11	14	17	18	18	19	20	20	21	22	23	28	44	46	51	65	67	69	71	79	
602	5	7	8	11	12	14	15	17	18	19	20	21	22	24	26	28	45	65	70	71	
603	15	19	20	21	21	23	24	25	45	71	
604	22	23	23	25	
618	52	55	57	58	59	60	62	64	
619	51	52	53	54	54	55	56	57	57	58	59	60	61	62	
620	24	31	45	49	50	50	51	52	53	54	55	57	58	60	67	70	
621	26	43	45	47	48	49	50	50	51	56	57	67	69	71	
622	5	7	11	12	14	15	20	22	26	44	45	46	47	48	49	50	57	69	70	79	
623	6	20	22	45	47	49	57	78	80	84	
624	52	55	79	81	83	85	86	88	90	91	94	97	99	
625	54	80	81	82	84	85	86	87	89	90	93	94	100	
626	9	13	55	79	80	82	83	83	84	86	87	89	91	95	99	
627	10	11	13	14	16	17	79	84	
628	8	9	11	12	14	15	16	16	17	17	18	18	19	20	22	23	45	69	70	
629	13	17	18	19	20	20	21	22	24	25	
630	22	23	23	25	52	58	62	
631	23	25	32	51	53	54	55	56	58	59	61	73	
632	24	29	45	50	51	53	55	60	65	68	72	
633	15	19	22	23	25	44	50	61	71	74	
634	12	15	20	21	22	23	24	29	45	50	60	69	72	
635	15	20	21	22	23	24	25	72	
636	21	22	23	24	26	74	
637	24	
653	55	61	64	
654	53	55	56	60	64	74	
655	52	54	56	57	59	61	64	73	
656	23	24	25	48	50	51	52	53	55	56	57	58	64	75	
657	47	49	50	53	54	57	
658	49	79	81	83	85	87	90	97	
659	13	47	49	79	81	83	84	85	86	90	100	
660	6	9	11	14	16	18	19	29	69	80	85	
661	7	10	11	12	13	13	14	15	15	16	17	18	18	19	20	21	23	68	71	83	
662	7	12	15	16	17	19	20	21	22	23	24	25	
663	3	21	22	23	25	
666	55	
667	25	
668	23	25	
669	24	
688	56	58	59	
689	51	52	54	56	58	62	
690	45	46	48	49	50	51	52	53	54	57	87	98	
691	46	47	49	51	53	54	88	91	94	
692	14	29	41	46	47	50	70	81	83	86	94	
693	8	10	14	16	18	19	42	47	68	69	79	82	
694	6	10	11	12	14	14	15	16	17	18	18	19	20	21	27	42	70	
695	7	12	14	15	16	17	19	20	20	21	22	23	23	24	25	27	71	
696	2	21	22	24	28	
719	8	
722	56	57	58	59	61	
723	50	51	52	52	53	54	55	56	57	57	59	
724	41	45	47	49	50	50	51	52	53	54	57	58	60	73	83	85	
725	26	39	44	45	46	47	48	49	50	52	58	62	66	67	68	71	83	85	98	
726	11	13	15	18	19	20	27	41	43	45	48	50	62	67	69	71	81	84	
727	7	9	11	12	13	14	15	16	18	19	19	20	20	21	24	26	45	48	67	69	71	
728	12	14	15	17	20	21	22	23	24	26	71	
729	21	22	23	23	25	
756	59	
757	55	60	65	
758	53	55	59	61	63	
759	14	24	51	53	61	70	72	
760	15	20	22	23	24	26	71	
761	6	12	21	22	24	24	70	
762	22	23	24	
763	23	
795	25	
988	2	
1171	11	
1175	8	
1178	40	
1186	103	
1201	48	
1202	72	
1203	52	
1209	8	
1211	92	
1215	64	
1222	3	
1226	6	
1231	66	
1232	22	
1238	11	
1240	26	30	
1242	72	
1248	41	
1254	2	
1256	81	
1263	38	
1268	71	
1270	57	
1273	46	48	
1287	55	
1296	74	
1303	42	
1304	47	51	57	
1305	44	46	51	
1306	47	
1307	46	
1310	56	
1312	67	
1317	3	
1334	66	
1335	21	
1336	17	20	
1337	16	17	18	19	22	26	40	45	46	50	62	66	69	
1338	19	20	22	33	42	45	46	48	49	51	57	58	62	71	
1339	20	22	43	45	47	48	49	51	53	54	56	59	68	72	
1340	22	45	46	47	48	49	50	53	58	70	
1341	44	46	48	50	72	
1342	50	62	
1345	8	
1346	51	
1349	44	
1361	80	
1362	1	
1368	17	
1369	10	15	17	19	42	45	
1370	13	15	16	17	18	19	20	28	41	69	
1371	16	17	18	18	19	20	21	23	23	35	51	60	69	
1372	17	20	21	22	25	44	50	52	55	56	58	58	60	63	70	72	
1373	20	21	23	23	25	33	45	48	49	51	52	53	54	56	57	59	61	65	68	71	
1374	22	25	27	44	47	49	50	51	52	55	56	58	59	63	67	69	
1375	44	46	47	48	48	49	50	51	52	67	72	
1376	45	46	47	49	60	
1377	46	
1378	29	
1379	57	
1381	29	
1384	60	
1385	15	47	
1392	1	
1401	13	16	20	
1402	10	13	14	17	18	19	22	
1403	10	12	14	15	16	17	18	19	20	22	23	70	74	
1404	7	11	13	13	15	16	17	17	18	19	20	21	23	25	68	71	
1405	20	21	22	24	25	26	74	
1406	22	24	25	58	
1407	24	33	52	55	57	58	59	61	63	
1408	34	50	51	52	53	53	54	55	56	57	58	59	60	61	73	
1409	37	42	45	47	48	49	49	50	51	51	52	54	56	57	60	71	
1410	45	46	47	48	49	50	51	54	56	58	70	
1411	46	48	50	56	57	
1412	47	
1415	24	
1417	52	
1418	47	49	
1419	28	47	
1420	46	50	59	
1421	47	53	
1422	57	
1435	11	13	16	19	
1436	8	8	10	11	14	15	16	17	18	20	25	26	42	71	
1437	12	15	16	17	17	18	19	20	21	22	24	27	71	
1438	20	21	22	23	25	28	
1439	22	
1440	88	91	93	96	
1441	17	63	
1442	54	55	57	57	60	61	
1443	50	51	52	53	54	55	56	57	57	58	59	62	63	
1444	45	47	47	48	49	50	51	52	54	56	57	58	61	69	
1445	44	45	46	47	47	48	49	50	51	56	69	
1446	46	48	50	
1447	49	66	
1448	17	23	60	60	60	61	
1449	40	
1450	16	19	47	66	
1451	17	18	20	26	45	46	48	52	54	57	59	67	72	
1452	17	20	22	27	42	44	47	50	53	56	57	59	72	
1453	21	26	45	46	47	49	50	53	68	69	
1454	43	46	47	48	49	53	56	
1455	49	56	
1456	48	
1467	45	
1468	10	14	
1469	9	11	14	15	19	24	
1470	6	10	12	13	13	14	15	16	16	17	18	18	19	21	23	71	
1471	17	18	20	21	22	24	58	72	
1472	22	23	52	56	
1473	49	87	88	90	91	96	
1474	6	10	12	15	81	83	85	86	87	87	89	90	92	95	97	100	
1475	13	16	18	83	87	91	93	96	
1476	16	17	62	
1477	52	54	55	57	57	59	60	61	63	
1478	32	51	51	52	53	53	54	55	56	57	58	58	60	72	75	
1479	33	44	45	46	47	47	48	49	49	50	51	52	54	56	58	63	71	
1480	44	46	47	49	50	64	
1481	23	45	46	48	
1482	42	42	43	49	65	70	
1483	14	17	18	19	21	46	66	69	
1484	16	18	18	19	20	22	25	26	29	34	41	43	60	66	71	
1485	16	19	20	21	22	23	41	46	57	60	67	70	73	
1486	19	20	22	24	28	45	49	51	52	53	56	57	58	59	60	62	63	67	71	
1487	22	44	48	48	50	51	52	54	55	56	57	58	59	68	70	73	
1488	23	44	46	46	47	48	49	50	51	52	53	56	59	72	
1489	47	49	50	53	
1493	7	
1502	10	14	
1503	8	9	10	11	12	14	14	15	16	18	19	24	
1504	7	10	12	13	15	16	17	17	18	19	20	21	23	25	58	71	
1505	17	21	22	24	27	53	56	57	59	
1506	48	50	51	52	53	54	55	63	92	
1507	47	49	50	77	81	83	85	86	87	89	90	94	98	
1508	8	9	11	13	15	77	78	80	82	84	85	88	89	96	
1509	6	11	12	14	15	16	77	79	81	82	85	86	87	89	90	92	95	97	
1510	16	17	17	19	22	92	98	
1511	17	58	61	
1512	52	53	54	55	56	57	58	59	59	60	62	63	
1513	31	45	47	50	51	52	53	54	55	56	57	59	62	64	68	71	
1514	29	44	46	47	48	49	50	51	52	53	55	56	59	72	
1515	20	25	42	44	46	47	48	50	60	71	
1516	9	11	14	15	16	18	19	21	25	41	45	46	68	69	72	
1517	10	12	14	15	17	18	19	20	21	22	24	71	
1518	17	19	20	21	22	23	24	26	45	70	
1519	21	22	22	24	27	61	70	
1520	21	23	24	25	55	57	58	61	62	72	
1521	25	51	52	53	54	55	56	56	56	57	58	59	60	62	
1522	47	48	49	50	50	51	52	53	54	54	56	60	73	
1523	45	47	49	50	51	
1525	53	60	
1535	19	
1536	9	12	14	25	
1537	5	7	8	10	11	12	13	13	14	15	17	19	
1538	15	16	17	17	18	18	19	19	20	22	23	63	
1539	21	22	51	52	53	54	55	56	57	58	58	59	60	63	
1540	47	49	50	51	52	53	54	59	86	89	92	100	
1541	49	79	81	82	84	86	88	89	92	93	98	
1542	5	6	9	14	79	86	94	
1543	7	10	11	12	13	14	15	17	78	78	80	83	84	85	88	88	91	97	
1544	8	12	15	16	17	18	19	21	78	80	82	85	87	89	91	95	
1545	17	19	21	
1546	55	58	60	63	
1547	32	34	52	53	55	59	61	
1548	24	41	45	51	52	54	57	58	60	65	71	
1549	8	21	24	45	48	49	51	64	69	72	
1550	10	12	13	15	18	19	20	22	23	25	27	44	49	64	69	73	
1551	15	20	21	23	25	65	72	
1552	20	21	22	24	
1554	58	62	
1555	52	53	55	56	56	57	59	59	60	62	
1556	46	47	48	50	50	51	52	53	54	55	
1557	45	46	48	49	50	53	56	73	
1558	51	73	
1568	21	
1569	10	
1570	10	12	14	18	
1571	4	6	8	9	11	12	13	14	15	15	16	17	18	18	19	21	25	
1572	13	17	18	19	20	21	22	23	25	57	58	61	63	
1573	22	48	51	52	53	55	56	58	59	60	62	
1574	46	47	49	50	50	51	53	53	55	85	87	90	
1575	45	48	50	81	84	
1576	11	14	48	83	
1577	3	7	10	11	14	15	16	18	81	
1578	8	11	12	13	13	14	15	18	21	79	80	83	86	87	89	90	93	94	97	99	
1579	16	17	19	23	88	91	92	95	97	
1580	17	18	20	
1582	64	
1583	23	25	64	
1584	24	
1585	48	
1586	91	92	94	96	
1587	16	17	91	
1588	18	
1589	52	52	53	55	55	56	56	57	58	60	61	63	
1590	46	47	47	50	50	51	52	52	53	54	55	56	58	
1591	45	46	48	49	51	53	
1592	49	
1595	65	
1603	10	16	
1604	6	10	11	12	14	15	16	19	
1605	8	11	13	14	15	15	16	17	18	19	20	21	23	
1606	17	17	20	21	24	27	56	57	58	59	61	
1607	47	50	51	52	52	53	54	54	55	56	57	59	62	
1608	46	48	48	49	50	51	54	60	82	84	86	91	98	100	
1609	49	52	84	92	
1610	49	83	
1611	8	10	14	
1612	2	5	6	9	10	12	14	15	16	78	80	83	86	89	91	
1613	7	10	12	13	14	15	16	18	18	19	24	77	80	82	84	85	87	89	92	94	97	
1614	16	17	17	19	20	21	90	
1617	57	57	
1618	51	53	54	55	56	58	
1619	45	47	49	50	51	54	87	
1620	10	11	14	18	47	48	50	81	82	85	86	88	88	89	91	94	
1621	12	13	16	17	19	81	83	86	89	94	101	
1622	17	18	22	58	
1623	52	53	55	56	57	58	59	59	60	63	
1624	48	50	51	52	52	54	54	55	
1625	49	50	52	54	57	
1636	19	24	76	
1637	8	
1638	9	10	12	13	14	15	18	
1639	5	7	12	13	15	15	16	16	17	18	19	20	21	25	26	
1640	17	18	20	21	22	55	56	56	57	58	60	62	
1641	38	47	50	51	52	53	53	54	55	56	57	59	
1642	46	47	48	49	50	51	54	55	58	85	87	
1643	46	49	53	84	
1645	11	15	48	
1646	10	12	13	14	18	20	29	79	83	89	
1647	1	8	10	11	12	13	14	15	16	17	18	19	20	79	80	83	86	88	
1648	16	16	17	18	19	20	21	22	24	81	85	
1649	22	
1651	58	62	
1652	51	52	53	55	55	56	58	59	60	62	
1653	32	47	51	52	53	54	
1654	6	9	11	13	14	44	47	48	49	67	71	79	80	84	
1655	7	12	18	18	19	20	24	71	78	80	
1656	21	22	36	37	37	37	58	
1657	52	53	54	55	58	59	61	
1658	48	49	50	52	53	53	54	55	87	88	89	91	92	96	
1659	17	50	58	
1669	42	
1671	9	18	
1672	5	6	9	9	10	11	12	13	14	15	16	24	
1673	7	12	12	14	15	16	16	17	18	18	19	20	21	22	24	
1674	20	22	23	56	57	57	59	60	
1675	48	50	51	52	53	53	54	54	55	56	57	58	60	64	
1676	42	45	46	47	48	49	49	50	51	54	
1677	46	47	49	54	58	
1678	49	
1679	13	18	41	99	
1680	5	7	8	10	11	14	15	16	17	19	21	30	40	72	
1681	5	7	10	12	13	14	15	15	16	17	18	19	20	21	24	70	
1682	17	18	20	21	22	23	24	79	
1683	23	
1686	60	
1687	51	54	65	
1688	9	15	24	28	72	
1689	22	23	25	73	
1690	22	53	56	56	57	59	60	
1691	51	52	53	53	54	55	58	59	64	90	92	98	
1692	48	50	51	54	82	83	84	85	86	87	89	91	96	99	
1693	82	86	89	95	
1697	79	
1702	22	
1703	76	
1705	9	
1706	8	8	9	10	11	13	13	14	15	16	19	20	
1707	8	12	14	15	16	17	18	18	19	20	21	23	23	
1708	17	20	21	22	53	57	60	63	
1709	51	52	53	54	54	55	56	57	58	58	59	60	63	
1710	45	48	51	52	53	54	55	56	59	
1711	42	45	46	47	48	49	50	52	54	61	70	
1712	6	28	45	46	49	70	
1713	6	9	11	14	15	16	18	21	26	43	44	46	48	68	
1714	8	10	12	13	14	16	17	18	19	20	22	69	
1715	12	15	17	18	19	20	21	23	24	69	
1716	2	22	23	24	56	
1718	87	88	91	92	97	
1719	16	87	88	92	97	
1720	17	
1723	56	93	
1724	52	55	56	58	62	91	92	
1725	53	53	54	55	57	59	82	86	87	88	88	90	91	94	97	
1726	53	55	80	82	85	86	89	93	96	
1727	87	
1739	9	13	16	
1740	5	6	8	9	10	11	13	13	14	15	20	
1741	6	11	12	14	15	16	18	20	24	87	92	97	
1742	16	18	22	88	90	92	97	
1743	53	55	57	58	60	61	65	
1744	51	52	54	55	57	59	60	63	64	
1745	25	50	51	52	53	55	61	74	
1746	8	14	30	42	43	47	49	66	71	
1747	9	12	13	14	16	19	20	22	23	46	70	83	
1748	4	10	12	15	15	18	19	20	21	22	23	25	43	71	71	
1749	21	22	24	26	57	58	
1750	23	
1751	53	87	88	88	89	90	92	94	95	97	100	
1752	11	82	83	84	85	86	87	88	89	89	90	92	94	96	100	
1753	7	11	13	81	83	85	86	87	88	89	90	91	93	95	96	
1754	87	87	89	90	91	92	94	94	96	
1755	87	90	92	96	98	
1756	88	91	92	93	95	96	
1757	87	88	90	91	92	94	96	
1758	54	85	86	86	87	88	89	90	91	92	94	95	96	99	
1759	81	82	83	83	84	85	86	87	89	91	93	95	101	
1760	81	84	84	86	89	
1763	68	76	
1773	11	
1774	8	11	15	
1775	9	11	12	14	78	81	85	87	89	91	94	96	
1776	7	10	12	13	14	15	17	81	83	85	86	87	89	90	92	94	96	99	
1777	17	86	87	88	89	90	91	92	95	96	97	
1778	55	87	88	91	92	96	
1779	16	55	
1780	12	14	16	17	20	24	
1781	12	15	18	19	21	24	
1782	20	21	23	23	25	56	87	95	
1783	51	52	55	56	59	93	
1784	52	54	55	86	87	89	90	91	93	93	95	98	
1785	79	81	81	82	83	84	85	86	88	88	90	91	94	
1786	10	80	81	83	84	85	86	89	97	98	
1787	9	12	14	77	78	79	80	81	84	85	87	89	91	95	100	
1788	12	80	81	82	84	85	86	87	88	89	90	92	93	97	98	
1789	77	81	82	85	86	86	87	88	89	90	91	93	95	97	
1790	78	81	82	83	85	86	87	88	89	90	92	95	97	98	
1791	78	79	80	81	82	82	83	84	85	86	87	88	89	91	94	97	98	
1792	78	80	82	83	84	85	86	87	89	94	100	
1793	79	80	81	84	86	100	
1794	30	83	84	
1807	23	
1809	8	13	14	80	83	86	89	
1810	78	79	80	82	84	86	89	90	94	
1811	12	41	77	80	81	82	83	84	85	86	87	88	89	91	93	96	100	
1812	7	9	11	12	14	16	19	20	43	77	78	81	81	82	84	85	86	86	89	90	94	98	
1813	11	13	14	16	17	18	19	21	
1814	13	17	20	25	27	
1815	22	23	25	56	76	
1816	52	54	55	56	57	58	61	
1817	51	52	53	54	85	86	87	89	90	91	93	96	100	
1818	53	80	81	82	83	84	85	86	87	88	90	
1819	78	80	81	84	85	87	93	96	
1820	78	81	85	89	
1821	78	80	84	92	
1822	78	78	80	81	84	86	89	92	
1823	77	78	79	80	82	83	84	85	87	88	92	94	
1824	78	79	80	81	84	85	86	89	
1825	79	80	81	84	85	92	95	
1826	79	80	83	83	85	87	91	
1827	81	84	
1828	94	99	
1839	10	
1844	78	81	84	96	
1845	7	10	12	14	16	18	78	79	81	83	85	87	89	
1846	6	8	10	11	13	13	15	17	18	19	21	78	79	81	84	
1847	12	17	19	20	21	22	23	
1848	21	22	57	
1849	55	57	61	93	
1850	51	53	53	54	56	88	89	90	91	93	93	96	98	
1851	55	81	82	84	85	86	87	88	89	92	96	101	
1852	79	80	82	83	85	87	88	92	93	98	
1853	81	86	
1854	92	
1855	84	
1856	85	90	101	
1857	79	85	
1858	80	83	89	94	
1859	79	86	
1861	96	
1863	9	99	
1875	100	
1878	11	14	19	
1879	7	9	10	12	13	14	
1880	6	9	11	12	14	15	17	20	23	92	
1881	24	91	93	97	
1882	55	87	91	93	96	97	
1883	53	54	83	86	87	89	90	91	93	95	97	102	
1884	81	82	83	84	85	86	87	89	90	91	96	
1885	78	80	81	83	84	85	86	
1886	81	86	
1897	65	
1905	61	
1910	5	
1912	10	15	
1913	9	11	14	89	
1914	12	78	82	87	89	91	96	
1915	81	82	85	86	87	89	91	93	94	98	99	
1916	78	81	82	83	85	86	86	88	88	89	90	91	94	96	98	
1917	78	81	83	84	85	85	86	88	90	92	94	
1918	79	81	82	84	86	88	92	94	
1919	81	87	89	94	
1927	68	
1944	23	
1948	79	80	85	90	
1949	78	80	81	84	87	88	
1950	78	79	81	84	85	93	93	
1951	79	80	81	84	87	89	
1952	79	84	
1957	95	
1960	89	
1966	98	
1971	5	
1977	4	
1982	15	
1983	79	83	100	
1984	80	85	88	
1985	91	
1986	87	89	
2008	45	67	
2009	39	
2036	98	
2042	10	
2068	27	
2084	102	
2087	58	
2100	17	
2103	59	
2111	38	
2113	93	
2115	7	
2131	18	
2139	93	
2147	12	
2149	10	
2170	13	
2177	34	
2200	101	
2201	26	
2204	99	
2271	102	
2303	5	
