48	59	
156	92	
157	87	89	91	92	97	
158	88	90	91	93	95	
183	17	18	
187	56	
188	48	53	56	
189	46	50	
190	86	88	90	91	93	94	
191	9	82	83	84	85	86	87	88	89	90	94	97	
192	7	11	13	15	19	81	82	84	86	87	89	91	93	95	
193	17	18	21	82	85	87	90	92	95	
194	18	
220	102	
221	56	
222	46	47	49	51	52	54	57	60	
223	36	46	48	48	49	52	54	90	95	
224	36	40	46	80	82	84	86	88	90	
225	5	6	8	10	13	80	81	82	84	85	88	
226	7	9	10	11	12	13	14	15	80	81	82	83	84	85	89	102	
227	11	13	15	16	17	19	22	81	82	84	85	87	89	91	95	
228	17	18	22	
248	93	
249	87	90	91	93	96	
250	17	90	92	96	
254	57	
255	48	50	52	53	54	56	
256	46	47	49	50	51	54	55	59	
257	44	48	50	54	58	80	86	88	90	93	
258	34	36	42	51	59	65	79	82	84	88	98	
259	18	19	20	39	41	43	44	44	46	47	49	79	
260	3	6	9	11	14	23	
261	6	8	10	11	12	13	13	14	15	81	82	83	85	89	93	
262	16	17	19	20	22	83	86	88	88	91	94	
263	18	
280	51	
281	47	49	
282	87	88	90	92	94	
283	11	13	81	82	83	84	85	86	89	90	
284	8	11	17	18	81	82	83	84	86	88	90	95	
285	14	16	87	89	93	
286	17	
288	56	
289	48	51	52	53	54	55	56	59	
290	46	47	49	49	51	
291	9	13	44	85	89	91	94	
292	6	12	14	15	16	19	51	52	54	55	55	56	57	58	71	
293	17	18	20	22	25	34	37	44	45	46	47	48	49	50	51	54	60	
294	9	41	43	44	45	46	
295	6	10	11	14	15	81	83	
296	8	11	13	14	15	18	21	82	83	84	86	91	94	
297	16	17	20	86	
313	53	56	
314	47	50	51	52	55	56	59	
315	46	48	51	87	92	94	
316	10	34	43	45	66	80	81	83	85	88	89	91	99	
317	3	11	15	16	17	19	20	39	48	67	80	81	84	
318	7	9	12	14	20	21	80	81	83	
319	6	9	12	14	82	83	99	
320	82	87	89	90	93	97	
321	86	88	91	
322	1	2	2	53	57	
323	47	48	50	51	54	59	
324	45	47	49	
325	9	11	14	83	85	89	91	94	
326	7	12	13	14	15	16	17	18	19	20	25	27	69	
327	22	23	34	37	50	51	52	53	54	55	59	
328	42	44	45	46	47	48	49	50	
329	9	13	44	
330	7	10	11	12	14	14	15	16	18	23	82	85	
331	13	16	16	17	19	20	21	84	
346	57	
347	51	52	55	57	
348	46	49	50	53	
349	8	33	44	86	89	92	96	
350	10	11	15	16	57	79	84	
351	17	18	19	21	23	24	27	45	56	
352	22	25	40	45	46	47	49	65	
353	37	40	43	46	
354	8	12	81	82	83	85	89	
355	10	12	15	82	83	85	86	89	93	
356	17	55	57	86	88	90	92	
357	51	52	53	55	92	95	
358	48	86	90	92	93	98	
359	7	10	11	12	13	14	80	85	88	88	91	
360	7	12	15	16	17	18	19	20	21	24	27	57	
361	22	50	51	52	53	53	54	54	55	56	57	59	
362	35	36	41	43	44	45	46	47	49	50	51	
363	9	13	44	
364	2	7	10	11	12	14	14	15	16	
365	16	17	18	19	21	22	24	26	103	
380	53	56	
381	47	50	51	54	59	
382	32	45	48	50	
383	9	13	84	87	89	
384	3	7	11	12	15	16	19	
385	18	20	22	55	56	
386	51	52	53	57	59	
387	42	44	47	49	50	
388	3	39	43	44	46	48	
389	10	12	14	81	84	
390	6	52	55	82	84	86	90	94	98	
391	50	82	85	86	87	88	90	91	93	97	
392	9	81	83	85	86	87	88	89	90	92	93	95	
393	6	8	9	10	11	12	13	14	14	15	16	18	82	85	87	91	
394	3	13	16	17	19	20	
395	51	52	53	54	55	56	93	
396	47	50	91	
397	8	13	45	91	
398	3	6	11	12	14	15	16	19	
399	15	18	20	21	22	26	
400	23	
414	52	53	56	
415	34	48	51	52	54	58	60	
416	40	44	45	48	50	
417	9	11	14	85	
418	7	12	13	14	16	17	18	20	24	
419	3	17	20	22	
420	53	55	58	
421	50	51	52	54	55	56	61	
422	34	43	45	46	47	48	48	49	51	56	58	
423	4	38	42	44	46	47	49	53	
424	37	43	44	46	47	49	50	53	55	83	
425	50	81	81	83	84	89	
426	9	38	80	81	82	83	84	85	89	
427	7	10	11	12	14	15	17	18	19	82	85	100	
428	1	6	10	12	17	19	20	23	26	83	84	101	
429	35	36	53	82	85	87	90	95	
430	17	42	66	82	86	87	89	94	100	
431	9	11	14	28	82	
432	12	15	17	19	20	23	
433	21	22	
448	53	56	
449	47	51	51	54	55	58	
450	44	45	48	
451	7	8	10	13	14	91	95	
452	2	12	14	16	18	19	24	
453	22	
455	55	
456	52	53	55	57	59	
457	47	48	50	50	51	52	53	54	55	56	57	59	61	
458	40	42	43	44	45	46	47	48	49	50	51	53	
459	41	44	48	
460	8	11	14	16	18	34	38	43	58	65	67	81	
461	5	12	14	15	16	17	17	18	19	20	23	26	34	41	47	48	
462	18	19	20	21	22	39	41	43	44	46	48	56	67	
463	10	13	19	21	23	23	27	39	47	66	80	83	
464	14	19	21	41	44	82	84	
465	11	15	19	21	
466	1	21	23	24	27	
467	22	
482	52	57	
483	43	46	47	49	50	51	53	54	59	
484	45	46	48	89	93	
485	6	9	10	12	14	89	
486	3	13	15	16	18	20	26	
487	22	
490	55	56	58	
491	47	50	51	52	53	54	55	58	
492	44	45	46	47	49	49	50	53	
493	8	14	33	44	
494	6	9	11	13	14	15	16	17	19	20	24	69	
495	18	20	20	21	22	23	24	55	
496	22	24	50	
497	23	23	
498	23	25	
499	24	
516	51	53	55	57	
517	37	46	47	48	49	50	51	54	
518	43	45	46	48	
519	9	11	12	13	14	
520	12	14	15	16	17	19	20	26	70	
521	17	18	21	23	
524	52	57	
525	46	48	50	51	52	53	54	55	60	
526	45	49	91	
527	6	9	11	13	14	16	
528	7	12	16	17	17	19	20	23	26	
529	18	21	22	24	
550	52	53	54	55	56	57	
551	46	47	48	49	50	50	54	
552	43	45	46	90	
553	5	7	10	12	13	14	91	96	
554	15	16	16	19	
555	17	18	21	23	
557	57	
558	51	53	55	57	
559	46	47	48	50	51	
560	8	87	90	93	93	
561	6	9	10	11	12	13	15	16	81	84	89	
562	16	17	18	19	21	22	
563	21	23	
584	52	53	55	56	57	
585	33	37	42	47	49	50	50	51	51	54	55	60	
586	41	43	45	46	48	49	
587	8	9	11	12	14	
588	11	13	15	16	19	20	27	
589	17	18	20	21	23	
591	56	58	
592	51	52	54	55	
593	46	48	49	92	
594	9	67	81	84	86	89	91	95	
595	7	10	12	13	14	15	16	17	19	27	
596	17	18	19	21	22	25	
597	22	
618	53	55	56	58	
619	34	42	47	50	51	53	54	55	59	
620	31	32	41	43	44	45	46	48	49	
621	4	8	10	14	41	
622	6	11	13	14	15	19	26	
623	17	20	22	
625	51	52	56	
626	46	50	51	53	54	
627	42	49	87	88	90	92	95	
628	6	9	11	12	13	14	16	81	83	84	86	88	
629	12	15	16	17	18	19	20	21	23	26	
630	18	22	25	
652	53	
653	51	54	55	61	
654	45	
655	45	65	
656	24	
657	22	
658	56	
659	49	50	51	53	54	60	92	
660	48	88	91	93	95	
661	9	10	80	83	83	85	87	89	90	94	
662	11	12	13	13	14	15	16	17	19	20	69	
663	18	19	20	21	22	24	26	
692	51	53	60	93	
693	51	55	91	93	94	
694	8	41	81	85	87	89	90	95	99	
695	9	11	12	14	15	16	18	19	82	85	
696	13	15	16	17	20	21	22	24	
697	22	23	
724	57	
725	52	54	
726	50	55	87	92	93	95	
727	82	85	87	88	89	91	95	
728	9	11	14	16	17	18	20	39	68	79	81	83	85	88	
729	5	6	11	13	15	17	19	20	24	
730	22	23	24	
731	23	
758	50	52	92	
759	49	52	55	86	91	92	94	98	
760	39	46	48	82	84	85	87	88	90	96	
761	7	9	11	13	14	16	18	18	41	43	69	82	83	84	88	
762	5	12	15	16	17	19	20	20	22	23	27	
763	21	22	24	25	
790	57	
791	36	39	46	49	51	53	91	
792	37	40	46	48	55	82	86	89	99	
793	9	13	41	66	81	83	83	85	88	
794	11	13	15	18	19	20	26	64	80	82	83	84	
795	6	11	15	17	19	20	21	23	25	26	
796	5	22	23	24	
823	53	
824	42	46	50	52	55	59	
825	49	54	58	58	
826	8	43	44	49	64	80	
827	12	14	21	24	45	79	
828	20	22	24	64	
1163	34	
1164	10	
1167	15	
1170	33	
1193	28	
1200	38	
1204	61	
1206	93	
1214	63	
1222	84	
1225	58	102	
1238	90	
1244	41	
1277	45	
1279	47	
1280	67	70	
1288	80	
1298	75	
1299	46	
1311	36	41	
1312	16	18	20	27	33	35	36	40	42	46	48	50	67	
1313	18	21	40	47	
1314	43	50	
1331	27	
1336	20	
1337	28	
1338	20	
1342	24	
1344	14	
1345	15	16	18	18	21	58	68	
1346	13	16	17	18	19	20	52	54	56	58	
1347	17	18	19	21	22	23	25	30	35	36	41	42	44	45	46	47	49	50	53	54	56	64	68	
1348	24	40	44	45	47	48	50	58	
1349	44	48	
1351	59	
1354	54	
1365	63	
1370	28	
1371	38	
1378	10	13	
1379	7	9	11	12	13	14	16	17	19	20	24	28	
1380	12	15	17	18	20	21	22	23	25	53	54	55	57	
1381	22	24	43	51	52	54	55	56	58	60	92	
1382	23	37	38	41	43	44	45	45	46	47	48	48	49	50	52	54	58	67	
1383	44	46	47	49	57	
1384	45	64	
1398	95	
1401	27	42	
1403	16	35	36	40	
1404	16	18	19	26	40	58	67	
1405	20	38	43	44	46	48	66	
1406	48	56	
1408	47	
1411	8	13	
1412	9	11	13	15	16	19	
1413	7	12	15	16	17	18	19	21	24	
1414	22	24	
1415	8	11	53	54	55	56	83	86	88	89	90	92	93	97	
1416	16	19	36	50	50	52	54	55	57	59	83	86	87	91	95	
1417	40	44	44	46	47	48	49	51	
1418	44	46	54	
1419	4	
1424	81	
1427	69	
1430	49	
1431	91	
1434	24	
1436	13	
1437	16	19	57	68	
1438	16	17	19	20	45	47	52	54	58	
1439	18	21	22	24	35	37	42	44	48	49	50	54	56	
1440	36	42	44	47	49	
1441	33	36	47	54	
1442	78	
1445	11	17	23	
1446	7	10	11	12	13	14	17	19	23	53	58	
1447	18	19	20	24	26	47	50	52	69	
1448	22	43	48	
1449	8	9	11	14	55	80	81	83	84	85	88	90	
1450	7	12	13	15	50	51	52	53	54	55	57	59	81	82	83	84	85	87	89	92	93	96	100	
1451	16	17	18	43	45	48	49	51	53	54	87	90	
1452	41	45	46	48	49	51	
1453	55	
1456	88	
1469	15	16	
1470	5	10	13	17	
1471	7	11	12	13	14	16	17	18	20	27	
1472	20	21	23	24	52	54	55	
1473	22	50	53	54	87	90	92	95	
1474	51	55	87	91	97	
1475	17	37	42	48	48	54	56	58	64	64	
1476	28	37	42	44	46	50	56	
1477	31	46	48	
1479	11	14	
1480	8	12	14	15	16	17	19	21	52	52	56	58	
1481	18	19	20	22	24	47	50	51	54	
1482	44	49	87	87	90	94	
1483	10	86	92	97	
1484	7	10	11	12	13	15	16	52	54	55	56	81	82	84	86	
1485	16	17	18	18	19	20	23	28	38	46	47	48	49	50	51	54	55	57	60	82	83	84	85	89	101	
1486	43	45	47	49	55	
1487	45	
1493	60	
1498	74	
1503	11	
1504	9	11	13	15	22	
1505	6	16	17	20	22	59	
1506	22	49	
1507	81	83	85	87	88	90	100	
1508	11	82	84	86	89	94	
1509	18	53	56	83	88	92	
1510	17	43	51	58	
1511	24	31	34	37	39	43	44	47	48	50	53	59	
1512	42	46	49	
1513	9	11	13	15	20	40	67	
1514	5	6	12	15	16	17	19	20	22	25	27	40	47	47	51	52	56	59	
1515	18	21	23	25	41	45	46	48	49	50	57	61	
1516	46	82	86	90	93	
1517	84	
1518	4	8	9	10	11	13	14	16	18	56	58	
1519	17	20	21	28	50	51	52	54	55	56	81	86	102	
1520	22	44	45	46	47	48	49	50	52	
1521	44	
1525	83	
1536	16	
1537	9	14	
1538	6	12	14	15	16	19	52	56	
1539	16	17	19	21	25	47	50	52	54	57	60	
1540	45	46	48	51	92	93	
1541	9	79	85	90	
1542	10	80	
1543	9	13	14	81	85	
1544	15	16	35	53	55	83	86	89	93	
1545	17	19	25	50	55	61	92	
1546	8	29	38	42	
1547	8	10	13	14	19	22	24	57	
1548	13	15	18	19	20	21	22	24	34	37	42	47	48	51	52	55	56	58	58	60	
1549	21	23	36	41	44	45	46	47	48	49	50	52	53	
1550	32	37	41	43	46	49	80	
1551	9	
1552	5	9	11	13	14	19	23	26	
1553	15	17	20	48	51	52	55	
1554	49	53	55	87	91	93	97	
1555	52	
1556	74	
1568	78	
1571	8	
1572	2	6	11	13	14	15	16	52	56	
1573	17	18	19	21	24	27	46	48	50	52	54	59	
1574	46	51	88	
1575	86	
1576	90	101	
1577	9	84	
1578	11	13	14	45	81	85	89	93	98	
1579	12	15	18	83	85	89	93	96	
1580	12	15	16	86	92	95	
1581	12	15	16	17	19	23	52	57	
1582	20	21	23	25	48	50	51	53	53	54	55	57	59	
1583	45	49	50	52	55	57	92	
1584	45	49	64	
1585	45	65	
1586	12	15	52	57	
1587	25	51	54	
1588	51	53	85	86	89	91	93	97	
1589	81	85	93	
1590	86	
1594	77	
1600	103	
1605	10	13	102	
1606	7	11	12	14	16	19	36	51	53	56	59	
1607	17	20	22	26	46	47	49	50	
1608	43	50	95	
1609	50	
1611	13	40	
1612	3	
1613	10	14	16	20	82	85	89	
1614	7	10	11	12	14	15	20	81	82	85	87	88	92	96	
1615	8	13	15	16	18	20	22	52	83	
1616	22	54	
1617	54	83	86	88	89	89	90	91	94	95	
1618	88	91	93	95	
1619	88	
1620	54	87	92	
1621	54	83	86	91	93	
1622	81	83	85	88	89	
1623	93	
1634	28	
1637	28	
1639	10	14	27	
1640	6	8	12	14	15	16	19	28	37	53	54	57	
1641	16	18	20	22	46	47	48	49	51	54	
1642	44	49	91	
1646	5	
1647	12	26	85	
1648	8	9	11	12	13	14	15	16	19	56	84	
1649	17	22	24	50	51	54	70	
1650	46	48	50	86	88	90	91	93	93	95	97	
1651	81	82	84	85	86	89	91	93	93	
1652	81	82	84	85	90	99	
1653	81	81	84	86	90	94	99	
1654	82	85	88	89	96	100	
1655	80	82	85	88	96	
1656	83	96	
1657	92	
1658	32	
1663	83	84	84	85	
1669	23	
1670	14	
1672	9	
1673	8	11	15	19	58	
1674	7	12	13	14	15	16	18	20	52	54	55	
1675	20	21	25	40	46	47	48	49	51	53	55	
1676	37	44	53	91	99	
1678	25	
1681	10	15	16	
1682	4	7	11	13	14	15	16	17	19	21	23	26	51	53	
1683	20	21	24	46	47	49	51	83	
1684	51	60	80	82	84	85	87	89	93	
1685	79	81	84	86	88	
1686	80	86	88	94	
1687	80	83	
1688	82	84	
1690	83	
1691	90	
1693	33	
1702	25	
1707	9	12	13	16	26	57	
1708	3	7	11	12	15	17	19	36	51	52	54	55	58	61	
1709	16	17	19	20	23	42	48	48	49	49	52	54	
1710	45	47	50	
1711	54	
1713	7	9	77	
1714	11	101	
1715	8	11	14	16	20	25	57	
1716	13	16	17	19	20	47	51	53	54	55	56	
1717	21	22	44	46	48	49	
1718	48	78	85	90	
1719	80	85	
1725	89	
1735	41	
1736	79	
1739	100	
1740	26	
1741	3	6	8	11	14	26	
1742	6	11	12	14	15	17	19	51	52	54	55	55	57	59	
1743	17	20	22	25	48	49	50	54	59	
1744	44	49	
1748	10	14	19	
1749	4	7	10	12	14	16	17	19	20	25	
1750	18	20	21	24	46	48	51	52	54	59	
1751	23	49	55	56	91	96	
1752	46	51	83	87	89	96	
1762	31	
1772	26	
1773	14	24	
1774	14	
1775	9	15	
1776	6	11	12	14	15	52	
1777	27	27	51	53	54	82	84	87	90	91	93	96	
1778	45	49	88	91	95	
1779	92	
1781	15	
1782	5	8	9	11	14	15	16	18	
1783	16	17	19	20	25	27	51	52	56	60	
1784	2	18	21	22	24	47	49	51	53	
1785	52	82	85	88	90	92	94	
1786	84	95	
1790	17	
1810	16	
1811	82	84	86	89	97	
1812	81	84	86	90	94	
1813	14	42	
1814	84	
1815	10	14	16	20	39	
1816	6	11	12	13	14	16	18	18	20	24	29	57	69	
1817	17	20	22	24	48	50	51	52	54	
1818	50	87	90	92	94	
1819	79	83	84	86	91	
1820	85	90	
1838	27	
1840	41	
1845	83	86	
1846	81	83	91	
1848	10	15	16	19	41	44	
1849	9	12	14	16	17	18	20	27	57	
1850	13	20	21	24	51	52	55	56	
1851	22	49	50	55	92	97	
1852	49	55	82	86	89	91	95	
1854	103	
1855	3	
1859	2	
1871	60	
1876	6	
1878	18	
1879	83	
1880	13	16	37	39	
1881	8	14	17	18	26	
1882	9	11	14	16	17	19	20	22	
1883	13	20	21	22	24	26	56	
1884	49	50	52	54	
1885	50	87	89	90	94	
1886	79	81	84	87	88	93	96	
1887	83	96	
1906	41	
1909	91	
1910	16	
1911	21	27	
1913	18	
1914	8	11	13	16	19	22	43	68	
1915	10	15	18	19	20	
1916	13	21	23	24	52	
1917	22	50	52	54	92	97	
1918	87	90	92	93	95	
1919	81	83	85	86	88	91	94	
1920	81	84	
1921	52	83	
1922	87	
1926	22	
1930	44	
1931	26	
1934	67	
1939	70	
1940	93	
1945	93	
1946	16	
1947	9	12	13	15	16	21	
1948	15	23	24	
1949	25	93	
1950	51	54	88	91	95	
1951	82	88	89	92	96	
1952	79	81	83	84	86	89	
1953	80	84	
1955	89	
1958	22	
1962	37	
1977	19	
1978	5	
1980	12	
1982	88	
1983	86	88	90	
1984	82	84	85	89	93	
1985	78	80	83	84	85	88	91	
1986	82	86	88	
1987	91	
2000	27	
2002	19	
2004	103	
2005	71	
2016	86	93	
2017	81	83	83	84	89	98	
2018	80	82	83	86	89	93	
2045	19	
2050	84	
2054	82	
2069	95	
2080	35	
2118	89	
2122	82	
2126	103	
2139	14	
2168	21	
2207	15	
2230	101	
2236	16	
2241	97	
2254	14	
