112	42	
124	88	90	92	95	
125	87	89	91	92	95	
126	17	
137	64	
146	33	
152	88	89	
155	56	
156	53	55	
157	50	87	89	91	93	95	
158	82	85	87	88	89	90	91	93	93	95	98	99	
159	7	10	11	14	16	77	80	81	82	84	85	86	87	88	89	91	92	94	96	98	
160	12	16	17	19	82	86	87	88	90	91	93	96	
161	16	17	
186	98	
188	56	
189	50	51	
190	36	48	50	52	53	61	87	89	90	92	95	
191	46	81	83	83	85	86	87	89	90	93	95	98	
192	14	45	46	46	49	68	78	79	81	82	84	85	87	89	
193	6	9	11	13	44	69	78	79	80	81	83	85	86	88	99	
194	6	8	10	11	12	15	15	18	79	81	82	84	86	87	88	89	90	94	
195	16	16	17	19	20	82	87	91	
196	18	
221	58	
222	52	54	58	
223	48	50	51	53	55	86	90	92	95	
224	38	54	67	81	82	85	86	88	88	90	92	94	95	98	
225	16	18	19	42	53	55	56	57	59	61	77	79	80	81	84	86	89	99	
226	19	21	44	46	47	47	49	50	50	52	54	69	80	83	
227	8	10	14	44	45	47	48	49	70	83	
228	6	7	10	11	12	13	13	14	15	15	16	19	26	78	79	81	84	88	89	94	
229	13	15	16	16	17	17	18	19	20	21	22	24	82	99	
230	17	22	
254	58	
255	52	53	55	56	
256	50	51	52	54	55	62	87	91	94	
257	49	82	85	86	88	88	90	91	94	96	99	
258	6	11	14	16	57	79	80	82	84	85	89	
259	17	18	19	20	25	44	52	55	56	57	58	61	65	79	
260	23	24	46	47	48	49	50	51	53	54	60	73	
261	3	9	45	48	49	
262	7	8	9	10	11	11	12	13	14	15	15	19	
263	12	15	16	17	17	18	19	19	20	21	25	
264	17	22	
286	93	
288	52	55	57	
289	51	52	53	55	88	91	97	
290	50	53	86	87	89	90	92	94	96	
291	10	14	79	80	81	83	84	85	87	89	90	93	
292	7	12	13	14	15	15	16	16	17	18	19	20	23	57	79	
293	18	20	21	24	47	51	52	53	54	55	57	59	62	73	
294	46	47	48	49	50	52	53	54	59	
295	9	14	48	93	
296	5	6	7	10	11	12	13	13	14	14	15	19	24	
297	13	16	16	17	18	18	19	20	21	23	
298	22	
319	92	
320	83	88	90	91	93	96	
321	83	87	87	90	91	93	94	96	
322	55	87	89	90	92	93	95	98	100	
323	54	82	86	87	89	90	92	93	93	95	
324	9	80	81	83	84	85	86	87	89	90	94	97	
325	6	11	12	13	14	15	15	16	16	17	18	26	69	79	81	84	
326	16	17	18	20	20	21	24	25	56	71	73	
327	47	50	51	51	52	54	54	55	57	58	
328	46	48	49	51	54	92	
329	9	11	86	91	
330	7	10	11	12	13	14	14	15	15	16	17	18	20	24	
331	13	16	17	18	19	20	20	21	22	25	
332	22	
351	53	61	
352	52	91	94	96	
353	86	87	89	90	92	95	97	
354	46	81	83	84	85	86	87	89	90	91	95	98	99	
355	46	78	81	82	84	85	86	87	88	89	90	92	95	
356	78	81	82	84	85	86	87	88	89	91	92	94	96	
357	79	81	82	83	83	84	85	86	87	88	89	91	95	
358	3	7	9	10	11	11	13	14	15	16	29	79	80	82	84	86	89	94	
359	7	11	12	15	16	17	17	19	19	20	21	23	71	
360	21	22	25	53	55	56	57	
361	50	51	52	52	53	54	55	56	58	62	
362	49	51	54	86	90	92	95	99	
363	10	11	12	14	15	18	83	86	89	101	
364	2	8	11	12	13	14	14	15	16	17	17	18	19	20	25	
365	13	15	17	18	20	21	22	23	25	
366	23	
383	57	
384	53	
385	51	52	55	91	93	93	96	
386	51	82	86	88	88	89	90	92	93	95	
387	56	58	66	79	80	82	83	83	85	86	88	89	92	94	
388	17	45	46	47	50	51	77	78	80	81	84	85	88	
389	44	46	48	70	79	80	82	83	84	85	99	
390	46	48	79	81	82	83	85	86	88	90	
391	9	13	46	77	79	80	81	84	85	88	92	101	
392	5	7	9	10	11	12	13	14	14	15	20	23	79	82	84	92	93	
393	12	15	16	17	18	20	21	24	
394	53	57	92	96	
395	50	51	54	54	88	91	92	94	97	
396	82	83	86	87	89	90	93	94	97	
397	4	8	9	10	11	12	13	15	16	19	25	81	
398	12	13	15	15	16	17	18	18	19	20	21	22	24	69	
399	21	22	23	24	
416	57	
417	51	56	
418	49	51	52	55	91	92	
419	48	50	54	82	85	86	87	88	89	90	92	95	98	
420	10	42	67	77	80	82	83	84	85	86	87	89	93	96	98	
421	8	12	15	16	17	18	18	20	43	53	56	57	63	69	78	80	82	84	
422	18	20	21	24	28	47	48	49	50	51	52	54	54	57	59	69	75	79	
423	45	46	48	48	49	50	54	78	
424	79	92	
425	6	9	17	19	41	46	79	83	
426	5	7	8	10	11	13	14	15	
427	12	23	83	85	87	90	95	100	
428	82	85	86	87	88	89	90	91	92	94	97	
429	47	80	82	83	85	86	87	89	90	91	94	96	
430	9	11	14	39	68	78	81	82	84	86	88	89	
431	5	7	9	11	12	12	13	14	15	16	17	18	18	19	23	27	
432	12	15	16	17	18	18	19	20	21	22	24	25	27	44	
433	22	22	
449	57	
450	52	53	55	56	57	
451	46	48	49	50	52	53	55	56	93	96	
452	50	51	55	83	86	87	89	90	92	94	97	99	
453	9	13	40	67	77	78	80	82	83	85	87	88	90	92	94	
454	7	10	11	12	14	15	16	16	17	19	19	27	42	56	57	79	80	84	86	
455	18	19	20	21	21	23	25	27	52	53	54	55	56	57	60	71	79	
456	22	45	46	47	48	49	50	51	51	53	53	55	59	
457	40	49	
458	16	19	26	29	41	57	60	64	68	69	
459	17	18	20	20	22	32	40	43	45	48	50	51	56	57	58	60	64	66	70	
460	5	20	21	23	27	32	37	40	43	45	45	46	47	48	49	50	52	56	68	68	70	71	
461	5	20	21	26	38	42	45	46	47	49	66	70	79	81	84	99	
462	18	20	42	45	46	48	49	58	79	80	82	84	85	86	89	
463	9	13	16	18	19	20	26	29	40	45	47	64	69	78	78	80	81	84	85	88	
464	6	10	11	12	13	14	15	17	19	20	21	23	42	44	64	68	71	81	
465	2	12	13	15	18	18	19	20	21	22	23	24	69	
466	21	22	23	
483	56	57	59	
484	47	49	51	52	53	53	54	56	60	
485	47	48	48	49	50	52	54	86	88	90	93	98	
486	8	13	80	82	85	86	87	88	90	93	95	
487	8	10	11	14	14	16	19	26	78	79	80	82	83	84	86	88	
488	5	12	13	16	17	18	19	19	20	21	24	56	57	68	
489	18	21	22	23	52	53	54	55	57	60	
490	48	48	49	50	52	54	55	
491	8	10	14	67	
492	6	11	12	14	15	16	16	18	19	20	65	70	
493	18	20	20	21	22	23	24	25	44	53	55	57	58	61	71	
494	23	23	24	28	43	45	49	50	52	54	55	58	59	62	64	73	
495	21	24	29	41	45	48	49	50	55	56	61	66	70	
496	10	14	19	21	23	24	26	44	61	65	67	69	72	78	
497	9	15	19	20	21	22	23	24	26	45	65	67	69	72	
498	3	12	15	21	22	23	25	28	65	71	
499	21	23	23	25	
500	22	74	
516	40	41	
517	51	52	56	57	59	
518	46	47	48	49	50	51	52	53	53	54	55	59	
519	45	46	49	50	83	86	90	97	
520	9	10	67	80	82	84	85	88	92	
521	4	7	9	10	11	12	13	14	14	15	16	16	17	18	19	23	26	69	
522	18	20	21	22	23	25	56	57	62	
523	22	47	48	49	50	51	52	53	54	55	59	
524	8	49	66	88	89	91	96	
525	6	9	10	11	13	14	15	18	85	
526	12	15	16	17	17	18	19	20	21	23	25	72	
527	21	22	22	25	
528	23	55	
530	23	
531	24	
534	34	
535	32	33	
550	57	
551	51	52	53	54	55	56	57	58	59	
552	46	47	48	49	50	50	51	54	55	
553	45	46	48	48	49	87	91	94	
554	7	9	11	12	13	13	14	78	84	88	
555	5	11	12	15	16	16	17	17	19	20	21	22	23	26	56	58	
556	21	22	23	51	52	54	
557	48	49	51	53	88	91	97	
558	9	11	14	67	85	87	89	92	94	
559	8	9	11	12	12	14	15	15	16	16	17	19	23	
560	16	17	18	20	21	22	25	
561	23	
575	96	97	97	
584	56	58	
585	52	52	53	54	55	55	56	56	57	60	
586	47	47	48	49	50	50	51	52	53	54	54	55	58	
587	9	49	86	
588	3	6	8	10	11	11	12	13	14	15	16	18	
589	13	17	17	19	20	21	22	24	27	52	56	57	60	
590	49	50	51	53	55	
591	8	49	83	84	87	88	89	91	94	96	
592	9	10	11	14	15	16	17	19	79	81	83	85	
593	12	13	15	16	17	18	18	19	20	22	24	70	
594	22	22	25	
618	58	
619	52	53	54	55	55	56	58	59	61	
620	45	46	47	48	48	49	50	51	54	55	95	
621	9	44	45	46	48	49	88	94	100	
622	1	3	6	8	10	11	12	13	14	15	18	
623	17	21	23	51	52	54	59	
624	49	50	54	87	90	93	94	97	
625	6	9	10	11	14	79	81	83	85	86	87	89	94	
626	5	7	11	12	13	15	16	16	17	18	19	21	27	72	
627	17	18	19	20	21	22	25	27	
628	23	
642	4	
643	3	3	
652	58	
653	52	52	54	55	55	56	57	57	59	60	
654	42	47	50	50	51	52	53	54	55	56	67	
655	9	42	44	44	45	46	47	48	49	50	73	
656	3	7	12	15	
657	51	55	60	88	89	90	91	93	96	
658	9	32	82	84	86	87	89	90	92	95	
659	7	9	10	11	12	14	14	15	16	19	80	82	84	
660	12	13	14	15	16	17	18	19	20	20	22	24	26	72	
661	18	21	22	
687	54	55	57	60	
688	51	52	52	53	54	55	56	57	58	60	62	
689	32	42	45	47	48	49	50	50	51	53	
690	44	45	46	48	49	
691	80	82	83	85	86	88	89	91	95	
692	9	10	12	13	14	79	80	82	83	85	86	89	95	
693	4	6	12	13	13	14	15	16	16	17	18	18	19	20	26	74	
694	18	19	20	21	22	24	
695	22	
721	58	
722	51	52	53	54	55	56	57	59	62	
723	34	47	47	48	49	50	51	51	52	53	54	55	58	
724	45	46	47	48	49	50	74	
725	9	11	14	40	44	68	80	84	86	
726	5	7	9	11	11	12	13	14	15	15	16	16	17	18	19	19	21	80	84	88	
727	12	15	16	17	18	19	19	20	21	22	24	26	
728	22	23	25	
755	56	57	
756	52	53	54	55	56	57	59	
757	43	47	50	51	52	53	53	54	55	55	59	
758	38	44	46	48	49	50	66	
759	7	9	10	11	12	13	14	15	16	67	
760	3	7	12	12	13	14	15	16	17	18	19	20	20	21	24	71	
761	18	20	21	22	23	24	27	
790	51	52	53	54	55	56	57	59	61	
791	30	48	50	51	52	53	54	58	61	
792	9	11	42	44	45	47	49	68	72	
793	4	7	10	11	13	14	15	16	19	20	24	28	70	
794	15	18	20	21	21	22	24	25	69	
795	23	
825	51	55	59	65	
826	65	
827	23	25	
828	22	
920	98	
1171	31	
1179	39	
1183	57	102	
1212	46	
1214	38	
1217	8	
1226	37	65	
1235	46	
1241	27	
1245	47	
1246	42	48	
1248	48	
1274	10	52	
1275	29	
1278	16	
1279	16	39	
1280	16	18	18	20	25	39	43	45	47	51	53	57	58	61	65	66	73	
1281	26	42	45	46	47	49	51	56	66	71	
1282	45	46	50	
1283	49	
1295	24	
1301	35	
1308	92	
1310	17	72	
1311	17	
1312	11	13	16	18	41	45	
1313	15	16	17	19	20	23	24	27	58	66	70	
1314	16	17	18	19	20	21	23	25	41	44	51	53	54	55	56	58	59	70	
1315	21	23	26	30	42	44	45	47	48	49	50	51	54	56	68	68	
1316	42	44	45	46	47	48	48	50	51	53	54	72	
1317	45	53	71	74	
1328	49	
1337	48	
1338	17	
1343	23	
1345	12	18	18	20	40	81	
1346	9	11	13	13	15	16	17	18	19	21	23	68	68	
1347	12	15	17	17	19	20	21	23	25	26	72	
1348	22	23	25	53	55	57	62	
1349	22	23	32	43	50	51	51	52	54	55	56	58	59	61	
1350	43	44	45	46	47	48	48	49	49	50	51	53	
1351	45	47	49	53	61	
1369	75	
1371	97	
1376	100	
1378	10	13	18	42	
1379	7	9	10	12	14	15	17	18	19	22	24	26	69	
1380	13	14	17	20	21	22	23	25	68	
1381	22	23	92	98	
1382	10	58	90	92	95	
1383	16	17	19	51	52	52	54	55	55	56	59	61	87	91	
1384	45	45	46	47	49	49	50	51	52	53	54	58	58	
1385	44	47	48	49	
1386	53	72	
1387	66	
1393	88	
1400	31	
1407	104	
1408	18	
1409	21	
1411	10	18	30	68	
1412	7	8	10	11	12	14	15	16	19	21	72	
1413	12	15	17	18	18	19	20	22	24	56	58	70	
1414	21	22	25	48	50	52	53	
1415	83	87	89	91	94	97	
1416	7	10	11	13	14	15	18	57	77	80	81	82	84	86	87	89	91	96	98	
1417	15	16	17	19	20	52	54	55	56	58	60	80	82	85	
1418	18	46	47	48	49	50	50	51	54	55	
1419	44	47	49	51	
1421	66	
1441	19	40	
1442	20	41	46	48	
1443	25	40	48	49	69	
1444	16	20	26	38	46	
1445	6	10	12	14	15	16	17	19	21	40	66	69	
1446	7	11	12	14	15	17	18	20	21	23	26	56	57	70	
1447	20	21	23	24	47	50	51	52	54	55	
1448	23	48	50	53	87	91	93	96	
1449	10	14	79	81	82	84	86	88	88	91	94	
1450	6	8	10	11	12	13	14	14	15	16	19	57	58	79	81	85	
1451	13	17	17	19	20	21	23	52	52	54	54	55	55	56	57	59	79	
1452	18	22	47	48	49	50	52	53	53	54	
1453	45	47	49	52	55	
1455	1	9	
1471	47	
1474	16	38	
1475	17	21	26	41	67	69	
1476	17	18	19	20	25	42	47	49	52	57	59	67	72	
1477	17	18	20	22	40	45	46	47	49	52	64	66	
1478	9	12	19	22	26	38	42	44	46	65	69	
1479	9	11	13	16	18	18	19	20	22	23	42	56	57	68	68	
1480	20	21	22	23	26	46	48	50	51	52	52	56	60	71	
1481	22	49	50	52	54	59	91	96	
1482	48	81	83	84	86	89	92	
1483	5	8	10	14	16	78	81	85	
1484	6	10	11	13	13	14	15	17	18	18	19	21	23	26	56	57	58	
1485	17	18	20	21	22	25	47	51	52	53	54	55	56	60	72	
1486	23	46	48	48	49	50	51	54	58	
1487	49	65	
1488	59	
1504	21	
1506	40	
1507	8	14	16	18	25	
1508	9	11	13	16	19	42	44	68	69	
1509	12	15	17	18	18	19	20	22	33	
1510	15	16	17	19	20	21	23	24	27	53	55	59	69	
1511	20	21	22	25	31	50	59	63	71	73	
1512	10	15	19	21	23	24	43	57	65	70	
1513	20	21	23	24	26	53	56	57	59	72	
1514	22	23	46	47	48	49	50	51	52	54	55	56	58	61	
1515	45	46	50	53	83	87	88	90	94	
1516	10	40	45	67	79	82	85	89	
1517	6	9	10	12	13	14	17	19	
1518	6	8	12	15	16	17	18	18	19	21	24	56	58	61	71	
1519	18	21	22	47	50	51	51	52	54	55	57	
1520	48	48	49	51	52	54	60	87	89	91	94	
1521	52	85	89	94	
1522	57	
1524	31	
1538	16	
1539	39	
1540	9	15	19	41	
1541	10	12	14	16	17	18	19	20	39	67	
1542	7	10	12	13	15	17	18	19	20	21	23	24	26	70	
1543	15	20	21	22	23	25	28	69	
1544	24	73	91	
1545	17	24	97	
1546	17	25	58	
1547	24	52	54	55	56	57	59	61	
1548	32	40	45	47	48	49	50	51	52	53	54	56	58	60	63	
1549	41	43	45	47	49	50	54	58	79	82	
1550	9	14	18	40	45	48	48	68	70	81	85	
1551	6	9	10	11	13	13	14	15	16	19	20	22	
1552	17	19	19	20	21	23	25	53	55	57	58	68	
1553	22	23	47	49	50	51	52	54	55	59	
1554	49	51	54	83	83	85	87	89	91	93	97	98	
1555	82	86	90	97	
1560	51	66	
1573	9	
1574	9	11	13	13	15	16	17	19	38	67	
1575	7	11	12	14	16	17	18	19	19	20	23	23	24	57	71	74	
1576	18	21	22	23	52	
1577	22	49	54	88	91	92	95	97	
1578	8	10	11	13	78	82	87	89	91	94	100	
1579	11	12	15	16	17	18	20	83	86	90	
1580	21	
1581	53	59	
1582	51	53	54	55	58	59	65	
1583	32	45	50	64	73	
1584	9	12	14	22	25	44	64	70	
1585	13	15	20	21	22	24	26	56	57	70	
1586	22	23	24	50	51	52	55	59	
1587	49	50	52	53	55	59	87	90	91	93	95	98	
1588	12	49	54	81	83	85	87	89	93	94	
1589	81	91	
1593	62	62	62	
1596	96	
1600	15	53	
1606	8	13	
1607	9	11	13	13	15	16	19	43	
1608	7	11	12	14	15	16	17	18	18	19	20	21	24	27	56	58	69	
1609	13	21	22	23	24	25	47	52	55	56	72	
1610	49	50	52	54	86	91	93	
1611	13	81	82	85	86	87	89	91	95	
1612	4	7	8	10	12	13	14	17	18	80	82	84	85	88	91	
1613	12	15	16	17	18	19	20	24	80	
1615	87	88	90	91	92	93	95	96	98	
1616	86	87	88	90	91	91	92	94	96	98	
1617	91	92	98	
1618	25	92	
1619	53	
1620	52	54	55	87	91	92	96	97	
1621	54	81	82	84	86	87	88	90	91	96	
1622	79	82	85	90	
1623	91	
1627	9	
1629	9	
1636	16	
1638	14	43	76	
1639	6	14	
1640	10	14	
1641	8	8	10	11	12	13	14	17	18	20	24	
1642	15	16	17	19	20	21	22	23	57	60	70	
1643	22	24	48	49	50	51	53	54	
1644	50	53	85	86	87	89	90	91	95	
1645	9	14	16	78	80	81	84	86	89	97	100	
1646	7	9	11	12	14	15	15	16	17	19	19	23	56	80	85	
1647	2	18	20	21	24	52	55	58	103	
1648	49	51	53	86	87	91	93	94	95	97	
1649	77	81	83	83	84	85	86	87	89	91	94	98	
1650	7	9	13	76	77	80	81	82	84	85	86	87	89	90	94	97	
1651	77	82	83	84	85	86	87	88	89	91	94	96	
1652	83	86	87	90	91	92	94	96	
1653	82	83	85	86	87	88	89	90	91	94	96	100	
1654	77	80	81	82	83	85	86	87	88	89	91	94	97	
1655	79	80	82	84	86	88	93	
1656	81	88	89	
1669	48	
1672	24	
1674	8	8	10	11	13	14	15	17	18	20	
1675	6	11	12	13	14	15	15	16	16	17	18	19	21	24	57	
1676	17	20	21	22	25	47	51	52	53	54	55	57	58	
1677	46	48	49	51	87	91	92	95	
1678	9	79	81	82	83	85	86	89	93	97	
1679	3	10	12	13	14	16	17	19	79	82	84	
1680	4	8	11	12	15	16	17	19	20	22	25	52	53	56	58	59	71	
1681	21	23	47	49	50	52	54	
1682	49	81	82	85	86	87	88	90	92	95	97	
1683	78	80	82	84	86	88	96	
1684	13	78	79	82	84	85	89	94	
1685	78	79	81	84	86	90	94	
1686	78	79	80	80	82	84	85	87	89	92	94	
1687	76	78	79	80	82	84	85	86	88	94	99	
1688	79	80	81	82	84	86	88	91	
1689	80	85	93	94	
1691	33	
1693	31	
1698	7	
1704	24	
1705	36	
1707	10	
1708	5	8	8	9	10	11	13	13	14	15	16	18	58	
1709	16	17	18	19	20	24	52	55	56	58	60	
1710	17	21	22	37	46	47	50	52	53	53	54	
1711	49	55	81	83	85	86	88	88	90	91	94	98	98	
1712	10	13	17	79	81	84	88	89	
1713	7	11	12	15	16	17	18	19	23	27	56	58	72	
1714	17	20	24	47	51	52	53	55	
1715	11	23	49	50	52	55	91	93	96	
1716	50	78	80	82	83	85	90	97	
1717	79	87	89	94	
1718	79	88	
1719	79	85	
1720	79	86	
1721	78	83	87	
1722	79	
1726	86	
1727	18	19	
1728	17	18	
1735	29	
1741	9	14	
1742	5	6	9	10	11	12	13	13	14	15	19	58	
1743	15	16	16	17	18	19	20	22	25	51	52	53	54	55	56	57	59	60	
1744	23	46	47	48	49	50	52	96	
1745	8	40	45	66	79	81	84	91	96	
1746	9	10	12	14	15	16	19	56	
1747	7	15	17	20	22	24	26	47	52	56	58	69	
1748	22	25	47	49	50	51	54	55	59	
1749	50	53	81	82	85	87	88	90	96	100	
1750	78	82	85	88	94	
1751	81	84	
1753	93	
1754	84	
1757	90	
1765	100	100	101	
1769	102	
1775	11	15	21	
1776	3	6	8	9	10	11	12	13	14	14	15	18	20	25	57	
1777	2	16	17	18	20	21	52	52	54	55	56	57	58	60	
1778	22	23	31	43	45	46	47	48	49	49	50	54	
1779	7	9	14	45	47	67	84	
1780	4	7	11	12	14	14	16	19	20	56	58	72	
1781	18	19	20	22	23	50	51	51	52	54	55	56	
1782	22	49	51	54	88	89	90	91	92	95	
1783	49	54	79	81	84	86	89	93	
1784	97	
1794	65	
1799	1	
1808	14	
1809	10	14	
1810	2	8	10	11	12	13	14	15	16	24	
1811	13	16	18	20	24	53	62	91	
1812	16	18	30	43	48	54	58	67	
1813	10	14	45	47	57	67	74	
1814	12	15	20	24	26	47	52	55	57	59	
1815	2	23	23	24	48	49	50	51	53	54	59	92	
1816	52	54	56	82	85	87	88	91	95	
1817	65	79	83	88	90	97	
1820	51	
1844	5	8	8	11	13	13	
1845	7	11	12	13	14	15	16	34	82	85	87	89	93	
1846	16	17	19	21	86	88	89	91	96	
1847	18	23	57	58	
1848	49	50	51	52	54	55	56	59	
1849	48	49	51	54	87	90	93	95	
1850	37	53	79	82	84	86	89	95	
1851	85	
1852	85	
1856	16	16	
1859	56	
1864	93	
1868	98	
1874	25	
1878	3	8	12	13	16	18	
1879	4	6	8	10	11	12	13	14	19	78	80	84	89	
1880	12	13	15	15	17	18	19	22	24	78	80	83	84	87	
1881	18	20	21	48	51	52	53	54	55	57	59	
1882	18	50	51	52	54	92	95	97	
1883	51	79	81	83	84	86	88	90	92	96	
1884	65	79	85	89	
1886	95	
1912	3	8	11	13	
1913	6	9	10	11	12	13	14	14	15	17	19	24	
1914	2	12	15	17	17	20	21	24	53	56	80	
1915	22	52	54	55	56	97	
1916	51	54	82	86	87	88	89	91	93	94	96	
1917	82	85	88	88	91	96	
1918	82	84	
1946	8	15	
1947	6	10	11	12	14	15	16	16	92	
1948	55	88	91	96	
1949	53	83	85	86	87	89	90	92	94	96	98	
1950	53	79	80	82	83	85	87	89	97	
1951	80	84	
1952	103	
1956	48	
1979	13	
1980	14	
1981	16	100	
1982	82	84	85	87	90	95	
1983	80	81	82	84	85	87	88	90	95	
1984	78	81	85	89	95	
1985	91	
2003	10	71	
2007	63	
2008	49	
2016	79	84	
2017	78	80	83	84	88	92	
2018	82	84	
2023	22	
2025	57	
2030	94	
2031	57	
2042	13	
2050	83	97	
2059	9	
2081	74	
2087	103	
2092	103	
2096	98	
2100	82	
2101	17	
2103	20	
2105	59	
2137	27	
2144	15	
2164	20	
2187	1	
2188	7	
2191	24	
2198	25	
2199	2	
2212	15	
2216	11	
2217	3	
2257	6	
