48	63	
49	64	
80	50	51	
112	40	
146	93	
152	80	80	81	82	
159	93	
160	92	
179	88	90	92	94	98	
180	9	86	87	88	90	91	93	95	
181	86	89	91	93	94	
182	16	17	22	
190	56	
191	51	
192	87	90	92	95	
193	7	83	85	86	87	89	90	91	93	95	
194	16	83	86	87	90	91	92	93	94	97	
195	16	88	91	92	97	
196	16	
210	57	
211	52	55	57	
212	46	48	51	54	87	90	91	94	98	
213	53	82	83	83	84	86	87	89	90	91	93	93	95	
214	5	8	9	11	14	81	82	84	85	87	88	88	89	90	91	95	98	
215	7	10	11	13	14	15	16	82	83	85	87	88	90	92	96	99	
216	16	17	18	19	21	86	93	94	
223	58	
224	53	56	57	60	
225	49	51	52	54	58	90	92	97	
226	8	48	50	54	82	84	86	87	89	91	93	95	100	
227	9	14	80	81	82	83	84	85	86	88	88	89	90	92	95	98	
228	6	9	11	13	81	82	84	85	86	87	89	90	91	95	97	
229	6	12	14	16	18	82	84	85	87	89	90	92	94	97	
230	16	17	19	97	
244	52	55	56	57	58	60	
245	46	47	48	49	50	51	52	53	55	58	
246	47	49	50	52	53	81	83	85	86	88	88	89	91	93	98	
247	79	81	82	84	85	87	88	90	96	100	
248	9	10	12	13	80	81	83	84	85	89	93	93	
249	3	3	7	9	10	11	12	13	14	15	16	80	82	83	85	87	89	92	94	
250	12	15	16	17	19	21	82	85	87	89	91	92	95	
251	17	21	93	
252	92	
253	3	4	
257	56	57	58	60	
258	52	53	54	56	58	59	62	
259	48	50	51	53	54	55	81	87	89	91	96	
260	50	55	79	81	83	83	85	86	88	89	90	92	98	102	
261	80	81	83	84	85	
262	8	9	10	14	80	81	83	83	85	86	89	97	
263	6	7	10	11	12	13	13	14	15	16	17	81	82	83	84	85	87	89	91	96	
264	12	15	16	17	18	19	82	86	89	92	94	
265	17	18	20	
277	57	
278	51	52	53	55	56	56	57	58	58	59	61	
279	47	48	49	50	51	51	52	54	54	55	87	91	97	
280	38	45	47	48	49	51	54	63	79	81	83	85	88	90	94	99	
281	79	81	83	85	92	
282	4	6	19	37	82	85	
283	8	9	10	11	12	13	14	19	43	46	81	82	84	90	102	
284	8	8	11	12	14	15	16	18	20	81	82	83	85	86	87	89	90	94	100	
285	12	15	16	47	82	87	88	89	90	92	95	98	
286	16	46	85	86	88	89	90	91	94	
287	8	86	88	90	91	92	93	96	
288	16	92	98	101	
290	57	
291	52	56	57	59	62	
292	47	50	51	52	53	53	54	55	57	59	87	89	91	93	97	
293	49	50	52	54	82	84	85	86	88	88	90	92	93	97	
294	81	82	84	86	91	96	
295	5	10	81	96	
296	4	9	49	
297	7	9	10	11	13	13	14	15	81	83	84	86	89	
298	3	7	11	12	14	15	17	18	21	81	84	86	89	91	93	93	
299	16	17	17	19	22	94	
311	57	
312	51	52	53	53	55	56	57	58	59	61	
313	46	47	49	50	51	51	53	54	54	55	58	87	90	97	
314	48	49	81	84	88	
315	86	
316	15	16	24	68	
317	5	12	15	16	16	17	18	19	19	45	56	60	67	71	
318	5	8	10	12	15	18	18	19	20	22	44	45	47	49	50	56	58	81	83	
319	11	19	20	30	42	45	46	48	52	56	59	68	71	80	81	84	85	
320	8	11	44	47	48	48	50	80	81	82	84	85	89	98	
321	10	12	13	15	46	81	82	83	84	85	87	89	100	
322	16	18	83	87	89	90	92	95	
323	16	91	92	
324	53	57	
325	51	52	54	57	59	60	
326	49	50	53	53	55	58	85	87	89	91	96	
327	50	80	82	84	85	86	89	90	94	
328	19	41	85	
329	20	26	48	57	
330	24	45	47	50	68	
331	4	7	8	10	12	14	
332	5	6	7	9	10	11	12	13	13	14	15	15	16	19	81	83	83	85	88	91	102	
333	15	16	16	17	17	19	20	21	
345	56	57	58	58	61	
346	46	48	50	51	52	53	53	54	55	56	58	59	62	
347	47	49	50	51	51	53	53	54	55	81	86	90	95	
348	49	85	92	95	
349	9	12	14	86	
350	8	10	11	12	12	13	14	15	16	17	18	18	19	34	69	
351	3	15	16	17	17	18	19	20	21	22	24	25	26	35	
352	22	23	24	25	61	65	
353	21	23	24	34	51	53	55	56	58	59	60	
354	22	29	50	51	52	54	55	57	59	64	80	
355	3	9	23	32	45	48	49	51	69	81	83	
356	8	11	12	14	20	44	47	48	49	50	70	81	82	84	86	88	
357	12	14	46	82	85	86	88	88	90	92	94	
358	57	87	91	92	93	94	97	
359	52	53	54	55	56	59	61	87	89	91	92	93	94	103	
360	51	60	83	83	85	87	89	90	92	93	98	
361	10	82	84	86	88	94	101	
362	12	15	16	58	
363	17	21	51	57	62	
364	23	51	53	
365	8	9	13	
366	2	3	6	7	9	10	11	12	12	14	14	15	15	16	17	18	19	24	71	83	
367	13	15	16	17	17	19	20	20	21	22	24	
379	52	56	57	57	58	61	
380	47	48	50	51	52	53	53	54	55	56	57	58	60	
381	46	49	50	51	52	54	63	84	87	89	91	94	
382	48	84	89	
383	7	8	9	11	12	13	14	71	
384	5	7	10	11	12	12	13	13	14	15	16	17	18	19	20	21	23	25	70	
385	15	17	18	18	20	20	22	23	
388	55	57	61	
389	51	53	53	55	56	57	59	60	65	
390	50	51	52	54	56	58	
391	11	44	47	48	48	49	50	80	84	99	
392	46	81	82	84	85	86	87	88	89	91	95	98	
393	54	59	81	82	84	85	86	87	88	89	90	91	94	97	98	
394	55	80	82	85	86	87	89	91	94	
395	11	84	
396	5	8	11	13	14	
398	93	
399	9	10	12	41	
400	4	6	8	9	10	11	12	12	13	14	14	15	16	17	19	20	24	26	
401	13	15	16	17	17	18	19	20	20	21	22	25	
402	23	
413	53	55	56	57	57	59	61	
414	48	49	50	51	52	53	53	54	55	56	58	61	63	
415	45	46	47	48	49	50	52	54	84	87	93	
416	9	49	84	88	
417	7	9	10	11	12	13	14	15	26	
418	5	8	11	12	12	14	15	15	16	17	18	19	19	20	22	24	27	72	
419	16	17	18	20	21	23	25	
423	55	57	58	60	62	
424	51	52	54	55	55	56	56	57	58	60	62	
425	47	49	50	50	51	52	53	54	55	
426	47	48	50	81	83	83	85	89	97	
427	37	79	80	81	82	83	83	84	86	89	91	93	
428	80	83	83	84	87	89	
429	41	46	47	50	85	
430	5	7	11	43	46	47	48	57	
431	21	47	48	82	86	90	94	100	
432	9	47	83	88	90	101	
433	5	8	10	11	13	13	14	15	16	41	
434	4	6	10	12	13	14	15	15	16	17	18	18	19	20	22	23	40	
435	16	17	19	20	21	22	24	
447	53	55	55	56	56	57	57	58	59	60	62	
448	47	48	50	50	51	52	52	54	54	55	55	56	58	58	59	60	
449	46	47	49	49	50	51	53	54	84	99	
450	9	
451	5	6	8	8	10	11	12	13	13	14	14	15	16	18	
452	11	12	14	15	15	16	17	18	19	20	21	24	
453	16	17	21	22	25	
457	53	56	57	61	
458	51	52	54	55	56	57	59	60	63	
459	50	51	52	53	54	55	56	58	
460	50	53	91	
461	13	53	79	81	85	
462	16	33	43	60	
463	4	16	16	17	18	18	19	19	20	43	48	52	56	57	57	58	59	62	65	69	
464	20	21	21	23	26	33	45	47	49	50	51	52	54	56	57	59	60	68	68	
465	20	20	22	27	33	43	45	45	46	47	48	49	50	52	54	56	59	60	66	
466	9	18	20	22	43	44	45	46	46	47	48	50	66	69	
467	5	7	9	10	11	13	14	18	20	22	23	40	44	45	46	48	71	
468	8	10	11	12	12	14	15	15	16	17	18	19	20	21	24	71	
469	1	18	19	21	22	23	24	
473	79	79	80	
480	58	
481	56	56	57	59	60	61	
482	46	47	48	50	51	51	52	52	53	54	55	56	58	58	
483	45	46	47	48	49	50	54	64	
484	10	48	
485	6	8	9	10	11	12	13	13	14	17	
486	8	11	12	15	15	16	16	18	19	20	22	23	
487	17	18	21	
490	56	
491	57	58	58	62	
492	52	53	53	55	56	60	88	93	95	
493	50	51	54	83	85	87	89	90	92	94	98	
494	53	88	90	98	
495	10	13	19	41	
496	8	10	11	12	13	14	16	16	17	18	19	19	22	26	70	
497	12	15	16	17	18	18	19	20	20	21	23	23	24	25	26	62	
498	21	22	24	31	34	51	52	55	58	59	60	62	
499	21	23	24	35	45	49	51	52	54	55	56	59	61	66	
500	20	23	23	25	49	51	54	61	67	
501	8	10	11	14	15	17	19	20	22	23	25	26	40	45	49	
502	2	5	8	13	14	15	20	21	22	24	
503	21	22	
515	53	54	55	56	56	57	58	58	59	60	62	
516	46	47	48	50	51	52	52	53	54	55	55	56	58	60	
517	45	46	47	49	49	50	53	54	
518	10	50	
519	3	4	7	8	9	10	11	12	14	14	16	
520	7	11	12	13	13	14	15	16	17	18	20	21	23	
521	16	17	18	19	21	
524	52	56	57	58	
525	49	51	52	54	55	56	61	92	
526	50	52	53	55	56	60	82	85	86	88	89	90	92	95	97	102	
527	53	80	82	83	84	86	87	89	90	94	
528	9	14	82	86	
529	9	10	11	12	13	14	15	17	19	23	42	68	
530	5	11	12	13	14	15	16	17	18	18	19	20	21	23	24	71	
531	17	19	21	22	22	23	
534	24	
535	5	22	23	
536	23	
549	52	56	57	58	58	59	60	62	
550	46	47	48	50	50	51	52	52	53	54	55	56	58	60	
551	45	46	47	49	50	52	53	89	
552	10	49	
553	5	7	8	10	11	12	14	15	18	25	
554	1	11	12	13	14	14	15	16	18	20	25	
555	16	17	17	20	22	
557	56	57	61	
558	51	52	53	54	57	58	
559	50	51	53	54	56	61	82	86	88	89	91	93	94	
560	51	81	82	84	85	86	87	89	90	92	94	
561	80	82	84	87	88	91	93	98	
562	7	9	10	12	13	15	16	
563	5	6	9	11	12	13	14	15	15	16	16	17	18	18	19	22	25	70	
564	12	13	15	16	17	18	19	20	21	22	23	24	
565	22	23	
583	52	53	55	56	56	57	58	58	59	61	62	
584	43	48	50	51	51	52	52	53	54	55	56	57	59	60	
585	45	46	47	47	48	49	49	50	50	51	53	53	
586	10	14	45	46	48	
587	5	7	10	11	12	13	14	
588	6	8	10	11	12	12	14	14	15	16	16	19	20	86	90	95	100	
589	13	15	16	17	18	18	19	20	22	
590	57	
591	52	56	58	59	
592	51	52	53	54	55	56	59	87	90	92	95	
593	51	53	62	63	82	84	85	86	88	89	92	95	98	
594	80	82	84	85	89	97	98	
595	6	10	84	
596	4	6	8	9	10	12	13	14	14	16	18	19	20	71	
597	11	12	13	14	16	17	17	18	18	19	20	20	22	24	25	26	
598	17	20	21	22	22	25	
617	55	57	57	59	60	
618	34	50	51	52	52	53	53	54	55	55	56	57	57	58	58	59	60	
619	43	44	45	46	47	48	49	50	51	52	53	53	54	55	56	60	
620	4	44	45	46	46	47	48	49	49	
621	4	8	8	9	10	14	15	46	
622	6	7	10	11	12	12	13	14	14	15	16	20	83	84	91	96	
623	13	16	17	18	19	20	22	87	90	92	
624	57	92	
625	52	53	54	55	56	61	87	91	92	95	
626	51	54	60	82	85	86	87	89	90	92	93	94	99	
627	53	79	80	82	83	84	86	88	89	91	95	
628	8	14	48	81	84	88	
629	8	10	11	14	15	16	18	25	42	
630	7	11	12	13	13	14	15	15	16	17	17	18	19	19	20	23	25	68	72	
631	3	12	17	19	20	21	22	24	
632	23	
651	58	60	
652	52	53	54	55	56	57	57	58	59	60	61	
653	50	51	51	52	53	53	54	55	56	57	58	59	60	64	67	
654	45	46	47	48	49	49	50	51	51	53	53	55	56	65	
655	4	9	11	14	43	45	46	47	48	49	50	
656	7	8	9	10	12	13	13	14	15	18	19	21	25	80	86	89	
657	3	17	17	18	82	86	87	88	89	90	91	92	95	100	
658	55	85	87	88	88	89	91	92	93	94	97	99	
659	52	54	60	82	85	86	87	88	88	89	90	91	94	97	99	
660	81	83	83	84	85	86	88	89	90	93	95	98	
661	13	73	79	81	83	86	
662	6	10	13	16	17	18	20	40	43	47	70	
663	6	8	9	10	11	12	13	14	14	16	17	18	18	19	19	20	26	44	46	70	
664	3	8	12	14	15	16	17	17	18	19	20	21	21	23	23	25	
665	1	21	22	24	
686	55	57	59	
687	52	53	54	55	55	56	57	58	58	59	61	62	
688	32	43	48	49	50	51	52	52	53	54	55	56	57	59	68	
689	4	10	43	45	46	47	47	49	49	50	51	53	53	
690	4	9	12	14	26	45	46	47	48	49	84	101	
691	47	81	82	84	85	86	88	89	90	94	99	
692	46	62	80	81	82	84	85	86	87	88	89	90	95	
693	47	81	82	83	83	84	86	87	89	90	93	
694	13	42	67	80	81	84	85	101	
695	6	9	11	13	14	16	18	18	19	26	46	71	
696	6	10	11	12	13	14	15	16	16	17	18	19	19	20	21	22	25	27	69	
697	4	6	12	15	18	19	20	21	21	22	23	24	24	
698	21	22	23	24	
699	23	
721	55	57	60	62	
722	51	52	53	53	55	55	56	57	57	58	59	60	61	
723	31	37	48	48	49	50	51	51	52	53	54	55	56	56	57	58	67	
724	5	45	45	46	47	47	48	49	50	50	53	56	57	67	73	
725	5	41	44	45	46	47	48	49	57	59	80	82	84	85	99	
726	16	19	42	44	46	47	49	60	69	80	81	83	83	84	89	
727	11	17	19	30	42	45	46	49	51	70	80	81	84	99	
728	9	10	12	13	14	16	17	18	19	19	20	41	45	49	68	71	83	
729	7	10	11	13	13	14	15	17	18	19	19	20	22	24	26	28	69	
730	6	12	18	20	21	22	23	23	24	
731	21	22	24	
756	33	55	57	59	61	
757	52	54	55	55	56	57	58	60	61	
758	24	28	50	51	52	53	54	56	58	58	60	
759	20	25	31	44	45	48	49	50	51	54	57	60	70	
760	18	20	21	23	23	29	39	44	46	49	52	54	64	69	
761	6	9	11	14	15	18	19	21	22	23	24	45	48	65	67	69	
762	5	10	12	13	15	16	18	19	20	21	22	24	26	45	65	
763	20	21	22	23	23	24	
764	22	
791	35	55	
792	54	59	64	
793	23	55	65	
794	23	24	65	
795	11	14	22	24	
796	21	23	23	
1163	44	
1171	67	
1178	81	
1183	101	
1185	102	
1188	63	
1191	72	
1197	43	
1201	67	84	
1203	57	
1216	16	
1234	51	
1237	55	
1244	51	
1246	45	
1249	54	
1251	4	8	
1253	12	
1260	41	
1263	37	
1268	43	46	
1269	67	
1271	32	
1274	78	
1278	78	
1281	47	
1282	57	
1285	54	
1295	103	
1299	43	
1300	16	19	26	
1301	28	39	45	
1302	46	48	50	
1303	27	45	47	51	
1304	46	49	56	
1308	78	78	78	
1312	31	
1313	40	
1314	26	35	43	
1315	47	49	56	60	69	
1316	45	46	47	49	53	
1317	46	49	59	
1318	47	
1327	53	
1333	42	
1334	16	19	
1335	16	17	19	21	43	45	46	53	57	58	62	
1336	20	21	29	47	48	49	51	53	55	57	59	70	
1337	22	44	46	47	49	50	61	
1338	46	48	50	
1342	79	
1346	27	
1347	14	
1348	16	17	18	20	22	34	40	45	48	58	63	
1349	18	20	21	33	42	45	46	47	49	51	53	56	57	60	69	
1350	21	23	42	44	46	47	48	48	49	51	52	57	59	65	69	
1351	45	46	47	49	50	56	
1352	46	48	
1353	6	
1358	3	
1360	75	
1366	14	19	27	
1367	10	15	18	
1368	10	12	14	16	17	19	20	39	73	
1369	12	16	18	19	19	21	22	24	56	57	58	60	71	75	
1370	18	20	21	22	24	28	45	45	47	50	51	52	52	54	55	56	56	57	59	62	65	
1371	22	45	46	47	48	48	49	50	51	53	55	59	
1372	44	46	47	49	54	58	
1373	46	
1374	64	
1375	6	52	
1376	48	
1377	65	
1380	9	13	19	
1381	10	11	14	15	16	17	18	19	68	
1382	12	13	15	16	16	17	18	19	20	23	24	58	62	74	
1383	17	18	20	21	23	24	29	50	52	55	56	57	59	60	63	
1384	21	23	25	45	49	51	52	53	53	54	55	56	57	57	58	59	63	66	
1385	22	43	45	46	47	47	48	49	50	51	52	54	59	61	
1386	44	46	47	48	50	55	
1387	60	
1388	53	54	
1390	60	
1395	8	
1396	43	
1400	9	13	16	
1401	6	9	10	11	14	15	16	18	20	25	
1402	8	10	12	13	14	15	16	17	19	20	21	22	24	71	
1403	15	18	20	20	21	22	23	25	57	58	61	62	
1404	22	51	52	53	55	56	56	57	59	60	61	
1405	32	45	47	49	50	51	53	54	55	56	57	59	
1406	28	43	45	46	47	48	48	49	50	52	56	58	62	
1407	37	44	46	48	49	56	69	
1408	45	46	48	55	71	
1409	46	
1410	48	
1411	50	
1412	16	
1413	9	
1414	10	13	15	17	18	22	26	45	
1415	8	8	10	11	12	13	14	15	16	16	17	18	19	21	25	70	
1416	13	16	16	17	17	19	20	20	21	23	23	
1417	21	22	25	57	58	61	
1418	51	52	55	56	57	58	58	59	61	
1419	47	50	51	52	53	53	54	55	56	57	59	
1420	44	46	47	48	49	50	50	52	54	56	58	60	
1421	46	48	50	
1422	53	
1429	71	
1430	74	
1431	36	
1433	19	42	
1434	8	10	13	
1435	6	8	10	11	12	13	14	15	17	18	19	
1436	12	12	15	16	16	17	18	18	19	20	22	25	26	
1437	18	21	22	23	23	
1438	55	57	58	60	62	
1439	51	52	53	54	55	56	57	59	61	
1440	30	50	51	54	57	60	
1441	29	50	52	53	57	59	63	70	
1442	21	45	51	52	55	56	57	59	62	72	
1443	23	42	44	48	48	50	52	55	57	69	
1444	45	46	47	49	57	
1445	43	47	50	
1447	8	15	17	26	
1448	8	10	11	12	13	14	16	19	
1449	10	12	12	14	15	16	17	18	19	20	21	24	27	
1450	18	20	21	23	24	
1451	22	
1452	55	56	57	58	59	61	63	
1453	48	51	52	54	55	56	58	59	61	
1454	45	47	48	49	50	50	51	53	53	54	56	
1455	46	49	50	53	
1456	49	79	
1466	40	
1467	11	13	
1468	9	10	19	
1469	3	7	8	9	10	11	12	14	15	15	16	19	20	22	28	
1470	13	15	16	17	18	18	19	20	21	22	23	69	
1471	22	56	
1472	47	
1473	54	86	88	90	91	92	94	96	
1474	87	90	91	92	96	
1475	88	
1476	24	55	58	62	91	
1477	23	52	54	55	56	57	59	60	
1478	26	45	50	52	53	57	60	67	75	
1479	43	45	46	47	50	
1480	11	13	45	46	48	48	53	
1481	9	11	14	15	16	
1482	5	6	9	11	12	13	14	15	16	17	19	20	21	24	27	71	
1483	12	15	17	18	20	21	23	24	
1484	22	23	
1486	57	58	63	
1487	52	53	54	54	55	55	56	57	58	59	60	
1488	46	47	48	50	51	51	52	54	54	57	59	61	
1489	21	47	49	50	53	55	56	
1493	11	
1499	23	
1500	9	45	
1501	11	
1502	8	10	12	13	15	18	18	
1503	5	6	9	10	11	12	13	14	14	15	16	17	18	19	24	
1504	13	15	16	17	18	19	20	22	24	57	57	
1505	22	48	52	53	57	58	61	
1506	46	47	49	50	51	54	87	90	91	94	98	
1507	9	49	53	80	81	82	84	85	86	87	89	90	96	98	
1508	11	82	83	84	85	87	88	89	92	97	99	
1509	83	86	87	89	91	93	96	100	
1510	7	10	12	14	83	85	88	91	93	98	
1511	16	87	90	91	93	97	
1512	16	30	54	55	56	58	61	93	
1513	17	24	31	53	54	
1514	10	14	19	23	41	44	46	49	65	66	74	
1515	6	9	11	12	13	14	18	19	21	26	45	
1516	8	11	12	13	14	15	15	16	17	19	20	20	22	24	27	72	
1517	18	20	21	23	24	56	57	60	
1518	47	52	
1519	10	43	46	49	87	89	90	93	97	
1520	16	18	26	58	83	88	91	
1521	52	53	55	56	56	57	59	60	61	
1522	45	46	48	48	49	51	51	52	53	54	55	56	57	58	
1523	49	51	
1524	53	59	
1526	23	
1534	11	
1535	40	
1536	5	8	9	10	11	13	14	15	
1537	6	8	10	11	12	13	14	15	16	16	17	18	19	20	
1538	15	17	18	19	20	21	23	56	57	59	61	
1539	23	47	50	51	52	53	54	55	56	57	58	59	61	
1540	47	48	49	50	51	53	59	83	85	87	88	90	93	95	
1541	49	54	79	80	82	83	85	89	95	
1542	80	
1543	79	80	84	87	92	
1544	7	11	14	80	82	84	87	94	
1545	2	10	81	85	86	88	91	
1546	7	12	14	82	87	89	91	97	99	
1547	16	18	65	93	
1548	8	16	17	19	22	24	27	
1549	9	11	13	14	15	16	18	19	20	22	23	45	72	75	
1550	13	15	20	21	22	24	
1551	22	53	56	59	62	
1552	52	54	59	
1553	8	9	12	83	83	
1554	13	22	26	58	63	
1555	52	55	56	57	58	59	61	63	
1556	46	47	49	50	51	52	53	54	55	
1557	49	51	59	
1558	51	
1567	13	
1568	15	
1569	9	
1570	4	7	9	10	11	13	13	14	15	21	
1571	6	8	12	12	14	15	16	17	18	18	19	20	21	23	73	
1572	2	17	20	22	56	57	57	58	60	61	
1573	47	48	50	51	52	53	54	55	56	59	60	63	
1574	47	48	49	51	53	53	55	80	85	87	91	
1575	49	
1576	83	89	95	
1577	87	
1578	3	
1579	4	11	14	81	83	88	
1580	10	12	14	81	83	84	88	90	95	
1581	7	11	12	13	14	15	16	18	18	20	99	
1582	13	15	16	16	17	19	20	
1583	17	18	23	23	25	
1584	24	
1586	64	
1587	83	
1588	23	58	61	
1589	50	51	52	53	54	54	55	56	57	59	62	
1590	12	48	48	50	51	52	54	57	82	86	89	91	94	102	
1591	52	54	93	
1595	73	73	74	74	74	
1603	9	13	
1604	4	7	9	10	11	11	13	14	15	17	20	
1605	8	11	12	15	15	16	16	17	18	19	21	58	
1606	17	18	21	23	52	53	56	57	58	59	60	62	
1607	46	47	48	49	50	50	50	51	53	53	54	55	56	57	59	
1608	45	47	49	50	51	55	56	58	83	88	
1609	49	89	
1610	53	
1611	27	
1612	42	
1613	15	
1614	5	6	9	11	13	14	17	19	21	84	
1615	4	6	8	9	10	11	12	13	14	15	16	17	18	19	20	23	24	26	69	82	84	
1616	13	17	18	19	20	22	
1617	21	23	56	57	
1618	48	52	
1619	18	87	88	91	92	95	97	
1620	86	87	88	90	91	92	93	93	94	95	98	
1621	16	87	88	90	91	92	93	95	98	
1622	58	61	88	91	92	93	94	
1623	52	53	54	55	60	91	92	93	97	
1624	51	54	85	87	88	90	92	94	
1625	55	89	
1637	6	9	14	
1638	5	7	9	10	11	12	13	14	15	16	19	
1639	8	12	13	15	16	16	17	19	20	21	71	
1640	17	18	20	21	23	53	55	56	57	58	58	60	62	64	
1641	48	50	51	51	52	54	55	56	58	59	
1642	45	46	48	49	50	51	52	53	84	
1643	47	64	89	99	
1646	13	42	
1647	9	13	14	18	
1648	8	10	12	14	15	16	19	20	25	
1649	9	11	12	13	14	15	17	18	18	19	21	22	24	71	
1650	2	21	22	24	26	56	58	
1651	22	52	56	58	59	
1652	49	50	51	52	54	92	94	97	
1653	51	80	81	82	83	84	85	86	88	89	91	93	94	96	100	
1654	7	8	11	80	81	81	82	83	83	84	85	86	87	89	91	95	
1655	8	13	81	81	82	83	83	84	85	87	89	90	94	97	
1656	81	82	83	85	86	87	88	89	90	91	92	95	98	
1657	55	83	84	85	86	87	88	88	90	91	92	94	102	
1658	54	81	83	83	85	87	89	90	95	100	
1659	86	88	
1660	83	
1669	9	
1671	8	17	
1672	5	6	8	9	10	11	12	13	13	14	17	18	55	
1673	11	12	13	15	15	16	16	17	18	19	20	21	23	24	58	
1674	21	23	52	55	56	57	57	59	61	
1675	47	48	50	51	52	53	54	55	55	56	59	62	
1676	45	46	47	49	49	51	53	55	62	
1677	47	49	49	53	
1678	61	98	
1680	8	21	
1681	8	10	12	14	15	16	20	23	
1682	5	9	11	12	13	13	14	15	16	17	18	18	19	20	21	24	
1683	5	11	12	15	19	20	21	22	23	24	28	45	53	
1684	21	22	52	56	57	58	61	
1685	49	51	52	53	54	55	59	91	93	97	
1686	50	52	53	55	81	82	84	86	87	88	89	91	93	95	
1687	63	79	81	81	83	83	84	86	88	100	
1688	8	80	82	84	89	100	
1689	10	81	82	85	94	
1690	80	82	83	84	85	86	90	98	
1691	79	80	81	82	84	85	86	89	94	99	
1692	82	84	87	89	
1693	84	
1694	49	
1697	92	92	93	
1705	9	
1706	4	8	9	10	10	11	13	13	14	15	17	19	22	
1707	12	13	14	15	16	16	17	18	19	19	21	22	
1708	17	18	20	21	22	52	53	55	56	57	57	59	61	
1709	50	51	52	53	54	54	55	56	57	58	59	62	
1710	45	46	47	49	50	51	52	54	60	
1711	46	48	51	54	
1713	11	15	18	
1714	10	12	13	15	20	24	
1715	3	7	10	12	13	14	15	16	17	18	18	19	23	28	86	
1716	8	12	15	16	17	17	19	20	22	24	70	70	
1717	3	5	20	21	22	56	57	62	
1718	51	52	53	55	57	59	61	
1719	49	50	52	53	55	58	82	86	87	89	90	92	96	
1720	50	54	80	81	83	83	84	86	89	92	94	99	
1721	82	86	90	94	
1723	5	86	
1724	82	86	
1725	81	86	88	95	
1726	85	100	
1731	94	
1735	29	
1739	9	11	13	
1740	3	5	7	9	10	11	12	13	14	15	16	
1741	8	12	13	15	16	17	18	18	19	20	23	25	75	93	
1742	16	17	20	21	23	57	58	60	62	
1743	51	52	52	53	54	55	56	56	57	59	59	60	62	
1744	45	46	47	48	49	50	50	51	53	54	55	56	61	
1745	46	49	
1746	12	27	39	46	
1747	10	14	18	21	
1748	5	7	8	10	11	12	13	14	15	16	17	19	20	23	
1749	10	11	12	14	15	16	17	18	18	19	20	21	23	24	70	74	
1750	17	20	21	22	24	57	
1751	23	52	56	57	58	60	
1752	47	50	51	52	53	54	55	56	58	61	88	91	92	97	
1753	50	53	81	83	84	85	87	88	90	94	
1754	81	85	88	
1757	81	
1762	30	
1764	73	
1770	61	
1773	11	14	
1774	4	8	9	11	12	14	15	
1775	8	11	13	13	14	15	16	18	20	23	86	90	92	95	
1776	16	17	18	19	21	57	58	60	63	92	95	
1777	18	52	53	54	55	55	56	57	59	60	62	
1778	33	43	44	45	46	47	47	49	49	50	51	52	53	54	56	58	58	60	67	
1779	41	44	46	47	48	49	
1780	13	27	41	46	48	72	
1781	8	10	11	14	15	16	17	19	23	23	46	70	
1782	7	9	11	12	13	15	16	18	18	19	20	21	25	26	70	
1783	5	16	17	19	20	21	23	24	
1784	22	23	56	57	58	61	
1785	50	51	52	53	54	57	60	
1786	50	51	54	61	85	86	88	89	90	92	94	
1787	53	79	82	84	87	88	91	95	102	
1788	83	88	
1792	15	84	
1807	14	
1808	5	6	10	13	15	
1809	7	9	10	11	12	13	14	20	81	84	86	89	91	100	
1810	7	12	14	15	16	20	62	82	85	86	89	91	92	94	96	
1811	16	16	18	20	53	55	56	57	60	62	93	
1812	29	51	52	54	54	55	57	58	60	62	
1813	42	44	45	48	48	49	51	53	55	61	
1814	10	15	21	45	46	49	68	
1815	7	10	11	13	14	15	16	18	19	20	21	23	23	68	
1816	13	14	15	18	19	20	21	22	24	
1817	22	23	25	
1818	55	57	59	62	91	93	97	
1819	51	54	55	86	87	87	90	91	92	94	95	97	
1820	53	80	82	84	85	87	89	90	94	98	
1821	82	84	92	
1822	93	
1823	89	
1826	1	
1838	46	
1839	26	
1842	8	13	
1843	5	9	11	15	84	90	98	
1844	7	10	11	12	13	14	15	19	81	82	83	84	86	88	90	94	
1845	12	13	15	16	18	61	82	85	87	88	89	90	91	93	95	98	
1846	16	55	61	
1847	55	60	73	
1848	10	10	11	13	22	25	27	
1849	13	21	23	24	
1850	22	23	25	56	59	
1851	52	53	55	57	59	90	91	93	96	
1852	51	54	58	83	86	87	88	89	90	90	92	93	95	98	
1853	54	81	82	83	83	84	85	86	88	89	90	92	93	98	
1854	79	81	83	84	86	89	95	
1855	80	92	
1861	94	
1863	48	
1865	49	
1875	44	
1876	13	
1878	5	8	9	10	12	13	15	80	82	84	87	89	100	
1879	7	10	11	12	13	14	15	16	81	82	83	84	85	87	89	90	91	96	
1880	15	17	87	88	89	90	91	93	93	96	
1881	17	92	
1882	93	93	
1883	57	93	
1884	52	55	62	88	91	92	95	97	
1885	54	61	82	83	86	87	88	88	89	90	92	94	98	
1886	80	81	82	83	84	85	86	88	89	90	93	95	
1887	81	82	84	85	88	
1888	82	93	96	
1905	60	
1911	21	
1912	5	11	14	99	
1913	5	7	9	10	12	14	81	83	85	89	93	
1914	7	10	11	12	13	13	15	80	81	82	83	84	85	86	88	89	90	91	97	99	
1915	82	85	86	87	90	91	92	93	95	
1916	86	87	90	91	92	93	94	97	
1917	85	86	87	90	91	93	94	96	
1918	82	84	85	86	87	88	89	90	92	94	96	
1919	81	82	84	84	85	87	89	91	
1920	80	82	84	88	90	
1921	84	88	
1923	96	
1926	95	
1934	61	99	
1943	61	
1945	95	
1946	101	
1947	4	84	89	
1948	12	14	80	81	82	84	86	92	98	98	
1949	80	81	82	83	84	85	88	90	95	98	
1950	80	81	82	83	83	84	85	86	88	90	96	101	
1951	80	81	81	82	84	85	86	88	90	95	98	
1952	79	80	81	83	83	84	85	86	89	100	
1953	80	83	83	85	91	93	
1954	84	
1960	13	
1973	47	
1977	90	
1981	90	
1982	86	
1983	80	84	88	102	
1984	80	82	86	89	
1985	79	81	83	86	88	91	
1986	85	89	97	101	
1997	68	
2009	57	
2010	13	
2016	14	
2017	83	
2018	99	
2021	94	
2023	88	
2027	23	
2051	75	
2056	3	
2063	85	
2083	10	
2087	5	91	
2090	58	
2094	64	
2099	101	
2112	26	
2119	54	
2124	22	
2164	94	
2193	6	
2202	21	
2203	29	
2237	16	
2260	6	
