16	71	
48	2	61	
147	26	
218	12	
250	87	91	93	
251	17	92	
282	92	96	
283	83	86	87	88	89	91	92	94	98	
284	81	82	84	86	87	88	88	89	90	91	95	98	99	
285	82	86	87	88	89	91	92	95	97	
286	12	16	87	90	92	95	
287	18	
292	93	
295	93	
314	53	57	91	96	
315	57	86	87	89	90	92	94	98	
316	37	81	82	85	86	87	88	89	91	94	101	
317	46	78	80	81	83	84	85	86	89	95	
318	8	39	79	80	81	82	83	84	85	89	94	
319	8	9	11	14	80	81	82	83	83	85	86	89	91	94	101	
320	7	12	13	14	80	81	82	84	85	86	88	88	89	91	94	98	99	
321	16	17	20	87	90	91	97	
322	17	
324	93	
325	87	88	89	91	93	96	
326	86	87	90	91	92	95	97	
327	82	86	87	89	90	91	92	94	96	
328	82	86	87	88	88	90	91	92	94	96	
329	83	86	87	89	91	92	96	
330	86	88	90	92	98	
331	16	92	
345	56	
346	55	56	
347	50	52	55	93	96	
348	34	51	85	87	89	90	92	93	97	
349	16	57	80	82	84	85	87	88	90	96	
350	17	30	43	43	46	52	55	56	57	60	79	80	81	84	
351	18	20	42	44	47	48	48	49	51	52	54	56	58	67	79	81	
352	21	39	42	43	44	45	46	47	48	49	49	79	83	
353	4	7	9	27	44	46	49	80	81	
354	7	9	11	12	13	15	80	81	82	83	84	86	90	93	
355	7	10	12	15	81	83	83	85	86	87	89	90	91	94	
356	17	87	90	92	94	97	
357	87	90	91	93	93	96	
358	82	86	87	89	90	91	93	96	
359	81	82	84	86	87	89	90	91	93	95	98	99	
360	81	82	84	85	86	87	88	89	90	94	98	
361	80	81	82	84	85	86	88	88	90	91	93	96	99	
362	7	13	81	82	83	83	85	86	87	89	90	93	100	
363	9	14	81	82	84	86	87	88	89	90	92	93	95	99	
364	10	14	17	80	82	83	84	85	86	87	89	90	92	94	97	
365	12	16	82	85	86	87	89	90	92	95	98	
366	17	88	89	91	93	97	
367	16	
379	52	56	58	
380	47	50	51	52	54	56	
381	49	51	82	85	87	90	92	96	
382	79	81	83	83	84	86	88	90	96	
383	12	14	16	16	18	34	65	68	79	83	
384	13	16	18	18	20	21	27	55	
385	20	21	22	23	25	51	52	54	55	56	56	57	58	62	
386	23	25	35	45	47	49	49	50	51	52	54	55	58	
387	40	43	43	44	45	46	47	47	48	49	49	51	
388	4	9	44	46	48	80	
389	7	10	12	13	14	15	79	81	82	84	85	86	89	94	98	
390	81	82	84	85	86	87	88	89	90	92	93	96	
391	80	81	82	84	85	86	87	88	89	90	92	95	99	
392	81	82	83	84	85	86	87	89	90	91	94	97	99	
393	34	40	57	59	66	78	80	81	82	83	85	86	88	
394	7	16	17	18	19	39	43	43	45	46	47	48	50	57	79	80	81	83	84	
395	6	17	19	20	28	36	41	43	45	47	48	49	56	68	71	80	81	83	85	
396	20	36	40	43	44	46	47	47	49	80	81	84	99	
397	6	11	28	46	70	79	80	81	83	88	98	
398	10	12	14	79	80	81	82	84	85	87	88	90	
399	6	10	12	14	17	80	81	81	83	84	85	85	87	89	90	93	97	
400	8	11	12	15	16	82	83	84	86	87	89	91	97	
401	16	17	18	19	20	
412	58	
413	47	51	52	55	56	62	
414	45	47	49	50	51	53	96	
415	8	45	48	82	84	87	89	92	94	
416	9	10	11	13	14	79	81	85	88	
417	12	13	14	15	16	16	17	17	19	20	24	27	
418	18	20	21	22	23	
419	53	55	56	57	61	
420	51	52	53	54	55	55	56	57	58	58	60	
421	46	47	48	48	49	50	50	51	54	55	
422	9	43	44	46	48	
423	3	5	80	82	86	89	95	
424	80	81	81	82	83	84	86	88	90	94	99	
425	68	79	80	81	82	83	84	85	88	88	90	98	
426	8	9	14	16	17	64	68	78	80	81	84	
427	7	11	12	13	14	15	16	17	18	19	20	21	28	44	45	78	79	
428	18	20	20	21	22	24	27	35	44	55	57	58	63	65	
429	20	21	22	24	27	45	48	51	52	54	55	56	57	60	
430	21	23	24	43	44	45	48	49	50	50	51	53	54	56	59	
431	23	23	27	30	41	44	45	45	46	46	47	48	49	50	53	58	
432	13	43	44	45	47	49	80	83	
433	6	8	10	13	14	79	81	82	84	88	
434	7	10	11	12	13	14	15	16	18	19	68	80	80	81	84	86	88	90	
435	15	16	17	17	19	19	21	69	84	
436	18	22	
446	53	56	57	62	
447	48	51	52	52	53	54	55	56	57	60	
448	42	45	46	46	47	48	49	49	50	53	
449	9	14	45	67	81	85	89	
450	5	6	7	10	11	12	12	14	14	15	78	85	
451	13	16	17	18	18	19	21	24	26	
452	22	
453	56	57	
454	50	51	52	52	54	55	57	58	61	
455	47	48	48	49	50	51	52	53	54	57	61	92	
456	45	49	50	88	92	
457	32	39	45	47	48	
458	13	80	82	84	86	
459	7	9	11	14	15	17	19	79	81	83	
460	7	10	11	12	14	15	16	17	18	19	24	26	
461	13	13	15	16	17	19	21	23	25	
462	17	21	22	24	
463	53	55	56	58	
464	50	51	52	53	54	55	55	56	57	58	60	
465	35	45	47	48	49	50	51	51	53	54	55	60	
466	44	45	46	48	49	50	
467	9	44	66	
468	4	7	8	9	10	11	12	12	13	14	14	15	16	17	18	19	69	81	83	
469	13	16	17	18	18	19	20	20	21	22	24	
470	22	
480	53	55	56	57	57	
481	48	50	51	52	54	54	55	59	62	
482	41	43	45	46	46	47	48	49	49	50	53	
483	6	8	9	85	
484	6	10	11	12	13	13	14	15	15	88	
485	12	15	16	17	18	20	21	92	
486	16	17	21	58	
487	52	52	57	
488	50	51	51	52	54	55	55	60	
489	43	48	48	49	50	51	53	53	57	59	82	87	90	92	96	
490	36	45	48	50	56	59	81	85	90	
491	16	18	27	40	43	43	45	46	47	49	60	67	69	
492	4	21	26	39	42	44	46	46	47	48	
493	11	14	22	23	72	
494	2	3	7	9	11	12	13	13	15	18	91	97	
495	12	15	16	20	83	86	87	91	92	96	
496	16	18	88	92	96	
497	56	91	93	
498	51	52	53	55	57	59	91	93	
499	50	51	51	54	55	87	90	92	94	97	
500	49	87	91	96	
501	7	9	10	11	13	14	17	19	
502	5	7	11	12	13	14	15	15	16	17	18	18	19	20	24	26	70	
503	18	20	21	22	23	23	
507	86	86	
514	52	56	57	61	
515	51	51	52	53	53	54	54	55	56	57	58	60	
516	42	45	46	46	47	48	49	49	50	51	53	
517	30	39	44	45	46	49	79	
518	4	6	8	8	10	11	12	13	14	15	86	
519	12	13	14	15	15	16	16	18	19	22	82	87	100	
520	16	17	18	20	23	57	
521	51	52	54	55	56	57	
522	47	48	49	51	52	53	55	63	92	97	
523	9	49	67	82	84	86	88	89	91	96	
524	11	12	14	18	28	52	55	56	57	61	65	81	84	
525	17	17	18	19	20	20	23	24	37	45	46	48	49	50	51	52	53	54	55	56	56	59	60	69	
526	22	23	25	31	41	43	44	45	46	47	48	48	49	50	53	56	58	70	
527	5	22	39	41	43	43	44	45	46	46	47	48	49	71	
528	8	10	12	14	23	24	27	47	71	81	
529	9	11	13	15	79	80	81	83	84	86	89	93	99	
530	13	80	81	82	84	86	87	89	91	94	97	99	
531	53	82	83	85	86	87	89	90	92	95	98	
532	46	52	55	82	85	86	88	89	90	91	95	
533	43	82	83	84	85	86	88	90	95	
534	9	13	14	16	18	37	40	45	65	69	81	82	84	
535	7	8	10	11	12	13	14	15	16	17	18	19	20	24	27	69	
536	5	13	15	17	19	20	21	22	23	69	
537	21	22	
548	57	
549	35	51	52	54	55	55	56	57	59	61	
550	36	42	46	47	48	48	49	50	50	51	53	54	58	60	
551	32	41	44	45	46	49	
552	1	4	6	9	10	13	15	18	39	43	67	69	
553	8	11	13	15	16	18	19	20	47	56	70	
554	17	19	20	22	48	49	52	56	57	
555	46	50	51	52	53	53	54	
556	45	48	51	81	86	89	90	93	94	
557	9	11	13	14	68	78	80	82	84	86	90	
558	12	15	15	16	17	17	18	19	26	
559	3	18	20	21	22	24	27	52	54	55	57	62	
560	45	48	50	51	52	53	53	55	56	57	58	58	60	
561	25	31	35	42	45	47	47	49	49	50	51	54	56	58	59	
562	5	24	39	42	44	45	45	46	47	47	48	49	50	56	
563	5	11	27	36	40	42	43	44	45	46	47	48	80	
564	6	11	14	21	26	42	57	80	81	82	84	
565	16	19	42	46	66	79	80	81	82	84	85	88	
566	16	17	18	20	40	46	48	79	80	81	83	84	100	
567	10	11	14	16	17	18	19	21	28	44	65	69	79	81	84	
568	7	8	12	13	14	15	17	18	19	20	21	23	26	44	70	78	
569	15	20	20	21	22	24	
570	1	23	24	
571	21	22	22	
583	52	55	59	
584	50	51	54	55	60	
585	45	49	50	62	65	73	
586	11	14	24	44	
587	3	21	23	23	25	56	57	
588	22	47	50	51	52	53	55	56	
589	46	47	48	48	49	50	54	
590	9	14	44	66	80	82	83	86	88	91	97	
591	7	10	11	12	13	14	14	17	18	80	
592	2	12	15	17	18	18	19	20	21	23	26	71	
593	22	
594	53	55	
595	34	51	53	54	55	57	59	
596	24	35	48	49	50	51	52	54	55	56	58	58	60	64	
597	23	25	42	43	44	45	47	49	50	54	56	63	71	
598	21	24	40	44	45	46	48	49	63	63	68	
599	9	12	13	16	19	21	23	26	30	44	48	58	78	80	
600	11	14	18	20	20	22	23	23	25	43	64	72	
601	5	11	20	21	22	24	26	
602	22	23	24	
603	22	
620	5	
621	52	56	57	58	
622	47	48	50	51	51	52	53	53	54	55	56	59	61	
623	43	45	46	46	47	49	49	
624	8	9	11	78	85	
625	5	6	10	11	12	13	13	14	15	15	16	18	
626	16	17	17	19	20	20	21	
627	18	21	23	
630	53	55	
631	25	65	
632	25	
633	23	23	25	
634	23	25	
655	36	53	56	58	
656	47	48	50	51	52	54	55	60	
657	43	44	46	49	91	95	98	
658	9	11	13	84	
659	7	11	12	15	15	16	17	18	19	24	69	
660	17	19	20	21	23	25	
689	52	55	56	57	61	
690	36	48	50	51	53	55	58	
691	32	42	43	45	46	47	49	50	66	
692	5	7	11	12	14	14	66	
693	11	13	15	16	18	19	20	23	
694	21	
723	55	
724	52	53	54	58	61	
725	50	74	
726	4	7	11	13	23	44	
727	21	23	25	
1171	67	
1172	88	
1175	41	
1180	95	
1184	61	
1207	9	
1226	95	
1250	64	
1280	29	
1284	5	
1287	8	
1288	15	
1289	4	
1298	74	
1302	30	
1308	58	
1309	64	
1314	18	
1321	55	
1322	4	
1334	38	
1366	2	
1368	52	82	
1370	32	39	
1373	14	
1379	30	
1383	32	
1384	100	
1396	6	
1404	43	
1405	43	46	52	
1406	46	51	58	67	71	
1407	40	44	46	51	
1410	53	
1411	25	
1413	54	
1415	41	
1429	38	
1430	37	
1434	21	75	
1436	15	
1437	16	19	41	47	
1438	11	14	16	19	40	69	
1439	17	19	21	35	37	43	47	51	56	67	69	
1440	18	21	23	25	27	42	44	46	47	49	51	54	56	59	
1441	23	23	41	44	46	48	48	51	54	56	
1442	43	46	49	
1443	55	
1445	39	
1446	46	
1447	16	43	56	60	
1448	41	49	
1449	43	48	57	58	70	
1451	46	
1452	50	
1453	46	
1454	47	
1464	36	
1466	14	
1467	36	
1468	34	
1469	20	41	
1470	9	13	16	18	42	72	
1471	11	14	17	19	21	26	
1472	6	11	14	16	17	19	20	22	24	43	65	
1473	7	13	15	18	19	20	21	23	54	57	60	
1474	20	22	23	35	51	53	54	55	56	57	58	61	65	93	
1475	22	24	39	42	45	47	48	49	50	51	54	57	58	60	
1476	25	41	44	45	46	46	47	48	49	50	61	
1477	41	44	47	49	
1478	2	26	39	63	
1479	37	60	73	
1480	17	19	62	
1481	12	16	18	20	28	39	43	43	47	49	56	59	66	69	
1482	17	20	21	24	26	40	43	45	47	50	58	59	
1483	21	23	29	35	40	45	46	47	48	56	67	68	
1484	21	39	43	43	45	47	49	53	58	61	67	
1485	22	32	34	42	46	49	57	
1486	23	40	44	46	47	48	69	
1487	46	
1488	46	49	
1492	50	
1493	72	
1496	69	
1497	28	
1499	69	
1500	83	
1501	90	
1502	19	24	
1503	9	12	14	16	68	
1504	10	12	13	15	16	17	19	20	65	
1505	13	15	18	21	22	
1506	23	24	55	91	
1507	8	83	87	88	89	90	92	93	96	
1508	12	55	57	63	85	87	88	89	89	91	94	97	
1509	16	35	50	51	52	54	55	56	57	59	87	88	89	91	92	95	97	
1510	17	36	41	47	47	49	50	52	54	55	56	58	
1511	24	31	42	43	44	45	46	48	48	49	56	74	
1512	40	44	46	49	
1513	13	14	19	39	43	46	65	
1514	6	11	15	16	18	19	20	23	27	41	44	47	64	70	
1515	17	18	18	19	20	22	24	35	45	58	62	69	
1516	19	21	21	22	24	44	45	48	51	53	55	56	58	61	71	
1517	22	25	28	44	49	50	54	56	58	61	71	
1518	21	23	23	25	29	34	43	44	45	47	50	52	54	55	56	58	60	
1519	21	24	40	43	44	45	48	49	50	52	55	56	58	61	
1520	22	24	29	36	40	43	44	46	47	48	49	50	51	60	
1521	30	41	45	47	47	49	51	54	56	58	71	
1522	43	47	49	
1523	5	44	47	
1524	67	
1533	42	
1536	8	11	13	
1537	11	12	14	16	17	18	21	58	69	87	
1538	17	17	19	20	21	47	51	70	
1539	21	23	52	88	91	95	
1540	82	85	88	89	90	93	99	
1541	16	80	81	82	84	85	90	
1542	6	10	79	80	82	83	85	91	93	
1543	7	11	13	14	16	35	52	54	55	58	80	81	82	83	84	86	88	89	
1544	16	17	18	19	48	51	52	53	55	60	63	87	89	92	
1545	25	35	38	43	45	47	48	50	53	58	76	
1546	9	23	26	40	44	46	49	59	65	68	74	
1547	12	14	18	19	21	24	44	47	48	65	67	
1548	12	13	15	20	21	22	23	24	43	65	
1549	15	21	23	24	65	
1550	23	25	43	91	92	97	
1551	88	90	92	94	96	98	
1552	55	87	88	89	90	91	92	95	97	
1553	25	33	51	53	55	56	57	62	65	88	92	93	97	
1554	16	25	50	51	53	54	55	56	57	58	61	
1555	24	41	43	45	45	47	48	48	49	50	51	52	54	57	58	60	
1556	26	42	44	45	46	47	48	50	54	
1559	10	57	70	96	
1568	10	
1570	8	9	11	12	13	14	20	57	
1571	7	12	15	16	16	18	19	20	21	24	53	55	56	58	68	
1572	18	20	22	25	44	46	47	48	49	51	53	54	
1573	81	83	85	87	89	93	102	
1574	50	79	81	83	86	96	
1575	81	88	
1576	9	15	80	86	
1577	5	7	9	10	12	14	14	17	79	81	85	93	
1578	7	12	13	14	15	16	18	19	20	55	68	81	83	84	86	99	
1579	17	18	19	20	21	63	89	
1580	23	56	63	
1581	24	52	
1582	23	25	50	52	54	97	
1583	86	87	88	89	90	91	94	96	
1584	83	85	86	88	90	91	93	94	98	
1585	78	81	82	83	86	88	89	90	92	93	97	
1586	6	10	12	14	81	82	85	86	88	89	91	96	
1587	7	12	14	15	15	16	81	82	83	85	86	87	89	90	95	
1588	16	51	52	53	55	57	58	61	86	87	89	91	94	
1589	16	17	47	49	50	50	51	52	54	54	56	60	
1590	43	44	45	46	47	48	49	49	50	52	
1591	44	48	57	
1595	73	74	74	74	
1603	10	
1604	7	9	10	11	13	13	14	15	56	57	66	
1605	15	16	17	18	18	19	21	23	34	42	47	48	51	51	52	54	55	56	59	70	
1606	18	21	43	44	46	49	50	54	
1607	42	46	50	79	86	
1608	81	87	
1609	88	
1610	8	16	18	84	
1611	4	8	10	11	12	13	14	15	16	19	24	67	
1612	7	11	12	13	14	15	15	16	17	18	18	19	20	23	81	
1613	18	20	21	22	25	
1614	52	53	54	56	57	58	62	
1615	40	48	49	50	51	54	56	59	
1616	42	43	45	46	48	49	50	52	
1617	46	79	80	81	83	85	93	101	
1618	79	81	82	84	86	90	97	
1619	46	79	80	84	87	90	
1620	46	80	81	83	86	
1621	8	9	10	11	14	16	17	79	79	80	84	90	
1622	7	11	12	14	15	16	17	19	20	22	52	56	57	62	81	81	83	84	98	
1623	18	20	21	50	51	52	52	53	54	55	58	62	
1624	45	47	48	49	51	54	87	92	96	
1633	72	
1636	10	
1637	10	14	18	
1638	5	8	9	10	11	12	13	14	15	20	53	56	57	61	
1639	13	16	16	17	18	19	20	23	35	50	50	51	52	54	54	56	58	60	
1640	17	21	23	41	43	44	45	46	47	48	49	49	50	52	53	60	
1641	39	43	46	53	
1642	47	49	
1644	9	12	14	18	
1645	5	6	9	10	11	13	14	15	16	17	19	20	
1646	13	15	15	18	20	21	23	23	
1647	22	83	88	90	91	92	94	97	
1648	53	55	57	58	59	86	87	87	90	91	92	93	95	97	
1649	16	35	49	50	51	52	53	54	55	56	57	61	88	92	
1650	36	42	44	45	46	47	48	48	49	50	51	52	55	57	59	66	
1651	31	41	43	46	47	49	79	
1652	38	41	43	45	47	48	60	
1653	47	48	
1654	10	13	16	18	20	40	46	69	84	
1655	7	8	10	12	14	17	19	20	27	68	69	
1656	13	14	15	17	18	19	20	21	22	25	52	52	57	61	
1657	14	21	23	49	50	51	52	53	55	60	87	96	
1658	51	81	82	83	85	86	88	90	92	94	97	
1659	83	87	95	
1663	100	
1666	85	
1670	15	
1671	14	
1672	3	5	6	8	8	9	10	11	12	13	14	17	21	24	56	58	
1673	12	13	15	16	17	18	19	21	24	50	51	52	53	54	55	56	57	60	82	
1674	21	45	47	49	50	51	52	55	93	
1675	44	47	48	50	
1677	10	14	
1678	6	9	10	12	13	15	16	19	21	57	
1679	7	12	14	15	17	19	20	24	48	51	69	
1680	21	22	46	49	55	91	95	
1681	80	81	82	84	85	86	89	90	92	93	97	
1682	8	9	10	12	13	14	55	80	81	82	83	84	85	86	88	89	91	94	96	99	
1683	13	17	18	51	53	54	55	58	59	81	82	83	86	87	89	89	90	92	93	95	99	
1684	16	19	51	52	54	55	56	59	62	91	93	97	
1685	29	35	45	45	49	50	51	54	55	56	58	62	
1686	24	41	44	45	46	48	48	49	51	54	60	
1687	25	43	43	45	66	72	
1688	7	9	12	14	20	22	24	48	64	
1689	12	15	21	22	23	57	
1690	21	22	23	52	55	57	88	92	97	
1691	52	53	82	83	86	87	88	89	90	91	93	95	98	
1692	79	81	83	84	86	88	90	97	
1694	82	
1697	54	
1703	26	
1705	9	
1706	6	9	11	13	13	14	18	
1707	8	12	15	22	51	52	54	55	58	80	82	84	86	88	90	92	93	97	
1708	50	51	53	53	55	86	87	90	91	93	95	97	
1709	92	
1711	9	13	14	
1712	7	11	12	14	15	16	17	18	18	19	22	53	57	59	69	
1713	17	19	20	21	23	24	46	47	50	51	54	
1714	46	49	53	82	85	86	88	90	92	94	98	
1715	5	78	80	82	84	87	88	94	
1716	5	10	14	79	80	82	83	85	88	99	
1717	7	8	10	12	14	15	80	80	81	82	84	85	88	89	91	96	98	
1718	14	15	19	55	80	81	82	83	83	84	85	86	88	88	90	91	93	95	99	
1719	16	54	63	86	87	88	90	91	92	93	96	
1720	54	87	92	
1721	25	92	
1722	25	91	93	
1723	24	53	54	87	90	91	93	96	
1724	62	81	82	85	87	89	90	93	93	96	
1725	79	80	81	82	84	86	88	90	92	93	
1726	79	82	86	89	
1728	16	16	17	
1739	18	
1740	8	12	14	88	
1741	3	81	83	84	87	90	98	
1742	41	42	43	54	81	82	83	83	84	86	87	88	91	95	
1743	78	81	82	85	88	88	91	95	99	
1744	9	
1745	6	8	10	11	13	14	15	17	24	56	57	68	
1746	12	13	16	16	17	18	19	21	25	26	26	51	51	52	54	55	56	59	
1747	23	44	47	48	49	51	55	
1748	80	82	84	87	88	
1749	78	86	
1750	80	93	
1751	4	8	79	81	84	90	
1752	9	12	14	22	79	80	81	82	84	91	102	
1753	9	11	81	82	83	84	84	86	87	89	99	
1754	82	85	86	87	89	89	91	94	98	101	
1755	83	85	86	87	88	89	91	93	96	
1756	83	86	87	89	90	92	95	99	
1757	78	80	81	83	84	86	87	88	90	94	
1758	79	80	81	83	85	88	91	
1759	78	80	
1760	83	
1762	96	
1765	58	
1773	10	
1775	4	80	87	
1776	79	81	85	
1777	80	85	
1778	10	13	
1779	7	10	11	12	13	14	15	17	19	52	56	62	
1780	16	17	19	20	23	47	48	50	51	52	53	54	56	58	70	
1781	22	45	47	49	51	53	63	87	90	93	94	
1782	80	87	90	95	99	
1783	86	99	
1784	10	23	
1786	88	99	
1787	11	79	81	85	91	100	
1788	80	82	83	85	87	88	92	
1789	80	80	81	84	85	88	93	101	
1790	79	80	81	84	87	
1791	79	81	87	95	
1792	81	83	93	
1793	88	
1800	84	
1810	93	
1811	14	
1812	10	14	19	23	
1813	5	6	8	11	12	14	15	17	18	52	56	
1814	17	20	21	47	51	52	53	58	58	
1815	49	55	81	83	85	87	89	100	
1816	82	
1819	8	
1821	98	
1822	84	100	
1823	79	84	88	
1824	79	85	95	
1827	96	
1839	14	
1844	100	
1845	8	
1846	8	10	15	20	
1847	6	11	13	21	52	56	58	
1848	23	50	52	54	90	91	93	96	
1849	82	86	91	94	
1850	92	
1851	14	
1852	54	
1853	98	
1855	87	
1859	57	
1860	81	
1878	23	
1879	13	
1880	3	8	
1881	8	13	53	82	
1882	82	84	86	88	88	90	96	
1883	61	79	86	89	
1886	95	
1890	90	
1903	67	
1907	79	
1911	99	
1915	4	83	
1916	80	82	84	93	
1917	83	94	
1929	9	
1932	56	
1974	59	
1976	59	67	
1977	104	
1984	93	
1997	67	
2000	93	
2012	59	
2013	9	94	
2015	15	
2021	69	
2028	39	
2043	55	
2052	74	
2065	83	
2103	63	
2111	10	
2142	96	
2156	37	
2170	91	
2174	100	
2179	28	
2182	18	
2183	23	
2184	4	11	
2187	9	
2190	3	
2205	13	25	
2259	99	
