84	82	
118	87	
147	26	
186	83	84	84	86	
192	92	
193	93	
194	93	
217	14	15	
222	93	
223	91	93	95	
224	83	88	90	91	94	96	
225	87	90	91	93	97	
226	88	89	91	95	
227	83	85	87	89	90	96	
228	86	87	89	91	92	95	97	
229	87	89	91	97	
230	93	
252	91	93	
253	92	97	
254	92	94	
255	87	88	90	91	93	94	97	
256	85	86	87	89	90	92	95	
257	38	82	83	85	87	88	88	90	91	95	100	
258	16	80	81	83	84	85	89	
259	18	34	38	45	47	56	81	82	83	85	89	
260	26	42	44	47	48	49	80	81	83	85	
261	42	44	46	73	80	81	84	
262	6	9	46	81	82	84	85	86	89	96	
263	10	12	14	80	82	83	84	86	87	88	88	90	92	93	97	
264	13	15	16	17	83	86	89	91	
265	18	
284	88	91	93	97	
285	87	90	91	93	96	
286	85	87	88	88	90	91	95	
287	82	86	89	90	94	
288	82	84	86	87	89	90	91	94	95	98	99	
289	81	82	84	85	86	87	89	91	93	94	97	
290	81	82	83	84	86	87	88	89	91	93	97	
291	8	10	11	14	16	17	79	80	81	82	84	86	89	101	
292	6	12	15	16	17	18	18	19	20	26	79	
293	20	21	23	52	55	57	60	
294	21	50	51	52	54	55	56	57	58	59	62	
295	23	43	45	45	47	48	48	49	50	
296	43	44	46	46	49	72	79	83	
297	5	8	9	11	12	13	14	15	79	80	81	84	87	
298	8	11	12	14	16	19	80	82	85	87	89	91	95	100	
299	16	17	18	19	
300	18	
316	52	88	92	
317	87	88	90	91	92	94	96	
318	81	82	84	86	87	88	89	90	91	92	94	97	
319	41	81	82	83	85	86	89	90	100	
320	16	19	42	46	48	52	56	81	82	83	84	86	99	
321	26	41	46	48	51	68	80	81	83	85	88	99	
322	47	80	81	83	83	85	86	88	89	93	
323	79	80	81	82	83	84	86	88	90	
324	6	10	11	12	14	16	79	81	82	84	84	86	90	
325	8	11	12	13	14	15	15	16	17	18	18	19	80	
326	15	16	17	18	19	20	21	23	24	27	
327	22	
328	52	53	54	55	56	58	58	
329	33	47	48	49	50	50	51	52	54	55	56	57	59	
330	42	45	46	47	47	48	49	
331	5	8	9	13	44	46	
332	7	11	12	12	13	14	15	16	18	81	83	83	86	89	95	
333	16	16	17	17	18	20	21	
348	57	
349	87	88	91	92	94	97	
350	55	82	85	87	88	89	91	92	94	96	99	
351	54	81	82	83	84	85	86	87	89	90	91	94	98	
352	9	80	81	83	83	84	86	89	
353	6	12	15	16	17	17	18	19	20	57	58	68	80	82	84	
354	18	20	21	47	49	51	52	53	53	54	56	58	61	79	
355	22	45	46	47	48	49	50	51	55	
356	44	47	48	50	80	92	
357	8	11	79	81	84	90	
358	6	8	9	10	11	12	13	14	15	16	80	
359	7	11	12	13	14	15	16	17	18	19	19	20	22	24	70	
360	2	15	17	18	20	21	22	
362	53	55	57	58	
363	48	50	51	51	52	54	55	56	57	60	
364	44	45	46	47	48	49	49	50	51	53	
365	4	8	10	44	
366	5	6	7	9	10	11	12	13	13	14	15	15	81	
367	16	16	17	17	18	19	20	21	21	23	24	103	
380	58	
381	48	49	51	53	56	
382	46	51	87	89	90	92	93	97	
383	52	54	81	82	84	85	86	88	89	90	91	94	96	
384	80	82	83	83	84	85	86	87	89	90	92	93	96	101	
385	9	12	16	79	80	81	82	84	85	
386	7	10	11	12	13	13	14	15	16	17	17	18	19	19	20	70	78	80	
387	18	19	20	21	24	25	27	55	57	59	
388	22	25	47	48	50	51	52	53	53	54	55	56	58	60	
389	47	49	50	54	59	92	
390	49	87	88	92	
391	8	87	
392	4	6	9	10	11	12	13	14	15	16	18	
393	8	11	12	13	14	15	15	16	16	17	17	18	19	19	20	21	24	28	
394	17	20	21	22	
396	55	56	58	
397	47	51	51	52	53	53	54	55	56	59	61	
398	42	44	45	46	47	48	48	49	49	50	51	53	
399	4	9	10	44	45	49	66	
400	4	6	8	8	10	11	11	12	13	13	14	15	15	16	18	
401	16	16	17	18	19	20	20	21	22	24	103	
402	23	
413	56	57	
414	51	52	53	55	56	
415	46	47	49	50	51	53	58	93	
416	49	51	82	84	86	89	91	95	
417	79	81	82	83	85	86	89	90	95	
418	7	8	9	11	13	78	79	80	82	84	86	88	
419	7	10	11	12	14	14	15	16	19	79	
420	15	16	17	17	18	19	20	21	22	24	57	
421	21	22	23	24	47	51	51	52	55	56	59	
422	47	48	48	49	50	51	53	53	54	92	97	
423	45	46	49	50	83	88	90	91	95	
424	39	82	87	89	
425	7	8	9	11	15	
426	4	7	8	10	11	11	12	13	14	14	15	16	16	
427	5	12	13	15	16	17	17	18	18	19	20	21	22	24	70	
428	22	23	
430	56	57	
431	48	50	51	52	53	54	55	55	56	59	
432	45	46	47	48	49	49	50	53	
433	9	11	14	44	45	66	
434	4	8	11	12	13	13	14	15	16	19	
435	17	18	19	20	21	21	22	25	
436	23	
447	56	57	
448	47	51	51	52	53	54	54	55	56	57	59	61	
449	43	46	46	48	48	49	50	51	51	53	54	55	87	90	
450	45	47	50	80	83	85	88	88	91	94	
451	10	18	67	69	79	81	83	
452	9	10	12	13	15	16	17	18	19	20	38	43	71	
453	7	8	11	12	12	13	14	15	15	16	19	20	21	22	24	27	70	
454	18	20	21	22	25	52	56	
455	22	46	48	50	51	52	53	53	54	55	56	57	58	
456	45	46	47	49	49	50	52	54	88	92	
457	49	82	85	88	90	94	
458	80	85	102	
459	8	10	11	13	15	
460	5	7	10	11	12	12	14	15	16	16	18	18	20	
461	15	16	17	17	18	19	20	21	23	23	25	
462	18	22	
464	57	
465	35	48	51	52	53	53	54	55	59	
466	49	87	91	93	97	
467	6	9	11	14	44	
468	5	7	10	12	13	15	15	16	17	18	19	23	24	27	
469	20	21	22	25	
481	55	56	60	
482	46	47	50	51	51	52	55	56	58	
483	47	48	49	50	53	82	87	89	91	93	97	
484	8	10	83	85	87	90	92	95	
485	6	10	11	12	14	15	16	
486	13	15	16	17	17	18	19	20	21	22	24	26	65	
487	13	15	18	21	22	23	24	26	
488	21	22	23	24	52	53	54	55	56	57	58	
489	46	47	50	51	51	52	53	54	55	56	62	
490	43	45	46	48	48	49	50	52	54	82	86	91	98	
491	45	47	83	84	
493	4	7	9	10	12	13	14	15	17	18	
494	5	7	8	11	12	13	14	14	15	16	16	17	19	19	23	70	
495	16	17	18	19	19	20	21	22	23	25	
496	22	
497	57	
498	51	55	60	
499	49	50	53	91	
500	9	81	84	87	90	
501	10	12	13	15	16	17	19	42	42	43	
502	18	19	21	24	
503	22	
514	56	58	
515	36	51	51	52	54	55	56	57	
516	46	46	47	49	50	50	51	53	53	54	
517	45	47	48	50	80	82	84	87	88	90	93	
518	8	10	11	14	16	82	84	86	91	
519	7	10	11	12	12	13	13	14	14	15	16	17	18	19	23	
520	15	16	17	17	18	18	19	20	21	21	23	
521	22	
522	48	51	52	53	53	55	57	58	59	61	
523	46	47	47	48	49	50	50	51	52	54	55	
524	43	45	46	49	50	89	99	
525	47	48	63	89	98	
526	18	
527	6	8	10	11	13	14	16	18	67	
528	1	7	10	11	12	13	13	14	15	16	16	17	17	19	19	20	
529	17	17	18	19	20	20	22	23	24	28	
530	22	
531	52	56	
532	52	53	55	60	
533	45	49	53	87	90	95	
534	11	12	14	82	83	86	90	94	99	
535	5	12	13	15	16	17	18	19	
536	18	21	23	
548	56	57	59	60	
549	47	50	51	52	53	54	54	55	56	57	58	60	
550	45	46	47	48	48	49	49	50	51	54	
551	43	45	83	85	90	94	
552	4	6	8	9	10	12	13	14	82	86	89	
553	3	7	11	12	14	15	16	17	18	19	
554	16	17	17	19	20	20	21	23	25	
555	57	
556	51	52	54	54	55	56	58	59	61	
557	45	46	47	47	49	49	50	51	52	53	53	54	55	61	
558	43	44	45	46	47	48	49	51	59	91	
559	91	
560	9	11	14	68	
561	7	9	10	11	12	12	13	13	14	15	15	16	17	18	
562	5	7	15	16	16	17	18	19	20	21	21	23	24	28	
563	20	21	22	23	23	
564	56	
565	51	52	54	56	61	
566	48	51	54	92	
567	8	10	29	44	68	82	85	87	89	93	
568	6	11	11	13	14	15	17	19	84	
569	15	17	18	18	19	20	21	25	
570	22	
582	57	58	
583	34	48	50	51	52	52	53	53	54	55	55	56	57	59	61	
584	36	42	44	45	46	46	47	47	48	48	49	49	50	51	51	54	59	
585	44	45	46	48	49	
586	3	7	9	10	11	12	13	14	15	
587	4	6	8	10	11	12	13	14	14	15	16	17	18	20	23	
588	13	15	16	17	18	18	19	21	22	24	
589	56	57	
590	50	51	52	53	54	55	55	56	58	59	
591	47	48	49	50	50	51	52	54	55	57	
592	39	44	46	49	50	89	94	
593	9	48	
594	5	9	10	12	13	14	16	23	
595	5	6	8	10	11	12	12	14	15	15	16	17	17	18	19	20	23	
596	16	17	18	20	20	21	22	24	
597	22	
598	53	57	91	
599	51	54	86	87	89	91	93	97	
600	82	86	88	88	90	98	
601	10	14	16	18	18	44	79	86	
602	8	11	13	15	17	19	20	27	72	
603	20	21	22	25	
616	53	55	56	57	
617	35	37	51	52	53	54	55	55	56	56	58	59	
618	43	45	47	48	49	49	50	50	51	51	52	53	54	55	56	59	
619	30	40	42	44	45	45	46	47	48	48	49	50	68	
620	5	9	11	13	29	43	46	
621	6	8	10	11	12	12	13	14	15	20	72	82	85	
622	8	15	17	20	22	80	82	86	87	88	90	92	96	
623	18	86	87	90	92	97	
624	51	52	52	53	53	54	55	56	58	60	92	
625	38	43	48	49	49	50	51	52	54	54	56	59	87	91	98	
626	38	43	44	46	47	49	50	66	90	93	
627	9	11	13	16	42	45	47	65	67	72	
628	5	7	10	11	12	13	14	15	16	17	19	20	67	70	
629	8	12	15	16	17	18	18	19	20	20	22	24	25	27	
630	18	20	22	23	25	56	
631	43	48	50	
632	40	47	50	90	
633	81	82	84	86	88	93	
634	10	12	13	15	17	19	80	82	84	
635	18	20	
636	21	23	24	
651	52	54	55	57	60	
652	50	50	51	53	54	54	55	56	57	59	61	
653	31	33	34	44	45	47	49	50	51	52	54	58	60	
654	23	41	42	43	44	45	46	47	48	48	49	50	67	
655	3	4	9	11	15	24	26	38	38	42	44	46	70	
656	6	10	13	13	15	21	46	80	81	83	85	86	89	
657	6	18	20	81	82	85	86	88	89	94	
658	17	19	52	54	55	56	60	85	87	88	90	99	
659	41	45	46	48	48	50	54	56	60	66	82	85	88	
660	17	19	42	44	46	51	61	67	70	
661	13	14	17	19	20	25	26	45	48	
662	5	8	10	12	13	15	19	21	22	23	23	24	43	
663	18	19	20	21	22	24	
664	22	23	52	54	56	58	
665	50	52	53	59	
666	43	45	49	
667	12	15	44	65	71	79	
668	13	15	20	22	24	26	
669	22	25	
686	54	55	
687	51	54	54	55	57	60	
688	32	50	51	53	53	55	57	58	
689	4	23	31	45	47	48	49	50	63	
690	21	23	42	43	44	47	49	59	79	
691	7	19	22	26	39	44	46	67	68	80	84	
692	12	14	19	21	44	46	79	81	83	
693	14	18	20	27	
694	15	20	21	24	
695	21	23	24	65	
696	3	23	23	25	
697	25	
701	25	
702	23	
722	55	
723	51	53	55	65	
724	53	55	60	64	
725	23	24	
726	22	25	
727	23	24	
728	24	
1157	43	
1168	80	
1184	4	
1197	24	
1206	76	
1209	103	
1210	27	
1211	28	
1222	99	
1231	39	84	
1233	15	
1273	25	
1280	11	
1282	10	
1287	7	
1290	70	
1301	39	
1305	41	
1307	79	
1308	81	82	82	82	89	
1313	47	
1317	46	
1319	76	
1337	25	40	
1338	19	
1341	66	
1342	59	
1343	26	
1344	43	
1345	27	41	48	
1346	22	46	
1347	24	39	
1348	48	
1349	43	44	47	
1350	47	
1351	71	
1352	29	
1354	73	
1362	16	
1367	38	
1370	86	
1371	40	
1373	88	
1377	16	37	46	
1378	17	
1379	18	18	21	44	51	57	59	65	66	
1380	19	20	43	48	56	
1381	20	22	27	44	49	53	57	59	65	69	
1382	19	21	25	28	38	43	43	45	48	52	54	70	
1383	21	43	45	47	49	57	58	64	67	73	
1384	20	23	24	27	39	43	44	46	48	49	54	
1385	26	41	45	46	50	58	69	
1396	7	
1397	17	83	
1399	43	
1401	41	
1407	43	
1408	16	29	37	47	62	66	
1409	17	20	44	59	66	
1410	20	36	41	45	46	59	
1411	12	17	18	20	24	26	42	47	66	68	
1412	12	14	17	19	21	26	42	45	46	47	65	
1413	15	19	21	23	24	45	46	52	60	68	
1414	22	24	
1415	54	92	
1416	24	88	98	
1417	16	24	55	56	57	60	88	
1418	16	22	23	23	37	42	50	51	55	56	57	60	
1419	22	27	43	44	45	46	46	47	48	49	50	54	
1420	45	46	47	48	49	53	58	
1421	50	
1426	7	
1427	7	
1432	16	
1438	46	
1439	48	
1440	16	18	19	21	41	44	47	
1441	17	19	20	45	46	
1442	17	18	20	21	32	43	44	48	48	59	70	
1443	20	22	24	39	45	60	69	
1444	12	13	15	17	18	20	21	25	41	44	66	
1445	14	15	19	20	22	24	43	45	48	56	58	
1446	21	22	23	47	48	50	51	53	53	69	
1447	22	24	49	51	
1448	49	87	90	98	
1449	85	87	89	96	102	
1450	10	82	85	88	90	94	
1451	7	9	10	11	14	16	58	82	87	92	93	
1452	15	17	19	54	56	60	87	91	
1453	17	17	22	42	47	47	50	51	52	54	55	59	87	
1454	44	46	47	48	49	55	
1455	44	46	49	54	
1469	1	
1470	41	
1472	10	13	17	19	40	66	
1473	14	16	17	18	20	40	
1474	12	17	18	19	21	25	45	56	64	68	
1475	20	22	23	50	55	63	
1476	22	23	25	92	
1477	13	15	16	23	
1478	12	15	16	17	20	24	57	
1479	18	20	21	23	23	25	26	52	53	56	57	58	
1480	22	24	43	46	47	48	49	50	51	52	54	55	56	58	61	
1481	45	46	48	50	53	87	89	94	
1482	49	80	85	91	96	
1483	81	83	86	94	
1484	15	17	81	85	
1485	7	10	13	18	79	86	92	
1486	6	8	11	12	13	14	15	16	19	52	53	54	55	56	57	62	80	82	84	88	90	96	98	
1487	16	16	17	19	20	50	51	52	54	55	56	58	
1488	42	45	46	47	48	48	49	50	51	53	59	
1489	46	54	
1491	73	
1496	75	
1503	17	
1504	17	18	67	
1505	12	15	17	19	21	41	43	
1506	10	13	14	17	18	18	20	22	26	45	47	69	
1507	13	14	17	19	20	22	24	44	
1508	21	22	23	25	50	52	93	
1509	22	25	87	90	92	96	
1510	13	86	90	92	
1511	7	8	10	11	14	16	19	
1512	13	15	16	17	18	19	21	57	58	
1513	21	23	48	51	52	55	56	57	60	
1514	46	47	49	50	51	52	53	53	55	57	60	
1515	44	47	48	51	88	96	
1516	83	92	
1517	83	
1519	10	14	18	83	
1520	8	9	11	12	13	14	14	16	18	55	56	57	58	81	86	
1521	13	16	17	19	20	22	24	47	51	51	52	54	54	55	56	57	60	85	
1522	22	44	45	46	47	48	49	49	50	53	
1523	43	47	48	
1533	1	
1536	14	19	
1537	9	13	
1538	11	13	15	16	18	19	21	
1539	11	13	15	16	17	18	18	19	20	23	23	25	45	65	68	
1540	15	17	21	22	23	44	53	57	
1541	21	22	24	25	46	50	51	53	54	55	74	
1542	49	51	83	87	90	91	94	97	
1543	80	81	83	84	85	87	88	90	
1544	8	11	14	19	80	81	83	86	89	101	
1545	4	6	9	10	12	13	15	16	17	18	19	
1546	13	15	16	17	17	18	19	20	22	24	57	58	
1547	22	34	48	52	53	54	55	57	58	61	
1548	44	45	46	47	48	49	50	51	52	54	55	57	61	
1549	45	47	49	51	54	85	91	93	
1550	93	
1553	10	13	
1554	7	9	11	12	13	14	15	16	18	20	23	57	
1555	15	17	19	20	22	48	51	51	52	53	54	55	58	60	82	
1556	21	23	23	46	47	49	50	52	53	54	58	93	98	
1557	49	
1558	31	
1559	58	
1562	9	
1569	16	18	
1570	9	
1571	9	11	12	13	14	17	21	24	
1572	11	12	14	14	15	16	16	17	19	20	24	
1573	13	15	17	18	19	20	21	22	25	27	53	56	57	60	
1574	22	23	23	25	43	48	50	50	51	52	54	56	
1575	44	49	50	52	55	
1576	48	77	80	81	83	84	86	89	94	
1577	10	14	79	81	87	
1578	6	9	11	12	14	15	17	18	21	
1579	7	11	12	13	14	15	16	17	17	19	19	20	21	24	27	
1580	18	19	20	21	22	23	25	27	56	57	
1581	35	36	47	48	50	51	52	52	54	55	56	59	
1582	11	44	46	48	49	50	51	53	54	59	
1583	17	47	87	88	91	95	
1584	55	90	
1587	10	
1588	5	7	9	10	11	12	14	15	17	17	24	26	52	
1589	13	16	16	18	19	21	50	51	51	53	53	54	55	58	
1590	48	50	52	64	88	90	92	96	
1595	93	
1601	65	
1603	2	
1604	9	20	
1605	5	7	8	10	11	12	14	14	15	16	18	20	48	73	
1606	12	13	14	15	16	16	17	18	19	21	24	
1607	21	21	23	24	51	52	53	54	55	56	57	60	
1608	50	50	51	52	54	59	87	88	90	90	91	93	94	97	
1609	51	88	89	90	91	93	96	
1610	63	79	85	92	
1611	8	8	10	14	15	18	
1612	6	8	10	11	12	13	14	15	16	17	19	20	23	
1613	11	12	15	16	17	18	19	19	20	22	23	25	26	
1614	18	22	53	55	56	56	57	60	
1615	48	50	50	51	52	54	55	56	58	61	
1616	42	43	44	45	46	47	48	49	50	51	54	94	
1617	16	46	54	84	90	
1618	37	
1620	19	
1621	11	15	
1622	4	8	11	12	14	15	16	17	20	23	26	53	56	
1623	21	48	50	51	55	95	
1624	52	54	58	81	83	85	87	89	91	95	
1625	85	90	95	
1633	32	50	
1637	10	
1638	10	12	13	15	21	
1639	4	6	10	11	12	14	15	16	17	19	20	23	26	56	
1640	13	16	17	18	18	19	20	22	23	27	47	48	52	58	
1641	22	47	49	53	56	92	95	
1642	52	54	81	82	84	85	86	88	88	90	91	95	
1643	78	81	82	83	84	85	86	87	89	90	92	93	
1644	9	86	88	
1645	9	10	12	14	15	
1646	7	10	11	12	14	14	15	16	17	18	18	19	20	21	
1647	2	13	17	18	18	18	19	20	21	23	23	
1648	22	52	53	56	57	59	
1649	47	48	49	50	50	51	51	52	54	54	59	
1650	44	45	46	48	48	49	50	51	55	57	59	91	93	
1651	87	89	
1652	93	
1653	25	70	
1654	14	
1655	8	11	15	16	17	19	23	57	
1656	5	17	19	21	23	46	48	52	56	
1657	48	50	86	90	93	
1658	80	82	83	85	89	93	102	
1659	81	92	
1667	51	
1671	12	
1672	4	7	9	10	11	13	14	15	16	19	25	26	
1673	8	11	12	13	14	15	15	16	17	17	19	20	20	22	24	52	53	56	57	59	
1674	18	21	22	23	23	47	48	50	50	51	52	53	53	54	
1675	44	45	47	49	51	82	90	
1676	45	46	79	80	82	83	85	89	93	
1677	79	81	84	91	100	
1678	10	85	
1679	7	8	10	12	13	14	15	16	18	25	
1680	5	10	11	12	13	14	15	16	18	19	20	23	
1681	16	17	18	19	20	21	23	25	57	
1682	51	52	53	55	55	56	57	61	
1683	35	47	49	50	51	51	52	53	54	55	57	60	
1684	48	49	51	53	86	86	88	88	90	91	92	93	95	99	
1685	48	87	
1687	14	19	
1688	6	10	14	56	
1689	7	12	16	17	19	20	57	61	69	
1690	20	21	22	23	50	51	
1691	48	52	83	88	89	93	94	
1692	83	84	88	96	
1694	88	
1703	11	26	
1705	9	13	63	
1706	7	9	10	11	12	13	14	15	17	19	21	57	
1707	13	15	15	16	16	17	18	18	19	20	22	23	52	53	54	55	56	57	58	59	
1708	18	20	21	22	25	43	46	47	49	50	50	51	52	53	54	
1709	44	45	46	47	48	49	61	87	89	95	
1710	50	90	
1711	79	
1712	10	14	84	
1713	7	9	10	12	14	14	
1714	8	12	13	13	14	15	16	16	17	19	20	22	
1715	17	18	19	20	21	22	24	56	57	
1716	47	51	52	52	54	55	57	59	
1717	33	45	47	48	49	50	51	53	55	87	91	94	96	
1718	35	50	80	81	82	83	84	85	87	89	91	96	99	
1719	87	91	93	
1721	14	17	
1722	8	10	11	14	15	17	18	20	25	
1723	8	15	21	23	27	51	52	55	58	
1724	22	49	50	54	91	96	
1725	87	91	
1726	48	
1728	85	
1729	80	
1736	76	
1739	9	12	13	57	
1740	5	7	9	10	11	12	14	14	15	16	58	
1741	2	8	13	16	17	18	18	19	21	25	52	53	54	55	56	57	57	60	
1742	17	18	22	23	47	48	49	50	51	51	53	53	54	55	56	57	59	62	
1743	33	42	43	45	46	47	49	51	
1744	45	50	83	
1746	8	14	
1747	4	6	10	11	12	13	14	15	16	18	20	
1748	5	8	11	12	12	14	14	15	16	17	19	19	20	23	23	57	
1749	18	20	21	22	52	53	55	57	60	
1750	47	50	51	52	54	55	59	
1751	49	50	53	55	83	86	87	89	90	92	93	96	
1752	49	79	83	83	87	91	95	
1753	86	
1754	16	19	
1755	3	9	13	14	17	21	27	69	
1756	15	20	22	23	56	
1757	53	53	55	93	97	
1758	85	86	89	91	93	
1759	83	85	
1766	70	
1773	11	14	
1774	5	6	8	9	11	12	14	15	18	18	
1775	7	12	14	15	16	20	25	53	55	56	57	81	82	85	87	89	91	93	97	
1776	16	18	20	22	50	51	51	52	54	54	55	56	57	58	88	90	91	93	94	97	
1777	32	42	45	47	49	50	52	53	55	57	59	
1778	33	39	43	44	45	46	47	48	50	66	
1779	31	43	45	46	
1780	10	22	46	48	52	70	
1781	8	9	10	11	13	13	14	15	17	20	23	
1782	7	12	15	17	18	19	19	21	23	57	
1783	22	35	51	52	53	55	57	87	88	91	92	95	
1784	50	52	54	86	87	88	89	90	91	93	94	95	
1785	49	55	79	81	84	86	89	90	93	97	
1786	82	
1787	10	13	13	16	
1788	12	18	20	23	57	
1789	21	52	57	
1790	53	92	
1791	82	86	89	91	
1792	81	83	85	87	89	93	99	
1795	90	
1798	3	
1799	2	2	
1804	80	
1808	8	11	14	
1809	8	9	11	12	14	17	22	80	82	84	87	89	92	95	
1810	7	15	55	81	81	82	83	85	86	87	89	90	91	95	
1811	17	52	54	55	86	87	89	90	91	92	94	96	
1812	45	52	53	55	58	61	74	92	
1813	45	48	
1814	10	23	23	65	
1815	5	6	10	12	15	24	
1816	22	88	91	96	
1817	52	55	81	82	83	84	85	86	87	89	90	91	94	98	
1818	54	80	82	83	83	84	85	86	87	88	89	90	95	99	
1819	80	83	83	84	87	88	88	92	
1820	89	94	
1821	7	10	12	
1823	87	90	93	
1824	83	85	87	90	98	
1825	82	84	90	100	
1826	80	84	
1827	84	
1843	5	12	81	86	
1844	11	14	80	81	83	83	85	90	94	100	
1845	8	11	13	18	80	81	81	82	84	84	85	86	88	90	96	98	
1846	82	85	86	88	89	91	93	95	
1847	87	91	93	96	
1848	91	93	97	
1849	92	95	
1850	81	83	84	86	90	93	100	
1851	79	80	81	83	84	87	88	92	95	101	
1852	78	80	81	83	84	85	90	93	
1853	81	101	
1855	89	
1856	82	
1857	80	83	84	87	88	94	98	
1858	47	81	87	
1862	101	
1875	14	
1878	11	19	89	
1879	12	79	80	82	84	88	
1880	80	82	84	85	89	100	
1881	81	86	89	92	95	
1882	81	85	87	89	92	
1883	82	87	88	92	
1884	79	81	85	88	
1885	80	86	
1886	81	88	
1887	91	94	
1891	80	
1896	87	
1912	88	
1913	94	
1914	82	86	90	
1915	79	81	84	89	
1916	81	84	101	
1922	71	93	
1926	104	
1927	81	
1946	89	
1967	47	
1983	71	
1984	12	
1988	98	
2013	79	
2019	99	
2022	90	
2031	53	
2035	56	
2043	96	
2056	90	
2084	93	
2088	33	
2093	1	
2099	63	
2112	31	
2143	41	
2169	98	
2177	96	
2223	96	
2251	2	
2257	11	
