15	67	
47	4	
80	49	50	
181	92	
182	93	
191	88	91	
192	87	92	97	
193	91	93	
212	92	
213	87	88	91	93	95	
214	87	88	90	91	92	94	97	
215	14	86	87	89	90	91	93	94	97	
216	16	82	86	88	90	91	92	96	
217	88	90	92	95	
218	13	92	
220	102	
224	91	92	96	
225	8	83	86	88	89	90	91	93	93	96	99	
226	11	14	81	82	86	87	88	89	90	91	93	93	97	
227	82	83	84	86	87	87	88	89	90	91	92	96	99	
228	83	85	86	87	88	90	91	92	93	95	98	
229	83	86	87	89	90	92	94	97	
230	17	87	92	
243	56	
244	53	
245	46	48	51	
246	83	85	87	88	89	91	93	95	99	
247	81	82	83	84	85	86	87	89	90	91	94	97	99	
248	81	82	83	83	84	86	87	89	90	91	92	93	95	
249	10	80	81	82	83	84	85	87	88	88	89	91	95	
250	6	10	12	79	80	81	82	83	84	86	87	88	88	89	91	93	93	96	100	
251	9	13	16	81	82	84	86	87	89	90	91	93	93	95	98	100	
252	13	17	81	82	85	86	88	88	90	91	96	
253	16	17	
256	51	58	
257	50	51	53	56	91	93	95	
258	50	53	82	84	85	86	87	89	90	91	93	95	
259	80	81	82	83	84	85	86	88	89	90	92	96	
260	8	10	79	80	81	82	83	84	85	87	89	90	92	97	
261	12	80	81	82	83	84	85	86	87	88	90	95	99	
262	6	11	81	82	83	84	85	86	88	88	89	91	94	
263	7	8	11	13	14	81	82	83	84	85	86	87	89	90	92	93	97	101	
264	11	12	15	16	17	19	81	82	84	86	88	88	90	91	95	98	
265	16	17	19	21	
277	56	57	
278	47	50	51	52	54	55	56	
279	45	46	47	48	48	49	50	51	54	56	88	89	94	
280	80	81	83	84	86	88	88	90	96	100	
281	79	80	81	82	84	85	87	88	91	95	
282	36	41	79	80	81	82	84	85	86	88	98	
283	4	46	78	79	80	81	83	84	99	
284	8	9	13	14	21	79	80	81	82	83	84	89	100	
285	4	6	9	11	14	79	81	82	84	85	86	88	88	90	97	
286	7	8	10	12	13	14	15	16	17	80	82	83	84	85	87	89	90	93	94	
287	13	17	18	19	86	88	90	91	96	
288	17	
289	53	58	
290	49	51	52	55	56	87	91	
291	50	52	53	81	82	83	85	87	88	88	89	91	92	95	102	
292	54	80	81	82	83	84	85	86	88	88	89	91	95	100	
293	36	47	79	80	81	84	85	90	
294	17	43	46	70	79	80	81	83	
295	46	79	80	81	84	
296	79	80	82	84	86	90	100	
297	4	8	9	10	12	13	14	15	16	80	81	82	84	85	88	90	
298	6	7	11	12	12	14	15	16	17	19	20	80	81	84	86	91	
299	13	16	16	17	18	19	20	21	
311	52	55	56	57	58	59	
312	46	47	50	51	51	52	53	54	55	56	60	
313	44	46	47	48	49	50	52	53	82	87	91	94	
314	45	48	80	83	84	88	92	94	
315	57	68	79	80	85	
316	7	15	16	17	18	52	55	56	58	60	65	79	82	
317	4	16	17	18	19	20	21	24	26	38	40	42	44	45	46	47	47	48	49	50	
318	22	27	44	46	47	48	49	80	
319	8	10	14	79	81	84	
320	4	6	9	11	12	13	14	15	19	80	81	83	85	86	88	90	100	
321	8	11	12	14	15	16	19	21	80	81	83	85	87	90	92	98	
322	17	18	21	53	57	92	
323	50	52	55	88	92	
324	49	51	53	59	83	85	87	89	91	93	93	96	98	
325	54	80	81	83	83	84	86	87	89	91	94	97	100	
326	10	35	56	58	80	81	83	84	86	98	
327	14	16	17	18	19	20	47	51	52	56	60	65	70	83	
328	20	21	23	24	27	29	42	43	45	45	46	46	47	48	49	51	
329	22	44	49	66	
330	9	82	
331	4	8	9	11	14	16	18	28	29	79	87	
332	6	10	11	12	13	13	14	15	16	16	17	18	19	20	24	71	
333	16	17	17	20	21	22	25	
334	22	
344	58	
345	48	51	52	53	54	57	62	
346	43	46	47	48	49	50	51	51	52	53	54	55	57	58	
347	44	46	49	50	52	83	86	88	90	95	
348	44	48	81	86	92	
349	8	9	11	14	28	68	87	
350	6	12	12	13	14	15	16	17	18	19	20	53	54	55	56	57	57	59	
351	17	17	18	20	21	22	23	24	25	26	32	41	47	50	51	52	53	53	54	55	56	57	59	65	
352	23	25	40	43	43	44	45	46	47	47	48	48	49	49	50	51	53	
353	4	45	46	
354	4	6	9	10	12	13	80	83	87	89	
355	5	6	8	11	12	12	14	15	15	17	19	80	81	83	85	88	89	91	
356	18	22	53	55	56	86	87	90	91	97	
357	52	54	55	82	86	87	88	89	91	94	97	
358	50	53	80	81	83	84	85	87	88	89	91	93	96	
359	13	79	80	82	84	86	88	
360	7	9	10	12	13	14	16	18	18	20	58	80	
361	6	12	13	15	17	17	20	21	22	23	24	27	52	52	53	54	55	55	56	57	59	62	69	
362	22	25	47	48	49	50	51	51	53	54	55	
363	43	45	50	
364	9	
365	4	6	8	9	10	11	13	14	19	
366	5	7	11	12	13	14	15	16	17	18	18	19	20	21	24	25	
367	17	18	20	21	22	23	
378	56	57	
379	48	50	51	52	53	54	55	56	58	60	
380	43	45	46	47	48	49	50	51	52	53	54	62	
381	47	49	50	55	81	85	88	90	94	
382	8	79	85	
383	3	9	10	11	12	13	14	
384	6	8	11	12	12	13	14	15	15	16	17	18	19	20	20	22	23	55	57	58	70	
385	2	17	20	21	22	51	52	52	54	54	55	56	57	59	
386	33	39	43	44	45	46	47	47	48	48	49	49	50	51	53	62	
387	41	44	46	49	
388	3	6	8	10	13	
389	7	10	11	12	14	15	18	81	83	86	91	96	
390	3	52	54	80	82	83	84	85	87	88	89	90	91	93	93	95	101	
391	54	81	82	83	85	86	87	89	91	93	97	
392	9	79	81	82	84	86	89	91	
393	9	10	12	14	16	18	68	78	86	
394	4	6	7	10	11	12	13	14	15	15	16	16	17	17	18	19	19	20	23	28	53	57	
395	21	21	22	24	50	52	52	54	55	57	
396	23	45	48	49	50	51	53	54	92	96	
397	86	92	98	
398	8	8	13	28	
399	6	9	10	11	12	14	14	15	16	17	18	18	21	70	
400	4	7	11	12	13	14	15	16	17	18	18	19	20	20	22	24	25	68	
401	17	20	21	22	25	
412	57	58	
413	48	50	51	52	53	53	54	55	55	56	59	62	
414	42	43	45	46	47	48	49	50	51	53	53	55	
415	44	46	48	50	80	84	88	95	
416	81	87	95	
417	5	8	8	9	10	11	12	13	14	15	16	19	
418	7	10	11	12	13	14	15	15	16	17	17	18	19	20	21	24	26	56	58	69	
419	17	18	19	21	22	23	37	52	52	54	54	55	56	57	60	
420	43	45	46	46	47	48	49	50	51	51	52	53	53	54	56	59	
421	43	44	45	46	46	47	48	49	50	
423	4	8	12	87	88	
424	80	81	82	84	86	89	92	102	
425	80	81	82	83	84	86	88	90	93	
426	9	11	81	85	91	
427	7	9	10	11	12	13	14	14	15	18	19	68	
428	13	17	18	19	20	21	22	23	24	27	52	55	57	
429	2	22	48	51	52	53	53	55	93	
430	49	55	81	83	87	89	90	92	96	
431	54	81	85	87	90	
432	8	10	14	28	
433	6	9	11	12	12	13	14	15	16	17	18	19	19	22	23	69	
434	2	3	7	15	16	17	18	19	20	21	22	23	24	26	
435	21	22	
437	60	60	61	
446	52	53	56	57	
447	48	50	51	52	52	53	54	54	55	55	56	57	58	58	60	
448	42	45	46	47	47	48	49	49	50	50	51	53	54	
449	42	44	49	53	86	
450	9	12	13	
451	5	7	9	10	11	12	13	14	14	15	19	26	
452	2	7	11	12	14	15	16	17	18	19	19	20	21	23	24	26	
453	18	21	23	52	54	55	55	56	57	58	59	62	
454	35	47	48	49	50	50	51	52	52	53	54	54	55	56	59	60	
455	40	42	44	45	46	46	47	48	49	49	50	51	53	
456	5	44	45	46	49	
457	85	
458	79	81	83	85	88	
459	17	79	81	84	92	
460	8	10	12	13	15	16	20	68	
461	5	7	11	12	14	15	15	16	17	19	20	24	52	56	
462	2	18	20	21	22	51	52	53	55	93	
463	49	51	54	58	82	85	87	90	91	93	96	
464	81	83	84	86	89	90	95	
465	9	67	84	
466	5	8	10	11	13	13	14	16	18	19	22	70	
467	4	11	12	13	13	14	15	15	16	17	18	19	19	20	21	22	24	
468	18	20	21	22	23	24	
480	53	56	57	58	
481	47	51	52	52	54	54	55	55	57	60	
482	41	43	43	45	46	47	47	48	49	49	50	51	53	54	
483	45	48	85	
484	8	9	15	
485	5	7	9	10	11	12	13	13	14	15	18	21	
486	2	8	12	15	16	16	17	17	18	19	20	21	22	24	70	
487	22	53	55	56	58	61	
488	51	52	52	54	54	55	55	56	57	59	61	
489	42	44	46	47	48	48	49	50	50	51	52	53	53	54	55	
490	44	45	46	49	50	
491	44	49	56	
493	8	
494	5	9	10	12	13	13	14	16	20	
495	4	20	23	24	25	53	91	
496	51	54	83	87	90	92	96	
497	41	68	80	82	83	84	86	88	88	89	92	96	
498	16	67	79	80	85	88	
499	6	9	10	11	14	15	16	17	18	19	67	
500	5	6	11	12	13	14	14	15	16	17	17	18	19	19	20	21	22	23	25	26	70	
501	5	13	15	17	20	21	21	22	24	25	27	
502	21	23	
514	53	56	57	
515	50	51	52	52	53	53	54	55	55	56	58	58	60	
516	42	44	45	46	46	47	47	48	49	50	50	51	54	55	
517	44	45	46	48	
518	6	8	9	11	14	
519	2	5	7	10	11	11	12	13	14	14	15	15	16	16	17	19	23	69	
520	13	16	17	17	18	18	19	20	21	22	23	25	
522	34	48	51	52	52	54	54	55	56	57	58	59	61	
523	42	46	47	47	48	49	50	51	51	53	54	55	58	
524	44	48	49	63	
525	47	49	
526	28	37	
527	13	
528	5	7	11	17	20	
529	7	81	87	88	91	94	
530	66	79	81	82	84	86	88	90	94	99	
531	9	13	16	18	48	79	81	85	
532	9	11	14	16	17	18	18	19	19	21	23	26	28	41	43	45	66	69	
533	7	9	10	11	12	13	14	15	16	17	19	20	21	22	24	26	
534	15	18	19	20	21	22	23	24	28	
535	21	22	24	
548	56	57	
549	35	36	47	51	51	52	53	53	54	55	55	56	57	58	59	60	
550	42	44	46	47	47	48	48	49	49	50	51	54	58	
551	44	45	46	49	
552	7	9	10	13	14	
553	4	7	8	11	12	13	13	14	15	16	18	19	24	69	
554	16	17	17	19	20	21	22	24	26	
555	56	
556	51	52	52	53	54	55	55	56	58	58	60	
557	48	49	50	51	52	53	54	88	91	92	98	
558	45	50	55	88	90	93	
559	38	39	46	
560	16	47	58	66	
561	17	19	23	39	43	44	45	46	47	48	50	70	
562	39	46	
563	17	38	43	48	67	84	
564	10	14	16	18	19	40	67	72	80	82	84	
565	8	9	11	12	14	15	16	17	18	19	19	20	21	23	27	70	79	
566	11	13	13	15	17	18	19	20	21	21	22	24	25	26	28	69	
567	4	22	23	23	24	
568	22	25	
582	58	
583	51	52	52	53	54	55	55	56	57	58	60	62	
584	35	42	46	47	47	48	49	50	50	51	51	52	54	54	56	59	
585	43	44	45	46	47	49	49	50	
586	7	8	9	10	11	13	14	15	
587	2	4	7	11	12	12	13	14	15	15	16	17	18	20	24	
588	16	17	18	19	20	21	23	57	
589	51	53	56	
590	49	50	51	53	54	55	59	87	90	92	94	97	
591	49	51	54	81	82	83	84	86	87	89	91	92	94	97	
592	80	83	85	87	90	97	99	
593	9	13	16	18	18	41	65	69	
594	14	16	17	17	18	19	20	21	23	36	41	44	47	51	53	55	56	57	59	61	67	68	71	
595	17	18	19	20	21	22	23	24	26	32	37	42	44	45	47	48	49	50	52	54	56	58	59	65	72	
596	8	19	21	22	24	26	31	41	43	44	45	47	48	49	50	63	65	67	70	
597	9	14	18	20	20	23	26	27	40	44	44	47	48	68	73	
598	7	11	12	14	14	16	18	19	20	20	21	23	23	24	26	44	64	
599	5	11	13	15	16	20	21	21	22	23	24	25	27	29	
600	21	22	24	
616	57	
617	52	53	54	55	56	57	59	
618	33	43	48	49	50	50	51	52	52	53	53	54	55	56	57	58	61	
619	41	44	45	46	47	48	49	50	
620	4	8	10	43	46	48	
621	5	7	9	10	11	12	13	13	14	15	18	
622	17	22	53	82	86	87	89	90	92	95	
623	50	51	53	54	58	86	87	90	92	94	97	
624	49	51	55	59	81	82	84	85	86	87	89	90	92	94	97	
625	80	81	82	84	85	86	88	90	96	
626	7	9	10	13	14	79	81	84	
627	6	9	11	12	13	14	15	16	16	17	17	18	19	19	21	26	70	
628	17	18	19	20	20	21	22	23	24	25	26	
629	21	22	23	24	45	53	55	65	
630	23	24	45	63	
631	15	23	24	25	
632	22	24	25	73	
633	23	24	
643	2	
651	53	55	56	57	60	
652	35	48	50	51	51	52	52	53	54	55	56	57	58	58	59	61	
653	29	41	43	44	45	46	47	48	49	49	50	51	67	
654	41	43	44	45	46	47	47	48	49	68	
655	2	5	8	9	11	12	14	27	46	82	84	103	
656	6	57	79	81	82	83	84	84	85	86	88	88	89	90	94	99	
657	52	54	81	82	84	85	86	87	88	89	90	90	91	93	97	
658	80	81	82	84	85	87	89	90	96	
659	10	13	16	18	67	80	81	84	87	
660	7	9	11	11	12	14	14	15	16	16	17	18	19	20	23	69	72	
661	6	12	13	14	15	16	17	18	19	19	20	21	22	24	25	28	
662	21	22	23	24	
686	52	53	53	54	55	55	57	59	
687	35	51	52	53	54	55	55	56	57	58	59	62	
688	31	34	40	45	48	49	50	50	51	52	54	56	59	
689	5	24	41	42	43	45	46	47	47	48	49	50	69	
690	28	41	44	46	47	48	50	71	79	80	81	
691	26	41	46	48	80	81	82	83	84	86	89	93	
692	10	16	68	79	81	83	85	88	
693	8	9	10	11	12	13	14	16	17	19	21	23	27	72	
694	5	7	11	12	13	14	15	16	17	17	18	19	19	20	21	23	24	25	
695	18	20	21	22	23	23	25	
721	53	55	58	61	
722	34	51	52	52	54	55	56	58	59	61	
723	25	29	34	38	41	45	47	49	50	50	51	52	53	54	55	56	57	59	
724	23	29	42	44	45	46	47	48	48	49	50	52	54	56	59	64	66	
725	19	23	31	41	43	44	45	46	48	49	63	66	68	70	83	
726	7	9	11	13	19	20	21	28	39	44	64	67	70	76	
727	5	6	11	12	12	14	14	15	17	19	20	21	22	23	23	25	73	
728	13	18	21	22	23	23	25	26	
756	53	54	55	
757	54	55	57	59	65	
758	55	63	
759	23	25	32	45	53	60	
760	14	21	24	25	
761	15	21	22	23	24	25	
794	77	
1158	24	
1163	11	
1165	46	
1169	52	
1187	72	
1189	84	
1192	37	
1204	58	
1206	67	
1211	104	
1214	62	
1218	4	19	
1219	4	63	
1234	47	
1236	52	
1237	11	
1238	13	44	
1242	41	
1257	2	
1259	37	
1263	37	
1270	39	
1280	61	
1282	16	
1283	52	60	
1286	57	
1288	102	
1293	91	
1299	38	
1303	49	
1306	54	59	
1310	50	
1314	41	
1316	59	
1317	45	51	
1318	30	
1320	61	
1332	16	
1336	20	47	56	60	
1337	44	47	66	
1338	20	46	66	
1339	41	
1346	18	36	
1347	16	18	18	36	43	44	46	48	51	56	
1348	27	46	68	
1349	41	45	46	48	56	62	
1350	47	49	
1351	45	
1352	47	
1364	34	
1368	16	17	20	37	38	44	66	
1369	16	18	20	26	44	47	48	61	65	67	
1370	16	18	20	23	28	35	37	42	43	47	51	56	59	
1371	18	19	20	22	25	42	45	46	47	49	52	54	58	67	71	
1372	30	40	44	46	48	49	
1373	44	47	56	65	
1374	41	44	47	65	68	
1377	40	
1379	10	21	78	
1380	13	14	16	19	20	57	67	
1381	16	17	18	19	20	22	23	26	40	43	47	51	57	59	73	
1382	19	20	21	24	39	42	44	46	47	48	50	52	55	56	58	61	65	68	68	
1383	22	23	27	40	44	46	48	48	50	53	57	62	66	
1384	20	23	27	30	40	43	45	46	47	49	51	57	61	66	
1385	21	42	43	45	47	49	51	60	
1386	26	48	
1387	49	61	
1390	4	77	
1400	9	
1401	10	12	15	16	18	20	25	
1402	13	14	17	19	20	21	25	42	63	
1403	17	18	19	20	21	22	23	42	45	46	60	69	
1404	18	19	20	22	23	25	33	43	45	50	52	55	56	58	58	61	65	70	
1405	20	22	23	25	27	42	45	48	49	50	52	54	55	56	69	
1406	23	25	27	31	35	38	40	44	45	46	47	49	50	53	54	56	58	61	63	68	
1407	23	43	44	45	46	47	48	50	51	57	58	
1408	45	46	49	52	
1409	44	
1412	10	15	16	16	
1413	10	14	16	17	19	
1414	11	13	14	15	16	16	18	19	20	21	22	25	26	28	68	
1415	13	17	18	19	20	20	21	23	24	44	52	55	57	58	62	64	
1416	21	23	24	26	30	51	54	57	60	
1417	21	23	24	32	43	45	51	52	53	55	56	57	59	59	
1418	23	25	31	34	36	43	45	48	49	50	51	53	54	55	56	57	58	60	
1419	21	23	23	25	42	44	45	46	47	48	49	50	51	52	55	56	57	59	71	
1420	40	44	45	47	48	49	50	59	
1421	48	52	
1422	49	
1433	24	
1434	10	14	
1435	7	9	10	12	13	14	17	18	20	28	54	
1436	11	12	15	16	16	17	18	18	19	20	22	23	25	69	
1437	18	20	21	22	23	25	27	65	
1438	22	24	25	55	
1439	25	52	54	55	58	59	
1440	24	32	52	53	54	55	56	56	58	60	65	
1441	25	31	41	43	44	45	48	49	50	51	52	54	55	56	57	66	
1442	33	41	44	45	46	47	48	49	50	51	53	53	64	67	
1443	44	49	65	
1445	15	16	42	
1446	9	11	14	16	17	19	20	
1447	9	10	12	14	15	16	17	18	19	20	25	26	29	44	69	
1448	12	14	17	19	20	21	22	23	70	
1449	21	22	24	
1450	23	92	93	
1451	25	
1452	25	52	54	55	56	57	58	61	
1453	25	41	45	46	47	48	49	50	51	51	52	54	55	57	59	
1454	44	45	46	47	49	50	51	54	
1455	47	50	
1465	31	
1467	15	
1468	9	11	13	17	19	
1469	7	9	10	11	12	14	15	15	17	19	20	22	26	69	
1470	13	15	16	17	18	18	19	20	21	23	24	56	72	
1471	21	22	48	52	
1472	92	
1473	11	83	85	86	87	88	89	90	92	93	94	97	
1474	55	57	86	87	88	90	91	92	93	97	
1475	16	17	36	50	51	52	53	53	54	55	56	57	58	58	59	61	
1476	32	43	43	45	46	47	48	48	49	50	51	51	53	54	56	60	
1477	32	39	44	45	46	47	49	50	66	
1478	8	41	63	
1479	10	12	14	19	24	27	
1480	6	11	12	13	14	16	17	18	18	19	21	23	70	
1481	5	8	12	15	17	19	20	21	22	23	24	57	
1482	22	25	
1483	48	87	90	92	95	97	
1484	11	14	81	82	83	85	86	86	87	88	89	90	92	95	99	
1485	16	17	19	87	91	94	
1486	18	51	52	53	54	55	56	58	59	61	
1487	47	48	49	50	50	51	52	53	54	56	58	
1488	43	46	49	50	51	54	
1489	49	54	
1493	72	
1498	30	
1501	12	
1502	9	11	13	13	14	19	
1503	4	6	8	8	10	11	12	12	14	15	15	16	17	18	18	19	22	58	69	
1504	13	16	17	17	19	20	21	22	23	25	52	55	56	57	60	71	
1505	42	46	47	50	50	51	52	54	
1506	44	46	48	49	85	87	89	93	95	99	
1507	9	11	13	79	80	81	83	83	84	86	88	91	100	
1508	7	10	11	12	13	14	15	15	19	80	82	83	84	85	87	89	92	100	
1509	16	17	19	20	52	55	56	56	57	60	87	90	
1510	18	39	43	47	47	50	50	51	52	53	54	54	58	
1511	31	41	44	45	46	48	48	49	50	67	
1512	9	14	39	45	50	64	66	
1513	9	10	12	14	15	16	19	20	67	
1514	11	13	15	16	17	18	18	19	20	21	23	24	25	26	56	
1515	21	22	23	23	25	47	50	51	52	55	56	58	73	
1516	44	48	49	51	54	91	
1517	49	82	85	86	88	88	89	90	92	93	96	
1518	8	9	10	12	14	15	79	80	81	82	84	88	
1519	8	12	15	16	17	18	19	20	22	27	58	80	81	84	
1520	20	22	52	53	54	55	56	57	60	62	
1521	45	46	47	48	49	50	50	51	52	53	54	55	56	59	
1522	44	45	46	49	50	55	92	96	
1523	49	59	
1535	9	13	53	
1536	5	6	8	9	11	12	13	14	15	16	19	
1537	6	10	10	12	12	14	15	16	16	17	18	19	20	22	24	57	72	
1538	17	18	19	20	21	22	23	48	51	52	53	54	55	56	57	59	60	
1539	39	46	47	48	49	50	51	52	54	59	
1540	45	49	50	80	83	87	90	93	
1541	8	11	79	86	
1542	5	6	9	10	11	12	14	15	18	79	80	84	99	
1543	7	12	13	15	16	17	18	19	21	55	58	81	83	86	89	100	
1544	17	17	21	22	33	48	51	52	53	53	54	55	57	59	62	
1545	40	43	45	46	48	49	50	66	86	
1546	11	24	26	44	66	
1547	7	11	12	14	16	19	20	21	24	25	44	70	
1548	13	21	22	23	24	52	56	57	58	
1549	23	46	48	49	51	52	53	54	55	60	
1550	45	48	50	82	86	88	88	90	91	93	93	97	
1551	9	11	13	80	81	83	84	87	
1552	5	6	9	10	12	13	14	15	16	17	18	20	23	
1553	12	15	16	17	17	19	20	21	24	56	57	
1554	23	51	51	52	54	55	57	58	58	
1555	44	46	48	49	49	50	51	52	53	54	58	93	97	
1556	48	51	53	83	86	90	96	
1557	88	
1558	47	
1566	68	
1569	8	10	28	
1570	3	6	9	10	11	12	14	14	18	18	24	
1571	8	12	13	15	16	17	17	18	19	20	21	25	56	57	
1572	17	20	21	23	25	47	52	52	54	55	56	58	58	60	
1573	42	44	46	47	48	49	50	51	53	54	55	56	
1574	45	49	82	83	86	90	99	
1575	9	14	83	83	
1576	3	6	9	10	11	12	13	14	16	81	
1577	7	10	11	13	15	15	17	18	18	19	22	25	82	86	89	92	94	99	
1578	16	17	18	20	21	23	54	61	93	
1580	15	
1581	23	23	25	26	53	56	
1582	22	47	48	50	51	51	52	54	55	56	58	62	
1583	45	47	49	50	54	90	93	97	
1584	67	81	82	84	85	87	89	92	
1585	7	8	10	12	14	16	17	18	27	80	84	
1586	6	10	12	13	14	15	16	17	19	20	22	70	
1587	18	20	21	23	24	57	60	
1588	23	46	48	49	50	51	52	53	54	55	55	56	58	62	
1589	47	49	50	53	58	87	88	88	90	92	95	
1590	52	53	81	85	88	88	91	93	
1593	51	
1596	10	
1603	9	12	14	16	
1604	7	8	9	10	11	12	13	14	15	18	27	
1605	12	15	15	16	17	18	18	19	20	22	24	56	57	
1606	17	18	22	47	48	50	51	51	52	54	55	55	56	58	62	
1607	42	44	45	46	47	49	50	51	53	59	89	99	
1608	45	47	49	80	84	90	
1609	9	98	
1610	10	12	13	19	90	
1611	6	8	9	10	11	12	14	15	15	16	19	22	80	83	85	88	88	88	90	97	
1612	15	16	17	17	19	20	22	82	85	87	89	91	
1613	18	23	
1614	58	
1615	52	52	55	56	61	
1616	34	47	48	50	51	52	53	53	54	59	
1617	43	45	46	49	67	82	86	88	89	95	
1618	10	13	81	84	
1619	8	10	12	14	16	17	19	20	23	27	68	
1620	13	15	18	21	22	23	25	57	
1621	22	25	52	53	55	57	59	
1622	49	50	51	52	54	88	90	92	96	
1623	48	51	80	81	82	84	86	87	89	91	93	96	
1624	47	47	47	81	84	87	91	
1625	49	83	88	
1637	10	
1638	4	7	9	10	11	12	13	14	14	15	19	49	
1639	12	13	15	16	17	17	18	19	20	21	23	53	56	58	60	
1640	18	21	47	48	51	51	52	53	54	55	59	
1641	43	45	46	48	49	50	51	53	55	56	92	96	
1642	51	83	84	88	88	96	
1643	83	
1644	5	10	13	15	80	
1645	8	9	10	11	12	14	15	19	80	82	86	
1646	3	7	12	13	14	15	16	16	17	18	19	20	21	22	81	85	89	100	
1647	17	20	21	
1648	56	58	
1649	51	52	52	54	55	56	61	
1650	41	45	46	47	49	49	50	51	53	58	
1651	33	42	44	46	48	67	80	83	
1652	8	10	14	16	20	
1653	12	13	15	18	19	20	21	24	26	56	71	
1654	23	25	52	56	61	93	
1655	50	52	53	53	54	55	88	90	92	93	96	
1656	51	54	61	82	83	85	86	87	89	90	91	94	96	
1657	80	82	83	85	87	89	91	94	
1658	82	85	
1659	82	
1667	35	36	
1671	9	14	19	
1672	5	7	9	9	10	11	12	13	14	15	18	28	
1673	2	7	11	12	13	15	15	16	16	17	18	19	20	21	23	23	25	52	53	56	57	59	
1674	22	36	43	47	48	50	50	51	52	53	53	54	55	60	
1675	44	46	47	49	50	54	87	88	96	
1676	55	83	86	93	
1678	11	13	18	
1679	5	6	8	8	10	11	13	14	15	16	19	
1680	10	12	12	13	14	15	16	17	19	20	21	70	80	84	
1681	17	18	20	21	22	
1683	53	54	55	60	
1684	51	54	60	
1685	33	
1686	25	65	
1687	24	53	56	92	
1688	53	54	87	87	90	91	93	94	97	
1689	55	82	84	85	86	87	88	89	90	92	95	99	
1690	78	80	81	82	84	85	86	88	88	90	93	
1691	80	83	86	92	
1693	15	
1705	8	10	14	
1706	5	7	9	10	12	14	14	15	18	20	
1707	7	12	13	15	16	17	18	19	20	21	23	52	52	55	55	56	56	58	58	60	87	90	92	
1708	17	18	20	22	43	47	47	49	50	50	51	52	53	54	55	57	59	
1709	41	44	47	48	49	85	94	
1710	34	49	68	82	95	
1711	18	
1712	11	13	19	
1713	6	8	9	10	11	12	13	14	15	16	16	19	21	24	
1714	3	6	12	14	15	16	16	17	18	18	19	20	21	24	26	69	
1715	20	21	23	
1716	93	
1717	87	88	91	93	94	97	
1718	87	88	92	
1719	93	
1720	51	52	53	55	56	88	93	
1721	50	56	83	86	87	89	89	90	91	93	94	96	
1722	55	80	81	82	84	85	86	87	88	88	89	90	95	98	
1723	80	81	82	83	83	84	85	87	90	99	
1724	79	81	83	86	97	
1734	83	
1739	11	22	
1740	4	7	9	10	11	14	15	20	
1741	6	7	11	12	13	14	15	16	18	21	23	53	55	56	57	58	59	61	81	83	85	89	100	
1742	16	17	17	20	21	37	40	47	48	50	50	51	52	53	54	55	56	57	59	
1743	44	45	46	48	48	50	53	67	
1744	45	
1745	16	
1746	5	7	10	12	14	15	17	19	20	23	27	68	74	
1747	8	10	12	13	14	15	16	17	19	20	22	23	25	26	68	
1748	13	20	21	22	24	
1749	23	51	91	93	98	
1750	83	85	86	87	89	90	91	92	95	97	
1751	10	13	82	83	84	85	86	87	89	90	92	94	96	100	
1752	82	83	84	85	86	87	88	89	89	90	91	93	95	97	99	
1753	52	55	82	86	87	88	89	89	90	91	92	94	95	98	
1754	85	86	87	88	88	89	90	91	94	97	101	
1755	78	80	81	82	83	83	84	85	87	88	89	
1756	79	80	82	84	86	90	93	
1757	80	85	
1767	81	
1774	7	8	10	12	13	15	18	
1775	6	11	12	13	14	15	16	18	19	25	55	56	57	61	80	83	88	90	94	
1776	16	17	17	20	21	22	23	37	48	50	50	51	52	53	54	54	55	57	59	88	90	97	
1777	31	37	42	44	45	46	47	49	50	52	54	60	
1778	8	30	42	44	45	46	48	
1779	10	11	14	19	70	
1780	7	9	11	13	13	14	15	16	17	19	20	21	23	26	57	69	
1781	5	12	18	19	20	21	23	24	53	57	
1782	22	23	24	50	51	54	
1783	49	53	82	83	85	86	87	88	88	90	91	93	95	
1784	80	81	81	82	83	84	85	87	88	89	93	95	101	
1785	78	79	80	81	82	84	85	87	88	89	102	
1786	81	82	83	84	85	89	94	101	
1787	78	79	80	81	81	83	83	84	85	87	89	90	102	
1788	80	81	82	83	83	84	85	86	89	91	93	
1789	79	81	85	93	94	99	
1790	80	86	
1791	98	
1792	88	
1793	95	
1797	47	
1808	10	14	
1809	6	8	10	11	11	12	13	14	18	82	84	91	97	
1810	15	17	21	24	55	55	59	62	81	85	87	90	91	92	93	96	
1811	16	18	29	51	53	55	88	91	92	
1812	17	42	44	45	64	73	
1813	9	11	14	19	22	24	26	45	65	
1814	12	15	19	21	22	23	24	28	56	58	
1815	22	23	25	50	50	51	52	54	55	
1816	48	50	52	55	87	87	90	91	92	95	98	
1817	48	79	80	81	83	84	85	86	89	92	100	
1818	63	78	80	81	83	84	87	
1819	78	80	83	96	
1820	79	83	86	88	
1821	79	80	
1822	79	82	84	89	
1823	84	
1825	90	
1829	82	
1834	79	
1838	80	
1842	8	
1843	3	9	13	13	88	
1844	7	9	11	13	15	16	80	82	83	83	84	85	87	88	90	96	100	
1845	8	12	13	14	16	81	82	85	86	87	87	89	90	92	94	99	
1846	16	19	88	91	92	98	
1847	24	56	57	
1848	24	51	52	55	56	60	92	93	
1849	50	51	53	53	55	88	90	92	96	
1850	51	77	81	82	83	84	85	86	87	89	91	94	
1851	79	81	86	89	101	
1852	81	83	95	
1853	45	
1854	19	83	
1855	94	
1863	80	
1873	16	41	
1877	12	91	
1878	4	10	78	80	86	
1879	7	9	10	12	14	79	80	81	83	83	84	87	89	90	98	99	
1880	6	9	11	12	13	15	81	82	84	85	86	87	89	90	92	93	96	
1881	87	89	90	91	93	93	95	96	
1882	51	52	53	54	87	87	90	91	92	94	96	98	
1883	55	81	82	85	87	88	89	90	91	92	94	97	
1884	79	81	84	87	89	97	
1885	81	84	
1890	97	
1905	68	
1909	89	
1911	88	
1912	10	97	
1913	4	12	13	81	
1914	9	79	79	81	82	84	86	89	
1915	79	80	81	82	83	84	85	87	88	89	91	99	
1916	78	80	81	81	82	83	84	85	87	88	89	91	94	
1917	78	80	80	81	83	83	84	86	89	97	
1918	83	93	
1947	89	
1948	81	
1949	79	81	84	98	
1950	79	80	84	86	98	
1951	80	82	85	94	
1952	83	
1980	94	
1981	103	
1982	102	
1983	98	
1988	2	
1999	96	
2002	103	
2004	59	
2008	59	
2009	90	
2019	94	
2023	36	
2027	85	
2028	34	
2032	63	
2041	6	
2049	15	76	
2055	71	
2056	32	
2059	1	
2062	34	
2082	8	
2084	3	7	
2085	8	100	
2092	38	
2114	98	
2115	14	
2133	31	
2143	85	
2147	90	
2155	35	
2167	86	
2182	8	
2184	31	
2216	7	
2226	9	
2239	25	
2256	7	
2262	15	
