80	53	
89	91	93	
90	88	92	
91	16	
120	58	
122	88	91	94	98	
123	83	86	87	90	91	93	95	98	
124	7	8	11	14	82	84	86	87	88	89	90	91	93	94	96	98	
125	11	86	87	90	91	92	93	95	101	
126	17	18	87	90	92	94	97	
127	16	
154	53	56	57	60	
155	50	51	52	54	59	92	98	
156	48	49	51	55	82	84	85	87	89	91	93	93	96	
157	40	80	81	82	84	85	86	88	88	89	91	94	
158	10	18	42	46	47	50	68	81	82	84	85	86	89	99	
159	7	8	10	12	46	47	81	81	82	83	84	85	87	88	89	91	94	97	98	102	
160	7	10	11	13	15	16	18	82	85	86	87	88	88	90	92	93	96	
161	16	17	19	92	
187	57	58	
188	47	52	54	56	57	60	
189	46	48	48	50	51	52	53	54	55	87	89	91	95	
190	82	84	86	87	89	90	
191	13	15	16	17	18	19	26	41	43	57	57	59	60	61	71	80	82	83	84	100	
192	5	17	21	22	23	27	31	45	46	47	50	51	51	53	53	54	56	58	81	83	
193	8	10	13	22	45	46	47	47	48	49	49	80	81	83	
194	2	7	8	10	11	12	13	14	15	81	82	83	85	87	89	92	94	101	
195	12	15	16	18	20	24	83	84	86	88	89	91	93	94	98	
196	16	17	20	
220	99	
221	53	55	56	56	57	59	61	
222	47	48	51	51	52	54	55	56	59	
223	47	49	50	53	82	83	85	87	88	90	93	93	98	
224	7	9	10	11	12	13	14	15	18	82	84	86	
225	15	16	17	18	19	20	21	23	27	35	57	61	62	
226	20	21	22	24	51	52	53	55	55	56	57	58	59	61	
227	3	47	49	50	50	51	54	
228	5	6	10	12	14	48	84	
229	8	10	11	12	13	13	14	15	16	19	83	85	87	91	96	
230	16	17	17	18	19	20	21	24	
254	1	57	
255	53	55	56	57	58	59	61	
256	50	51	52	53	54	54	63	87	92	96	
257	9	50	84	86	90	92	
258	3	6	8	10	11	12	13	14	14	15	16	18	19	
259	17	20	21	21	23	24	56	57	60	
260	51	52	54	55	56	59	61	63	
261	48	50	51	52	53	54	93	
262	3	7	8	9	13	14	53	
263	4	6	7	11	11	12	13	14	14	15	16	16	17	19	81	83	84	87	
264	16	16	17	18	18	19	20	21	23	23	26	
286	11	93	
287	6	7	93	
288	93	
289	53	55	57	59	87	91	98	
290	51	52	54	55	64	85	87	89	90	92	94	98	
291	9	10	14	82	84	86	88	90	
292	4	6	8	11	12	13	14	15	15	16	18	25	
293	13	22	57	62	88	93	
294	51	52	53	54	55	59	87	90	92	93	
295	51	53	86	88	89	91	92	96	
296	9	11	14	43	89	94	
297	1	7	8	9	10	11	12	13	14	15	15	16	17	19	20	24	71	
298	2	16	17	18	19	20	21	21	22	
299	23	
317	93	
318	87	91	93	97	
319	87	91	92	94	96	
320	82	86	87	89	90	91	92	95	98	
321	86	87	89	90	91	93	95	98	
322	83	85	87	88	89	90	91	92	95	98	
323	55	82	83	84	86	87	88	88	89	90	91	93	93	95	
324	54	82	83	85	86	87	88	90	91	93	96	
325	4	8	10	14	82	84	85	88	94	99	
326	10	12	13	15	88	92	94	
327	3	82	85	87	88	89	90	91	92	94	97	101	
328	55	82	83	85	86	87	88	88	89	90	92	95	99	
329	41	46	83	84	85	87	89	91	97	
330	7	8	10	11	12	13	14	15	16	17	18	19	82	86	
331	2	6	10	11	12	14	15	15	16	16	17	19	19	20	21	22	24	27	73	
332	3	18	20	20	21	22	23	25	26	
333	23	
350	52	58	
351	54	87	90	92	93	96	
352	46	54	56	83	84	85	87	88	89	90	91	94	97	
353	46	47	48	66	81	83	84	85	86	87	88	89	91	93	95	100	104	
354	46	47	66	81	82	83	84	85	86	87	88	89	90	94	97	
355	46	47	48	82	83	83	84	85	86	87	88	89	91	95	
356	46	48	81	82	84	85	86	87	89	90	92	93	97	
357	54	80	81	82	84	85	85	87	89	91	95	100	
358	80	81	83	83	84	86	87	88	90	97	
359	5	9	82	84	88	94	
360	5	11	41	84	87	98	
361	16	68	81	82	83	84	85	86	89	92	94	101	
362	17	41	47	51	81	82	83	84	85	89	95	98	
363	7	10	12	14	15	16	18	18	19	20	70	82	85	88	
364	8	10	11	13	13	14	15	16	17	18	18	19	20	20	24	71	
365	2	15	18	20	21	22	23	23	25	26	
366	21	22	
382	57	
383	51	53	54	58	
384	49	52	54	87	90	91	95	
385	32	52	54	59	82	83	85	86	87	89	90	92	95	100	
386	16	17	18	19	30	42	51	58	58	59	66	81	82	85	86	89	
387	19	20	45	48	49	50	51	54	56	58	59	67	71	80	81	84	85	88	
388	20	21	27	29	43	45	47	49	51	52	53	56	57	58	59	59	61	68	81	82	83	84	
389	19	20	21	26	45	46	47	48	49	50	51	53	56	72	80	82	84	85	
390	28	44	46	47	48	49	50	51	55	80	81	83	84	85	89	
391	48	50	81	82	83	84	
392	47	83	86	
393	16	18	19	45	46	46	47	71	
394	8	17	18	20	39	44	46	46	49	66	69	83	
395	10	13	14	16	18	19	22	29	40	44	46	48	61	70	83	84	
396	10	13	15	16	17	18	18	19	20	21	41	45	47	49	70	
397	7	10	12	14	15	16	17	18	19	20	21	23	23	25	27	29	45	
398	5	8	13	22	22	23	24	25	
399	22	23	
415	58	
416	53	56	57	57	60	63	
417	47	50	51	52	54	55	
418	48	49	82	85	86	88	89	91	93	96	99	
419	7	10	12	14	15	17	18	70	81	83	84	85	88	
420	16	17	17	19	20	22	28	61	75	
421	20	22	23	24	25	
422	23	24	25	34	51	53	54	55	55	56	57	58	58	59	60	62	74	
423	23	24	50	51	51	52	53	53	54	55	56	57	59	
424	47	49	50	51	52	53	54	83	
425	10	48	54	
426	10	15	17	18	19	43	60	73	98	
427	13	13	17	17	18	19	20	21	22	24	27	31	40	59	72	
428	9	13	15	16	19	20	20	21	22	25	27	43	44	48	49	51	71	
429	6	9	11	14	15	17	18	19	20	21	22	23	27	69	
430	12	14	19	20	21	22	23	24	
431	4	21	22	24	
432	22	23	24	
433	23	
449	57	
450	36	52	53	55	56	56	57	58	60	62	
451	47	49	50	51	51	54	54	
452	6	8	9	46	48	49	81	84	85	89	93	
453	4	7	10	11	12	13	13	14	15	15	17	18	19	81	
454	12	16	17	20	21	22	24	
455	23	
456	53	55	56	57	58	58	59	61	
457	50	51	52	52	54	54	55	56	59	61	
458	32	47	49	50	52	53	
459	9	11	14	17	19	68	
460	8	9	11	12	13	14	15	15	16	17	18	18	19	20	21	24	
461	13	15	17	18	19	20	21	22	24	25	
462	21	22	23	24	25	
463	23	24	25	
464	25	73	
483	56	58	
484	52	53	54	55	56	57	59	61	
485	51	52	53	54	55	87	90	92	93	97	
486	6	10	46	50	85	87	89	93	
487	5	8	9	11	12	13	14	15	15	16	18	
488	13	15	17	17	19	20	22	27	
489	18	23	57	62	
490	35	52	53	55	57	58	61	
491	49	51	52	53	54	55	91	97	
492	51	87	91	93	
493	3	7	8	10	11	12	14	14	15	16	17	18	19	20	70	
494	13	15	17	18	19	20	21	22	24	25	
495	21	22	23	25	
497	2	
516	56	60	
517	52	57	59	
518	52	53	55	62	87	89	90	92	94	96	
519	42	54	82	85	87	89	90	91	94	
520	10	13	16	17	19	41	72	84	
521	5	7	10	11	12	14	15	16	17	18	18	19	20	23	25	26	29	45	72	
522	13	20	21	22	58	84	
523	22	23	52	56	57	60	
524	48	50	51	52	53	53	54	55	56	59	64	91	
525	49	50	52	54	83	85	86	88	89	91	92	93	97	
526	8	10	11	14	16	18	42	83	84	86	89	94	
527	5	6	11	12	13	14	15	15	16	17	17	18	19	20	20	25	
528	17	20	21	22	22	23	25	
529	22	
549	57	
550	51	53	56	59	
551	49	51	53	54	87	90	92	93	96	
552	82	83	84	86	87	89	90	91	92	93	96	100	
553	8	12	14	15	16	19	70	80	82	83	84	85	88	99	
554	3	12	14	16	17	18	19	20	20	23	
555	5	22	24	24	
556	22	24	56	57	61	
557	51	52	53	55	56	59	
558	49	51	52	53	54	58	86	88	88	90	91	93	97	
559	9	50	80	82	83	85	86	89	91	95	
560	5	6	7	9	10	11	12	13	13	14	14	15	16	17	18	19	70	105	
561	17	18	18	19	20	21	22	24	25	26	73	
562	22	23	25	
582	56	57	
583	48	52	55	56	57	60	
584	47	49	51	52	53	53	55	87	90	93	96	
585	49	50	54	81	83	84	86	87	88	89	91	93	93	96	102	
586	6	9	10	12	13	14	16	18	82	83	85	86	88	94	
587	3	8	12	12	14	15	15	16	17	18	18	19	20	21	23	71	
588	17	21	22	22	23	25	26	
589	57	
590	52	53	55	56	57	59	62	
591	51	52	53	54	55	58	88	92	96	
592	9	49	54	83	83	86	87	89	91	93	96	
593	9	10	11	13	14	16	17	18	72	82	84	85	89	
594	7	12	13	14	15	15	16	17	18	18	19	20	20	24	71	
595	20	21	22	23	24	27	
606	13	
607	13	
616	52	56	57	58	62	
617	47	50	51	52	53	54	55	58	
618	46	48	48	49	49	50	51	54	82	85	86	87	88	90	92	95	
619	9	11	13	80	81	83	84	85	86	88	91	
620	6	10	11	12	14	15	15	16	17	19	20	83	
621	13	17	18	19	20	21	22	23	25	
622	22	
623	55	57	60	
624	52	53	53	54	58	62	88	91	93	
625	50	51	54	55	82	85	86	87	89	90	92	94	97	
626	9	10	14	16	81	82	84	86	89	90	
627	5	7	11	12	13	14	15	16	17	17	18	19	20	27	71	
628	13	15	17	18	19	20	21	21	23	23	25	28	
629	21	22	
650	33	53	55	56	57	58	58	59	61	63	
651	47	48	51	51	52	53	54	54	55	56	59	
652	8	45	46	47	48	49	49	50	54	81	84	85	90	
653	8	10	11	12	13	14	15	82	85	88	
654	7	11	12	14	15	15	17	19	24	
655	18	22	23	92	
656	91	93	97	
657	91	92	92	95	
658	53	54	60	85	87	88	89	90	93	95	99	
659	9	42	46	53	82	84	85	86	87	89	90	94	
660	7	10	11	12	13	14	14	16	16	17	18	19	70	81	84	88	
661	4	12	13	15	15	16	17	18	19	20	20	21	23	24	26	44	
662	21	22	23	24	
663	22	
684	55	56	57	58	59	60	63	
685	50	51	52	52	53	54	54	55	56	57	59	60	
686	32	45	47	49	49	50	51	51	54	
687	5	7	8	10	14	44	45	46	46	47	48	49	50	
688	2	10	12	13	14	15	87	92	95	
689	7	87	88	89	91	93	93	96	
690	83	86	87	88	88	89	90	91	92	93	94	96	
691	47	55	82	85	86	87	89	90	91	93	93	95	97	100	
692	10	18	46	81	82	83	84	85	86	87	89	91	96	103	
693	7	9	10	11	12	14	14	16	17	19	19	27	71	81	83	85	
694	7	11	13	15	16	17	18	19	19	20	21	24	25	
695	2	20	21	22	23	24	
718	62	
719	34	52	53	54	54	55	56	57	58	58	59	60	62	
720	29	48	51	51	52	54	54	55	56	56	57	58	59	103	
721	3	32	36	44	47	47	49	50	51	53	56	58	
722	5	7	10	44	45	46	46	47	48	49	49	70	80	84	89	100	
723	18	37	42	43	46	47	49	56	66	69	81	82	83	83	84	85	86	87	89	90	99	
724	19	46	48	49	80	81	83	84	85	85	87	89	90	95	98	
725	8	17	19	41	43	46	72	80	81	83	83	84	85	87	88	90	102	
726	6	10	11	12	14	14	15	16	17	18	19	19	20	21	26	28	45	69	72	81	83	84	
727	7	11	13	14	15	17	18	19	19	20	21	21	23	25	72	
728	22	23	23	25	
753	55	62	
754	35	52	53	55	56	58	58	59	60	62	
755	30	50	51	52	54	54	56	57	59	61	75	
756	20	25	40	44	48	49	50	52	54	55	57	59	67	
757	8	20	22	24	26	30	42	45	47	50	52	53	56	59	72	81	84	
758	9	15	18	19	20	22	45	49	65	70	75	80	84	
759	10	12	14	15	16	19	20	21	23	24	43	49	70	
760	7	11	13	15	18	20	21	22	23	24	
761	21	22	23	24	25	
788	62	
789	54	
790	55	76	
791	23	24	52	64	
792	22	24	25	65	
793	22	24	25	
794	2	22	24	25	
1161	22	
1162	27	
1167	14	
1169	20	
1171	6	
1173	4	61	
1180	50	
1184	62	
1188	99	
1191	42	
1200	44	
1202	44	70	
1203	56	60	
1210	21	
1212	46	49	50	
1213	46	49	
1214	61	
1216	54	100	
1219	64	
1229	44	
1234	70	
1238	75	
1243	25	
1244	17	18	42	46	
1245	20	29	47	
1246	18	20	39	46	47	49	52	53	57	60	
1247	46	47	49	
1248	46	52	61	
1249	40	
1250	53	
1255	17	
1260	103	
1276	44	
1277	10	14	18	20	27	
1278	15	17	18	19	20	23	42	58	
1279	17	18	18	19	20	23	23	29	43	47	57	60	71	73	
1280	20	21	24	36	42	45	49	50	52	53	55	56	57	58	58	59	62	63	73	73	
1281	23	27	33	44	46	47	49	50	52	53	56	57	73	
1282	44	46	46	47	48	49	52	54	
1283	46	49	73	
1284	47	
1308	28	
1309	21	
1310	10	16	
1311	6	10	12	13	14	15	18	19	
1312	8	12	15	16	17	18	19	20	21	25	
1313	18	20	22	23	24	61	
1314	22	23	25	54	55	56	57	60	62	
1315	24	35	51	52	53	53	55	56	56	58	59	60	
1316	45	47	48	50	51	52	54	56	
1317	45	46	47	49	49	53	54	57	
1318	46	49	
1319	62	
1320	61	
1324	63	
1325	3	
1336	66	
1341	20	20	
1344	8	11	14	16	
1345	10	11	13	13	14	15	16	17	18	19	20	21	25	57	
1346	18	19	20	21	22	24	26	47	
1347	22	51	88	90	92	94	96	
1348	8	11	14	87	90	91	94	96	
1349	16	18	19	34	52	53	55	57	57	60	92	
1350	17	51	51	52	53	54	56	56	58	60	
1351	45	46	46	47	48	49	50	51	53	59	
1352	48	
1353	32	48	57	
1370	25	
1374	68	
1378	8	10	11	12	13	14	17	20	
1379	5	8	12	13	15	16	17	18	18	19	20	21	24	24	25	35	53	56	57	58	60	70	
1380	22	46	51	52	53	54	56	
1381	48	50	83	85	87	89	90	93	95	103	
1382	7	8	9	10	14	81	82	84	86	87	88	90	93	
1383	6	11	13	16	17	19	20	27	34	57	61	81	82	83	84	86	88	95	100	
1384	17	18	19	21	52	53	54	55	56	57	58	59	61	
1385	44	46	47	48	49	50	51	52	53	54	59	74	
1386	48	55	
1388	55	73	
1393	72	103	
1406	43	
1407	47	50	
1408	17	58	
1409	3	46	
1410	27	66	
1411	9	11	14	
1412	7	9	10	11	12	14	15	16	17	19	20	23	26	57	58	
1413	13	17	18	19	19	20	22	23	25	46	53	55	56	56	57	59	61	71	
1414	22	46	47	49	50	51	52	53	54	
1415	45	46	48	50	80	82	84	85	88	
1416	9	11	13	13	15	20	83	83	87	94	
1417	7	10	11	12	14	14	15	16	17	18	18	19	21	23	57	57	83	
1418	17	17	20	22	25	34	52	53	55	56	57	58	59	61	
1419	47	48	50	50	51	52	53	55	56	59	
1420	45	48	49	52	54	59	
1421	52	80	
1422	63	
1424	6	
1426	9	
1437	43	
1438	17	
1441	18	19	56	67	
1442	20	25	36	40	45	46	48	51	55	
1443	16	47	48	57	64	
1444	10	13	17	19	22	26	45	46	47	
1445	8	11	13	15	16	17	18	20	24	44	46	66	72	
1446	4	6	10	11	12	14	15	16	17	18	19	20	22	27	57	62	
1447	19	20	21	23	25	27	48	52	52	54	55	56	57	58	60	61	
1448	23	32	37	45	47	48	49	50	51	52	53	54	55	57	59	
1449	10	45	46	47	49	51	85	
1450	5	6	8	10	11	12	14	15	16	18	20	45	46	67	70	
1451	5	6	11	12	13	15	16	17	18	19	20	21	23	23	25	57	62	
1452	17	21	22	25	55	55	56	58	59	62	
1453	49	50	51	52	53	54	55	56	59	93	
1454	49	54	
1456	93	
1472	17	
1473	16	19	
1474	12	15	17	19	45	
1475	17	18	19	21	26	40	45	47	50	59	62	
1476	17	18	18	20	22	25	28	41	45	49	51	55	58	62	71	
1477	4	4	4	13	18	20	22	24	43	45	48	48	50	58	68	
1478	9	14	16	19	21	23	40	50	64	72	76	
1479	8	11	14	16	18	19	20	21	25	27	43	44	47	49	70	
1480	2	18	19	20	21	23	24	27	63	74	
1481	21	22	23	25	35	52	54	55	57	59	60	62	
1482	43	45	48	50	51	53	55	58	61	
1483	24	26	45	49	53	70	74	
1484	6	9	11	14	19	21	23	25	26	48	72	
1485	21	22	23	25	28	34	56	57	58	61	
1486	23	49	50	51	52	53	54	55	56	59	62	93	
1487	51	53	53	86	87	89	91	93	96	
1491	23	
1492	3	
1501	37	
1504	40	
1505	42	
1506	11	17	19	42	
1507	10	12	14	16	17	18	19	26	
1508	12	15	17	18	20	21	23	24	30	45	
1509	17	19	20	21	22	24	61	
1510	19	21	22	24	55	60	
1511	15	19	21	22	24	
1512	13	19	21	23	23	25	28	
1513	21	22	24	26	
1514	2	22	23	24	25	
1516	54	
1518	24	56	59	
1519	51	52	54	58	58	92	
1520	52	54	82	86	87	89	89	91	92	94	97	98	
1521	55	80	82	83	85	86	89	91	96	
1525	9	
1528	81	
1537	15	
1539	10	14	16	
1540	10	12	14	15	16	17	19	20	22	71	
1541	10	12	15	20	21	22	24	47	
1542	2	12	15	22	23	25	91	
1543	87	90	91	92	94	97	
1544	88	91	91	93	97	
1545	16	88	90	91	92	94	96	
1546	16	17	24	92	
1547	18	
1550	93	
1551	93	96	
1552	55	59	88	90	91	92	93	94	95	97	
1553	55	83	85	86	87	90	90	92	93	94	96	100	
1554	54	81	83	83	84	85	87	88	90	91	95	
1555	80	82	84	86	89	
1556	93	
1562	2	
1567	58	
1572	8	8	
1573	8	10	11	13	13	14	20	57	
1574	5	12	15	16	17	18	18	19	20	23	23	26	56	58	71	
1575	21	21	22	25	46	48	50	51	53	
1576	47	49	52	85	87	89	91	93	98	
1577	81	82	84	85	86	88	89	91	94	99	
1578	11	81	82	82	85	85	86	87	89	90	92	96	99	103	
1579	7	9	11	12	14	16	19	81	82	83	84	85	87	89	90	91	97	99	
1580	8	12	13	14	15	16	16	17	18	19	21	27	85	86	88	90	95	98	
1581	17	22	56	
1582	51	92	97	
1583	86	87	87	90	90	91	92	94	95	97	
1584	87	87	90	91	93	94	95	96	
1585	87	88	89	90	91	93	94	96	98	
1586	81	82	86	87	89	90	91	96	
1587	80	81	82	84	85	86	87	88	90	94	101	
1588	80	82	84	86	89	
1590	84	
1598	81	
1606	8	10	14	
1607	6	9	10	11	12	13	14	15	17	19	25	58	63	
1608	16	17	18	19	19	20	22	24	52	52	54	55	56	57	58	59	60	62	
1609	23	47	48	50	51	52	53	55	56	
1610	43	44	46	48	48	50	53	58	79	81	84	85	98	
1611	79	81	83	86	88	
1612	9	13	79	80	82	83	84	88	
1613	4	6	9	10	11	14	15	16	17	18	23	81	82	84	86	
1614	7	12	13	15	16	17	17	19	20	21	23	56	57	81	83	85	
1615	11	22	51	52	55	57	59	
1616	50	52	53	87	88	89	90	91	92	93	97	
1617	80	81	82	83	84	85	86	87	88	89	91	93	100	
1618	81	82	83	84	85	86	87	88	88	89	91	94	96	99	
1619	80	81	81	83	83	84	84	85	86	88	89	91	96	100	
1620	81	83	83	85	88	89	91	94	
1621	81	83	85	89	
1622	85	
1627	72	
1630	83	
1637	34	
1639	23	46	
1640	9	12	14	16	18	45	
1641	7	9	10	11	12	14	15	16	17	19	21	24	45	62	70	
1642	3	17	18	20	21	22	24	26	53	55	57	59	60	61	
1643	50	51	52	53	54	56	58	63	
1644	50	52	55	
1645	10	48	50	
1646	11	13	15	16	19	68	
1647	8	8	10	11	12	13	14	16	17	18	18	19	21	24	57	71	
1648	17	18	20	21	22	23	25	26	53	56	57	59	62	
1649	49	50	51	52	54	55	91	96	
1650	48	50	54	81	83	84	85	87	89	91	93	94	97	
1651	54	80	82	84	90	102	
1652	80	84	87	90	102	
1653	81	86	93	
1654	81	86	
1657	98	
1673	11	14	16	18	20	
1674	8	10	12	14	17	19	20	22	23	
1675	4	8	12	13	15	20	21	23	24	
1676	22	53	55	59	92	97	
1677	54	59	87	88	90	91	93	96	
1678	54	90	94	
1679	6	14	17	
1680	6	9	10	10	11	13	14	16	18	19	
1681	5	7	12	15	16	17	18	19	20	21	22	24	25	28	56	57	62	
1682	22	24	50	51	52	53	53	54	56	60	83	
1683	48	50	52	54	82	87	88	88	89	90	91	93	96	
1684	51	81	83	84	86	87	88	90	
1685	82	85	88	101	
1686	81	84	
1687	86	
1695	75	
1703	19	
1706	8	12	15	17	19	21	
1707	9	11	12	14	15	16	17	18	18	19	20	22	57	
1708	13	19	20	21	22	24	26	52	56	59	
1709	21	22	25	49	50	52	53	
1710	81	82	86	88	89	90	91	93	94	97	99	
1711	81	83	84	85	86	88	88	89	92	95	99	
1712	11	82	87	88	
1713	10	12	13	15	19	24	
1714	7	10	12	14	15	16	16	17	18	19	20	26	57	70	
1715	19	20	21	23	23	25	27	35	52	53	55	56	58	58	61	
1716	49	50	51	52	54	54	92	95	
1717	50	54	81	82	84	85	86	89	91	94	
1718	63	83	85	91	
1719	83	
1721	88	
1738	79	
1739	11	14	18	19	
1740	2	8	9	11	12	14	15	16	17	18	19	21	24	71	
1741	6	13	17	19	19	20	21	24	25	26	56	57	62	74	
1742	22	24	47	50	51	52	54	55	57	58	93	
1743	47	49	51	53	87	88	90	91	92	94	97	
1744	80	81	84	85	90	95	
1745	80	83	85	
1746	8	14	18	28	83	85	98	
1747	9	11	12	13	14	15	16	17	19	21	
1748	3	7	11	12	15	18	19	20	21	23	24	56	57	59	61	72	
1749	22	23	51	52	53	54	55	56	58	93	
1750	50	53	54	59	82	86	87	89	90	92	94	97	100	
1751	80	84	86	89	96	
1753	58	
1755	16	
1758	17	
1763	10	11	11	
1772	8	
1773	10	11	13	14	15	16	18	19	
1774	7	12	15	16	16	17	18	19	21	22	24	51	57	58	72	
1775	20	21	22	24	52	55	56	59	60	
1776	46	48	48	49	50	51	52	53	54	55	64	91	
1777	51	55	56	81	82	83	85	86	90	95	
1778	16	50	83	83	87	89	
1779	11	16	20	44	72	
1780	6	9	11	13	13	15	16	18	19	26	46	72	
1781	5	6	11	12	15	16	17	18	19	20	22	23	56	57	
1782	17	20	21	22	24	34	53	55	59	62	
1783	23	49	51	52	54	58	87	90	92	95	
1784	52	81	82	83	85	86	89	91	97	
1785	59	82	83	89	
1790	41	
1803	35	
1805	16	
1806	11	14	19	
1807	8	9	10	11	11	12	13	14	
1808	12	12	16	17	18	19	20	22	25	57	58	61	92	
1809	17	18	21	22	23	52	53	53	54	55	56	57	59	60	
1810	42	45	46	47	50	51	52	54	55	56	58	58	89	
1811	40	45	47	48	49	50	56	82	84	88	
1812	12	16	19	21	27	45	46	48	72	
1813	8	11	14	17	19	21	25	28	44	46	67	72	
1814	9	10	12	14	15	17	18	19	20	21	23	
1815	13	21	22	24	27	52	53	57	58	61	
1816	22	23	50	52	54	55	58	60	91	92	92	
1817	54	81	82	84	85	86	87	88	89	91	94	98	
1818	82	84	86	89	
1819	52	93	
1841	5	7	8	9	11	12	14	15	24	
1842	6	12	13	15	17	19	24	60	62	88	92	94	
1843	16	16	17	19	22	54	55	57	59	60	63	93	
1844	29	51	52	54	57	58	62	84	
1845	18	24	45	50	50	72	
1846	10	19	21	26	29	44	50	64	70	
1847	10	13	14	19	20	21	23	24	57	
1848	20	21	23	23	24	28	53	57	61	
1849	51	52	54	55	92	95	
1850	54	82	86	87	88	89	91	94	97	98	
1851	81	82	83	85	89	97	
1852	85	89	
1855	9	46	
1862	16	
1868	83	
1873	24	
1875	4	9	13	14	21	
1876	7	10	11	13	14	14	15	19	80	82	85	87	91	94	100	
1877	12	13	16	19	21	82	85	86	87	88	90	91	92	95	97	
1878	17	92	93	
1879	23	
1880	23	93	
1881	17	22	24	25	93	
1882	52	54	55	62	92	94	96	98	
1883	55	59	82	86	88	89	89	90	92	93	95	
1884	80	82	83	84	86	88	88	90	94	103	
1885	81	85	88	
1892	2	
1893	19	
1894	59	
1901	89	
1909	4	12	
1910	5	6	11	14	84	
1911	7	10	12	13	14	81	82	83	85	86	89	91	97	101	
1912	8	11	15	85	86	87	90	91	93	94	97	100	
1913	86	87	90	91	92	93	94	96	98	
1914	87	88	90	90	91	93	94	96	
1915	86	87	90	92	94	96	101	
1916	83	85	87	88	89	90	91	93	95	
1917	82	83	84	86	89	95	
1918	84	98	
1935	87	
1938	77	
1940	77	
1944	87	
1945	12	14	80	84	87	90	
1946	81	82	83	84	86	89	96	
1947	80	81	82	83	85	86	87	88	90	92	97	100	
1948	80	80	81	82	82	84	85	85	87	89	91	95	99	
1949	80	81	82	83	84	85	86	88	91	94	100	
1950	79	80	82	84	85	87	88	93	93	95	95	102	
1951	81	84	87	97	
1952	86	
1979	83	
1980	81	83	85	88	
1981	80	82	85	88	93	
1982	81	83	84	90	
1983	81	84	87	98	
1985	94	
1987	28	
2003	79	
2007	27	
2009	45	
2016	19	84	
2019	90	
2025	83	
2027	85	
2029	87	
2030	12	
2035	77	
2046	10	
2052	92	95	
2059	40	
2061	13	
2066	81	
2077	54	
2078	86	
2084	100	
2085	10	
2142	100	
2153	103	
2178	27	
2186	10	
2189	7	
2190	35	
2207	94	
2214	97	
2238	25	
2251	15	
2254	10	
