80	51	52	
113	43	
148	87	
182	88	
212	92	
213	87	90	92	96	
214	87	90	91	92	97	
215	87	91	93	96	
216	87	91	92	
217	92	
219	6	
244	88	92	
245	87	91	92	95	98	
246	86	87	88	89	91	92	94	97	
247	82	83	84	86	87	88	88	89	90	92	93	95	
248	82	83	84	85	86	87	89	90	91	94	96	
249	9	80	81	82	84	85	86	87	88	89	91	95	
250	11	15	81	82	83	84	85	86	88	89	90	95	98	99	
251	17	83	86	87	88	89	90	92	94	96	
252	82	85	86	87	89	90	91	95	
253	16	87	91	92	
277	51	54	
278	50	53	55	83	86	87	89	90	93	95	98	
279	81	82	83	84	85	86	87	88	89	90	91	94	97	
280	78	80	81	82	83	84	85	86	88	89	90	93	96	
281	40	57	67	79	80	81	82	84	85	90	99	
282	12	16	17	41	43	46	47	67	79	80	80	81	84	85	101	
283	10	17	17	18	19	20	38	41	43	44	46	78	79	80	83	99	
284	7	11	21	48	79	80	81	83	
285	7	9	13	13	80	81	82	84	85	89	100	
286	11	14	81	82	83	83	84	85	87	89	90	93	97	101	
287	17	82	83	85	86	87	88	90	91	96	101	
288	86	87	88	90	91	95	
289	87	90	92	97	
290	87	88	90	91	95	
291	83	86	87	90	91	92	94	97	
292	86	87	89	90	91	93	97	
293	86	87	90	91	93	94	97	
294	86	87	90	91	92	95	97	
295	87	88	89	90	91	93	97	
296	16	
309	56	57	
310	48	51	52	54	
311	44	46	49	51	52	54	95	
312	50	81	82	84	85	87	88	89	91	97	99	
313	53	78	79	81	82	83	83	84	86	88	88	91	94	
314	8	12	18	79	80	81	83	84	
315	10	12	14	14	15	16	16	17	19	19	43	78	80	
316	12	15	17	18	18	19	20	21	22	24	34	47	53	54	57	58	64	79	
317	20	21	23	24	26	43	45	47	49	50	52	54	56	57	61	64	
318	23	24	44	45	46	47	48	48	49	50	56	57	
319	23	26	41	43	44	45	46	46	47	49	78	
320	8	9	11	14	26	43	70	79	80	84	
321	10	12	14	80	81	82	84	85	87	88	91	94	99	
322	82	83	83	84	85	87	88	89	90	91	93	97	98	
323	81	82	83	84	85	86	87	88	89	90	91	93	95	
324	8	80	82	83	85	86	87	88	89	90	93	96	98	
325	81	82	83	84	85	86	87	88	89	94	97	
326	81	82	84	84	85	86	88	89	95	101	
327	81	82	84	85	86	88	89	90	95	
328	8	13	80	81	82	83	84	85	86	87	88	89	90	94	98	
329	6	11	15	81	82	83	85	85	87	88	89	90	91	94	96	
330	13	16	17	82	84	86	88	89	90	92	95	
331	16	18	93	
343	52	56	57	58	60	
344	34	47	50	51	51	52	53	53	54	55	56	59	61	
345	43	44	45	46	46	47	48	49	50	51	55	
346	45	49	78	79	83	85	
347	9	12	13	66	79	81	85	
348	5	7	9	11	12	14	15	15	16	17	19	20	65	70	79	
349	11	13	14	15	16	17	17	17	18	19	20	20	21	23	23	25	
350	18	20	21	22	23	25	27	
351	52	55	57	
352	35	45	50	51	52	54	55	56	57	60	65	
353	43	45	46	47	49	49	50	51	52	53	54	62	
354	42	44	45	46	47	48	49	
355	79	81	
356	79	80	81	82	83	85	86	90	95	
357	80	80	81	82	84	85	87	88	
358	16	17	35	40	48	60	67	80	81	82	84	85	
359	16	17	18	18	19	20	41	44	45	46	47	56	57	59	70	79	80	84	
360	20	21	26	29	41	43	44	46	47	48	48	51	56	59	67	69	79	80	83	
361	21	29	40	42	43	44	46	47	49	80	81	83	
362	9	11	41	44	46	48	79	80	81	83	
363	6	10	11	12	14	15	18	79	80	82	83	84	90	94	
364	8	11	12	14	15	16	20	80	81	82	84	85	86	88	89	91	97	98	
365	16	17	18	20	86	91	
377	56	57	62	
378	35	46	47	50	50	51	52	53	53	54	54	55	56	59	
379	41	44	45	46	46	47	48	49	49	50	60	
380	32	43	44	46	49	83	94	
381	6	9	10	11	13	14	67	
382	3	6	8	11	12	13	13	14	15	15	16	17	18	19	20	24	
383	2	15	16	16	17	18	19	20	21	22	24	25	
384	23	
385	23	58	
386	52	53	55	56	58	
387	45	47	48	49	50	51	52	52	54	54	55	56	57	58	60	
388	44	45	46	47	49	49	50	52	54	
389	5	43	45	
390	80	84	
391	6	9	10	13	13	15	16	18	19	79	80	84	
392	6	9	11	12	13	14	15	16	16	17	18	18	19	20	20	21	27	34	43	68	79	
393	15	18	20	20	21	22	23	24	26	45	52	57	63	
394	22	23	24	44	50	51	52	54	55	55	56	57	59	
395	23	24	40	42	44	45	46	47	48	48	49	50	50	51	53	54	59	65	
396	38	44	44	46	46	49	50	
397	3	8	9	11	13	43	48	79	
398	5	6	9	11	11	12	14	15	15	16	19	80	81	83	83	85	91	
399	13	15	16	17	18	19	20	22	82	84	86	88	96	
400	18	21	
411	52	55	56	58	
412	34	47	50	51	51	52	53	53	54	55	56	57	58	59	61	
413	36	41	43	45	46	47	47	48	49	50	50	51	53	55	61	
414	30	43	44	46	46	49	
415	8	8	9	10	11	13	14	29	
416	2	7	10	11	12	13	13	14	15	15	16	17	18	19	23	
417	16	17	17	20	21	22	25	88	
418	18	
420	52	55	56	57	
421	47	49	50	51	51	52	53	53	54	55	56	59	62	
422	45	45	46	47	48	49	50	51	54	
423	45	48	96	
424	8	9	10	12	14	
425	6	10	11	12	12	13	13	14	15	15	16	17	18	19	
426	12	14	16	17	18	18	19	20	21	22	23	25	
427	22	
428	51	53	54	55	56	57	61	
429	47	48	49	50	51	52	53	54	54	55	56	59	
430	42	43	44	44	45	46	46	47	49	49	50	54	
431	5	8	44	48	
432	7	9	10	11	13	14	15	80	99	
433	3	6	8	12	13	15	16	17	19	20	22	24	81	84	87	88	93	
434	17	17	18	20	21	
436	57	58	
437	58	
445	58	
446	50	51	52	53	54	55	56	57	58	59	61	
447	37	45	45	46	47	48	49	50	50	51	52	53	53	54	56	56	59	
448	42	44	45	46	47	47	49	49	50	
449	5	9	10	13	14	44	
450	3	7	10	11	12	14	15	81	87	
451	8	13	14	17	19	22	81	83	84	86	87	89	91	93	97	100	
452	17	87	90	92	95	
453	93	
454	52	53	55	56	57	59	
455	47	49	50	51	52	53	54	54	55	56	60	
456	44	45	47	48	49	50	52	82	88	
457	46	95	
458	5	7	8	9	10	11	14	14	18	27	
459	7	10	11	12	13	13	14	15	15	16	16	17	19	19	20	24	27	69	
460	17	17	18	19	20	21	22	
461	23	
462	55	56	57	
463	34	36	51	51	52	53	53	54	55	55	56	57	59	61	
464	42	45	46	47	48	48	49	49	50	51	52	54	
465	43	45	46	49	
466	4	7	9	10	12	13	15	
467	7	11	12	12	13	14	15	15	16	17	18	19	20	24	81	82	83	86	94	
468	16	17	17	19	20	21	
469	23	
480	55	57	58	
481	36	50	51	52	53	54	54	55	56	57	59	
482	37	42	43	45	45	46	46	47	48	48	49	50	50	52	53	
483	5	28	42	44	45	46	47	48	
484	1	5	6	9	10	12	14	98	
485	7	9	10	12	13	13	15	80	81	83	84	85	86	89	91	94	
486	6	11	15	16	81	82	83	85	86	87	88	89	90	92	96	100	
487	18	83	86	87	88	90	92	96	
488	52	54	55	56	87	88	91	93	97	
489	50	51	52	53	53	54	55	60	87	88	90	92	94	98	
490	45	47	49	50	54	83	86	87	89	91	93	94	98	
491	85	91	
492	4	8	9	10	11	13	13	15	16	68	
493	6	8	10	11	12	13	14	15	16	16	17	18	18	19	20	21	24	
494	17	18	20	21	22	25	
496	57	
497	52	53	54	54	55	55	56	56	57	57	59	62	
498	42	46	47	48	49	49	50	50	51	52	53	54	55	59	
499	44	45	46	48	49	
500	4	8	9	10	11	14	
501	5	8	10	11	12	13	13	14	15	15	16	17	18	19	21	
502	16	17	18	19	20	21	22	
503	22	
507	83	83	84	
515	52	53	54	55	55	57	58	59	62	
516	47	48	49	50	51	52	54	54	55	56	57	59	61	
517	31	41	43	43	44	45	46	47	48	49	49	50	51	53	58	
518	28	38	39	42	43	44	45	46	46	47	49	66	
519	1	5	6	8	10	12	14	43	44	46	68	80	
520	11	12	15	26	69	80	81	82	83	85	
521	13	80	81	82	84	85	85	87	89	90	93	97	100	
522	52	55	56	81	82	83	84	85	87	89	90	95	
523	47	51	53	54	55	80	82	83	84	85	86	87	88	89	90	94	97	
524	49	80	82	84	86	87	88	90	97	
525	9	13	85	88	
526	5	6	8	10	11	12	13	14	17	18	
527	7	10	11	12	13	14	15	16	17	17	18	19	20	21	24	69	
528	17	18	20	21	22	23	
530	56	
531	51	52	52	54	55	56	57	58	61	
532	49	50	51	51	52	53	54	92	
533	45	48	49	50	88	89	91	94	
534	4	9	10	12	13	34	
535	5	6	8	9	11	11	12	13	13	14	14	15	16	16	18	19	25	32	33	68	81	
536	16	17	17	18	19	20	21	21	22	
537	23	
550	52	54	55	58	
551	50	51	54	55	55	56	57	60	63	
552	24	28	33	45	48	48	50	51	52	53	54	56	56	57	59	61	
553	24	34	36	40	43	44	45	46	46	47	47	48	49	49	50	56	59	67	
554	5	23	23	41	43	43	44	46	47	47	49	49	57	66	79	
555	29	37	38	42	43	44	46	47	49	56	68	79	80	83	
556	20	41	43	46	47	50	56	66	78	79	80	83	84	88	99	
557	26	37	38	42	46	48	49	53	53	66	78	79	80	80	84	
558	44	46	79	81	84	
559	9	44	
560	6	8	9	10	11	12	13	13	14	14	15	
561	7	11	12	12	15	16	18	19	21	25	
562	16	17	18	21	23	
564	52	53	56	
565	50	51	52	54	55	60	88	90	92	
566	50	51	53	58	83	85	86	88	88	90	91	93	95	
567	9	48	67	81	83	84	86	87	90	95	
568	5	6	8	9	10	11	12	13	14	15	16	17	65	68	
569	6	12	13	14	15	16	17	17	18	18	19	20	20	21	23	25	
570	2	13	18	20	21	22	24	
571	21	
585	53	55	
586	52	54	55	61	
587	45	49	51	53	54	55	55	56	60	
588	25	45	49	51	54	55	56	59	
589	24	25	31	44	45	47	49	50	52	53	55	56	58	61	64	67	
590	23	24	25	30	42	44	45	47	48	50	51	53	54	55	56	58	58	60	
591	23	24	33	39	43	43	44	45	46	47	48	48	49	50	51	54	56	57	58	61	
592	24	29	39	42	43	43	44	45	46	47	47	48	49	50	53	69	
593	9	24	40	44	45	46	47	
594	6	8	9	11	12	13	15	
595	3	7	9	11	12	12	14	15	19	22	83	88	90	
596	16	17	20	23	83	86	88	88	90	91	92	95	
597	56	87	90	92	97	
598	52	54	87	89	90	92	96	
599	50	51	54	55	82	85	87	87	89	90	92	94	97	99	
600	48	67	80	81	82	84	85	87	89	91	101	
601	9	10	13	15	16	18	28	43	67	79	81	85	
602	7	9	11	12	12	14	14	15	16	16	17	18	18	19	20	44	
603	2	15	17	18	18	19	20	21	21	22	24	25	27	
604	23	
623	55	
624	52	54	55	55	57	62	65	
625	24	50	52	53	54	55	55	56	57	58	59	
626	25	35	44	45	47	47	49	50	51	52	53	53	54	55	56	59	61	63	
627	24	30	37	39	42	43	44	45	45	46	47	47	48	49	50	
628	9	24	41	44	45	46	48	70	
629	6	9	10	12	13	15	26	81	98	
630	12	21	82	83	84	85	87	89	96	98	
631	53	81	82	85	86	87	88	88	90	91	94	97	
632	55	60	81	83	84	85	87	88	88	89	90	92	95	
633	16	47	67	78	79	80	82	83	83	84	85	86	89	
634	8	10	14	16	16	18	19	20	42	43	45	78	80	81	83	
635	4	6	10	12	13	13	14	15	17	18	19	20	20	21	26	68	
636	5	12	15	19	20	21	22	23	23	24	25	27	
637	22	23	
659	53	55	58	
660	51	52	53	54	55	55	56	57	58	60	
661	33	37	43	45	47	49	50	51	52	54	54	56	57	59	60	
662	25	31	42	43	44	44	45	46	47	47	48	49	50	53	56	59	65	67	
663	36	39	42	44	44	46	47	49	
664	8	22	41	43	47	69	79	80	81	84	
665	16	39	44	46	79	80	81	82	83	85	
666	17	20	26	38	43	43	49	68	79	80	81	84	85	
667	7	9	11	12	13	14	15	16	16	18	18	20	29	68	79	
668	4	12	13	14	15	16	18	19	20	21	22	24	45	49	79	
669	20	21	22	23	23	24	
670	1	22	24	
695	51	54	55	57	60	
696	49	51	52	54	55	56	59	62	
697	24	25	31	36	42	44	45	45	47	48	48	49	51	53	53	54	56	58	61	
698	24	25	29	43	43	44	45	46	48	49	59	66	
699	9	22	23	42	44	45	62	64	
700	10	12	13	15	18	18	20	21	44	65	68	78	
701	15	19	21	22	23	23	24	
702	20	21	22	23	25	
703	25	
730	55	
731	54	
732	49	54	
733	12	23	25	45	63	
734	24	25	
735	23	24	74	
818	79	
1163	23	
1167	32	
1171	6	
1172	81	
1193	69	
1201	64	
1211	35	
1212	99	
1235	65	
1236	49	
1237	54	
1249	94	
1250	9	
1253	62	
1257	80	
1262	92	
1267	87	
1273	32	
1286	52	
1290	94	
1294	52	
1297	52	96	
1302	45	66	
1304	48	
1305	66	85	
1317	13	
1327	37	
1329	54	
1335	51	
1336	41	
1338	91	
1341	67	
1344	1	
1345	32	99	
1347	1	
1358	9	
1361	90	
1367	37	
1368	16	43	66	
1369	17	19	30	36	42	47	49	57	67	
1370	21	42	45	46	57	63	66	
1371	19	39	45	47	51	56	
1372	43	
1373	42	43	67	
1374	9	47	
1382	95	
1383	59	
1392	8	
1399	28	37	
1400	14	16	19	47	
1401	14	17	19	22	23	26	40	43	
1402	11	14	16	17	18	19	21	24	26	35	42	45	47	57	60	67	68	
1403	17	19	20	21	25	41	43	45	46	47	50	54	56	58	61	68	
1404	18	20	22	23	43	45	50	55	57	62	66	
1405	21	25	34	43	43	45	47	48	50	53	56	61	
1406	23	25	27	38	43	44	45	46	47	48	50	54	57	58	
1407	41	45	47	49	68	
1408	22	28	36	43	43	48	49	59	
1409	28	
1411	2	39	
1414	45	
1415	39	47	
1416	28	42	
1417	35	49	
1419	25	
1426	2	
1432	13	
1433	16	
1434	10	13	14	16	18	19	20	21	23	27	27	43	68	69	
1435	12	14	14	15	16	18	18	19	20	21	42	45	64	
1436	19	20	21	23	24	26	45	62	68	
1437	21	22	24	27	49	54	92	
1438	22	24	54	55	90	92	
1439	55	87	88	91	92	94	96	
1440	24	35	51	53	55	57	61	87	91	93	96	
1441	18	25	35	45	50	52	53	55	56	58	59	93	
1442	22	25	38	42	43	44	45	46	47	48	49	50	53	54	57	67	
1443	40	43	44	45	46	47	50	56	67	
1444	21	41	45	46	
1445	19	38	38	43	44	46	47	48	58	59	65	
1446	19	21	36	43	45	47	50	
1447	19	22	25	26	42	45	47	49	59	
1448	19	26	36	39	43	44	46	56	59	70	
1449	21	28	42	47	49	55	56	59	67	
1450	18	20	41	45	47	49	56	59	
1451	21	40	44	46	47	49	
1452	50	
1454	76	
1455	30	
1457	94	
1459	71	
1461	7	
1466	10	14	
1467	7	8	11	12	14	15	16	17	19	68	
1468	11	13	14	15	16	16	17	18	19	19	21	23	24	27	
1469	13	17	18	21	22	23	24	26	44	
1470	22	23	24	46	50	51	53	
1471	50	52	53	87	90	92	94	96	
1472	81	82	84	85	87	88	89	91	94	100	
1473	6	10	81	82	83	84	86	90	94	99	
1474	7	10	12	15	81	82	83	84	85	88	88	90	
1475	8	13	19	52	55	61	83	85	86	89	91	96	
1476	16	25	50	52	53	54	57	58	61	91	98	
1477	17	24	33	34	38	42	44	45	47	48	49	51	54	58	59	
1478	21	25	40	43	44	45	46	48	49	55	56	64	66	
1479	20	22	25	42	44	46	48	50	55	57	59	64	
1480	19	21	23	24	27	44	45	48	53	55	57	60	65	67	70	
1481	19	20	22	24	26	44	45	50	55	57	60	64	
1482	20	22	23	43	45	49	62	64	
1483	17	21	24	26	35	43	45	48	52	54	56	57	58	62	
1484	21	22	25	26	44	45	46	47	49	50	52	54	56	60	67	
1485	21	23	25	40	43	43	45	46	47	48	49	56	58	
1486	33	42	45	46	49	
1497	29	
1498	13	
1499	14	
1500	9	14	
1501	7	9	10	11	12	13	14	15	16	19	23	
1502	15	15	16	16	17	18	18	19	20	21	23	57	
1503	21	22	24	47	51	51	53	53	55	56	
1504	47	49	51	55	91	94	
1505	51	80	81	83	83	85	86	88	89	93	93	97	
1506	79	80	81	83	85	89	95	
1507	78	79	82	83	90	101	
1508	10	80	84	
1509	7	9	10	12	14	80	81	82	84	88	96	
1510	7	11	13	15	16	19	55	82	84	87	88	91	95	
1511	16	17	18	18	19	21	25	35	55	60	60	64	
1512	23	25	54	56	59	
1513	25	45	53	65	
1514	23	25	53	
1515	54	87	88	90	91	92	94	98	
1516	86	88	89	90	92	93	96	
1517	55	87	90	91	93	95	
1518	16	17	24	33	48	52	54	55	56	56	58	58	60	86	88	91	92	96	
1519	17	24	36	41	43	44	45	45	47	48	49	50	51	52	53	54	56	57	
1520	43	44	45	46	47	49	49	50	57	57	61	
1521	45	53	53	
1522	50	
1528	11	
1534	8	11	13	18	
1535	5	6	9	10	10	11	12	13	14	15	15	20	
1536	13	15	16	17	18	18	19	20	23	24	52	52	55	55	56	57	58	61	
1537	18	21	23	46	47	49	50	50	51	52	53	54	
1538	43	45	46	48	50	56	78	82	86	88	94	98	
1539	36	78	79	81	84	89	
1540	80	86	
1541	10	80	93	
1542	4	
1543	6	9	12	15	19	80	90	
1544	7	9	11	12	13	14	14	15	16	19	20	79	81	83	
1545	13	16	17	18	18	19	20	21	56	
1546	21	52	
1547	47	49	51	52	54	91	
1548	51	86	87	89	89	90	92	94	95	
1549	78	81	82	83	84	85	87	89	91	
1550	12	80	81	83	85	87	89	
1551	7	9	11	12	13	15	82	84	86	88	89	92	94	100	
1552	8	12	15	17	55	58	82	84	85	87	89	93	95	95	
1553	16	17	17	19	20	48	50	50	51	52	54	55	56	57	59	62	87	
1554	41	44	45	45	46	46	47	49	49	50	52	53	57	77	
1555	43	45	48	49	53	57	
1556	48	57	
1560	4	
1568	8	10	13	
1569	4	6	9	10	11	12	13	14	15	
1570	8	12	13	15	16	18	18	19	21	24	35	51	52	53	55	55	56	57	58	60	82	87	90	92	
1571	17	17	20	22	42	47	50	51	52	53	54	55	56	57	58	61	
1572	35	41	44	45	46	47	48	49	50	52	56	
1573	44	46	64	71	80	
1575	19	
1576	12	14	19	93	
1577	8	10	13	14	19	
1578	5	6	9	10	11	12	13	14	15	16	18	19	21	23	
1579	12	16	17	17	18	19	20	21	23	53	56	57	73	
1580	21	42	46	47	48	51	52	53	53	54	55	56	58	
1581	44	47	49	50	51	54	89	
1582	44	48	80	81	82	83	84	85	88	89	101	
1583	79	82	85	
1584	79	81	85	90	94	
1585	7	9	11	13	79	80	83	86	
1586	6	8	10	11	12	13	14	15	17	18	57	79	81	83	85	90	
1587	15	16	17	18	19	35	48	51	52	53	54	55	56	57	59	61	81	85	88	90	
1588	17	21	41	45	46	47	48	49	49	50	52	54	55	56	58	
1589	44	45	46	48	49	58	
1590	45	
1593	57	60	60	60	62	98	
1601	38	
1602	10	20	
1603	4	6	8	9	11	13	14	86	
1604	7	10	11	12	13	14	15	16	18	53	55	58	81	82	84	86	90	99	
1605	16	17	18	20	23	34	38	47	51	51	52	54	55	56	60	84	86	87	89	91	93	
1606	42	44	45	46	47	48	49	50	51	54	56	58	
1607	42	43	45	46	47	48	56	
1608	26	36	44	46	
1609	43	49	
1611	6	9	11	14	15	16	18	25	72	
1612	7	11	12	13	13	14	15	16	17	19	20	23	
1613	3	13	16	17	18	19	20	21	22	23	25	52	53	55	56	57	60	
1614	42	46	47	48	49	50	51	52	53	53	54	58	60	
1615	44	45	47	49	50	58	84	89	95	
1616	49	78	94	
1617	94	
1618	80	
1619	10	13	20	85	
1620	8	8	10	11	12	14	15	19	21	82	84	89	
1621	12	13	15	16	17	18	19	22	37	55	56	57	58	60	68	80	83	86	
1622	16	17	21	23	42	45	47	48	49	50	51	51	53	53	54	57	62	
1623	42	44	45	47	48	49	51	
1624	48	
1625	53	53	
1626	53	53	54	
1631	7	
1632	3	
1633	9	
1635	86	
1636	46	
1637	10	14	19	
1638	6	8	10	11	12	14	15	80	82	84	87	90	94	
1639	13	15	17	19	52	53	54	55	55	57	62	81	82	83	84	86	88	88	90	92	95	98	
1640	16	18	19	34	45	48	50	51	52	54	55	56	57	59	62	87	91	92	
1641	41	44	45	47	48	49	49	50	53	53	57	58	
1642	33	39	42	43	45	46	48	49	50	60	72	
1643	26	41	44	47	
1644	13	18	22	42	43	47	66	68	
1645	7	9	10	11	13	15	18	20	25	
1646	5	7	11	12	14	14	15	16	17	19	19	20	22	57	70	
1647	17	18	19	19	20	21	23	23	52	53	55	56	57	59	
1648	46	47	47	49	50	51	52	53	54	55	60	
1649	44	45	47	48	49	52	53	56	84	91	95	
1650	84	89	96	
1651	31	
1652	90	
1653	4	9	23	
1654	5	6	9	10	11	13	13	14	15	19	
1655	7	11	12	15	16	17	18	18	19	20	21	24	53	55	55	56	58	62	68	79	83	
1656	17	20	21	22	47	48	49	50	51	52	54	54	55	56	57	59	61	
1657	43	44	45	46	47	48	49	51	53	57	63	
1658	17	44	49	
1660	30	
1662	12	
1665	68	
1668	9	
1672	4	7	8	10	12	13	16	
1673	6	9	10	12	14	15	19	80	81	82	83	84	86	89	92	100	
1674	13	15	54	55	81	82	85	87	89	90	91	94	98	
1675	17	51	54	55	55	56	58	59	87	90	91	92	94	96	
1676	25	33	34	45	48	49	52	53	55	56	61	63	92	
1677	22	44	45	49	59	
1678	11	13	20	23	23	28	43	45	48	67	
1679	8	11	13	14	15	18	19	21	24	43	
1680	11	12	15	17	19	20	21	22	23	25	26	57	
1681	21	22	48	51	52	53	54	55	55	56	57	59	61	
1682	42	45	46	47	49	49	50	51	51	53	55	56	
1683	13	44	45	47	48	50	78	86	88	92	95	
1684	44	
1685	53	
1687	9	17	18	
1688	6	9	10	11	13	14	15	17	19	23	67	
1689	2	7	11	12	13	15	16	17	18	19	19	20	21	25	56	57	
1690	18	20	21	22	47	47	50	51	52	53	54	55	58	61	
1691	31	31	31	32	46	48	50	52	57	90	92	
1692	51	57	
1699	68	
1703	7	
1704	11	
1705	14	
1707	5	6	11	14	14	18	80	83	85	91	
1708	6	10	14	80	81	82	83	85	88	90	98	
1709	8	10	12	14	17	77	80	81	81	82	84	85	85	87	88	90	92	96	98	
1710	12	15	82	83	85	87	88	89	91	94	97	
1711	86	87	88	89	90	91	92	95	97	
1712	12	25	87	90	91	92	96	98	
1713	12	15	24	88	90	91	93	96	
1714	22	23	57	88	92	98	
1715	36	51	52	52	53	54	55	56	58	58	61	92	
1716	36	42	45	46	46	47	48	49	49	50	51	52	53	54	
1717	44	45	47	49	55	
1718	45	48	
1720	15	
1721	8	11	14	17	19	28	
1722	9	10	11	13	14	15	16	16	17	19	19	21	23	25	57	68	
1723	1	15	17	20	21	23	23	25	51	52	53	56	61	87	
1724	22	48	49	50	51	52	54	55	92	92	
1725	48	50	78	80	82	84	85	87	89	91	94	100	
1726	96	
1731	95	95	96	
1740	80	
1742	81	85	
1743	5	7	11	79	80	82	84	90	
1744	6	11	15	79	80	81	82	83	85	88	94	
1745	7	9	80	81	82	83	84	85	87	90	96	102	
1746	9	13	78	81	81	82	83	84	85	87	88	89	91	97	
1747	8	10	13	14	81	82	84	86	88	89	91	96	
1748	10	12	14	15	17	58	82	83	86	88	89	90	92	93	95	
1749	16	52	54	55	55	57	60	82	83	86	87	89	90	91	94	98	
1750	18	43	47	48	50	51	52	53	54	55	56	58	58	61	92	
1751	9	39	43	44	45	46	47	49	49	52	53	55	56	
1752	27	38	40	45	46	49	61	66	
1753	8	18	26	38	43	43	
1754	8	11	14	18	20	23	29	65	70	
1755	4	8	10	12	13	14	15	16	17	19	20	21	24	29	70	
1756	5	12	15	19	20	21	22	24	53	56	57	69	
1757	22	23	25	50	51	52	53	54	55	93	
1758	49	52	55	62	82	85	85	87	88	88	90	91	93	94	96	98	
1759	78	80	82	83	85	88	89	93	
1760	86	90	
1765	102	
1769	69	
1776	44	
1778	79	86	93	
1779	6	80	81	83	
1780	5	13	79	80	81	84	95	
1781	5	8	14	79	81	83	83	
1782	4	9	11	14	79	80	81	83	84	86	89	93	99	
1783	7	11	12	15	17	53	79	80	81	81	83	84	85	86	88	90	94	
1784	16	20	53	54	55	56	56	58	60	82	83	85	86	87	88	89	89	91	92	94	98	
1785	17	34	45	47	49	50	52	54	57	60	92	
1786	44	45	46	47	48	49	75	
1787	14	22	42	43	45	63	66	
1788	8	10	12	14	15	19	21	23	24	45	65	
1789	7	12	15	20	21	22	23	25	57	
1790	52	53	55	88	90	92	95	97	
1791	55	82	83	85	86	87	89	90	91	92	94	96	
1792	54	81	82	83	84	85	87	89	96	
1793	81	83	87	
1794	84	
1812	18	19	21	83	
1813	46	84	
1814	85	
1815	10	88	
1816	4	11	79	83	
1817	4	7	10	12	14	19	79	81	86	90	
1818	6	8	10	11	12	13	14	80	81	82	84	85	86	87	88	91	98	
1819	16	81	82	85	86	87	88	89	90	91	94	95	
1820	17	54	88	89	91	92	97	
1821	25	88	92	
1822	23	24	52	93	98	
1823	23	53	86	87	90	91	93	94	96	
1824	54	80	81	82	84	85	86	87	89	90	93	95	
1825	54	78	79	80	80	81	82	84	84	86	89	
1826	79	81	84	86	91	95	
1827	81	85	100	
1829	74	98	
1831	3	
1842	42	
1843	92	
1844	45	
1849	86	
1850	11	
1851	3	10	15	28	
1852	9	13	79	81	83	85	92	
1853	2	6	8	10	13	79	80	81	82	83	84	89	95	99	
1854	80	81	82	84	85	87	90	93	96	100	
1855	53	82	85	86	86	87	89	90	92	94	
1856	81	82	83	86	89	91	93	95	
1857	80	81	82	84	85	87	88	91	
1858	78	80	81	84	87	89	
1859	57	80	85	98	
1860	79	83	
1866	1	
1886	3	15	85	
1887	80	84	89	
1888	1	78	80	81	84	90	
1889	79	80	81	82	83	85	87	90	100	
1890	80	81	84	88	91	98	
1891	78	80	83	85	91	
1892	79	
1911	39	
1920	16	
1921	86	
1922	83	90	
1923	80	
1924	79	83	86	
1925	80	
1926	92	
1934	89	
1944	14	
1952	53	
1975	21	
1979	99	
1990	7	
1999	32	
2003	7	
2009	76	
2027	84	
2042	59	
2043	66	
2049	25	
2062	3	
2064	26	
2093	88	
2097	3	
2100	87	
2114	101	
2115	94	
2119	94	
2156	45	
2186	6	
2225	98	
2238	99	
2264	15	
