48	59	
79	47	
84	83	
146	32	
181	25	
182	23	
191	88	91	93	
192	87	90	92	96	
193	83	86	88	90	92	94	97	
194	87	91	92	97	
195	92	98	
212	18	
220	100	
222	58	
223	92	
224	38	83	87	90	92	93	96	
225	37	85	87	88	89	90	92	95	102	
226	46	82	83	85	86	88	89	90	92	93	96	99	
227	7	11	14	81	82	84	85	86	89	89	93	96	
228	8	11	15	82	83	84	85	86	87	89	90	91	94	95	98	
229	12	15	86	87	88	90	91	94	97	
230	16	17	18	19	
254	56	
255	56	
256	51	52	54	
257	36	52	82	86	88	90	91	93	94	97	
258	43	82	83	84	85	86	87	89	90	91	94	99	
259	16	18	40	47	50	56	57	59	61	68	68	80	81	82	83	83	84	85	89	99	
260	17	18	20	43	44	45	47	49	50	56	56	59	80	81	84	
261	20	21	26	33	40	43	44	45	46	47	47	48	49	50	71	80	81	83	84	
262	4	9	10	13	44	46	81	82	84	85	
263	6	7	10	11	12	13	14	15	81	82	83	84	85	87	89	93	101	
264	12	16	17	18	20	85	87	89	92	97	
265	17	22	
288	52	56	59	
289	51	53	54	60	
290	50	51	55	63	86	88	90	92	94	97	
291	39	81	82	84	85	86	89	90	
292	8	10	12	14	15	16	18	18	19	44	70	79	80	82	84	101	
293	11	13	15	17	19	20	21	24	44	81	
294	20	21	22	24	50	52	53	54	55	56	56	57	58	60	61	
295	22	23	24	45	48	49	50	51	52	54	56	59	
296	3	8	42	44	45	46	47	49	50	
297	6	9	10	11	14	14	15	44	81	84	88	
298	7	12	13	14	15	19	81	82	84	86	90	92	94	
299	16	17	18	19	20	
316	93	
317	87	91	92	95	
318	83	85	86	88	89	90	91	92	94	97	
319	12	83	86	87	90	92	93	96	
320	90	92	93	94	96	
321	3	5	88	91	92	98	
322	2	52	55	87	91	93	98	
323	52	54	86	87	90	91	92	95	
324	10	82	84	86	88	88	90	94	
325	6	10	12	14	15	16	17	18	19	81	83	
326	12	14	15	16	17	19	20	21	23	24	25	
327	5	21	23	24	73	
328	53	57	57	
329	48	50	50	51	52	54	55	56	57	59	60	63	
330	43	45	46	47	48	49	49	50	53	
331	8	9	13	44	
332	2	7	11	12	12	14	14	15	16	82	84	86	88	91	101	
333	13	16	17	17	18	19	20	21	27	100	
334	22	
347	56	
349	52	58	92	
350	86	88	90	91	92	95	
351	42	81	82	84	85	86	87	89	90	91	94	97	99	
352	10	43	46	67	81	83	84	85	86	89	95	100	
353	9	26	36	46	82	83	84	85	89	93	101	
354	10	82	83	84	85	86	87	88	89	90	92	94	99	
355	82	84	85	86	87	89	90	91	94	97	
356	82	84	86	87	88	89	90	91	92	94	96	
357	81	82	83	84	85	86	87	89	90	91	93	95	99	
358	7	9	10	11	12	13	14	81	84	86	90	94	
359	12	15	16	17	19	20	25	
360	18	21	23	24	
362	57	
363	50	51	52	53	54	55	56	57	58	60	
364	48	50	50	51	
365	5	8	9	45	49	
366	5	6	7	9	11	11	12	13	13	14	15	15	16	18	24	83	99	
367	15	16	17	17	18	19	20	20	21	22	
368	23	
381	52	56	59	
382	49	51	53	54	
383	49	51	55	66	82	85	87	89	91	92	94	98	
384	66	81	82	83	85	85	87	88	89	90	94	98	
385	6	9	12	13	15	16	17	18	27	33	57	69	80	81	83	83	84	85	
386	17	17	19	20	44	48	50	51	53	55	56	57	58	60	79	80	
387	5	21	22	32	43	44	45	46	47	49	49	50	56	57	59	67	
388	26	36	41	44	45	46	47	48	48	49	50	56	58	81	83	85	98	
389	26	44	45	46	47	52	72	80	81	82	83	84	85	89	
390	81	81	82	83	84	85	86	89	99	
391	10	40	80	81	82	84	85	86	88	90	94	98	
392	5	6	8	9	10	12	13	14	15	15	17	82	83	86	88	93	
393	6	10	11	13	14	15	16	18	18	21	91	93	93	96	
394	15	88	91	93	94	96	
395	92	97	
396	91	93	95	
397	51	52	53	54	55	60	87	91	93	96	
398	50	50	54	83	86	88	90	92	95	
399	8	9	11	13	48	68	88	90	
400	3	7	10	11	12	12	14	15	15	16	16	18	18	19	23	71	84	
401	16	17	18	19	20	21	22	24	
413	58	
414	57	58	
415	51	52	53	54	56	61	
416	47	49	51	52	53	55	83	87	91	93	94	
417	67	80	82	83	85	86	88	90	94	
418	6	9	11	12	13	14	16	18	19	43	44	80	81	82	84	
419	7	12	15	16	17	17	19	19	20	27	28	68	
420	18	21	22	23	24	61	
421	22	23	51	53	54	55	56	57	59	62	
422	44	47	49	50	51	52	53	54	54	55	56	57	58	60	
423	35	44	45	47	48	48	49	49	50	51	54	
424	45	49	53	67	
425	4	11	16	19	33	40	48	68	80	83	89	
426	6	10	13	15	17	18	19	20	39	42	43	45	46	49	66	73	
427	6	8	11	13	21	44	47	82	83	84	85	88	
428	11	15	46	82	83	84	85	86	87	89	90	95	99	
429	11	81	82	85	86	87	88	88	90	91	92	93	95	
430	82	83	85	86	87	88	90	91	92	94	98	
431	38	54	55	82	84	85	86	88	89	90	95	101	
432	49	68	81	83	84	85	86	88	89	90	94	96	99	
433	6	9	10	11	13	14	15	18	68	83	84	101	
434	5	7	12	14	15	16	16	17	17	19	19	20	21	24	26	
435	19	21	22	25	
447	57	
448	52	53	55	57	59	62	
449	46	48	50	51	52	53	54	55	86	90	94	
450	48	81	83	84	86	88	89	90	96	99	
451	6	9	11	14	14	68	81	83	83	85	
452	10	12	13	14	15	16	17	18	19	19	20	21	23	25	44	70	74	
453	20	21	22	25	
454	23	
455	51	53	54	55	56	57	59	62	
456	47	48	50	51	52	52	54	55	56	58	60	
457	45	47	49	50	51	54	
458	10	14	29	44	67	
459	7	12	15	16	17	18	19	19	20	55	57	60	71	
460	18	19	20	21	21	23	24	32	35	36	44	45	47	48	51	52	54	56	57	58	61	
461	21	23	24	31	35	44	44	45	47	48	49	49	56	58	59	
462	3	22	30	42	43	44	45	46	47	48	49	50	56	68	68	81	84	
463	20	21	37	39	43	44	46	48	49	57	59	80	81	83	84	85	89	100	
464	16	20	21	26	42	43	45	46	48	49	59	68	68	81	82	84	89	99	
465	18	19	21	26	32	38	43	44	46	48	49	51	54	59	67	79	80	81	83	84	89	99	
466	8	11	17	18	19	21	38	43	45	64	67	70	79	81	84	
467	9	11	12	13	13	14	14	15	17	18	19	20	21	28	44	70	
468	3	12	15	20	20	21	22	23	24	74	
469	2	22	
480	57	
481	56	57	61	
482	46	48	50	51	52	53	54	55	
483	49	50	86	88	90	92	93	97	
484	9	11	14	81	83	84	86	89	93	
485	8	11	12	13	13	15	15	16	16	18	19	20	
486	16	17	20	21	23	23	25	
488	57	
489	52	55	56	57	59	
490	45	46	47	49	50	51	52	53	54	55	58	
491	8	45	48	50	92	98	
492	6	9	10	11	12	13	14	18	
493	12	16	17	17	18	19	20	21	22	23	24	
494	21	22	25	53	55	
495	23	35	50	52	55	59	64	
496	24	44	49	52	55	59	64	
497	23	25	45	50	55	58	65	
498	21	23	24	27	45	49	52	53	60	64	69	
499	14	19	21	23	24	45	49	65	
500	14	19	21	23	23	24	26	45	49	
501	5	22	23	24	40	40	41	43	
502	25	
514	57	58	
515	51	52	53	54	56	57	61	
516	45	46	47	49	50	51	52	53	54	55	
517	44	48	81	83	85	87	90	92	97	
518	5	6	8	9	11	12	13	13	14	15	16	19	80	84	
519	13	15	16	17	18	18	19	20	22	24	
520	21	22	23	
522	57	
523	51	52	53	54	55	56	57	59	60	
524	46	47	48	49	50	50	51	54	74	75	76	
525	9	10	44	45	48	68	80	87	92	
526	7	10	11	12	13	14	14	15	16	18	
527	13	15	16	17	18	19	20	20	21	24	27	71	
528	18	21	22	
533	24	
541	91	91	92	
548	56	57	59	
549	51	52	53	53	54	55	56	57	58	59	61	
550	44	45	46	47	47	48	49	50	50	54	
551	9	10	13	43	45	81	84	87	90	
552	7	10	11	12	12	14	15	16	18	
553	16	17	17	18	19	21	22	24	
554	17	23	
556	56	58	
557	48	51	52	53	54	55	56	59	
558	45	47	49	50	50	53	54	79	87	96	
559	6	9	9	45	79	86	90	
560	5	6	8	11	12	12	13	13	14	15	15	16	19	69	
561	17	18	19	20	21	23	23	
562	18	
582	56	57	62	
583	34	51	52	52	54	55	56	56	57	58	60	63	
584	42	45	46	46	47	48	48	49	50	50	51	53	
585	9	10	13	44	45	48	49	81	
586	5	6	8	9	11	12	12	14	14	15	18	
587	12	15	16	17	18	20	21	23	24	
588	17	
589	56	
590	52	55	56	60	
591	50	51	52	53	54	55	58	93	
592	49	83	85	87	89	92	93	96	
593	7	9	10	11	14	79	84	87	90	99	
594	7	11	12	13	14	15	15	16	17	18	18	19	24	70	
595	18	19	20	21	22	23	
616	57	
617	51	52	53	54	55	56	57	58	60	
618	43	46	47	49	50	50	50	51	52	54	54	56	
619	10	40	44	45	46	48	49	
620	1	8	9	10	12	13	14	15	101	
621	7	11	12	14	15	16	20	85	87	88	91	93	94	103	
622	18	91	93	
623	88	92	
624	52	53	55	56	59	88	91	93	
625	50	51	53	54	85	87	88	89	91	92	95	102	
626	10	13	80	81	83	84	86	88	89	90	92	94	101	
627	4	6	8	10	11	12	14	14	15	19	79	82	84	
628	13	15	16	16	17	17	18	19	20	21	24	69	
629	17	21	22	
651	52	53	55	55	56	57	58	59	61	
652	37	47	49	50	51	51	52	54	55	56	56	57	59	61	
653	31	37	42	44	45	45	46	47	48	48	49	49	50	66	
654	5	8	9	11	13	43	44	46	48	
655	7	9	11	12	13	15	82	83	83	84	86	89	97	99	
656	82	85	86	86	87	88	88	89	90	91	93	94	97	100	
657	86	87	89	90	91	91	93	94	97	
658	53	54	58	82	84	86	87	88	89	90	91	92	95	100	
659	50	81	82	84	85	86	87	89	90	91	94	97	100	
660	6	9	11	17	45	80	82	84	85	87	89	94	99	
661	6	8	9	10	11	12	13	14	14	15	15	16	17	18	19	26	68	
662	2	13	15	16	17	17	19	20	21	21	23	24	
663	21	22	
685	57	
686	51	53	53	54	55	56	57	58	59	
687	36	47	50	51	52	53	54	55	56	57	59	61	
688	3	31	36	42	44	45	45	47	47	48	49	50	50	53	56	
689	11	31	38	41	43	44	45	46	47	48	48	49	56	68	81	84	
690	2	5	20	42	47	48	56	68	68	80	81	82	83	84	85	89	
691	17	20	26	36	39	43	44	46	47	52	56	67	82	82	83	84	85	86	89	90	94	
692	41	46	48	52	80	81	82	83	84	85	86	90	99	
693	10	13	17	18	20	27	38	43	44	45	46	48	63	67	70	80	82	84	85	89	
694	6	8	10	11	14	15	16	17	19	20	23	41	44	69	81	84	
695	6	11	12	13	14	14	15	17	18	18	19	20	21	21	24	26	69	
696	3	20	21	22	23	25	
697	23	
720	62	103	
721	52	54	55	56	60	63	
722	49	50	51	54	55	56	58	60	
723	24	45	48	48	49	51	54	56	57	59	65	67	
724	19	22	24	27	42	44	45	47	49	51	54	58	59	62	65	83	
725	19	21	22	24	27	31	39	44	45	47	48	50	61	67	70	80	83	
726	15	19	21	22	25	41	43	44	45	47	49	61	67	72	79	81	83	
727	6	11	13	14	15	16	19	20	21	23	24	44	73	83	
728	12	15	17	21	22	23	24	25	
729	21	22	23	25	
756	53	55	
758	55	
759	23	45	
760	24	
761	23	25	
762	24	
1174	11	
1184	53	95	
1186	54	
1202	33	
1204	61	
1214	9	
1215	100	
1217	100	
1229	45	
1236	50	
1240	67	
1242	67	
1251	6	
1254	16	
1267	36	
1275	34	
1280	61	
1285	102	
1303	28	
1308	89	
1311	35	
1312	46	
1313	37	43	87	
1314	38	
1315	37	48	48	57	75	
1316	46	
1317	60	
1342	31	
1344	34	66	
1345	19	
1346	18	39	
1347	16	22	27	37	41	45	46	48	67	69	
1348	16	18	20	22	26	38	44	46	47	49	57	58	63	
1349	19	21	42	43	45	47	48	49	56	61	69	
1350	23	38	44	46	48	50	61	68	
1351	44	47	
1352	43	47	60	
1365	40	
1368	21	
1376	67	
1379	11	15	16	18	25	44	
1380	12	15	16	17	18	19	21	43	44	72	
1381	13	14	16	18	19	21	22	69	
1382	19	20	21	22	23	26	44	52	55	58	60	64	
1383	22	24	45	49	51	53	54	56	57	60	
1384	22	25	26	31	42	44	45	48	49	50	52	55	56	57	58	64	
1385	23	42	44	45	46	48	49	50	56	60	
1386	46	54	
1392	72	
1393	90	
1404	16	
1406	41	
1407	56	
1409	89	
1412	9	13	13	16	18	19	22	68	
1413	6	11	13	15	16	17	18	19	22	23	44	
1414	15	17	20	21	22	23	25	26	
1415	22	25	93	
1416	88	92	95	97	
1417	57	57	62	86	87	88	90	92	95	97	
1418	16	51	52	54	57	59	62	92	
1419	42	44	45	46	47	48	50	51	52	53	56	58	
1420	44	46	47	48	50	59	
1421	44	49	
1422	48	60	
1425	77	
1431	37	
1432	92	
1436	51	
1438	36	
1439	56	
1440	45	46	
1441	43	47	56	
1442	27	39	46	
1443	23	46	
1445	9	11	14	16	18	21	71	
1446	10	11	13	13	14	16	18	20	22	56	
1447	20	21	22	24	28	53	57	
1448	22	53	55	88	91	92	98	
1449	83	86	87	90	91	94	
1450	11	81	82	84	85	87	89	92	95	
1451	7	9	10	11	14	81	82	84	85	87	90	96	
1452	7	13	15	16	21	54	55	56	57	59	61	82	86	87	89	91	95	
1453	9	16	17	18	19	43	47	48	50	51	53	54	59	
1454	43	44	46	47	49	50	55	
1455	49	
1460	70	
1461	75	
1471	21	41	
1472	16	22	31	42	48	66	
1473	16	18	18	19	42	45	47	58	62	
1474	19	21	33	37	44	46	48	49	51	54	56	58	61	
1475	20	22	32	42	43	45	47	49	58	62	67	78	
1476	22	36	41	44	46	48	48	52	58	
1477	18	18	20	24	38	42	43	46	48	49	65	66	69	
1478	1	1	12	14	20	26	42	44	68	
1479	7	10	11	14	17	18	19	21	26	42	56	68	
1480	20	21	22	25	26	47	50	51	53	58	
1481	22	23	46	50	52	58	90	96	
1482	52	81	83	85	86	89	97	
1483	80	82	84	85	86	89	91	94	99	
1484	80	82	83	84	
1485	5	10	14	81	83	86	89	
1486	6	8	10	11	12	14	14	16	18	53	55	56	57	82	83	85	93	93	
1487	13	16	16	16	17	19	20	21	51	52	53	53	54	55	56	58	58	62	
1488	45	46	47	49	50	51	52	54	62	
1489	45	49	54	
1492	12	
1504	15	19	
1505	15	16	19	21	27	43	69	
1506	12	15	16	17	18	19	21	23	69	
1507	15	17	20	21	23	27	44	48	65	
1508	22	24	54	61	64	73	
1509	22	23	55	58	61	93	
1510	16	20	23	29	52	55	61	
1511	18	18	20	22	24	42	44	45	49	
1512	10	15	18	20	22	24	44	45	56	57	64	68	
1513	15	19	21	22	24	43	47	52	56	57	58	
1514	21	22	36	45	46	47	48	49	50	51	53	55	57	59	
1515	31	44	46	47	49	53	58	61	66	85	89	
1516	43	47	54	57	81	84	89	93	
1517	19	43	47	81	84	
1518	9	14	43	89	104	
1519	10	13	16	20	86	
1520	7	10	11	12	13	14	15	16	17	19	24	57	57	68	84	
1521	16	16	17	19	20	21	24	51	52	52	55	55	56	58	60	83	
1522	22	44	45	45	46	47	48	49	50	51	53	55	59	
1523	44	49	53	58	
1524	5	
1537	8	
1538	10	12	15	16	
1539	9	11	13	13	15	16	17	18	18	19	21	23	26	44	57	68	
1540	17	21	22	25	71	
1541	22	51	93	
1542	88	90	92	94	97	
1543	8	11	14	87	90	92	96	
1544	87	91	93	96	
1545	17	23	91	92	98	
1546	16	17	23	25	57	62	
1547	22	24	25	35	52	55	56	58	58	61	
1548	44	45	50	51	53	54	55	56	57	59	61	
1549	36	43	43	44	47	48	48	49	50	52	54	56	59	67	
1550	38	43	44	45	47	48	49	58	65	67	83	
1551	19	27	37	42	45	46	48	53	58	
1552	19	22	44	46	48	50	73	
1553	7	8	11	13	18	20	25	39	43	46	67	70	
1554	6	11	12	14	15	17	19	21	22	23	57	58	73	
1555	20	21	22	25	26	51	52	53	54	55	55	56	59	61	83	
1556	3	23	48	49	50	54	55	93	96	
1557	48	
1570	24	
1571	9	12	14	16	
1572	7	10	11	12	13	14	15	16	17	19	22	58	69	
1573	15	17	18	20	21	22	23	52	63	
1574	19	22	25	50	52	54	92	
1575	85	86	88	88	90	91	95	100	
1576	81	83	83	84	87	91	
1577	6	11	80	82	83	85	88	88	92	
1578	7	8	10	12	14	16	29	81	82	83	85	86	88	90	98	99	
1579	6	10	11	12	14	15	16	17	18	20	82	83	85	86	89	91	
1580	16	17	19	20	27	
1581	92	
1582	52	54	55	88	91	92	95	98	
1583	52	54	60	88	93	
1584	25	45	49	51	55	57	60	
1585	22	23	45	51	55	58	64	
1586	21	24	44	49	63	63	
1587	7	7	9	12	13	15	20	22	24	26	70	
1588	12	15	19	21	22	24	52	53	56	58	61	
1589	22	23	49	50	51	53	54	55	58	
1590	50	83	86	88	89	91	93	96	
1591	53	
1593	24	
1601	34	
1604	9	68	
1605	6	9	11	13	13	14	17	20	
1606	7	13	15	16	17	18	19	21	25	52	58	
1607	21	23	24	48	50	51	54	55	60	93	
1608	49	51	53	85	86	87	89	90	92	94	97	100	
1609	80	81	83	83	85	86	90	94	
1610	81	84	103	
1611	8	85	
1612	9	11	12	14	16	18	80	83	84	88	
1613	7	10	11	13	14	15	16	17	18	19	56	72	81	84	
1614	18	21	23	46	52	53	55	59	
1615	48	53	87	88	90	91	94	96	99	
1616	10	13	82	83	85	85	87	89	90	91	94	97	101	
1617	8	11	15	16	82	85	87	89	90	91	94	96	101	
1618	91	92	97	
1619	87	92	97	
1620	25	92	97	
1621	88	91	93	
1622	52	53	55	60	91	93	96	
1623	55	61	88	89	90	91	94	95	98	
1624	54	58	80	82	84	86	87	90	92	96	
1625	83	90	
1632	68	
1638	8	10	12	13	15	16	68	
1639	11	12	14	15	16	17	18	19	21	25	53	57	59	
1640	18	20	22	24	26	46	48	51	53	54	55	60	
1641	22	46	50	55	86	88	90	91	95	
1642	54	79	80	81	83	84	85	87	88	92	
1643	80	85	88	
1644	88	
1645	11	14	
1646	4	8	9	10	12	14	15	19	22	57	69	69	70	72	
1647	4	6	12	13	15	16	17	17	19	20	22	24	52	57	60	70	
1648	17	18	21	22	46	47	49	50	52	53	55	
1649	49	82	83	84	85	87	90	93	98	99	
1650	48	79	81	84	86	88	94	
1651	12	81	82	83	83	84	86	88	91	98	
1652	11	14	16	81	82	85	86	87	88	90	91	93	99	
1653	81	82	83	84	85	87	88	89	90	93	94	96	
1654	82	83	87	88	90	92	94	97	99	
1655	82	85	86	88	89	91	94	99	
1656	81	82	83	85	86	88	88	89	90	94	98	
1657	41	81	82	83	84	85	86	89	91	93	
1658	78	80	84	86	
1659	91	
1663	85	85	85	86	
1667	7	
1669	21	
1671	8	13	17	
1672	8	10	11	12	13	14	16	18	25	56	57	
1673	12	15	15	16	17	17	19	20	22	23	25	51	52	55	57	58	70	
1674	22	44	46	47	48	49	50	51	53	53	55	
1675	50	81	82	84	86	90	94	
1676	50	81	83	101	
1677	88	
1679	8	16	
1680	4	9	10	11	12	13	13	14	15	16	19	57	
1681	12	16	17	18	19	20	21	24	25	48	51	52	52	54	55	55	56	58	60	70	
1682	45	47	48	49	50	52	54	92	
1683	49	78	80	83	85	89	96	
1684	83	86	91	94	
1685	15	
1686	79	81	83	86	97	99	
1687	80	81	84	87	
1688	80	81	83	84	85	88	91	
1689	81	82	83	85	97	98	
1690	80	82	84	85	93	94	100	
1691	29	79	81	83	85	89	94	
1692	27	27	28	83	97	101	
1703	18	21	
1705	9	13	23	
1706	5	7	10	11	12	13	14	15	17	19	24	56	57	
1707	15	16	17	18	19	20	21	24	47	48	51	51	52	53	54	55	57	58	
1708	21	22	45	47	49	50	52	55	
1709	44	48	48	61	81	84	92	
1710	94	
1712	92	
1713	9	11	14	16	21	
1714	5	6	10	11	13	13	14	18	20	24	57	58	62	73	
1715	17	18	19	20	24	47	51	52	53	54	55	60	72	
1716	45	47	48	49	50	52	54	91	96	
1717	84	88	93	
1718	85	
1719	89	
1721	83	94	
1723	85	
1724	84	
1725	88	
1732	12	
1736	34	
1739	9	11	14	
1740	5	7	9	10	11	12	13	14	15	16	20	24	26	57	58	
1741	3	16	17	18	19	20	24	27	51	51	52	54	55	55	56	57	59	
1742	18	22	44	45	47	48	49	49	50	52	54	56	58	58	
1743	36	43	45	46	47	50	
1744	46	
1745	65	
1747	7	9	11	13	14	16	18	19	22	39	43	69	
1748	6	11	12	13	14	15	15	16	18	18	19	20	23	24	56	58	59	70	
1749	20	21	22	25	47	50	51	52	53	54	55	57	
1750	45	46	48	50	52	55	82	84	87	88	90	92	94	
1751	56	85	91	96	
1756	89	
1769	83	
1770	29	70	
1772	20	
1773	9	15	
1774	4	7	10	11	13	14	15	19	
1775	13	15	16	17	18	20	23	35	53	54	55	56	57	58	59	60	62	86	92	97	
1776	17	17	21	34	45	48	49	50	51	51	52	53	54	56	57	
1777	42	44	45	46	47	49	50	56	66	67	
1778	42	43	47	51	66	
1779	22	38	44	47	64	
1780	8	11	14	16	19	21	42	44	46	68	
1781	9	11	12	13	15	16	17	19	20	24	57	69	
1782	17	18	19	19	20	22	25	44	48	52	55	55	57	59	61	69	
1783	20	21	23	24	45	48	49	49	50	52	53	55	
1784	50	80	84	88	89	99	
1785	84	
1788	4	
1790	40	
1791	87	
1799	54	68	
1807	3	9	
1808	5	6	9	11	14	15	
1809	6	8	11	12	13	15	21	55	57	62	82	84	86	90	92	97	
1810	16	17	18	22	35	52	54	55	58	59	61	88	92	
1811	17	24	34	42	45	50	51	53	54	57	61	
1812	23	42	43	44	45	47	49	50	
1813	14	20	23	42	44	45	48	63	73	
1814	9	11	14	17	18	19	21	23	24	44	65	71	
1815	11	13	15	20	21	22	23	24	26	50	53	56	57	
1816	21	22	24	51	52	53	54	55	56	59	63	
1817	49	50	50	52	53	55	59	87	92	98	
1818	80	83	86	92	94	
1838	84	
1842	10	13	90	94	
1843	6	8	9	11	14	15	81	83	86	89	95	
1844	6	11	12	13	14	16	82	83	85	86	87	89	91	94	97	99	
1845	17	55	88	91	93	97	
1846	17	25	65	92	
1847	24	
1848	23	25	92	
1849	53	55	57	92	
1850	51	52	54	55	58	88	90	91	92	95	97	
1851	54	82	85	86	87	89	90	91	93	96	
1852	86	90	
1853	88	
1854	88	
1861	6	
1874	3	
1877	10	14	22	83	
1878	7	9	11	13	80	81	83	84	86	89	
1879	11	14	82	82	85	85	86	88	89	90	91	92	94	99	
1880	9	83	85	86	87	88	88	89	90	93	93	95	97	99	
1881	88	90	91	92	93	95	96	100	
1882	83	86	87	88	90	92	93	95	97	
1883	53	82	86	87	89	90	91	93	93	96	99	
1884	81	82	83	84	85	86	87	89	90	91	93	101	
1885	80	81	82	84	85	86	89	93	100	
1886	83	
1894	46	
1912	91	99	
1913	15	81	83	83	84	87	92	97	
1914	80	80	81	83	84	85	87	90	
1915	80	81	82	83	84	86	89	92	96	99	
1916	81	82	83	84	86	89	92	93	97	100	
1917	81	83	83	84	85	88	90	97	
1918	80	82	84	90	95	100	
1919	83	84	89	
1920	84	94	
1923	93	
1925	12	
1931	67	
1947	86	
1948	81	
1949	81	83	
1950	79	82	84	88	
1951	79	81	84	88	
1952	84	88	
1962	21	
1963	6	
1979	27	
1982	90	
1983	95	
1985	98	
2007	78	
2020	95	
2024	44	
2027	41	
2029	82	
2064	2	83	
2084	102	
2093	53	
2105	91	
2123	51	
2149	10	
2160	84	
2164	17	
2173	11	
2181	9	
2216	15	
2240	16	
2249	12	
