111	37	
146	30	
147	88	92	96	
148	87	90	92	94	98	
149	16	88	91	92	98	
178	56	
179	46	
180	51	92	
181	82	86	88	89	90	92	94	97	
182	7	10	81	82	83	84	85	86	87	88	89	90	92	93	95	97	
183	6	12	14	16	81	82	83	85	85	87	87	89	91	92	93	95	97	
184	12	16	18	19	86	87	90	92	95	
211	57	
212	51	53	56	
213	47	48	49	51	52	54	56	
214	46	50	83	86	88	88	90	91	93	95	100	
215	40	80	81	83	84	86	89	91	94	
216	8	10	13	80	81	81	83	84	85	88	
217	10	11	12	13	14	81	82	83	83	84	85	86	89	91	95	
218	8	11	13	14	15	16	17	19	81	82	83	83	84	86	87	89	92	97	
219	16	17	19	88	
245	52	56	
246	34	47	50	51	52	52	54	55	60	
247	44	46	48	49	50	53	89	93	96	
248	52	54	57	59	66	81	84	86	89	91	95	
249	16	17	18	36	40	42	43	43	47	47	48	49	53	79	81	83	85	
250	5	22	26	32	40	43	44	46	80	
251	5	7	8	10	11	14	23	81	
252	6	10	11	12	13	14	15	20	81	82	84	85	91	95	
253	14	15	16	17	19	21	82	85	87	91	93	
254	16	17	22	
279	48	51	52	53	53	55	56	59	
280	33	41	47	48	49	50	50	51	54	55	
281	44	86	88	91	
282	6	9	10	13	14	55	57	80	83	85	89	
283	6	12	16	17	17	18	19	19	23	27	36	43	48	51	52	54	55	56	59	71	
284	22	22	24	32	41	43	44	44	45	46	47	47	49	50	
285	44	46	
286	2	8	9	10	11	13	14	15	81	84	
287	2	7	10	12	13	14	15	16	18	22	24	81	83	83	85	87	89	92	93	101	
288	16	17	19	21	87	91	
312	57	
313	47	48	50	51	52	53	54	55	61	
314	45	47	49	49	50	53	
315	9	44	67	79	84	87	89	92	95	
316	7	9	11	12	13	14	15	16	65	84	
317	15	17	17	18	19	20	21	24	51	52	52	54	55	55	56	57	58	
318	21	22	34	38	42	45	46	47	47	49	50	50	51	52	53	57	58	
319	31	41	42	44	44	45	46	46	48	49	
320	6	9	10	13	
321	8	8	10	11	12	13	14	15	81	82	83	87	99	
322	1	12	15	16	17	18	18	20	23	82	85	86	90	93	94	100	
323	16	17	21	
328	88	92	
329	87	90	92	94	
330	86	87	90	91	94	97	
331	83	86	88	89	91	94	97	
332	86	87	89	91	93	94	97	
333	87	91	93	96	
334	17	
346	52	55	56	59	
347	34	46	48	50	50	51	53	53	54	55	58	
348	44	45	49	92	96	
349	9	11	14	68	83	84	87	89	92	96	
350	3	7	10	11	12	13	14	15	16	18	
351	16	17	18	20	21	22	23	25	53	55	56	58	
352	34	48	50	51	52	53	54	54	55	56	57	60	
353	31	37	40	42	44	45	46	47	48	48	49	50	51	
354	43	44	
355	5	8	9	10	12	13	15	84	
356	7	11	12	13	14	15	19	81	83	83	85	87	89	93	
357	15	16	17	18	19	21	23	86	91	95	
359	57	
360	92	
361	87	90	92	95	
362	83	85	87	89	91	94	97	
363	16	46	56	67	81	84	85	87	89	90	93	98	
364	19	32	40	43	46	66	80	81	82	84	84	86	88	
365	9	81	82	84	
366	6	9	10	14	82	83	83	84	86	89	95	
367	11	13	14	15	16	16	19	81	82	83	85	86	88	89	91	94	
368	17	18	22	
379	58	
380	51	52	54	56	
381	36	46	47	48	49	50	51	52	53	54	61	
382	32	45	48	86	89	91	95	
383	8	9	10	13	14	80	85	87	89	98	
384	5	6	10	11	12	12	14	15	15	16	17	18	19	20	24	68	
385	18	19	20	21	22	24	
386	51	52	53	54	55	56	57	60	
387	33	43	45	47	48	49	49	50	51	52	54	54	56	58	
388	41	42	44	45	45	46	46	48	49	65	
389	5	9	13	44	
390	6	8	9	11	12	14	14	71	81	82	84	101	
391	13	15	16	17	18	20	23	82	85	86	89	91	94	
392	93	
393	52	58	92	95	
394	34	87	90	91	94	97	
395	54	68	82	85	86	88	88	90	94	99	
396	9	13	16	18	40	43	48	81	82	84	89	93	
397	18	19	20	31	43	48	53	57	81	83	
398	21	43	45	47	48	49	50	51	52	54	58	
399	5	22	32	39	43	43	45	46	47	49	50	
400	6	9	10	14	81	
401	6	7	11	12	13	13	14	15	16	19	81	82	83	83	85	92	94	99	
402	16	17	18	19	20	22	87	
404	66	66	
413	53	57	
414	35	50	51	52	53	54	55	57	60	
415	42	44	46	48	49	50	51	54	
416	45	49	84	89	
417	8	9	10	11	13	14	81	83	94	
418	1	7	11	12	13	14	15	16	17	18	19	20	24	28	
419	17	18	19	20	22	23	25	
421	51	51	52	53	54	55	55	56	56	58	60	
422	34	37	42	44	45	46	47	48	48	49	50	51	
423	4	42	43	44	45	46	48	
424	3	7	9	11	12	13	
425	7	11	12	13	14	15	16	21	53	81	82	83	83	84	86	88	88	90	92	94	101	
426	52	83	86	87	89	90	92	93	95	98	
427	83	85	86	88	89	90	92	94	98	100	
428	16	18	66	81	82	83	84	85	87	89	90	94	
429	10	12	13	14	16	17	18	20	44	80	82	83	85	
430	7	15	17	20	21	26	44	69	79	
431	21	22	25	53	55	55	57	58	
432	22	23	24	34	46	47	48	49	50	50	51	52	54	54	55	56	59	
433	40	43	44	45	46	47	47	48	49	50	
434	8	9	
435	6	10	11	12	13	13	14	15	15	16	18	82	
436	16	17	17	18	19	20	21	22	25	27	82	87	
437	23	
438	65	
447	55	56	58	
448	35	36	48	50	51	52	52	53	54	55	55	56	58	60	
449	42	44	45	46	47	49	49	50	51	54	
450	9	44	84	89	96	
451	5	6	9	10	11	13	14	
452	7	11	12	13	15	15	16	17	18	18	19	20	22	23	25	
453	17	21	22	
455	52	53	54	55	56	57	60	
456	34	47	47	48	49	50	51	52	54	54	56	57	59	
457	41	43	43	45	45	46	47	49	49	
458	4	9	13	
459	3	7	11	14	81	82	83	85	90	94	100	
460	81	82	84	85	86	87	89	90	92	95	
461	12	13	16	80	81	82	84	85	86	87	90	
462	8	9	11	14	17	18	18	19	20	84	
463	5	13	17	19	21	22	23	25	26	
464	22	23	
465	55	56	58	
466	34	48	50	51	51	52	53	54	55	55	56	60	
467	41	44	45	46	47	48	49	49	50	
468	9	43	96	
469	7	8	10	11	11	12	13	14	15	18	
470	2	15	17	17	18	19	20	21	21	22	24	
471	22	
481	55	56	57	
482	47	48	50	51	52	53	54	55	56	58	
483	33	43	45	46	47	49	49	50	
484	9	43	48	88	90	95	
485	6	8	9	10	11	14	
486	6	12	13	14	15	16	17	18	19	21	24	71	
487	17	21	22	
489	55	56	58	
490	34	51	51	52	53	54	55	56	61	
491	43	45	47	48	49	50	51	53	60	92	
492	33	38	42	45	47	48	
493	10	
494	8	10	12	14	15	16	80	82	83	83	84	86	
495	10	11	12	13	14	15	18	20	80	82	83	100	
496	12	14	15	16	18	18	20	22	24	
497	17	22	
499	52	55	56	58	
500	33	37	47	50	51	51	52	53	54	55	55	60	
501	47	48	49	50	87	92	94	98	
502	8	9	14	65	66	90	92	95	
503	5	10	11	12	12	13	14	15	15	16	17	18	19	
504	2	17	18	19	20	20	21	22	24	27	
505	23	
515	52	55	56	57	
516	35	46	47	48	50	51	51	52	53	54	55	59	
517	31	40	42	44	45	46	47	48	49	49	53	
518	45	
519	3	7	9	11	12	13	14	
520	8	11	12	15	15	17	19	21	24	86	91	
521	13	17	22	83	85	86	88	90	92	97	
522	87	92	
523	52	87	91	93	
524	50	51	52	53	54	57	59	87	90	91	92	94	97	
525	34	43	46	48	49	50	52	53	55	56	61	81	83	85	86	88	90	91	94	
526	17	19	38	41	42	44	47	47	50	56	58	68	82	89	
527	19	20	26	41	42	43	43	44	46	47	48	49	64	66	
528	9	20	27	38	39	66	80	
529	7	10	11	13	14	15	20	22	24	
530	10	12	14	15	20	81	83	86	89	96	
531	12	16	82	85	86	88	90	91	93	96	
532	86	88	91	92	96	
533	53	87	89	91	92	95	
534	50	51	54	55	58	83	86	87	89	91	92	94	96	
535	42	48	66	81	83	85	86	88	88	90	91	94	96	
536	9	10	12	14	15	16	18	67	80	84	89	
537	5	7	12	13	15	15	16	17	19	19	20	23	27	
538	18	21	22	22	24	
539	23	
549	52	55	58	
550	35	47	49	50	51	51	52	53	54	55	56	59	61	
551	32	42	43	44	45	46	47	47	48	49	50	59	
552	32	37	38	41	42	44	45	46	67	79	
553	3	7	11	14	27	42	46	66	
554	7	9	12	15	19	20	22	84	103	
555	10	12	15	23	81	84	85	
556	82	84	86	90	92	95	98	
557	54	82	85	86	89	90	92	95	100	
558	82	83	84	86	88	89	91	94	
559	9	11	13	15	17	17	19	65	70	80	81	82	85	
560	15	17	18	19	20	28	44	45	48	50	52	53	55	56	57	60	68	
561	20	21	22	24	28	35	42	44	45	47	48	49	50	51	52	54	56	57	58	61	
562	23	24	32	40	42	43	44	45	45	46	47	49	49	56	60	67	
563	9	23	25	37	40	42	43	43	44	46	48	66	
564	2	8	20	23	28	41	46	82	
565	13	20	23	26	80	81	82	83	85	102	
566	39	81	82	83	84	86	90	94	
567	39	47	52	55	82	83	83	84	86	88	90	
568	17	18	41	70	80	81	82	84	84	85	86	88	
569	8	9	12	13	17	19	20	44	46	66	79	81	84	
570	5	6	10	12	13	14	15	17	18	19	20	26	44	
571	5	20	21	22	24	27	
572	18	21	23	24	
584	51	53	54	55	55	62	
585	45	48	49	50	53	54	55	56	59	62	
586	43	44	45	47	48	50	55	56	59	63	
587	24	43	44	45	47	48	57	61	
588	23	24	44	49	56	
589	4	51	
590	42	46	81	85	89	92	94	
591	10	13	17	19	41	66	69	80	81	82	84	85	88	
592	10	11	14	15	17	18	18	19	20	43	43	64	79	81	84	85	
593	5	7	12	14	15	19	20	21	26	
594	20	22	23	23	24	26	
595	33	52	54	
596	34	50	52	54	61	
597	25	44	45	49	51	53	54	57	58	63	
598	25	35	42	43	44	47	48	48	50	51	56	61	
599	23	24	30	41	43	44	45	46	47	49	53	56	61	
600	19	22	24	39	42	44	47	48	48	58	62	66	
601	15	20	21	28	41	43	43	46	62	80	
602	7	11	14	18	20	21	27	45	65	66	70	80	
603	7	12	13	15	18	20	21	22	23	25	26	
604	21	22	24	27	
605	22	23	
607	11	12	12	
620	51	58	60	
621	50	51	53	54	
622	46	50	51	61	92	
623	42	87	90	93	
624	10	12	14	16	17	19	48	67	68	83	
625	11	13	14	15	16	18	18	19	20	43	80	
626	5	7	19	20	21	22	24	25	
627	22	23	23	
631	55	
632	53	54	
633	44	52	
634	24	45	49	
635	24	63	
636	21	25	
637	23	
653	57	
654	50	51	53	53	55	
655	49	51	54	63	90	92	95	
656	8	43	46	67	82	85	87	89	99	
657	11	12	14	15	16	18	18	19	64	85	
658	12	15	17	19	20	21	25	43	
659	5	22	23	23	25	27	
660	22	24	
686	53	57	
687	35	36	48	51	52	55	
688	42	44	46	49	54	
689	42	45	48	67	81	83	85	89	
690	10	13	15	17	18	20	80	84	
691	6	15	20	21	24	
692	22	23	23	25	
720	55	
721	48	51	53	55	58	
722	45	47	64	
723	9	23	44	63	
724	13	15	24	26	
725	21	22	23	25	
1174	13	
1186	101	
1201	59	
1207	11	
1219	94	
1224	92	
1228	25	
1233	38	
1236	27	
1238	53	
1243	15	75	
1249	33	101	
1259	38	
1268	42	
1269	47	58	
1271	69	
1275	74	
1277	9	
1282	73	
1300	20	
1301	34	
1302	36	
1303	16	18	18	25	42	47	66	70	
1304	19	36	40	43	44	46	52	
1305	46	
1319	30	
1335	12	17	
1336	12	13	15	16	18	18	20	57	67	
1337	16	17	19	19	20	22	25	27	34	42	45	48	51	54	57	60	66	
1338	18	20	22	23	25	39	42	43	44	45	46	46	47	49	50	53	53	56	61	
1339	21	23	25	36	40	44	46	48	49	51	
1340	43	
1341	47	
1342	57	
1343	20	
1349	7	
1351	20	
1352	42	
1354	9	
1356	6	
1363	42	
1364	37	
1369	11	14	17	
1370	8	8	10	12	13	14	15	16	17	18	18	19	20	
1371	15	17	19	20	21	23	24	26	35	51	53	54	55	56	62	
1372	22	23	24	35	47	47	49	50	52	54	56	58	
1373	23	25	41	43	43	44	45	46	47	48	49	50	54	60	
1374	41	44	46	48	66	
1388	5	
1393	72	
1402	11	15	18	21	
1403	8	9	11	12	14	15	17	18	19	20	26	65	70	
1404	7	13	14	15	16	17	18	20	21	23	25	26	
1405	22	55	92	
1406	13	15	35	51	52	54	55	56	58	61	82	85	86	88	89	90	92	94	96	
1407	17	19	35	38	45	47	48	49	50	50	52	54	55	57	87	91	92	95	
1408	42	43	44	45	46	47	49	50	57	
1409	40	44	57	
1411	78	
1418	13	
1425	8	
1434	22	
1435	9	14	
1436	9	10	13	15	18	57	
1437	6	12	15	16	17	19	20	34	52	55	
1438	18	19	20	21	24	28	51	
1439	82	85	87	89	91	93	94	99	
1440	6	9	11	14	57	80	81	82	83	84	86	90	96	102	
1441	12	16	17	19	33	50	51	52	53	54	55	55	56	58	60	81	82	84	85	87	89	91	95	98	
1442	17	18	20	40	42	44	45	46	47	49	50	51	52	57	
1443	39	43	44	45	46	48	51	57	64	
1444	46	48	
1445	46	
1449	40	
1451	38	43	47	68	
1452	42	46	58	
1453	31	42	
1455	49	
1458	68	
1467	17	
1468	17	
1469	13	16	
1470	6	8	10	12	14	15	17	21	56	65	67	
1471	12	13	16	17	18	19	20	21	24	48	50	52	53	54	59	
1472	21	22	44	46	49	97	
1473	79	81	84	85	88	89	96	98	
1474	4	8	10	13	81	84	92	98	
1475	6	10	11	12	15	16	26	51	52	53	54	55	57	60	81	82	83	86	89	97	
1476	16	17	19	22	34	37	45	48	50	51	51	53	54	56	58	58	62	88	90	92	97	
1477	18	42	43	45	46	47	49	50	51	56	
1478	43	49	
1479	51	
1483	18	19	
1484	16	18	21	43	46	69	
1485	17	19	22	43	47	56	60	67	
1486	18	20	21	23	29	36	42	43	46	53	54	57	60	67	
1487	21	32	42	43	45	48	52	57	66	
1488	22	33	42	44	46	47	48	51	57	
1489	45	
1493	69	
1495	70	
1496	2	
1500	82	
1503	9	17	
1504	7	10	11	12	13	14	15	16	18	19	25	35	52	55	56	57	59	67	
1505	16	17	18	19	20	22	24	28	42	46	47	50	51	54	
1506	22	41	44	47	49	54	91	
1507	78	80	83	94	
1508	9	
1509	4	6	9	11	12	14	57	58	83	85	97	
1510	8	12	13	14	15	17	18	25	34	51	52	53	54	55	56	57	60	82	83	84	85	87	90	92	95	
1511	16	17	20	34	37	39	42	45	47	49	49	50	52	53	56	61	87	92	
1512	38	42	44	45	46	48	50	52	
1513	49	56	
1515	16	19	43	67	
1516	13	16	19	
1517	14	16	17	18	20	22	43	43	
1518	19	20	23	24	68	
1519	22	24	45	
1520	22	23	25	55	57	93	
1521	25	35	37	51	53	53	55	56	57	59	93	
1522	17	20	23	25	36	42	43	45	46	48	49	50	
1523	43	45	46	48	48	51	62	
1524	45	
1525	12	
1528	100	
1529	70	
1532	21	
1536	10	23	101	
1537	8	10	13	14	18	28	57	
1538	6	12	13	14	15	16	17	18	19	26	34	36	51	52	54	55	56	58	59	
1539	17	17	19	20	21	22	23	25	28	43	45	46	47	48	49	50	53	57	
1540	45	46	48	50	90	
1541	90	
1543	8	11	15	
1544	10	11	12	13	14	15	21	24	53	55	56	57	81	82	84	86	93	95	
1545	16	18	19	48	49	50	51	53	54	55	57	83	86	88	89	91	96	
1546	18	33	38	43	44	45	47	49	50	
1547	45	46	48	51	78	
1548	40	49	
1549	11	16	18	20	26	
1550	10	12	13	15	17	19	20	23	43	56	65	
1551	21	22	25	
1552	21	23	25	91	93	97	
1553	86	88	91	93	94	97	
1554	86	88	90	92	95	
1555	7	11	12	13	14	16	18	18	52	54	55	56	57	60	83	85	89	
1556	16	17	19	20	26	47	47	49	50	51	53	53	54	55	60	
1557	18	43	44	47	48	49	
1558	44	
1560	67	67	67	
1561	68	
1565	69	
1568	14	
1570	8	
1571	9	11	13	13	15	16	19	57	65	
1572	8	11	12	14	15	16	16	17	19	20	26	48	51	52	55	56	57	59	
1573	18	20	22	23	24	33	43	45	46	47	49	50	51	53	54	
1574	42	46	49	80	87	90	97	
1577	9	15	83	
1578	5	8	10	12	13	15	24	57	81	83	
1579	6	11	12	15	17	19	35	51	52	53	54	55	56	59	80	82	83	84	87	90	92	95	
1580	16	16	17	19	20	22	32	40	43	45	46	47	50	51	52	54	59	88	
1581	31	31	40	43	44	46	48	50	
1582	12	14	18	40	45	64	
1583	11	15	20	22	44	56	64	68	
1584	21	23	24	51	53	
1585	22	25	52	92	97	
1586	82	90	96	
1587	81	83	85	86	92	
1588	13	47	80	81	84	97	
1589	7	9	10	12	15	18	23	51	52	53	54	55	56	58	67	82	86	88	95	
1590	16	17	20	21	35	42	46	47	48	50	50	51	52	53	53	55	57	82	
1591	22	23	31	40	43	44	45	46	49	53	
1592	50	
1594	63	63	64	64	65	
1599	34	
1604	9	
1605	4	6	9	11	12	14	15	16	25	56	58	
1606	7	12	13	15	16	17	18	18	19	23	34	48	50	51	52	54	55	56	
1607	18	20	22	25	41	44	45	46	47	49	49	51	53	56	60	
1608	44	47	49	80	
1611	9	
1612	4	9	13	13	26	92	
1613	7	9	10	11	14	15	15	17	19	52	55	82	84	
1614	13	16	17	17	18	20	21	23	24	26	35	47	50	53	55	56	60	69	82	83	87	
1615	22	30	42	44	45	47	49	64	67	
1616	23	44	49	59	64	
1617	21	24	36	45	47	48	50	52	53	56	
1618	23	50	91	96	
1619	47	50	81	83	84	86	87	90	93	94	
1620	80	82	84	88	91	93	
1621	81	
1622	19	69	81	84	90	
1623	5	7	9	10	11	12	13	14	15	16	20	52	55	55	56	58	68	
1624	12	12	15	16	16	17	18	18	19	20	21	24	43	47	47	50	51	52	53	54	55	57	
1625	23	33	40	44	45	46	48	49	50	54	
1626	49	
1629	72	
1635	59	
1638	11	13	22	
1639	8	9	10	11	14	20	23	28	57	
1640	7	12	13	15	16	17	18	19	20	34	36	48	51	52	53	53	54	55	56	59	69	
1641	18	20	21	23	28	34	43	44	45	47	48	48	49	50	52	54	58	
1642	41	45	47	50	
1643	47	
1645	22	25	
1646	10	14	18	29	42	67	
1647	5	6	8	10	11	12	14	15	16	17	19	67	
1648	6	12	13	14	15	16	17	18	18	19	21	22	23	26	58	
1649	21	35	50	52	53	55	56	57	
1650	35	43	45	47	48	49	50	50	51	53	54	55	57	
1651	38	39	42	44	46	47	48	49	50	
1652	43	47	56	59	
1653	46	49	79	81	
1654	80	85	
1655	15	18	
1656	7	10	17	18	67	
1657	6	9	10	11	13	14	14	15	16	17	19	20	21	52	52	55	56	
1658	18	19	20	22	23	24	26	47	50	51	52	53	54	58	70	
1659	22	32	44	45	46	48	49	53	54	91	93	95	
1660	44	92	95	
1661	70	
1672	10	16	89	
1673	8	9	11	12	13	14	15	16	19	56	
1674	8	13	15	16	17	18	18	19	20	21	23	24	27	48	51	51	52	53	54	55	58	59	
1675	21	22	34	42	45	46	47	49	50	53	55	
1676	35	41	43	45	47	49	53	58	
1677	39	44	47	50	54	57	
1678	19	33	43	45	
1679	8	19	28	41	
1680	10	12	14	15	17	18	19	21	45	
1681	7	9	12	13	15	20	22	24	
1682	2	11	15	23	24	91	93	
1683	52	54	55	82	83	87	89	90	91	92	93	95	
1684	16	34	50	51	52	53	54	55	56	57	60	83	86	87	89	90	91	93	94	96	
1685	45	48	50	51	52	53	55	56	92	
1686	32	34	41	43	44	45	47	49	51	57	58	63	
1687	40	43	44	48	
1688	18	21	30	41	45	48	48	62	
1689	19	20	23	25	30	40	43	
1690	10	13	13	15	17	19	20	24	44	57	69	
1691	8	12	15	18	19	20	21	23	25	26	34	52	55	56	
1692	22	23	49	50	51	51	53	53	55	92	96	
1693	49	85	86	87	89	91	93	94	97	
1694	87	
1700	3	
1706	9	
1707	5	7	9	11	12	13	14	
1708	8	11	12	17	18	23	52	54	55	83	86	88	91	94	
1709	50	53	53	55	86	87	91	92	95	
1710	45	52	55	61	65	92	93	97	
1711	25	31	42	88	
1712	12	17	24	33	42	44	65	67	
1713	13	15	17	17	19	45	57	
1714	21	22	45	51	73	
1715	22	23	88	91	93	
1716	86	87	89	91	95	
1717	11	13	81	82	82	84	85	86	88	90	92	96	99	
1718	7	11	13	15	16	55	80	81	81	82	83	83	84	84	85	87	88	89	91	96	99	
1719	17	53	54	82	83	84	85	87	88	90	91	93	93	96	102	
1720	45	51	55	86	87	90	91	93	95	
1721	52	55	87	91	92	97	
1722	25	64	92	
1723	13	24	45	93	
1724	22	24	52	57	
1725	23	52	54	95	
1726	50	54	87	89	90	92	94	98	
1727	79	81	83	83	85	87	89	91	97	
1728	82	93	
1736	14	
1741	11	15	
1742	8	12	14	81	82	84	87	94	100	
1743	16	81	81	82	83	84	85	85	87	88	89	91	93	95	98	
1744	10	17	82	83	84	85	88	90	
1745	11	14	16	17	18	
1746	12	56	
1747	24	51	53	
1748	52	59	91	92	94	97	
1749	59	82	85	87	89	92	98	99	
1750	80	81	83	85	90	94	
1751	79	81	83	86	
1752	13	80	81	85	
1753	9	80	81	82	84	88	89	
1754	10	81	83	84	85	86	88	91	98	
1755	11	15	82	84	85	87	89	91	95	
1756	87	90	91	94	98	
1757	87	91	93	95	
1758	54	86	87	90	92	93	95	
1759	54	82	83	84	86	87	88	90	93	96	99	
1760	79	81	82	84	85	88	89	91	96	
1761	80	86	90	
1762	89	
1769	60	
1772	29	
1773	13	
1776	20	85	
1777	8	12	16	27	80	81	84	
1778	9	11	13	13	15	16	18	19	80	81	
1779	18	19	21	24	53	58	
1780	51	53	88	91	93	95	
1781	86	87	89	90	93	96	
1782	81	82	85	86	88	90	93	
1783	78	79	81	83	85	90	
1784	80	84	89	
1786	99	
1787	80	84	
1788	84	87	88	88	
1789	17	81	83	83	88	
1790	81	82	84	85	91	94	
1791	80	81	82	83	84	89	93	
1792	81	84	85	89	95	99	
1793	80	81	85	94	
1794	81	87	
1795	84	
1802	75	
1809	13	
1810	15	16	18	
1811	8	11	13	15	17	19	20	26	65	
1812	23	25	53	56	58	
1813	23	25	50	91	95	
1814	55	82	85	86	89	92	98	
1815	80	81	82	83	85	86	91	93	
1816	81	83	89	93	94	94	96	100	
1820	90	
1824	83	
1825	81	89	
1826	80	83	86	89	
1827	85	92	
1837	63	
1843	10	19	85	
1844	7	8	10	12	14	
1845	21	23	52	
1846	57	87	91	92	96	
1847	82	85	87	88	89	91	93	100	
1848	79	80	83	84	86	88	91	
1849	82	84	
1850	82	84	
1851	89	
1856	91	
1862	81	
1877	9	
1878	13	
1879	83	86	91	93	102	
1880	82	84	86	88	91	97	
1881	79	82	84	87	93	99	
1882	91	
1884	63	97	
1890	72	
1891	73	
1895	3	
1905	68	
1912	100	
1913	82	86	89	
1914	79	82	85	88	
1921	4	
1922	96	
1927	74	
1930	49	
1936	67	
1939	34	
1941	60	
1944	101	
1947	99	
1949	103	
1955	86	
1960	15	
1964	57	
1973	8	
1974	14	75	
1995	17	
2007	54	
2052	60	
2055	61	
2058	84	
2059	98	
2078	13	
2083	79	
2084	100	
2093	13	
2097	75	
2143	87	
2148	95	
2153	102	
2155	14	
2158	16	
2163	84	
2193	101	
2219	14	
