14	99	
48	61	62	
87	93	
88	86	88	89	91	95	
89	82	86	88	88	90	92	95	
90	86	87	90	92	97	
91	87	91	
92	92	
119	57	
120	37	
121	82	86	88	89	91	
122	37	40	81	82	83	83	85	86	89	94	
123	7	8	80	81	82	83	84	89	
124	9	12	15	81	82	83	84	85	89	95	
125	11	81	82	85	86	87	88	90	91	93	97	
126	17	86	87	90	92	97	
152	56	
153	51	52	54	57	59	
154	50	52	54	83	86	87	88	90	97	
155	41	80	81	82	84	85	90	95	
156	16	17	18	19	28	39	42	44	46	48	56	57	58	62	69	79	80	
157	20	21	42	43	45	46	47	49	79	
158	8	22	26	39	43	48	80	
159	10	12	14	79	80	81	84	90	93	
160	8	11	12	15	16	19	81	82	83	84	85	88	89	91	94	
161	16	17	19	22	
182	23	
185	57	
186	54	57	
187	50	51	53	53	55	90	
188	9	49	81	83	84	86	89	92	93	
189	11	14	15	16	17	69	79	
190	17	18	19	20	21	56	57	60	
191	21	22	23	34	37	47	48	50	51	52	53	54	56	57	58	59	
192	43	44	45	46	47	49	49	
193	5	8	9	11	14	43	45	79	
194	7	9	10	11	12	14	15	15	80	81	83	86	90	
195	16	17	17	19	19	20	22	84	
219	6	53	56	
220	47	50	51	52	52	54	55	59	
221	46	49	50	87	88	92	99	
222	9	11	13	15	80	82	84	
223	7	12	15	16	17	19	20	23	69	
224	18	21	22	25	57	
225	51	52	53	54	55	56	58	60	
226	44	45	46	47	48	49	49	50	51	53	54	
227	4	8	9	13	44	45	66	
228	3	7	10	11	12	13	14	14	15	16	17	18	80	
229	15	16	17	17	19	20	20	21	22	25	74	
230	23	
252	57	
253	52	55	56	57	
254	47	48	50	51	53	54	
255	9	48	81	83	83	85	88	98	
256	7	10	11	12	14	15	16	19	69	79	
257	17	18	19	20	21	23	25	26	
258	56	57	58	
259	33	52	52	54	54	55	60	
260	48	49	50	50	53	91	
261	8	10	45	
262	5	7	10	11	12	13	14	15	16	17	18	19	20	23	69	
263	2	15	17	20	21	22	24	
286	56	58	
287	51	52	52	55	56	60	
288	45	47	48	49	50	87	
289	9	10	13	80	85	94	
290	7	11	12	14	15	15	16	17	19	19	21	72	
291	20	21	22	23	57	
292	53	56	58	
293	51	52	53	55	92	
294	48	50	82	83	85	87	89	91	94	
295	4	6	10	11	14	15	81	
296	8	13	14	15	16	16	17	18	19	20	25	26	
297	3	22	23	24	
320	56	58	
321	51	52	53	54	
322	45	48	49	86	90	
323	8	9	10	12	14	15	83	86	
324	17	19	20	21	23	26	
325	22	56	
326	38	52	54	58	92	
327	50	53	85	86	88	88	89	91	92	95	
328	9	16	43	79	81	82	83	84	86	89	95	103	
329	7	11	13	14	15	15	16	17	18	18	19	20	23	69	
330	17	19	21	22	24	
349	87	91	
350	85	87	88	90	91	93	96	
351	82	86	88	89	90	92	93	94	
352	87	91	93	
353	57	
354	52	55	56	57	60	
355	50	51	52	53	54	
356	8	48	82	83	86	88	91	95	
357	4	9	11	12	14	14	15	18	82	86	90	93	
358	13	87	91	92	
359	53	83	86	88	89	90	92	95	
360	50	52	82	84	85	87	88	88	89	90	92	95	
361	9	13	16	41	66	80	82	83	83	84	85	90	
362	7	11	12	14	15	16	16	18	18	19	69	79	
363	17	20	20	21	22	23	25	
364	22	
380	56	
381	52	56	
382	47	48	
383	80	82	83	83	84	86	87	88	90	93	99	
384	6	10	80	81	82	83	84	85	86	87	89	90	92	96	
385	7	9	12	13	80	81	82	83	83	84	85	86	89	90	92	96	
386	11	15	16	17	18	81	83	83	85	87	88	89	91	93	96	
387	82	87	89	91	94	
388	52	53	55	56	59	87	89	91	93	
389	50	51	54	87	88	89	90	93	97	
390	9	80	82	84	86	87	88	90	93	96	
391	5	6	11	12	15	81	82	84	86	88	94	
392	2	16	37	81	82	84	85	86	89	90	94	98	
393	80	81	82	83	84	85	87	89	93	
394	8	16	18	40	80	81	81	83	84	84	86	
395	9	10	12	13	13	14	16	17	18	19	20	43	46	68	79	80	98	
396	4	12	14	16	17	18	19	20	21	23	
397	21	22	24	
414	56	57	
415	33	51	52	53	54	56	57	59	
416	44	47	48	48	49	51	52	53	
417	80	81	85	89	93	102	
418	9	41	78	79	80	81	84	85	89	
419	6	10	13	13	15	46	80	81	82	84	86	88	
420	8	10	11	14	80	81	82	84	85	89	
421	13	80	81	82	84	85	86	88	89	90	92	93	97	
422	52	53	53	54	55	59	81	82	84	85	87	89	90	91	96	
423	50	51	54	81	83	83	85	86	87	89	90	92	96	
424	80	81	83	84	85	89	
425	7	11	16	18	36	39	42	80	
426	12	16	17	19	20	41	42	47	68	79	80	83	99	
427	11	15	16	18	18	19	21	41	43	44	48	68	79	80	81	
428	7	10	11	13	13	14	17	19	20	20	22	26	44	79	
429	5	7	12	15	17	19	20	21	22	24	26	
430	21	23	24	
448	55	56	57	58	58	63	
449	47	48	50	51	51	52	53	53	54	54	55	56	60	
450	43	43	45	46	47	48	49	49	50	53	54	89	
451	42	45	47	56	58	63	67	79	83	83	88	
452	8	17	18	19	38	40	42	44	47	58	79	83	
453	13	14	21	41	43	46	48	80	
454	8	11	15	22	23	40	70	79	80	84	98	
455	40	80	81	84	
456	40	51	55	79	80	81	82	83	84	85	88	94	
457	49	53	80	81	82	84	86	95	
458	8	11	14	16	18	20	66	79	81	84	97	101	
459	10	12	14	15	16	17	17	18	19	20	21	24	27	42	45	68	69	
460	6	12	13	15	16	17	18	19	20	21	22	23	45	46	
461	6	15	19	21	22	24	25	45	
462	21	23	24	
463	23	
482	53	56	57	58	58	
483	43	48	50	50	51	52	53	53	54	55	60	
484	33	44	46	48	49	50	87	88	
485	11	45	
486	16	17	18	19	25	28	42	43	48	51	53	54	55	56	58	59	62	65	
487	20	21	23	24	25	32	40	42	44	45	47	47	49	50	57	
488	20	22	25	26	31	35	39	42	43	44	46	47	49	51	56	58	60	64	
489	21	23	41	42	43	44	47	48	49	50	52	55	56	58	68	
490	21	23	27	31	41	43	43	44	46	47	49	50	55	71	72	79	
491	8	10	45	49	78	80	
492	3	9	10	11	12	14	15	18	24	26	
493	4	12	13	15	16	17	17	18	18	19	20	20	21	22	23	24	70	
494	21	22	23	25	
495	22	
516	55	56	57	59	
517	47	50	50	51	52	53	54	55	
518	44	45	46	48	49	
519	6	9	10	11	13	
520	13	15	16	17	18	19	20	24	27	
521	17	20	22	25	45	55	
522	24	52	55	56	57	
523	23	25	45	47	48	50	51	52	53	54	55	56	59	60	
524	25	42	44	45	46	46	47	48	48	49	50	50	74	
525	9	44	45	65	
526	5	6	8	10	11	12	13	14	14	15	16	19	
527	13	17	18	19	20	20	21	22	23	25	
528	3	22	
550	53	55	56	57	60	
551	47	49	50	51	53	54	58	
552	8	44	45	46	48	49	
553	9	11	12	14	14	
554	12	15	16	17	18	19	20	24	
555	17	22	
556	57	58	
557	51	52	53	54	55	57	61	
558	46	47	48	49	49	50	51	53	54	
559	8	10	29	43	45	66	
560	4	6	7	10	11	12	13	14	15	15	19	71	
561	17	18	19	20	21	22	24	
584	52	53	55	56	57	61	
585	47	50	50	51	52	52	53	54	56	59	
586	8	42	43	45	46	48	49	
587	5	6	8	10	11	12	14	
588	1	12	13	15	16	17	18	20	24	
589	17	20	22	
590	53	56	57	
591	51	52	53	54	55	55	56	58	
592	46	47	48	48	49	50	
593	9	14	44	87	
594	6	8	12	12	14	15	15	16	17	19	72	
595	18	19	20	21	22	26	
596	23	
609	101	101	102	
618	53	55	56	57	60	
619	48	51	52	53	53	54	55	58	60	
620	41	43	44	45	46	47	49	49	
621	8	8	10	11	14	
622	7	12	13	14	15	16	20	71	81	83	84	87	90	94	
623	16	17	18	20	21	
624	56	57	
625	51	52	52	53	54	55	60	
626	50	51	87	93	
627	5	10	11	13	14	82	84	88	92	
628	8	12	15	16	17	19	70	
629	17	18	20	21	23	
643	2	2	3	
652	53	56	57	58	
653	51	52	52	53	54	55	56	59	60	
654	38	43	45	46	47	48	49	49	50	51	53	
655	4	9	10	14	44	46	
656	7	11	12	13	14	15	18	19	80	82	84	92	94	
657	13	17	18	19	20	21	82	87	92	94	
658	55	57	59	
659	50	51	52	53	54	55	59	91	
660	48	49	82	83	85	87	88	90	92	98	
661	5	7	9	10	11	14	80	82	84	87	91	101	
662	7	11	12	13	14	15	16	17	18	19	20	24	68	
663	17	19	20	22	
686	58	
687	33	52	53	54	54	55	56	59	61	
688	39	47	48	49	49	50	51	54	58	
689	8	42	43	44	46	49	
690	3	5	6	8	10	11	12	14	15	
691	13	17	20	21	83	86	88	91	95	
692	52	55	57	59	87	90	92	96	
693	50	50	51	53	54	85	87	88	88	90	91	93	94	
694	66	80	81	83	84	85	87	89	97	
695	4	7	8	10	11	12	13	14	16	18	82	
696	11	13	14	15	16	17	17	18	19	20	21	22	69	
697	20	21	22	23	
721	52	53	55	55	56	57	58	60	62	
722	35	38	47	48	50	50	51	52	54	56	60	
723	9	30	36	42	44	45	46	47	48	49	
724	3	8	10	13	43	71	
725	11	80	82	85	90	93	
726	52	54	55	62	81	82	83	83	85	86	87	89	90	91	94	
727	42	53	80	81	82	83	83	84	85	87	89	
728	9	11	14	16	16	18	19	41	43	45	67	70	79	81	84	
729	3	11	12	13	13	14	15	16	17	18	19	20	23	27	71	
730	5	17	20	21	22	24	25	
731	22	23	25	
755	57	
756	51	52	53	53	54	55	56	57	59	
757	37	45	48	51	52	54	56	57	59	
758	5	31	36	41	42	43	44	45	46	47	48	49	50	52	54	57	
759	2	4	32	36	40	42	44	46	47	49	68	80	
760	18	20	40	42	44	46	47	48	66	79	80	81	84	
761	6	9	11	13	14	15	16	18	19	41	43	46	65	68	79	81	98	
762	12	14	15	17	19	19	20	21	24	26	44	
763	4	7	19	21	22	23	24	25	27	
764	23	25	
791	51	52	53	54	55	59	
792	50	52	54	55	57	59	65	
793	25	44	49	51	64	
794	14	24	25	43	45	48	64	
795	21	23	23	24	25	
796	15	22	24	
797	23	
1159	89	
1160	23	
1168	69	
1171	9	
1175	15	36	
1179	46	
1204	59	
1205	64	
1207	34	
1210	22	
1212	44	
1213	57	
1215	25	
1220	63	
1221	16	
1242	42	
1243	16	20	37	41	46	66	
1244	17	20	42	45	46	48	51	57	66	
1245	20	23	26	29	36	42	43	47	56	
1246	42	45	48	49	
1247	42	
1252	56	
1274	27	
1276	11	13	16	18	20	23	41	
1277	11	15	16	17	19	20	68	
1278	20	21	22	25	35	43	51	57	61	
1279	21	22	43	45	47	48	49	51	53	56	61	
1280	23	37	39	42	44	45	48	49	51	53	58	62	
1281	26	32	42	43	44	46	48	49	51	58	68	
1282	44	46	
1289	14	
1309	11	17	20	41	
1310	8	10	11	12	13	14	18	18	20	24	
1311	7	17	20	21	24	
1312	22	25	87	90	91	
1313	53	83	85	86	89	90	95	
1314	16	52	54	55	56	58	87	90	97	
1315	16	17	31	39	42	44	45	47	49	50	51	53	55	56	58	
1316	43	43	44	46	49	50	52	
1317	48	
1318	49	
1321	49	
1330	25	
1340	16	
1341	17	
1342	7	9	15	
1343	10	12	15	16	20	56	
1344	13	16	17	18	19	20	22	25	69	
1345	15	24	50	55	92	
1346	82	83	85	87	88	91	
1347	8	10	80	81	84	91	93	
1348	6	11	12	13	14	15	16	19	55	57	61	81	82	83	85	90	93	
1349	17	19	20	34	48	50	51	51	53	53	54	57	59	62	95	
1350	18	44	45	45	46	47	48	49	50	51	
1351	44	49	
1352	49	63	
1353	72	
1361	25	
1368	5	
1374	11	
1376	9	14	16	57	
1377	11	12	14	15	16	17	19	57	
1378	18	21	23	24	47	50	52	54	55	
1379	49	55	82	86	88	91	95	
1380	9	78	81	84	87	
1381	9	81	84	
1382	7	9	10	11	12	13	14	16	57	85	
1383	12	16	17	18	19	20	21	48	51	52	53	54	54	55	58	61	68	79	
1384	21	22	45	47	49	49	51	54	88	91	
1385	21	49	
1388	69	
1394	1	
1403	40	
1404	98	
1409	7	13	
1410	7	9	10	12	14	15	17	18	57	68	
1411	5	13	15	16	17	18	19	21	24	52	53	55	58	
1412	22	46	49	50	52	55	88	92	
1413	48	79	80	84	86	89	
1415	8	11	14	
1416	4	6	10	11	12	14	15	17	19	20	20	56	70	
1417	15	18	19	20	21	25	27	52	53	54	55	58	
1418	48	49	52	53	55	85	86	88	89	94	
1419	82	
1422	53	
1426	5	
1434	89	
1438	39	
1442	26	
1443	8	11	13	
1444	10	12	14	15	18	18	21	56	58	60	
1445	20	22	24	47	51	52	53	55	
1446	34	41	48	49	50	54	58	84	87	93	
1447	80	84	
1448	13	
1449	9	11	14	15	18	24	
1450	7	13	15	15	17	18	19	20	24	51	52	57	58	68	
1451	2	21	22	49	50	52	53	55	93	
1452	51	54	80	82	83	84	86	91	93	
1453	98	
1470	29	38	
1473	44	46	
1477	5	6	9	11	14	
1478	5	7	11	12	14	15	16	17	18	20	23	53	57	58	68	
1479	17	21	24	40	45	46	50	52	54	58	
1480	40	46	49	80	82	84	86	
1481	66	
1482	9	12	14	16	19	42	
1483	5	10	12	14	15	16	18	19	21	23	30	58	72	
1484	20	22	23	25	51	52	53	55	
1485	48	51	54	60	85	87	89	91	91	
1486	52	79	82	83	88	90	
1487	84	
1497	10	
1498	10	
1503	15	
1504	16	45	
1505	17	18	20	30	36	39	42	44	47	
1506	19	24	37	40	45	46	48	51	56	71	
1507	27	42	43	46	51	
1508	27	39	47	48	58	
1510	48	
1511	7	10	12	14	16	58	
1512	8	13	16	17	18	19	22	25	27	36	43	54	55	57	59	71	
1513	18	20	21	23	32	41	44	45	46	47	48	50	51	54	67	
1514	40	43	48	55	65	67	79	
1515	9	15	18	20	39	42	43	48	
1516	11	12	14	17	18	20	21	24	28	56	69	
1517	13	20	22	25	26	51	52	54	55	58	69	
1518	23	50	52	54	86	87	89	90	92	94	
1519	55	80	82	83	85	88	89	95	101	
1522	94	
1528	70	
1537	10	
1538	13	13	17	18	
1539	15	16	17	18	20	22	24	42	44	57	64	68	69	
1540	16	18	20	21	22	24	38	41	43	45	47	50	51	53	57	59	62	65	
1541	20	22	24	26	37	42	43	45	46	47	48	48	50	53	56	
1542	27	31	43	44	45	46	48	49	51	58	65	
1543	38	46	67	
1544	9	13	23	43	49	67	
1545	9	10	11	13	14	16	18	18	20	44	57	67	
1546	12	15	15	16	17	18	19	20	22	24	53	54	55	56	60	
1547	21	21	23	25	43	44	45	48	49	50	53	55	56	60	68	
1548	24	32	44	45	49	
1549	11	15	25	44	56	65	
1550	21	23	24	52	55	56	59	93	
1551	23	49	51	52	53	55	91	95	
1552	52	59	82	84	86	88	97	
1553	79	82	87	96	
1554	89	
1560	66	68	
1571	10	16	
1572	7	9	10	11	13	13	14	15	17	19	
1573	12	15	15	16	17	18	18	19	20	21	23	25	26	69	
1574	17	20	22	23	25	51	52	53	54	55	57	58	62	65	
1575	33	44	45	49	50	51	52	54	56	58	
1576	31	42	44	45	46	47	48	49	50	51	54	58	58	
1577	38	41	43	44	47	49	67	
1578	8	9	11	15	16	19	21	25	26	30	42	43	46	
1579	5	6	10	11	13	14	15	16	17	18	19	20	22	23	25	26	68	
1580	15	20	21	22	24	25	26	
1581	22	25	51	93	
1582	87	90	92	97	
1583	52	54	85	86	87	89	90	91	96	
1584	51	52	54	59	85	86	88	89	91	93	95	
1585	81	82	83	85	88	88	90	93	
1586	78	80	84	87	88	94	
1588	85	89	
1589	29	
1593	5	
1594	65	65	
1603	21	40	
1605	9	11	13	
1606	1	5	7	9	10	11	12	14	14	15	17	18	22	24	
1607	13	15	17	19	20	21	24	
1608	22	55	85	86	89	91	93	95	
1609	52	53	55	59	87	89	90	91	93	95	
1610	50	61	88	91	93	
1611	24	45	92	
1612	10	24	
1613	13	20	22	24	57	
1614	23	52	54	
1615	50	53	54	83	85	87	89	90	96	
1616	81	82	84	85	87	88	89	92	95	
1617	57	79	80	81	83	83	84	86	89	94	
1618	80	82	84	85	87	101	
1619	78	80	82	84	92	95	100	
1620	83	
1636	24	
1639	7	9	11	14	22	
1640	4	7	11	12	14	15	15	16	18	22	23	
1641	17	19	21	
1642	80	81	82	84	85	87	88	91	
1643	12	15	80	81	81	83	84	84	85	87	88	89	91	96	
1644	81	82	83	84	85	86	88	89	90	91	93	96	
1645	10	13	67	67	82	83	84	85	87	88	89	91	94	
1646	15	56	83	85	86	87	88	89	90	93	93	96	
1647	16	18	51	52	55	58	58	83	90	92	
1648	46	48	49	50	52	53	55	58	88	
1649	50	78	80	82	84	85	86	88	93	93	
1650	79	80	82	83	85	90	
1651	79	80	
1652	80	84	93	93	99	
1653	80	
1658	11	
1660	21	
1667	38	
1670	73	
1672	78	
1673	7	8	10	14	58	
1674	5	7	12	12	14	15	16	18	18	20	22	24	55	57	
1675	19	21	25	47	50	52	53	
1676	43	49	79	86	
1677	8	79	80	81	84	89	94	
1678	13	79	80	80	81	83	83	84	85	
1679	8	15	79	80	82	84	86	90	100	
1680	7	9	10	12	13	14	18	56	57	80	80	82	84	86	92	
1681	16	17	19	20	48	51	51	52	53	54	55	59	69	80	82	84	89	
1682	44	47	49	49	51	55	87	
1683	50	79	81	83	85	89	
1684	63	79	85	98	
1685	83	100	
1706	8	14	
1707	9	11	15	16	21	
1708	5	7	11	12	13	15	16	17	20	24	52	55	57	59	
1709	17	18	19	21	47	50	51	53	
1710	43	46	49	51	84	
1711	4	88	88	
1712	80	84	89	
1713	8	12	15	79	84	
1714	10	11	12	14	15	16	20	53	56	82	
1715	13	17	18	18	20	51	52	53	54	54	55	58	70	81	
1716	23	45	47	49	49	51	84	87	91	94	101	
1717	45	51	54	57	79	87	88	
1719	98	
1738	1	
1740	8	14	
1741	8	11	14	58	
1742	6	12	13	15	17	19	21	52	54	55	56	56	58	59	
1743	18	19	20	22	42	47	49	50	53	53	55	60	
1744	44	46	48	50	101	
1745	44	87	
1746	48	
1747	5	6	10	13	56	84	
1748	5	8	10	11	12	14	15	17	18	21	37	56	57	62	
1749	17	19	20	22	24	48	51	52	53	54	55	57	59	69	
1750	45	49	51	54	82	83	85	89	
1751	49	87	
1752	91	
1756	17	50	
1763	18	
1765	83	
1769	83	
1774	14	
1775	8	10	14	
1776	6	10	11	13	14	14	15	16	19	20	52	56	56	58	59	
1777	16	17	18	19	20	22	42	47	48	50	51	53	54	55	57	60	69	
1778	23	41	43	44	46	47	49	52	53	
1779	47	
1781	10	15	
1782	5	8	11	13	15	16	18	18	20	56	59	71	
1783	16	16	17	19	20	21	23	43	47	50	51	54	58	58	
1784	45	48	48	50	52	54	80	
1785	47	
1786	61	
1795	41	
1800	67	
1808	12	
1809	9	12	14	
1810	2	7	11	12	13	14	15	17	49	61	83	
1811	16	16	18	18	20	21	24	51	52	53	54	55	56	59	61	71	82	87	91	
1812	41	44	45	46	47	49	50	51	53	55	56	58	
1813	44	46	49	
1814	8	
1815	9	11	14	19	67	
1816	5	7	11	13	14	15	16	17	18	18	19	20	24	26	55	56	56	59	62	
1817	17	20	21	22	24	26	47	49	50	51	52	53	55	56	58	62	
1818	44	45	46	49	50	54	92	
1842	21	
1843	9	
1844	5	6	8	9	10	12	13	14	24	57	87	94	
1845	12	15	16	18	19	52	54	55	56	59	82	85	88	90	94	
1846	18	22	33	35	42	44	48	49	51	52	53	58	
1847	37	38	42	44	47	49	
1848	9	14	23	47	66	
1849	8	10	12	13	14	15	17	18	19	26	44	56	58	
1850	17	19	20	21	22	23	35	52	56	58	60	68	
1851	22	47	49	50	51	52	53	54	62	91	
1852	48	50	54	85	88	88	90	
1853	97	
1860	101	
1872	65	
1877	10	
1878	3	9	11	13	15	
1879	6	8	11	12	15	16	23	52	55	60	81	84	87	90	95	
1880	16	18	20	51	53	55	60	82	85	86	88	89	90	91	94	96	
1881	17	30	43	45	47	49	65	
1882	10	13	20	24	44	
1883	7	12	14	15	20	22	24	57	73	
1884	24	51	52	55	56	59	87	91	
1885	50	51	53	55	82	83	86	87	88	88	89	91	93	96	
1886	80	82	83	85	90	95	101	
1890	27	
1891	12	
1901	66	
1906	68	
1912	5	10	15	
1913	6	9	10	12	14	23	81	84	94	
1914	12	13	14	80	81	82	83	85	87	90	95	
1915	82	83	85	87	92	94	97	
1916	57	87	90	91	93	97	
1917	52	53	55	56	86	87	88	90	92	96	
1918	52	54	82	84	85	87	88	90	93	96	100	
1919	81	82	83	84	87	90	
1920	79	81	84	90	
1926	53	
1943	9	
1947	8	14	
1948	10	15	78	79	80	84	96	
1949	13	81	82	84	88	89	94	
1950	80	81	82	84	85	87	88	90	97	
1951	80	81	82	83	85	87	90	95	99	
1952	79	80	81	83	84	85	87	95	
1953	78	80	82	84	87	
1954	86	
1981	91	
1982	86	
1983	80	84	
1984	79	80	82	85	
1985	78	80	85	92	
1986	94	
1987	99	
2008	12	
2020	83	
2030	82	
2035	77	
2040	89	
2042	58	
2046	61	
2048	60	
2055	17	
2084	61	
2086	62	
2088	99	
2112	13	
2125	17	
2177	96	
2178	12	
2202	1	28	
2263	7	
