47	93	
50	78	
80	86	88	90	91	92	94	98	
81	54	55	86	87	89	90	91	92	95	
82	87	90	91	93	96	
83	17	87	92	96	
111	56	
112	53	56	88	92	97	
113	52	86	88	89	91	92	94	97	
114	82	83	84	85	86	88	89	90	91	93	94	97	
115	10	81	82	84	85	85	86	87	88	88	89	90	92	93	95	99	
116	6	8	10	12	13	15	81	82	83	84	85	86	87	88	89	91	93	94	97	99	
117	16	17	82	83	85	86	88	89	91	93	97	
118	16	18	19	86	90	93	
143	58	
145	35	53	88	90	92	96	
146	53	54	57	58	83	85	86	87	89	90	92	93	96	
147	53	54	81	82	84	84	85	86	88	89	90	91	93	94	96	
148	81	82	83	84	85	86	87	89	90	92	
149	4	7	11	79	80	81	82	82	83	84	85	89	90	98	
150	7	9	11	12	14	15	80	81	82	83	83	84	85	88	
151	6	8	10	11	13	14	15	16	18	80	81	82	84	85	87	89	91	93	93	98	
152	12	16	17	19	86	90	92	97	
153	18	22	93	
176	56	
177	57	
178	51	52	53	55	56	91	93	
179	50	52	53	55	82	86	87	89	90	91	94	
180	50	52	54	81	83	84	85	85	86	88	89	90	93	96	
181	55	59	80	81	83	84	85	86	88	89	
182	80	81	84	85	92	
183	12	80	83	85	
184	4	9	12	14	79	81	90	94	
185	6	8	9	10	11	12	13	14	15	16	28	80	81	83	83	85	91	
186	2	6	10	12	12	15	16	18	18	21	82	83	85	86	89	91	94	
187	16	17	19	23	88	91	93	98	
188	17	
209	58	
210	56	57	
211	47	51	53	53	55	56	57	59	
212	32	49	50	51	52	54	55	56	86	88	88	90	92	94	
213	49	51	53	55	81	82	84	85	86	88	88	89	91	94	99	
214	80	82	84	85	87	91	94	
215	82	85	94	
216	43	84	90	98	
217	14	41	
218	7	15	23	
219	6	8	9	11	13	102	
220	3	6	8	10	11	12	14	15	80	81	82	83	84	86	87	88	90	92	93	98	
221	12	13	15	16	16	17	18	22	81	82	83	85	86	90	92	96	
222	16	17	20	87	93	
243	57	58	
244	54	56	58	60	
245	32	48	50	51	52	52	53	54	55	57	90	96	
246	47	48	49	50	51	54	81	84	85	86	89	91	97	
247	50	53	80	82	84	85	87	96	
248	83	86	
249	30	41	67	
250	16	17	18	19	20	23	35	41	42	46	56	58	60	62	63	
251	20	21	27	41	43	44	45	46	47	48	52	56	58	
252	20	22	42	44	45	46	48	48	
253	5	10	
254	7	9	10	11	12	14	15	80	81	85	89	99	
255	3	6	8	9	11	12	13	13	14	15	16	18	20	80	81	82	84	88	88	97	
256	15	16	17	18	19	21	22	23	82	86	93	
277	56	57	58	60	
278	34	50	52	52	54	54	55	56	60	
279	46	47	48	49	50	50	51	52	53	54	55	58	88	90	93	97	
280	48	49	50	54	80	83	84	85	88	88	90	94	
281	48	82	84	94	
282	8	
283	9	11	12	13	15	16	17	18	20	27	42	44	
284	7	12	15	16	16	17	18	19	19	20	21	21	22	23	43	56	57	58	59	60	62	65	69	
285	21	21	22	24	26	33	37	44	47	49	50	51	52	55	56	58	59	76	
286	23	43	44	45	46	47	48	48	49	50	51	51	54	
287	10	44	48	49	
288	5	9	11	13	14	87	100	
289	6	8	9	10	11	12	14	15	15	16	18	19	24	80	83	83	87	93	93	
290	3	11	13	14	15	16	17	18	19	21	22	23	28	82	86	90	93	
291	21	
294	92	
295	92	
310	57	
311	36	56	57	58	60	
312	47	51	52	52	53	54	55	55	56	59	62	
313	33	47	49	49	50	51	52	53	54	55	85	87	89	91	
314	48	49	82	85	88	91	
315	9	
316	8	10	11	13	15	19	41	66	
317	6	10	12	13	13	14	15	16	17	17	18	19	20	70	
318	12	17	18	19	20	21	21	22	24	36	43	55	57	58	60	63	
319	21	22	23	50	51	52	52	54	55	55	56	57	59	60	62	
320	32	44	45	46	47	48	48	49	50	50	51	52	53	55	56	58	
321	43	45	46	49	50	
322	4	7	8	12	15	
323	6	8	9	10	12	13	14	15	16	80	82	93	100	
324	3	6	12	15	15	16	16	18	18	19	23	81	82	84	85	88	93	98	
325	17	20	21	86	91	
326	86	87	90	91	94	98	
327	86	87	89	90	91	92	93	95	
328	82	86	87	88	89	90	91	92	93	96	
329	85	86	87	88	90	91	92	93	96	
330	13	14	17	83	86	87	89	91	93	93	96	
331	16	18	
344	56	57	
345	52	56	58	59	
346	47	48	49	50	51	52	52	53	54	54	55	90	
347	46	49	49	50	52	53	54	83	84	85	87	89	91	93	
348	49	84	
349	9	12	13	41	66	
350	6	9	10	11	12	14	14	15	16	17	18	18	19	20	24	70	
351	2	8	11	13	15	15	16	17	18	18	19	20	20	21	23	25	26	44	
352	21	22	23	23	25	56	57	60	
353	34	50	51	52	53	54	54	55	56	57	58	59	62	
354	41	44	46	47	48	49	49	50	51	52	53	54	56	61	
355	43	45	46	47	49	50	
356	44	47	49	
357	7	9	10	11	12	14	89	
358	3	7	11	12	12	13	15	16	17	20	23	81	84	88	88	92	99	
359	18	82	85	87	88	90	91	92	93	97	100	
360	83	84	86	87	88	89	90	91	93	97	
361	81	82	83	84	85	86	88	89	90	91	93	95	99	
362	81	82	83	83	84	85	86	89	90	91	93	94	
363	10	13	14	80	81	82	83	84	85	87	88	89	90	91	93	95	99	
364	8	11	12	13	14	15	16	16	17	19	81	82	83	84	85	86	88	92	98	
365	16	17	17	18	20	21	82	
378	57	
379	33	51	52	52	54	54	55	56	57	58	58	61	
380	48	49	50	50	51	53	53	54	55	57	87	89	91	95	
381	48	49	50	85	87	89	92	97	
382	41	43	49	83	89	93	
383	7	8	10	11	13	14	15	16	17	18	42	72	
384	6	9	10	12	12	13	13	14	15	16	17	18	18	19	20	20	21	22	25	44	71	
385	20	21	21	22	23	23	24	26	75	
386	58	
387	34	52	53	54	55	55	56	57	57	59	60	63	
388	36	43	45	46	47	49	50	51	52	52	53	54	55	56	57	58	59	61	
389	44	45	46	47	48	48	49	49	51	53	
390	10	43	47	48	50	
391	3	8	10	15	
392	6	13	82	83	92	95	99	
393	81	82	83	83	85	86	87	88	89	91	93	96	
394	80	81	82	83	84	85	86	87	88	90	93	
395	81	82	83	83	84	85	86	90	94	98	
396	8	81	82	83	84	86	88	98	
397	8	9	11	13	80	81	82	84	89	99	
398	7	10	11	12	12	14	14	15	16	16	18	19	20	22	23	80	81	83	84	
399	17	18	19	20	21	22	24	26	
412	55	56	58	60	
413	51	52	53	54	54	55	56	59	61	
414	49	50	50	52	53	54	86	87	89	90	92	93	98	
415	50	83	85	88	90	
416	8	10	11	13	14	15	16	18	83	
417	6	10	11	12	13	13	14	15	15	16	16	17	17	18	19	20	21	24	26	
418	15	17	18	19	20	21	21	22	23	24	25	
419	22	23	
421	52	55	56	57	57	60	
422	36	48	50	51	51	52	53	53	54	54	55	56	56	58	58	59	60	63	
423	44	45	46	47	48	49	49	50	51	51	53	54	
424	44	45	46	48	48	49	50	51	
425	9	
426	84	90	
427	80	81	82	84	89	94	
428	80	82	84	87	88	93	
429	82	85	
430	84	
431	3	7	8	10	11	14	93	98	
432	6	7	10	11	11	12	13	14	14	15	16	17	19	24	70	
433	16	16	17	17	18	18	19	20	21	22	23	23	26	100	
445	57	
446	52	53	55	56	58	58	
447	49	50	51	52	53	54	54	55	61	86	88	88	90	91	93	95	
448	49	50	51	54	82	83	85	86	88	89	90	92	95	
449	8	10	83	85	
450	5	6	9	11	12	13	13	14	15	16	18	23	
451	8	11	12	15	16	17	18	19	20	21	24	26	
452	17	21	22	23	25	
455	57	
456	52	52	53	54	54	55	56	57	57	58	59	60	62	
457	47	48	48	49	50	50	51	52	53	54	54	55	56	58	60	
458	44	45	46	47	48	49	50	
460	53	
461	81	83	92	
462	86	93	
464	16	23	
465	8	9	10	14	27	
466	1	7	8	10	11	12	13	14	14	15	16	18	19	20	25	70	83	102	
467	3	13	17	17	18	19	20	20	21	22	23	23	27	83	
473	81	81	82	
479	35	55	56	57	58	60	
480	46	50	51	52	53	53	54	55	56	60	
481	35	46	48	50	51	53	54	54	55	81	83	83	84	86	88	89	90	92	96	
482	49	81	83	84	85	87	90	95	
483	8	10	12	13	14	84	
484	7	10	11	11	12	13	14	15	15	16	17	18	
485	12	15	16	16	17	19	20	21	22	23	26	
486	17	18	22	
489	57	58	
490	34	52	53	55	55	56	57	59	60	
491	47	49	50	51	51	52	53	54	55	57	58	
492	44	46	47	48	49	50	52	53	
493	49	
494	52	
498	16	
499	8	10	11	13	14	15	16	
500	2	5	6	7	10	11	12	13	13	14	15	15	16	17	18	19	24	28	
501	16	17	17	18	20	20	21	22	23	23	
512	57	58	62	
513	34	51	52	53	54	55	56	56	57	59	61	
514	41	47	48	49	49	50	51	51	54	54	56	90	
515	38	40	43	46	47	48	49	50	51	53	84	
516	49	70	80	82	84	
517	5	7	8	10	14	26	40	47	
518	4	6	9	10	11	12	13	14	15	16	17	18	19	24	83	
519	11	12	15	16	16	17	18	20	21	82	
520	17	21	22	
523	57	58	
524	34	52	52	53	54	55	55	56	56	57	59	61	
525	48	49	49	50	50	51	52	53	53	54	55	58	
526	47	48	49	50	91	
527	48	
528	36	
532	9	70	
533	5	9	10	13	14	16	
534	4	8	10	11	12	13	13	14	15	15	16	16	18	19	26	
535	15	16	16	17	18	19	19	20	21	22	23	24	26	
536	18	22	
546	62	
547	52	52	53	54	55	55	56	57	58	59	60	61	
548	32	35	38	42	47	48	49	50	51	52	52	54	54	56	57	60	63	
549	37	41	42	43	44	45	46	47	48	49	49	50	54	56	57	58	61	63	68	
550	18	20	37	41	42	44	45	46	47	48	49	56	67	
551	10	14	19	20	21	22	40	42	43	43	44	46	47	65	
552	4	6	8	8	10	11	12	14	15	16	18	19	19	20	23	41	67	70	
553	12	17	18	19	19	20	21	24	27	
554	18	20	21	23	
557	56	57	
558	34	51	52	53	54	55	56	57	59	61	78	
559	49	50	50	51	52	53	54	55	56	59	85	88	89	91	94	
560	48	49	50	51	54	87	89	92	
564	23	
566	8	
567	3	9	10	11	12	13	19	
568	5	6	7	10	11	12	12	13	14	14	15	16	17	19	21	23	82	
569	1	16	17	17	18	18	19	20	21	21	22	23	26	
570	23	24	24	
581	53	58	61	
582	52	54	55	60	
583	44	45	47	49	52	54	60	63	64	
584	21	23	25	43	45	48	49	51	61	
585	14	20	22	24	25	43	45	47	49	65	
586	1	13	20	22	23	24	25	44	45	
587	21	22	23	24	25	
588	23	25	
590	57	
591	55	56	57	58	59	
592	47	50	51	52	53	53	54	55	56	60	86	
593	47	48	49	50	51	52	54	56	82	84	85	87	89	92	95	
594	49	51	55	65	82	83	86	88	89	
596	54	
598	38	
600	10	33	
601	9	10	14	15	
602	1	7	8	10	11	12	12	13	14	15	15	16	17	18	18	19	23	
603	2	15	16	16	17	18	19	20	20	21	22	24	
604	22	
607	13	
618	24	
620	4	
624	56	58	
625	34	52	53	54	55	56	57	60	
626	33	47	50	51	52	53	53	54	55	57	59	87	90	
627	33	46	48	49	51	54	57	82	84	86	88	88	90	
628	48	51	84	94	
629	42	
631	42	47	
632	22	
633	19	44	
634	18	41	
635	7	8	10	12	13	14	18	
636	5	7	9	10	11	12	12	14	14	15	15	16	16	17	18	19	24	26	69	
637	13	16	17	17	18	19	20	21	21	22	24	26	
638	22	
658	55	57	58	59	
659	34	36	48	51	52	53	54	54	55	56	57	59	60	
660	45	46	47	49	50	50	51	52	53	53	54	58	84	
661	47	48	49	50	84	
662	50	83	
663	16	35	40	43	45	56	67	
664	16	17	18	19	20	38	42	45	46	47	66	
665	22	37	39	42	43	44	46	47	48	61	67	
666	19	23	36	41	43	43	47	48	56	
667	20	30	38	40	42	47	
668	18	18	20	41	42	44	46	47	
669	8	10	14	15	18	21	41	46	48	66	
670	5	6	7	11	11	12	13	13	14	15	17	18	19	21	23	
671	16	17	17	19	20	21	21	22	23	26	
672	22	
692	56	57	62	
693	37	50	51	52	53	54	54	55	56	57	58	59	62	
694	45	46	47	48	49	50	50	51	52	53	54	54	55	56	
695	42	45	47	48	49	50	54	90	
696	9	
697	6	12	13	15	16	17	19	60	
698	16	17	17	18	18	19	20	21	22	24	41	43	47	51	54	57	59	62	
699	20	22	23	25	27	38	41	43	44	45	47	47	49	50	54	56	59	61	66	
700	19	21	23	23	26	39	42	43	43	44	45	46	47	48	49	56	57	59	61	65	
701	19	20	21	22	23	38	42	44	45	47	48	49	51	54	56	59	62	65	71	
702	17	19	20	21	22	24	26	39	42	43	44	46	47	49	51	59	65	66	
703	4	8	10	14	18	19	20	21	22	26	41	43	43	44	46	48	49	
704	4	6	11	12	13	14	15	15	17	19	20	21	22	24	26	44	70	
705	18	20	21	22	23	23	27	
706	22	
726	57	58	
727	37	51	52	53	54	55	55	56	57	59	60	61	63	
728	33	36	42	42	44	46	47	48	49	50	50	51	52	53	54	55	56	57	58	61	
729	40	43	44	45	46	47	48	49	49	53	
730	9	14	19	38	41	46	49	66	
731	7	8	10	11	12	13	13	14	15	16	17	19	20	68	70	
732	16	17	17	18	18	19	20	20	21	22	25	
733	20	22	23	25	45	50	
734	23	23	25	44	45	48	65	
735	21	24	25	45	49	55	62	64	
736	21	23	24	49	54	63	
737	5	13	23	23	24	45	
738	22	24	45	
739	3	23	24	
761	52	53	54	55	56	57	59	60	63	
762	45	50	51	52	53	54	54	55	56	57	58	58	60	62	
763	32	37	41	43	43	45	46	47	48	48	49	49	50	51	52	54	60	
764	9	11	20	25	41	42	43	44	44	45	46	47	49	
765	4	7	10	11	12	14	15	17	19	20	21	24	68	
766	15	18	20	20	21	22	23	23	24	
767	22	
795	61	
796	51	
797	24	45	51	54	61	63	
798	9	23	45	49	
799	12	23	24	
800	3	22	25	
954	103	
1157	30	
1159	46	
1163	43	
1166	60	
1168	83	
1169	37	57	
1171	63	83	
1176	10	
1191	31	
1193	30	
1194	45	
1201	41	
1203	26	36	56	
1204	59	
1205	48	
1207	75	
1209	85	
1219	62	
1226	84	
1228	52	
1233	41	
1235	18	43	
1236	16	18	20	33	37	40	43	46	48	52	57	60	
1237	18	20	22	42	45	47	57	59	69	
1238	20	28	39	43	46	47	
1239	44	46	53	55	70	
1240	45	81	
1248	14	
1254	8	
1263	27	
1265	16	97	
1266	20	
1267	18	42	
1268	10	17	19	40	43	46	
1269	12	15	16	17	18	20	22	41	63	67	
1270	16	17	18	18	19	20	22	24	27	40	42	43	52	57	58	60	
1271	17	20	21	22	24	26	36	41	43	45	47	48	48	50	52	55	56	57	59	65	69	
1272	21	23	23	36	41	43	44	46	47	48	49	50	52	54	57	58	60	71	
1273	42	44	46	47	48	49	51	
1274	44	47	49	58	
1279	94	
1287	100	
1297	3	
1299	29	
1300	17	
1301	12	13	15	16	17	18	20	25	41	43	45	
1302	9	11	13	15	16	17	18	19	20	21	42	
1303	10	12	13	14	16	17	18	19	20	21	22	24	26	42	44	
1304	17	19	20	21	22	23	24	45	58	61	
1305	22	24	45	50	52	53	54	56	57	59	62	
1306	25	41	43	44	45	48	49	50	50	51	52	54	54	55	56	57	58	58	59	61	
1307	42	44	45	46	47	48	48	49	50	51	54	61	
1308	34	43	44	47	49	50	54	
1309	50	
1310	48	76	
1313	66	
1319	10	
1329	52	
1333	9	13	17	
1334	8	11	14	17	18	19	22	42	
1335	9	11	13	13	15	16	17	17	18	19	20	21	23	24	42	46	69	
1336	12	14	15	17	18	19	20	21	22	24	25	45	
1337	12	19	21	22	22	23	24	26	
1338	18	21	23	25	
1339	57	58	
1340	35	51	52	52	53	53	54	55	56	57	58	59	63	
1341	36	40	43	45	48	49	50	51	52	53	54	54	55	56	57	59	
1342	36	42	44	45	46	47	48	49	50	51	52	56	66	
1343	44	47	50	54	
1344	49	
1349	56	
1350	9	14	
1359	3	
1366	14	
1367	11	14	17	18	
1368	8	9	11	13	13	14	15	16	17	19	20	22	23	69	
1369	12	15	16	17	18	18	19	20	21	22	23	25	27	
1370	13	20	21	22	23	24	
1373	92	
1374	53	55	56	58	60	
1375	51	52	53	54	55	56	57	58	59	60	65	
1376	36	41	45	46	47	48	49	50	51	53	54	55	57	
1377	44	45	46	47	48	48	49	50	52	
1378	45	47	66	
1380	56	
1382	46	
1384	10	46	
1385	71	
1391	9	
1400	10	25	
1401	6	9	10	11	13	14	15	16	19	20	24	
1402	8	11	12	13	13	14	15	16	17	18	18	19	20	21	22	24	28	69	
1403	20	20	21	22	23	24	
1404	23	57	
1405	56	
1406	90	92	93	95	
1407	86	87	88	89	90	91	92	93	95	98	
1408	16	58	86	87	89	91	95	
1409	16	17	17	52	53	55	57	58	59	61	
1410	43	48	50	51	52	53	53	54	55	57	59	60	
1411	41	44	46	47	48	49	50	50	51	53	54	65	
1412	42	44	46	47	48	50	
1417	48	55	
1421	58	
1425	13	
1430	15	40	
1434	8	11	13	15	18	20	
1435	6	10	11	12	13	14	15	16	17	19	20	27	
1436	5	8	11	13	16	16	17	18	18	19	20	21	22	23	24	26	71	
1437	21	22	24	58	
1438	56	
1439	51	52	54	58	87	91	93	94	
1440	82	83	85	86	87	88	88	89	90	92	96	100	
1441	8	10	14	80	81	82	83	84	84	85	86	88	89	90	93	
1442	6	11	13	13	15	16	17	18	81	82	83	84	85	88	92	93	99	
1443	16	17	17	18	20	57	58	59	62	82	
1444	37	51	51	52	53	54	55	55	56	57	58	58	59	61	
1445	33	43	44	45	46	47	48	49	50	50	51	52	53	54	56	59	
1446	44	46	48	48	49	50	51	53	
1447	44	52	
1448	16	39	60	66	79	
1449	18	24	41	
1450	37	41	47	58	59	
1451	23	43	46	53	
1452	49	
1453	48	
1459	5	8	
1466	39	
1468	8	10	12	14	17	23	23	42	
1469	4	6	9	10	11	12	13	14	15	16	16	17	18	19	20	21	
1470	15	16	17	19	20	21	22	23	24	28	
1471	23	37	56	58	
1472	51	52	53	54	54	56	58	
1473	49	49	51	53	55	82	84	86	87	89	90	92	96	99	
1474	9	50	80	81	82	84	84	86	89	93	94	
1475	4	9	12	14	15	79	80	82	84	92	93	98	
1476	8	11	12	13	13	14	15	16	18	19	80	82	83	84	87	92	
1477	16	17	17	18	19	21	22	24	27	92	
1478	21	52	53	54	55	56	56	57	58	59	60	
1479	33	43	47	48	50	51	51	52	54	54	55	56	57	59	
1480	41	44	45	47	48	48	49	49	50	53	55	59	62	63	
1481	38	41	45	46	49	58	
1482	16	17	18	20	24	27	41	42	44	46	66	69	
1483	19	21	40	42	45	47	49	57	65	66	
1484	19	21	23	27	39	42	44	46	48	49	57	60	65	
1485	19	21	23	24	26	36	41	44	47	51	55	56	59	63	67	
1486	21	43	45	46	47	48	50	58	
1487	46	49	56	
1489	58	
1490	7	
1501	4	9	13	
1502	6	9	10	12	13	14	15	16	18	18	20	90	
1503	4	7	9	11	12	12	14	15	16	17	17	19	20	21	23	68	
1504	17	18	20	21	22	24	25	56	57	
1505	52	55	58	58	63	
1506	50	51	51	53	53	54	55	57	87	89	91	92	93	98	
1507	49	51	54	81	83	84	85	86	88	88	90	92	97	
1508	80	84	89	
1509	9	11	15	
1510	5	7	9	11	12	13	13	14	15	16	82	
1511	12	16	17	17	19	20	22	83	83	88	91	
1512	17	18	21	23	35	56	56	57	60	62	
1513	34	51	52	53	54	55	56	58	60	
1514	12	38	42	44	45	46	47	48	49	50	50	52	54	63	66	
1515	8	14	18	41	43	44	46	67	
1516	17	19	20	21	24	43	46	61	67	
1517	18	20	21	22	24	42	45	48	50	61	
1518	21	22	25	35	36	43	44	46	47	50	55	56	57	58	60	65	66	
1519	22	23	23	26	36	44	45	47	50	51	52	53	55	56	57	58	60	
1520	22	43	45	46	47	48	48	49	50	51	52	53	58	
1521	49	
1522	4	74	
1524	10	
1525	12	62	
1531	14	23	
1532	84	
1534	16	
1535	8	10	14	19	
1536	8	10	10	11	12	13	14	15	16	19	27	
1537	12	13	16	17	18	18	19	19	20	21	23	24	57	
1538	21	22	23	53	56	58	60	
1539	50	51	52	53	54	55	56	62	87	90	92	95	
1540	50	52	53	60	82	84	85	86	88	88	89	90	91	94	
1541	52	55	79	81	83	84	85	88	91	
1542	86	90	
1543	5	13	13	84	
1544	4	8	9	10	11	13	14	15	16	18	21	25	29	86	90	93	99	
1545	7	7	11	12	14	15	16	17	18	20	81	83	84	86	91	94	98	
1546	16	16	17	19	21	23	
1547	54	55	58	58	61	
1548	42	44	45	47	50	53	55	67	
1549	9	14	24	26	42	44	47	48	
1550	12	20	21	23	25	76	90	
1551	22	24	
1552	23	25	36	54	55	57	58	59	61	
1553	48	51	52	52	53	53	54	55	56	57	59	60	
1554	45	46	47	49	49	50	51	52	54	55	56	63	
1555	44	48	49	53	55	
1557	90	
1561	72	72	72	73	
1565	38	
1567	21	
1569	8	10	12	13	15	16	19	
1570	4	5	6	9	10	11	12	14	14	15	16	18	19	20	21	26	
1571	15	17	18	19	20	20	21	23	23	24	35	56	57	58	59	
1572	22	51	52	52	54	55	57	60	97	
1573	47	48	49	50	53	53	54	82	83	84	85	86	88	89	91	94	
1574	50	79	80	81	82	83	84	85	86	90	94	100	
1575	81	86	
1577	8	
1578	5	9	11	11	12	14	84	
1579	6	8	10	11	12	12	14	15	16	17	19	22	80	81	83	86	88	91	94	99	
1580	16	17	18	18	19	21	22	84	86	92	95	
1581	17	23	
1584	25	
1586	37	53	56	57	57	59	61	
1587	51	52	52	53	54	54	55	56	57	58	59	
1588	33	45	46	47	48	48	49	49	50	50	52	53	54	56	59	63	
1589	45	48	51	
1591	61	
1601	20	
1602	10	14	19	41	
1603	7	9	10	12	13	14	16	17	18	19	21	27	
1604	6	11	12	14	15	16	17	18	19	20	21	23	23	57	71	
1605	20	21	22	25	34	52	55	56	59	60	
1606	13	45	46	47	48	49	50	50	52	53	53	54	55	58	89	91	
1607	46	48	49	59	80	82	85	87	88	
1608	49	80	84	
1609	82	86	
1611	79	100	
1612	4	9	12	12	
1613	7	8	9	10	11	13	13	14	15	16	18	23	25	81	86	97	100	
1614	12	13	15	16	17	17	18	19	20	21	22	24	81	82	83	85	101	
1615	21	22	
1620	55	56	57	59	62	
1621	34	52	52	54	55	55	56	57	58	59	60	62	
1622	44	45	46	47	48	48	49	49	50	51	52	53	54	59	
1623	21	44	46	49	
1626	22	
1629	4	
1632	82	
1634	10	
1635	9	13	17	
1636	10	11	13	14	16	20	23	
1637	7	9	11	12	14	15	16	16	17	18	18	19	20	23	70	
1638	15	17	18	19	20	21	22	23	24	27	57	57	60	
1639	22	22	33	51	52	53	54	55	55	55	55	56	57	58	59	62	
1640	44	47	48	49	50	51	51	54	54	56	59	89	
1641	43	48	49	50	53	84	
1642	84	
1646	11	15	18	
1647	4	8	8	10	11	12	13	13	14	15	16	19	83	
1648	7	12	15	15	16	16	17	17	18	19	20	21	23	23	70	81	98	99	
1649	17	21	22	
1654	36	56	57	57	60	62	
1655	51	52	52	53	53	54	55	55	56	58	59	
1656	14	32	45	46	47	48	49	49	50	51	54	55	57	60	
1657	47	48	51	54	
1669	9	12	14	
1670	6	8	10	11	13	14	15	19	23	
1671	12	13	14	15	16	16	18	19	20	21	25	93	
1672	18	21	22	57	
1673	34	51	52	53	54	55	56	57	58	59	62	
1674	45	48	49	50	50	51	52	53	53	54	56	58	92	
1675	45	48	49	50	55	
1676	53	
1680	9	18	75	75	
1681	5	7	10	11	12	13	14	14	15	16	19	22	24	101	
1682	8	12	13	14	15	16	17	18	18	19	20	21	22	23	24	69	
1683	21	21	22	26	
1688	55	56	57	57	58	60	
1689	35	36	52	53	54	55	55	56	57	58	61	
1690	44	45	46	47	48	49	49	50	51	52	54	55	58	93	
1691	36	49	51	62	65	
1692	58	
1697	12	
1702	13	
1704	4	7	10	10	11	13	13	14	15	18	23	81	
1705	8	11	12	13	14	16	25	91	93	95	101	
1706	74	86	87	88	90	91	92	95	97	
1707	34	52	53	54	55	57	59	86	87	87	90	91	91	92	95	97	
1708	50	51	51	53	54	54	59	86	86	88	90	91	93	94	96	
1709	49	52	56	88	91	95	
1713	9	14	
1714	9	11	15	16	19	
1715	5	6	8	10	11	13	13	14	15	16	17	19	21	25	
1716	2	12	15	16	16	17	18	18	19	20	21	22	24	
1717	21	22	23	27	
1722	55	56	57	57	58	61	
1723	36	51	51	52	53	54	55	57	59	61	
1724	45	47	47	48	49	49	50	51	51	53	54	56	
1725	45	48	48	49	52	
1728	16	
1734	77	
1737	9	
1738	5	9	12	14	
1739	10	81	82	83	84	86	89	92	
1740	13	80	82	83	84	85	86	89	90	93	99	
1741	81	82	83	83	84	84	85	86	88	89	90	92	93	96	99	
1742	55	55	82	82	83	84	85	86	88	91	94	
1743	81	85	90	96	
1746	18	101	
1747	8	21	24	
1748	8	10	11	13	13	14	16	17	19	25	
1749	6	9	10	11	12	14	15	16	17	18	18	19	20	21	24	
1750	2	13	17	18	19	20	21	22	23	25	
1751	21	22	
1756	53	56	57	58	62	
1757	48	51	52	52	53	54	54	55	55	56	57	58	59	61	
1758	44	45	46	47	49	49	50	50	51	53	54	57	58	
1759	44	48	49	
1762	15	15	
1763	12	12	
1769	6	59	
1772	84	
1773	85	100	
1774	79	80	82	84	85	90	93	99	
1775	80	81	83	84	85	90	
1776	80	81	83	85	87	88	
1777	82	83	89	
1780	19	
1781	7	9	15	
1782	4	6	8	10	11	13	13	15	17	19	24	
1783	12	14	15	16	16	17	18	18	19	20	21	23	27	
1784	2	17	20	21	21	22	24	27	
1785	23	
1790	57	57	62	
1791	33	52	52	54	55	55	56	57	58	59	63	
1792	16	45	46	47	49	49	50	51	53	54	55	58	58	90	
1793	45	48	50	55	
1794	51	
1807	83	
1809	88	
1814	15	
1815	6	8	10	14	19	
1816	9	10	12	13	13	14	15	16	17	18	20	24	
1817	1	11	12	15	16	16	17	18	19	20	21	22	23	25	27	
1818	22	
1820	88	90	91	92	94	96	
1821	16	87	92	95	
1822	92	
1823	91	92	
1824	57	57	87	90	92	97	
1825	52	54	55	55	56	57	58	60	63	87	91	92	
1826	32	47	50	51	52	53	54	55	58	92	
1827	45	48	50	55	60	
1829	72	
1841	103	
1848	8	
1849	9	12	15	
1850	5	7	9	11	12	13	13	14	15	17	18	20	24	
1851	1	15	16	17	18	19	20	22	24	26	57	58	73	
1852	23	35	52	56	59	
1853	47	50	89	
1854	10	14	81	83	84	85	87	89	91	96	
1855	11	82	82	84	85	86	87	88	88	89	90	92	93	95	99	
1856	82	83	85	86	88	88	90	91	92	94	95	97	99	
1857	82	82	85	86	86	87	88	89	90	91	92	93	95	99	
1858	82	83	85	85	86	87	88	89	90	90	91	93	94	97	
1859	53	54	55	58	60	82	83	85	86	86	87	88	89	90	90	91	93	94	99	
1860	50	51	54	55	82	83	86	87	88	89	91	92	93	95	99	
1861	52	
1876	44	
1882	11	
1883	8	10	15	
1884	4	7	9	10	11	13	13	14	15	16	19	
1885	8	13	15	17	20	23	23	56	57	87	91	94	97	
1886	18	53	54	55	56	59	92	
1887	49	50	51	54	55	88	88	90	92	94	
1888	48	81	84	86	88	89	92	95	
1889	79	80	81	82	83	84	86	89	92	100	
1890	81	81	82	83	84	85	89	90	94	97	
1891	80	81	82	83	83	84	85	86	89	91	94	99	
1892	80	81	81	83	84	85	87	88	92	94	
1893	80	81	82	82	84	84	86	88	90	94	98	
1894	80	81	82	83	83	84	86	89	90	95	99	
1895	85	94	
1906	70	
1912	11	48	
1916	8	28	
1917	10	15	25	
1918	2	4	7	9	10	12	14	86	
1919	7	10	11	12	15	82	83	85	86	88	89	91	93	93	
1920	52	53	54	54	55	57	82	82	84	85	86	87	88	90	90	91	93	94	95	101	
1921	51	52	54	63	82	85	86	87	89	90	91	92	94	97	100	
1922	54	83	83	85	87	90	
1923	81	84	89	
1924	80	83	85	89	
1925	80	82	84	
1926	81	
1927	80	84	
1928	81	94	
1934	74	
1952	12	84	93	
1953	5	11	81	82	83	86	
1954	79	80	81	82	83	84	85	86	87	88	90	98	98	
1955	55	81	83	83	84	85	86	89	90	93	94	
1956	81	85	89	
1958	83	90	99	
1959	87	
1960	88	
1961	90	
1968	74	
1969	71	
1987	88	91	
1988	81	90	
1989	8	81	84	87	90	
1991	7	
1996	90	98	
2007	70	
2014	102	
2016	44	
2023	85	
2027	40	
2034	25	
2044	14	
2055	31	
2058	4	
2059	32	
2066	75	
2067	82	
2075	76	95	
2077	29	
2079	49	
2080	60	
2084	100	
2090	94	
2112	13	
2114	8	
2131	85	
2133	95	
2152	45	
2156	2	
2157	40	
2178	10	
2183	12	
2184	94	
2196	3	
2209	99	
2225	5	
2227	7	
2260	15	
2272	101	
