112	40	
152	88	
181	24	
182	23	
186	94	
251	16	
283	88	91	93	96	
284	86	87	90	91	93	96	
285	87	91	96	
286	17	92	
314	61	
315	92	
316	86	88	90	92	94	
317	83	85	86	87	89	91	95	
318	9	41	81	82	84	85	86	89	100	
319	12	15	82	84	87	89	94	
320	12	82	86	88	88	90	92	94	100	
321	16	88	90	92	96	
322	93	
325	91	
326	93	98	
327	92	
328	93	
347	56	60	
348	51	54	
349	49	87	90	91	95	100	
350	43	81	82	83	85	86	89	94	99	
351	12	14	16	17	18	18	20	41	43	47	57	80	81	84	
352	20	21	48	51	81	83	
353	22	42	44	46	47	49	
354	9	41	44	81	84	
355	10	12	14	82	83	85	86	89	94	
356	87	90	92	95	
357	87	88	91	93	97	
358	87	91	92	94	
359	86	87	89	90	91	94	
360	86	87	89	90	91	95	
361	86	88	90	91	94	97	
362	85	87	89	90	91	95	99	
363	86	87	89	90	91	94	97	
364	16	87	91	93	
380	57	60	
381	47	51	52	54	
382	49	50	53	87	89	91	93	93	96	
383	9	81	83	83	84	86	88	88	90	94	100	
384	6	11	12	14	15	16	17	18	19	81	84	
385	20	21	23	24	
386	22	23	25	53	55	57	61	
387	50	51	54	56	57	58	
388	45	46	48	49	50	
389	7	44	46	83	
390	7	81	82	84	85	86	87	88	90	91	93	95	98	
391	81	82	84	85	86	87	88	89	90	91	94	
392	82	83	84	85	86	88	88	90	91	94	95	98	
393	16	17	18	18	42	48	57	81	82	83	84	88	98	
394	18	27	42	44	46	81	82	83	84	86	88	98	
395	15	21	42	47	48	56	81	82	84	85	
396	7	21	37	39	43	43	46	82	83	84	88	100	
397	8	12	15	26	81	83	83	84	
398	12	15	18	83	84	85	89	90	98	
399	83	87	88	90	91	93	97	
400	17	
413	56	57	
414	51	52	55	56	
415	46	50	51	53	55	96	
416	48	82	84	85	87	88	90	92	97	
417	6	8	9	10	11	13	14	16	18	81	
418	12	15	17	18	19	20	20	21	23	27	
419	21	22	25	
420	57	
421	51	52	53	55	56	60	
422	49	50	51	53	58	92	
423	33	41	48	49	50	88	92	
424	14	36	38	43	44	47	66	82	84	
425	8	19	81	82	83	83	84	85	89	98	
426	6	11	12	13	14	15	81	81	83	84	85	87	
427	13	16	17	18	20	21	24	27	
428	20	22	23	27	35	
429	21	24	45	57	63	
430	25	43	45	50	52	54	57	59	
431	5	22	42	44	45	46	47	48	50	
432	10	44	46	68	84	
433	7	11	13	14	15	83	84	87	90	
434	17	19	87	92	94	
447	53	56	57	61	
448	35	47	50	51	52	53	54	55	59	
449	46	48	49	50	87	91	94	
450	9	10	13	81	83	84	85	88	89	
451	8	11	12	14	15	15	16	16	18	19	24	
452	17	20	21	22	24	
453	56	
454	52	
455	51	53	54	55	90	91	96	
456	32	43	47	50	54	67	82	85	86	90	94	99	
457	16	19	41	43	45	48	55	57	58	64	
458	17	21	27	41	43	44	45	46	47	48	51	53	
459	22	23	25	27	28	41	44	45	46	47	65	
460	6	8	10	12	14	
461	11	13	14	15	21	
462	16	18	20	22	
464	53	55	
465	35	51	53	54	58	60	
466	43	44	45	46	47	48	49	
467	8	10	13	81	85	
468	10	12	14	15	46	47	82	84	85	87	89	92	95	
469	16	17	18	20	
473	80	81	81	
480	58	
481	55	56	58	60	
482	46	48	48	50	51	51	53	54	
483	44	49	67	83	84	88	89	94	
484	7	9	10	11	13	14	15	16	82	87	
485	11	12	16	17	17	18	19	20	25	
486	22	23	56	
487	51	53	
488	52	55	87	92	93	97	
489	42	47	49	82	84	85	87	88	90	93	
490	7	11	14	16	17	19	26	81	82	83	85	88	
491	18	19	20	45	57	84	
492	21	22	25	35	51	52	54	55	56	59	62	
493	42	43	45	47	48	49	49	51	
494	9	40	43	44	47	49	
495	10	12	14	15	82	84	99	
496	12	22	82	97	
497	16	87	91	93	
498	58	
499	52	54	55	56	57	60	
500	48	50	51	53	54	
501	45	48	
502	6	8	9	11	12	13	14	15	16	18	82	84	98	
503	16	16	17	18	19	21	26	
504	22	
514	56	58	
515	51	52	54	55	56	61	
516	45	46	48	49	50	51	52	53	54	
517	9	45	86	90	93	
518	5	7	10	11	12	14	14	15	16	17	18	
519	13	18	20	21	21	24	25	26	56	
520	22	53	
521	52	55	86	88	91	98	
522	42	47	83	84	85	88	94	
523	8	11	14	17	18	20	72	81	83	
524	13	19	20	23	44	
525	21	22	25	
526	53	54	55	
527	51	52	54	56	59	
528	34	42	44	45	49	51	58	65	
529	36	42	44	45	46	47	48	
530	10	15	81	85	89	
531	11	13	81	82	84	86	89	
532	85	86	90	92	94	
533	56	87	90	92	94	98	
534	48	50	52	53	54	87	91	96	
535	8	45	67	90	97	
536	6	10	11	12	13	14	15	16	18	19	43	81	
537	3	17	19	20	20	22	26	
538	23	
548	56	58	
549	35	36	47	51	52	53	54	55	56	59	63	
550	42	44	45	46	47	48	49	50	
551	7	9	11	14	83	88	101	
552	5	7	11	12	17	19	20	24	57	
553	21	22	52	
554	47	50	55	68	88	91	96	
555	16	82	84	86	90	93	
556	7	10	12	14	15	17	18	19	82	88	
557	20	21	23	25	
558	25	
562	33	51	53	53	54	55	57	60	
563	45	47	48	49	51	55	56	59	
564	25	44	45	47	49	56	58	78	
565	26	42	43	44	46	48	48	67	80	84	
566	9	18	21	26	41	44	48	57	66	82	83	85	98	
567	19	22	27	41	46	81	82	85	88	
568	20	42	43	47	48	81	82	83	84	85	88	
569	9	11	14	18	19	20	28	44	46	65	66	68	81	84	
570	4	10	12	14	15	17	20	21	24	27	43	
571	19	21	22	23	
582	55	56	
583	51	52	54	55	58	63	
584	30	42	45	46	47	48	49	
585	12	42	48	83	
586	21	24	25	27	52	
587	49	96	
588	14	16	29	42	81	83	84	
589	11	14	18	19	20	
590	21	22	23	25	28	
591	25	
597	55	
598	45	52	54	61	
599	49	53	54	59	
600	24	30	45	53	59	
601	22	24	34	44	63	65	
602	15	21	25	45	
603	4	21	23	24	
604	5	23	25	
617	52	55	
618	57	65	
619	5	42	52	54	55	59	
620	31	40	45	47	49	
621	11	42	44	65	81	83	88	
622	13	14	19	20	26	
623	22	24	
648	90	
653	54	
655	44	
656	22	24	
717	15	
967	98	
1174	13	
1175	95	
1185	65	
1201	67	69	
1202	54	
1204	1	80	
1207	13	
1215	64	102	
1223	99	
1231	19	
1238	28	
1239	59	
1252	85	
1261	21	
1268	43	
1275	73	
1278	9	
1303	26	
1308	91	
1343	26	
1346	59	
1347	29	
1365	52	
1370	1	
1374	11	
1376	59	98	
1381	27	
1383	68	
1385	75	
1386	10	
1392	7	
1400	44	
1404	29	
1405	52	
1406	52	
1407	20	40	
1409	28	51	
1411	22	
1431	39	
1435	23	
1438	18	18	42	46	
1439	16	19	22	41	47	57	
1440	21	43	43	46	47	50	57	68	
1441	21	27	36	41	47	
1442	46	50	
1449	59	
1450	60	
1451	10	95	
1452	48	
1456	60	
1458	5	
1465	14	24	
1468	34	
1469	24	
1471	10	14	16	20	42	46	
1472	11	15	16	18	18	19	21	
1473	21	23	25	45	52	57	
1474	22	25	52	54	57	62	
1475	23	23	33	36	50	53	54	56	62	
1476	42	44	47	49	53	60	
1477	25	42	44	46	48	48	
1478	26	42	46	
1479	47	67	77	
1480	17	42	57	66	
1481	19	38	46	57	64	66	80	
1482	22	42	44	47	
1483	41	70	
1484	38	50	
1485	39	46	
1486	29	
1495	100	
1501	63	
1504	8	11	15	16	21	29	
1505	11	13	15	16	18	19	21	24	
1506	20	21	25	52	
1507	23	25	91	93	97	
1508	8	86	90	92	96	
1509	44	57	88	89	93	97	
1510	36	52	53	55	56	59	93	
1511	17	24	33	36	42	44	48	50	52	55	57	62	
1512	41	43	44	47	48	50	
1513	19	26	41	46	47	57	
1514	17	19	22	44	66	
1515	18	19	21	22	24	43	43	47	48	56	60	
1516	20	22	24	33	44	47	49	53	56	60	68	
1517	21	23	43	45	49	54	57	62	
1518	20	26	42	45	46	48	51	55	58	
1519	23	27	40	43	47	51	57	
1520	41	43	46	48	53	
1521	50	
1522	49	
1532	13	
1537	10	14	16	18	
1538	7	10	12	14	15	16	17	19	21	57	
1539	18	19	20	22	25	46	51	
1540	49	51	88	91	96	
1541	82	85	86	89	91	
1542	80	82	84	87	89	
1543	7	10	13	81	86	
1544	6	11	15	18	83	86	89	98	
1545	16	17	19	51	55	60	
1546	16	17	20	25	43	45	49	53	59	
1547	14	22	23	43	44	48	65	
1548	20	22	23	25	27	45	46	51	55	
1549	25	
1550	25	54	91	93	98	
1551	24	55	93	
1552	53	55	61	90	92	97	
1553	51	53	54	56	60	
1554	42	44	47	49	50	66	
1555	44	47	49	61	
1556	43	43	53	56	
1561	14	
1562	72	
1565	35	94	
1568	8	
1569	3	
1570	11	18	
1571	6	9	10	12	14	16	19	57	72	
1572	13	16	17	19	20	22	24	27	48	53	56	59	
1573	21	22	24	46	49	51	55	91	
1574	49	81	82	84	85	88	90	93	
1575	82	83	85	91	
1576	82	86	
1577	15	16	18	83	
1578	7	9	11	12	14	15	16	18	20	50	82	103	
1579	6	10	11	12	14	17	19	21	22	23	26	
1580	22	55	56	58	
1581	25	51	52	55	57	91	93	
1582	47	49	50	
1583	43	
1584	86	89	92	96	
1585	82	83	87	90	97	99	
1586	11	82	87	90	93	95	
1587	14	55	86	88	90	95	
1588	16	51	53	54	55	57	60	92	98	
1589	16	41	45	47	48	49	59	
1590	43	45	48	49	
1591	43	
1592	61	
1593	63	63	95	
1594	63	64	
1598	69	
1602	1	
1603	10	
1604	9	12	14	16	19	28	
1605	7	11	12	14	15	16	19	20	23	56	58	68	
1606	17	18	21	24	27	46	47	50	50	51	53	54	56	
1607	48	49	51	55	91	
1608	82	84	
1609	42	
1610	10	14	17	20	
1611	8	11	14	17	19	20	23	27	43	
1612	13	13	15	21	23	28	
1613	22	93	
1614	9	82	87	89	90	91	94	96	
1615	6	52	55	57	63	82	85	86	87	88	90	91	94	97	99	
1616	47	51	52	53	60	87	91	92	
1617	42	45	46	47	49	57	
1618	66	83	
1619	14	81	85	95	
1620	83	83	90	
1621	8	12	81	83	86	88	
1622	6	13	14	17	18	18	57	81	83	86	88	91	
1623	17	19	42	52	53	55	59	
1624	44	45	46	49	50	54	
1625	43	
1636	32	
1637	69	
1638	7	8	10	12	14	16	18	58	
1639	4	12	13	15	16	17	18	19	21	26	35	52	53	55	57	59	68	
1640	18	21	22	47	50	51	52	54	
1641	46	49	55	86	88	88	91	95	99	
1642	41	
1643	13	14	16	18	42	
1644	9	11	14	15	18	20	
1645	21	22	24	61	
1646	24	51	88	91	92	
1647	86	89	91	99	
1648	15	81	83	83	84	86	89	90	93	93	
1649	7	9	11	15	81	83	83	84	86	91	94	
1650	19	34	51	52	53	54	54	55	57	60	82	84	86	87	88	90	92	93	96	99	
1651	48	49	51	53	57	87	
1652	30	36	43	43	44	49	65	
1653	23	43	45	47	49	57	
1654	28	28	39	46	
1655	9	41	
1656	10	12	13	17	20	81	
1657	12	17	18	19	20	21	23	35	43	51	52	54	55	56	59	84	
1658	21	43	43	43	44	44	45	46	47	49	50	52	54	63	
1659	43	49	
1660	65	
1661	12	
1663	85	85	85	86	
1665	86	
1671	8	14	16	
1672	8	10	11	12	13	14	16	18	56	57	
1673	1	12	16	17	20	21	23	24	35	51	52	54	55	59	70	
1674	35	45	48	49	50	52	53	90	92	95	
1675	83	84	87	
1676	9	19	45	
1677	9	12	14	17	19	21	24	
1679	23	50	54	60	90	92	94	
1680	82	86	87	89	96	100	
1681	80	82	83	85	88	91	101	
1682	9	82	85	88	
1683	14	82	85	
1684	8	10	15	80	81	83	84	86	91	
1685	17	55	82	85	87	89	93	98	
1686	16	53	55	59	65	93	
1687	45	49	49	52	58	
1688	23	42	44	50	62	
1689	13	19	22	24	43	44	49	75	
1690	4	6	9	11	13	14	18	20	23	57	
1691	15	19	21	24	26	34	52	54	55	57	
1692	22	49	50	52	54	56	92	
1693	51	
1704	16	30	
1705	10	25	
1706	5	6	8	10	11	12	14	15	18	19	24	52	56	
1707	21	24	50	51	52	53	54	58	93	
1708	23	42	49	85	87	89	91	96	
1709	14	65	100	
1710	12	15	17	19	
1711	23	52	58	93	
1712	91	
1713	55	82	85	88	91	
1714	82	84	91	93	
1717	97	
1718	8	9	14	84	
1719	11	81	83	83	85	91	93	
1720	7	11	13	14	83	85	87	89	92	
1721	55	86	90	92	95	
1722	53	92	
1723	25	92	98	
1724	25	92	
1725	53	53	55	87	92	95	
1726	51	86	89	90	91	94	98	
1739	10	
1740	3	8	11	13	15	
1741	23	86	87	90	92	95	
1742	15	82	83	85	87	89	95	
1744	24	56	
1745	54	90	92	96	
1746	83	84	85	90	94	98	
1747	80	84	88	
1748	86	91	
1749	80	
1753	14	
1754	14	16	81	85	98	
1755	82	84	85	88	92	
1756	82	85	88	88	90	96	98	
1757	82	86	91	94	
1758	85	86	90	93	94	
1759	82	84	85	87	89	95	99	
1760	79	81	84	85	88	90	101	
1761	94	
1762	50	
1767	86	
1768	77	
1775	11	81	82	84	85	88	90	
1776	13	14	85	
1777	91	
1778	86	90	97	
1779	81	85	88	
1780	81	86	89	95	
1782	85	
1786	93	
1788	86	
1789	84	91	
1790	80	82	83	86	94	
1791	80	82	83	89	
1792	83	86	
1793	80	83	83	
1794	83	88	
1795	59	
1809	82	86	99	
1810	86	92	94	
1811	83	86	89	95	
1812	81	85	88	89	98	
1813	83	87	89	
1814	85	
1826	84	
1827	99	
1828	86	
1831	71	
1840	76	
1842	103	
1845	85	
1846	86	
1849	96	
1851	71	
1866	2	
1871	73	
1875	6	
1878	82	
1881	16	
1886	13	
1895	101	
1917	32	
1918	5	
1921	52	
1926	55	
1927	91	
1980	19	
1982	99	
1988	61	
2016	102	
2037	81	
2052	19	
2081	90	
2082	60	
2083	61	
2086	2	17	
2108	97	
2122	51	
2146	24	
2161	100	
2178	29	
2182	96	
2185	9	
2191	24	
2226	7	
2240	21	
2242	12	
2264	6	
