48	61	
50	76	
182	20	22	
218	12	
248	93	
249	88	89	91	97	
250	87	88	90	91	93	96	
251	87	90	91	96	
252	16	87	90	97	
280	53	
281	50	91	
282	82	86	88	89	91	95	
283	78	81	82	84	85	86	89	91	94	97	
284	77	78	80	81	82	84	85	85	87	89	90	95	99	
285	10	15	77	81	82	84	85	87	89	90	93	97	
286	17	82	85	86	87	89	90	92	93	96	
287	16	87	90	93	
294	88	91	
295	87	91	97	
296	95	
297	91	
298	88	
299	16	
313	56	58	59	
314	46	49	51	52	53	58	
315	48	50	57	82	86	88	89	94	
316	18	33	42	46	48	48	57	67	78	79	81	84	86	99	
317	17	19	20	32	39	42	44	47	49	56	58	59	67	70	77	79	81	83	
318	4	12	14	19	20	26	32	42	44	46	47	48	51	67	70	79	80	83	
319	13	20	33	41	44	46	47	48	66	70	79	80	84	
320	8	10	11	14	77	78	79	80	82	84	85	
321	6	13	15	16	81	83	85	86	88	90	95	
322	16	87	89	91	93	95	
323	16	18	93	
325	87	90	92	97	
326	36	86	87	88	89	91	93	95	
327	86	87	89	90	94	98	
328	81	83	85	86	88	89	93	97	
329	16	82	85	87	89	
330	46	82	84	89	93	
331	9	81	85	88	95	99	
332	13	83	84	85	87	90	93	96	99	
333	18	83	86	87	90	92	93	96	
334	16	
346	56	
347	51	52	54	58	
348	47	50	54	
349	10	13	34	68	82	85	88	93	
350	15	16	18	20	26	
351	18	20	22	24	58	61	
352	21	23	23	35	51	52	54	55	56	57	59	
353	23	45	47	48	49	50	51	53	78	
354	41	43	44	46	47	48	49	66	70	78	
355	7	10	44	72	79	80	84	
356	7	9	11	13	15	78	80	81	83	84	85	87	88	89	90	96	100	
357	83	85	86	87	88	90	91	95	
358	87	88	90	92	93	96	
359	83	86	87	88	90	92	95	
360	16	18	42	80	82	83	85	86	99	
361	17	18	20	41	61	66	80	81	83	85	
362	12	19	21	44	71	79	81	
363	21	24	27	44	51	55	58	69	79	84	101	
364	21	44	48	49	51	60	78	
365	41	44	46	47	49	
366	9	11	13	43	80	
367	6	11	12	14	15	16	19	77	80	82	84	86	87	88	90	94	97	
368	13	16	17	18	18	20	85	
380	56	58	
381	47	48	49	50	52	53	54	
382	86	90	94	
383	8	10	11	13	14	83	85	96	
384	16	17	19	20	24	
385	22	
386	53	
387	50	51	52	54	55	56	57	59	
388	45	47	48	49	50	51	53	58	60	
389	42	44	45	46	46	47	48	
390	11	79	85	
391	7	12	15	78	78	80	81	82	84	85	86	87	88	90	94	99	
392	16	78	80	81	82	83	85	86	87	89	90	93	93	96	
393	9	11	14	16	17	18	77	79	81	84	
394	12	14	16	17	19	21	26	78	84	
395	17	21	22	24	79	
396	22	24	
397	58	
398	51	52	52	54	55	55	56	57	60	
399	38	45	48	50	50	51	53	
400	8	45	66	93	
401	3	6	10	11	12	13	14	15	18	78	80	84	
402	16	17	18	19	20	22	24	26	81	85	99	
413	57	
414	51	52	54	56	58	60	
415	47	50	51	53	
416	9	43	49	82	84	88	97	
417	5	6	8	11	11	13	13	14	15	69	
418	17	18	19	20	20	
419	23	
421	52	55	56	57	62	
422	47	50	51	52	52	53	54	55	55	56	59	
423	37	46	48	48	49	49	50	51	
424	5	38	44	46	50	95	
425	11	13	19	44	78	79	80	83	85	99	
426	6	8	9	10	11	13	14	79	80	82	83	85	88	
427	8	10	12	13	15	15	18	18	21	23	83	87	90	96	
428	16	
429	17	92	
432	52	53	55	56	60	91	98	
433	50	51	86	87	89	91	92	94	97	
434	8	10	40	44	68	89	91	
435	5	10	11	12	13	14	15	16	18	18	20	84	
436	17	18	20	21	21	23	23	26	
447	57	
448	51	52	54	55	59	61	
449	46	48	49	50	54	
450	9	44	87	89	94	
451	7	11	13	14	16	19	
452	17	20	21	23	25	
454	57	
455	52	53	54	57	
456	47	49	50	51	52	54	55	59	
457	30	41	49	50	54	58	87	91	97	
458	16	19	30	37	39	43	44	46	48	49	56	57	58	62	63	67	69	
459	20	22	23	29	33	41	44	45	47	48	49	56	68	70	76	83	
460	10	20	22	30	41	43	44	46	66	70	72	78	
461	6	10	13	15	21	41	
462	6	9	12	78	82	87	88	90	94	97	
463	12	16	78	81	83	85	86	87	89	90	91	94	97	
464	18	83	85	86	88	90	91	93	96	
465	82	86	87	89	90	93	93	96	
466	37	39	51	83	86	87	89	90	91	93	96	
467	9	18	42	66	81	82	85	86	88	
468	9	10	13	14	16	17	19	43	69	81	83	
469	5	7	11	13	15	17	18	19	20	21	22	23	25	48	49	49	69	
470	21	22	23	
481	56	58	
482	47	51	51	52	54	55	56	
483	42	45	46	47	48	49	
484	6	9	11	85	
485	7	12	13	14	16	18	
486	16	17	20	22	
489	50	51	52	54	55	58	
490	49	50	54	86	88	90	92	95	
491	6	9	11	16	80	82	84	86	88	
492	13	15	16	17	19	20	23	56	58	69	
493	18	21	22	23	25	35	45	48	49	51	52	54	56	57	60	65	
494	4	24	29	34	44	45	47	49	50	51	53	56	58	61	
495	23	29	35	41	43	43	44	45	46	47	48	49	50	56	67	68	73	
496	9	29	39	42	44	45	46	48	48	49	67	70	72	80	84	
497	4	18	20	21	37	38	42	44	47	56	58	70	77	79	80	84	
498	20	21	37	42	46	47	53	68	78	79	80	81	84	101	
499	18	19	21	31	41	43	47	49	58	68	69	78	79	80	84	
500	9	13	16	19	21	40	45	67	73	78	79	80	81	84	
501	10	12	14	15	17	19	20	22	27	45	71	79	81	84	
502	4	6	13	14	20	21	22	24	69	
503	21	22	25	
504	23	
515	57	
516	51	52	53	54	55	56	58	60	
517	40	45	46	47	48	49	50	
518	10	13	43	49	
519	7	11	12	13	15	16	18	
520	17	20	22	
522	47	51	52	55	57	58	
523	46	49	50	54	87	92	
524	8	79	82	85	87	90	96	
525	10	11	12	13	14	16	18	19	78	
526	15	17	20	22	23	25	
527	22	55	
528	34	51	54	55	58	60	
529	45	49	52	54	61	
530	24	32	44	47	50	55	59	
531	24	44	45	50	54	61	64	70	
532	20	22	25	44	48	54	59	71	
533	21	23	23	45	54	59	65	
534	21	23	44	73	
535	21	24	
536	2	23	23	
550	51	52	53	55	56	59	61	
551	46	47	48	49	50	53	
552	5	9	43	45	
553	7	11	13	15	82	85	95	
554	16	17	18	20	
555	57	
556	46	48	50	51	53	55	
557	44	46	49	87	90	
558	10	12	14	18	81	84	89	
559	12	13	15	16	17	19	20	24	73	
560	18	22	24	
584	51	52	54	55	56	57	59	
585	34	48	49	50	51	51	53	58	
586	9	41	43	44	45	46	49	
587	7	10	11	12	14	14	43	69	
588	13	16	18	19	20	21	23	26	57	
589	48	51	52	55	58	
590	46	47	49	50	51	53	
591	9	13	81	84	87	91	93	
592	7	10	11	12	14	15	16	16	19	69	81	85	
593	13	15	17	18	19	20	21	24	
594	22	
609	102	102	103	
618	58	
619	51	53	54	55	60	
620	8	44	47	48	
621	10	11	14	71	
622	21	26	53	56	58	
623	50	51	52	54	55	55	
624	47	48	49	50	89	97	
625	8	9	11	82	84	86	90	96	
626	11	12	13	15	16	18	19	69	
627	17	19	20	21	22	25	
656	56	58	59	
657	47	48	49	50	51	53	55	
658	45	50	85	88	91	93	
659	6	9	11	12	13	14	15	16	81	84	90	
660	2	15	15	16	17	18	18	19	20	24	27	
661	21	23	
689	57	
690	51	52	53	55	59	
691	42	46	47	48	49	50	51	54	
692	9	44	66	83	84	86	88	
693	8	10	11	12	13	14	15	16	18	26	72	
694	1	17	18	19	20	21	23	
695	22	
723	56	58	
724	51	52	54	55	55	56	59	
725	46	48	49	50	53	
726	7	9	11	44	
727	3	11	12	13	14	15	16	17	18	19	23	
728	17	21	22	24	
757	56	58	
758	34	52	54	
759	42	45	46	49	50	66	
760	6	9	10	14	38	
761	13	15	16	19	20	23	25	28	
762	21	
791	58	
792	50	54	55	
794	6	14	45	71	
795	2	22	23	
826	55	
1166	31	
1188	91	
1193	65	
1203	49	
1212	4	59	
1214	73	
1216	25	
1228	64	
1232	64	
1235	46	65	
1238	72	
1240	78	
1246	100	
1252	9	
1253	69	
1265	28	
1275	21	
1279	10	
1289	11	
1295	75	
1302	23	
1309	30	
1310	47	
1311	5	
1314	21	86	
1317	8	56	
1333	31	
1337	23	82	
1342	35	
1351	45	
1352	52	
1361	66	
1363	25	
1369	24	78	
1371	40	
1373	14	40	
1376	57	
1382	47	
1384	35	
1402	16	48	
1403	17	
1404	17	18	38	40	45	47	57	61	
1405	20	27	42	45	47	52	56	69	
1406	22	29	40	44	46	49	61	71	
1407	21	35	38	39	43	46	48	71	
1408	44	49	71	
1410	1	1	
1414	18	
1416	46	
1417	20	
1418	58	59	
1420	2	48	50	
1424	68	
1436	25	
1437	14	17	19	24	43	
1438	15	16	16	17	18	19	69	
1439	17	19	21	22	24	26	44	52	57	59	65	70	
1440	22	23	25	32	45	50	52	54	56	58	59	65	
1441	21	31	42	44	48	50	51	54	57	68	72	
1442	23	41	43	45	46	47	49	51	
1443	41	43	48	49	70	
1444	70	
1446	36	
1448	17	20	26	41	46	49	59	70	
1449	18	39	47	58	59	73	
1450	23	32	39	48	58	66	69	
1451	20	44	56	
1452	27	32	35	40	44	50	56	66	69	
1453	43	44	48	51	58	67	
1454	46	58	
1455	44	47	48	
1469	15	
1470	9	11	14	16	25	
1471	9	11	13	14	15	16	18	20	25	
1472	13	21	22	25	
1473	23	87	90	92	96	
1474	54	86	87	89	90	94	96	
1475	34	51	52	54	55	57	62	86	87	91	95	
1476	16	50	51	53	55	56	57	59	73	
1477	24	33	34	38	42	44	45	46	47	49	50	57	66	
1478	41	43	45	47	49	70	
1479	23	25	32	39	44	49	53	71	
1480	41	46	66	71	
1481	14	17	19	43	59	
1482	18	20	21	43	48	57	60	66	68	
1483	10	15	22	26	72	
1484	15	21	23	23	45	53	59	
1486	23	34	53	
1487	22	35	38	51	53	57	58	
1488	22	42	46	47	52	59	66	
1489	23	42	44	46	49	71	
1490	46	50	
1503	9	
1504	6	11	12	15	16	19	
1505	17	21	23	46	52	
1506	88	89	92	95	
1507	10	77	80	81	84	85	87	88	91	98	
1508	10	77	81	83	83	84	86	88	93	
1509	6	10	12	14	16	77	80	81	83	85	87	89	93	100	
1510	13	18	53	55	58	82	85	87	90	92	94	98	
1511	16	31	35	50	52	54	56	57	60	87	
1512	17	24	29	38	39	41	43	45	47	51	53	56	60	
1513	42	44	47	49	54	69	
1514	12	14	19	21	26	47	61	69	
1515	15	21	23	25	26	44	70	
1516	22	25	
1517	54	92	
1518	87	90	92	97	
1519	88	90	
1520	12	14	97	
1521	14	57	58	
1522	16	17	19	25	27	50	51	53	54	55	56	60	
1523	18	43	45	46	47	49	50	56	59	
1524	43	48	53	54	
1528	76	
1532	27	
1537	9	11	15	57	
1538	6	13	15	16	17	18	20	26	51	54	57	61	
1539	17	20	23	47	49	51	
1540	50	58	81	84	
1541	78	80	84	
1542	10	78	97	
1543	12	79	83	
1544	6	10	12	13	15	79	80	82	84	87	90	
1545	7	12	14	16	18	60	77	83	87	89	95	
1546	16	16	17	19	27	32	51	53	56	59	
1547	18	22	44	45	48	57	64	71	
1548	21	23	23	27	40	43	46	48	50	53	61	64	70	
1549	46	50	53	
1550	54	89	95	
1551	88	89	96	
1552	77	82	85	87	89	98	
1553	78	81	84	87	92	94	98	
1554	10	19	41	80	85	89	
1555	9	11	13	13	15	16	18	26	29	57	82	86	88	95	
1556	12	17	18	19	52	53	54	55	58	58	
1557	46	47	48	49	50	52	56	
1558	44	81	
1567	27	
1570	13	
1571	5	8	9	11	14	15	57	
1572	12	15	16	17	19	21	21	52	55	56	60	
1573	22	47	48	49	53	
1574	81	86	91	95	
1576	84	
1577	7	9	
1578	8	10	13	15	79	
1579	6	9	10	11	12	14	15	16	17	18	19	20	26	79	82	
1580	15	17	18	19	20	21	28	
1581	23	51	52	55	57	58	
1582	37	47	49	50	52	53	54	57	58	
1583	30	36	42	44	47	48	49	51	54	56	
1584	32	37	42	44	46	48	48	50	61	68	70	
1585	43	45	46	47	50	79	84	
1586	19	41	47	66	69	80	84	
1587	42	84	
1588	3	11	18	18	39	
1589	5	6	9	11	13	15	17	18	20	22	56	58	68	
1590	21	23	27	51	52	53	54	55	70	
1591	22	23	48	49	53	86	88	90	92	94	
1592	49	56	57	57	57	64	87	92	
1604	8	14	
1605	11	14	15	58	
1606	3	16	18	19	24	47	51	52	54	
1607	45	47	49	56	90	96	
1609	76	
1610	24	
1611	10	
1612	9	10	12	14	16	19	
1613	6	11	12	13	14	15	17	19	20	21	23	70	
1614	92	
1615	82	86	86	88	89	90	91	93	93	95	96	
1616	54	55	58	61	86	87	88	90	91	92	94	96	
1617	17	51	53	55	56	57	60	91	93	
1618	43	47	49	51	55	56	57	60	72	
1619	22	23	30	44	48	48	49	51	53	58	70	
1620	32	35	43	45	49	70	
1621	10	19	22	24	43	65	70	
1622	6	14	18	20	22	24	45	57	70	
1623	15	21	22	23	25	52	57	
1624	51	53	55	97	
1625	53	81	85	86	88	89	91	96	100	
1626	82	83	
1634	35	
1637	13	
1638	9	13	
1639	5	6	10	12	14	15	19	53	55	56	61	
1640	16	17	19	21	24	47	50	52	54	59	
1641	44	46	48	87	
1642	45	55	
1643	26	
1644	11	15	25	
1645	8	11	13	15	16	
1646	4	11	14	15	16	18	19	20	22	23	28	
1647	20	21	24	51	
1648	83	86	87	89	91	95	100	
1649	11	13	76	78	79	81	82	83	84	85	86	89	98	
1650	6	11	15	17	76	77	78	80	81	82	83	84	85	87	89	92	93	97	98	
1651	8	13	15	17	81	83	85	86	88	89	90	96	
1652	53	54	87	88	91	93	95	
1653	54	87	87	90	92	
1654	91	93	
1655	24	91	
1656	25	53	88	92	96	
1657	86	87	88	92	94	97	
1658	54	82	86	87	88	90	93	96	
1659	79	81	83	85	90	
1660	89	
1669	30	
1671	96	
1672	9	26	100	
1673	7	10	11	13	14	15	16	19	52	57	61	
1674	2	17	20	22	24	48	50	51	53	55	57	62	
1675	44	46	49	53	
1676	44	51	
1678	8	9	12	18	
1679	10	12	13	15	16	20	57	
1680	5	18	20	22	23	47	51	52	54	
1681	47	49	52	92	96	
1682	79	81	85	87	89	94	
1683	80	83	85	91	
1684	13	79	83	86	
1685	77	78	79	81	85	87	95	
1686	14	77	80	81	82	84	85	87	90	96	98	
1687	77	80	81	83	84	85	86	88	89	94	99	
1688	78	82	85	85	87	90	93	
1689	5	83	86	88	95	98	
1690	76	78	82	84	85	86	90	96	
1691	76	78	80	81	84	86	92	96	
1692	79	81	84	86	91	96	
1693	84	89	
1705	9	
1706	5	8	
1707	4	11	12	13	14	16	53	55	58	
1708	17	18	21	50	51	54	60	
1709	17	23	42	45	47	48	49	55	
1710	49	64	
1711	5	28	
1712	9	11	14	16	18	57	
1713	5	7	13	16	16	18	19	21	25	53	56	
1714	21	22	24	46	47	48	49	51	54	
1715	50	59	77	82	85	88	96	
1716	79	82	84	95	99	
1717	80	
1718	81	86	
1719	12	80	
1720	78	80	88	
1721	78	80	86	94	99	
1722	80	83	85	90	101	
1723	79	81	85	89	93	
1724	79	81	84	90	
1725	81	84	88	
1726	86	
1727	84	
1728	16	
1739	49	
1740	9	17	
1741	5	9	11	14	18	19	27	53	58	
1742	13	15	21	24	51	53	54	55	57	62	83	84	88	88	95	100	
1743	50	
1746	7	9	10	12	14	16	19	57	
1747	2	15	17	20	22	24	28	48	51	53	53	54	56	
1748	23	49	50	
1749	49	81	85	90	93	
1750	89	
1754	86	
1755	83	
1756	4	80	
1757	80	
1758	40	80	89	101	
1759	57	
1762	15	15	15	46	
1770	73	
1773	13	96	
1775	5	9	
1776	12	15	88	
1777	52	54	82	86	87	88	90	93	96	
1779	5	10	15	
1780	8	11	13	13	14	16	18	20	23	27	55	57	
1781	17	19	20	47	50	50	52	53	54	
1782	23	45	47	49	53	55	86	91	94	99	
1783	82	86	91	
1785	4	
1787	59	
1789	84	
1792	71	
1793	2	
1794	89	
1806	25	
1810	88	
1811	79	81	85	94	
1813	6	8	11	14	16	19	58	
1814	4	12	14	15	16	17	19	20	23	52	53	55	56	58	61	
1815	18	22	24	47	48	49	51	55	
1816	50	81	84	89	95	
1818	85	
1821	3	
1825	87	
1839	89	
1840	102	
1841	99	
1845	13	79	84	91	95	
1847	7	10	11	12	15	56	
1848	16	17	18	19	22	25	51	53	54	58	
1849	23	46	49	50	55	92	94	
1850	49	53	80	84	88	95	
1854	65	
1881	5	8	10	11	12	14	15	18	
1882	16	17	19	21	24	49	51	53	54	55	59	
1883	50	83	87	89	92	98	
1884	48	85	96	
1897	12	
1900	75	
1913	13	
1914	9	14	
1915	5	7	12	15	19	
1916	24	52	55	
1917	49	80	86	91	
1918	3	84	
1924	95	
1931	50	
1946	93	
1948	10	14	94	
1950	86	90	94	
1951	81	84	88	90	101	
1952	102	
1960	89	
1961	21	
1973	29	
1984	80	83	89	
1985	84	
1986	86	90	
1992	75	
2012	1	
2018	79	
2019	68	
2027	62	
2032	30	
2033	25	
2034	26	
2046	37	
2052	89	
2079	52	
2086	101	
2102	26	
2109	10	
2114	4	
2115	95	
2122	3	81	
2129	104	
2136	43	
2189	7	
2203	23	
2246	9	
