48	59	
182	19	
183	18	
255	92	98	
256	87	91	92	94	
257	87	90	91	93	93	96	
258	87	88	91	92	95	
259	17	92	
284	88	92	
285	14	92	
286	10	10	10	11	
288	88	90	92	94	97	
289	86	87	88	89	90	92	94	97	
290	36	83	84	86	87	88	90	91	92	94	96	100	
291	8	36	81	81	82	84	85	86	87	89	90	91	94	100	
292	9	11	14	16	81	82	82	84	85	85	86	89	90	91	94	95	99	
293	10	12	15	17	82	84	85	86	88	89	90	92	94	100	
294	17	87	92	96	
295	16	93	
315	92	
316	88	91	92	95	
317	87	88	89	91	92	94	96	
318	82	86	87	88	89	90	91	92	94	96	99	
319	8	12	82	83	84	85	87	89	90	91	93	94	97	99	
320	56	86	87	89	90	91	92	93	95	
321	87	91	92	93	96	
322	82	83	84	86	87	89	90	91	92	93	95	100	
323	81	82	83	83	84	85	87	89	90	91	94	100	
324	16	19	34	38	42	60	67	69	80	81	84	85	86	88	100	
325	13	17	18	18	19	20	37	38	41	43	45	46	47	48	49	57	80	81	83	84	
326	4	10	13	18	19	21	22	42	43	44	47	49	81	82	83	84	100	
327	6	9	11	13	15	22	81	83	84	101	
328	11	15	81	83	84	85	87	88	91	94	98	
329	16	86	88	90	92	95	
330	16	17	93	
348	52	53	93	
349	87	90	91	93	94	98	
350	37	82	83	85	86	87	89	90	91	92	94	96	102	
351	36	53	81	82	84	85	86	88	89	90	91	93	95	100	
352	42	46	81	83	83	84	85	86	89	95	99	
353	7	9	13	81	82	84	85	88	
354	53	81	82	83	83	84	85	86	87	89	90	91	94	96	99	
355	82	83	84	85	85	86	88	89	90	92	93	96	99	
356	81	82	84	85	86	88	90	92	94	
357	8	9	11	12	13	14	16	18	80	81	82	84	85	88	
358	10	11	12	14	15	16	16	17	17	19	19	20	24	27	69	80	84	
359	17	18	20	21	21	22	24	25	53	58	65	
360	23	23	25	45	48	50	51	52	56	60	64	
361	25	42	45	46	47	48	48	49	
362	5	9	11	15	81	
363	6	11	13	15	81	82	83	83	85	86	88	89	90	92	93	96	99	
364	13	16	17	18	18	82	86	88	89	92	97	102	
365	16	17	
380	53	56	
381	46	50	52	53	55	57	60	
382	47	48	50	52	87	89	91	93	95	99	
383	80	81	83	84	85	86	88	88	89	91	92	95	
384	8	29	43	67	80	81	82	83	84	85	86	88	90	94	99	
385	13	16	17	19	43	56	56	58	61	80	81	82	83	84	86	
386	17	17	18	19	20	21	43	44	46	47	49	50	52	80	
387	20	22	43	44	45	46	47	48	48	49	
388	3	54	81	83	83	85	90	
389	81	82	84	84	85	87	88	91	96	
390	10	12	14	79	81	83	85	88	
391	6	8	10	11	12	12	13	14	15	16	18	20	
392	11	13	14	15	16	17	19	20	21	23	23	24	
393	17	18	22	23	
394	35	48	51	52	53	53	54	55	56	57	58	60	
395	34	37	41	48	49	49	50	51	54	66	
396	4	42	43	44	45	46	47	48	49	
397	6	10	11	12	14	81	83	101	
398	8	11	12	13	15	16	19	20	82	83	84	85	86	90	92	95	
399	17	18	20	23	87	
400	18	
413	57	
414	51	52	53	55	56	57	59	
415	46	48	50	51	52	53	55	59	92	
416	49	50	53	81	84	86	89	91	96	
417	10	81	82	84	86	89	98	
418	6	8	9	10	11	13	14	16	19	67	79	81	84	
419	12	15	16	16	17	17	18	19	20	23	56	58	
420	17	18	21	22	24	48	50	51	52	52	53	54	55	56	57	60	
421	23	46	48	49	49	50	51	53	55	
422	45	46	99	
423	39	47	83	
424	5	7	10	12	13	89	
425	6	8	9	10	11	12	14	15	90	
426	7	9	11	12	13	14	15	17	21	83	87	89	92	93	97	
427	16	18	20	87	88	91	92	98	
428	16	52	55	57	58	
429	34	51	52	53	53	54	55	56	57	59	
430	40	43	45	45	46	47	48	48	49	49	50	
431	4	8	10	44	45	
432	7	9	11	11	12	13	14	15	81	83	83	85	88	101	
433	16	17	19	20	22	85	88	91	97	99	
434	17	18	23	
436	58	
437	58	59	
447	55	56	57	
448	51	52	52	53	53	54	55	56	58	59	
449	47	49	49	50	51	52	54	55	87	90	92	93	95	
450	48	80	82	84	85	87	88	90	92	93	96	
451	8	10	67	80	82	84	89	94	
452	7	9	10	11	12	13	13	14	15	16	17	18	19	20	23	
453	12	15	17	20	21	22	23	24	26	52	55	56	58	61	
454	47	49	50	51	52	53	54	91	
455	49	50	54	62	83	86	89	90	92	94	
456	35	42	49	88	
457	15	16	18	35	38	39	42	46	48	56	58	59	63	64	66	
458	17	18	20	21	22	26	33	40	43	43	44	45	46	47	48	49	
459	9	13	15	21	23	39	44	46	84	
460	5	7	9	11	13	14	15	22	81	83	84	86	89	94	
461	6	10	12	15	81	81	82	84	85	86	86	87	89	91	94	98	
462	13	16	55	86	88	90	91	92	94	96	
463	17	51	52	53	54	55	56	57	59	88	92	
464	49	50	51	51	54	56	58	
465	5	44	45	46	48	49	
466	5	6	8	9	10	11	14	15	102	
467	11	13	14	15	16	17	18	20	82	83	84	85	87	91	94	
468	16	17	18	18	20	23	
479	57	
480	36	52	
481	52	55	
482	48	48	50	51	52	53	54	59	87	90	92	94	97	98	
483	47	49	50	53	82	85	86	87	88	89	90	91	95	
484	9	82	84	86	88	89	90	
485	7	9	11	11	13	14	15	16	
486	7	11	13	15	17	20	22	25	57	
487	23	51	52	54	55	93	98	
488	50	51	54	83	85	87	90	91	93	93	95	99	
489	9	40	80	82	85	86	88	90	95	99	
490	9	10	12	13	15	16	17	19	39	68	69	
491	6	12	13	14	15	16	17	18	18	19	20	25	27	34	56	57	60	
492	17	20	21	22	23	23	25	35	43	43	45	47	48	49	50	51	52	53	54	55	57	58	58	60	62	63	
493	25	32	34	36	39	42	43	44	45	46	47	47	48	48	49	50	
494	10	24	39	43	44	46	46	49	
495	1	7	8	11	13	15	81	82	84	
496	9	11	13	14	81	82	84	85	86	89	91	93	95	100	
497	55	57	82	83	83	85	86	88	89	90	92	94	96	100	
498	51	51	53	54	59	87	90	91	92	96	
499	45	50	87	90	92	
500	6	8	10	11	13	36	95	
501	7	9	11	11	12	13	14	15	16	16	18	19	82	84	90	100	
502	16	17	18	19	20	21	22	
503	22	
507	87	88	
513	56	57	
514	51	52	53	55	56	57	58	
515	36	38	42	45	46	47	47	49	50	51	52	53	55	56	
516	38	43	44	46	47	49	50	52	53	55	61	82	84	85	89	
517	31	43	47	49	80	81	82	83	84	86	88	90	
518	10	14	79	84	86	
519	7	11	12	14	19	
520	22	87	91	93	93	
521	37	52	55	82	83	84	86	87	88	89	91	92	95	
522	42	81	83	84	85	86	87	88	89	95	
523	7	9	11	13	15	16	17	18	40	79	81	84	88	
524	4	6	10	11	12	13	14	15	16	16	17	18	19	19	20	21	23	69	
525	17	18	19	20	21	21	22	24	25	
526	22	24	52	54	55	55	56	58	59	
527	48	49	50	51	52	53	54	55	56	57	59	62	63	
528	33	35	42	44	45	47	48	49	50	51	53	56	58	58	60	67	
529	8	25	33	38	41	43	44	45	45	46	47	47	48	48	49	53	
530	9	14	32	36	39	42	43	44	46	80	81	83	
531	46	53	81	82	83	83	84	86	93	98	
532	37	46	54	81	82	84	85	86	88	88	90	91	95	101	
533	67	81	83	85	86	87	88	89	95	98	
534	7	8	10	11	12	13	14	17	65	68	83	88	
535	2	4	10	12	12	14	14	15	16	17	18	18	19	19	24	32	33	
536	17	18	20	21	22	23	23	
548	51	53	54	55	55	57	58	59	
549	47	49	50	51	52	53	53	54	55	56	56	57	59	60	62	
550	32	35	37	39	42	44	45	45	46	47	48	48	49	49	50	52	55	56	57	59	61	
551	31	37	40	42	44	45	45	46	46	47	48	50	79	
552	9	36	42	44	46	
553	27	37	40	48	
554	18	43	81	85	89	98	
555	18	20	36	38	42	67	80	82	84	85	99	
556	6	8	10	11	14	16	17	19	20	26	39	43	45	64	80	81	84	
557	6	10	12	13	14	15	15	16	17	18	19	19	20	22	40	
558	18	19	20	21	22	23	24	25	
559	20	22	23	24	
561	55	
562	34	51	52	53	54	56	57	60	63	
563	35	45	45	46	47	48	49	51	52	53	54	56	57	58	58	60	62	
564	25	33	34	37	41	43	43	44	45	46	47	48	48	49	51	53	57	59	
565	5	22	23	33	40	43	44	45	46	47	49	58	59	80	
566	19	21	26	34	39	42	44	47	48	48	49	62	81	83	85	
567	9	11	13	18	20	21	38	41	43	44	47	67	80	81	84	
568	3	7	9	10	11	12	14	15	15	16	18	19	20	21	42	43	
569	5	13	15	15	17	19	19	20	20	21	22	23	24	69	
570	22	24	
571	19	19	21	
583	52	55	56	61	
584	45	49	50	51	52	53	54	55	56	57	58	60	62	
585	32	33	42	44	45	46	47	48	48	49	49	50	51	52	53	54	55	56	57	58	60	62	
586	24	36	38	42	44	44	45	46	46	47	48	49	49	51	53	57	59	61	
587	19	22	23	37	39	42	43	43	44	45	46	47	48	49	60	63	
588	9	14	19	20	21	25	41	43	44	45	46	47	49	64	67	69	
589	10	12	13	14	15	17	19	19	20	22	24	26	44	63	66	
590	8	12	14	15	18	19	20	20	21	22	23	24	26	44	65	
591	15	20	21	22	24	25	
592	23	25	
597	52	54	58	60	
598	50	52	54	62	64	
599	24	31	35	45	47	48	50	55	59	65	
600	24	43	44	45	48	63	
601	14	20	22	24	45	49	64	
602	4	7	21	23	23	24	
603	22	25	
613	44	
618	52	55	
619	51	54	55	60	
620	45	50	55	60	65	
621	25	27	45	48	55	64	
622	22	23	25	44	64	
623	22	24	25	44	
624	22	24	
625	22	
660	95	
1157	30	
1174	68	
1175	8	11	
1186	57	
1195	54	
1204	61	
1205	75	75	
1206	6	
1225	21	
1229	38	
1234	18	
1240	59	
1249	100	
1262	46	
1264	50	
1275	75	
1297	37	
1305	41	
1306	56	
1336	29	
1338	20	
1340	32	
1344	12	
1348	60	
1349	46	
1350	18	
1356	60	
1370	16	
1378	39	46	66	
1380	39	
1382	54	95	
1385	86	
1396	7	
1404	31	
1405	37	
1407	27	
1409	16	22	26	
1410	36	38	68	
1411	16	26	26	37	41	48	
1412	16	18	19	21	35	36	41	46	48	51	57	63	66	73	
1413	19	21	23	36	41	45	46	50	57	60	
1414	20	42	45	47	48	51	
1415	39	45	46	48	
1418	59	
1419	56	
1432	31	
1437	38	
1438	38	
1439	63	
1440	17	19	40	44	47	50	
1441	20	42	45	46	
1442	8	9	9	9	9	26	39	48	
1443	10	16	21	38	39	66	
1444	11	14	17	18	20	21	26	41	44	48	67	
1445	11	14	16	19	20	22	40	44	46	
1446	17	20	21	22	25	43	51	57	61	69	
1447	19	21	22	24	26	45	48	49	51	52	54	55	56	57	59	62	65	
1448	21	22	23	43	44	45	47	48	49	50	51	54	56	60	
1449	32	39	43	44	46	47	49	59	
1450	40	45	47	54	
1451	46	
1453	15	64	
1455	11	
1469	19	
1470	37	42	
1471	17	19	37	
1472	12	15	17	19	38	41	43	46	48	
1473	11	15	16	18	19	21	23	23	35	42	44	47	56	63	
1474	16	18	19	20	24	35	42	45	46	48	50	52	54	56	59	
1475	18	19	20	22	24	36	39	42	44	46	47	48	49	58	64	
1476	21	39	44	46	64	
1477	10	12	14	16	19	21	26	38	41	44	
1478	10	13	13	15	17	18	19	20	22	23	42	45	64	68	
1479	18	21	22	25	44	47	48	
1480	22	23	24	93	
1481	22	53	54	55	87	88	90	91	92	95	97	
1482	52	54	62	87	88	90	91	93	95	
1483	16	34	37	50	52	54	55	56	58	88	91	92	96	
1484	27	42	45	46	48	50	59	64	
1485	40	44	46	47	50	56	58	
1486	45	
1490	96	
1492	70	
1495	5	
1501	21	
1503	16	21	
1504	11	14	21	37	43	
1505	12	15	16	18	19	20	22	24	41	64	
1506	13	13	15	17	18	19	20	21	24	41	44	46	50	64	70	
1507	7	14	20	22	24	44	48	64	
1508	21	22	24	35	51	55	60	62	
1509	21	23	24	50	54	63	
1510	16	22	25	41	44	50	
1511	11	14	18	18	20	23	23	44	57	58	64	
1512	20	21	23	25	52	55	56	
1513	22	25	46	49	51	52	53	55	56	
1514	49	86	87	91	93	95	
1515	81	82	85	86	87	89	97	
1516	8	13	17	82	84	85	86	89	92	94	100	
1517	11	14	19	55	57	62	86	89	92	92	97	
1518	16	17	18	20	34	43	47	48	51	53	55	56	57	58	61	
1519	40	44	46	47	48	49	50	53	56	
1520	45	46	49	51	61	
1521	43	49	
1536	11	
1537	8	11	14	16	67	
1538	11	12	14	15	16	17	18	19	24	65	
1539	11	13	14	15	16	17	17	19	20	21	24	25	26	43	56	64	68	
1540	18	21	23	24	50	
1541	23	25	49	92	97	
1542	87	90	91	93	95	
1543	8	12	14	16	17	83	87	90	93	
1544	16	17	17	19	20	23	
1545	24	52	53	56	57	60	
1546	25	37	50	51	52	54	55	56	58	62	
1547	42	44	45	46	47	48	50	51	52	53	57	58	
1548	38	44	46	48	50	55	80	81	84	85	89	
1549	49	79	81	83	85	
1550	10	81	83	85	87	88	
1551	7	9	10	11	12	14	15	17	83	86	88	
1552	13	15	17	20	35	54	55	57	60	62	86	91	95	
1553	16	16	17	19	22	43	47	48	49	50	51	53	53	54	56	59	62	
1554	41	44	45	46	47	48	49	49	51	
1555	44	50	61	
1556	48	
1569	9	
1571	6	9	11	12	13	14	16	18	25	
1572	7	11	12	14	14	15	16	16	17	19	20	24	57	
1573	13	17	18	19	20	21	22	23	52	53	59	
1574	22	47	48	49	50	51	
1575	47	48	86	88	89	90	92	94	
1576	9	10	14	67	81	82	83	84	86	90	94	99	
1577	7	10	11	12	14	15	16	17	19	81	83	84	100	
1578	12	15	16	17	18	18	19	20	21	23	
1579	53	57	
1580	51	52	53	54	55	56	57	59	61	
1581	46	47	49	49	50	51	51	53	54	55	56	57	58	
1582	32	35	39	43	43	44	45	46	47	48	48	49	57	
1583	39	45	46	48	56	77	
1584	44	
1585	4	8	10	84	
1586	6	10	11	12	13	13	14	15	56	57	62	81	83	84	86	89	94	103	
1587	16	18	18	20	26	34	36	48	51	52	53	53	54	55	56	57	58	60	86	87	91	98	
1588	17	21	42	45	46	47	48	48	49	50	52	52	54	56	60	
1589	44	46	48	
1595	77	77	77	
1603	17	38	38	
1604	9	11	14	16	20	42	68	
1605	6	10	11	12	13	14	15	16	17	19	21	24	68	
1606	8	12	15	16	17	18	19	20	23	53	57	
1607	18	21	22	25	36	46	50	50	51	52	53	54	55	56	60	
1608	32	38	47	48	49	50	61	88	90	92	95	
1609	9	49	80	83	84	85	90	
1610	9	11	13	14	15	17	19	40	80	84	
1611	4	6	11	12	13	14	15	16	17	18	19	20	21	24	70	
1612	21	22	24	
1613	88	92	96	
1614	55	58	87	88	90	90	91	92	94	95	97	
1615	35	50	51	53	53	54	56	58	60	86	87	90	91	93	94	96	98	
1616	17	34	45	47	50	52	54	56	57	61	64	
1617	34	39	43	44	45	46	47	48	48	49	51	53	56	59	66	
1618	27	38	38	43	44	45	46	47	49	
1619	10	47	
1620	4	6	9	11	12	14	15	16	22	
1621	8	12	13	15	16	18	18	20	53	55	56	57	59	62	73	81	83	83	86	
1622	16	17	20	22	42	45	47	48	49	50	50	52	54	56	59	
1623	43	45	47	48	49	52	
1624	43	46	48	
1628	60	
1630	12	
1633	80	
1634	35	
1635	46	
1636	14	
1637	10	13	16	
1638	9	11	15	16	17	18	18	19	21	44	
1639	4	6	11	12	13	14	15	16	17	19	20	21	22	25	57	69	
1640	15	17	18	19	20	21	22	23	48	52	53	54	55	56	58	60	
1641	22	32	36	41	46	47	49	50	51	54	57	
1642	40	45	46	48	51	81	83	85	86	90	
1643	10	14	39	44	46	64	66	80	88	
1644	5	7	9	10	12	13	14	17	19	20	25	44	
1645	17	18	19	21	22	24	25	57	
1646	23	50	51	54	92	93	
1647	82	83	86	87	89	90	91	92	95	99	
1648	7	8	11	81	82	83	83	84	84	85	86	89	90	91	93	97	99	
1649	6	10	12	13	14	15	82	83	83	84	85	86	87	89	90	94	
1650	17	19	51	52	54	55	57	60	86	87	89	90	91	93	94	95	97	
1651	17	19	34	50	51	53	53	54	56	57	59	61	88	93	
1652	34	41	44	45	48	48	49	50	51	56	59	
1653	25	26	37	40	44	45	46	47	49	64	
1654	8	10	13	20	24	42	44	83	
1655	2	6	11	12	15	17	19	21	53	55	55	56	57	60	70	
1656	6	18	20	21	23	46	47	50	51	52	54	55	56	59	62	
1657	45	48	49	51	53	59	
1658	43	43	44	44	48	
1669	19	
1670	9	12	14	
1671	9	10	12	13	14	
1672	10	11	12	13	15	16	17	19	21	24	
1673	12	15	16	17	19	21	22	24	25	57	
1674	22	24	35	51	52	54	54	60	
1675	43	48	49	51	54	59	
1676	35	44	47	62	64	
1677	9	15	25	43	58	
1678	13	23	24	52	55	56	85	
1679	22	24	49	50	51	52	53	55	91	93	
1680	49	51	83	86	87	89	90	91	92	94	96	99	
1681	80	81	84	85	87	88	89	91	93	95	99	
1682	22	80	83	84	85	88	93	
1683	6	8	11	15	80	81	84	85	87	89	97	100	
1684	6	9	11	12	13	15	80	81	81	82	83	84	85	86	88	91	99	
1685	17	49	55	82	83	85	86	88	89	90	92	94	97	100	
1686	16	54	63	64	87	92	97	
1687	16	17	45	50	54	
1688	13	24	45	57	64	88	
1689	2	21	23	24	56	60	
1690	21	22	48	49	50	51	52	52	53	55	59	
1691	29	50	89	91	93	94	97	
1692	26	26	26	51	54	
1703	7	23	
1704	8	
1705	9	11	15	
1706	7	8	10	11	13	13	14	16	19	83	86	90	94	
1707	12	14	15	16	19	83	86	87	88	90	91	93	94	97	
1708	17	55	87	91	93	95	
1709	17	
1710	93	
1711	25	53	56	92	
1712	51	52	54	91	92	95	
1713	52	54	83	86	87	89	90	91	94	97	
1714	81	82	84	85	86	89	90	96	100	
1715	80	83	85	90	
1716	13	97	
1717	84	
1718	12	14	80	84	90	98	
1719	7	9	11	14	17	54	81	82	83	83	85	89	
1720	7	10	12	14	82	83	83	84	85	86	88	88	90	93	96	101	
1721	13	16	83	85	86	87	88	89	90	92	93	95	
1722	87	88	90	91	92	93	96	
1723	51	52	54	55	88	90	91	92	94	98	
1724	49	50	52	53	55	87	88	90	91	91	93	93	95	97	
1725	80	82	84	85	88	89	91	97	
1727	54	
1732	83	
1739	14	
1740	5	8	10	13	81	86	90	94	101	
1741	1	8	9	11	14	17	81	82	84	85	86	89	92	95	101	
1742	7	9	11	13	13	15	16	82	83	84	85	86	87	88	90	91	94	97	98	
1743	82	85	86	87	88	89	90	91	92	93	95	96	
1744	52	54	86	87	88	90	91	92	94	96	
1745	51	53	86	87	88	89	90	91	91	93	94	95	97	
1746	53	81	82	84	85	85	86	88	88	89	90	91	93	93	95	98	
1747	80	81	82	84	85	86	88	90	93	
1748	79	82	84	85	88	89	93	
1749	80	83	
1750	80	83	
1751	8	14	
1752	5	13	83	
1753	82	86	89	
1754	5	11	82	83	85	87	88	94	
1755	13	81	82	83	83	84	85	87	89	94	99	
1756	82	83	85	86	88	89	90	92	96	98	
1757	53	55	81	82	83	84	85	86	88	89	91	94	
1758	81	82	82	83	84	85	86	88	89	90	93	95	
1759	79	82	84	86	94	
1760	87	
1761	98	
1763	11	11	12	
1775	5	13	82	83	85	
1776	11	81	82	84	85	87	88	92	
1777	81	82	82	83	84	84	85	87	89	91	93	96	99	
1778	81	81	82	83	83	84	85	86	87	89	91	94	99	
1779	81	82	82	83	84	85	86	88	89	91	
1780	79	80	81	82	83	84	86	90	101	
1781	82	84	
1782	89	90	
1784	100	
1786	30	
1787	101	
1788	84	
1789	81	85	
1790	80	81	84	85	
1791	80	81	84	92	93	
1792	82	84	85	
1793	82	87	
1795	68	
1803	22	
1810	12	
1811	81	84	88	
1812	79	80	84	86	90	
1813	80	82	83	84	86	
1814	46	85	100	
1815	96	
1823	99	
1824	84	
1825	84	
1826	86	
1837	68	
1844	90	96	
1845	83	
1863	103	
1880	91	
1882	90	
1884	103	104	
1889	86	
1893	99	
1928	50	
1934	59	
1949	92	
1955	22	
1977	75	
1995	22	86	103	
2007	68	
2013	6	
2022	91	
2038	80	
2041	80	
2042	76	
2043	55	
2063	20	
2076	41	
2090	11	
2132	33	
2149	11	
2153	95	
2159	15	
2182	97	
2215	11	
2230	16	
2237	17	
2262	5	
