48	58	
138	77	
146	32	91	
147	28	87	92	
148	91	
149	92	
179	92	
180	83	84	85	87	88	88	90	91	93	97	
181	6	81	82	85	87	88	89	90	91	92	95	
182	82	83	85	86	87	88	89	90	92	93	93	96	
183	82	83	85	86	87	89	90	92	94	97	
184	83	86	88	90	91	95	
185	18	93	
211	56	58	
212	50	52	54	
213	50	83	84	86	87	88	90	92	97	
214	79	81	82	84	85	86	88	89	90	92	93	
215	11	80	81	82	83	84	86	89	91	96	98	
216	9	80	81	82	83	83	84	85	86	88	90	91	96	100	
217	9	11	13	80	81	82	83	84	85	86	87	88	89	90	92	94	
218	6	12	15	18	81	82	83	84	85	87	88	89	91	92	93	97	
219	16	82	83	86	87	89	90	92	98	
220	17	
244	57	
245	51	52	57	62	
246	49	50	51	52	53	55	57	86	87	89	91	97	
247	50	54	80	82	83	84	85	87	88	90	94	
248	80	81	82	83	85	90	
249	9	79	80	81	83	85	88	94	
250	5	11	14	22	79	80	80	84	89	94	
251	4	7	11	14	17	79	80	81	82	84	99	
252	7	10	12	13	15	16	79	80	80	81	82	84	85	87	89	96	
253	7	11	12	13	14	17	80	81	83	84	86	87	89	90	92	95	
254	16	18	21	82	85	87	89	91	93	96	
255	17	88	
278	53	55	57	58	
279	50	51	52	53	54	55	57	61	87	90	93	94	
280	35	48	49	51	52	54	81	82	83	83	85	86	88	89	90	92	93	97	
281	49	57	79	80	82	84	86	89	94	
282	16	35	37	41	42	46	47	57	72	79	100	
283	16	17	18	18	19	20	26	35	41	42	43	43	44	46	46	48	58	65	68	
284	21	22	40	43	44	46	49	84	
285	46	79	
286	3	5	8	9	10	12	13	80	81	
287	7	9	11	12	14	15	20	80	80	82	84	87	90	96	
288	7	10	12	14	15	16	18	20	80	81	83	84	85	86	89	91	95	
289	17	19	83	85	86	90	93	95	
311	53	55	57	61	
312	46	50	51	52	54	55	56	59	
313	47	49	50	51	53	53	54	82	83	84	86	88	89	92	97	
314	49	80	81	82	84	85	88	89	
315	8	10	13	65	79	81	84	
316	11	12	15	15	16	17	18	19	26	55	57	58	70	
317	17	17	18	19	20	21	22	24	35	42	44	48	50	51	52	54	55	56	56	57	60	65	
318	22	23	25	27	35	40	42	43	44	45	46	47	47	48	49	50	51	52	54	56	58	59	
319	23	26	28	40	42	43	43	44	45	46	47	49	
320	3	9	48	
321	6	9	11	13	14	81	84	
322	2	7	8	10	11	13	14	15	16	80	81	82	84	85	88	90	94	99	
323	11	13	15	16	18	18	22	80	81	83	84	86	88	90	91	93	
324	16	17	19	86	88	91	93	96	
327	93	
330	87	92	
331	92	
344	57	
345	50	51	52	54	55	56	58	58	
346	38	46	47	48	48	49	50	51	52	53	55	90	
347	44	49	51	53	79	80	84	88	
348	9	79	80	82	84	99	
349	9	10	11	13	13	14	14	15	
350	7	10	11	12	15	15	16	17	18	18	19	20	23	
351	16	17	17	19	21	22	23	25	52	55	57	58	60	
352	35	45	48	50	51	52	54	54	55	56	57	59	62	
353	31	42	43	44	45	46	47	48	49	49	50	51	52	53	54	58	
354	32	38	43	43	44	45	46	46	48	49	49	
355	13	47	
356	7	9	11	13	14	80	83	84	89	
357	3	8	9	11	12	13	14	15	21	80	81	82	84	85	88	90	98	98	
358	11	12	16	16	18	20	81	82	84	85	87	90	91	
359	17	18	91	93	96	
360	91	92	
361	86	88	90	92	97	
362	85	87	88	89	90	91	93	94	
363	82	83	85	86	88	89	90	91	93	94	97	
364	81	82	85	86	87	89	90	91	94	98	
365	82	85	86	87	88	89	91	92	94	97	
366	18	86	90	92	94	
378	55	56	58	
379	50	51	52	53	53	54	55	56	56	57	60	
380	32	33	43	45	46	47	48	48	49	50	51	52	54	58	
381	41	44	45	46	47	48	49	50	
382	8	13	
383	5	9	10	11	13	14	15	
384	1	6	8	10	11	12	13	14	15	17	18	19	21	97	
385	16	17	17	19	20	22	27	
386	23	52	53	55	56	57	58	59	
387	34	37	43	47	49	50	51	51	52	54	54	55	56	56	57	58	60	
388	42	44	45	46	47	47	48	49	50	50	51	53	56	60	
389	40	43	44	45	46	47	48	
390	2	9	29	29	29	30	47	101	
391	2	5	6	9	11	12	14	15	20	81	83	87	90	
392	8	10	12	12	14	15	16	19	80	81	82	83	85	86	88	91	93	97	99	
393	18	81	82	83	84	86	87	88	89	91	92	96	
394	82	86	87	88	89	91	92	94	98	
395	82	84	85	87	88	89	91	92	94	97	
396	81	82	84	85	86	87	89	91	94	98	
397	80	81	82	82	84	86	87	89	90	93	95	
398	9	80	81	81	82	83	84	85	86	88	89	91	93	97	
399	10	12	15	16	80	81	82	83	83	84	85	87	88	90	94	
400	8	11	13	15	16	17	19	81	82	83	85	86	88	88	91	97	
401	16	17	17	20	
413	51	52	54	55	56	56	57	58	60	62	
414	42	45	47	49	50	51	51	52	53	54	55	55	56	57	59	
415	33	41	43	43	44	45	46	47	47	48	49	50	51	
416	45	49	
417	5	7	8	9	11	13	15	84	89	
418	7	8	10	11	12	12	14	15	15	16	18	20	24	80	87	89	97	
419	13	16	17	17	19	20	21	26	83	91	
420	18	22	
421	51	52	53	54	55	56	56	57	58	60	62	
422	33	45	46	47	48	48	49	50	51	51	52	53	54	54	56	57	60	
423	40	43	43	44	45	45	46	47	48	48	49	49	50	51	
424	9	44	46	48	
425	9	13	84	
426	1	5	7	10	11	14	20	79	81	84	88	89	94	
427	80	81	82	82	84	85	88	88	89	92	94	100	
428	37	81	82	83	83	84	85	86	88	88	89	90	92	94	
429	79	80	81	82	83	84	85	86	89	
430	47	68	79	80	81	82	83	84	86	88	98	
431	79	80	82	83	84	
432	79	80	81	83	84	88	90	96	
433	5	6	9	10	12	13	14	80	81	82	84	88	97	99	
434	8	11	12	14	15	16	16	18	18	19	20	80	81	82	83	85	
435	17	17	19	19	20	22	
447	53	55	57	58	61	
448	35	37	47	50	51	52	52	53	54	54	55	55	56	56	58	59	60	61	
449	42	43	45	46	47	48	48	49	49	50	50	51	54	55	56	
450	42	44	47	49	
451	6	9	10	14	
452	3	5	7	9	10	11	12	13	13	14	15	18	21	24	68	81	85	96	
453	11	12	14	15	16	17	17	19	20	21	22	84	98	
454	13	18	22	
455	53	55	57	58	
456	34	48	51	52	52	54	54	55	56	56	57	58	59	61	
457	41	45	47	48	49	49	50	50	52	53	54	57	59	
458	39	43	44	45	46	48	49	
459	13	
460	13	26	84	
461	78	79	80	83	85	
462	42	57	79	80	82	84	85	
463	16	17	18	19	20	26	40	43	43	45	46	47	48	49	56	61	69	79	81	83	
464	21	26	36	40	44	46	47	48	49	69	
465	43	47	79	
466	30	80	88	
467	6	9	10	11	13	15	16	84	
468	2	5	6	7	9	11	11	12	13	13	14	14	15	16	17	18	18	19	19	21	23	
469	17	17	20	21	21	22	25	
481	56	
482	51	52	53	54	55	56	56	57	58	60	
483	37	42	44	45	46	47	48	48	49	50	50	51	52	53	54	56	58	60	
484	32	43	44	45	46	47	49	49	
485	6	8	10	14	
486	5	7	9	11	12	14	14	15	16	19	25	
487	7	11	13	15	16	17	18	18	19	20	21	
488	20	22	23	
489	57	
490	52	53	54	55	56	57	58	58	61	
491	49	50	51	52	53	53	54	55	56	92	
492	45	47	48	49	50	87	93	
494	15	83	
495	3	10	14	16	
496	8	11	12	14	15	16	18	19	20	57	
497	17	17	19	20	20	22	23	24	36	52	53	54	55	56	57	59	61	
498	24	46	47	48	49	50	51	54	59	
499	44	48	50	
500	8	11	
501	6	8	9	10	11	12	13	14	15	16	18	20	
502	1	7	12	13	14	15	15	16	16	17	18	19	19	20	21	23	24	
503	17	18	20	21	22	24	
516	51	53	54	55	56	57	60	63	
517	43	47	49	49	50	51	52	52	53	54	55	58	
518	38	44	45	46	47	48	48	49	50	50	
519	9	10	14	44	
520	4	6	8	9	10	11	12	13	14	15	17	23	
521	7	12	13	15	16	17	18	18	20	21	23	88	92	
523	57	88	90	92	
524	51	52	53	53	55	57	87	89	91	93	97	
525	50	51	52	54	55	56	60	82	84	86	87	88	88	90	91	93	94	
526	40	49	54	82	85	87	88	90	98	
527	51	66	
528	44	
529	9	11	12	14	20	
530	4	6	8	11	12	13	14	15	15	19	24	
531	17	22	24	51	52	53	55	55	57	60	83	86	87	90	92	95	
532	51	52	54	87	92	94	
533	54	87	90	
534	6	9	10	13	16	
535	7	9	10	11	12	13	13	14	14	15	17	19	30	30	30	
536	4	6	12	13	15	16	17	17	18	19	19	20	21	21	23	23	25	68	
537	21	22	
550	52	53	54	55	56	56	57	61	
551	46	47	49	50	51	51	52	54	54	55	56	59	60	
552	32	42	44	45	46	47	48	49	50	
553	8	13	44	46	48	
554	6	9	11	12	13	14	93	
555	8	11	12	14	15	16	19	21	81	82	84	86	88	90	91	94	
556	82	86	87	89	90	91	93	93	98	
557	55	56	60	81	82	84	85	87	88	89	90	92	95	99	
558	52	53	55	82	83	83	84	85	86	88	89	90	92	95	
559	51	53	56	80	81	82	83	83	84	86	89	96	
560	40	42	47	51	57	66	80	81	83	85	
561	17	19	20	37	39	42	44	45	46	47	48	67	
562	26	44	
563	4	7	8	11	
564	6	11	13	15	83	
565	52	54	55	80	81	82	83	84	86	89	91	96	99	
566	54	80	81	83	84	85	87	88	90	94	
567	11	82	87	
568	8	10	11	13	14	16	18	18	
569	5	7	10	11	12	13	14	15	15	16	17	17	18	19	19	20	21	24	26	69	
570	12	15	17	18	20	21	21	22	26	
584	55	56	57	80	
585	35	47	50	51	51	52	52	53	53	54	54	55	55	56	56	57	58	60	
586	41	43	44	45	46	47	47	48	49	49	50	51	53	55	60	
587	42	43	45	46	47	48	
588	6	8	9	11	13	
589	10	12	15	80	81	82	83	84	87	90	93	99	
590	80	80	81	82	83	83	84	86	88	88	90	91	97	
591	79	80	81	82	82	83	84	85	87	89	92	94	
592	42	53	67	80	81	82	84	84	85	88	94	100	
593	10	16	17	19	42	79	80	81	84	
594	8	12	13	14	15	15	16	17	18	18	19	20	26	35	43	47	52	53	55	56	56	58	59	61	68	
595	19	20	21	21	23	23	25	30	40	42	43	44	45	46	47	48	48	49	49	50	50	54	56	57	67	
596	22	32	38	41	42	43	44	45	46	46	47	48	49	51	53	
597	27	40	43	46	47	67	
599	80	81	85	89	
600	79	80	81	84	
601	8	10	14	18	42	67	93	
602	5	8	10	11	12	13	14	15	15	16	16	17	18	19	21	70	
603	5	13	15	15	16	17	18	18	19	20	20	21	23	23	24	
604	21	22	24	
618	58	
619	35	48	51	52	54	54	55	55	56	57	58	59	61	
620	34	36	40	43	44	45	47	47	49	50	50	51	53	53	54	55	57	61	
621	28	30	37	39	42	44	45	46	46	47	48	49	49	50	
622	38	44	47	49	
623	1	5	7	13	38	81	
624	79	80	81	84	
625	11	13	16	18	40	43	47	79	80	81	84	
626	8	11	13	14	16	17	19	20	39	42	45	68	79	83	
627	9	11	12	14	15	16	16	17	18	18	19	19	20	22	26	42	44	
628	17	19	20	21	22	23	24	26	52	55	56	57	60	
629	22	22	25	34	43	45	48	49	50	51	52	53	53	54	55	56	57	59	61	
630	41	43	44	45	46	47	48	49	49	50	51	52	54	58	58	60	
631	26	33	35	36	38	41	43	44	45	46	47	47	49	49	56	
632	26	39	42	44	47	48	49	51	
633	18	41	47	
634	11	15	19	28	39	43	46	
635	5	8	9	10	11	13	13	14	15	16	17	18	18	19	20	22	42	69	
636	4	6	11	12	13	14	14	15	16	17	18	18	19	19	20	20	21	23	25	26	
637	17	20	21	22	23	24	
638	23	
642	4	
643	2	2	
653	52	54	55	56	57	58	61	
654	45	48	49	50	51	52	53	53	54	55	55	56	57	58	59	61	
655	24	30	36	41	42	43	43	44	45	46	47	49	49	50	51	54	55	57	59	63	66	
656	22	30	36	39	42	43	44	45	46	47	47	48	49	50	56	60	
657	19	21	23	37	39	42	42	43	44	45	46	47	48	49	60	67	
658	9	19	20	26	41	43	43	45	46	68	
659	10	12	13	14	17	18	19	20	21	23	41	44	46	66	74	
660	8	11	12	14	15	17	18	19	20	21	22	23	25	26	44	
661	5	13	14	17	19	20	21	22	23	24	25	73	
662	22	24	
663	51	55	57	
664	34	45	48	49	50	51	52	53	53	54	55	55	56	58	58	60	64	
665	41	43	45	46	47	48	48	49	50	51	52	54	56	58	60	
666	35	39	42	44	44	45	46	47	47	48	49	50	51	56	67	
667	22	24	26	40	42	43	44	45	46	47	48	48	49	65	66	
668	9	10	11	12	13	14	18	19	20	22	26	38	42	43	44	47	
669	5	7	10	11	12	13	14	15	17	18	19	20	21	22	24	68	
670	14	17	19	20	21	22	23	24	
671	22	23	
688	52	54	
689	51	53	55	55	58	60	
690	24	44	45	48	48	50	52	53	55	56	60	
691	24	25	44	45	47	49	55	
692	10	15	22	24	25	43	45	49	64	
693	3	6	7	12	15	20	22	24	25	43	
694	21	23	23	25	
695	22	
697	55	
698	52	54	55	58	
699	48	52	54	55	57	61	
700	25	35	44	48	50	54	58	60	
701	23	25	44	49	
702	11	14	21	24	25	44	49	
703	3	22	23	24	
704	21	
726	25	
727	5	
1165	68	
1173	5	
1175	36	
1176	10	
1192	24	
1197	27	
1203	78	
1204	60	81	
1209	13	
1213	71	
1227	30	
1233	2	
1235	53	
1240	41	
1242	23	
1243	71	
1246	71	
1249	82	
1269	46	
1273	20	48	
1277	9	
1284	36	
1289	99	
1298	50	
1301	18	34	42	
1302	30	38	38	49	
1303	38	47	53	58	
1304	44	46	68	
1305	47	
1309	69	
1310	75	
1315	36	
1316	36	
1321	14	
1327	4	
1334	23	
1335	17	20	23	38	41	
1336	16	18	18	20	43	44	48	51	57	68	
1337	20	22	39	42	45	46	48	51	57	64	
1338	22	23	37	39	42	44	46	47	49	53	
1339	31	37	43	43	46	47	49	58	69	
1340	69	
1341	32	47	
1349	82	94	
1353	21	
1365	16	
1368	10	16	19	43	
1369	11	13	14	15	16	17	19	20	25	58	68	
1370	16	17	18	18	19	20	21	25	43	45	46	53	
1371	17	19	20	22	23	23	25	33	34	42	44	45	46	48	50	53	55	57	58	61	64	
1372	22	25	42	44	45	46	47	48	48	49	52	55	56	58	66	
1373	23	25	30	36	38	42	43	45	46	47	48	49	50	54	58	58	
1374	23	41	43	45	46	47	50	56	
1375	26	40	44	46	49	67	
1377	59	
1378	15	
1383	19	60	
1391	61	
1396	4	
1401	10	14	18	21	43	43	
1402	7	9	11	12	13	15	17	19	20	22	
1403	6	11	12	14	15	16	17	18	18	19	20	21	22	24	43	68	
1404	15	17	18	20	21	22	23	25	
1405	22	55	92	
1406	20	20	24	51	53	54	55	57	60	62	92	
1407	24	31	38	43	45	47	49	50	51	52	54	55	56	57	59	62	
1408	37	42	44	45	46	47	48	49	51	52	54	56	59	
1409	42	43	45	46	47	48	49	56	
1410	36	41	44	46	49	
1411	50	
1412	74	
1434	14	22	
1435	7	10	12	13	15	16	18	18	22	23	69	
1436	7	10	11	12	14	15	16	17	17	18	19	20	24	71	
1437	17	19	20	21	22	24	
1438	21	22	25	91	
1439	82	83	85	86	87	89	90	91	92	94	96	
1440	82	83	85	85	87	88	89	90	91	94	97	
1441	16	18	52	53	55	55	57	58	59	87	91	93	
1442	45	48	50	51	53	54	55	56	59	61	
1443	31	38	39	42	43	44	46	47	48	48	49	50	52	54	57	58	
1444	42	43	44	46	47	49	52	
1445	44	46	49	
1446	48	
1448	25	28	
1452	9	
1453	46	
1456	70	
1466	18	
1467	72	
1468	8	10	13	14	16	19	24	
1469	6	8	10	11	12	13	15	15	16	17	18	19	20	21	43	
1470	15	17	19	19	20	21	23	24	56	62	
1471	22	23	24	48	50	52	55	
1472	82	85	87	89	90	93	
1473	10	80	80	81	82	83	84	85	89	94	
1474	7	10	12	13	15	79	80	81	82	83	84	86	90	93	97	
1475	7	12	81	82	82	83	84	85	86	88	90	91	92	94	
1476	16	17	34	52	53	54	55	55	56	57	62	82	83	87	88	90	92	95	
1477	17	36	42	47	50	51	52	54	54	55	56	58	59	61	
1478	32	35	41	42	43	44	45	46	47	49	49	50	51	53	55	56	60	
1479	35	40	43	44	46	47	48	49	52	53	57	
1480	41	43	48	
1481	51	
1482	36	
1483	26	
1484	26	38	41	
1485	36	
1486	48	51	52	59	
1487	39	46	59	
1488	49	69	
1490	89	
1495	4	
1501	10	
1502	7	8	10	11	13	13	14	15	16	20	24	
1503	6	10	11	12	14	15	15	16	17	18	18	19	20	25	57	58	
1504	16	17	19	21	22	23	24	25	52	54	55	56	57	60	
1505	37	42	45	46	47	49	50	51	52	54	60	
1506	44	46	48	50	79	81	83	
1507	49	78	79	81	83	
1508	8	11	79	81	84	90	94	
1509	6	8	10	11	13	13	15	16	80	80	81	83	84	86	89	98	
1510	11	12	15	17	19	49	81	82	83	84	86	90	91	95	
1511	16	17	19	22	51	52	55	56	57	60	87	91	93	
1512	34	37	42	43	45	50	51	52	53	54	55	57	58	59	62	
1513	42	44	45	46	47	48	48	49	50	52	53	54	56	63	
1514	30	39	44	45	46	49	50	53	
1515	41	45	49	
1516	37	41	48	50	60	68	
1517	16	18	20	41	45	46	56	66	
1518	18	19	39	42	44	46	48	58	65	
1519	17	20	21	27	38	38	42	44	47	49	56	65	
1520	19	21	24	36	42	44	46	47	49	51	58	67	69	
1521	25	41	44	46	47	48	52	58	
1522	44	47	
1523	53	
1533	50	
1535	9	14	
1536	7	9	10	11	12	14	15	17	
1537	8	11	12	13	15	17	18	21	23	58	92	96	
1538	16	17	17	18	20	21	34	36	51	52	53	54	55	55	56	57	57	60	
1539	36	43	45	47	48	48	49	50	51	52	54	55	56	57	59	62	
1540	44	45	47	48	49	50	52	60	
1541	44	
1542	11	
1543	9	12	13	16	16	80	
1544	7	10	11	12	14	14	15	18	22	79	80	81	84	87	88	94	
1545	13	15	16	17	19	21	33	82	84	85	86	88	89	90	92	97	
1546	16	17	22	32	32	32	33	51	52	54	54	55	56	56	58	59	61	
1547	20	32	37	41	43	45	48	50	51	52	53	55	59	
1548	33	38	41	43	44	45	46	47	48	49	50	51	53	55	56	58	62	66	
1549	26	42	44	46	49	67	
1550	12	15	16	20	25	26	41	44	46	68	
1551	13	16	18	19	20	21	24	39	42	44	46	50	
1552	12	15	18	19	21	22	24	42	44	46	48	48	52	56	62	64	67	
1553	18	19	20	22	23	25	43	44	45	47	50	56	58	60	
1554	22	24	25	27	42	43	44	46	48	49	51	52	54	55	56	56	58	60	69	
1555	22	23	25	27	30	39	43	44	45	46	47	48	48	49	51	52	53	55	59	
1556	45	46	48	49	53	54	
1557	43	
1558	75	
1559	95	
1564	72	
1568	5	10	
1569	10	
1570	5	9	11	13	
1571	6	8	9	10	11	12	14	14	15	17	18	79	80	82	83	88	
1572	13	16	16	17	19	20	21	23	53	56	57	58	59	61	83	86	91	
1573	18	38	42	47	48	50	50	51	53	54	55	56	59	
1574	43	44	45	46	47	48	49	50	51	55	56	
1575	45	48	53	
1576	48	
1578	5	7	9	11	12	14	15	19	80	83	87	94	
1579	6	7	9	11	11	12	14	15	16	19	80	81	82	83	85	89	92	
1580	16	17	17	18	19	21	57	82	85	87	90	92	95	
1581	17	50	51	52	54	55	57	59	
1582	30	42	44	45	46	47	48	50	51	53	57	60	
1583	42	44	45	47	49	
1584	13	14	19	22	24	44	49	
1585	19	21	22	23	25	65	
1586	22	24	
1587	23	23	25	55	
1588	22	24	50	51	52	53	55	56	57	59	61	
1589	43	45	47	47	48	49	50	50	51	52	53	54	55	56	59	61	
1590	44	45	46	48	49	50	51	
1591	44	48	58	
1596	70	82	
1603	21	
1604	5	9	13	14	
1605	5	7	9	10	11	12	14	14	15	16	82	91	
1606	12	13	15	16	18	18	20	23	52	53	56	57	58	60	81	83	86	90	92	96	99	
1607	17	22	48	49	50	51	52	54	54	55	56	59	
1608	43	44	45	46	48	49	49	50	52	53	59	
1609	45	47	49	51	
1610	42	
1611	5	
1612	9	13	14	
1613	2	7	8	10	11	12	13	14	15	16	21	25	80	82	85	92	99	
1614	6	12	13	15	16	17	18	18	19	20	22	23	26	80	81	83	84	86	91	98	
1615	17	20	21	
1618	25	
1619	83	86	86	88	91	92	96	
1620	19	85	86	90	91	94	96	
1621	17	
1622	52	52	56	57	58	60	
1623	47	50	50	51	52	53	53	54	55	58	58	
1624	45	46	48	49	51	55	86	92	
1625	51	
1636	36	
1638	8	12	
1639	5	6	8	9	11	12	14	19	99	
1640	3	7	10	12	13	14	15	15	16	19	22	56	57	81	83	85	89	98	
1641	8	16	16	17	18	20	21	51	51	52	54	55	56	57	59	63	
1642	38	42	45	46	47	48	49	50	51	53	53	55	55	59	
1643	45	46	48	
1645	49	
1646	4	9	14	16	21	
1647	5	6	9	11	12	13	14	16	17	19	
1648	1	6	8	11	12	14	14	15	16	17	18	18	19	20	22	23	81	
1649	17	20	22	25	
1650	56	58	
1651	36	47	50	52	54	56	
1652	20	45	46	48	50	
1653	80	80	82	83	85	89	96	
1654	7	9	10	12	14	15	19	79	80	81	82	84	85	89	94	
1655	13	17	18	18	19	20	57	80	82	84	
1656	51	52	52	54	55	57	58	60	
1657	32	45	46	48	48	49	50	51	52	53	55	61	
1658	45	46	49	51	55	57	82	86	88	91	97	
1659	52	
1668	68	
1672	16	69	
1673	8	8	10	11	13	14	21	84	93	
1674	7	10	11	12	13	14	15	15	16	17	18	19	21	56	57	80	92	
1675	17	17	18	19	20	23	24	43	48	50	51	52	54	54	55	56	57	59	82	92	
1676	41	44	46	47	49	50	51	53	55	
1677	44	46	47	48	53	
1678	38	43	61	66	
1679	14	16	19	43	
1680	9	11	14	17	19	25	42	67	
1681	6	8	10	12	13	14	15	16	17	18	18	20	21	24	25	26	40	
1682	11	12	13	14	15	16	17	19	20	21	22	23	25	
1683	20	21	22	25	92	
1684	55	56	57	58	60	
1685	38	50	51	52	53	54	55	60	
1686	42	43	45	46	47	48	49	50	53	59	
1687	10	27	39	43	46	67	78	80	83	
1688	3	7	9	10	12	13	13	14	15	17	18	20	24	26	44	46	79	
1689	12	17	19	19	20	22	28	56	57	61	
1690	21	22	50	51	52	54	55	56	57	59	61	
1691	47	49	50	51	52	53	55	88	89	92	96	
1692	50	82	84	86	88	92	
1693	83	89	97	
1707	4	7	9	11	14	17	
1708	5	7	10	11	12	13	14	15	17	19	57	80	84	88	
1709	16	17	17	18	20	21	34	51	52	52	53	54	55	56	56	58	58	60	87	91	
1710	18	22	35	37	41	43	45	46	47	48	50	51	52	54	55	
1711	41	43	44	46	47	49	54	65	
1712	27	39	42	47	62	69	
1713	13	14	16	18	19	21	27	41	43	44	68	
1714	5	9	11	13	15	16	17	18	20	21	23	24	46	
1715	11	14	18	19	20	22	24	
1716	22	24	
1717	23	83	85	86	87	89	90	92	93	96	
1718	16	57	82	86	87	90	92	96	
1719	51	53	54	55	56	59	
1720	32	45	46	48	48	49	51	60	
1721	8	14	44	
1722	12	15	22	23	
1723	22	23	52	57	59	82	
1724	50	51	51	52	53	53	54	55	56	61	88	90	93	
1725	48	49	51	53	55	82	82	84	85	86	87	89	90	92	93	96	
1726	83	85	88	
1727	21	55	
1729	79	
1737	40	
1738	28	
1741	8	9	12	14	69	
1742	5	7	8	10	11	12	13	14	15	15	83	86	
1743	13	14	15	16	17	18	18	19	21	24	52	55	56	57	61	80	82	84	86	91	93	95	
1744	17	17	20	22	47	50	51	52	53	55	58	62	
1745	29	41	44	45	47	48	49	60	
1746	9	15	20	23	43	45	48	
1747	12	14	15	21	24	26	43	45	65	
1748	22	23	24	25	27	56	
1749	22	25	51	55	58	88	91	93	
1750	83	85	86	88	89	90	92	94	97	
1751	7	10	11	14	80	81	82	84	85	85	87	89	92	94	99	
1752	8	13	15	16	18	80	81	82	83	83	84	85	87	88	89	90	92	93	96	
1753	17	83	87	88	90	91	93	94	98	
1754	17	92	
1756	25	56	57	
1757	47	51	52	52	53	54	55	56	59	
1758	48	49	51	53	55	57	58	83	85	86	87	89	91	96	
1759	49	54	80	81	82	83	85	88	89	95	
1760	80	86	89	98	
1771	41	
1773	65	
1774	15	16	29	
1775	9	
1776	5	6	8	10	11	13	13	14	15	16	
1777	7	10	11	12	14	15	16	18	18	20	81	82	84	86	89	92	
1778	16	17	18	20	23	52	55	82	87	91	92	
1779	50	91	93	
1780	23	93	
1781	24	56	59	92	
1782	53	53	54	59	86	87	92	95	
1783	52	55	82	82	83	84	85	86	87	88	89	90	92	96	
1784	80	80	81	82	83	83	84	86	89	96	
1785	4	9	79	80	82	84	86	90	99	
1786	7	8	10	12	14	80	81	83	84	87	88	92	100	
1787	6	11	12	13	13	14	15	16	19	80	81	82	84	85	86	88	89	91	98	
1788	17	19	83	86	88	89	90	91	93	96	
1789	57	87	90	92	93	
1790	52	55	56	59	62	92	
1791	50	51	52	53	54	55	56	60	83	86	87	90	91	92	94	97	
1792	51	54	81	82	84	85	86	88	88	89	93	96	
1793	79	81	84	88	
1795	70	
1804	72	
1806	79	
1807	78	
1810	8	11	13	16	
1811	6	8	10	11	12	13	14	15	23	80	81	84	
1812	9	12	80	81	82	83	84	85	86	87	88	89	90	92	94	99	
1813	16	16	17	82	83	85	86	87	88	88	89	90	91	94	98	
1814	83	86	86	87	88	89	89	90	92	94	96	
1815	52	53	83	85	86	87	88	89	90	92	93	96	
1816	54	81	82	84	85	86	87	88	90	92	93	96	
1817	54	79	80	80	82	84	85	
1818	79	81	84	90	94	
1819	80	87	
1820	4	10	80	85	
1821	7	10	11	13	13	14	79	80	81	83	86	88	94	
1822	8	11	12	15	80	81	83	84	86	87	89	90	93	95	
1823	81	82	82	84	85	86	87	88	89	91	94	98	98	
1824	51	52	53	55	82	82	83	85	85	86	87	88	88	89	90	91	93	93	96	
1825	54	81	82	82	84	84	85	86	88	88	89	92	94	
1826	53	79	80	80	82	84	86	88	90	94	
1827	83	
1829	100	
1837	46	
1841	59	98	
1844	8	
1845	10	13	81	83	89	
1846	9	15	79	80	80	82	84	87	88	92	98	
1847	80	82	83	84	85	86	89	90	93	
1848	80	81	82	82	84	85	86	89	91	94	
1849	54	80	81	81	83	83	84	85	86	89	98	
1850	79	80	81	83	85	86	101	
1851	79	81	85	93	
1852	8	83	84	91	
1854	8	
1855	5	9	80	83	
1856	12	16	79	80	81	84	86	89	
1857	79	80	80	81	83	84	88	92	93	
1858	55	79	80	80	81	83	84	87	89	
1859	55	78	79	80	82	83	84	86	99	
1860	79	83	86	
1864	2	
1878	20	
1879	88	99	
1880	80	84	
1881	80	84	88	91	94	
1882	79	81	83	86	88	
1883	79	80	85	90	
1884	81	83	95	
1891	72	79	82	88	88	
1892	79	81	83	
1893	80	
1895	89	
1919	90	
1929	74	
1932	2	
1949	88	
1961	3	
1975	60	
1989	4	
1994	11	
1996	22	
2012	85	
2017	65	
2020	91	
2025	50	
2032	32	
2084	94	
2085	89	
2093	62	
2094	49	102	
2112	91	
2114	94	
2127	16	
2167	39	
2193	8	
2228	11	
2230	16	
2265	7	
