245	82	86	87	88	89	91	93	97	
246	83	86	87	88	89	90	92	95	
247	83	85	87	88	88	90	92	95	
248	86	88	90	92	95	
276	56	
277	47	
278	82	85	86	86	87	88	89	92	94	
279	81	82	83	83	84	85	86	87	89	90	92	95	
280	78	80	81	82	83	84	85	86	89	91	94	97	
281	7	9	12	13	79	80	81	82	84	85	86	89	95	100	
282	11	14	15	16	78	80	81	83	84	85	86	89	94	
283	15	17	81	83	85	87	89	90	93	
284	82	86	87	90	92	97	
285	16	87	91	
290	86	88	91	
291	87	90	91	
292	87	91	
293	88	92	
309	56	57	
310	47	51	52	54	
311	46	47	48	50	51	53	
312	49	80	81	82	83	85	86	89	
313	57	66	77	78	80	81	82	84	86	
314	5	16	17	19	41	46	47	68	78	79	80	81	84	
315	7	8	11	14	17	18	18	19	20	26	41	43	45	46	78	79	80	84	
316	10	12	14	18	19	20	26	42	44	46	66	69	79	80	100	
317	6	12	14	27	79	
318	6	10	13	80	81	82	83	84	86	88	95	
319	8	81	83	84	85	86	88	89	91	93	95	98	
320	16	83	87	90	92	94	
323	46	53	87	90	
324	81	82	84	86	87	90	95	99	
325	10	80	82	83	84	85	86	88	90	94	100	
326	12	16	81	82	84	85	86	89	90	93	96	
327	83	85	86	87	89	90	92	96	
328	82	86	87	88	90	92	97	
329	88	90	
343	52	55	56	57	58	
344	33	47	48	50	51	51	52	53	54	55	58	61	
345	43	44	46	46	47	48	49	49	50	53	
346	45	78	80	82	83	85	
347	7	9	10	12	13	14	16	79	
348	12	15	16	17	18	18	19	19	20	21	24	26	63	
349	17	20	21	22	24	26	45	56	57	64	
350	5	21	22	23	24	27	34	36	44	48	50	51	53	56	59	
351	23	42	44	45	47	48	48	49	51	
352	11	44	46	47	48	
353	8	10	11	14	77	79	80	81	84	
354	7	12	14	78	81	82	84	85	86	87	89	90	92	95	
355	17	18	57	85	87	88	89	91	93	
356	38	43	52	53	58	60	
357	30	46	47	49	50	58	84	
358	9	36	42	43	47	49	67	80	84	
359	3	11	13	20	43	44	47	71	78	79	98	
360	6	9	28	36	47	70	78	79	81	84	
361	8	12	13	81	82	84	85	90	
362	11	14	80	81	82	84	85	86	88	89	95	
363	16	80	82	84	86	87	89	90	93	93	96	
364	16	18	87	91	
365	18	
377	52	55	56	57	
378	35	47	48	50	50	51	52	53	53	54	55	55	59	
379	38	43	45	46	47	49	49	50	
380	8	10	13	44	45	65	
381	4	6	10	11	12	13	14	15	23	68	
382	8	14	15	16	16	17	18	20	21	22	24	
383	17	21	22	
384	52	53	54	55	56	57	62	
385	48	50	51	52	54	56	57	58	
386	29	33	42	44	45	46	47	47	48	48	49	50	
387	5	8	14	40	44	45	46	46	70	79	
388	9	10	12	14	15	78	79	81	83	85	
389	6	11	13	15	16	80	82	84	85	86	87	88	90	92	94	96	
390	16	17	52	53	54	61	82	86	87	89	91	94	
391	16	
392	26	29	44	55	57	62	64	
393	21	25	33	45	50	51	52	53	55	56	58	58	60	
394	21	23	24	43	44	45	46	47	48	48	49	50	56	
395	27	41	43	44	45	46	47	48	49	66	69	78	80	
396	3	7	9	11	26	46	79	80	83	
397	6	9	11	13	14	79	80	81	84	89	
398	11	13	17	18	21	80	82	84	85	87	89	91	94	
399	17	22	
411	52	58	
412	50	51	52	52	53	54	55	56	56	57	60	62	
413	31	41	45	46	47	48	49	49	50	51	53	
414	40	43	44	45	47	
415	6	8	9	10	11	12	13	14	15	70	
416	12	15	16	17	18	19	20	21	23	25	
417	18	22	
419	52	54	55	56	56	57	59	
420	48	50	51	52	53	53	54	56	56	57	58	61	
421	32	40	43	44	45	46	47	47	48	49	49	
422	5	6	9	11	44	46	48	
423	6	8	10	12	14	78	79	81	83	85	89	
424	13	13	15	16	78	80	81	82	83	85	87	89	90	94	
425	17	18	21	87	90	92	
426	18	
427	55	
428	51	53	53	55	57	58	59	
429	32	34	36	47	50	51	52	54	
430	30	42	44	45	46	47	48	49	50	
431	2	9	10	29	43	44	48	78	
432	7	10	12	13	13	14	15	80	83	99	
433	16	17	19	20	22	88	91	
434	17	
446	52	52	56	58	60	
447	49	50	51	53	
448	30	42	44	45	46	48	48	49	64	
449	4	7	10	11	14	15	71	
450	12	20	21	25	
451	23	
454	51	52	52	53	55	56	56	57	58	61	
455	46	47	49	50	50	51	54	56	60	
456	44	45	46	47	48	49	50	
457	6	9	11	14	66	79	
458	7	8	8	10	12	13	14	15	16	19	79	80	83	84	85	89	93	98	
459	13	15	16	17	19	22	80	82	85	86	89	90	92	95	
460	17	21	87	92	
462	55	
463	52	55	55	56	57	61	
464	33	50	51	52	53	54	59	
465	44	45	46	49	
466	6	10	12	13	
467	12	15	21	80	83	86	88	89	92	95	
468	16	17	19	
481	52	55	57	63	
482	47	50	
483	4	44	46	
484	7	13	86	
485	86	88	89	91	94	
486	17	
487	58	
488	51	52	53	53	55	58	
489	34	47	49	50	51	52	54	55	57	88	
490	42	45	48	49	50	53	68	86	91	
491	26	28	40	42	44	46	47	49	
492	8	9	10	13	21	41	44	46	68	79	
493	6	9	10	12	13	15	21	78	79	83	84	88	
494	12	15	16	17	19	81	83	85	86	87	88	90	95	
495	17	86	88	90	91	96	
496	18	
497	58	
498	33	51	51	52	54	55	56	59	60	
499	42	45	46	47	48	49	50	
500	6	9	11	
501	7	10	11	12	13	14	15	18	43	79	81	83	84	86	89	92	97	
502	16	17	17	18	19	21	44	89	
515	55	56	58	
516	48	51	52	53	55	56	61	
517	30	39	47	48	49	50	
518	10	39	43	46	83	
519	8	10	11	13	13	14	80	84	
520	17	18	19	
521	53	56	
522	46	48	50	51	52	54	55	58	
523	49	54	82	85	86	94	
524	14	55	57	58	81	85	
525	16	17	18	19	20	47	48	50	51	52	54	56	60	64	71	
526	23	24	25	26	30	37	41	43	44	45	46	47	47	49	50	
527	6	9	22	43	44	46	48	72	
528	7	9	10	12	13	13	14	77	78	79	80	84	93	
529	15	18	79	81	82	84	85	87	89	91	94	96	
530	16	18	87	90	93	
531	57	
532	52	53	53	54	55	56	58	
533	45	46	46	47	50	50	51	53	
534	8	10	44	86	
535	7	9	10	11	12	13	13	14	14	15	78	80	
536	12	16	16	17	17	19	20	20	21	
537	22	
550	52	53	54	56	60	
551	47	49	50	59	
552	9	13	40	44	48	
553	6	11	14	27	68	78	
554	20	21	57	
555	51	52	53	55	56	60	
556	33	40	46	48	48	49	50	54	
557	10	40	43	45	49	65	67	81	
558	7	11	12	14	15	19	70	
559	18	19	20	24	26	51	53	54	55	56	58	62	68	
560	22	47	50	50	51	52	54	55	56	58	59	
561	31	36	39	43	44	45	46	47	48	49	49	
562	4	10	42	44	46	47	48	72	
563	7	9	10	12	14	15	68	78	79	80	83	
564	6	10	12	14	18	80	82	83	85	86	88	90	96	
565	16	53	55	58	81	83	85	87	88	89	90	93	96	
566	35	52	52	54	55	56	61	93	
567	46	47	49	50	50	53	87	90	
568	8	44	82	85	87	88	93	
569	3	6	7	10	11	12	12	13	14	14	16	19	71	
570	12	15	16	17	17	18	19	20	21	22	23	
571	21	
585	54	60	
586	45	
588	23	25	55	
589	52	55	60	
590	30	49	63	
591	43	45	
592	12	15	23	25	
593	22	
594	52	55	55	57	62	
595	37	45	49	50	51	54	56	57	58	59	
596	4	31	42	45	46	47	48	48	49	50	51	
597	27	32	42	43	44	46	47	49	70	
598	2	8	9	11	14	79	81	83	
599	6	11	12	21	53	77	80	81	83	84	85	86	90	96	
600	51	51	52	54	55	59	82	85	86	87	89	90	92	96	
601	50	81	82	85	86	89	91	94	
602	9	10	14	44	65	81	85	
603	3	4	6	7	11	12	13	14	14	15	16	17	18	19	20	24	28	68	71	
604	13	15	16	17	20	21	21	22	24	28	
605	22	
623	55	
626	25	
628	55	
629	52	53	55	57	60	
630	34	47	50	50	51	52	54	55	56	57	58	60	
631	30	39	43	45	47	48	49	50	56	63	66	
632	5	9	39	42	44	44	46	46	48	49	
633	11	28	40	46	71	78	79	
634	41	78	78	79	81	82	84	84	86	88	
635	9	14	16	29	66	78	79	80	81	83	85	89	
636	5	8	10	12	14	15	16	17	18	18	19	
637	12	13	15	17	19	20	21	22	23	24	27	
638	20	22	24	
655	25	
664	52	54	55	56	58	
665	50	51	52	53	53	54	56	57	60	
666	24	33	43	45	47	48	49	49	50	51	52	56	59	
667	5	23	27	29	40	44	45	46	47	48	49	49	68	71	
668	9	11	14	18	20	42	43	44	45	63	67	72	79	
669	7	10	11	12	14	15	18	19	20	22	44	68	71	79	
670	4	8	13	20	20	21	23	24	
671	22	24	
699	52	54	55	60	
700	51	54	
701	50	63	63	
702	24	25	
703	5	22	23	25	
704	22	25	
783	64	
1159	17	
1161	17	
1172	18	46	
1178	7	98	
1185	62	
1188	75	
1206	9	
1207	34	
1211	77	
1216	16	
1235	31	
1236	20	
1241	33	67	
1276	12	
1279	11	
1293	65	
1312	59	66	
1350	95	
1352	16	
1365	102	
1367	37	
1369	36	48	69	
1370	46	52	
1378	76	
1381	59	
1383	10	
1395	10	
1400	18	18	40	45	67	
1401	17	19	22	24	29	41	44	47	48	56	67	
1402	20	36	41	44	46	49	57	
1403	19	21	42	44	46	48	48	51	
1404	27	39	69	
1405	51	64	
1406	48	
1407	58	
1412	49	
1413	46	
1414	41	
1427	4	
1432	17	19	
1433	4	12	14	24	67	
1434	15	16	17	19	20	21	45	61	68	
1435	18	18	19	20	21	23	25	35	44	45	46	48	49	52	56	58	59	
1436	19	21	23	24	28	43	44	45	48	49	51	55	56	57	60	65	71	
1437	21	22	23	42	44	48	49	50	54	56	61	68	
1438	21	40	44	45	46	48	49	50	52	54	56	60	
1439	27	30	42	44	48	56	
1440	40	44	47	50	66	
1441	46	
1442	26	49	
1444	20	
1446	18	25	42	43	46	48	51	54	57	58	
1447	27	33	46	47	57	68	
1448	25	43	46	70	
1449	46	58	68	
1450	40	
1451	11	53	
1459	7	
1466	11	
1467	8	9	11	13	13	14	15	16	18	21	23	
1468	12	14	15	16	16	17	18	19	20	23	25	68	
1469	18	21	22	23	24	27	52	
1470	24	52	55	86	87	90	92	97	
1471	24	51	54	83	86	86	88	89	90	91	94	96	
1472	53	54	83	86	87	90	92	96	
1473	32	51	56	58	58	91	
1474	38	40	44	45	47	48	50	52	54	57	
1475	23	27	28	44	46	48	50	70	
1476	43	46	51	58	
1477	13	46	51	
1479	12	16	19	68	
1480	16	17	18	20	21	34	50	52	57	61	
1481	19	21	23	23	27	34	43	44	48	49	51	57	59	69	
1482	41	44	47	49	52	
1483	30	37	38	43	46	48	48	59	72	
1484	43	46	69	
1485	44	49	
1488	20	
1493	70	
1495	5	
1500	9	14	
1501	6	7	9	10	11	12	14	14	15	17	19	23	57	
1502	13	15	16	17	18	19	20	21	23	48	52	57	
1503	22	47	50	51	53	90	
1504	78	81	82	83	84	85	87	88	91	95	
1505	77	80	81	82	84	85	90	95	
1506	8	13	77	80	81	84	85	90	97	
1507	13	15	81	86	89	
1508	16	52	54	55	56	59	61	87	89	91	97	
1509	16	17	22	29	40	45	47	48	49	50	51	52	54	56	59	67	80	81	92	
1510	40	43	44	46	46	48	49	74	
1511	43	46	64	71	
1512	11	14	25	71	
1513	8	10	10	12	14	17	19	
1514	13	22	24	25	88	93	
1515	52	53	55	87	89	91	95	
1516	25	55	57	61	73	87	91	96	
1517	16	24	49	51	53	55	57	58	62	92	
1518	22	25	26	35	42	43	44	47	48	49	51	59	66	
1519	27	40	43	45	46	47	48	50	55	56	
1520	44	47	51	
1526	16	
1531	6	
1534	8	12	13	
1535	6	9	10	11	12	13	14	15	52	53	55	56	57	
1536	13	15	16	18	18	19	21	23	35	36	48	51	52	54	58	87	92	
1537	46	49	50	53	84	
1538	30	50	79	81	84	
1539	78	80	86	92	
1540	9	78	81	83	91	
1541	9	12	14	79	81	84	95	
1542	7	11	12	14	16	52	55	58	79	81	86	90	98	
1543	17	51	52	53	54	57	58	60	81	83	85	87	89	91	95	
1544	16	17	31	39	45	47	47	49	50	51	54	
1545	31	41	43	45	47	48	48	50	66	68	
1546	10	15	45	47	
1547	14	
1548	82	86	89	92	97	
1549	10	78	81	82	84	85	88	91	
1550	7	11	12	14	15	81	83	86	88	91	98	
1551	18	52	55	57	87	89	90	94	97	
1552	16	52	54	55	57	59	86	87	88	90	91	96	
1553	17	31	41	47	48	49	50	52	54	59	
1554	43	45	46	49	
1555	6	30	45	48	55	65	
1560	72	
1561	4	
1568	9	14	
1569	4	6	10	11	12	14	15	19	57	
1570	12	15	20	51	52	53	54	55	57	60	80	82	85	87	90	96	
1571	18	22	45	49	51	53	53	82	86	87	90	97	
1572	44	49	
1575	12	
1576	5	8	10	13	80	86	
1577	7	10	11	12	13	14	15	17	19	57	77	79	80	85	89	96	
1578	16	19	21	51	52	53	55	56	57	59	78	82	86	89	90	94	
1579	17	17	32	34	43	45	48	49	50	52	53	56	58	
1580	43	45	46	47	48	49	50	
1581	53	
1582	79	82	84	
1583	6	79	85	88	
1584	7	9	13	79	81	89	
1585	10	79	80	81	83	84	86	89	96	
1586	6	8	11	13	14	52	56	57	79	81	83	84	86	89	97	
1587	17	51	52	53	55	57	59	82	83	86	87	88	90	93	96	
1588	45	46	47	48	49	54	
1589	43	46	
1594	69	
1602	11	
1603	3	10	13	14	
1604	8	12	15	52	55	79	80	85	90	94	
1605	51	54	57	82	84	85	86	89	93	
1606	42	45	46	48	55	
1610	13	88	
1611	7	9	11	13	15	17	18	80	83	
1612	7	11	12	14	15	16	17	19	52	55	57	61	61	79	80	83	
1613	13	17	18	19	20	21	35	49	50	51	52	53	54	56	57	59	62	
1614	19	37	42	44	45	46	47	48	49	50	51	54	57	59	
1615	44	45	46	48	49	54	70	
1616	43	50	
1617	85	
1618	15	
1619	5	78	
1620	9	12	14	79	81	89	
1621	6	12	15	18	18	34	36	55	57	62	79	80	85	89	95	
1622	16	21	43	48	50	51	55	58	
1623	41	44	46	47	49	52	69	
1629	79	79	79	80	
1632	69	
1633	30	35	69	
1634	79	
1637	7	15	
1638	7	11	15	80	84	89	
1639	57	59	77	78	79	81	82	83	85	92	95	99	
1640	16	18	43	48	51	54	
1641	45	47	50	56	70	
1643	13	
1644	14	
1645	7	9	10	12	13	15	16	19	25	
1646	3	5	7	10	12	14	15	16	18	20	21	24	
1647	22	52	53	55	57	58	82	87	90	91	96	
1648	51	52	54	55	56	60	83	85	86	87	88	90	92	93	96	
1649	31	33	37	43	45	47	48	48	49	50	51	54	59	93	
1650	44	45	46	47	48	50	72	
1651	43	
1652	46	
1653	29	
1654	5	8	100	
1655	6	10	11	13	14	15	18	58	79	
1656	15	16	16	17	19	20	21	25	47	50	51	54	55	56	60	80	
1657	18	22	43	45	46	48	48	49	52	53	59	
1659	44	
1660	55	
1663	66	
1668	37	
1670	9	
1672	6	11	13	
1673	8	11	13	15	21	53	57	79	88	
1674	16	23	23	51	52	54	57	59	91	
1675	45	49	50	
1676	45	
1678	9	12	20	68	
1679	6	10	12	14	15	17	18	20	
1680	4	21	22	23	
1681	9	80	82	83	85	86	88	90	92	94	
1682	6	11	13	14	52	53	54	55	57	78	79	80	81	83	84	85	87	90	94	
1683	16	19	50	51	52	54	55	56	57	59	63	82	83	86	87	88	89	91	96	
1684	17	30	33	36	42	45	48	49	50	52	55	59	
1685	43	44	45	46	47	49	51	59	70	
1686	31	41	43	47	48	
1688	13	
1689	8	9	10	11	13	14	15	17	19	57	69	
1690	15	16	17	18	18	19	21	34	51	52	55	56	59	61	68	
1691	18	20	21	23	44	45	46	47	48	49	51	53	
1692	44	49	55	
1696	11	
1701	71	
1707	5	6	9	11	14	84	
1708	6	12	51	54	80	85	89	
1709	54	82	87	91	97	
1711	51	
1712	7	9	10	12	14	15	19	
1713	3	13	21	25	52	55	
1714	23	50	53	86	88	89	92	98	
1715	77	79	81	83	86	90	
1716	8	12	15	79	81	86	99	
1717	6	11	12	15	16	78	79	80	82	84	89	
1718	16	18	51	53	53	54	55	57	58	62	81	83	85	86	87	90	91	94	98	
1719	9	30	43	47	48	49	51	52	55	56	88	
1720	29	37	42	44	45	46	48	49	52	
1721	45	47	73	
1722	10	15	28	71	
1723	3	4	7	10	11	13	14	15	17	19	21	56	56	58	68	
1724	13	17	18	19	20	22	24	50	51	52	52	53	54	55	
1725	21	23	44	45	47	48	49	50	51	54	59	87	
1726	44	48	53	
1736	61	
1737	44	
1740	13	
1742	82	84	100	
1743	80	82	84	90	
1744	81	
1746	7	12	
1747	86	92	93	
1748	77	80	82	85	88	97	
1749	80	83	
1750	79	
1751	7	10	13	45	80	85	93	
1752	8	11	13	15	58	79	80	82	84	87	90	95	
1753	16	35	50	52	54	55	56	57	60	82	86	87	89	92	94	97	
1754	16	17	45	45	48	50	51	53	57	58	92	
1755	23	41	44	45	46	47	49	50	
1756	9	27	29	44	
1757	5	7	10	11	12	13	14	15	17	20	21	24	43	53	57	68	
1758	20	22	24	50	50	51	53	54	54	55	56	60	87	88	92	
1759	23	50	82	84	85	86	89	91	94	
1760	55	
1761	97	
1764	7	
1770	70	
1771	71	
1774	72	
1775	100	
1777	1	79	89	98	
1781	81	85	
1782	79	83	84	96	
1785	10	
1786	5	11	15	80	
1787	8	10	11	12	14	15	16	19	78	79	81	83	86	89	
1788	12	21	35	53	54	59	82	86	87	89	90	94	
1789	16	17	19	65	73	88	90	92	
1790	45	56	64	
1791	24	52	54	88	93	
1792	50	53	59	86	88	90	95	
1793	54	78	78	80	81	82	83	84	86	88	101	
1794	83	91	95	
1798	5	5	5	
1814	38	
1819	88	
1820	87	
1821	5	8	12	16	78	81	
1822	8	10	11	13	13	15	79	84	86	89	94	
1823	8	12	77	81	82	84	85	87	89	93	95	
1824	52	54	82	83	85	86	87	88	90	91	94	98	
1825	54	82	83	85	86	86	89	92	95	
1826	79	81	82	84	86	90	95	
1827	79	82	84	
1828	86	
1846	29	
1851	92	
1853	6	
1855	10	88	
1856	5	78	83	
1857	13	78	79	83	84	90	
1858	77	79	80	81	84	86	89	
1859	77	79	80	81	84	86	89	
1860	78	81	84	90	
1861	79	91	95	
1882	27	
1887	45	
1891	79	
1892	78	86	99	
1893	79	
1894	88	
1917	42	
1927	68	85	
1943	68	
1950	89	
1954	88	
1956	31	
1960	89	
1962	70	
1971	74	
1973	58	
1982	69	
1985	99	
1993	13	
1996	95	
2008	19	59	
2011	83	
2015	8	10	
2020	8	
2056	74	
2069	2	
2078	37	
2088	6	
2090	9	
2091	18	
2094	73	
2096	48	
2101	34	
2102	51	
2115	22	
2133	100	
2257	9	
2272	100	
