47	5	56	
84	71	
118	75	
183	16	
186	85	
215	26	27	
227	88	92	
228	88	92	
249	24	24	24	25	
260	83	86	88	89	91	93	94	
261	13	82	84	86	87	88	89	91	92	93	96	
262	83	85	86	88	89	90	91	95	98	
263	17	83	86	88	91	94	
264	18	
291	56	88	92	
292	56	86	87	89	91	92	97	
293	83	85	86	87	89	90	91	93	94	97	
294	81	82	84	86	87	88	89	91	92	95	98	
295	80	81	82	84	84	85	86	88	89	90	95	
296	7	9	11	14	79	80	81	82	84	85	86	89	90	93	97	
297	11	12	15	16	16	17	19	80	81	84	86	90	95	
298	17	18	20	26	
314	88	91	
315	93	
316	87	91	
323	57	93	
324	91	
325	83	85	86	87	88	89	90	92	95	98	
326	81	82	83	84	85	86	87	88	90	91	94	96	
327	54	81	82	83	84	85	86	87	88	89	90	91	95	
328	79	80	81	83	83	84	85	86	88	89	92	95	
329	4	8	78	80	81	82	83	84	86	90	93	
330	9	10	11	13	13	14	15	16	16	18	19	67	79	80	81	83	89	94	
331	7	10	11	12	15	16	17	17	18	18	19	20	20	21	26	79	83	
332	19	21	21	23	26	
348	8	82	84	86	87	89	90	92	94	99	
349	11	81	83	84	85	87	88	88	89	91	92	95	
350	82	83	85	86	87	89	90	91	93	93	96	
351	82	85	87	88	89	90	92	95	
352	16	88	90	92	
356	57	
357	54	86	87	90	92	96	
358	54	82	83	84	86	87	89	90	93	96	
359	80	81	82	84	85	86	87	89	90	93	95	
360	80	81	82	83	85	86	88	91	94	
361	79	80	81	84	85	88	98	
362	79	80	81	86	
363	9	10	12	14	15	17	19	19	66	79	
364	5	7	9	11	12	13	13	14	15	16	17	17	18	19	19	19	20	22	23	65	69	
365	18	20	21	21	22	24	25	27	
366	22	23	
378	57	
379	51	55	56	
380	35	47	49	50	53	93	
381	85	86	88	89	91	92	93	97	
382	9	80	81	83	84	85	86	88	88	90	92	94	99	
383	9	79	80	81	82	83	84	85	87	89	90	94	100	
384	10	12	14	16	79	80	81	82	84	84	85	86	88	90	95	
385	8	10	12	13	15	16	79	80	81	82	83	84	85	87	89	91	94	96	98	
386	16	82	83	84	86	87	89	90	92	95	
387	17	83	86	87	89	91	92	95	
388	86	87	90	91	92	96	
389	51	55	90	92	
390	51	53	53	57	86	87	90	92	94	97	
391	52	55	82	83	84	85	86	87	88	90	92	94	
392	55	61	80	81	83	84	85	86	88	89	91	93	96	
393	78	79	81	82	83	85	87	89	
394	79	80	82	83	85	
395	16	21	80	84	101	
396	7	8	10	14	16	66	
397	5	6	10	11	12	13	13	14	15	15	16	16	17	18	19	20	23	25	
398	4	7	12	17	18	19	20	21	22	22	23	24	25	26	28	
399	22	23	23	25	
412	52	56	57	
413	35	37	46	50	51	52	54	55	56	
414	34	47	49	50	51	54	56	86	88	89	91	93	97	
415	80	82	83	84	86	87	89	92	95	
416	10	79	80	81	83	84	87	90	
417	10	16	18	47	78	79	80	82	84	
418	5	11	17	19	20	37	39	46	68	69	78	79	80	84	
419	8	9	11	14	79	81	82	83	84	
420	12	80	81	82	83	84	85	89	93	98	
421	10	80	81	82	83	84	85	86	87	88	90	91	94	97	
422	81	82	83	84	85	86	87	89	90	91	92	94	97	
423	52	54	81	83	85	86	87	88	89	90	91	93	94	96	98	
424	54	78	81	82	83	84	86	87	88	89	90	91	93	93	96	
425	78	80	81	82	83	84	85	86	89	90	94	100	
426	78	80	81	83	84	85	88	
427	79	82	
428	15	
429	8	16	18	
430	6	8	10	11	12	14	14	16	17	18	19	20	66	68	
431	3	6	11	12	13	14	15	17	17	19	19	20	21	22	24	27	69	
432	18	20	21	21	22	23	24	27	
433	23	
438	63	64	64	
439	76	76	
445	56	
446	35	36	39	47	50	51	52	56	
447	37	46	47	49	50	51	52	53	53	54	56	59	
448	46	49	51	81	83	84	85	87	89	91	97	
449	79	81	83	83	85	89	
450	9	12	13	57	66	78	80	
451	11	15	16	18	18	19	20	23	35	43	46	47	50	56	57	61	63	69	79	
452	17	19	20	21	22	24	25	27	40	42	44	46	47	48	48	49	57	69	
453	5	21	22	24	30	39	41	42	43	44	46	46	47	48	68	
454	23	38	43	69	79	
455	6	8	13	78	79	80	84	
456	56	78	79	80	81	82	84	85	86	88	
457	53	78	79	80	81	82	84	85	86	88	91	95	
458	79	80	81	82	83	84	85	86	88	92	
459	79	80	84	88	95	
460	80	
461	14	17	47	66	70	
462	14	16	18	18	19	22	42	44	47	67	
463	8	9	11	14	15	16	17	18	19	19	20	21	22	23	26	27	28	43	64	74	
464	7	10	11	13	14	15	18	19	20	21	21	22	23	26	70	
465	19	20	21	22	22	23	24	25	28	
466	23	24	
479	52	55	56	57	
480	33	37	41	47	50	51	51	52	53	53	55	57	59	
481	41	42	43	43	44	46	47	48	49	51	54	57	
482	31	41	42	43	44	46	47	48	54	66	69	79	80	84	
483	17	19	19	40	42	43	44	46	47	64	66	69	78	80	84	
484	9	10	11	13	14	17	18	19	20	26	66	69	
485	12	13	14	15	16	17	18	19	20	20	22	24	26	53	58	68	68	
486	18	20	21	22	22	23	24	50	51	52	54	55	55	56	57	61	
487	23	25	35	36	40	43	43	45	45	46	47	48	48	49	50	50	51	53	53	54	56	58	
488	25	33	40	44	44	45	46	47	48	48	49	50	
489	43	
490	6	46	79	80	
491	46	79	80	84	87	
492	19	78	80	82	84	98	
493	17	18	19	22	43	45	46	48	62	67	80	
494	12	14	17	18	18	19	20	21	43	44	46	63	67	
495	9	12	13	15	17	19	19	20	21	22	24	28	28	41	44	46	48	67	
496	10	12	15	18	19	19	20	21	21	22	24	27	44	64	
497	13	14	20	20	21	22	23	24	24	26	27	
498	15	22	23	23	25	27	
499	23	23	25	
513	52	55	
514	33	50	51	53	54	55	58	58	61	
515	35	42	45	45	47	49	50	53	54	62	
516	43	44	45	48	49	51	54	55	59	63	
517	22	23	24	32	43	44	49	62	
518	14	21	22	23	44	
519	1	21	22	23	24	25	
520	22	23	25	52	55	56	58	
521	34	36	39	47	48	49	50	50	51	53	53	54	55	56	61	
522	42	44	45	46	47	49	49	50	51	56	59	60	60	61	
523	33	45	63	
524	47	78	
525	16	17	18	19	24	43	47	68	83	
526	9	12	14	16	17	18	19	20	21	24	42	44	47	66	
527	9	11	12	13	14	15	17	18	19	20	20	21	23	26	42	44	64	68	
528	12	15	17	19	20	20	21	22	24	26	28	45	50	
529	20	21	22	23	24	25	43	
530	22	23	23	24	25	
531	24	
551	25	
552	24	
553	25	
554	52	55	56	
555	34	36	46	48	49	50	51	51	52	53	53	54	55	56	58	
556	44	45	46	49	50	51	83	87	90	92	
557	44	49	68	87	90	96	
558	8	12	14	16	17	18	48	78	79	81	
559	8	11	13	14	16	17	18	18	19	20	21	24	43	45	47	64	68	
560	11	13	14	15	17	18	19	20	21	22	23	25	27	44	70	
561	13	19	20	21	22	24	25	
562	22	23	23	24	
563	22	25	
571	18	19	20	
575	93	93	96	
587	53	57	
588	34	36	47	51	52	54	55	56	
589	47	49	50	51	52	53	54	59	87	91	
590	32	49	81	83	84	86	88	89	90	93	94	
591	9	11	14	18	80	82	83	85	
592	7	10	11	12	13	14	15	16	17	17	18	19	19	20	65	68	
593	13	15	17	19	20	21	22	23	24	26	
594	21	22	23	23	24	26	
595	22	25	
621	51	53	55	57	58	
622	34	36	39	43	46	47	48	49	50	51	52	53	54	55	56	
623	45	46	47	49	84	
624	9	67	79	81	84	86	
625	7	10	11	11	13	13	14	15	15	16	17	19	65	79	83	
626	16	17	17	18	18	19	20	20	21	22	24	27	72	
627	21	22	22	23	24	
628	23	
655	38	52	53	54	55	56	57	60	
656	34	42	45	46	47	48	49	50	50	51	52	53	54	58	
657	32	39	42	43	44	45	46	47	48	66	
658	8	9	11	67	79	
659	4	6	11	12	13	13	14	15	16	19	19	20	
660	18	19	20	21	22	23	24	25	26	
661	23	
689	52	55	57	
690	34	45	47	50	51	51	53	54	55	59	
691	31	43	44	45	47	48	50	61	67	
692	5	6	11	13	19	29	65	
693	7	12	15	19	21	23	24	28	
694	1	21	22	24	
724	53	
727	25	
965	13	
1164	10	
1168	41	
1183	70	
1185	75	
1204	59	
1206	14	
1210	7	
1213	30	
1226	71	
1231	20	
1240	68	
1246	13	
1250	13	
1256	62	
1268	11	56	
1275	10	
1283	30	
1299	23	
1303	42	
1305	18	
1308	50	82	
1312	50	
1313	83	
1314	46	
1315	66	92	
1322	61	
1332	17	
1338	19	
1347	28	
1350	13	15	48	
1367	38	56	
1372	38	
1376	29	
1377	44	
1381	26	
1382	30	42	46	57	
1383	18	
1395	31	31	
1405	23	
1406	22	23	23	23	
1411	82	
1413	42	
1414	16	
1415	17	18	44	66	
1416	16	17	19	20	41	47	49	
1417	19	21	31	35	38	42	43	45	46	48	49	52	56	59	65	66	
1418	23	37	40	45	47	
1419	22	43	48	
1424	59	
1436	49	
1437	39	
1438	79	
1440	71	
1446	16	
1447	17	20	25	46	
1448	10	16	17	18	19	40	43	68	
1449	9	11	13	15	17	19	21	25	28	28	44	47	
1450	17	18	18	19	20	21	25	42	45	46	50	52	55	57	59	65	67	68	
1451	19	20	21	22	23	23	25	29	34	36	42	43	45	46	48	48	50	51	54	56	58	61	74	
1452	21	22	25	41	43	44	45	46	48	49	50	51	54	
1453	23	40	45	47	49	53	
1457	71	
1466	19	
1469	16	19	24	41	
1470	26	43	
1471	40	46	48	
1472	42	46	71	
1473	69	
1474	102	
1475	56	
1476	26	
1478	17	
1479	14	19	
1480	17	19	21	24	26	46	68	
1481	12	15	16	17	19	20	23	27	48	67	
1482	13	13	16	17	18	19	20	21	22	23	25	27	43	44	45	47	65	
1483	10	14	20	22	23	25	29	69	
1484	20	21	22	24	25	26	52	55	57	59	
1485	22	23	24	25	34	46	47	49	50	51	52	53	55	56	58	
1486	43	45	48	48	49	50	52	54	59	92	
1487	44	51	87	91	
1494	6	
1497	50	
1501	16	69	
1502	14	
1503	16	17	19	43	59	67	
1504	16	17	18	20	21	31	41	44	47	48	57	
1505	21	22	24	37	38	42	44	47	49	53	69	
1506	21	26	31	36	41	43	46	47	48	53	66	69	
1507	31	44	46	49	
1508	38	42	44	66	69	
1509	24	
1510	50	
1511	46	
1512	9	19	
1513	9	12	13	15	17	18	19	21	25	26	45	
1514	8	11	14	15	16	17	18	19	20	21	24	27	64	67	69	
1515	12	13	15	16	17	19	20	21	22	22	24	28	45	
1516	21	22	23	24	25	26	
1517	23	23	25	56	
1518	36	36	53	55	56	
1519	34	48	48	49	50	51	52	54	55	60	93	
1520	50	52	59	82	86	87	88	89	91	94	96	
1521	82	84	86	89	94	
1524	88	
1528	10	
1532	33	
1535	28	
1536	8	10	14	17	18	
1537	11	13	14	16	17	19	19	21	27	35	58	67	70	
1538	16	17	18	18	19	20	21	22	24	27	42	44	45	46	48	48	51	55	57	64	
1539	20	21	22	23	25	28	43	44	45	47	48	49	51	53	55	56	57	60	63	70	
1540	22	31	37	41	44	45	46	48	49	50	51	53	54	56	59	71	
1541	23	23	30	41	43	43	44	46	47	50	56	
1542	29	36	39	42	45	47	48	57	
1543	20	41	46	47	
1544	19	22	40	44	48	50	69	
1545	9	21	64	69	
1546	10	12	13	15	17	18	19	21	71	
1547	10	12	14	15	17	18	18	19	20	21	22	24	70	
1548	12	14	15	17	19	21	22	22	23	24	26	
1549	20	21	22	23	24	
1550	22	24	
1551	36	56	58	
1552	36	42	47	50	51	52	53	54	57	
1553	33	49	51	53	55	86	87	88	90	92	96	
1554	48	54	78	80	81	82	83	84	86	88	91	95	
1555	78	80	83	87	95	
1561	70	71	71	
1569	9	11	15	16	
1570	10	11	12	14	15	16	17	18	19	20	66	68	
1571	7	11	13	14	15	16	16	17	18	19	20	21	22	23	27	69	
1572	20	21	22	23	24	27	
1573	22	24	51	53	53	55	57	61	
1574	49	50	51	54	56	61	87	88	91	98	
1575	25	33	43	44	45	48	49	51	53	57	59	87	92	
1576	27	31	36	42	44	45	46	48	49	51	54	58	61	65	
1577	20	22	23	37	40	42	44	45	47	48	49	53	62	66	
1578	19	20	22	24	26	30	42	43	44	46	62	
1579	8	11	15	19	21	23	25	26	45	65	68	
1580	10	13	13	15	16	18	18	19	20	21	23	25	28	45	65	70	
1581	5	12	15	20	21	22	23	24	26	71	
1582	21	21	22	24	
1584	37	56	
1585	52	54	55	56	93	
1586	49	50	52	53	55	83	88	90	91	93	93	96	
1587	50	81	82	83	84	85	86	87	89	91	94	97	
1588	80	82	84	89	
1589	82	86	
1592	58	
1597	76	
1598	76	
1602	9	19	
1603	9	11	13	13	14	16	18	20	26	67	
1604	5	7	10	11	12	14	15	16	16	17	19	20	21	23	25	26	
1605	20	21	22	23	24	57	
1606	22	25	47	50	93	
1607	87	89	91	93	97	
1608	7	8	82	84	85	86	87	89	90	93	96	
1609	13	15	82	83	85	86	87	88	89	90	93	96	
1610	16	17	50	53	55	57	65	83	87	88	89	90	93	95	
1611	16	17	18	24	45	49	
1612	18	22	24	45	50	63	
1613	11	14	22	24	26	28	44	65	
1614	22	24	25	
1615	24	
1617	36	92	
1618	52	52	54	87	90	92	98	
1619	35	50	51	54	59	82	83	85	86	86	87	88	90	91	93	95	97	
1620	54	81	82	84	85	86	88	89	90	91	94	97	
1621	78	79	80	81	84	86	88	91	
1622	82	85	88	
1623	26	
1625	16	49	49	50	
1636	9	11	23	
1637	6	8	10	11	12	13	13	14	15	21	
1638	12	16	22	24	88	90	92	97	
1639	23	25	35	51	55	56	87	89	90	91	92	94	96	
1640	51	54	85	86	87	88	89	90	91	93	94	95	97	
1641	82	85	86	87	88	88	89	90	93	95	
1642	10	78	79	80	82	83	84	85	87	91	94	
1643	8	10	14	78	79	80	81	83	84	85	87	89	92	93	
1644	8	10	11	12	14	15	19	81	82	83	83	84	89	92	
1645	13	16	17	17	18	19	21	68	82	86	89	94	
1646	23	69	69	70	72	
1649	93	
1650	52	86	87	89	90	92	94	96	
1651	51	54	82	83	85	86	86	88	88	89	90	92	93	95	97	
1652	54	81	82	83	85	85	86	88	88	89	91	92	93	95	
1653	53	79	79	79	80	81	82	84	85	86	89	92	96	
1654	78	79	80	81	82	83	84	86	88	93	
1655	80	83	
1657	103	
1670	7	9	21	
1671	9	13	14	
1672	3	12	81	82	85	87	89	92	95	
1673	52	77	80	81	82	82	83	84	85	86	87	88	89	91	96	
1674	78	79	80	80	81	83	83	84	85	87	89	93	
1675	78	78	80	81	81	82	83	84	85	87	89	
1676	79	82	84	
1677	10	15	78	81	
1678	7	9	10	11	12	13	14	15	16	17	19	20	22	68	79	80	82	85	
1679	12	13	15	15	17	18	18	19	20	25	26	80	
1680	21	22	26	
1681	87	91	
1682	50	52	54	87	88	89	90	91	92	95	97	
1683	82	83	86	87	88	88	89	90	91	92	94	96	
1684	12	55	78	80	81	82	83	84	85	86	87	88	89	91	93	97	99	
1685	79	79	80	81	82	83	84	85	87	90	95	
1686	78	79	80	81	82	84	85	90	95	99	
1687	78	79	81	83	85	
1688	78	80	83	96	
1689	97	
1697	89	89	90	
1705	5	
1706	78	80	85	
1707	78	79	81	83	85	93	
1708	79	80	87	89	99	
1709	46	47	79	81	84	
1711	8	11	13	16	18	20	29	67	
1712	5	6	9	10	11	12	14	15	16	17	19	19	21	24	29	67	
1713	7	13	16	17	18	19	19	20	21	22	24	26	
1714	23	52	88	92	
1715	52	54	82	83	85	86	87	88	89	91	93	95	98	
1716	81	82	83	84	85	86	87	89	90	92	95	
1717	80	81	81	82	83	84	86	89	91	
1718	79	80	81	83	83	85	88	
1719	79	80	82	85	
1720	79	82	87	
1721	95	
1722	86	
1724	64	
1728	17	
1729	50	
1739	3	
1742	84	
1743	44	45	95	100	
1744	9	15	
1745	6	8	10	11	13	14	16	17	19	24	
1746	11	12	15	16	17	18	19	20	21	23	25	26	37	53	56	69	
1747	22	24	27	34	48	51	52	54	
1748	51	55	87	88	89	90	92	94	97	
1749	78	79	80	82	83	84	85	88	89	93	
1750	57	78	79	80	82	84	86	86	88	
1751	78	80	82	84	86	
1752	80	97	99	
1753	97	
1758	95	
1763	12	12	12	
1765	99	100	100	103	
1774	86	
1777	11	14	
1778	8	11	15	
1779	6	10	11	12	13	14	15	16	19	22	24	53	56	57	
1780	5	16	17	20	21	22	24	27	33	41	47	50	51	52	53	55	60	
1781	22	23	25	47	49	50	53	54	88	92	
1782	80	81	82	83	84	85	87	89	91	97	
1783	79	81	85	94	
1784	78	81	85	94	
1787	84	
1789	94	
1792	58	
1798	78	
1811	14	
1812	7	9	11	14	
1813	6	8	10	11	12	13	14	15	17	20	51	52	57	
1814	23	25	35	50	51	52	54	88	90	91	95	
1815	48	54	82	86	87	89	90	94	
1816	79	81	83	86	90	94	
1817	80	83	
1829	48	
1833	79	
1837	57	
1844	77	
1845	6	9	
1846	8	12	
1847	4	6	11	12	55	
1848	51	53	55	80	81	83	85	87	89	90	93	94	
1849	80	82	83	84	85	87	88	92	94	
1850	79	83	
1853	59	
1855	19	
1861	20	
1881	87	
1882	79	81	84	89	
1883	78	79	82	83	86	90	
1884	84	88	
1903	77	
1912	99	
1914	91	
1916	35	81	90	
1924	73	
1932	39	
1943	11	46	
1959	12	21	
1993	72	97	
1994	39	
2002	59	
2010	54	
2020	38	
2070	23	
2077	14	
2112	85	
2130	4	
2150	12	
2156	3	10	
2218	16	
2271	100	
2298	4	
