47	56	57	
50	78	
118	76	77	
182	21	
250	93	
283	87	
284	83	85	87	88	90	91	92	95	
285	83	86	87	91	93	93	95	
286	86	87	90	91	96	
287	17	88	
314	56	
315	51	
316	48	93	
317	81	85	86	87	89	90	92	93	96	98	
318	77	80	81	82	84	85	86	87	88	90	91	94	97	98	
319	8	10	77	79	80	82	83	84	85	86	88	89	91	95	98	
320	7	12	15	80	81	82	84	85	86	87	88	89	90	93	95	
321	17	81	83	85	86	87	88	89	91	93	93	95	
322	16	83	86	87	88	89	90	92	94	97	
323	83	87	88	89	91	92	97	
324	88	90	93	97	
325	86	87	89	91	93	94	98	
326	86	87	90	92	96	
327	86	87	90	91	93	94	97	
328	83	85	87	87	89	90	92	94	96	
329	85	87	88	90	92	93	94	97	
330	86	87	89	91	97	
331	16	87	
348	58	
349	46	48	49	51	53	54	
350	49	82	86	87	89	91	95	
351	49	78	80	81	82	83	85	86	87	89	90	94	
352	31	38	76	77	79	81	83	84	85	88	93	
353	6	9	40	71	76	77	78	79	81	99	
354	9	12	15	77	78	79	80	82	83	84	86	88	95	99	
355	12	14	77	78	78	80	81	82	84	85	86	89	
356	8	9	77	78	79	81	82	83	84	85	86	87	89	90	94	96	
357	77	80	81	82	84	85	86	87	88	89	90	92	94	96	
358	81	82	84	85	86	87	88	89	90	91	93	95	
359	78	81	82	84	85	86	87	88	89	90	92	95	
360	78	81	83	84	85	86	87	88	89	90	92	94	96	
361	82	83	84	85	86	87	88	89	91	94	96	
362	77	81	82	84	85	86	87	88	89	91	93	96	
363	11	13	78	79	81	82	83	85	86	87	88	89	91	95	
364	10	14	78	79	81	82	84	85	86	87	88	89	91	93	96	
365	16	18	78	81	83	85	86	87	88	89	90	92	93	96	98	
366	16	20	91	
381	53	
382	47	48	49	50	51	53	54	56	
383	44	46	48	49	50	52	55	91	
384	45	80	82	84	85	87	89	91	94	
385	16	40	42	56	57	61	80	81	84	85	93	
386	13	16	16	17	18	19	20	27	29	34	39	42	43	44	47	47	49	57	61	67	68	80	83	
387	19	20	20	22	23	26	29	39	41	42	44	46	48	48	51	56	58	71	
388	21	22	24	32	41	42	44	46	47	48	48	50	64	67	68	72	79	
389	20	21	22	28	40	44	46	47	71	79	83	
390	22	70	78	79	81	84	
391	36	77	78	78	79	80	82	83	84	85	87	
392	77	78	78	79	81	82	83	84	86	90	99	
393	78	79	80	82	84	85	86	88	95	98	
394	79	80	81	82	84	85	86	88	89	96	
395	77	78	78	80	81	82	84	85	86	89	93	
396	17	77	79	80	82	83	84	86	94	
397	8	14	18	46	77	79	80	82	84	98	
398	8	10	14	15	77	79	80	81	83	83	84	90	
399	6	9	11	12	13	14	16	79	80	81	83	84	85	86	87	90	95	
400	12	16	18	18	77	81	86	87	88	90	94	
401	16	17	20	
414	58	
415	51	53	53	55	56	
416	45	47	48	49	50	51	52	54	60	
417	44	46	49	53	86	89	92	98	99	
418	9	44	79	81	84	86	89	94	
419	7	10	11	12	14	15	16	17	18	63	65	69	80	
420	15	16	17	17	19	20	21	22	24	55	
421	21	22	23	23	45	50	51	52	53	54	55	57	61	65	
422	25	44	45	47	48	49	50	50	51	52	53	54	56	59	
423	44	45	46	47	48	49	50	
424	5	44	51	
425	38	40	56	79	84	
426	16	17	18	36	40	42	43	47	48	79	83	101	
427	20	29	38	39	42	44	46	70	79	80	
428	29	46	69	78	80	84	
429	7	9	12	14	70	80	83	86	
430	15	17	20	51	79	
431	22	24	46	
432	9	79	
433	7	8	10	11	12	14	15	78	78	80	81	85	100	
434	6	11	13	14	15	16	18	20	79	80	82	83	85	86	88	88	89	94	
435	16	17	17	18	20	83	84	87	
436	17	
449	47	50	51	52	53	54	55	56	60	
450	43	45	47	48	48	49	50	54	55	
451	45	82	85	88	89	92	96	
452	6	9	10	11	13	80	82	85	94	
453	5	6	8	10	11	12	14	14	15	16	16	17	18	19	20	23	25	26	
454	18	21	22	23	25	58	
455	48	49	51	52	53	55	
456	47	48	49	50	51	52	54	55	92	
457	46	49	87	90	92	95	98	
458	40	43	67	89	95	
459	6	11	13	13	15	16	17	18	19	27	38	43	56	57	60	
460	17	17	19	19	20	21	26	32	41	43	45	46	47	48	49	50	52	53	56	57	61	64	69	
461	20	21	22	23	25	32	37	40	41	43	44	45	46	47	48	49	51	53	68	
462	22	24	28	32	38	40	41	43	43	44	46	48	68	70	
463	14	27	29	41	66	
464	22	53	55	
465	22	34	36	43	47	50	
466	38	41	94	
467	4	9	11	
468	6	7	9	10	11	11	12	13	14	14	15	16	17	18	19	47	47	69	78	78	79	81	84	100	
469	12	16	16	17	19	19	20	21	23	48	103	
470	18	23	
482	52	57	
483	47	48	50	50	51	52	53	54	55	56	
484	42	44	45	46	46	49	50	
485	9	45	86	91	
486	6	10	11	14	15	82	88	88	
487	8	12	13	15	16	17	17	18	19	20	27	
488	22	23	52	
489	51	52	54	55	57	87	90	92	97	
490	37	49	52	53	55	85	86	88	89	90	92	95	98	
491	42	67	77	80	81	84	86	87	89	
492	9	11	13	14	16	18	19	41	79	83	
493	7	11	12	15	17	17	18	19	20	21	22	24	28	65	68	72	
494	21	22	23	23	24	45	48	51	52	53	53	54	55	56	59	72	
495	22	25	34	42	45	46	47	49	50	51	52	54	55	57	59	65	
496	30	33	38	41	44	45	45	47	48	49	50	53	56	57	60	63	
497	24	34	37	41	43	44	44	45	47	48	48	49	51	56	57	61	71	
498	21	23	27	30	33	38	40	41	43	44	45	46	47	49	50	55	56	57	59	67	69	
499	19	21	22	29	36	40	42	43	44	46	48	48	49	57	61	65	66	
500	18	20	21	22	32	40	42	44	45	46	49	59	67	70	
501	9	12	14	15	19	20	21	23	26	32	42	44	64	68	
502	4	6	10	12	13	13	14	15	18	19	20	21	22	24	
503	12	15	18	20	21	21	22	25	26	
504	23	
516	52	53	55	56	
517	47	49	50	51	51	53	54	55	59	
518	45	47	48	49	50	87	88	89	91	92	95	98	
519	8	10	44	82	85	88	89	91	95	
520	4	7	9	10	11	12	13	14	14	
521	12	17	18	21	87	91	
522	51	53	54	57	86	87	89	91	93	96	
523	41	50	82	85	86	87	88	88	90	91	95	
524	8	38	38	43	78	80	81	83	85	86	89	
525	9	11	12	14	15	16	17	18	19	26	67	69	79	83	
526	5	6	11	13	14	15	16	17	18	19	20	21	23	23	24	
527	15	20	21	22	24	
528	21	23	24	
529	52	54	55	
530	45	50	52	54	65	
531	45	49	52	54	55	58	64	
532	24	43	44	45	51	53	62	63	
533	24	32	45	52	54	58	73	
534	13	22	24	44	48	64	
535	4	15	21	23	24	64	71	
536	4	23	23	25	
537	22	
549	48	52	
550	46	51	52	
551	47	49	50	51	54	54	82	86	90	94	99	
552	45	49	81	82	84	85	86	88	89	90	92	94	
553	8	10	82	84	86	87	90	93	96	
554	5	11	13	14	15	83	85	90	
555	21	78	80	82	85	86	87	88	89	92	94	96	
556	77	80	81	82	84	85	86	87	88	89	95	99	
557	16	18	38	68	77	78	80	81	83	83	84	
558	7	10	11	13	14	15	16	17	18	19	20	64	80	83	
559	4	11	13	14	15	17	18	19	20	22	24	71	
560	21	22	24	
561	23	25	
570	24	
582	56	
583	47	50	52	54	56	60	
584	40	42	44	46	46	47	48	48	49	50	51	53	54	56	59	
585	37	38	41	43	44	46	47	48	49	51	55	80	
586	36	49	59	78	79	81	84	85	98	
587	77	79	80	84	94	
588	13	15	20	99	
589	6	11	15	16	20	36	39	79	80	82	84	89	99	
590	9	10	13	15	16	17	17	18	19	20	42	69	77	78	79	81	84	
591	6	10	12	14	15	16	17	18	19	20	21	24	27	64	69	78	
592	12	15	20	21	22	23	25	
593	22	25	
607	12	12	13	
617	51	52	54	55	57	
618	33	48	49	50	51	51	52	52	53	54	54	57	60	
619	42	43	43	44	45	46	47	48	48	49	50	52	53	59	
620	41	44	45	74	
621	10	41	61	66	72	
622	10	12	14	16	17	19	28	39	42	44	67	
623	6	10	11	13	13	14	15	16	17	18	18	19	20	23	42	65	66	69	79	
624	7	12	14	15	17	18	19	20	21	22	23	24	28	65	
625	12	19	20	21	22	23	24	
626	21	22	25	
651	53	55	56	
652	47	49	50	50	51	52	54	55	55	56	59	
653	37	40	42	43	45	47	48	48	49	50	54	91	
654	31	41	44	45	
655	9	10	11	13	14	18	64	67	70	
656	12	14	15	16	17	19	20	20	21	22	24	28	43	64	
657	13	14	20	21	21	22	23	24	25	27	44	
658	21	23	23	25	
682	20	
685	48	51	52	
686	37	41	46	48	49	51	53	53	54	55	56	
687	44	45	46	49	60	81	
688	13	19	26	28	44	65	66	69	
689	7	11	14	15	16	19	20	24	63	72	
690	17	20	21	22	23	24	26	70	
691	22	
718	53	
719	53	54	57	
721	43	59	64	74	
723	23	24	
1157	16	
1159	29	
1169	35	
1175	10	
1184	66	
1185	46	
1192	38	
1196	27	
1203	39	
1204	59	
1206	24	
1210	15	
1226	102	
1237	54	
1240	80	
1242	8	
1265	63	
1270	72	
1274	12	73	74	
1275	11	
1280	54	
1295	71	
1302	58	
1306	95	
1313	5	
1316	40	
1319	2	20	
1334	92	
1339	29	
1347	102	
1349	36	
1369	17	
1374	92	
1375	53	
1376	72	
1381	67	73	
1385	81	
1387	7	
1390	67	
1392	4	
1405	26	
1406	26	
1407	29	29	
1411	69	
1414	10	
1416	65	
1418	19	
1437	94	
1438	12	14	37	43	
1439	16	19	36	42	48	50	58	61	68	
1440	17	21	29	37	40	43	44	46	48	53	56	
1441	21	40	46	56	70	
1442	23	27	39	45	46	48	
1443	71	
1444	38	
1446	42	
1447	48	
1449	37	
1450	7	
1455	87	
1469	49	
1471	10	19	
1472	11	14	16	19	
1473	8	12	14	16	17	19	20	24	39	42	45	47	56	59	
1474	17	18	19	20	21	25	40	43	44	46	47	49	51	53	56	57	59	64	73	
1475	20	21	23	23	26	31	37	38	41	42	44	46	47	48	48	50	53	56	61	65	72	
1476	21	23	32	35	40	42	44	46	48	50	53	56	58	70	
1477	24	36	38	41	43	44	47	51	58	62	66	
1478	24	40	42	46	49	72	75	
1479	20	25	30	37	38	42	46	48	67	69	
1480	20	36	41	47	52	56	60	
1481	16	18	21	28	37	40	46	57	
1482	19	21	29	41	45	46	49	55	68	70	
1483	21	24	31	38	42	44	46	51	62	
1484	20	26	39	42	45	46	49	63	66	72	
1485	22	32	38	39	42	45	47	48	56	59	
1486	22	30	47	69	
1487	44	46	70	
1488	12	
1493	88	
1503	14	
1504	16	
1505	9	12	14	16	23	27	
1506	6	9	11	12	13	14	16	17	18	19	22	24	64	
1507	6	10	12	14	15	16	17	18	19	20	21	24	28	65	
1508	21	23	23	25	52	54	55	65	92	
1509	51	52	54	57	58	65	88	92	
1510	24	34	44	45	49	51	54	58	61	65	88	
1511	24	43	44	45	48	50	52	54	56	63	74	88	93	
1512	22	23	25	27	31	38	41	42	44	47	49	51	55	56	58	62	71	
1513	19	21	25	30	38	39	42	44	46	49	52	53	57	59	66	70	
1514	19	21	23	24	41	44	46	48	52	57	62	65	66	70	
1515	19	21	22	25	27	38	39	42	44	47	49	56	60	68	
1516	17	19	21	23	24	26	41	44	47	52	54	57	60	
1517	20	22	28	29	40	42	44	47	49	52	55	57	61	65	70	
1518	20	21	23	23	33	40	42	44	46	48	48	51	53	55	56	62	68	
1519	22	25	27	33	39	41	43	43	45	46	47	48	49	51	56	57	58	66	70	
1520	22	24	26	30	39	41	44	46	47	49	50	62	66	72	
1521	39	42	43	47	49	
1522	65	
1531	55	
1537	12	
1538	11	
1539	7	9	10	12	13	14	17	19	66	
1540	6	9	11	12	15	16	17	19	20	21	23	23	
1541	21	22	24	
1542	82	86	87	89	90	91	93	95	
1543	77	81	82	85	86	87	88	90	91	93	95	
1544	55	82	83	85	86	87	88	90	92	93	95	97	
1545	16	51	54	82	86	86	87	89	91	94	
1546	16	16	17	19	23	51	53	60	63	
1547	18	23	25	45	54	61	
1548	22	23	25	34	45	52	53	59	
1549	21	23	43	45	50	61	63	
1550	22	24	45	52	55	62	65	
1551	22	24	45	50	53	55	
1552	22	24	45	51	53	54	65	
1553	35	50	52	53	54	57	61	
1554	40	42	43	44	45	47	48	48	49	50	51	52	54	57	60	
1555	32	39	42	44	45	46	47	48	49	51	62	70	
1556	42	44	47	49	69	73	
1557	64	
1558	85	
1572	8	8	11	14	
1573	6	9	10	11	13	13	14	15	16	18	19	21	24	27	52	
1574	8	13	15	17	18	19	20	21	24	46	47	49	50	51	
1575	22	44	48	87	90	91	95	
1576	76	77	80	81	83	83	84	86	89	95	
1577	10	75	77	79	79	81	84	85	88	
1578	10	14	16	18	75	77	78	79	80	81	84	85	86	89	
1579	8	9	11	11	14	15	16	18	20	26	77	79	80	81	84	88	101	
1580	8	13	15	16	17	19	20	21	78	85	
1581	18	22	
1582	92	96	
1583	87	87	90	91	92	96	
1584	17	88	92	
1585	48	52	54	
1586	45	
1587	12	13	52	54	55	57	
1588	18	20	34	47	48	49	50	51	52	53	53	54	56	58	60	
1589	39	41	42	43	45	46	47	48	49	50	51	60	
1590	41	43	45	46	49	51	71	
1592	64	
1595	12	
1599	76	
1602	41	
1605	10	13	
1606	10	11	13	14	16	56	
1607	6	8	11	12	14	15	17	18	19	20	47	50	51	52	54	55	
1608	17	20	21	23	25	42	46	48	48	49	50	55	
1609	42	45	50	77	82	85	87	90	93	96	
1610	79	81	84	87	
1611	10	18	26	79	84	
1612	9	11	13	13	16	19	24	39	78	
1613	5	6	10	11	12	13	14	15	16	17	18	18	19	20	23	71	80	
1614	15	18	22	52	
1615	87	90	92	95	96	
1616	82	85	86	87	88	89	90	91	93	94	96	
1617	7	10	12	77	79	80	82	83	84	85	86	87	88	89	92	94	97	
1618	11	13	53	55	78	81	83	86	87	88	89	90	92	93	95	98	
1619	16	83	86	87	87	90	91	93	95	98	
1620	87	88	93	97	
1621	8	9	92	
1622	1	51	52	53	55	56	93	
1623	35	43	45	47	49	50	51	52	53	55	59	92	93	
1624	43	43	44	46	48	49	51	93	
1628	58	100	
1636	100	
1639	9	14	
1640	5	6	8	10	11	13	14	18	23	53	56	
1641	7	12	12	15	16	16	18	19	24	47	50	51	52	54	55	57	
1642	17	22	23	42	44	45	47	48	49	50	54	
1643	45	81	85	87	90	
1644	37	41	45	82	
1645	10	12	14	16	18	
1646	8	9	11	13	13	14	15	16	17	18	19	20	22	25	69	
1647	20	21	22	23	25	52	
1648	49	51	54	87	88	91	95	96	
1649	77	82	84	85	85	86	87	88	90	92	93	95	
1650	76	77	79	80	81	83	84	86	88	88	91	97	
1651	11	77	78	79	80	82	85	89	
1652	7	10	12	15	76	77	79	80	81	84	85	89	91	96	
1653	8	11	12	14	77	78	78	79	80	81	82	84	85	86	88	89	92	95	
1654	6	10	15	81	82	83	84	85	86	87	89	90	94	97	
1655	82	85	86	87	88	89	91	94	96	
1656	52	53	55	82	83	86	86	87	88	89	91	92	95	97	
1657	50	52	54	55	83	85	85	86	87	88	90	91	92	95	98	
1658	45	82	82	86	87	88	88	89	90	94	96	
1659	83	92	95	
1672	24	38	72	
1673	9	14	16	19	
1674	3	7	9	10	11	12	13	14	15	16	17	19	20	22	52	53	55	56	87	
1675	7	12	13	15	17	18	20	21	23	33	38	40	42	46	47	48	49	50	51	54	55	58	58	
1676	18	21	22	36	41	44	45	46	49	53	
1677	31	41	44	67	80	83	
1678	8	9	12	15	19	39	64	66	
1679	10	12	14	15	19	20	23	26	64	
1680	13	21	22	23	25	51	53	72	
1681	50	86	88	91	92	95	97	
1682	77	81	82	85	86	88	89	90	93	95	98	
1683	76	78	78	79	81	83	84	85	87	89	
1684	8	78	79	82	83	86	
1685	80	
1686	8	11	79	84	90	
1687	11	14	77	79	82	83	85	89	100	
1688	77	78	79	80	81	83	83	84	87	89	92	94	
1689	76	78	79	80	82	83	84	86	86	89	94	
1690	76	77	79	80	81	83	84	85	86	89	
1691	31	32	32	33	76	78	78	79	80	81	84	85	86	90	96	
1692	78	80	81	83	83	84	86	89	93	
1693	83	87	91	
1694	82	
1702	88	
1705	8	20	
1706	8	12	15	19	24	
1707	9	13	14	16	17	19	20	68	
1708	4	10	11	12	14	15	16	18	18	19	21	23	23	51	52	55	56	
1709	16	17	19	20	22	25	26	42	50	51	53	54	58	58	62	70	
1710	18	22	23	32	41	43	44	45	47	48	50	53	62	
1711	23	43	45	58	71	
1712	12	24	52	68	
1713	21	22	24	51	92	
1714	50	53	86	87	90	92	95	
1715	55	76	78	80	82	84	85	87	89	93	94	97	
1716	77	79	80	82	83	85	87	91	93	
1717	80	91	
1720	10	14	
1722	81	
1723	79	83	
1724	78	81	85	
1725	80	85	89	
1726	78	80	86	
1734	78	
1736	102	
1739	11	
1740	8	10	12	14	
1741	6	8	10	12	13	14	15	17	19	24	
1742	5	11	13	15	16	17	19	21	25	53	
1743	17	18	21	23	24	52	54	
1744	45	64	
1745	50	52	53	64	91	
1746	50	52	54	87	87	91	92	96	
1747	83	85	86	88	89	91	94	98	
1748	55	58	77	81	82	86	87	89	95	
1749	76	79	81	83	86	
1750	81	
1751	85	
1752	73	
1755	84	
1756	89	
1759	80	
1760	93	
1764	6	54	
1765	103	
1770	94	
1772	35	
1773	14	
1774	5	6	9	15	21	
1775	6	9	11	12	13	14	16	28	80	94	94	
1776	8	11	12	12	14	15	15	16	17	18	19	20	22	77	83	88	
1777	20	22	
1778	51	54	56	87	88	89	90	92	95	
1779	51	55	86	86	87	89	89	90	93	93	94	96	99	
1780	81	82	83	84	85	86	88	88	90	93	95	
1781	77	80	81	83	84	85	91	96	
1782	79	81	85	90	93	
1783	79	
1787	102	
1798	5	5	5	
1799	103	
1800	89	
1806	4	
1808	10	15	18	
1809	7	9	10	11	13	13	14	17	18	88	
1810	2	5	8	15	15	17	19	20	23	53	56	80	
1811	22	51	86	88	89	90	92	95	97	
1812	77	80	81	82	83	84	85	86	87	89	90	92	93	97	98	
1813	78	79	80	81	83	83	84	85	86	87	88	91	
1814	78	79	81	83	84	85	88	93	99	
1815	78	80	
1816	96	
1817	14	92	100	
1820	88	
1825	2	
1830	39	
1840	98	
1842	8	10	13	13	18	
1843	1	7	10	12	15	23	
1844	2	5	87	91	95	
1845	53	77	80	81	82	83	85	86	86	88	89	90	94	97	
1846	78	78	79	81	82	84	86	88	92	
1847	79	81	86	88	
1848	79	
1875	8	
1876	13	
1878	80	85	87	90	98	99	
1879	78	78	80	81	84	85	89	93	94	
1880	81	85	
1881	87	
1882	85	92	
1883	96	
1896	26	
1902	84	
1908	14	
1909	4	
1911	81	
1912	78	83	83	
1913	81	85	
1914	80	
1940	25	95	
1945	93	
1947	94	
1957	62	
1959	15	
1966	28	
1978	67	
1987	87	
1996	32	
1997	52	
1999	6	
2011	50	
2014	66	
2017	4	84	
2021	3	
2022	88	
2025	75	
2030	23	
2033	29	
2058	36	
2082	87	
2094	39	
2100	14	15	
2101	74	
2113	4	
2128	26	
2146	91	
2166	24	
2169	8	
2173	12	
2184	13	
2192	22	
2200	28	
2207	13	
2221	8	
2227	103	
2229	93	
