84	83	
113	44	
152	93	
182	20	
217	15	
294	92	
295	87	89	91	92	97	
296	87	91	92	94	97	
297	87	91	92	95	
298	16	
326	56	92	96	
327	87	88	89	90	94	
328	56	82	86	87	88	88	89	91	92	94	97	102	
329	46	47	82	85	86	87	88	88	89	90	91	94	97	
330	10	46	81	82	83	84	85	86	87	88	88	89	91	92	94	97	
331	6	10	12	15	18	80	82	83	84	85	86	87	88	90	91	92	94	96	99	
332	13	16	83	86	87	91	94	97	
333	17	18	
350	92	
358	56	
359	56	59	88	90	92	
360	86	87	88	89	90	91	92	95	98	
361	35	81	83	84	85	87	88	89	90	92	93	96	98	
362	16	37	57	59	61	81	82	83	84	86	89	
363	45	50	57	70	79	80	81	83	84	
364	9	49	51	79	80	81	82	84	85	
365	6	9	10	12	13	14	49	79	80	81	82	84	85	88	90	99	
366	6	8	10	11	12	15	15	16	17	18	19	23	80	82	83	84	86	88	93	101	
367	17	17	18	20	21	
382	92	
383	88	90	92	96	
384	87	88	90	91	92	96	
385	86	87	88	89	91	93	95	97	
386	83	87	89	90	92	94	96	
387	88	91	92	97	
388	88	91	92	
389	90	92	
390	91	
391	87	90	92	97	
392	87	90	91	93	94	97	
393	82	85	86	87	88	89	90	92	93	96	99	
394	16	80	81	82	84	85	86	88	89	90	96	
395	11	15	16	17	19	71	81	82	84	85	99	
396	8	19	21	26	58	81	83	
397	22	52	53	55	57	59	62	64	79	
398	8	51	52	55	
399	9	10	11	12	13	15	16	50	70	79	80	84	88	99	
400	1	7	10	11	12	12	14	15	16	17	18	18	19	20	23	71	80	81	85	98	
401	17	17	20	21	22	25	
404	67	67	67	
413	58	
414	56	
415	56	59	
416	55	86	87	88	90	92	95	
417	82	84	85	86	87	89	90	91	94	98	100	
418	47	81	82	84	85	86	88	90	100	
419	47	82	83	85	86	89	
420	7	13	13	46	47	48	82	84	85	87	89	93	100	
421	8	14	47	81	82	83	85	86	87	89	91	96	
422	47	81	83	85	86	87	89	90	91	94	97	98	
423	13	82	86	87	89	90	91	92	94	97	98	
424	85	87	88	89	90	92	93	96	
425	82	85	86	87	87	88	89	90	92	94	97	
426	46	55	81	82	84	85	86	87	88	89	90	92	95	101	
427	8	80	81	82	82	83	84	86	87	89	94	101	
428	10	12	13	13	14	17	80	81	83	83	84	86	92	
429	7	23	79	
430	46	56	92	97	
431	42	46	53	54	55	88	91	
432	46	51	67	
433	3	8	9	11	12	14	15	16	17	18	19	20	24	44	46	70	
434	5	7	11	13	15	15	17	17	19	20	21	22	23	25	26	45	70	
435	20	21	22	22	23	25	27	
447	57	
448	56	57	58	60	
449	47	49	50	52	53	53	54	61	63	86	88	90	
450	49	55	81	82	83	84	85	86	87	88	90	94	
451	7	12	15	16	18	79	80	81	82	83	84	86	
452	16	17	18	19	20	63	64	79	80	82	83	
453	20	21	25	29	45	49	51	59	61	70	73	79	80	83	
454	22	44	49	50	51	55	56	57	58	58	59	72	79	80	83	
455	23	27	45	48	50	50	56	59	72	79	80	83	
456	11	45	46	47	48	49	50	79	80	81	84	85	89	
457	47	80	81	82	83	84	85	87	88	90	94	
458	47	67	79	80	81	82	83	84	85	86	87	89	90	93	96	98	
459	18	19	46	48	60	80	81	82	83	83	84	85	86	88	94	
460	19	44	46	47	48	50	57	69	79	80	81	83	83	84	86	89	100	
461	9	19	26	38	43	45	46	46	47	68	78	79	81	83	84	
462	5	12	19	27	46	47	66	
463	17	19	22	25	44	46	47	57	66	
464	16	19	47	49	53	61	67	
465	9	16	18	43	46	47	48	50	68	84	
466	10	13	13	14	17	18	19	20	21	26	44	45	46	50	70	72	
467	4	7	10	12	14	15	19	20	20	21	22	23	25	27	69	72	74	
468	12	15	20	21	22	24	25	74	
469	23	
481	56	57	58	59	63	
482	33	47	51	52	53	55	56	57	60	
483	46	48	50	51	51	54	55	86	91	94	101	103	
484	8	10	11	14	42	48	81	82	84	86	89	95	
485	6	9	11	12	13	14	15	16	17	18	19	70	80	83	
486	17	18	19	20	21	22	24	26	73	
487	21	23	24	25	58	63	
488	25	52	54	56	58	60	62	
489	34	51	52	53	53	55	55	56	57	59	
490	50	51	52	54	75	
491	13	48	48	54	79	80	83	86	101	
492	7	10	13	15	16	18	19	20	46	61	69	79	80	81	83	88	
493	17	18	19	20	21	21	22	44	48	50	59	60	65	69	72	80	81	
494	20	22	23	24	26	29	45	48	50	51	52	54	58	58	60	64	70	80	
495	19	20	22	23	24	28	43	44	48	49	50	51	57	59	65	70	74	
496	15	18	20	21	23	26	45	49	50	60	67	70	
497	15	18	19	20	21	23	24	27	31	44	49	51	58	62	71	
498	20	21	22	24	26	42	45	48	50	70	80	
499	12	14	19	21	22	24	26	49	65	72	75	
500	15	19	21	22	23	23	24	26	
501	22	24	
502	23	25	
514	58	
515	56	57	57	59	61	
516	46	47	50	51	52	53	53	54	55	59	
517	40	46	48	48	49	51	54	67	82	83	85	87	88	90	
518	7	8	10	11	13	14	15	16	18	19	72	79	84	104	
519	12	13	14	15	17	17	18	19	20	21	23	24	76	
520	20	21	22	24	
521	36	57	
522	52	55	57	58	60	
523	50	51	52	53	55	59	87	90	92	
524	88	89	
525	8	10	12	14	15	16	17	18	19	26	29	45	70	
526	12	14	15	17	18	19	20	21	22	23	24	71	76	
527	20	21	21	22	24	25	28	74	
528	22	23	24	55	73	
529	23	25	64	74	
530	23	24	52	73	
531	19	23	23	25	74	
532	22	23	75	
533	24	
549	33	52	56	57	58	59	60	62	64	
550	30	50	51	51	52	53	54	55	58	88	
551	9	18	40	44	45	47	48	49	50	68	72	82	84	
552	4	8	10	12	12	14	15	19	20	45	70	
553	18	19	20	21	22	24	25	26	74	
554	23	56	59	
555	56	59	61	92	
556	52	53	54	55	58	87	90	91	93	94	98	
557	14	43	46	51	53	67	81	82	85	86	87	88	90	96	
558	7	9	10	12	14	15	16	17	18	19	70	73	82	84	101	
559	5	11	13	15	17	19	20	20	23	45	70	74	
560	18	21	22	23	25	27	73	
561	22	25	
575	96	96	96	
583	61	
584	51	52	54	62	64	
585	3	14	51	
586	23	24	74	
587	22	56	60	
588	57	59	87	
589	35	55	82	86	87	88	90	91	95	99	
590	43	47	54	81	82	84	85	86	88	89	96	
591	6	10	13	14	16	17	18	18	19	46	70	80	81	83	85	
592	12	14	15	18	19	20	21	22	23	72	80	
593	20	21	22	24	25	
619	56	
620	57	59	
621	48	51	53	54	58	88	92	98	
622	47	51	54	66	82	83	85	86	87	88	89	93	96	
623	9	14	16	17	45	47	71	81	82	83	84	85	86	89	99	
624	11	12	13	14	15	16	17	18	19	20	44	49	69	72	79	80	82	83	
625	14	17	18	19	20	21	23	74	
626	20	22	22	24	24	
627	22	
653	56	57	59	
654	42	46	50	52	54	55	56	59	
655	41	47	49	51	54	82	85	86	
656	11	14	17	19	20	42	45	49	68	72	79	81	82	84	85	
657	12	13	19	20	21	69	79	
658	20	21	22	24	25	28	
659	22	25	
660	23	
687	52	60	
688	18	51	61	82	85	
689	15	18	80	
690	22	24	80	
691	22	23	24	25	75	
723	74	
724	24	
1161	25	
1198	24	
1208	11	
1209	70	
1214	39	
1235	47	
1238	11	
1245	84	
1265	48	
1274	86	
1283	84	
1288	49	
1295	24	
1307	13	20	
1311	68	
1317	62	
1322	63	
1338	22	
1339	17	
1344	84	
1354	5	
1358	104	
1367	72	
1376	102	
1378	58	
1381	26	34	
1383	6	29	46	
1392	93	
1409	43	
1414	26	
1417	46	49	56	
1418	43	47	
1419	44	46	53	
1420	50	59	
1421	51	
1423	6	
1424	92	
1433	7	
1435	41	
1442	65	
1443	22	
1448	18	47	
1450	17	20	26	44	48	68	
1451	18	18	20	40	44	47	50	56	59	66	
1452	20	21	25	26	42	45	47	49	51	53	57	58	62	66	72	77	
1453	21	45	46	47	48	48	50	51	74	
1454	45	46	48	49	57	
1455	50	56	
1458	15	
1460	5	
1465	81	
1466	41	
1473	40	
1474	50	68	
1477	25	
1479	47	
1480	54	
1481	13	16	20	46	
1482	16	18	20	24	26	43	47	
1483	12	14	16	19	20	24	26	45	46	69	77	
1484	17	19	20	21	26	44	71	
1485	18	19	20	21	23	23	25	26	51	59	61	73	74	
1486	21	22	24	26	49	50	51	53	55	56	57	58	59	61	63	72	
1487	22	24	28	33	45	49	50	51	55	56	57	58	60	73	73	
1488	44	46	47	48	49	50	51	53	53	61	73	75	
1489	45	46	48	49	
1498	23	
1501	4	
1503	3	
1504	16	
1506	39	47	52	58	66	
1507	46	49	
1508	29	41	45	47	48	58	
1509	20	47	50	68	
1510	47	
1511	45	47	73	
1512	26	
1513	46	46	67	
1514	17	19	25	29	46	
1515	12	13	16	17	19	20	71	
1516	11	15	17	18	18	20	21	22	23	26	44	73	76	
1517	10	12	15	21	22	23	49	56	71	
1518	22	24	
1519	24	91	96	
1520	16	17	57	58	61	
1521	17	25	51	52	53	54	55	56	57	58	59	60	61	64	
1522	45	48	49	50	50	51	52	54	55	57	60	
1523	49	51	66	
1524	28	49	
1536	16	
1537	28	
1538	9	17	22	45	
1539	16	18	19	45	47	48	69	
1540	18	19	21	23	26	45	50	52	57	62	69	
1541	19	22	24	43	44	49	51	56	58	59	67	69	
1542	20	26	41	45	48	50	52	56	60	73	
1543	20	28	41	45	48	50	57	58	66	70	
1544	21	43	45	46	47	48	50	52	55	57	61	72	
1545	20	47	49	72	
1546	18	19	41	45	46	48	66	70	
1547	11	15	16	18	20	42	46	46	48	48	51	71	
1548	8	11	13	15	16	17	18	19	20	22	28	46	68	73	
1549	11	15	17	17	18	19	20	21	23	24	27	45	69	73	
1550	20	21	22	24	47	72	
1551	23	23	25	48	52	54	74	97	
1552	46	87	89	92	95	
1553	7	10	12	13	17	19	82	84	102	
1554	8	12	17	21	26	35	58	61	100	
1555	22	52	53	55	55	56	57	59	60	61	63	
1556	50	51	53	53	54	55	56	
1557	49	51	
1564	93	
1567	39	
1568	16	
1571	11	14	16	20	
1572	11	15	16	16	17	19	20	71	
1573	17	20	21	23	24	27	45	50	70	75	
1574	21	22	23	49	52	62	64	74	
1575	22	23	25	59	62	74	
1576	53	60	
1577	21	23	25	52	54	61	
1578	19	21	23	24	26	28	35	42	51	59	65	67	
1579	18	20	22	24	45	50	51	54	59	63	72	
1580	13	19	20	22	24	26	43	47	49	51	63	68	
1581	9	13	14	17	19	20	22	24	49	69	73	
1582	12	15	19	20	21	22	23	25	29	69	
1583	21	22	23	25	58	59	62	
1584	25	51	52	53	55	56	60	
1585	52	
1586	9	13	20	49	71	80	
1587	11	13	15	20	26	81	
1588	21	23	23	56	60	
1589	52	53	53	54	55	58	59	62	87	88	90	92	94	97	
1590	25	52	54	83	87	90	91	96	
1591	59	
1595	78	
1603	17	
1604	9	13	15	
1605	5	9	11	12	14	15	16	18	19	22	50	70	
1606	13	16	17	18	19	20	23	24	57	60	72	
1607	22	23	24	75	
1608	87	91	93	95	
1609	90	92	94	97	
1610	89	90	97	
1611	11	15	87	90	91	95	98	
1612	16	17	18	23	93	
1613	17	21	23	25	
1614	14	24	73	
1615	24	25	
1616	24	74	92	
1617	23	63	91	92	
1618	93	
1620	104	
1621	92	98	
1622	53	59	87	90	92	94	96	
1623	55	81	82	83	85	87	89	90	93	93	96	
1624	81	82	84	85	87	88	90	92	94	
1625	50	50	50	52	
1629	78	79	81	
1634	39	
1637	5	
1638	6	10	12	14	15	19	
1639	5	8	11	12	14	15	16	16	17	19	20	22	36	58	71	
1640	18	20	21	23	25	27	55	56	58	59	
1641	23	49	51	53	55	87	90	92	
1642	54	81	83	84	86	88	88	91	
1643	80	81	83	85	87	88	90	
1644	9	14	16	81	83	84	85	87	88	90	94	
1645	6	9	11	12	14	15	16	18	81	82	83	85	
1646	7	11	13	15	16	17	19	20	21	
1647	21	57	
1648	88	92	98	
1649	86	87	88	89	90	92	95	97	
1650	86	87	88	88	89	90	92	93	95	97	98	
1651	82	83	85	86	87	88	88	89	90	92	93	95	98	99	
1652	87	88	90	91	92	94	96	
1653	86	87	88	89	90	91	96	
1654	83	87	89	91	95	97	
1655	82	86	87	88	89	91	93	96	
1656	81	82	83	84	85	86	88	89	91	94	100	
1657	80	81	82	84	85	86	88	90	
1658	79	80	83	86	
1659	90	95	
1662	63	
1668	19	
1669	12	
1671	10	13	
1672	7	8	10	11	12	14	15	17	18	24	27	
1673	5	12	13	15	16	17	20	22	23	25	56	58	59	61	
1674	22	51	52	54	54	91	
1675	50	53	55	82	86	89	91	97	99	
1676	51	53	66	80	82	85	92	102	
1677	15	16	79	80	90	99	
1678	6	8	11	16	18	19	21	80	83	85	
1679	9	11	13	13	14	15	16	18	18	19	21	45	70	80	
1680	21	22	24	57	79	
1681	53	55	61	87	90	92	96	98	
1682	55	83	86	87	88	89	90	91	94	95	98	
1683	80	81	82	84	86	87	89	92	98	
1684	79	80	81	82	83	84	85	87	89	98	101	
1685	6	79	79	80	81	84	84	86	91	
1686	80	81	81	83	83	84	85	87	89	91	94	100	
1687	81	82	83	83	84	85	86	90	94	101	
1688	81	82	84	85	86	89	91	94	
1689	80	81	82	83	85	88	88	
1690	80	81	84	86	88	
1691	79	82	84	87	94	
1692	83	
1693	84	
1704	38	
1705	9	13	13	
1706	7	10	11	12	14	15	20	
1707	22	24	53	55	58	88	91	93	
1708	22	52	53	55	86	87	90	92	94	97	
1709	79	80	82	83	84	86	88	90	96	
1710	47	82	
1711	12	16	19	21	27	45	47	68	
1712	8	10	11	13	13	14	17	18	19	20	28	45	55	70	
1713	5	8	19	20	21	23	24	28	57	59	
1714	23	25	51	53	55	75	88	91	93	97	
1715	55	82	84	85	87	88	90	93	96	
1716	79	80	81	82	84	85	86	89	95	
1717	79	80	81	83	86	89	
1718	78	79	82	84	92	
1719	79	80	83	89	100	
1720	79	81	88	99	
1721	78	80	83	88	
1722	63	79	82	83	86	
1723	80	85	
1724	83	
1728	20	
1731	62	
1737	16	
1739	10	
1740	5	11	21	
1741	81	83	85	86	89	90	96	98	
1742	81	82	84	85	87	88	94	
1743	16	79	82	83	90	
1744	11	15	16	18	18	20	71	
1745	4	8	10	13	14	15	17	19	20	21	26	73	
1746	7	21	23	24	27	61	76	
1747	3	25	53	55	59	87	91	92	97	
1748	55	82	87	89	91	96	
1749	55	79	80	81	82	83	85	88	88	94	
1750	78	80	84	90	98	
1751	84	
1753	86	
1754	85	
1756	97	
1773	15	
1775	79	81	85	90	
1776	15	16	19	28	79	80	83	85	
1777	7	9	11	14	16	17	18	20	72	
1778	3	10	12	15	19	21	24	73	
1779	22	24	56	59	73	91	93	
1780	54	55	61	87	89	90	92	97	
1781	53	55	82	85	86	88	90	97	
1782	79	80	81	83	85	87	88	90	
1783	80	85	
1784	83	
1785	52	85	
1786	105	
1791	59	
1793	80	
1795	4	
1798	60	
1807	34	
1809	11	16	98	
1810	10	13	14	19	
1811	13	21	24	
1812	5	25	88	91	98	
1813	87	89	90	93	97	
1814	82	84	85	86	87	88	90	99	
1815	79	80	81	83	84	86	89	
1816	81	83	100	
1817	86	
1818	87	
1825	93	
1829	92	
1832	82	
1841	7	
1842	14	
1843	11	
1845	91	98	
1846	82	83	84	86	89	92	93	
1847	81	83	84	86	89	92	
1848	79	80	82	84	86	90	99	
1849	98	
1850	99	
1860	14	
1865	3	
1866	20	
1867	69	
1872	96	
1875	7	
1879	86	90	
1880	79	81	85	88	101	
1881	79	83	86	
1886	13	
1889	86	
1891	44	
1898	43	
1906	64	
1907	71	
1908	38	
1912	93	102	
1913	83	83	99	
1914	85	
1930	33	
1946	49	
1957	93	
1968	76	
1980	101	
1983	20	
1984	90	
1985	21	
1992	35	
1994	31	
2011	99	
2026	5	
2027	31	
2047	84	
2051	62	
2055	63	
2060	24	
2063	33	
2078	39	82	
2080	14	
2087	41	
2113	31	
2118	19	
2131	22	
2145	34	
2147	14	
2181	31	
2212	98	
2223	5	
2259	8	
2275	104	
