111	37	
152	89	
192	88	92	
193	85	86	87	89	90	93	97	
194	86	88	90	91	95	
195	86	87	91	
196	92	
225	88	90	93	95	
226	82	85	86	87	89	91	95	99	
227	9	80	81	83	84	85	86	89	95	
228	11	78	81	82	84	85	86	87	89	90	93	96	
229	13	78	81	83	84	85	86	88	89	90	94	96	
230	17	82	85	86	87	88	90	92	95	
231	17	19	86	
253	4	
256	57	
257	53	57	
258	53	55	86	87	90	93	
259	38	80	82	83	84	85	86	88	89	95	
260	18	37	47	77	79	80	81	83	84	85	88	95	
261	42	44	46	47	49	72	78	80	81	
262	6	46	71	77	79	80	83	99	
263	7	10	14	77	78	79	80	81	83	84	85	86	93	100	
264	8	10	11	12	14	15	76	77	79	80	81	83	84	86	89	96	99	
265	16	17	18	18	20	85	
283	87	
284	87	88	89	91	96	
285	83	87	88	89	91	95	98	
286	17	87	88	91	
287	88	
288	88	
290	53	56	92	
291	51	52	55	82	86	87	88	90	92	95	
292	35	54	81	82	84	85	86	87	88	90	92	95	
293	9	16	47	66	77	78	80	81	84	85	
294	12	14	15	16	18	19	20	44	51	52	53	55	56	57	59	60	71	78	80	
295	18	20	21	22	25	43	44	45	46	47	48	49	50	51	59	78	
296	23	44	45	46	48	49	50	
297	8	10	13	44	72	79	
298	5	7	10	11	12	12	13	14	15	15	16	18	20	77	79	81	83	
299	15	16	16	17	18	18	19	20	21	22	27	83	
300	22	
315	87	90	
316	86	87	88	89	90	93	95	
317	82	85	86	87	87	88	89	91	94	96	
318	78	80	81	82	83	85	85	86	87	89	90	91	94	95	
319	6	11	15	77	80	82	83	84	85	86	89	90	95	
320	16	80	81	83	85	86	87	88	89	90	92	94	96	
321	81	82	85	86	87	88	89	90	92	93	
322	85	86	87	89	91	93	94	97	
323	53	82	86	87	88	90	91	94	
324	51	83	86	87	89	90	96	
325	55	80	82	84	85	85	86	87	88	90	94	
326	9	18	29	79	80	82	83	84	85	98	
327	10	11	13	13	15	16	17	17	19	20	21	58	80	
328	21	22	24	24	52	53	55	56	57	61	
329	22	25	46	47	48	48	49	50	51	52	54	55	59	
330	45	46	49	87	
331	8	10	13	
332	3	5	7	10	11	12	14	14	15	16	16	17	18	19	20	26	69	
333	1	13	17	17	19	20	21	22	23	
334	21	23	
347	53	
348	51	56	
349	82	85	86	88	88	90	93	93	
350	77	80	81	83	83	84	85	86	87	89	90	95	
351	77	77	78	79	80	81	82	84	85	85	87	89	90	94	96	
352	42	46	77	78	79	81	82	83	84	85	88	95	
353	6	8	11	76	77	78	79	80	82	84	93	99	
354	12	77	79	80	81	82	84	85	86	90	
355	77	79	80	81	82	84	84	85	87	89	95	
356	77	78	80	81	82	83	83	84	85	86	87	88	90	92	95	98	
357	77	78	80	81	83	84	85	85	86	87	88	89	92	94	96	99	
358	54	78	80	81	82	84	85	86	87	88	89	90	93	96	
359	9	10	13	18	76	78	80	81	83	83	84	86	94	100	
360	7	10	11	12	14	14	15	16	17	17	18	19	20	68	78	80	
361	13	17	19	20	21	22	23	24	57	
362	47	52	53	55	56	
363	47	49	50	51	54	55	88	91	
364	50	82	85	87	89	94	
365	8	8	9	10	11	13	14	18	
366	5	10	12	13	14	15	16	17	17	18	19	20	20	21	24	25	27	69	
367	2	15	20	22	23	25	
380	53	56	
381	47	50	51	53	55	59	
382	46	48	50	52	86	88	89	91	95	
383	51	78	80	81	83	85	86	87	90	99	
384	40	77	79	80	81	84	85	86	89	95	99	
385	14	16	17	19	40	57	62	68	78	80	81	84	
386	16	17	18	18	19	33	35	43	44	46	47	48	51	56	57	59	79	
387	17	19	20	21	24	26	29	34	40	42	44	45	47	48	48	49	56	57	66	69	72	
388	22	41	44	44	46	47	48	49	70	72	78	79	
389	13	43	78	80	83	
390	77	79	80	82	84	86	
391	19	76	77	79	80	81	83	84	85	86	91	
392	19	77	79	80	81	83	84	86	88	93	
393	8	9	10	11	12	13	14	14	15	16	17	18	19	69	78	80	
394	5	6	12	13	15	16	17	17	19	20	20	21	23	25	
395	22	22	24	51	52	55	56	
396	51	52	54	55	60	91	
397	48	50	53	82	85	86	89	92	94	
398	10	14	16	18	43	64	79	81	84	
399	5	8	9	11	12	13	13	14	15	15	16	17	18	19	20	23	28	44	69	
400	5	19	20	21	22	24	25	
401	22	
413	57	
414	51	53	56	58	
415	47	50	51	52	54	55	56	87	90	93	
416	49	50	52	54	81	83	83	85	86	88	89	91	94	
417	77	78	80	81	83	85	87	90	93	100	
418	6	9	11	14	16	18	70	78	81	
419	6	11	12	14	15	16	16	17	17	18	19	20	21	24	26	34	44	64	69	71	78	
420	17	18	20	20	21	22	23	25	27	53	58	60	65	71	73	
421	20	21	22	24	35	45	48	50	50	51	52	53	54	55	56	57	59	61	
422	25	42	44	45	45	46	46	47	48	48	49	50	50	54	57	58	63	
423	4	44	44	45	46	47	48	49	
424	4	78	
425	78	80	91	
426	7	9	10	11	13	14	16	19	78	81	83	
427	5	6	8	10	11	12	14	15	15	16	19	21	23	25	27	
428	18	20	22	25	97	
429	55	88	91	98	
430	50	53	55	82	86	87	88	90	91	95	
431	8	10	80	81	84	85	87	89	
432	10	12	13	14	15	16	17	19	20	23	70	
433	5	8	12	17	18	19	20	21	22	24	25	26	
434	22	24	
436	56	57	
439	78	78	
447	56	58	59	
448	46	48	50	51	52	54	55	58	60	
449	47	49	50	51	53	53	54	84	86	89	92	
450	79	80	81	83	84	85	87	90	94	
451	9	16	79	80	83	86	
452	6	8	9	11	11	12	13	14	14	15	16	17	19	19	21	25	26	65	71	
453	12	15	16	17	18	19	20	21	22	23	23	25	27	
454	22	25	58	
455	51	52	53	53	54	55	56	57	60	
456	45	46	47	48	49	50	50	51	52	53	55	56	58	59	74	
457	45	47	49	52	74	
458	45	
459	15	
460	3	7	9	11	14	16	19	
461	7	11	12	14	15	19	87	
462	3	80	83	86	88	88	90	91	93	96	
463	55	77	80	82	83	84	85	86	87	89	90	94	96	
464	9	38	77	80	82	83	84	85	89	94	
465	6	9	10	11	14	15	16	17	18	69	78	80	83	
466	5	13	15	16	16	17	19	20	21	22	23	25	27	
467	21	22	
473	78	
480	56	58	
481	52	53	55	56	
482	42	45	46	47	48	48	49	50	51	52	54	55	58	
483	45	47	49	81	83	85	88	
484	78	78	80	81	83	84	86	88	
485	4	7	8	9	10	11	12	14	16	66	
486	6	10	12	13	13	15	15	16	16	17	18	18	19	20	21	23	27	30	73	
487	17	20	21	22	23	
488	57	
489	51	52	53	54	55	56	61	88	
490	47	50	50	52	53	53	54	58	86	87	90	93	97	
491	43	49	51	56	82	87	89	
492	42	48	66	
493	10	20	26	39	42	46	
494	12	21	28	39	46	72	
495	7	12	14	22	38	42	80	
496	17	19	38	46	76	78	79	82	84	99	
497	16	17	19	44	47	50	76	78	78	79	80	
498	7	9	10	11	13	14	15	16	17	18	19	20	21	26	44	69	73	78	79	
499	6	11	12	14	15	18	19	20	20	21	22	24	70	
500	20	21	22	23	24	73	
507	85	86	86	
514	56	58	
515	51	51	52	53	53	54	55	56	57	59	
516	42	44	45	46	47	47	48	49	50	50	51	54	55	59	
517	44	45	46	48	81	83	88	
518	9	14	80	86	101	
519	5	6	8	9	10	11	12	13	13	14	15	16	17	18	20	
520	12	13	15	16	17	17	19	20	20	21	23	24	28	70	
521	18	23	
522	53	57	
523	50	52	53	54	55	58	86	88	89	92	95	
524	49	50	55	81	83	84	85	86	87	88	90	95	
525	18	34	40	45	48	57	61	67	77	79	81	84	85	89	93	
526	16	17	17	19	20	21	26	28	41	43	44	45	46	48	51	54	57	59	62	70	
527	19	20	20	21	22	26	33	41	43	44	45	46	47	49	50	53	57	58	58	62	68	70	72	
528	19	20	21	23	25	26	33	34	37	41	43	43	44	44	46	47	48	49	50	56	59	68	71	
529	10	15	19	20	21	23	27	28	43	44	44	45	46	47	48	48	49	59	64	70	73	
530	8	11	13	15	19	20	21	23	23	25	28	38	44	47	49	61	64	67	69	72	78	
531	10	12	14	15	16	19	20	21	22	24	44	65	70	73	
532	12	14	18	20	21	22	23	23	24	26	71	
533	22	23	25	
534	24	
548	57	58	
549	47	48	50	51	52	53	54	54	55	56	57	58	59	60	
550	42	44	45	46	46	47	48	49	49	50	51	54	
551	41	43	45	46	
552	8	9	11	13	14	
553	3	7	10	11	12	14	14	15	17	18	
554	16	17	19	20	21	23	87	91	97	
555	52	57	86	87	89	91	
556	51	53	55	82	86	87	88	89	91	92	94	
557	53	77	80	81	83	83	85	86	87	89	90	95	
558	9	45	66	79	80	81	83	84	88	94	
559	11	11	12	13	15	15	16	16	17	18	19	23	44	70	79	
560	16	17	19	20	21	24	44	51	65	71	
561	22	23	24	34	50	55	62	
562	24	50	53	63	
563	15	22	24	52	
564	23	23	25	44	74	
565	22	24	25	
582	56	58	
583	48	50	51	52	53	54	55	55	56	57	60	62	
584	41	43	45	46	46	47	47	48	49	49	50	50	51	52	53	55	56	58	60	
585	39	42	44	45	46	46	48	48	49	50	
586	9	11	14	44	73	
587	3	5	7	9	11	12	13	14	15	
588	13	17	22	77	80	82	83	85	86	87	88	90	93	94	97	
589	53	78	80	81	82	83	84	84	85	86	88	90	91	93	95	99	
590	68	77	80	81	82	83	84	85	88	90	95	99	
591	11	16	18	43	47	79	80	81	84	
592	8	9	10	11	13	13	14	15	16	17	19	20	21	26	43	46	69	73	78	
593	12	14	17	20	21	21	23	24	25	26	
594	21	23	25	
595	23	
617	51	52	55	55	56	57	58	62	
618	48	49	49	50	51	51	52	52	53	54	55	56	57	58	59	60	
619	32	39	42	43	44	44	45	46	47	47	49	49	50	51	53	
620	31	38	42	44	45	46	47	48	63	
621	1	5	10	38	39	71	
622	13	21	76	77	78	79	80	82	84	
623	16	38	77	79	81	82	84	85	98	
624	7	10	11	13	15	16	17	19	20	26	43	66	69	79	80	83	
625	7	9	11	12	14	15	16	17	18	19	19	20	23	69	78	
626	4	13	18	19	20	21	22	24	28	72	
627	22	23	23	
651	53	55	58	
652	50	51	52	53	54	55	56	57	60	62	
653	32	37	43	45	47	48	49	50	51	52	53	54	55	56	56	58	59	61	
654	25	32	37	42	44	45	45	46	47	48	49	49	50	52	57	58	60	70	
655	4	23	25	32	42	43	43	44	44	45	46	47	48	50	58	61	69	
656	13	19	23	37	41	44	45	46	48	50	59	68	72	
657	7	10	11	14	16	19	19	20	21	23	24	26	43	44	48	65	68	71	78	
658	12	13	14	15	17	19	20	21	22	24	45	68	
659	21	22	23	24	25	28	
660	23	
686	53	55	
687	53	54	59	
688	50	52	55	59	63	
689	24	25	49	64	
690	14	24	25	32	45	64	
691	21	23	24	25	
692	5	12	22	24	25	73	
1162	41	
1165	40	
1182	38	
1200	18	
1205	100	
1207	93	
1211	11	
1215	36	
1227	26	
1235	101	
1262	16	
1268	40	
1269	26	
1278	19	
1281	5	
1288	50	
1308	91	
1309	9	
1315	46	
1317	38	58	
1320	10	
1321	69	
1322	68	
1339	92	
1340	54	58	
1342	58	
1343	18	23	
1347	17	43	
1348	13	16	16	20	26	48	49	67	
1349	20	30	42	43	47	57	58	
1350	30	39	45	46	49	71	
1351	43	44	47	49	71	
1356	69	
1357	1	
1362	88	
1366	31	
1374	9	
1379	21	
1380	11	19	
1381	12	13	16	18	20	27	34	42	66	72	
1382	17	18	19	21	35	45	48	49	61	70	
1383	17	20	21	23	24	44	45	49	51	54	57	58	61	69	
1384	20	22	24	26	30	33	39	42	44	45	47	48	49	52	55	56	58	60	66	70	
1385	21	23	40	43	44	45	46	47	49	50	60	72	
1386	44	46	48	48	71	
1387	45	
1405	38	
1413	13	17	
1414	10	13	14	16	18	19	21	
1415	6	9	11	12	14	15	17	18	18	19	20	23	24	26	70	
1416	15	17	21	22	25	26	
1417	23	25	55	57	87	88	90	
1418	16	20	24	50	52	54	56	57	59	63	91	
1419	24	28	33	36	43	44	47	47	49	50	51	52	53	55	56	58	58	62	
1420	44	45	46	47	48	49	49	51	55	61	73	
1421	44	46	48	51	
1432	37	
1437	17	46	
1438	16	45	61	
1439	38	43	46	71	
1440	17	20	40	45	46	53	60	68	
1441	21	42	44	47	48	60	
1442	23	39	48	50	57	
1443	23	43	71	
1444	46	
1445	38	42	
1446	16	21	67	
1447	7	10	12	14	16	18	19	26	29	41	
1448	6	8	11	12	13	15	17	18	19	20	21	24	71	
1449	20	22	23	51	88	92	
1450	83	85	86	87	89	90	95	
1451	7	8	9	11	14	78	81	82	84	85	87	92	94	99	
1452	13	15	16	19	56	57	58	78	81	85	89	97	100	
1453	17	18	19	21	47	51	52	52	54	55	57	
1454	45	46	48	49	50	54	57	
1455	50	53	
1459	70	
1461	86	
1470	17	22	
1471	16	19	38	40	47	
1472	17	18	20	43	45	47	69	
1473	12	14	16	19	21	26	40	40	46	56	70	
1474	16	18	19	20	22	29	35	36	41	44	46	47	49	51	54	56	58	58	61	68	73	
1475	20	21	23	24	41	44	45	46	47	48	48	50	53	58	60	67	70	73	
1476	25	26	37	41	43	45	46	47	49	56	73	
1477	21	28	42	44	45	46	47	49	52	53	58	63	68	69	
1478	19	22	24	38	41	44	46	48	48	72	
1479	10	14	20	28	44	64	66	
1480	9	11	14	16	19	20	26	39	43	67	71	
1481	10	12	16	17	18	19	20	21	23	48	57	72	
1482	21	22	25	47	50	52	55	69	
1483	53	83	86	87	89	91	95	
1484	77	79	80	81	83	84	85	86	89	94	
1485	3	6	10	13	15	28	79	81	84	
1486	6	8	11	12	13	14	15	16	17	18	18	19	21	52	53	57	80	84	84	
1487	18	21	23	50	51	52	53	54	55	56	81	
1488	48	49	51	85	86	87	89	91	96	
1489	48	53	82	
1491	67	
1503	26	
1504	12	14	
1505	14	16	17	18	19	20	22	24	27	42	60	70	
1506	11	14	17	18	19	20	22	24	26	45	47	63	65	70	
1507	12	15	18	19	21	22	23	27	44	53	70	
1508	20	22	23	25	28	51	53	55	57	59	61	65	71	
1509	22	24	33	45	50	51	55	57	60	88	92	
1510	22	45	50	52	53	57	58	60	88	
1511	21	23	25	30	35	41	43	45	48	50	51	55	57	59	
1512	21	23	24	29	40	42	44	45	47	49	50	60	63	68	69	
1513	9	21	23	23	40	43	45	47	49	62	66	74	
1514	3	10	13	14	15	18	18	20	21	24	26	44	48	56	71	
1515	21	22	23	23	25	47	50	50	51	53	54	55	57	58	70	
1516	46	49	52	86	88	89	90	94	
1517	79	81	84	87	90	
1518	10	13	16	30	78	80	
1519	6	9	11	14	15	16	19	20	26	67	
1520	12	13	15	17	19	20	21	24	26	52	53	54	55	57	61	
1521	22	48	49	50	51	54	55	87	88	91	93	
1522	49	53	81	83	85	87	89	92	
1523	80	
1525	15	89	
1532	100	
1536	13	
1537	9	15	
1538	6	10	11	13	14	15	16	18	19	
1539	12	13	13	15	16	17	18	18	19	20	22	23	25	27	72	
1540	17	21	22	24	27	
1541	22	87	91	93	
1542	83	86	88	89	90	93	95	
1543	82	83	85	85	86	87	89	90	94	97	
1544	82	83	86	87	89	90	93	95	97	
1545	16	17	25	51	55	60	90	
1546	18	25	30	74	
1547	23	23	25	45	56	73	74	
1548	22	24	41	46	47	51	52	55	57	60	
1549	45	47	48	49	51	52	53	55	92	
1550	48	51	81	82	85	87	92	
1551	81	84	
1552	7	10	11	11	14	16	20	
1553	8	12	13	14	15	16	17	18	19	20	21	23	27	57	
1554	50	52	53	53	54	55	93	
1555	49	52	55	56	82	83	84	86	86	88	89	90	95	
1556	78	79	81	83	85	87	89	98	
1557	59	83	88	99	
1558	86	
1567	36	
1570	14	
1571	8	9	11	13	15	17	19	
1572	7	9	11	12	14	14	15	16	17	18	18	19	20	24	28	69	
1573	13	15	17	19	20	21	23	24	
1574	22	49	51	53	55	91	
1575	83	85	85	86	87	88	90	92	95	
1576	76	77	78	81	82	84	85	87	92	93	
1577	14	75	76	78	78	79	80	82	84	86	90	94	
1578	8	10	11	12	14	15	76	77	78	79	79	80	82	84	85	87	90	96	
1579	8	12	13	15	16	16	17	19	20	27	81	85	89	94	
1580	17	18	19	21	27	57	
1581	51	52	53	56	57	59	
1582	33	42	46	47	48	49	50	51	53	54	55	57	61	
1583	41	44	45	47	48	48	49	
1584	29	43	43	46	79	
1585	11	13	16	18	29	38	65	67	70	
1586	8	10	11	14	15	16	18	20	22	23	56	66	72	
1587	4	20	21	23	27	47	50	52	57	
1588	22	51	53	55	86	88	90	96	
1589	77	80	81	84	85	91	96	
1590	80	83	86	
1591	80	
1593	60	60	61	61	
1595	11	
1604	9	11	14	16	
1605	6	9	11	12	14	14	15	16	17	18	19	22	25	27	89	
1606	12	13	15	16	17	18	18	20	21	24	53	56	57	69	
1607	22	23	24	47	48	50	50	51	54	55	56	59	
1608	44	49	55	85	86	87	89	91	95	
1609	48	53	76	77	79	80	81	82	84	85	87	90	
1610	78	79	80	83	85	87	
1611	10	14	82	
1612	5	6	9	10	12	12	14	15	16	19	81	81	
1613	8	10	11	12	13	14	15	16	16	17	18	19	20	21	23	69	77	78	80	83	
1614	17	17	20	22	58	
1615	51	52	55	57	61	
1616	35	45	47	48	50	52	53	53	55	56	58	62	
1617	35	42	43	44	45	47	48	49	55	58	62	68	
1618	26	42	44	46	47	62	73	
1619	8	11	14	20	22	25	27	45	56	58	68	72	
1620	5	8	23	24	51	52	54	56	58	71	71	
1621	22	45	50	53	53	57	86	87	90	92	94	
1622	77	79	81	84	85	88	88	93	95	
1623	79	81	83	87	
1624	94	
1626	55	55	
1629	82	83	83	
1635	64	
1637	10	15	
1638	7	9	11	12	13	14	
1639	7	10	11	12	14	15	16	17	18	18	19	20	21	26	
1640	17	17	19	20	21	23	23	25	48	52	53	55	56	58	
1641	9	45	46	47	49	50	51	53	53	55	56	58	92	
1642	45	49	52	79	81	82	83	85	86	88	89	91	94	
1643	79	82	85	90	
1644	46	81	
1645	10	14	16	
1646	7	9	11	12	13	14	15	16	17	19	20	21	26	71	80	
1647	1	7	11	12	15	17	18	18	19	19	20	22	24	26	70	
1648	18	22	23	87	
1649	87	88	90	92	
1650	52	53	55	87	90	91	93	97	
1651	55	61	87	88	
1653	53	55	87	90	92	
1654	25	51	52	54	58	83	87	88	89	90	96	
1655	81	82	84	85	86	89	92	95	
1656	80	81	84	86	
1659	65	
1663	85	
1669	12	
1671	9	14	
1672	7	8	9	10	11	12	13	14	15	16	19	
1673	11	12	13	15	15	16	16	17	18	19	20	21	22	24	53	56	57	88	
1674	22	23	25	47	48	50	51	52	53	54	55	56	60	
1675	44	46	48	49	50	52	54	
1676	44	76	78	80	82	84	90	
1678	13	14	18	20	
1679	11	14	17	19	41	67	68	
1680	3	8	10	11	12	13	14	15	16	18	19	20	21	23	23	
1681	21	22	24	88	
1682	82	86	87	88	89	90	92	93	95	
1683	81	81	82	85	86	87	88	88	89	90	94	97	
1684	77	78	78	80	81	82	82	84	85	86	87	88	89	90	95	98	
1685	81	81	82	85	85	86	87	88	90	93	95	
1686	54	81	82	83	85	86	87	88	88	89	91	93	95	97	
1687	54	78	81	82	84	85	86	87	88	91	94	96	
1688	53	76	77	80	81	82	84	85	86	89	93	94	
1689	78	78	79	81	83	83	85	91	
1690	79	87	
1695	77	
1697	9	93	
1705	10	
1706	4	7	8	9	10	11	13	13	14	15	16	19	25	
1707	12	14	15	16	16	17	18	18	19	20	21	23	52	53	55	56	57	60	
1708	17	19	21	22	35	42	47	47	49	50	50	51	52	54	55	56	57	58	62	
1709	39	42	44	45	46	47	48	49	51	55	56	
1710	39	44	46	48	50	
1711	15	19	27	40	43	48	70	
1712	10	11	14	15	17	19	20	26	28	43	68	69	
1713	7	11	12	15	17	18	19	20	21	22	23	25	
1714	22	23	25	51	52	56	92	
1715	86	87	89	90	93	96	
1716	76	78	79	80	82	84	85	86	88	90	98	
1717	24	76	77	78	79	80	81	82	83	85	89	93	95	
1718	76	77	78	79	80	82	83	85	88	92	95	
1719	76	77	78	79	80	81	82	83	85	88	95	99	
1720	77	78	79	79	80	81	84	85	95	
1721	76	78	79	80	81	83	85	90	
1722	79	84	89	
1723	81	
1725	40	
1731	93	93	95	
1736	88	
1739	8	11	19	
1740	4	5	9	10	11	13	14	15	
1741	6	8	12	13	15	16	18	19	23	24	53	55	57	77	80	85	88	90	93	97	
1742	16	17	18	19	21	48	50	51	51	53	54	54	56	57	59	60	87	89	97	
1743	31	47	49	50	57	58	60	64	68	
1744	24	30	40	43	45	46	48	49	60	63	73	
1745	11	15	19	24	43	45	56	64	70	
1746	10	13	15	22	24	27	45	69	
1747	25	52	54	55	57	87	91	
1748	51	53	87	89	90	94	
1749	59	76	77	80	81	82	83	84	86	88	94	
1750	79	81	83	86	88	
1751	79	85	
1752	80	
1753	79	97	
1754	79	82	83	
1755	82	
1756	79	85	
1758	89	
1762	31	
1769	15	
1772	14	16	
1773	14	
1774	5	6	9	11	13	15	
1775	6	9	10	12	14	15	16	19	77	79	84	87	92	
1776	13	15	16	17	19	21	77	78	79	82	84	86	87	88	93	96	
1777	18	54	87	88	90	92	
1778	54	65	91	
1779	25	52	56	59	88	93	
1780	52	53	55	86	87	89	90	93	96	
1781	52	53	58	82	84	85	87	89	92	94	
1782	77	79	80	82	83	84	86	88	90	93	99	
1783	79	81	84	91	91	94	
1784	78	
1785	98	
1789	78	
1793	98	
1808	9	14	21	
1809	9	10	12	14	83	84	
1810	7	11	13	14	16	79	81	84	86	89	92	93	96	
1811	13	77	80	81	82	84	85	86	87	89	90	94	96	99	
1812	82	82	85	85	86	87	88	88	89	90	91	93	95	97	
1813	54	82	83	85	86	87	88	89	90	91	94	96	
1814	53	78	82	84	85	85	86	88	89	91	98	99	
1815	78	80	81	82	84	85	100	
1816	78	80	86	96	
1817	80	
1819	59	
1823	66	
1824	102	
1843	5	11	
1844	11	78	79	81	83	88	91	
1845	77	78	78	79	80	82	83	84	85	87	89	94	
1846	76	77	79	79	80	81	82	83	84	86	90	95	
1847	76	77	80	81	83	84	85	89	91	96	
1848	77	79	80	82	83	85	88	
1849	78	81	85	
1850	79	83	93	
1852	91	
1865	62	
1871	73	
1877	4	6	
1879	79	87	
1880	79	87	
1881	78	85	88	
1882	80	85	
1901	87	
1910	16	
1911	22	
1912	8	93	
1914	84	
1926	28	40	
1930	19	
1940	101	
1964	54	
1974	55	
1982	18	39	
1985	23	
1992	64	
2012	46	
2025	64	
2031	50	
2049	14	
2093	53	
2094	89	
2109	7	
2120	38	
2124	103	
2126	100	
2131	52	
2135	22	29	
2154	6	
2166	96	
2183	8	
2203	18	
2227	97	
2239	19	
2249	10	
2253	10	
2272	14	
