111	36	
118	84	
217	14	
226	93	
227	92	
228	88	
258	86	87	92	
259	86	87	90	92	95	
260	82	86	87	88	90	91	92	96	
261	82	85	86	86	87	89	90	91	96	
262	83	85	86	88	89	90	92	95	
263	16	87	90	93	97	
284	92	
290	92	
291	82	85	86	88	89	90	92	94	97	
292	37	81	82	84	86	86	88	88	89	91	95	
293	80	81	82	83	84	85	86	88	90	95	
294	77	79	80	81	82	83	84	86	89	94	
295	10	78	80	80	81	82	83	84	85	86	88	90	94	
296	9	12	14	80	81	82	83	84	85	86	87	89	90	92	95	
297	12	19	81	82	84	86	87	88	89	91	92	96	
298	16	19	83	87	89	92	97	
299	17	
316	87	88	91	
317	83	86	87	89	90	92	97	
318	82	83	86	87	87	88	89	90	92	96	
319	82	85	87	88	89	91	93	96	
320	86	87	88	90	91	95	
321	83	86	87	88	90	91	95	
322	91	
323	58	87	92	
324	53	82	83	85	86	87	88	90	92	96	
325	54	78	80	81	82	84	84	86	87	89	92	95	
326	16	42	57	79	80	81	83	84	98	
327	16	17	43	44	47	49	56	59	71	78	79	81	
328	21	27	32	41	44	45	46	46	47	48	49	71	78	
329	44	79	80	83	
330	5	6	9	11	14	78	78	79	80	81	84	99	
331	7	10	11	12	14	15	19	79	80	81	82	83	84	85	88	89	95	
332	8	11	13	14	16	17	80	82	85	88	95	
333	16	17	18	20	
347	57	
348	86	88	90	92	96	
349	83	86	87	89	91	95	
350	80	82	83	84	85	86	87	89	91	94	97	
351	77	80	81	82	83	84	85	86	88	89	95	
352	77	80	81	82	84	85	86	89	94	100	
353	78	80	81	82	83	84	85	89	96	
354	11	78	80	81	82	83	83	84	85	86	88	89	91	93	96	
355	81	82	84	85	86	87	89	91	95	98	
356	55	56	82	84	85	86	88	88	89	91	92	93	96	
357	55	81	82	83	84	85	86	87	88	89	91	95	99	
358	54	79	80	81	82	84	85	87	88	88	89	92	97	
359	9	13	77	79	80	81	84	91	99	
360	7	11	12	14	15	16	17	18	18	19	57	79	81	
361	13	17	20	21	23	24	51	51	52	54	55	56	57	58	60	
362	21	23	25	43	45	46	47	47	49	50	50	51	52	53	55	59	63	
363	4	40	44	45	46	48	48	
364	10	14	86	
365	4	7	9	10	11	13	14	18	78	79	80	88	
366	5	7	8	11	12	12	14	14	15	16	17	18	19	20	27	69	79	81	
367	16	17	18	19	20	21	22	
379	56	
381	52	86	90	
382	54	81	82	85	86	87	89	90	95	
383	41	55	66	78	79	80	81	83	84	85	86	88	90	93	98	
384	18	41	47	57	78	78	79	81	84	
385	17	18	20	41	44	46	47	49	56	57	59	67	69	72	78	79	80	
386	20	29	38	41	43	44	46	47	48	48	57	72	78	80	
387	8	21	41	43	44	46	47	47	49	56	68	72	78	80	84	
388	9	26	40	44	46	71	77	79	79	84	
389	11	78	79	80	82	83	84	
390	54	79	80	81	82	83	84	85	86	89	91	96	
391	54	78	78	79	80	81	82	84	85	86	88	88	91	95	99	
392	9	13	78	78	79	80	82	84	85	98	
393	7	9	10	11	12	14	14	16	19	78	86	89	
394	4	7	12	13	14	15	16	17	18	19	21	25	92	
395	21	23	25	34	51	52	52	54	55	57	59	87	91	
396	47	48	50	51	52	53	54	56	59	87	91	97	
397	41	47	49	66	
398	8	14	18	28	41	68	
399	3	6	10	11	12	12	13	14	15	16	17	18	19	
400	4	8	11	12	13	15	15	16	17	18	19	19	20	21	22	23	24	72	
401	18	21	22	
413	53	57	58	
414	46	50	52	55	56	
415	46	49	51	54	81	85	86	88	92	94	
416	9	77	79	80	81	82	83	85	86	88	91	94	100	
417	10	11	15	16	19	68	77	79	80	
418	8	12	13	14	15	16	17	17	18	19	20	44	63	
419	17	19	20	21	23	23	25	27	45	50	52	57	60	
420	22	24	25	27	30	50	51	53	54	56	58	59	61	
421	22	24	25	44	47	48	49	50	51	52	54	56	57	57	59	60	63	
422	23	27	32	42	43	44	45	46	47	48	48	49	50	51	59	
423	41	43	44	45	46	47	48	49	50	
424	45	48	78	79	80	84	
425	53	78	79	81	83	
426	8	13	36	80	84	
427	5	6	9	11	14	
428	7	10	12	13	15	17	20	46	82	88	
429	17	35	47	55	78	81	82	86	89	96	98	
430	41	47	50	51	54	59	81	82	85	88	
431	37	39	43	44	45	46	49	66	68	
432	8	8	10	12	13	14	16	18	18	19	27	45	46	65	66	69	
433	6	11	12	14	15	16	17	18	19	20	21	22	23	25	26	70	
434	2	17	20	21	22	24	
435	22	23	
437	61	61	62	
446	53	56	
447	52	53	54	55	56	57	58	
448	46	47	49	50	51	52	53	54	55	58	
449	49	50	81	83	84	86	89	101	
450	9	10	11	14	78	80	83	
451	7	9	11	12	13	14	14	15	15	16	17	18	19	20	23	26	68	72	78	
452	13	15	16	17	19	20	21	22	24	25	
453	23	
455	51	52	53	55	56	57	58	59	62	
456	47	49	50	51	51	52	53	54	55	56	57	59	60	
457	41	44	45	46	47	48	49	49	50	52	53	61	74	
458	44	45	48	
459	10	41	
460	12	14	16	17	19	29	42	48	68	
461	10	15	16	16	17	18	18	19	21	26	36	39	42	44	45	46	48	64	67	68	72	
462	3	12	14	17	19	20	21	22	24	26	42	44	47	49	58	66	71	79	
463	11	15	16	18	19	20	21	22	27	42	44	46	48	48	60	71	79	
464	12	15	16	18	20	21	26	28	45	51	62	70	81	
465	12	14	15	19	20	24	44	50	69	
466	8	15	21	22	24	25	26	
467	2	21	23	24	
468	23	25	
480	56	57	
481	47	51	52	53	54	55	59	
482	45	46	46	48	48	49	50	51	54	82	
483	8	45	68	80	82	84	87	88	96	
484	5	6	8	10	11	12	13	13	14	14	15	
485	12	15	16	16	17	18	18	19	20	21	24	
486	17	21	22	
489	56	57	
490	47	50	51	52	52	53	54	55	55	58	59	60	
491	43	45	46	48	49	49	50	51	53	54	
492	45	49	
493	7	8	10	11	13	14	15	19	65	
494	12	14	15	16	16	17	18	19	19	20	22	24	65	68	
495	18	19	20	21	22	23	23	25	44	
496	15	22	23	24	26	45	49	
497	22	23	24	25	
498	24	
499	23	25	
500	23	74	
514	53	55	56	57	57	
515	35	47	50	51	52	52	53	53	54	55	56	59	
516	43	44	45	46	47	48	49	49	50	
517	9	10	13	79	86	
518	3	6	8	10	11	12	12	13	14	15	15	16	18	19	70	
519	13	17	17	19	20	21	22	24	
520	23	
523	52	53	55	56	57	58	
524	46	47	49	50	51	51	52	54	55	55	57	59	
525	45	46	48	49	50	53	81	84	86	88	
526	9	45	48	81	90	97	
527	6	8	9	10	11	12	13	14	15	15	16	17	19	26	70	
528	13	16	16	17	17	18	18	19	20	20	24	26	
529	20	21	23	25	
548	52	56	57	58	62	
549	34	38	43	48	50	50	51	52	53	53	54	55	56	58	59	62	63	
550	37	42	44	45	46	46	47	48	49	49	
551	8	10	11	44	
552	1	4	7	10	11	12	13	14	15	16	96	
553	13	15	16	18	18	20	23	87	90	97	
554	17	23	
556	56	58	
557	51	52	55	56	57	60	
558	45	47	48	49	50	51	52	53	54	55	56	60	87	
559	44	46	48	49	81	83	84	86	89	94	
560	8	9	10	14	67	78	82	83	91	
561	7	10	11	12	12	13	14	14	15	16	17	18	72	
562	16	17	17	20	21	21	23	23	
563	22	
582	57	
583	48	50	51	52	53	54	55	55	56	57	58	58	60	61	
584	31	37	41	45	46	46	47	48	49	49	50	50	51	
585	4	9	36	42	43	44	45	46	47	48	49	
586	5	7	9	10	12	13	14	24	69	
587	7	11	12	14	15	20	68	78	80	84	88	96	
588	13	15	17	18	19	22	82	91	
589	18	
590	53	56	57	59	
591	47	50	51	52	53	54	55	56	57	59	
592	45	47	48	48	49	50	52	54	63	86	91	
593	50	80	81	83	85	86	89	94	
594	6	8	10	11	12	13	80	
595	7	10	11	12	13	14	15	15	16	17	17	18	19	19	25	71	
596	17	18	20	20	22	23	25	26	
606	13	
607	13	13	
617	52	53	55	57	60	
618	50	51	51	52	54	55	57	58	60	
619	30	33	43	44	45	47	49	50	51	53	59	66	
620	5	8	25	31	32	32	41	44	45	46	48	
621	9	11	14	15	19	23	23	41	66	71	79	
622	13	15	16	19	21	79	
623	21	
624	52	55	56	57	60	
625	47	49	50	51	52	53	53	54	55	57	60	
626	45	46	48	48	49	50	52	81	85	86	88	88	90	101	
627	9	10	79	81	86	90	
628	7	10	11	12	12	14	14	15	16	19	27	70	
629	12	13	15	16	17	17	18	19	20	20	22	23	25	
630	17	21	22	
652	52	55	
653	51	54	59	
654	23	50	65	
655	5	15	23	25	45	
656	24	
657	56	58	
658	51	52	54	55	56	58	61	
659	42	46	47	48	49	50	51	52	53	54	55	
660	49	50	80	81	83	85	86	94	100	
661	4	8	9	10	13	66	80	85	
662	5	7	9	11	11	12	12	13	14	14	15	16	17	18	19	20	70	
663	13	15	17	18	19	20	20	21	22	23	25	
689	4	
691	57	58	
692	47	50	51	52	53	53	55	55	56	59	
693	44	45	46	47	48	48	49	50	51	51	53	55	95	
694	8	30	43	45	46	68	80	82	83	96	
695	4	6	9	10	11	12	13	14	19	
696	5	6	11	12	13	13	14	15	16	16	17	18	18	19	20	20	21	23	24	71	
697	19	20	21	22	23	
725	53	56	57	
726	35	50	51	51	52	53	54	54	55	56	58	60	
727	43	44	45	46	47	48	48	49	50	51	63	86	
728	9	10	14	81	89	
729	6	7	10	11	12	12	13	14	15	15	16	17	18	69	
730	1	12	15	16	17	17	19	20	21	21	23	24	
731	22	23	
759	53	56	57	58	
760	48	50	51	52	53	54	55	55	56	59	
761	33	40	42	43	45	46	46	47	48	49	50	51	100	
762	9	10	11	14	44	68	
763	7	10	11	12	13	14	15	18	19	24	
764	3	16	17	19	20	21	22	24	
793	52	58	61	
794	50	51	52	54	55	59	62	
795	32	43	44	47	49	50	
796	5	11	15	45	63	68	
797	5	8	11	12	14	15	19	22	24	27	
798	20	21	23	
828	51	55	
829	64	
830	5	75	
831	23	24	
1159	25	85	
1170	101	
1176	11	
1182	4	
1187	64	
1205	17	
1210	13	
1215	1	
1230	64	
1251	97	
1264	45	
1268	42	
1272	51	
1307	15	
1309	22	
1312	28	
1313	11	31	
1314	41	
1338	24	
1339	16	39	
1342	93	
1343	22	
1349	49	
1350	13	101	
1352	11	
1354	56	
1367	64	
1375	56	
1381	46	53	
1382	53	
1384	46	80	
1393	97	102	
1395	8	
1408	23	
1412	46	
1413	18	
1414	16	18	41	46	49	
1415	16	18	20	35	37	39	43	47	49	59	71	
1416	16	19	21	26	35	38	42	45	46	48	49	59	69	
1417	19	22	25	43	45	46	48	50	58	73	
1418	38	47	53	69	
1419	26	44	47	48	
1424	68	
1426	87	
1437	36	
1441	47	57	
1443	16	80	
1445	17	
1446	13	16	19	36	43	46	
1447	13	17	19	25	29	42	46	71	
1448	14	16	17	18	20	23	47	62	68	
1449	17	19	21	24	26	44	50	54	59	63	70	
1450	18	19	20	22	26	45	49	50	53	55	56	58	59	61	93	
1451	19	20	22	23	25	26	41	43	45	49	50	51	55	57	60	68	
1452	21	23	24	27	40	42	44	45	46	47	48	50	51	53	54	59	70	
1453	22	28	29	42	44	45	46	47	48	49	51	55	60	70	
1454	45	47	49	
1459	70	82	
1465	7	
1469	24	
1470	40	51	
1471	40	46	
1472	17	19	36	41	47	68	
1473	16	18	24	41	45	47	51	56	61	67	72	92	
1474	19	26	38	39	45	46	48	49	58	62	
1475	22	43	46	47	58	67	
1476	20	26	39	43	46	48	50	
1477	22	26	36	44	47	62	
1478	22	44	46	
1479	11	13	19	38	44	67	73	
1480	11	14	16	17	19	21	24	65	67	71	73	
1481	13	13	15	17	18	19	20	21	23	25	26	43	47	72	
1482	14	18	22	25	
1483	15	24	87	89	91	95	
1484	82	86	87	89	90	93	96	
1485	16	17	19	24	33	51	52	54	55	57	59	60	96	
1486	17	24	35	43	48	49	49	50	51	52	54	55	57	59	60	63	
1487	40	44	45	46	47	48	49	50	51	55	56	58	
1488	43	45	46	48	49	50	52	54	
1489	48	
1493	102	
1502	38	
1503	47	
1504	10	13	16	18	20	38	45	
1505	10	14	17	19	21	24	40	46	51	69	
1506	15	16	18	19	20	25	29	44	49	60	64	68	
1507	17	18	20	22	23	45	49	51	56	59	93	
1508	20	21	23	45	51	54	58	58	61	65	92	
1509	20	22	25	28	43	45	49	50	54	57	61	72	92	
1510	21	23	26	35	43	43	45	47	48	48	49	51	58	62	72	74	
1511	19	21	23	26	41	44	45	47	49	50	61	
1512	13	19	22	24	26	41	44	47	48	72	
1513	8	10	12	14	15	19	21	25	44	70	
1514	12	15	16	17	18	19	20	21	22	24	43	48	56	59	69	
1515	21	22	23	24	27	46	48	49	51	54	56	58	
1516	46	95	
1517	9	81	83	85	88	94	99	
1518	7	9	10	11	13	13	14	18	79	80	82	83	88	
1519	15	16	17	19	20	21	81	88	94	
1520	18	21	51	52	53	54	55	56	56	57	60	62	
1521	47	48	49	50	51	52	53	53	54	55	58	59	93	
1522	45	49	50	92	
1523	57	
1528	7	
1537	9	12	15	16	18	
1538	9	13	13	16	17	19	21	23	40	44	46	70	
1539	11	14	14	15	17	18	19	21	23	25	69	
1540	22	24	87	91	92	
1541	23	82	86	87	88	89	90	91	96	
1542	24	82	83	86	87	88	90	92	95	
1543	53	55	82	83	86	86	87	89	90	92	96	
1544	24	35	52	55	60	64	86	87	90	92	96	
1545	18	22	23	35	49	51	63	64	73	91	
1546	10	21	23	45	73	
1547	12	14	15	19	20	22	24	25	44	57	
1548	20	21	22	23	24	52	53	55	56	57	59	60	
1549	22	43	45	46	47	49	49	50	51	53	54	58	
1550	41	44	46	48	48	49	67	84	
1551	11	41	45	46	79	83	
1552	5	8	8	10	11	12	13	14	15	17	19	79	
1553	12	15	16	17	18	19	20	24	26	56	58	78	
1554	22	51	52	53	55	56	57	87	91	93	
1555	50	51	52	54	55	58	61	82	86	87	88	88	90	91	96	
1556	54	78	82	85	87	88	91	
1559	84	
1560	86	
1570	10	13	14	18	
1571	7	11	12	14	15	16	17	19	21	57	
1572	13	15	16	17	18	18	19	20	22	24	26	59	
1573	21	22	25	48	51	58	75	87	91	
1574	81	83	84	85	87	89	96	100	
1575	77	81	82	83	84	86	
1576	6	9	77	78	80	81	82	84	99	
1577	10	14	77	77	79	80	83	84	89	
1578	7	10	12	14	77	80	81	82	84	86	87	89	91	97	99	
1579	11	12	15	16	82	85	86	89	90	92	93	97	
1580	16	17	18	18	20	25	
1581	24	
1582	35	51	52	54	55	57	60	63	
1583	49	50	51	53	55	59	88	91	92	
1584	44	45	48	49	58	
1585	9	24	65	
1586	5	10	12	13	15	24	93	
1587	15	22	23	57	87	90	91	96	
1588	51	53	53	55	57	81	82	83	85	86	86	88	88	90	91	95	
1589	51	78	81	83	84	84	85	89	90	94	
1590	79	81	84	86	91	
1593	60	
1594	18	
1603	12	14	
1604	7	9	10	11	13	15	16	19	
1605	7	11	12	14	15	16	17	19	20	21	56	69	
1606	17	18	20	23	23	46	48	49	50	51	53	53	54	55	59	92	
1607	47	51	82	85	87	88	92	95	101	
1608	79	80	81	84	
1609	78	80	84	101	
1610	79	85	
1611	10	38	79	89	
1612	10	13	13	78	79	84	
1613	6	8	9	10	11	12	13	14	15	18	19	77	79	80	81	83	91	
1614	12	15	16	17	18	19	20	21	71	89	
1616	55	86	87	89	90	92	96	
1617	54	55	81	81	82	83	85	86	87	88	89	91	95	97	
1618	82	86	87	88	90	91	94	97	
1619	82	82	86	87	90	93	95	
1620	83	85	86	90	93	96	
1621	78	80	81	82	84	85	87	88	90	
1622	77	78	79	80	81	83	84	85	88	90	98	
1623	78	79	81	83	84	86	
1624	78	82	86	
1625	52	52	52	
1626	27	
1634	42	
1637	10	13	
1638	7	10	11	12	14	14	16	18	56	58	
1639	13	15	16	17	17	18	19	20	21	26	51	52	53	54	55	56	59	
1640	21	23	44	47	49	50	51	52	54	55	59	86	90	
1641	50	77	80	82	84	85	89	
1642	79	84	100	
1643	93	99	
1644	82	
1646	6	9	11	13	15	21	83	94	
1647	7	9	10	11	12	14	14	15	16	17	19	57	79	83	
1648	8	13	15	16	17	18	19	19	20	22	23	52	58	60	71	
1649	47	49	50	51	54	
1650	49	78	81	82	84	85	86	88	89	91	94	97	
1651	76	77	79	80	80	82	83	84	88	92	94	
1652	77	78	79	80	81	82	83	85	89	90	96	101	
1653	77	79	80	82	84	88	99	
1654	79	80	82	84	87	89	
1655	79	81	99	
1656	78	80	87	
1657	80	90	
1667	8	
1669	23	
1671	10	14	
1672	5	6	8	10	11	11	12	13	14	14	16	18	18	25	56	57	61	
1673	12	15	16	17	17	20	21	22	24	42	47	50	51	51	53	53	55	56	58	70	
1674	44	45	46	48	49	50	52	101	
1675	43	48	79	81	85	
1677	54	78	93	
1678	3	
1679	14	
1680	8	11	14	19	75	
1681	4	6	9	10	12	13	14	14	15	16	17	18	20	24	27	56	57	58	68	
1682	15	17	17	20	21	22	23	25	26	47	48	50	51	52	53	53	54	55	71	
1683	22	43	45	46	47	49	50	53	54	56	59	82	85	87	89	93	
1684	48	49	78	79	80	81	83	83	85	87	91	96	
1685	79	88	
1686	79	88	
1687	79	
1688	78	81	
1689	81	
1690	84	
1691	85	
1703	23	
1705	8	9	13	65	
1706	7	10	11	12	13	14	15	16	19	52	55	56	57	63	
1707	16	17	18	18	19	21	22	25	47	48	50	50	51	52	53	54	57	59	61	88	90	91	
1708	22	32	38	42	44	45	46	47	49	49	49	51	57	62	
1709	41	44	46	48	49	56	
1710	1	57	
1712	30	
1713	10	14	
1714	7	9	11	12	13	21	67	
1715	7	11	12	14	15	16	17	18	18	20	53	56	57	58	60	
1716	17	18	20	21	22	46	47	47	50	51	52	54	54	55	
1717	44	48	49	52	53	60	82	85	87	91	94	
1718	48	58	80	83	
1719	83	
1721	91	
1724	84	
1739	8	11	17	
1740	5	6	9	10	11	12	13	15	19	
1741	12	16	21	52	53	53	54	55	56	57	81	82	84	85	87	89	90	92	95	99	
1742	18	48	49	50	51	54	57	59	62	87	89	91	96	
1743	49	59	
1744	44	46	48	58	
1746	1	14	
1747	10	13	21	
1748	7	9	10	11	12	14	14	16	17	18	20	23	68	71	
1749	7	12	13	15	16	17	18	19	20	21	25	52	53	55	56	58	60	
1750	21	22	46	48	50	51	52	54	55	58	62	
1751	45	50	53	77	80	82	84	85	87	89	96	
1752	51	82	89	
1753	95	
1759	28	
1764	12	
1765	100	100	100	
1773	10	
1774	10	14	22	84	
1775	7	12	14	78	79	81	84	86	89	99	
1776	52	54	55	78	80	82	84	85	87	88	90	94	
1777	52	54	82	86	87	90	92	95	
1779	54	
1780	9	75	94	
1781	9	12	13	15	17	68	
1782	2	4	8	10	11	12	14	15	17	18	20	25	56	57	
1783	16	17	18	18	19	20	21	24	48	50	51	52	55	57	
1784	21	22	45	47	49	50	52	53	55	83	86	88	89	
1785	49	55	77	79	81	82	83	85	89	95	
1786	100	
1795	11	
1796	20	
1802	74	
1808	14	
1809	79	84	
1810	79	80	84	89	94	
1811	78	79	80	82	84	86	
1812	80	86	
1813	10	
1815	8	8	10	11	12	14	15	18	22	
1816	2	5	6	12	13	13	14	15	16	17	17	18	19	20	22	25	55	56	57	59	71	
1817	17	20	21	23	25	47	50	50	51	52	53	53	54	55	59	
1818	45	46	49	51	55	81	83	84	86	90	93	99	
1819	54	80	83	85	91	
1827	102	
1828	43	
1838	82	
1843	11	
1844	56	81	85	
1845	79	84	
1846	82	85	94	
1847	10	85	
1848	8	10	24	
1849	4	6	6	7	7	9	10	11	12	13	14	15	17	18	23	56	57	68	
1850	13	16	17	18	19	20	25	52	53	55	56	57	60	
1851	18	21	23	46	48	48	49	50	51	53	54	55	61	89	
1852	50	77	79	81	82	84	86	88	89	91	95	99	
1853	82	
1855	61	
1857	87	
1865	69	
1867	63	
1878	13	
1882	10	14	
1883	6	8	9	10	11	12	13	14	15	16	18	19	24	56	57	58	
1884	12	15	16	16	17	18	20	21	25	47	48	50	51	52	53	55	56	59	
1885	22	44	48	48	49	51	55	86	88	95	101	
1886	78	79	80	83	86	
1888	84	
1892	61	
1898	97	
1902	78	
1907	69	
1916	9	12	15	18	
1917	7	9	10	11	12	13	14	15	25	53	57	
1918	16	18	21	25	50	50	51	54	55	57	87	91	93	96	
1919	49	50	55	82	83	85	86	88	88	90	93	
1920	80	83	
1921	83	
1934	17	
1937	67	
1950	8	11	13	
1951	4	11	15	55	
1952	52	80	82	84	86	87	89	91	98	
1953	79	80	82	83	85	87	90	94	
1954	81	85	
1972	81	
1973	47	
1978	99	
1979	15	
1985	81	
1986	80	82	83	86	90	
1987	38	78	80	83	87	
1991	30	
1994	38	
2012	8	
2015	82	99	
2019	10	
2020	78	
2022	85	
2049	11	93	
2054	84	
2055	87	
2062	51	
2076	76	
2077	54	
2085	25	100	
2086	85	
2088	8	
2111	9	
2112	28	
2119	98	
2144	26	
2158	101	
2159	13	
2203	2	
2207	1	
2217	18	
2218	8	18	
2301	3	
2302	4	
