148	84	
191	93	
193	92	
207	28	30	
220	98	
223	92	
224	92	
225	86	87	89	91	93	96	
226	82	86	87	88	89	90	92	93	96	
227	83	86	87	88	88	89	90	92	95	
228	87	87	90	91	96	
229	17	88	93	
254	57	
256	57	88	91	
257	56	87	88	88	90	91	96	
258	81	82	85	86	86	87	89	90	91	93	95	
259	80	81	82	83	84	85	86	87	88	90	91	95	
260	14	46	47	80	81	82	83	84	85	86	87	89	90	95	
261	6	10	13	77	80	81	82	83	84	85	86	87	89	91	94	98	
262	8	10	11	14	15	18	80	81	83	84	85	86	87	89	90	91	93	96	99	
263	15	16	17	19	86	87	90	97	
264	17	
288	53	56	59	
289	52	86	87	89	91	96	
290	82	84	85	86	88	89	90	92	94	97	
291	81	81	82	83	84	85	86	89	90	94	97	99	
292	40	47	54	61	78	80	81	81	82	83	85	86	88	99	
293	16	18	19	29	43	45	46	48	51	56	57	58	59	70	78	79	81	82	84	
294	17	20	32	45	46	47	48	49	68	71	78	79	80	81	84	
295	10	43	45	47	49	72	78	79	80	81	84	98	
296	8	9	10	11	13	14	15	48	78	79	80	82	84	86	88	
297	3	6	11	12	13	15	16	18	19	80	81	83	85	88	89	91	94	
298	16	17	18	20	21	26	
321	56	58	
322	51	52	54	58	87	90	
323	48	51	54	81	82	84	85	86	88	88	90	92	95	
324	46	54	67	79	81	82	83	83	84	86	87	
325	11	16	17	19	46	79	80	81	83	84	
326	7	8	11	13	14	15	16	17	18	18	19	20	21	44	58	69	72	79	80	99	
327	13	15	20	21	22	23	33	44	51	52	56	57	60	79	
328	21	22	23	25	47	48	50	51	52	53	55	56	58	61	
329	5	45	47	49	50	53	
330	5	6	9	10	11	14	48	68	79	
331	6	8	10	11	12	13	13	14	15	15	16	16	18	19	20	27	78	80	83	
332	16	17	18	19	20	21	21	23	26	
354	56	57	61	
355	52	53	55	56	58	58	61	88	
356	51	52	54	55	86	87	89	91	95	99	
357	43	54	67	78	79	80	82	83	84	85	
358	8	10	12	13	14	16	17	18	19	71	79	80	
359	9	11	14	15	16	17	19	20	20	21	24	27	44	70	72	78	
360	15	21	21	22	24	25	27	57	
361	22	23	23	25	53	55	55	56	57	58	59	60	
362	48	50	51	52	53	53	54	55	59	
363	45	49	50	54	
364	8	9	10	11	13	14	16	18	48	
365	6	10	11	12	13	14	15	15	16	16	17	19	19	20	23	69	71	78	
366	18	19	20	21	22	22	23	28	
382	91	
383	86	87	90	92	97	
384	86	87	88	90	91	96	
385	86	87	88	90	91	94	97	
386	88	89	91	92	94	98	
387	87	90	91	96	
388	56	86	87	89	90	92	96	
389	51	52	53	55	59	86	87	89	91	95	
390	80	82	83	83	85	86	87	89	90	96	
391	7	9	11	12	14	15	16	18	69	79	82	
392	11	13	14	15	17	18	19	20	21	24	70	
393	5	21	22	23	24	25	
394	23	25	56	75	
395	52	53	55	56	58	59	62	92	96	
396	51	52	53	54	86	87	88	88	90	92	96	
397	8	13	49	68	83	84	89	
398	5	6	10	11	12	13	14	15	16	16	18	19	20	70	
399	8	12	14	15	17	18	19	20	21	22	23	24	28	70	
400	21	22	23	
414	56	
415	88	89	
416	83	85	87	88	88	90	91	94	98	
417	81	82	83	84	85	86	87	88	90	91	94	97	
418	10	80	81	82	84	85	86	87	89	90	94	96	
419	9	81	82	83	85	85	86	87	89	90	94	97	
420	81	82	83	85	86	86	88	89	90	94	96	
421	7	78	81	82	83	84	85	86	86	87	88	89	91	93	96	
422	55	78	81	82	84	85	86	87	88	89	91	92	95	96	
423	54	81	82	83	84	85	86	88	88	89	90	92	93	96	100	
424	6	9	11	14	79	81	82	84	86	89	91	93	
425	8	11	12	12	13	14	15	15	16	19	92	
426	5	22	25	91	92	
427	87	88	90	92	97	
428	56	86	87	88	90	91	93	95	98	
429	54	82	83	85	86	87	89	90	91	95	
430	9	16	80	81	82	84	85	87	89	96	100	
431	8	10	11	12	13	14	16	17	19	26	69	78	79	81	
432	11	12	15	16	17	18	19	19	24	26	68	71	
433	18	19	20	21	22	23	24	25	
447	57	
448	51	53	54	56	58	
449	49	51	53	54	58	83	85	87	90	92	93	98	
450	52	58	80	81	82	83	84	85	86	87	89	94	
451	17	41	47	58	67	79	80	81	82	84	85	
452	17	18	19	20	40	44	46	47	48	57	70	78	78	79	80	81	83	84	
453	11	40	43	43	45	46	47	47	48	50	56	69	72	77	78	78	79	80	81	82	83	84	
454	46	47	49	72	77	78	79	80	81	83	84	86	
455	46	78	79	80	81	82	84	85	90	93	
456	78	79	80	81	82	83	84	85	87	88	90	97	99	
457	17	39	47	78	79	80	81	82	84	86	
458	7	8	10	13	14	19	43	66	78	80	81	83	85	
459	5	11	12	15	46	
460	56	82	83	84	86	87	89	90	96	
461	80	81	82	84	85	86	87	89	95	
462	41	47	52	78	81	82	83	85	86	88	89	96	
463	8	16	43	47	66	68	77	78	79	81	82	84	85	88	90	94	99	
464	10	11	13	14	16	17	18	18	19	20	69	79	80	81	83	
465	7	10	11	13	14	15	17	18	18	19	20	20	26	69	72	
466	20	21	22	23	24	
467	22	23	24	
473	78	78	81	
480	57	
481	53	55	57	58	62	
482	47	50	51	52	54	86	92	96	
483	48	50	53	80	82	83	84	86	87	88	91	97	99	
484	9	10	14	16	42	78	79	80	81	82	84	99	
485	12	13	15	16	17	17	18	19	19	26	61	68	71	78	80	83	
486	17	20	21	22	23	23	25	51	52	53	55	56	57	58	59	60	62	63	72	74	
487	22	24	30	44	47	48	49	50	51	52	53	54	56	57	58	60	
488	23	33	44	45	46	47	48	48	49	49	50	51	79	
489	44	49	50	79	
490	6	15	16	17	18	19	53	57	59	63	67	78	79	81	84	
491	17	17	18	19	20	21	26	39	43	45	46	47	49	50	57	58	70	72	79	83	
492	15	19	20	21	22	25	26	40	44	45	46	48	49	50	56	57	58	68	71	
493	5	6	20	21	21	23	27	42	44	45	46	47	48	49	56	58	59	67	70	72	
494	19	20	22	23	26	43	44	45	47	49	50	57	59	71	73	79	80	
495	17	19	20	22	27	31	40	45	45	46	47	49	49	51	54	58	58	62	68	71	79	80	83	
496	9	18	18	19	20	27	42	43	45	45	48	49	49	50	66	68	71	79	81	
497	9	12	13	14	19	20	21	27	44	45	49	70	72	78	80	
498	3	6	10	12	14	15	18	20	21	21	23	24	27	48	71	75	78	
499	20	21	22	23	23	25	27	
500	22	25	
514	56	57	58	60	
515	51	52	53	54	55	55	57	59	
516	47	49	50	51	52	53	54	82	86	87	89	91	
517	8	10	14	49	79	81	82	84	86	89	
518	6	11	12	13	13	14	14	15	16	16	17	18	19	70	80	
519	15	17	18	19	20	20	21	23	24	26	73	
520	21	22	24	57	58	60	
521	34	51	51	52	53	53	54	55	56	56	57	58	60	
522	46	47	48	48	49	50	50	51	52	54	59	64	74	
523	9	10	13	45	
524	7	11	12	14	15	16	17	18	19	68	71	
525	17	18	18	19	20	21	21	22	23	23	25	28	
526	22	23	23	24	50	65	73	
527	21	22	24	25	49	75	
528	22	25	26	53	53	62	
529	22	23	23	25	28	50	60	74	
530	21	24	25	73	
531	15	22	24	25	74	
532	23	23	25	74	
548	35	36	53	56	57	58	62	63	
549	34	46	48	50	51	52	53	54	55	55	58	61	87	
550	47	49	50	81	83	84	85	87	89	92	97	
551	6	8	9	11	12	13	14	16	18	80	100	
552	12	12	15	16	16	17	18	19	71	
553	17	18	20	21	22	23	24	
554	22	56	57	58	60	
555	35	47	51	52	52	53	55	56	59	
556	48	49	50	51	54	92	
557	7	9	11	14	15	
558	13	14	15	16	17	18	18	19	20	23	24	27	69	
559	20	21	22	24	74	
581	57	58	
582	37	52	54	55	56	56	57	59	60	
583	31	45	46	47	48	49	50	50	51	53	53	54	55	86	
584	9	44	46	47	48	49	80	81	85	88	
585	7	9	10	11	12	13	13	14	15	80	83	
586	3	7	12	13	15	16	16	17	18	18	19	20	21	24	
587	17	21	22	23	25	
588	55	56	57	59	63	
589	33	47	48	49	51	52	53	54	55	
590	9	13	46	49	82	83	85	87	88	91	
591	7	11	12	13	14	15	16	18	19	70	
592	2	15	17	17	19	20	21	24	73	84	
593	21	23	
615	57	
616	52	52	54	55	56	56	57	58	60	62	
617	37	43	48	50	50	51	51	52	53	54	55	59	
618	9	30	44	45	45	46	47	48	49	49	50	51	68	
619	5	7	10	11	12	13	14	15	79	
620	11	13	15	16	17	19	20	21	22	25	71	
621	18	20	22	23	
622	33	52	53	55	56	58	60	62	
623	47	48	48	49	50	51	54	
624	9	10	13	48	80	82	83	86	
625	7	11	12	14	15	16	17	18	19	
626	17	17	19	20	21	21	22	23	25	
650	53	55	56	57	58	59	60	62	
651	30	48	51	52	52	53	54	55	57	59	
652	30	42	45	47	48	49	49	50	54	67	
653	8	8	10	11	12	13	14	28	44	46	49	67	
654	12	15	15	17	18	19	21	23	
655	21	22	57	
656	52	53	54	55	56	58	60	
657	47	49	49	50	54	92	97	
658	6	9	12	13	14	82	
659	12	15	16	17	18	19	20	24	72	75	
660	18	20	21	22	24	
685	52	54	55	61	
686	29	50	53	
687	5	11	13	24	73	73	
688	15	22	24	
689	22	23	56	57	
690	51	52	54	55	59	
691	47	49	50	84	87	89	
692	7	12	13	14	15	
693	16	17	18	19	20	21	24	
694	23	
721	5	
722	58	
723	52	53	56	58	60	
724	47	50	51	54	55	
725	8	9	49	82	84	86	90	95	
726	5	7	11	12	13	14	14	15	18	
727	17	17	19	20	21	22	24	28	
756	58	
757	33	55	56	59	62	
758	47	50	51	52	53	54	
759	8	10	45	49	51	80	85	
760	4	7	11	12	13	13	14	15	16	18	19	68	
761	17	20	21	22	24	
790	58	
791	52	53	55	55	56	59	61	
792	32	47	49	50	54	67	
793	10	14	44	
794	8	13	15	18	19	21	23	25	74	
795	21	22	23	
825	51	53	55	56	59	
826	30	47	67	
827	4	7	12	15	
828	20	23	25	
862	25	
886	92	
1160	53	
1168	46	
1173	8	
1183	80	
1187	101	
1193	95	
1203	58	
1205	45	
1209	32	
1210	31	
1219	94	
1224	74	
1229	41	
1274	46	
1276	67	
1277	74	
1283	60	69	
1286	30	
1288	54	
1303	42	
1304	85	
1307	13	
1308	78	
1313	68	
1316	46	48	
1321	52	
1327	43	
1338	12	
1342	34	
1345	67	
1346	43	
1348	46	67	
1349	46	61	
1350	47	
1352	78	
1353	21	
1363	32	
1372	71	
1376	80	100	
1378	19	
1380	17	20	37	41	46	52	63	68	
1381	18	19	21	42	45	47	50	58	67	72	
1382	18	18	19	21	24	26	29	42	44	46	47	48	49	51	57	62	72	
1383	21	42	45	46	47	50	53	56	58	70	
1384	21	27	45	46	47	48	48	50	56	70	
1385	43	46	50	
1398	39	
1405	20	
1409	32	
1412	16	17	21	41	45	47	70	
1413	10	14	17	19	21	25	41	45	46	50	69	
1414	15	16	18	18	19	20	22	23	27	62	69	72	
1415	17	19	20	20	21	23	25	45	50	55	60	71	
1416	18	20	22	23	32	35	50	52	58	59	61	64	71	
1417	20	22	25	45	50	51	52	54	56	57	59	61	74	
1418	23	24	31	43	44	48	48	49	50	51	54	56	60	70	
1419	45	46	46	47	48	49	51	57	
1420	49	56	
1421	28	
1424	7	
1440	41	
1442	72	
1444	19	22	
1445	12	13	15	16	17	18	19	25	72	
1446	11	13	16	17	19	20	22	24	44	70	
1447	10	15	19	20	22	25	44	50	71	
1448	13	15	20	21	23	24	
1449	22	24	88	92	98	
1450	25	83	86	87	89	91	93	96	
1451	17	23	25	52	54	55	56	57	58	59	60	90	96	
1452	17	25	32	35	51	52	53	54	56	59	64	
1453	43	45	46	47	48	49	49	50	51	53	55	60	
1454	45	46	50	
1455	57	
1464	68	
1470	5	
1472	50	
1476	17	
1477	11	
1478	8	11	13	14	16	17	18	71	
1479	9	11	13	14	16	17	18	19	20	22	23	26	69	
1480	20	21	22	24	26	56	
1481	21	22	23	24	25	56	87	91	93	
1482	55	86	87	89	90	93	95	97	
1483	9	82	84	85	86	87	89	90	92	93	97	
1484	6	8	10	12	13	15	16	18	80	81	82	84	85	86	88	90	99	
1485	12	15	16	17	20	57	61	63	77	82	84	89	
1486	18	21	32	50	51	51	52	52	53	54	55	57	58	59	60	
1487	45	48	49	50	54	56	64	
1488	48	50	54	
1491	21	
1493	91	
1501	52	
1505	21	34	41	
1506	46	
1507	47	50	66	70	
1508	19	46	
1509	19	64	
1511	9	14	18	69	
1512	7	9	10	12	14	15	16	17	18	19	24	72	
1513	15	17	20	21	22	24	74	
1514	22	52	87	88	90	92	96	
1515	54	82	83	86	86	87	88	89	92	96	
1516	81	82	83	84	85	87	89	
1517	9	47	79	81	82	83	84	89	
1518	6	9	10	12	13	13	14	16	18	19	68	78	80	84	
1519	7	15	16	16	17	19	21	22	23	26	36	57	61	72	79	
1520	20	22	51	52	53	53	54	54	55	57	58	60	63	
1521	49	50	52	53	54	56	86	87	90	92	
1522	51	88	
1524	1	
1532	32	
1537	20	29	
1538	16	45	50	
1539	16	18	20	25	37	42	44	46	48	49	67	70	
1540	18	20	32	47	50	58	67	72	
1541	20	42	44	46	47	48	57	60	72	
1542	18	20	40	46	47	48	51	70	
1543	18	19	22	23	41	45	47	50	70	
1544	9	16	20	24	26	42	45	46	48	48	51	71	
1545	9	11	12	14	15	16	18	18	19	24	27	57	67	68	
1546	7	12	15	16	17	19	20	21	23	25	27	58	60	70	
1547	21	22	25	47	48	50	53	54	55	
1548	48	51	55	59	67	81	82	84	85	87	89	94	
1549	48	66	79	80	80	82	84	85	89	
1550	8	16	18	48	78	79	81	84	85	
1551	9	12	14	16	18	20	42	71	82	
1552	7	9	11	12	14	15	17	18	19	21	24	46	48	69	83	
1553	17	20	21	24	53	57	59	62	72	
1554	51	52	53	53	54	55	85	86	87	89	91	95	
1555	60	80	81	83	84	85	86	89	100	
1556	53	
1557	57	
1558	13	
1560	67	68	
1561	68	69	
1570	16	
1571	13	15	17	19	24	
1572	12	16	16	18	18	20	45	47	72	
1573	17	18	19	20	22	23	27	44	48	51	54	57	61	68	73	
1574	20	21	23	28	45	49	51	53	55	56	59	62	71	
1575	19	20	22	24	26	32	38	45	50	51	57	58	71	
1576	19	21	22	24	26	44	50	52	55	57	59	63	66	69	
1577	19	20	22	25	26	42	43	45	47	49	51	64	71	
1578	11	17	19	20	21	23	23	27	44	48	49	65	67	70	
1579	7	11	13	17	19	20	22	24	28	44	56	57	58	59	62	71	73	
1580	21	22	23	23	25	26	34	47	52	53	54	55	56	57	59	63	
1581	29	45	46	47	48	49	50	51	52	54	55	
1582	29	40	43	45	46	48	48	51	69	78	80	82	83	
1583	9	13	19	28	40	44	46	67	70	78	81	
1584	11	14	16	17	19	20	22	29	44	50	65	66	73	
1585	9	11	15	17	19	20	21	23	45	57	70	
1586	4	13	15	18	20	21	24	53	56	57	60	71	74	
1587	21	23	24	51	52	54	55	56	61	88	91	
1588	51	55	81	82	83	85	86	88	89	91	94	99	
1589	80	82	85	89	96	
1590	83	
1595	66	
1600	24	
1601	55	
1602	14	
1603	16	72	
1604	10	16	20	67	
1605	3	7	9	11	13	14	15	16	17	18	19	22	70	
1606	13	17	17	19	20	22	24	28	71	
1607	22	23	24	
1608	23	25	86	87	90	91	93	97	
1609	24	75	90	91	92	96	
1610	16	24	73	91	
1611	15	22	24	65	
1612	22	24	27	75	
1613	23	24	25	58	62	84	
1614	52	53	53	54	57	60	62	93	
1615	33	50	51	55	59	
1616	45	50	61	65	
1617	10	14	21	23	
1618	12	20	22	24	57	
1619	22	23	24	25	56	73	
1620	1	25	52	53	54	60	87	88	92	97	
1621	54	59	81	82	84	85	86	88	89	91	93	99	
1622	78	78	80	81	83	83	85	87	92	
1623	80	85	
1635	30	
1637	9	13	
1638	10	11	13	14	17	19	
1639	7	12	15	16	16	17	18	18	19	21	23	23	56	58	70	
1640	21	22	25	47	52	55	
1641	23	86	87	88	90	91	94	96	
1642	7	14	78	81	82	83	85	86	87	88	90	98	
1643	8	9	11	14	77	80	81	82	84	85	86	88	88	89	91	96	
1644	7	11	13	15	16	82	83	85	86	87	89	90	92	94	97	
1645	16	17	18	19	57	66	67	
1646	87	91	
1647	21	83	86	87	89	90	90	92	94	97	
1648	85	86	87	87	89	90	92	94	96	98	
1649	42	86	87	87	89	90	92	94	96	
1650	87	88	89	90	91	94	97	
1651	86	87	88	90	91	93	95	97	
1652	66	83	87	88	90	91	92	94	96	
1653	54	55	82	83	85	86	87	89	89	90	92	93	96	
1654	55	81	82	82	85	86	87	89	92	94	97	
1655	53	79	80	81	83	84	87	97	100	
1656	80	87	
1668	26	
1670	10	30	
1671	9	11	14	16	
1672	5	7	10	11	12	13	14	14	15	16	17	18	18	19	22	24	57	57	70	
1673	13	17	17	20	21	22	24	25	34	51	52	57	59	
1674	46	48	49	50	51	53	55	83	88	88	91	94	
1675	49	54	78	81	82	83	83	84	86	88	91	97	
1676	79	80	82	85	88	
1677	6	8	10	13	15	78	79	80	83	86	92	94	
1678	6	10	11	12	14	15	17	18	19	57	77	79	79	80	82	85	
1679	19	21	52	55	59	82	91	
1680	47	49	50	55	82	85	86	88	88	90	93	96	100	
1681	78	79	80	81	82	84	85	86	88	89	92	96	
1682	77	78	80	81	81	82	83	84	85	86	88	91	93	96	
1683	77	79	80	80	81	84	85	86	89	100	
1684	77	78	80	81	82	84	85	87	90	97	99	
1685	77	78	80	81	82	84	85	87	96	
1686	78	79	80	81	83	84	85	89	96	
1687	77	77	79	80	80	82	83	83	84	86	89	98	98	
1688	77	78	79	80	81	82	83	85	89	
1689	79	81	
1690	84	
1702	80	
1704	9	16	
1705	6	8	10	11	12	13	14	16	19	22	64	
1706	5	6	12	15	16	17	18	18	19	20	21	22	24	26	56	57	58	61	70	
1707	21	22	23	24	27	47	47	50	51	52	53	53	54	55	56	62	74	
1708	47	48	49	51	59	82	84	87	91	
1709	79	81	84	88	
1710	8	78	98	99	
1711	9	12	14	18	19	67	80	85	
1712	4	7	11	12	13	15	15	16	17	19	20	34	56	58	60	71	79	99	
1713	18	20	21	22	46	52	53	54	55	56	79	91	
1714	48	50	55	78	80	81	82	84	85	87	89	93	93	
1715	79	81	85	90	
1716	79	81	85	89	
1717	78	79	81	84	89	96	
1718	79	81	84	90	
1719	79	82	
1720	79	80	88	
1721	17	78	81	
1722	79	85	88	
1727	96	
1738	7	9	11	14	20	24	
1739	7	10	11	12	13	14	15	16	19	
1740	5	12	16	17	18	19	20	22	23	26	34	53	55	56	57	58	60	71	93	
1741	21	22	47	50	51	52	53	54	54	56	59	
1742	45	46	48	49	51	82	84	103	
1743	50	80	86	93	
1744	8	
1745	8	10	11	14	17	18	25	26	58	
1746	5	12	13	16	17	20	21	24	27	53	55	56	60	71	
1747	23	47	49	51	52	54	60	86	89	
1748	49	56	61	79	80	82	90	
1749	78	83	85	100	
1753	99	
1754	83	
1755	93	
1770	22	
1772	10	15	
1773	7	10	11	11	13	14	15	21	
1774	16	17	19	22	52	55	56	57	58	58	60	90	93	96	
1775	23	39	51	52	53	54	55	59	91	
1776	48	49	50	53	55	63	82	85	88	
1778	10	
1779	5	8	10	11	13	14	15	16	19	26	58	
1780	16	17	20	21	26	52	53	54	54	59	
1781	22	23	49	50	51	54	58	85	87	90	95	
1782	51	78	81	86	
1783	47	
1787	95	
1789	85	
1806	13	
1807	5	7	8	9	11	14	24	97	
1808	7	11	12	15	17	53	57	63	79	81	85	88	89	90	
1809	51	53	53	55	57	62	82	83	85	86	87	88	90	91	95	98	
1810	55	87	90	
1812	6	10	12	14	19	
1813	5	6	8	11	12	14	15	17	18	20	57	
1814	20	21	46	48	52	53	55	57	61	
1815	50	53	81	82	84	87	90	95	
1816	83	
1818	81	
1820	88	
1827	93	
1829	58	
1839	16	
1841	9	15	
1842	6	79	86	92	
1843	77	79	80	81	84	85	87	88	90	93	98	
1844	81	84	86	98	
1845	10	
1846	8	10	14	57	
1847	12	16	18	19	21	36	56	56	58	58	70	
1848	2	18	21	23	46	48	50	51	54	57	
1849	50	54	79	82	84	86	
1852	66	
1853	53	
1860	75	
1862	47	
1864	4	
1872	3	
1874	5	
1876	84	
1877	79	81	83	
1878	80	83	97	
1879	12	16	94	
1880	7	10	12	14	15	
1881	1	13	16	18	18	20	23	24	52	56	57	61	70	
1882	23	49	50	52	53	59	
1883	49	78	86	95	
1884	54	
1894	52	
1897	40	
1913	8	11	16	
1914	6	10	11	13	14	15	17	18	22	57	
1915	19	21	24	53	56	58	59	
1916	50	52	55	87	90	92	96	
1917	86	
1923	92	
1924	57	
1933	20	
1945	97	
1946	40	
1947	11	18	
1948	7	13	15	19	56	
1949	22	25	92	
1950	54	82	85	87	90	98	
1956	93	
1976	61	
1980	69	
1981	11	13	
1983	82	90	
1984	53	78	80	82	83	
1985	84	89	
1987	90	
2017	81	85	88	98	
2018	83	92	93	
2022	94	
2024	52	
2025	52	
2031	43	
2047	100	
2051	81	85	94	99	
2056	63	
2057	21	
2060	3	
2063	93	
2076	60	
2085	95	
2087	94	
2089	48	
2110	28	
2114	36	
2178	11	
2185	14	
2204	26	
2215	9	
2226	23	
2255	8	
