15	66	
47	56	
49	65	
146	31	33	
218	10	
256	88	
257	87	88	91	97	
258	87	88	92	95	
259	86	88	90	92	96	
260	86	87	92	97	
261	87	88	91	93	95	
262	92	
289	87	88	91	
290	83	86	87	88	89	90	92	93	96	
291	81	83	84	85	86	87	89	91	92	93	96	
292	77	81	82	83	84	85	86	87	89	90	92	94	96	
293	14	81	82	83	84	85	86	87	89	90	92	94	98	
294	77	81	82	83	84	85	86	87	89	90	92	93	95	
295	12	81	82	84	85	86	87	88	89	91	93	95	
296	81	83	85	86	87	88	90	91	94	97	
297	16	87	92	
321	53	58	
322	51	86	89	92	
323	51	81	83	84	85	86	89	91	94	
324	77	80	81	82	84	85	86	87	89	94	
325	9	47	76	77	78	80	81	82	83	84	85	
326	77	79	80	82	84	85	88	100	
327	77	79	80	81	84	85	88	
328	12	77	78	78	80	81	84	85	88	98	
329	6	9	12	76	79	80	81	83	83	84	85	89	
330	9	11	13	13	15	16	76	77	78	78	79	81	82	84	85	86	88	93	97	
331	16	17	19	77	80	82	84	85	86	89	91	94	98	
332	16	18	19	87	92	
350	83	86	87	90	92	96	
351	82	86	87	88	89	90	92	94	
352	86	87	88	88	90	92	94	97	
353	87	92	96	
354	56	88	92	
355	51	52	54	56	86	87	90	91	97	
356	50	52	83	85	86	88	88	90	93	95	
357	79	80	81	82	84	85	87	88	93	
358	16	18	28	36	60	66	76	78	78	79	81	83	85	89	102	
359	16	17	17	19	20	21	32	41	43	45	46	47	49	52	53	57	58	61	68	70	79	
360	18	19	22	24	26	28	37	39	44	45	47	49	51	56	58	59	67	72	79	
361	19	21	24	32	35	41	43	45	47	48	49	50	52	56	58	59	68	70	83	
362	20	21	26	30	40	42	44	45	46	47	48	49	50	67	72	80	
363	8	15	22	26	28	39	42	43	45	46	47	66	71	78	
364	5	8	10	12	13	15	20	22	72	76	79	83	
365	6	10	11	12	14	15	21	76	77	79	80	83	84	86	88	96	
366	17	18	19	20	82	85	87	89	97	
367	17	
382	52	
383	49	85	86	88	89	91	94	
384	78	81	82	84	85	86	87	88	88	90	92	94	
385	7	14	77	80	81	82	83	83	84	85	86	86	90	92	94	96	98	
386	10	16	78	79	81	82	84	85	86	87	89	90	92	93	96	
387	77	81	82	84	85	86	87	88	88	90	92	94	98	
388	77	82	84	85	86	87	88	90	91	93	94	96	
389	51	53	54	60	81	82	84	85	86	87	88	89	91	93	95	
390	80	81	83	84	85	86	88	89	92	96	
391	10	16	40	77	78	80	84	
392	8	11	12	13	14	15	16	17	18	18	19	20	21	28	69	
393	18	19	20	21	21	22	23	24	27	45	59	
394	20	22	23	28	45	51	55	58	64	72	
395	21	24	28	35	50	52	54	55	61	65	71	
396	21	23	24	34	44	48	51	52	53	54	57	58	60	
397	23	29	43	43	45	48	49	50	51	54	56	58	59	62	71	
398	5	24	42	45	45	46	47	48	49	67	70	
399	7	9	11	12	13	14	43	
400	7	10	12	15	17	23	77	79	82	84	86	88	90	94	
401	16	17	18	20	86	
415	52	56	58	
416	48	49	51	52	55	59	86	88	90	92	95	
417	50	78	80	82	83	84	85	87	89	92	93	96	98	
418	77	79	81	82	83	84	86	89	95	
419	9	47	76	77	79	80	81	84	85	88	
420	10	13	76	77	79	80	81	83	83	84	
421	12	76	77	78	80	81	83	83	84	85	90	95	
422	76	77	79	80	81	82	83	84	85	87	88	90	95	
423	77	79	80	81	83	84	85	86	88	89	94	
424	9	11	13	16	18	77	79	80	81	83	84	86	
425	9	11	12	13	14	15	16	17	19	21	26	
426	5	12	16	17	18	18	19	20	22	23	24	
427	21	22	24	
430	53	56	
431	51	52	53	54	55	56	58	
432	46	48	48	49	50	93	
433	10	14	87	91	
434	3	7	11	12	13	14	15	18	79	81	84	
435	16	17	19	20	22	
436	18	
447	58	
448	52	57	
449	46	47	48	49	51	52	53	54	
450	47	48	50	52	54	80	82	84	85	86	90	96	
451	40	79	80	82	83	85	86	89	95	
452	33	35	41	47	56	57	68	78	78	80	81	84	
453	17	18	19	20	40	42	44	46	47	47	49	51	78	83	
454	22	26	31	41	44	46	47	49	68	72	79	
455	2	47	77	78	
456	42	47	77	78	79	83	83	
457	18	19	41	76	78	79	82	
458	5	7	9	11	12	13	14	18	21	79	
459	8	11	12	14	15	16	17	18	19	21	
460	16	17	18	20	21	22	23	
464	57	
465	52	53	54	55	56	86	89	
466	49	50	78	82	85	86	88	89	90	91	95	
467	9	82	85	87	89	95	
468	5	7	9	11	11	12	13	14	14	15	15	16	17	17	18	19	20	68	78	
469	16	17	19	20	21	21	22	24	
481	56	
482	48	50	51	52	55	56	57	59	
483	47	48	48	49	50	51	53	53	55	89	93	94	
484	39	44	50	78	80	81	83	85	86	88	90	94	
485	9	12	18	40	64	66	79	81	83	85	
486	6	13	14	15	16	16	17	18	19	20	30	34	56	57	60	65	67	68	
487	20	21	22	24	26	35	44	47	50	51	51	52	53	54	55	56	59	61	65	
488	22	23	30	36	40	43	44	45	46	47	47	48	49	49	50	59	67	68	
489	10	28	41	44	48	
490	17	19	20	32	34	40	50	55	56	56	58	61	64	68	68	
491	4	18	19	19	20	22	25	26	40	43	44	45	47	48	48	49	51	69	
492	8	11	13	21	22	23	24	28	41	44	46	47	66	68	71	
493	3	6	9	11	12	14	15	21	22	26	70	
494	15	18	21	22	77	97	
495	86	88	91	95	
496	83	86	88	90	91	94	
497	56	57	82	83	85	86	87	88	90	92	94	97	
498	17	48	50	51	88	92	
499	37	44	49	51	53	83	83	86	88	90	93	
500	77	78	79	80	82	83	84	86	94	
501	7	8	10	11	14	14	15	16	17	18	19	41	79	82	84	
502	4	11	13	14	15	16	17	18	19	19	20	21	24	26	28	70	
503	18	21	22	23	24	
504	23	
515	53	56	60	
516	46	47	49	51	51	52	54	55	56	58	
517	45	46	48	49	50	53	82	85	88	91	
518	9	13	80	81	83	84	86	89	94	
519	7	9	10	12	12	14	14	15	16	16	19	
520	13	17	18	19	20	21	21	23	23	25	53	57	
521	22	51	52	54	55	59	
522	31	41	47	49	50	54	59	
523	8	14	16	44	64	
524	12	15	17	19	20	24	35	44	54	64	68	73	
525	20	20	21	22	23	23	25	26	35	45	50	51	52	53	54	55	57	58	61	64	
526	24	25	29	41	44	45	46	48	49	50	73	
527	10	13	23	41	44	46	48	56	69	
528	26	47	69	83	
529	46	79	82	84	86	94	
530	8	79	81	82	84	85	89	94	97	100	
531	12	18	52	57	77	78	79	80	82	83	84	85	89	94	
532	35	47	51	52	53	55	80	82	84	85	90	96	
533	41	45	49	79	82	84	94	
534	10	12	14	15	16	39	67	71	79	81	83	
535	4	7	10	11	12	13	14	15	16	17	18	18	19	19	20	23	70	
536	5	17	19	21	21	22	24	
537	21	23	
541	92	92	92	
548	58	
549	47	51	52	54	55	56	57	60	
550	43	45	46	47	48	48	49	50	51	53	54	60	
551	44	46	49	81	84	93	
552	6	9	10	12	14	80	85	89	
553	7	12	13	15	16	19	20	27	
554	16	17	19	20	22	23	25	97	
555	41	
556	16	
557	18	20	28	44	49	68	
558	21	23	25	72	
559	22	55	
560	53	55	57	62	64	
561	29	50	51	52	53	56	57	58	
562	32	39	42	45	47	48	49	50	52	55	56	57	58	66	
563	23	27	33	39	42	44	45	46	48	49	50	57	58	79	
564	10	20	28	41	44	44	47	49	57	67	69	72	78	79	
565	12	18	18	20	21	28	41	43	48	51	57	60	69	71	79	
566	3	19	20	21	22	27	31	41	45	46	49	51	53	62	68	77	79	
567	10	20	22	31	43	44	45	47	48	62	68	69	79	83	
568	7	10	12	13	14	15	18	18	19	20	23	26	70	
569	20	21	21	22	24	25	73	
570	1	22	24	
572	16	
583	51	52	53	54	55	56	57	58	61	
584	46	47	48	48	49	50	50	51	52	54	55	58	
585	43	44	46	48	48	49	49	
586	10	11	13	14	83	
587	3	8	9	12	14	15	16	20	
588	16	17	18	18	19	20	22	77	84	
589	18	20	43	80	
590	24	28	
591	25	
595	53	54	
596	54	60	
597	35	45	50	53	55	58	58	65	
598	25	27	45	52	54	63	
599	5	23	24	25	30	34	41	45	50	55	64	
600	14	22	23	25	63	
601	21	25	64	
602	23	24	
603	23	25	
606	15	15	
616	57	
617	51	52	54	55	56	57	60	
618	45	47	47	48	49	50	50	51	52	53	53	54	55	
619	41	43	45	46	48	50	
620	4	9	11	13	15	
621	7	10	11	12	14	15	15	16	17	19	20	24	27	
622	15	17	18	18	20	20	22	23	
623	22	25	
624	23	
650	58	
651	52	52	54	55	56	57	61	
652	40	47	48	49	49	50	51	52	53	54	55	58	63	
653	31	39	43	45	46	47	48	49	
654	4	7	10	11	12	13	14	15	
655	4	8	11	12	14	15	16	17	19	19	20	23	23	24	24	25	70	
656	18	22	24	
685	51	52	53	55	56	58	
686	36	49	50	51	52	54	54	62	
687	8	33	42	44	45	46	48	49	50	67	
688	4	9	11	12	14	15	16	19	26	44	67	69	
689	13	15	16	18	19	20	20	24	25	
690	21	22	24	
719	55	
720	54	55	59	
721	64	
722	5	23	
723	23	25	
1160	23	
1162	32	
1164	70	
1165	12	
1171	11	67	
1174	83	
1176	99	
1177	99	
1191	7	
1198	91	
1201	49	
1203	13	
1204	10	61	
1227	38	
1228	79	
1237	65	
1253	85	
1254	68	
1267	22	36	
1301	34	
1305	63	
1307	8	
1310	66	
1314	29	99	
1317	57	
1321	3	
1347	12	
1372	11	27	
1373	13	74	
1375	28	
1379	26	
1380	46	
1383	22	
1384	2	
1388	2	
1401	27	36	
1407	23	
1410	1	27	
1412	16	20	37	47	56	
1413	21	45	47	68	
1414	18	20	34	43	47	51	55	58	59	71	
1415	20	47	51	68	
1416	41	44	46	51	63	
1417	39	48	
1418	46	50	55	71	
1419	46	
1430	34	
1441	26	71	
1444	14	20	36	40	79	102	102	102	
1445	17	19	27	41	47	
1446	17	18	20	23	29	37	39	46	58	61	67	70	
1447	18	20	22	25	35	42	43	48	49	54	57	63	66	71	
1448	18	20	22	24	27	35	41	44	47	50	54	56	61	69	
1449	19	21	24	26	40	44	46	47	49	52	54	57	58	69	
1450	21	26	31	41	44	46	48	49	51	55	56	59	65	67	70	
1451	21	23	25	40	43	45	46	47	49	51	54	56	59	66	
1452	27	41	43	46	47	49	50	52	72	
1453	46	52	70	
1454	3	
1460	68	
1472	25	42	
1473	48	
1475	43	
1477	14	
1478	7	11	13	15	16	17	18	40	
1479	11	15	16	17	18	19	21	23	43	65	68	
1480	15	17	19	20	21	23	23	25	26	52	72	
1481	19	21	22	23	25	35	45	54	68	88	
1482	22	24	52	53	58	61	65	93	
1483	24	34	51	53	55	57	63	65	93	
1484	22	24	33	51	53	54	56	57	60	91	
1485	23	23	25	34	47	48	49	50	51	54	58	61	93	
1486	39	42	44	45	46	47	48	49	50	53	57	58	62	72	
1487	44	46	47	48	50	66	71	
1488	43	49	
1491	60	
1493	68	
1504	40	
1505	16	40	57	
1506	18	20	42	47	53	66	
1507	18	22	25	29	36	39	45	46	47	49	52	56	71	
1508	20	43	43	46	50	68	69	
1509	20	46	48	60	
1510	8	19	38	44	46	70	
1511	8	11	14	16	20	40	66	
1512	10	12	14	15	17	18	18	19	21	25	
1513	4	15	17	19	20	21	23	23	25	71	
1514	21	22	24	50	88	93	
1515	86	87	89	92	93	97	
1516	86	87	89	90	95	
1517	85	86	87	89	90	91	94	96	
1518	82	83	85	85	86	87	88	89	90	92	93	95	
1519	52	53	55	63	82	83	86	87	88	89	90	92	94	96	
1520	51	52	54	57	58	60	87	88	90	91	
1521	41	46	47	48	49	50	51	53	55	68	68	
1522	43	45	47	49	
1526	8	99	
1528	6	
1532	36	
1533	35	
1538	12	13	19	43	
1539	14	16	17	19	25	25	34	42	66	70	
1540	16	17	19	20	21	22	24	36	40	48	52	55	56	59	68	70	
1541	19	21	22	24	25	30	36	41	44	47	48	49	52	54	56	59	64	66	72	
1542	20	22	24	41	43	45	46	48	48	50	52	57	60	69	
1543	18	21	24	26	31	40	44	46	48	49	68	84	
1544	13	19	22	23	40	43	46	64	66	69	
1545	9	11	14	18	18	19	21	25	26	39	44	67	70	
1546	12	14	15	19	21	22	23	25	57	
1547	22	24	25	46	50	52	54	92	
1548	49	83	86	87	89	90	92	95	
1549	7	77	79	80	82	83	84	85	88	89	
1550	77	79	80	82	84	85	87	88	90	93	
1551	10	76	77	80	81	84	85	86	89	93	
1552	9	75	77	80	81	83	84	85	87	92	96	
1553	9	12	14	76	77	78	79	80	81	83	84	85	90	94	
1554	17	53	54	55	57	58	59	76	77	80	82	83	84	85	89	93	
1555	18	19	32	43	48	51	52	54	55	60	87	89	
1556	45	46	47	49	51	54	
1557	45	
1558	50	
1559	58	
1564	86	
1570	26	
1571	11	13	
1572	11	14	15	16	17	19	41	
1573	8	9	11	13	13	14	16	17	18	18	19	20	21	24	28	83	
1574	15	17	20	21	22	24	52	55	61	
1575	20	22	23	24	25	45	51	53	54	55	57	59	
1576	22	24	43	45	50	52	55	58	60	63	
1577	23	24	28	31	42	45	51	55	62	64	70	
1578	13	20	22	24	25	30	44	49	63	69	
1579	20	22	24	26	45	52	57	60	72	
1580	21	23	24	25	46	47	48	50	51	53	54	
1581	47	49	50	53	54	57	
1582	48	77	80	81	83	84	85	87	89	98	
1583	78	79	81	84	87	94	
1584	78	78	80	84	89	
1585	77	78	80	83	85	89	
1586	78	86	
1587	9	16	26	77	80	85	
1588	6	10	11	13	13	14	16	52	77	78	80	83	
1589	16	17	18	19	20	22	26	48	50	51	52	53	53	54	55	57	59	61	80	83	
1590	44	45	46	47	49	49	50	56	
1591	43	53	
1592	49	
1594	3	
1604	9	13	19	
1605	11	13	14	
1606	7	9	10	12	14	15	16	17	18	19	21	24	73	
1607	13	15	18	20	21	22	23	25	
1608	22	25	88	92	
1609	86	87	88	89	91	92	93	95	
1610	16	82	83	86	87	89	90	95	
1611	17	
1612	25	
1613	51	52	53	54	55	57	58	60	88	92	
1614	47	50	51	52	54	56	58	60	91	92	
1615	43	44	45	47	48	48	49	51	56	
1616	46	50	70	80	
1617	66	
1618	43	84	
1619	30	42	48	
1620	19	69	
1621	10	13	13	16	17	18	20	29	42	72	
1622	7	10	12	14	15	16	17	19	20	21	22	24	56	57	70	
1623	15	20	21	22	23	47	50	51	52	53	54	55	60	
1624	22	45	46	48	50	52	53	60	86	88	92	
1625	49	
1631	91	
1637	15	42	
1638	8	18	
1639	8	10	11	13	13	14	15	16	19	
1640	12	14	15	16	16	17	18	18	19	20	21	25	
1641	20	21	23	25	47	51	
1642	82	83	85	86	87	89	90	93	95	
1643	11	76	77	79	80	81	82	84	85	85	87	88	89	92	96	
1644	8	10	11	13	14	15	76	77	78	79	80	82	84	85	88	90	94	
1645	17	18	81	85	88	88	92	95	
1646	85	86	87	89	91	92	94	97	
1647	53	57	78	82	83	85	86	87	88	88	90	92	94	97	
1648	35	52	54	55	56	59	82	84	85	86	86	88	89	90	91	93	94	95	
1649	36	49	50	51	52	53	62	86	87	88	90	92	97	
1650	30	37	44	48	48	50	50	67	
1651	19	28	37	43	58	59	66	
1652	19	23	43	43	46	48	52	67	
1653	20	22	24	26	45	46	47	48	
1654	9	12	14	15	20	27	
1655	7	10	12	14	16	17	18	19	20	24	71	
1656	17	20	21	22	24	25	26	52	53	57	61	
1657	23	25	48	49	51	52	55	60	87	88	92	
1658	50	80	82	84	86	88	90	96	98	
1659	82	87	
1663	85	85	86	86	87	
1671	9	
1672	8	10	12	14	16	56	
1673	5	6	9	11	12	13	13	14	15	16	16	17	18	19	21	23	23	25	56	57	
1674	21	22	24	47	51	52	53	55	56	
1675	22	44	46	48	48	50	55	88	89	94	
1676	76	78	79	80	82	84	85	88	90	
1677	8	14	16	77	79	80	83	
1678	5	10	12	15	69	77	79	80	84	
1679	52	78	78	81	81	84	86	87	91	97	
1680	80	81	82	84	85	86	87	88	90	94	
1681	76	78	79	80	81	84	85	88	90	93	95	
1682	6	11	15	16	55	75	77	78	78	79	80	82	83	84	86	91	95	
1683	53	55	77	78	80	81	82	84	85	87	89	92	95	
1684	87	93	
1685	16	57	62	86	
1686	18	20	22	25	35	51	55	56	60	
1687	23	24	45	48	49	92	
1688	7	8	10	13	15	29	44	70	
1689	12	20	22	25	70	
1690	21	22	51	52	55	56	59	86	87	88	90	92	
1691	51	81	82	85	87	89	91	95	
1692	79	81	83	85	87	91	96	
1705	8	11	14	
1706	9	10	12	14	15	16	20	
1707	7	12	13	14	15	16	17	18	19	20	21	24	52	53	56	58	59	
1708	18	20	21	23	25	42	47	48	49	50	51	52	54	57	
1709	23	42	44	47	49	67	81	
1710	10	80	84	
1711	68	
1712	5	97	
1713	82	84	86	90	94	
1714	76	78	79	80	81	83	85	90	97	
1715	80	84	
1716	77	81	85	91	
1717	9	14	77	79	81	84	89	
1718	9	12	14	15	77	80	82	84	86	90	
1719	12	14	86	90	95	
1720	25	86	87	89	91	94	
1721	82	83	85	86	87	88	89	90	94	97	
1722	87	90	92	97	
1723	53	55	86	87	89	92	94	
1724	52	78	81	82	82	84	86	87	89	92	94	
1725	76	78	78	79	80	82	84	85	88	91	95	99	
1726	78	81	83	87	
1728	31	
1731	60	
1738	19	41	
1739	10	14	
1740	7	8	10	11	13	15	17	20	
1741	7	12	15	16	17	18	19	20	23	53	55	56	57	
1742	17	17	20	21	47	50	51	52	54	55	58	60	
1743	45	49	57	91	
1744	51	87	
1745	91	
1746	86	89	93	
1747	79	81	84	93	
1748	80	83	86	90	
1749	82	
1751	4	
1752	7	13	15	80	
1753	78	80	84	87	92	94	
1754	76	78	81	82	84	85	87	89	98	
1755	75	76	77	79	80	81	84	85	88	94	
1756	77	80	82	84	86	89	
1757	76	77	80	82	84	86	92	
1758	79	80	82	84	87	89	98	
1759	77	80	
1773	8	
1774	9	11	13	14	15	16	20	23	
1775	5	7	12	14	15	16	17	18	20	25	57	
1776	17	18	22	23	48	50	51	52	53	55	
1777	45	46	49	52	85	88	89	91	96	
1778	82	86	91	
1779	54	82	85	90	
1780	80	84	
1781	79	
1782	41	82	
1787	84	
1788	80	85	
1789	79	84	
1790	79	83	87	
1791	81	
1792	78	82	86	
1800	65	
1807	9	17	
1808	4	7	8	10	11	14	15	16	
1809	6	12	13	15	17	20	52	54	55	56	58	87	
1810	17	18	21	23	47	50	52	53	55	88	92	
1811	48	50	53	58	81	82	83	85	87	90	95	
1812	79	85	92	
1813	18	79	
1814	99	
1819	97	
1826	73	
1828	89	
1836	85	
1838	85	
1841	8	23	
1842	9	11	14	23	
1843	7	11	12	14	15	54	80	84	88	92	95	
1844	50	53	54	77	81	83	85	86	87	89	91	94	97	99	
1845	79	81	84	85	87	90	94	
1846	81	84	
1856	16	
1858	79	
1866	11	
1867	100	
1876	12	
1877	12	84	
1878	77	79	80	82	84	85	88	
1879	79	81	84	86	
1881	14	93	
1882	89	
1884	71	
1900	12	
1905	66	
1909	4	
1911	88	
1912	78	88	
1913	81	84	94	
1919	1	
1923	14	
1934	93	
1939	72	
1941	52	
1946	85	
1949	78	
1964	28	
1977	67	
1978	75	
1979	10	
1990	35	
2007	3	
2009	6	
2035	47	
2055	17	60	
2083	97	
2111	8	
2112	35	
2115	16	
2149	5	
2159	40	
2162	33	
2207	14	
2212	11	
2226	20	
2241	14	
2252	10	
2274	3	
2304	5	
