47	57	
227	88	91	
228	86	87	90	92	96	
229	86	87	89	91	92	95	97	
230	86	88	91	94	
231	18	
260	87	90	92	96	
261	82	84	86	87	87	89	90	92	93	95	97	
262	80	82	84	85	86	87	88	89	91	94	97	100	
263	7	9	11	13	78	80	81	82	85	86	86	87	88	90	94	98	
264	6	11	15	16	77	81	83	85	86	87	88	89	90	94	96	
265	16	16	18	19	91	94	
292	52	55	57	87	93	
293	52	86	87	89	90	92	95	
294	53	57	80	82	83	83	85	86	87	88	90	91	94	95	98	
295	37	43	47	52	79	80	81	82	83	84	85	86	88	91	94	
296	47	49	78	78	79	80	82	83	84	86	88	94	
297	7	8	10	13	14	77	79	80	81	83	84	87	89	95	
298	1	6	9	11	11	12	13	14	15	16	18	78	78	79	81	84	85	90	93	
299	16	17	17	18	19	20	21	80	86	88	
300	21	
318	88	93	
319	87	91	93	95	
320	87	89	90	92	94	97	
321	87	89	91	93	95	98	
322	87	90	92	
325	51	55	58	88	91	96	
326	52	53	82	85	86	87	89	90	92	95	101	
327	55	58	81	83	83	84	86	87	88	90	91	94	96	99	
328	17	18	29	56	57	60	67	77	78	80	81	84	85	88	
329	17	19	20	30	42	44	45	46	46	47	48	49	51	54	56	61	69	72	78	80	83	
330	21	24	44	45	46	47	48	50	68	79	
331	8	11	13	29	43	67	71	79	
332	5	6	7	9	11	11	12	13	14	15	16	17	18	19	70	80	83	
333	13	15	16	17	17	18	19	20	20	21	22	24	
334	21	22	
351	51	93	98	
352	83	85	86	87	89	91	93	95	98	
353	81	82	85	86	87	88	90	95	97	98	
354	9	78	81	82	83	84	85	86	87	88	89	91	93	95	
355	81	82	84	85	86	87	88	89	95	
356	8	10	12	16	78	81	83	85	86	87	89	90	92	94	96	99	
357	57	83	85	86	87	89	91	93	96	
358	52	54	87	91	92	94	97	
359	50	55	82	86	87	88	89	90	91	93	93	96	
360	77	81	82	84	85	86	87	88	89	92	94	98	
361	9	11	13	15	16	17	18	66	71	78	79	81	83	84	86	89	
362	7	12	15	16	18	19	20	21	23	28	45	53	55	56	57	59	69	79	
363	21	22	24	24	37	47	48	49	50	51	54	55	
364	43	45	48	49	73	
365	8	9	10	11	14	
366	4	7	11	12	13	14	15	16	17	18	18	19	20	21	23	24	25	26	68	
367	18	20	21	22	24	25	
383	53	58	
384	50	52	55	93	
385	50	53	83	85	87	88	88	90	92	95	
386	57	80	82	84	86	88	88	90	95	99	
387	16	16	18	33	42	45	48	56	57	68	76	78	79	80	83	85	88	
388	17	20	21	26	44	46	47	48	49	66	70	79	80	84	
389	9	20	21	26	42	43	45	46	47	69	72	77	78	80	81	83	85	
390	7	12	46	69	79	80	82	84	85	88	
391	78	80	81	83	84	85	86	87	89	90	93	93	96	99	
392	77	81	82	84	85	86	87	88	89	90	92	94	96	
393	77	78	79	80	81	82	83	84	86	87	89	91	95	
394	7	8	10	11	13	14	15	16	16	19	29	65	79	80	81	83	85	
395	10	14	15	16	17	18	18	19	20	21	24	57	71	79	
396	20	21	22	23	25	52	55	57	
397	46	48	49	50	51	53	54	59	
398	45	67	87	92	97	
399	4	6	8	8	10	11	12	13	13	14	15	16	19	
400	13	15	17	18	19	20	20	21	23	24	
401	2	18	22	
405	68	
416	57	
417	50	52	53	55	57	61	
418	35	49	50	52	53	55	86	88	90	92	96	
419	8	49	68	81	83	84	85	86	89	91	95	
420	10	12	14	16	19	65	76	78	80	81	83	85	
421	13	17	18	18	19	20	26	44	56	57	65	68	78	
422	17	21	22	23	23	24	27	50	51	52	53	54	55	56	59	72	
423	24	45	47	48	49	49	50	51	53	58	
424	44	47	48	50	78	
425	38	77	79	80	82	84	86	89	
426	9	66	77	79	80	81	83	83	84	85	87	88	96	98	
427	8	10	11	14	15	19	77	79	80	81	84	89	
428	4	9	11	12	13	14	15	16	17	19	20	26	74	79	
429	5	18	19	21	23	25	57	
430	51	53	55	
431	48	82	87	90	97	99	
432	8	10	13	81	85	
433	3	11	12	14	15	16	17	18	18	20	24	70	
434	18	20	21	23	24	25	
435	22	
449	58	
450	48	50	51	52	55	56	
451	50	51	54	87	88	88	90	93	93	97	
452	49	80	82	84	85	86	88	90	92	94	96	
453	6	8	10	14	16	19	44	70	78	78	80	81	85	88	
454	10	12	13	14	15	15	17	18	19	20	21	28	69	
455	21	22	23	23	25	53	57	
456	50	51	52	54	55	56	57	60	
457	48	49	50	51	53	54	59	88	93	
458	40	45	46	49	58	67	91	
459	11	16	19	40	66	80	
460	8	15	17	18	19	20	21	40	43	44	45	46	49	68	71	78	81	
461	5	9	11	14	19	20	26	28	40	44	46	68	70	
462	5	7	8	11	12	14	20	21	23	26	46	
463	20	23	52	86	91	
464	41	47	50	82	85	94	
465	9	16	29	64	67	80	83	84	89	94	
466	4	6	11	12	13	14	15	16	19	20	69	78	83	
467	5	12	14	15	18	19	20	21	21	23	24	27	73	
468	22	25	
469	52	52	
482	57	
483	47	50	51	52	54	57	
484	47	49	50	52	54	87	90	93	95	
485	49	81	83	85	86	87	89	91	95	
486	9	11	14	16	67	79	80	82	83	84	85	
487	12	13	14	15	16	17	18	18	19	20	26	70	83	
488	21	21	23	24	25	
489	51	53	55	56	
490	51	52	54	62	86	87	88	90	92	94	98	
491	50	55	81	82	86	87	90	92	96	99	
492	10	16	82	85	99	
493	8	11	12	15	16	17	18	19	20	20	23	45	47	58	59	63	68	71	
494	20	21	22	23	24	25	44	45	48	50	52	54	56	65	70	
495	21	22	23	24	27	30	36	43	44	45	46	47	49	51	58	58	65	70	
496	22	24	26	33	43	44	46	48	49	57	69	
497	15	20	21	23	26	40	44	47	48	52	61	68	68	72	78	83	
498	16	19	21	26	42	44	46	49	67	72	79	
499	10	13	14	20	21	27	44	65	72	
500	12	15	17	19	20	22	23	24	27	71	
501	22	24	
516	52	55	56	58	
517	46	48	48	50	50	51	53	53	55	97	
518	49	51	81	85	87	89	91	95	
519	9	11	16	66	79	80	82	83	85	87	89	91	94	
520	4	6	8	11	12	12	13	14	15	16	16	18	18	19	20	28	68	78	
521	17	20	21	23	24	58	70	
522	51	53	55	
523	49	51	53	86	87	90	91	95	
524	80	82	85	86	87	89	91	94	96	
525	8	10	14	16	41	68	77	78	80	81	83	85	88	
526	11	12	13	14	16	16	17	18	19	20	21	29	71	80	
527	15	18	20	20	21	22	24	25	72	
528	21	23	24	25	55	
529	51	55	63	
530	23	51	65	
531	5	24	
532	22	24	
533	23	
534	24	
549	56	58	
550	46	48	50	51	52	53	54	55	
551	47	49	50	52	55	87	90	93	97	
552	81	83	83	85	87	88	90	92	93	97	
553	4	7	10	11	13	14	15	16	68	70	78	81	83	
554	13	15	16	17	18	19	20	21	23	25	
555	25	52	60	93	
556	50	51	53	55	87	90	92	93	96	
557	78	79	81	82	84	85	87	89	90	94	
558	10	11	13	15	16	43	66	70	78	81	83	85	88	
559	8	11	14	15	15	16	17	18	18	19	20	20	28	44	68	73	79	
560	17	19	20	21	23	24	25	72	
561	21	22	25	
582	58	
583	51	52	56	57	
584	42	46	47	48	48	49	50	51	52	53	54	55	
585	45	48	50	82	84	86	90	
586	7	8	10	11	13	14	77	79	81	83	85	89	95	
587	4	12	13	14	15	17	17	18	19	20	23	57	68	
588	21	22	25	52	
589	50	51	54	55	87	89	91	92	96	
590	68	80	81	82	84	85	86	88	90	92	94	96	
591	10	11	13	14	16	17	18	19	65	78	80	81	84	
592	11	12	14	15	16	17	19	19	20	21	69	
593	13	15	20	21	22	23	24	25	
594	22	23	25	
609	100	101	
616	57	
617	51	52	53	54	55	56	58	
618	42	45	46	47	48	49	49	50	50	51	53	
619	8	44	45	46	48	66	82	84	95	98	
620	6	10	11	12	13	14	15	18	81	88	
621	5	20	24	52	
622	23	50	51	53	55	58	88	91	98	
623	48	66	78	81	83	84	85	86	87	88	90	95	
624	7	10	11	12	14	16	19	78	80	81	84	85	
625	8	11	12	13	14	15	16	17	18	18	19	20	26	69	
626	17	19	20	21	22	23	24	25	93	
627	22	23	25	
647	26	
650	57	58	
651	48	51	52	53	54	54	55	56	60	
652	32	35	42	47	48	49	49	50	54	56	58	
653	9	41	43	43	44	46	48	49	56	66	72	
654	13	15	24	36	40	47	70	
655	46	48	50	52	53	55	60	
656	8	67	78	80	82	85	85	87	89	91	94	
657	10	11	13	16	16	18	19	38	43	67	80	81	84	88	
658	7	11	12	14	15	16	17	18	18	19	20	21	23	26	69	79	
659	3	13	21	21	22	23	24	
660	22	25	94	95	
685	53	54	55	60	
686	50	53	54	56	60	
687	31	45	50	52	54	56	58	58	60	
688	4	24	25	32	43	45	48	49	50	51	52	53	55	66	
689	22	23	39	42	44	46	49	50	66	72	
690	10	14	43	48	66	68	79	84	
691	8	9	12	13	14	17	19	19	20	24	27	43	70	
692	21	21	22	24	25	
693	22	25	
721	55	
722	50	54	55	60	
723	8	25	45	
724	5	23	25	72	
725	13	21	24	25	
726	22	
1159	40	
1171	8	66	
1202	71	
1213	95	
1219	3	
1236	59	
1240	23	
1241	74	95	
1244	11	
1269	17	
1272	74	
1278	31	
1284	11	
1305	57	
1306	54	
1314	30	
1315	32	
1316	55	
1322	68	
1336	56	
1343	21	
1349	46	
1350	46	67	
1353	58	
1354	50	
1357	7	
1376	61	
1382	30	37	
1383	18	19	34	47	50	58	68	68	
1384	17	18	20	27	41	43	46	48	51	56	58	
1385	21	31	42	43	45	46	47	50	66	69	
1386	23	45	46	49	72	
1387	68	
1399	53	
1406	54	
1407	40	
1414	19	40	
1415	14	16	18	26	38	41	67	
1416	15	16	19	21	28	
1417	13	13	15	16	18	19	21	24	43	43	56	57	67	69	
1418	17	18	20	21	22	24	32	35	38	49	51	52	54	56	58	59	65	67	70	
1419	20	21	22	23	25	42	43	45	46	47	48	48	50	51	52	54	56	72	
1420	26	44	45	46	47	49	49	51	55	58	71	
1421	43	49	51	65	
1422	48	
1423	50	60	
1437	37	
1439	97	
1440	16	
1441	40	46	
1442	57	
1443	37	43	
1444	48	
1445	40	
1446	20	30	42	
1447	18	23	68	
1448	12	15	16	43	67	
1449	10	12	14	16	18	19	21	68	73	
1450	11	13	14	15	16	18	19	20	22	25	45	65	73	
1451	13	15	18	18	19	20	22	23	23	25	93	
1452	21	22	23	25	53	54	55	56	57	61	
1453	22	25	35	48	50	51	52	53	54	55	61	
1454	44	45	46	47	48	49	50	51	54	58	
1455	44	49	
1460	12	
1464	32	
1473	22	40	
1474	19	42	47	67	
1475	16	19	36	38	43	46	53	57	60	66	
1476	20	42	46	48	48	50	58	71	
1477	38	39	43	45	46	48	50	64	66	69	
1478	24	26	37	47	52	70	
1479	44	
1480	13	24	40	
1481	11	14	16	18	18	29	41	67	70	
1482	9	12	14	16	17	19	20	21	25	
1483	10	12	13	15	18	21	22	23	25	26	43	71	
1484	22	24	25	92	
1485	10	87	88	90	91	91	95	96	
1486	16	52	53	55	56	86	87	89	91	95	
1487	18	48	50	51	52	53	53	54	55	56	58	
1488	47	49	50	51	53	55	86	88	92	95	
1489	49	65	
1490	60	
1491	58	
1492	11	92	
1494	73	
1505	14	
1506	19	
1507	11	14	67	
1508	12	15	16	18	19	20	23	43	48	62	67	72	
1509	18	19	20	21	24	28	45	49	53	57	62	73	
1510	21	22	24	26	45	48	50	53	55	56	57	59	69	
1511	21	22	25	28	43	45	49	50	52	55	56	57	60	73	
1512	23	23	39	42	43	45	47	48	49	50	71	
1513	27	40	44	46	50	53	65	66	69	
1514	11	14	16	18	20	40	45	64	68	72	
1515	8	9	11	13	13	15	16	17	19	20	21	22	23	58	73	
1516	15	18	20	21	22	23	24	48	52	57	71	73	
1517	24	51	52	54	91	93	
1518	49	86	87	88	89	90	91	94	97	
1519	7	9	11	14	18	77	80	81	82	85	86	89	91	93	96	
1520	11	12	15	16	17	18	53	55	56	62	77	79	81	83	85	
1521	17	22	46	48	50	51	52	54	55	81	
1522	45	49	54	82	85	86	89	92	95	100	
1523	59	83	96	
1526	77	
1528	88	
1537	14	
1538	19	
1539	11	
1540	11	13	15	18	20	42	66	
1541	8	10	12	14	15	16	17	19	20	25	67	70	
1542	13	15	17	20	21	23	24	
1543	21	22	25	91	93	
1544	87	88	90	91	96	98	
1545	25	52	55	57	60	87	89	91	98	
1546	16	17	25	31	52	53	62	67	
1547	17	22	24	29	42	43	45	67	72	
1548	9	12	14	19	20	22	25	44	56	64	71	
1549	13	20	22	23	23	24	26	44	48	50	52	53	58	59	69	
1550	22	25	47	49	51	54	57	93	97	
1551	53	66	86	88	88	90	92	95	98	
1552	77	81	83	83	84	86	94	
1553	8	10	11	13	13	15	16	18	56	58	78	80	
1554	8	12	17	22	25	51	52	54	55	56	57	70	
1555	23	48	48	49	50	52	53	55	88	89	91	95	
1556	79	81	84	86	88	92	97	
1557	81	89	94	
1558	54	
1560	92	
1572	9	16	19	
1573	11	29	43	67	
1574	7	9	11	13	14	15	16	18	18	20	58	
1575	8	11	13	17	19	20	21	23	23	25	52	69	
1576	22	24	50	52	53	74	87	92	
1577	82	85	86	88	90	91	95	
1578	9	76	78	81	82	84	85	86	89	94	
1579	6	8	10	11	14	15	16	18	77	80	81	83	84	85	88	90	96	
1580	14	16	17	18	19	21	78	86	
1581	18	20	22	24	26	
1582	23	25	52	53	55	57	59	
1583	47	49	50	52	54	57	
1584	41	43	45	48	48	49	51	
1585	33	39	45	66	72	77	78	79	80	83	84	87	99	
1586	8	11	15	16	66	80	
1587	11	13	14	15	17	18	19	26	57	
1588	19	20	22	23	25	50	51	53	54	56	
1589	48	50	84	85	86	90	91	94	97	
1590	79	82	83	85	88	93	
1599	31	
1600	9	
1605	7	8	13	
1606	9	17	20	23	
1607	9	11	13	13	15	16	18	19	41	69	
1608	12	15	17	20	21	23	23	25	47	52	53	56	69	
1609	3	22	25	50	52	55	58	91	93	97	
1610	20	50	54	82	86	88	89	91	95	100	
1611	79	80	82	83	85	89	98	
1612	10	15	16	19	79	82	84	89	
1613	7	8	9	11	12	13	14	15	17	19	21	26	68	68	79	80	
1614	2	12	15	15	17	18	20	21	23	24	27	
1615	22	
1616	54	55	87	88	90	91	92	95	98	
1617	51	54	55	59	83	87	88	89	90	91	94	95	97	
1618	50	53	58	83	87	90	
1619	9	45	49	
1620	12	14	
1621	23	24	55	58	
1622	50	53	53	87	88	91	93	95	
1623	79	81	82	84	86	88	88	92	94	
1624	82	88	
1625	87	
1630	11	
1638	29	
1639	11	18	
1640	7	9	11	13	13	14	16	18	56	
1641	3	12	15	16	17	19	20	21	24	52	57	69	
1642	18	22	23	25	46	49	51	52	53	
1643	16	49	82	85	87	90	92	95	
1644	39	79	80	82	83	85	88	89	
1645	10	13	16	41	69	78	82	
1646	4	8	11	14	16	18	19	20	22	27	30	69	
1647	4	10	12	13	14	15	18	19	20	21	22	23	26	56	69	
1648	5	22	51	55	
1649	83	85	86	87	88	89	90	92	93	95	98	
1650	7	13	76	77	81	82	84	85	86	87	89	90	93	95	98	
1651	77	78	79	80	81	83	84	85	86	89	91	93	96	
1652	83	85	87	89	90	92	93	96	99	
1653	86	88	91	93	97	
1654	91	
1655	53	55	85	87	89	91	94	96	
1656	55	80	81	83	85	86	88	89	97	
1657	80	82	84	88	92	
1658	44	44	45	88	
1668	98	
1669	18	
1672	11	13	
1673	5	9	10	13	15	16	18	20	27	
1674	7	10	11	12	13	14	15	16	17	18	19	20	21	24	53	56	
1675	19	20	22	24	25	27	47	51	51	53	54	55	60	89	
1676	22	49	50	87	91	92	94	97	
1677	77	78	80	81	83	85	89	92	95	
1678	9	12	15	19	67	69	79	81	84	94	
1679	9	12	13	15	16	17	19	23	
1680	4	11	12	15	17	18	19	20	21	24	56	71	78	
1681	3	22	50	51	52	53	
1682	49	87	89	90	92	94	96	
1683	77	79	79	81	82	84	86	87	90	
1684	77	78	80	81	83	85	87	88	93	
1685	7	15	15	79	81	84	87	88	
1686	78	80	81	84	87	88	93	96	
1687	76	78	80	81	84	86	92	
1688	77	81	83	84	86	90	
1689	78	81	83	84	86	90	
1690	77	79	80	84	93	
1691	79	
1706	9	11	15	15	18	18	22	29	
1707	8	10	11	13	13	14	16	17	19	20	57	
1708	13	17	18	18	19	20	21	24	48	51	51	53	54	55	60	70	73	83	
1709	21	22	47	49	50	54	63	93	97	
1710	45	80	81	83	85	87	88	91	95	
1711	9	30	39	80	84	89	
1712	6	9	11	13	14	15	16	18	19	20	23	
1713	7	13	17	18	19	20	21	24	27	70	
1714	22	23	24	50	51	53	54	79	88	92	97	
1715	83	86	87	88	89	90	92	94	96	
1716	55	77	80	81	83	84	86	87	88	90	96	99	
1717	79	80	83	84	89	94	99	
1718	79	84	
1719	80	
1720	79	
1721	80	84	89	
1722	81	87	
1723	81	
1724	83	91	
1739	9	
1740	9	10	12	14	15	15	18	23	29	
1741	5	7	11	12	15	16	17	18	18	19	20	24	53	56	68	
1742	17	21	22	23	25	46	50	51	52	54	55	56	62	
1743	48	83	85	86	89	91	96	
1744	18	40	67	78	81	
1745	7	10	12	14	16	19	25	27	57	65	76	
1746	8	12	13	17	20	21	23	25	53	56	68	
1747	24	50	52	55	56	93	
1748	55	83	86	87	89	90	94	96	
1749	55	76	77	80	80	82	84	85	88	92	99	
1750	78	80	83	87	96	
1751	78	
1752	98	
1754	86	89	
1755	104	
1756	98	
1759	76	93	
1765	99	100	100	
1773	11	15	
1774	8	10	11	12	13	14	15	17	19	58	
1775	15	16	17	18	19	21	24	34	52	54	55	56	60	
1776	18	22	23	48	49	50	53	93	
1777	42	45	49	79	81	84	94	
1778	7	10	12	13	15	20	57	69	
1779	12	15	18	19	20	24	51	52	57	70	73	
1780	22	24	50	51	52	53	57	88	92	98	
1781	51	85	87	88	90	95	99	
1782	78	79	81	84	86	88	91	93	
1783	58	79	82	84	99	
1784	79	85	
1807	10	
1808	5	7	8	9	11	13	13	14	15	23	
1809	18	19	25	54	88	92	
1810	86	87	90	91	95	
1811	9	14	16	58	65	
1812	12	15	25	25	53	56	
1813	23	24	50	52	55	91	92	98	
1814	53	83	85	86	87	89	90	94	98	
1815	79	80	82	83	85	87	90	93	
1816	79	82	83	89	
1817	70	
1820	58	
1825	102	
1833	61	
1839	17	
1841	8	8	
1842	5	12	13	16	
1843	10	14	18	78	81	85	90	97	98	
1844	8	10	14	76	77	80	81	83	84	85	87	89	94	101	
1845	12	86	88	89	92	95	
1846	51	54	86	87	90	91	93	95	96	
1847	54	86	87	89	90	91	95	
1848	78	79	81	82	84	86	88	88	90	93	
1849	79	83	87	
1859	47	
1869	4	
1871	62	
1877	78	85	
1878	9	15	79	83	86	99	
1879	80	82	83	85	90	99	
1880	77	81	82	84	85	86	88	90	96	
1881	77	79	80	82	84	86	88	94	99	
1882	81	83	
1883	83	
1902	59	
1910	92	
1912	99	
1913	79	89	
1914	78	80	84	90	
1915	80	89	94	
1918	10	
1925	37	
1939	33	
1946	91	
1947	85	
1948	79	
1950	98	
1976	60	
1977	66	
1983	94	
1984	11	
1991	101	
2013	102	
2022	44	
2026	62	
2041	19	52	
2044	9	
2051	76	
2061	101	
2063	85	
2092	55	
2098	97	
2109	7	
2117	95	
2152	14	
2157	1	16	
2159	39	
2164	25	
2166	98	
2186	11	
2191	101	
2192	92	
2235	99	
2254	12	
2256	8	
