78	61	
79	46	
80	50	
84	79	
113	45	
152	91	92	
185	92	
193	87	92	
194	83	86	88	89	90	91	93	95	
195	86	88	90	92	
196	17	
206	87	
213	16	17	
217	92	
218	86	87	91	96	
219	82	86	87	88	90	91	95	98	
220	82	86	87	88	90	91	92	93	97	
221	17	86	87	89	90	92	94	97	
222	92	
225	52	
226	48	
227	8	82	83	86	87	88	90	92	95	
228	9	11	14	81	82	84	85	86	87	89	90	92	95	97	98	
229	12	15	16	81	82	85	86	89	96	98	
230	16	17	20	87	98	
249	88	91	
250	83	87	88	89	90	91	93	95	
251	83	86	87	89	90	91	93	93	96	
252	81	82	84	85	86	87	88	90	91	92	93	96	
253	7	9	80	81	82	84	85	86	87	88	89	90	92	93	96	
254	9	12	16	78	79	80	81	82	84	85	86	87	88	89	90	91	93	94	96	
255	6	10	13	14	16	80	81	82	83	83	85	86	87	88	89	91	95	98	
256	12	16	17	18	81	85	86	88	88	90	97	99	
257	17	22	
258	52	57	
259	47	49	51	52	54	
260	45	46	49	50	53	87	91	94	
261	78	81	82	84	86	87	89	94	
262	4	7	9	10	11	13	14	18	77	78	79	80	82	83	84	86	89	
263	7	10	11	12	13	14	15	16	16	17	18	19	26	79	80	82	83	84	87	88	100	
264	15	16	17	17	18	19	21	81	
282	92	
283	82	84	86	87	89	91	92	94	97	98	
284	80	81	82	84	85	86	87	88	89	90	91	93	95	98	99	
285	78	79	80	81	83	84	85	86	87	88	90	91	95	98	98	
286	79	80	81	82	83	84	85	87	88	90	96	98	
287	8	79	79	81	82	84	85	88	101	
288	9	79	80	81	83	85	98	
289	6	8	10	11	12	14	16	78	79	80	81	84	85	87	90	93	
290	10	12	13	14	15	16	18	20	81	82	83	85	87	89	94	
291	17	18	19	26	58	87	90	
292	48	51	52	55	57	
293	42	45	46	47	49	50	51	52	53	54	
294	44	46	49	53	82	84	90	93	
295	45	80	81	83	85	87	88	94	99	
296	4	6	8	9	11	12	14	15	28	66	79	
297	5	10	11	12	13	14	15	16	17	18	19	19	21	78	80	
298	17	18	19	20	21	22	22	24	
313	56	
314	52	
315	49	51	52	54	92	
316	48	50	82	84	86	87	89	90	91	95	100	
317	78	79	81	82	83	84	86	87	88	88	89	92	95	
318	54	78	78	79	80	81	82	83	84	86	89	
319	16	37	38	42	46	48	56	79	80	82	84	88	
320	16	18	19	21	30	37	39	42	43	46	47	60	64	69	78	79	81	84	
321	22	43	46	73	78	
322	11	78	81	83	
323	2	6	8	10	11	13	14	78	80	84	
324	7	10	11	12	14	15	15	16	18	20	79	80	82	83	85	88	90	94	99	
325	13	16	17	19	20	22	57	82	85	87	90	97	102	
326	17	47	50	51	52	52	53	54	55	58	60	
327	41	43	44	45	46	47	47	48	49	50	51	53	55	
328	39	44	47	49	
329	9	79	83	
330	6	8	10	11	11	12	14	14	15	16	24	
331	1	5	11	12	13	14	15	16	16	17	18	19	20	20	22	24	
332	17	18	20	21	23	24	
346	56	
347	51	53	56	
348	47	48	50	52	55	56	
349	46	49	51	52	54	83	85	87	88	91	93	96	98	
350	49	80	81	82	84	85	86	88	88	89	91	94	97	
351	79	80	82	83	85	91	99	
352	9	11	15	16	40	80	85	103	
353	6	11	13	14	16	16	17	18	18	19	19	20	26	29	40	47	52	53	56	57	58	64	69	79	
354	17	19	20	21	22	24	32	36	42	43	43	45	46	47	47	48	49	50	51	54	56	61	63	66	68	
355	20	21	23	24	27	33	37	40	42	44	45	46	47	47	48	49	
356	23	44	46	49	64	
357	8	10	
358	7	8	9	10	11	12	13	14	14	15	16	24	27	81	85	
359	6	12	13	14	15	16	16	18	18	19	21	80	82	85	87	88	91	96	
360	16	17	21	51	51	52	53	53	54	55	57	60	
361	40	43	45	46	47	48	48	49	50	50	51	54	59	
362	41	44	45	48	49	94	
363	8	10	13	
364	4	7	9	10	11	12	13	14	15	18	25	
365	6	12	13	14	16	16	17	19	20	21	24	
366	17	18	19	21	23	27	
380	53	56	
381	46	47	49	50	51	52	54	56	58	
382	46	48	49	51	53	53	58	89	92	96	
383	48	81	83	85	87	89	91	93	97	
384	79	80	82	84	85	88	90	
385	8	10	16	18	67	79	81	84	88	98	
386	9	10	11	12	13	13	14	15	16	17	18	19	20	27	64	
387	6	12	15	17	18	18	19	20	21	22	23	24	26	58	69	
388	22	23	23	25	47	48	50	51	52	52	53	54	55	56	60	63	
389	36	41	43	44	45	46	47	47	48	48	49	50	51	53	55	58	
390	40	44	45	46	47	49	50	76	
391	9	13	43	49	75	
392	5	6	9	10	11	14	15	70	
393	7	10	11	12	13	13	14	15	16	18	18	19	57	80	81	84	86	89	97	
394	16	17	17	18	19	21	51	52	53	54	55	55	58	86	88	89	93	96	
395	40	43	46	47	48	48	49	49	50	51	53	55	
396	42	44	45	49	50	92	93	
397	10	89	95	
398	4	6	8	8	10	11	12	13	13	14	15	15	19	
399	6	11	12	13	14	15	16	17	18	18	19	20	22	24	27	
400	17	19	20	22	
413	57	
414	51	52	56	57	
415	47	49	50	51	52	53	54	57	
416	44	45	46	47	48	49	50	52	53	81	85	87	89	91	93	95	
417	45	78	79	81	83	85	87	88	90	
418	10	65	78	82	87	100	
419	7	9	10	12	13	14	15	16	18	
420	5	7	11	12	14	14	15	16	17	17	19	19	20	21	22	23	27	71	
421	18	20	20	21	22	24	26	
422	22	48	50	51	52	53	53	54	55	55	56	57	59	
423	38	45	47	48	49	49	50	50	51	52	53	54	55	56	58	
424	41	43	43	44	45	46	47	47	48	49	50	51	
425	40	45	75	
426	6	9	10	
427	5	6	8	9	10	11	12	13	14	14	15	23	80	81	85	89	95	
428	13	16	17	18	19	20	51	52	53	53	54	55	56	82	83	86	87	90	
429	43	46	47	48	49	50	51	51	54	91	
430	44	45	90	93	
431	4	8	88	
432	6	9	10	11	12	14	14	15	28	86	
433	2	8	12	13	14	15	16	16	17	18	19	20	21	23	85	
434	17	18	20	22	24	
447	56	58	
448	46	47	50	51	52	53	53	54	57	
449	46	47	48	49	50	51	52	54	55	92	94	
450	49	81	83	83	85	87	89	91	96	
451	80	82	85	88	89	94	99	
452	8	9	10	12	14	66	
453	4	6	8	8	10	11	12	12	13	14	15	15	16	17	18	18	19	20	21	23	65	
454	3	11	13	15	16	17	18	20	20	21	22	23	25	
455	21	
456	53	54	56	57	
457	37	47	49	50	50	51	52	53	54	55	56	58	59	
458	40	42	44	45	45	46	46	47	48	49	50	50	53	
459	40	43	45	47	49	75	
460	9	13	
461	4	9	10	12	13	15	16	80	85	
462	12	16	18	23	52	52	54	55	56	81	83	84	86	88	89	91	93	96	98	
463	49	50	51	54	81	83	84	86	87	88	88	89	91	92	94	96	98	
464	45	49	83	84	86	87	88	90	92	95	
465	8	
466	4	6	9	10	11	12	14	15	19	
467	4	7	11	12	13	14	14	15	16	17	17	18	19	20	21	23	69	
468	15	17	18	19	21	22	
480	57	
481	53	57	
482	46	47	48	49	50	51	51	52	54	55	57	
483	43	45	47	49	49	52	55	87	88	90	95	
484	44	77	81	83	85	86	88	88	90	93	94	
485	10	78	83	84	
486	7	9	11	12	14	15	16	19	
487	7	11	12	13	14	15	15	16	17	18	18	19	20	21	24	28	
488	3	20	21	21	22	24	28	
489	23	
490	57	
491	47	50	51	51	52	54	54	55	56	57	60	
492	42	44	45	46	47	47	48	48	49	50	51	53	53	55	59	
493	33	39	41	43	44	45	46	48	
494	72	
495	8	9	12	
496	13	52	79	80	85	90	94	102	
497	79	80	81	82	84	85	88	89	91	93	97	99	
498	79	81	82	84	86	89	92	95	
499	9	14	83	83	89	
500	3	6	7	9	10	11	12	13	14	15	16	19	68	
501	7	11	12	15	15	16	17	17	18	18	19	19	20	21	22	24	41	41	42	
502	20	21	22	
514	52	56	
515	47	50	51	52	53	54	55	56	
516	44	46	47	48	48	49	50	51	53	54	55	59	
517	43	45	46	49	82	85	87	89	92	95	
518	80	83	85	86	91	
519	9	11	13	16	18	29	67	
520	4	6	8	9	10	11	12	13	14	14	15	16	17	19	19	20	24	65	67	
521	7	12	15	17	17	18	19	20	21	22	24	25	
522	21	23	
525	50	51	52	53	54	54	55	57	59	
526	35	45	47	47	48	49	49	50	51	52	53	54	55	56	59	
527	37	40	41	42	43	44	45	45	46	46	47	48	49	50	60	
528	43	45	46	49	73	
529	73	
530	8	84	
531	78	79	81	84	
532	8	78	80	84	88	
533	9	11	13	15	18	
534	3	6	7	9	11	12	12	13	14	14	15	16	16	20	
535	12	15	15	16	16	17	18	19	19	20	21	22	24	25	28	
536	17	18	21	22	
548	52	53	56	
549	46	47	48	50	51	51	53	54	55	57	58	
550	43	45	46	48	49	50	51	54	91	97	
551	43	81	85	88	90	94	
552	10	13	79	87	89	
553	4	8	10	11	12	14	14	15	16	66	
554	7	12	13	13	15	15	16	16	17	18	19	19	20	21	23	24	25	27	70	
555	3	18	21	22	23	23	25	26	
559	53	55	
560	35	47	48	50	51	52	52	54	54	55	56	57	58	
561	37	40	42	44	45	46	47	47	48	48	49	49	50	51	53	54	56	59	
562	30	33	36	40	42	43	44	45	46	46	48	49	52	57	59	
563	38	43	45	46	73	
565	26	38	64	
566	10	14	16	19	
567	8	9	11	12	14	15	16	17	18	19	21	26	39	
568	4	6	9	10	11	12	13	14	15	16	17	18	18	19	19	20	22	23	25	72	
569	13	15	16	17	19	20	20	21	22	22	24	
570	22	24	
582	51	52	55	56	
583	42	46	47	48	49	49	50	51	52	53	54	55	57	58	
584	41	44	45	46	46	47	48	49	50	53	90	96	
585	44	77	79	83	84	87	91	93	
586	7	8	9	10	12	14	66	84	
587	5	7	10	11	12	12	13	14	14	15	16	17	18	19	21	25	
588	12	13	15	16	17	18	18	19	20	21	21	23	24	26	
589	22	23	
594	52	53	54	54	55	57	61	
595	35	37	42	47	48	48	49	50	50	51	52	53	53	54	55	56	57	59	
596	30	32	36	40	41	42	43	44	45	46	47	47	48	49	50	50	59	
597	31	36	39	41	44	46	47	49	56	59	
598	24	26	37	39	42	43	46	47	49	59	67	72	
599	8	19	21	28	30	41	45	46	61	
600	10	12	14	17	18	20	26	38	43	43	65	66	70	
601	4	8	8	10	11	12	13	14	15	16	17	18	19	20	20	21	23	26	72	
602	4	12	15	17	19	20	21	22	23	23	24	26	69	
603	20	22	23	25	
616	48	50	51	52	53	53	55	56	58	
617	41	46	47	48	49	49	50	51	52	54	55	57	
618	43	43	45	46	48	49	51	54	88	94	
619	8	86	93	
620	9	10	11	13	14	66	
621	4	6	8	10	11	12	13	13	14	15	15	16	17	18	19	20	21	24	27	
622	15	16	17	18	19	20	21	23	23	27	
628	55	
629	50	51	52	53	55	55	62	
630	45	45	46	47	48	49	50	51	53	53	54	55	57	58	60	
631	32	40	42	43	44	45	47	49	50	56	61	65	
632	22	24	29	38	39	41	43	43	44	46	48	48	50	61	
633	8	15	18	20	22	24	25	32	42	44	64	67	69	
634	9	11	13	15	18	20	21	22	23	24	63	
635	4	15	20	21	22	23	24	26	
636	21	22	24	
649	53	57	
650	50	51	52	53	54	55	56	58	60	
651	34	41	44	45	46	47	48	48	49	50	50	51	52	54	56	
652	40	44	45	46	47	48	89	
653	8	45	84	
654	4	6	9	12	13	14	14	
655	8	10	11	12	13	14	15	16	17	19	20	21	24	27	
656	16	17	18	18	20	21	23	23	
663	53	
664	51	55	
665	52	54	60	64	
666	24	44	
667	25	45	49	
668	25	
669	5	23	
683	53	58	
684	48	51	52	53	54	55	57	
685	33	42	44	45	46	47	48	49	49	50	51	51	53	54	55	60	
686	41	44	45	46	47	48	49	
687	8	43	
688	6	9	10	11	12	13	14	15	
689	7	11	12	14	15	15	16	17	18	18	19	20	22	23	
690	16	16	17	20	22	24	
694	99	100	102	
718	48	50	51	52	54	55	56	57	60	
719	35	36	42	45	47	47	49	50	50	51	52	53	54	57	
720	41	43	44	45	46	48	49	
721	3	9	
722	7	9	10	11	12	14	14	15	
723	2	6	8	11	11	12	13	13	14	15	17	19	20	23	82	
724	16	16	17	18	19	20	21	
725	23	
752	51	52	53	54	55	56	
753	47	47	48	49	50	51	51	52	53	54	54	55	56	57	58	
754	32	34	37	39	41	42	43	44	45	46	46	47	48	49	
755	36	39	41	44	45	46	66	
756	4	6	9	10	11	12	14	15	18	20	40	
757	6	8	11	12	13	13	14	15	15	17	18	19	20	21	25	27	68	
758	17	19	20	21	22	
759	23	
786	53	54	55	
787	35	47	50	51	52	53	54	55	58	59	
788	34	42	44	45	47	48	49	52	53	57	62	65	
789	29	43	44	45	47	49	61	64	
790	9	14	22	24	25	43	45	65	
791	2	4	6	11	15	20	21	23	24	24	28	43	69	
792	21	23	25	
821	55	
823	45	65	
852	86	
1162	29	
1166	99	
1171	53	
1172	26	
1175	31	
1188	68	
1203	5	
1204	11	
1206	10	53	
1209	12	
1223	1	
1234	16	
1235	48	
1236	53	77	
1238	25	
1240	82	
1241	54	
1276	30	
1280	14	
1281	69	
1288	3	
1293	22	
1304	26	51	
1306	36	
1308	19	26	
1309	27	
1312	28	
1313	6	32	
1315	31	43	
1316	46	53	
1317	3	
1319	85	
1331	35	
1339	36	
1341	36	42	
1342	47	49	96	
1344	30	
1346	29	
1347	2	
1348	18	28	
1349	19	39	42	43	47	57	
1350	17	20	26	28	38	43	47	50	67	69	
1351	68	75	
1362	1	
1368	23	
1372	16	21	26	45	
1373	14	20	
1374	16	20	25	40	43	48	51	56	63	
1375	16	18	19	20	31	39	42	44	46	48	52	57	61	
1376	20	21	35	37	41	46	73	
1377	44	47	48	68	
1378	29	
1381	20	
1382	9	11	14	16	57	
1383	13	16	16	17	19	20	22	27	33	38	40	43	45	46	47	52	56	59	69	
1384	18	20	21	22	24	32	41	43	44	45	46	47	48	49	54	57	72	
1385	42	49	53	
1393	103	
1403	41	
1404	17	23	37	41	
1405	15	17	18	34	37	42	46	48	66	
1406	17	19	21	35	37	42	67	
1407	10	13	13	15	17	19	21	37	41	66	
1408	15	16	18	18	19	20	23	24	32	34	42	45	46	48	51	57	60	65	73	
1409	17	18	20	21	22	24	26	35	38	41	44	47	50	52	54	56	57	61	64	
1410	20	21	22	24	30	36	39	42	43	44	46	47	48	48	50	52	54	61	67	
1411	22	25	36	40	43	43	45	46	49	51	
1412	46	48	70	
1414	9	
1415	10	14	20	
1416	7	9	11	12	14	15	16	18	19	20	26	34	57	
1417	13	14	15	16	17	18	19	20	22	24	26	34	47	52	53	55	56	60	69	
1418	17	22	23	23	25	40	42	44	45	46	47	48	49	50	52	53	54	56	
1419	44	45	46	48	48	49	75	
1420	44	53	60	73	
1421	58	58	
1425	60	
1434	26	63	
1436	15	22	
1437	14	23	
1438	10	14	16	17	39	68	
1439	12	15	16	18	18	19	21	25	40	46	62	
1440	12	14	16	17	18	19	20	22	23	23	25	26	41	43	45	67	70	
1441	11	15	18	20	21	22	24	26	44	
1442	15	19	20	22	23	24	55	65	
1443	21	23	24	34	45	50	52	53	54	56	57	60	65	
1444	25	42	44	45	47	48	48	49	51	52	54	55	56	73	
1445	33	40	42	43	43	44	45	46	47	47	49	49	50	52	53	56	59	
1446	14	37	39	44	46	48	49	
1447	13	32	44	
1449	7	9	10	13	14	15	16	
1450	7	9	11	12	13	13	14	15	15	16	17	19	20	23	27	56	
1451	17	18	18	19	20	21	22	24	51	52	53	54	54	55	57	
1452	23	41	45	47	49	50	51	53	54	
1453	10	45	48	49	55	91	93	
1454	46	
1458	75	
1469	29	
1470	9	14	
1471	8	11	14	17	20	
1472	9	11	12	13	14	16	17	18	19	20	21	38	66	
1473	12	14	15	16	17	18	19	20	21	22	24	29	
1474	13	18	20	21	22	23	45	
1475	22	24	93	
1476	25	90	91	93	95	96	
1477	87	88	90	91	95	97	
1478	17	35	50	51	52	53	54	55	55	56	58	59	
1479	38	42	44	45	46	47	47	48	49	50	51	52	54	56	57	
1480	41	43	44	45	46	47	48	49	61	63	
1481	38	43	47	49	
1482	8	
1483	9	10	11	14	16	18	
1484	7	11	12	13	14	15	16	17	19	20	23	23	53	56	58	
1485	16	17	18	19	20	22	22	24	46	47	48	49	50	51	52	54	55	56	57	60	
1486	39	42	44	45	46	47	48	50	52	54	
1487	45	46	49	79	84	92	
1488	58	
1491	62	
1497	15	84	
1503	8	22	
1504	9	12	13	15	18	
1505	10	12	14	15	16	17	18	19	21	24	26	41	65	67	69	85	
1506	8	9	12	13	15	17	18	18	19	20	22	25	28	
1507	20	22	23	23	25	53	56	
1508	51	
1509	48	86	87	89	90	91	95	97	
1510	78	81	82	84	85	87	88	89	90	92	96	
1511	8	9	10	12	13	14	80	81	82	83	83	84	85	87	89	92	94	
1512	16	17	19	53	55	55	56	57	61	82	85	86	87	88	89	91	93	97	
1513	16	17	35	45	47	47	50	51	52	54	55	56	58	59	
1514	40	43	44	45	46	48	48	49	50	51	53	55	57	
1515	41	45	
1517	5	8	8	9	11	13	14	
1518	7	11	12	15	16	16	17	19	20	25	57	81	
1519	16	17	18	20	21	23	24	27	47	49	50	51	52	53	54	56	58	60	
1520	42	44	45	46	47	48	48	49	50	51	52	54	
1521	44	47	51	
1522	44	
1523	77	
1524	64	
1525	99	
1528	86	
1536	19	
1537	9	14	
1538	7	9	10	12	13	15	16	17	19	
1539	7	10	11	13	13	14	15	16	17	18	19	20	22	24	69	
1540	17	18	21	22	23	24	53	
1541	22	46	47	50	51	54	59	
1542	48	50	87	89	90	92	93	96	
1543	77	80	81	83	83	84	86	87	88	89	93	94	
1544	9	79	80	81	83	83	84	87	88	97	
1545	9	10	11	13	15	41	78	79	81	84	85	90	100	
1546	7	10	11	12	13	14	15	16	19	53	55	57	79	80	81	82	83	84	86	89	92	95	
1547	16	16	17	19	21	35	37	51	52	54	55	56	57	60	82	86	90	96	
1548	41	43	44	45	45	46	47	48	49	50	51	52	53	55	56	58	60	
1549	39	43	44	45	47	48	50	53	
1550	13	31	
1551	5	8	9	10	11	13	14	
1552	4	7	10	12	12	14	15	16	17	18	19	20	23	55	58	
1553	16	17	17	20	21	22	35	47	48	50	51	51	52	53	54	55	56	58	61	
1554	40	42	44	45	46	47	49	49	50	52	54	57	
1555	44	46	48	49	
1556	17	66	67	78	
1566	26	
1570	8	
1571	9	11	13	18	
1572	7	10	11	12	13	14	15	16	17	18	20	
1573	8	12	15	15	16	17	18	18	19	20	21	23	24	56	72	
1574	21	23	47	48	50	51	52	53	53	55	
1575	47	49	50	54	92	97	
1576	14	47	49	52	54	77	81	82	83	85	87	89	93	95	
1577	77	79	81	85	89	
1578	78	80	88	
1579	4	6	9	11	14	15	16	80	88	
1580	7	10	11	12	13	14	15	16	79	81	83	84	87	89	
1581	16	17	18	18	19	22	51	52	53	55	56	57	61	80	82	84	86	88	90	97	
1582	17	22	34	42	45	46	47	48	49	49	50	51	53	53	54	56	59	
1583	39	42	43	44	45	46	47	48	50	89	
1584	32	40	43	46	
1585	4	7	9	10	11	14	15	67	
1586	5	7	11	12	13	14	15	16	18	18	19	20	24	28	53	57	
1587	17	20	21	22	24	33	46	47	48	51	51	52	53	54	55	56	58	58	
1588	41	44	45	46	48	49	50	51	54	
1589	44	51	
1590	48	
1600	40	96	
1604	8	14	
1605	9	11	13	14	15	17	19	24	26	68	81	
1606	6	10	11	12	13	14	15	16	17	18	19	20	24	27	58	
1607	18	20	21	22	23	25	27	52	52	54	56	
1608	47	48	48	49	50	51	52	53	55	56	60	
1609	45	47	49	50	55	83	86	88	88	90	92	94	
1610	53	77	79	81	83	83	85	87	88	
1611	81	84	89	
1613	10	90	
1614	5	7	8	10	10	12	13	14	15	19	21	81	87	
1615	6	11	12	13	15	15	16	17	18	19	20	22	52	53	56	79	80	81	84	90	
1616	17	18	19	21	22	34	47	50	51	52	54	55	56	57	58	
1617	30	37	39	43	44	45	45	46	46	47	48	49	53	63	
1618	33	41	44	46	66	75	
1619	8	10	12	13	15	19	24	26	40	
1620	5	12	14	15	17	19	20	21	25	26	53	55	57	69	83	
1621	20	21	23	47	48	50	51	52	54	55	57	58	
1622	41	44	45	45	46	47	48	48	49	50	54	55	56	
1623	43	45	49	53	92	
1624	49	94	
1626	19	
1629	79	79	80	81	
1638	10	12	14	16	18	
1639	5	8	9	10	12	13	13	14	15	16	17	18	19	21	
1640	7	12	15	15	16	17	17	18	19	20	22	23	57	69	
1641	20	22	47	50	51	51	52	54	55	57	
1642	45	47	48	49	50	52	54	92	96	
1643	45	48	54	81	82	85	86	88	89	91	93	94	
1644	81	86	89	94	
1645	13	52	
1646	13	
1647	15	
1648	4	7	9	10	12	14	15	18	
1649	7	10	11	12	13	15	16	19	21	25	81	85	89	98	99	
1650	16	17	18	18	20	22	25	52	53	54	55	56	85	87	89	91	97	
1651	49	50	54	57	60	
1652	31	42	44	45	48	
1653	4	11	15	24	28	65	
1654	13	22	24	52	53	56	
1655	23	46	47	50	51	52	53	54	54	55	56	58	59	
1656	15	36	37	37	43	45	46	48	49	50	54	57	
1657	38	45	47	48	55	87	90	96	
1671	9	14	28	
1672	6	9	10	11	14	16	19	25	
1673	5	8	11	12	13	13	14	15	16	17	19	19	20	22	23	25	28	69	
1674	18	20	21	22	24	52	55	
1675	22	46	48	49	50	51	52	53	54	55	59	
1676	45	48	49	51	54	86	87	88	89	90	91	93	94	96	
1677	20	78	80	82	84	86	88	89	92	
1678	81	85	95	
1680	73	74	74	75	
1681	9	16	
1682	3	9	12	15	17	19	
1683	5	6	7	9	10	11	11	13	14	15	16	18	80	84	89	97	
1684	7	12	13	16	17	19	22	80	81	82	83	85	87	88	90	97	102	
1685	16	16	17	20	23	
1688	52	55	57	
1689	35	46	47	50	51	52	53	54	56	
1690	44	45	46	48	49	52	54	58	59	88	91	93	96	
1691	48	57	77	79	83	86	89	
1692	84	92	
1695	77	
1705	10	13	18	
1706	6	8	9	11	12	14	15	16	18	20	22	27	
1707	5	8	12	13	14	15	15	16	17	17	18	19	20	21	22	23	53	56	70	
1708	20	21	22	25	47	48	49	50	51	52	54	55	
1709	44	46	48	49	50	53	54	59	92	
1710	44	51	78	79	81	82	83	85	87	89	92	95	
1711	79	81	84	88	99	
1712	79	
1715	55	
1717	7	8	10	12	14	15	19	83	89	
1718	2	7	11	13	14	14	15	18	20	78	80	81	84	86	89	93	97	
1719	13	16	17	18	20	81	82	84	86	88	88	90	91	93	97	
1720	17	93	
1721	57	
1722	51	52	54	55	55	57	93	
1723	46	48	48	49	50	51	52	53	54	90	92	96	
1724	49	81	82	83	85	86	88	89	90	91	93	95	
1725	82	84	87	89	
1726	84	
1738	8	
1739	8	10	13	14	16	19	
1740	3	6	8	10	10	11	12	13	14	15	16	17	18	20	26	
1741	12	15	16	17	18	18	19	20	20	22	24	52	53	55	56	57	
1742	21	22	46	47	49	50	50	51	53	55	59	
1743	44	48	48	51	53	58	87	89	91	96	
1744	44	77	80	83	84	87	89	
1745	80	93	
1751	4	10	15	
1752	4	7	8	10	11	12	14	15	79	81	84	90	
1753	11	12	13	15	17	21	80	81	82	84	85	86	89	91	95	97	
1754	17	83	86	87	88	89	90	90	92	96	98	
1755	52	83	86	87	88	89	90	91	93	94	96	
1756	49	50	52	53	55	83	86	87	90	91	92	95	97	
1757	50	54	82	82	85	86	87	88	88	89	90	91	93	96	
1758	54	80	81	83	84	85	87	89	90	93	97	99	
1759	80	85	93	
1770	30	
1771	19	
1772	11	
1773	9	10	12	13	14	16	21	28	
1774	7	11	12	14	15	16	16	17	19	20	23	57	
1775	17	18	19	20	21	22	23	25	27	37	47	52	53	54	55	56	61	
1776	45	46	47	48	49	49	50	51	52	53	54	55	
1777	43	43	45	49	80	82	83	85	89	93	93	
1778	55	82	
1779	89	
1780	95	
1781	15	
1783	8	
1785	10	14	91	
1786	2	5	10	14	93	
1787	1	7	9	11	12	13	15	17	78	79	81	84	86	88	92	
1788	81	82	83	84	85	86	88	89	90	96	
1789	52	78	78	80	81	82	82	84	85	86	87	89	90	93	96	99	
1790	55	77	80	80	81	82	84	85	86	87	88	89	91	93	96	
1791	54	77	78	79	80	81	82	83	85	86	89	92	93	
1792	79	81	84	87	91	
1793	85	
1805	27	
1806	10	
1807	5	8	9	11	12	13	
1808	5	7	10	11	12	14	15	16	17	18	20	53	56	57	
1809	16	16	17	19	20	22	50	51	52	54	55	57	61	
1810	18	23	41	45	46	47	48	49	50	52	53	55	57	
1811	43	45	48	50	55	80	89	
1812	44	48	88	101	
1820	4	6	
1821	8	79	84	102	
1822	79	80	82	84	87	90	94	
1823	78	79	80	80	81	84	86	89	
1824	78	79	81	83	84	89	
1825	78	79	82	83	88	91	
1826	79	84	
1827	84	
1828	88	
1830	60	
1841	5	8	8	10	11	13	14	
1842	5	6	10	11	12	13	14	15	17	19	28	53	57	82	
1843	16	16	17	18	18	19	20	22	24	48	52	53	54	54	55	56	58	59	
1844	22	41	44	45	46	47	49	49	50	52	54	
1845	43	43	45	49	
1846	48	49	54	
1854	13	
1856	82	87	
1858	79	84	88	
1874	23	
1875	10	13	13	15	20	
1876	6	8	10	11	12	14	14	15	16	18	21	25	
1877	12	13	16	17	17	18	19	20	21	22	23	26	35	48	50	51	52	54	54	57	59	81	83	
1878	22	40	43	45	46	47	49	49	51	53	56	
1879	42	44	45	47	48	53	54	
1884	23	
1886	63	
1891	85	90	
1892	38	
1907	102	
1909	4	9	12	
1910	7	9	10	11	13	14	14	17	20	87	95	
1911	13	15	16	22	51	52	52	54	55	55	56	58	83	86	87	89	90	93	95	97	
1912	45	50	50	51	53	86	86	87	89	90	91	93	94	95	97	
1913	44	45	50	53	87	91	92	95	97	
1914	49	53	97	
1918	74	
1920	97	
1943	9	
1944	5	6	9	11	13	15	84	96	
1945	55	80	81	84	86	89	
1946	51	53	55	78	81	81	82	83	84	85	87	88	90	96	
1947	77	80	81	82	85	86	87	88	89	92	94	94	
1948	82	85	93	
1949	75	
1954	44	
1955	35	
1957	12	82	82	
1979	79	81	84	
1980	79	80	81	83	85	88	
1981	78	79	83	87	89	
1982	86	96	
1986	70	
2003	96	
2007	32	
2013	66	
2014	81	88	
2015	81	83	
2030	19	
2031	86	
2056	62	
2066	82	94	
2068	14	
2093	61	
2115	83	
2119	35	
2129	92	
2132	98	
2195	100	
2227	98	
2241	4	
2293	5	
