50	74	76	
80	50	
109	86	88	90	92	96	
110	87	87	90	92	96	
111	17	93	
113	44	
141	56	58	59	
142	50	51	54	97	
143	49	83	85	86	87	89	91	95	
144	6	11	13	81	82	84	85	86	87	88	88	89	91	92	94	95	98	
145	86	87	88	89	91	92	95	97	
146	16	87	92	98	
147	92	
148	93	
149	87	92	
150	88	91	
174	56	57	
175	51	52	53	55	56	57	58	60	
176	46	47	49	51	52	53	54	87	89	94	
177	10	46	49	79	81	83	84	85	86	87	88	91	96	100	
178	6	9	11	14	78	78	79	80	83	83	85	86	90	95	
179	6	8	11	12	13	15	16	78	79	80	81	83	83	85	86	87	89	91	95	
180	11	14	16	18	81	83	84	85	86	87	88	89	90	91	94	96	
181	87	89	90	91	92	94	96	
182	9	82	87	88	88	89	91	92	95	96	
183	83	86	86	87	88	89	90	91	94	96	
184	7	12	15	81	82	86	87	88	89	90	92	93	95	
185	83	86	87	89	91	93	93	95	98	
186	17	97	97	
208	56	57	60	
209	47	50	51	52	54	55	55	56	58	58	60	
210	46	48	49	50	51	52	53	54	82	86	90	
211	49	51	68	79	81	84	87	90	
212	6	11	38	44	56	67	80	85	88	
213	6	9	12	14	18	19	43	43	45	46	47	48	49	67	70	79	80	85	88	99	
214	3	7	12	26	46	78	78	80	81	84	86	87	89	94	99	
215	8	46	78	80	81	82	83	84	86	87	88	89	91	94	
216	46	78	79	80	81	82	84	85	85	86	88	88	89	91	94	97	98	
217	10	46	80	81	82	84	85	86	87	89	90	93	98	98	
218	6	10	12	13	77	79	81	81	83	83	84	85	86	88	89	90	94	98	98	
219	8	10	11	13	15	17	79	81	82	84	85	86	88	88	90	91	94	97	
220	16	16	18	18	82	87	91	93	94	98	
221	16	17	
242	55	56	57	58	60	
243	50	51	52	53	53	54	55	56	59	62	
244	46	47	49	50	50	51	54	102	
245	9	45	48	84	
246	13	15	16	17	19	20	25	33	57	59	61	70	
247	18	18	19	20	21	23	23	25	34	45	51	52	53	55	56	57	58	58	59	61	70	
248	22	35	42	43	45	45	48	48	49	50	51	52	56	58	59	62	68	71	73	79	83	
249	20	21	26	34	40	44	45	47	49	50	51	56	58	59	66	69	72	77	79	80	84	
250	20	22	37	42	44	45	46	48	48	49	50	52	56	57	59	60	69	72	79	80	81	83	84	
251	21	33	44	45	46	46	48	49	49	50	58	68	72	79	80	82	83	
252	8	11	44	45	46	46	48	71	78	79	80	84	
253	9	10	11	12	14	15	43	78	78	79	80	83	83	85	89	95	
254	7	10	11	12	13	14	15	16	16	18	19	80	81	85	89	91	96	
255	16	17	18	20	22	
257	90	95	
258	87	87	91	92	94	97	
259	16	
276	52	56	57	59	60	
277	47	51	52	52	54	54	55	56	58	60	63	
278	46	47	48	48	49	50	51	53	87	90	
279	5	8	10	12	14	
280	11	12	13	16	18	19	24	
281	16	17	17	20	21	23	25	61	
282	23	23	25	55	59	63	65	
283	24	51	55	56	58	60	
284	23	24	25	45	50	52	53	54	55	56	57	57	59	60	61	65	
285	22	25	49	50	51	51	52	54	55	56	56	57	58	60	65	
286	23	44	45	46	47	47	48	48	49	50	51	52	70	
287	5	7	9	10	13	44	46	72	80	
288	4	8	11	12	12	13	14	15	16	19	20	22	26	79	84	89	
289	17	18	20	21	22	56	58	61	
290	48	51	52	54	
291	46	47	49	82	84	86	89	91	94	99	
292	8	10	12	14	81	82	84	85	86	87	88	89	90	92	94	96	
293	13	17	82	86	87	88	89	90	91	95	97	98	
294	17	88	93	97	
309	58	
310	52	56	57	60	63	
311	47	50	51	52	52	54	54	55	56	57	58	62	
312	44	46	47	48	48	49	50	51	53	
313	4	8	9	10	13	14	45	49	91	
314	5	6	7	11	12	13	14	15	16	18	19	
315	16	16	17	17	19	20	22	24	
318	55	57	60	62	74	
319	51	51	52	53	54	55	56	56	57	58	59	61	62	73	
320	32	45	47	48	49	50	51	51	52	54	58	73	
321	4	8	10	11	14	44	45	46	48	49	
322	5	7	10	11	12	13	14	14	15	16	19	86	90	97	
323	16	16	17	17	19	20	22	25	58	60	62	
324	50	51	52	53	54	55	56	57	59	60	
325	45	46	47	48	49	49	50	81	85	
326	4	6	10	11	14	49	79	80	81	83	84	85	89	99	
327	7	9	11	12	14	15	80	81	82	84	85	86	88	89	90	92	93	95	
328	12	15	16	18	18	81	82	85	87	88	89	91	95	
329	16	17	19	91	
344	55	57	58	61	
345	48	50	51	52	53	53	54	55	56	57	58	60	63	64	
346	45	46	47	47	48	49	49	50	51	51	54	55	69	
347	5	8	9	10	13	44	45	46	48	49	
348	7	11	11	12	14	15	15	16	19	
349	16	16	17	17	18	19	20	21	23	
353	52	53	55	56	57	57	58	60	62	
354	47	48	50	51	52	53	54	54	55	
355	4	9	13	45	46	47	48	49	49	50	
356	3	6	8	9	10	11	12	14	14	15	92	
357	16	17	18	19	20	21	22	57	58	61	89	95	
358	18	22	52	52	53	55	55	56	57	59	60	61	
359	33	43	45	46	47	48	49	50	51	54	58	61	
360	11	42	44	45	47	48	49	56	58	67	71	80	83	
361	7	9	10	12	14	15	20	45	46	47	48	48	50	70	79	80	82	84	
362	7	10	11	12	13	14	15	21	79	80	84	86	89	94	98	
363	16	18	18	20	82	86	88	89	91	95	
364	17	
378	57	58	
379	51	52	52	53	55	55	56	56	57	58	59	60	63	
380	47	48	49	50	51	51	52	53	54	
381	4	6	8	9	11	14	43	45	46	48	49	50	
382	3	7	10	11	12	13	13	14	14	15	18	23	95	
383	16	17	17	18	20	21	
384	17	23	
387	35	52	55	56	57	58	58	60	62	
388	48	50	51	52	53	53	54	54	55	58	59	
389	9	32	46	47	47	48	49	50	
390	2	6	7	9	10	11	12	13	14	15	48	81	90	98	
391	13	15	15	16	17	19	20	21	82	86	88	91	95	
392	16	18	20	22	34	61	
393	34	51	54	55	57	59	62	65	
394	24	45	49	53	56	57	58	59	61	67	
395	22	23	25	48	49	50	51	51	54	73	
396	5	7	9	11	14	44	45	46	46	47	49	49	80	84	
397	7	11	13	14	15	19	23	80	81	85	87	89	91	93	96	98	
398	16	17	19	20	88	91	95	
413	53	55	56	57	57	58	60	62	
414	50	51	51	52	54	54	55	56	57	59	64	
415	9	45	45	46	47	48	49	50	51	
416	4	6	7	9	10	11	12	13	14	15	43	44	90	94	
417	11	13	14	15	17	19	22	80	86	87	88	90	92	93	97	
418	16	18	21	92	
419	18	
421	56	57	57	60	62	
422	51	51	52	53	54	54	55	55	56	57	58	59	
423	46	47	48	49	50	50	51	
424	4	8	8	10	11	12	13	14	46	48	79	
425	11	11	12	14	15	15	17	19	24	81	86	88	89	91	94	
426	16	17	18	19	20	
428	52	55	56	57	57	61	62	74	
429	47	52	53	54	55	56	58	
430	8	45	46	47	48	48	49	50	50	53	
431	7	9	10	11	12	13	14	44	78	78	80	83	85	91	96	
432	12	13	15	16	17	18	19	22	80	86	88	90	95	
433	16	17	22	
447	57	
448	36	51	52	54	55	55	56	56	57	58	59	60	61	65	
449	47	48	50	50	51	52	53	54	55	59	63	75	
450	9	11	14	44	45	46	47	48	49	
451	1	8	9	11	12	13	14	15	18	44	79	81	82	83	85	87	89	95	
452	12	15	16	17	18	20	83	85	89	97	
453	17	21	
455	57	58	60	63	
456	36	51	52	52	53	54	55	56	56	57	59	60	63	
457	47	48	49	50	50	51	53	54	58	
458	5	8	10	11	14	45	46	49	50	
459	6	10	11	12	13	14	15	15	16	18	20	79	82	84	87	91	95	
460	13	16	17	17	19	20	21	23	
461	18	
462	56	57	58	59	62	
463	51	52	52	53	53	54	55	56	57	59	61	
464	8	47	48	49	50	51	51	54	
465	5	6	9	10	13	14	44	46	48	49	83	
466	8	10	12	14	15	16	19	20	28	80	84	90	94	100	
467	16	17	18	18	20	21	
482	53	57	58	58	60	62	
483	33	50	51	52	52	53	54	55	56	59	60	66	
484	5	9	42	44	45	46	48	49	50	51	60	66	71	
485	5	7	8	10	11	12	14	15	19	44	45	47	50	69	72	79	84	
486	12	15	16	17	19	20	21	23	26	69	80	
487	22	
490	52	53	55	56	56	57	58	58	59	60	62	63	
491	47	48	49	50	51	51	52	53	54	55	
492	5	8	10	44	45	46	47	49	49	
493	7	10	11	12	12	14	15	15	19	80	
494	13	16	16	17	18	19	20	21	23	88	
495	18	21	23	
496	58	63	
497	51	53	54	55	56	57	57	59	60	63	
498	47	48	50	50	51	52	54	54	58	
499	7	8	10	11	14	44	46	48	49	
500	3	4	6	10	12	13	13	14	15	79	84	89	
501	12	16	16	17	18	18	19	21	22	
502	22	
517	52	54	60	
518	25	
519	3	14	23	25	
520	22	24	
523	58	
524	52	52	54	55	56	57	58	59	61	
525	47	48	50	51	51	52	52	53	54	54	55	56	58	60	63	75	
526	9	44	45	46	47	47	49	49	50	
527	5	6	8	10	11	12	14	14	15	97	
528	7	12	13	16	18	18	20	23	79	84	88	88	91	93	94	97	99	
529	16	17	19	23	92	
531	52	53	54	55	56	56	57	59	60	
532	48	50	51	52	53	53	54	
533	8	9	14	45	47	49	50	
534	2	6	10	11	12	14	14	15	16	18	86	90	95	99	
535	13	16	17	18	19	23	100	
536	23	
541	93	
558	53	55	56	57	58	60	62	
559	51	51	52	53	54	54	55	56	58	58	59	
560	9	45	46	47	48	48	49	50	51	51	54	
561	9	10	11	14	44	46	47	49	
562	2	6	8	11	12	13	14	15	15	18	20	80	82	84	86	87	89	91	96	
563	13	16	17	19	22	23	85	88	90	
564	17	18	57	58	
565	51	52	53	54	55	56	57	58	59	62	
566	47	50	51	52	53	54	55	56	
567	8	10	48	49	
568	4	7	9	10	11	12	13	13	14	15	16	18	81	86	89	
569	13	15	15	16	16	17	17	18	19	19	20	21	
570	18	23	
571	21	21	21	
575	93	94	
592	57	60	63	
593	51	52	53	54	55	55	56	57	57	58	58	59	60	62	
594	45	47	48	50	50	51	52	52	53	54	55	56	59	
595	5	10	13	44	45	46	46	47	48	48	49	49	50	
596	7	8	8	10	11	12	13	14	15	79	83	85	90	
597	2	11	12	15	16	17	18	19	21	80	84	87	90	95	99	
598	16	17	19	22	56	58	
599	52	53	55	56	57	58	60	
600	48	49	50	51	51	53	54	54	59	88	92	
601	8	13	49	85	89	92	96	
602	4	7	10	11	11	12	13	14	15	16	17	18	81	
603	15	16	17	17	18	19	20	21	22	24	99	
604	17	22	
627	52	56	57	58	59	61	
628	50	51	52	53	53	54	55	56	56	57	58	59	61	64	
629	45	46	47	48	48	49	49	50	51	54	71	
630	3	4	6	8	10	11	14	44	45	46	48	49	69	
631	10	11	12	13	13	14	15	18	21	81	83	86	88	89	92	93	97	
632	17	17	19	20	21	57	58	62	90	
633	51	52	53	55	56	59	93	
634	50	50	52	53	83	86	88	90	93	101	
635	8	10	11	14	82	85	88	88	
636	5	7	10	11	12	13	13	14	15	15	16	17	18	18	19	19	24	68	76	
637	3	15	17	18	20	21	21	22	25	
638	23	
661	57	62	
662	52	54	55	56	57	57	58	60	61	
663	47	48	49	50	51	52	53	54	55	59	
664	9	13	44	45	46	47	48	48	49	50	
665	3	5	7	9	10	11	12	14	15	15	79	81	84	89	98	
666	18	19	21	62	83	85	87	89	91	93	94	97	
667	52	53	55	55	58	86	87	88	88	90	91	92	95	99	
668	51	53	81	82	85	86	87	89	91	93	97	100	
669	6	8	8	10	10	11	13	14	14	15	82	84	
670	7	12	15	15	16	16	17	18	18	19	19	20	24	25	26	
671	17	21	22	23	24	
696	55	56	56	57	58	58	59	61	63	
697	47	50	51	51	52	53	53	54	54	55	56	57	59	
698	8	45	46	47	48	48	49	49	50	51	
699	5	6	9	11	12	14	15	44	46	79	86	88	
700	79	80	82	85	86	88	89	90	91	95	
701	55	78	80	81	82	84	85	86	87	89	90	91	94	97	98	
702	9	80	81	83	84	85	86	88	91	97	
703	4	8	8	10	10	11	12	13	14	15	15	16	18	19	70	
704	12	15	16	17	18	18	19	20	21	23	
705	17	22	
730	57	57	58	61	
731	51	52	52	53	54	55	55	56	56	57	59	60	61	
732	31	43	45	47	48	49	49	50	50	51	52	53	54	56	57	58	
733	11	44	45	46	47	48	48	49	50	70	
734	38	46	80	82	84	86	90	95	98	
735	79	80	81	82	84	85	89	95	
736	9	10	12	13	14	17	18	39	78	80	81	85	
737	5	7	9	10	12	12	13	14	15	15	16	17	17	18	19	19	20	21	24	26	70	
738	1	12	15	17	18	19	20	21	22	22	24	
739	22	
765	53	54	55	55	56	57	58	58	59	61	62	
766	30	50	51	51	52	53	54	54	56	56	57	59	61	
767	32	44	45	46	47	48	48	49	49	50	50	51	54	57	
768	41	44	45	46	47	48	49	49	51	70	79	
769	8	12	13	15	16	19	44	68	78	79	83	
770	4	6	10	11	12	12	13	14	14	15	16	17	18	18	19	20	21	25	26	43	70	
771	4	8	12	14	15	16	17	18	19	20	21	22	23	24	72	
772	22	23	24	
799	57	59	62	
800	34	51	52	53	54	55	56	57	58	59	60	62	
801	50	51	52	54	54	56	59	68	74	
802	25	26	44	45	46	48	48	49	50	52	53	58	65	72	
803	7	8	10	11	13	14	15	19	19	21	23	26	43	45	45	49	69	70	72	
804	11	13	14	15	15	16	18	18	19	20	21	22	24	25	27	45	49	68	71	
805	3	20	21	22	23	24	
806	22	
834	61	
835	34	55	59	74	
836	23	54	65	
837	10	13	20	23	24	
838	3	4	21	22	24	
839	22	
872	2	
1163	67	
1166	29	
1172	8	
1177	41	
1182	40	
1183	103	
1195	33	
1201	56	
1203	62	
1206	77	
1216	48	
1219	2	
1231	48	49	
1232	28	48	
1235	47	
1236	53	
1237	73	
1240	35	80	
1241	28	
1243	71	
1257	69	
1264	18	
1265	19	37	43	44	48	56	60	72	
1266	21	26	45	46	47	50	55	57	59	66	68	73	
1267	45	46	47	48	53	
1268	46	68	
1270	43	48	
1271	47	67	
1272	48	
1273	46	
1279	40	
1280	90	
1290	1	
1297	11	16	
1298	13	15	17	18	20	23	25	58	63	
1299	17	17	19	20	21	24	57	58	59	68	71	
1300	21	22	27	44	45	46	47	50	51	53	55	56	57	59	61	72	
1301	23	25	31	42	43	45	46	47	48	49	50	51	55	58	68	72	
1302	43	44	46	47	48	50	58	59	66	72	
1303	22	39	47	51	
1304	19	45	47	51	56	73	
1305	21	40	43	46	48	51	57	59	67	70	
1306	43	45	46	48	50	56	
1307	46	71	
1308	48	
1309	51	
1311	63	
1316	90	
1319	23	
1330	9	
1331	9	13	27	
1332	7	10	12	13	13	14	15	15	17	19	20	
1333	12	16	17	18	18	19	20	22	23	25	34	57	60	62	
1334	20	21	22	24	51	52	54	55	56	57	58	60	
1335	25	32	48	50	51	52	54	55	56	58	59	61	
1336	24	42	44	45	48	49	50	53	58	67	69	
1337	19	26	43	45	49	55	58	58	63	64	67	71	
1338	16	18	20	23	24	42	45	47	48	50	57	60	68	71	
1339	20	21	28	36	44	48	49	51	55	56	57	58	60	71	
1340	22	25	26	43	45	46	47	49	50	51	53	56	58	59	69	
1341	26	43	45	46	47	48	49	51	53	71	
1342	44	46	47	48	49	51	
1344	50	
1345	46	
1350	38	
1363	24	
1364	15	
1365	6	8	10	14	
1366	6	9	11	12	13	14	15	15	16	17	18	19	23	
1367	13	17	17	19	20	21	23	25	
1368	91	93	98	
1369	55	62	87	91	96	
1370	16	23	52	54	60	74	
1371	23	
1372	20	21	24	28	34	63	72	
1373	21	22	23	52	55	57	60	
1374	21	22	24	51	52	54	55	56	57	58	58	60	65	73	
1375	23	33	35	46	47	49	50	51	52	53	55	56	60	63	72	
1376	44	46	47	48	49	51	53	71	
1377	46	48	51	
1379	48	
1380	43	46	
1381	12	45	46	50	57	
1382	34	
1383	73	
1384	61	
1398	9	
1399	8	10	12	13	14	16	19	
1400	7	10	11	12	14	14	15	16	17	19	21	25	57	
1401	17	18	22	52	
1402	8	47	49	86	88	88	89	91	96	
1403	11	14	82	83	85	86	86	87	88	89	91	93	95	98	
1404	86	87	87	90	91	92	94	96	
1405	73	88	90	91	92	97	
1406	16	87	88	90	91	92	96	98	
1407	17	88	90	91	94	96	
1408	16	53	55	56	57	58	60	62	64	91	
1409	50	51	52	53	54	55	56	57	58	59	
1410	44	46	47	48	49	50	51	55	61	
1411	46	48	50	73	
1413	17	18	22	56	57	58	61	67	72	
1414	23	43	46	47	50	56	71	
1415	43	47	48	50	56	67	72	
1416	48	
1417	68	
1421	36	
1423	56	
1424	82	
1432	8	14	
1433	4	8	10	12	14	16	18	
1434	6	12	13	15	16	19	20	22	57	58	59	63	
1435	3	12	18	20	21	23	48	51	52	53	54	55	56	57	
1436	45	46	48	49	50	51	80	82	83	84	
1437	79	80	81	84	85	87	89	98	
1438	11	15	77	79	80	81	82	84	85	86	89	94	99	
1439	12	77	80	81	82	84	85	86	89	90	92	95	99	
1440	11	78	81	82	83	84	85	86	87	89	90	94	
1441	6	10	12	15	16	77	80	81	83	84	85	86	87	89	90	92	93	96	100	
1442	16	18	20	57	57	61	83	86	87	89	90	91	93	96	
1443	16	17	51	52	53	55	56	57	58	61	
1444	45	46	47	48	49	50	50	52	54	58	
1445	11	47	49	
1446	12	14	19	
1447	16	17	19	23	26	56	56	57	60	62	
1448	17	18	20	21	23	24	27	30	35	42	50	51	52	54	56	58	59	67	73	
1449	44	45	46	47	48	49	50	51	56	72	
1450	43	45	46	47	48	49	56	59	72	
1451	46	49	
1452	49	60	
1466	9	13	
1467	4	8	10	11	13	14	16	19	24	
1468	11	12	14	15	16	17	18	19	23	56	57	58	62	
1469	16	17	21	22	24	51	52	52	54	55	56	58	59	61	
1470	44	45	46	47	49	49	50	52	53	55	
1471	48	81	84	
1472	49	78	80	87	88	93	101	
1473	78	80	82	83	86	88	
1474	79	80	85	89	96	
1475	7	10	12	14	79	80	82	85	89	
1476	7	11	13	14	15	58	78	80	81	84	86	87	88	91	94	
1477	16	17	19	20	52	54	55	56	56	57	58	59	62	82	87	91	
1478	45	46	47	50	50	51	52	53	54	55	56	
1479	13	45	48	48	49	60	
1480	7	10	11	14	15	
1481	13	16	16	17	19	20	62	
1482	16	17	18	20	21	23	52	55	56	57	58	59	61	
1483	36	45	50	50	51	53	53	54	56	58	61	63	
1484	45	47	48	49	50	51	56	58	70	
1485	46	48	49	70	
1491	18	73	
1499	41	
1500	14	
1501	7	10	11	14	19	
1502	6	11	12	13	14	14	15	16	18	21	56	57	58	62	
1503	16	17	18	20	22	24	51	52	52	55	55	56	57	59	
1504	45	46	47	48	49	50	52	53	54	56	
1505	48	49	
1508	79	84	
1509	11	78	83	90	
1510	5	6	8	9	10	11	13	14	15	16	79	82	84	90	
1511	12	13	15	16	16	18	19	20	24	52	53	55	56	57	58	58	60	62	79	81	87	
1512	17	18	21	47	51	52	54	54	59	
1513	44	45	46	47	48	49	51	53	
1514	6	9	11	13	14	18	
1515	6	8	11	12	14	15	19	22	23	
1516	18	21	45	55	88	91	96	
1517	53	54	55	57	60	61	91	92	96	
1518	52	53	54	55	56	57	58	60	
1519	43	44	46	47	48	49	50	55	57	72	
1520	45	46	48	49	52	72	
1523	74	
1524	2	
1526	73	
1535	8	10	15	
1536	6	7	9	10	11	12	13	14	14	15	16	21	23	58	82	85	90	98	99	
1537	13	16	17	18	20	52	52	54	55	55	56	57	59	60	81	87	96	
1538	18	22	46	47	49	50	51	53	54	57	58	63	
1539	44	45	46	47	48	50	61	71	
1540	41	45	49	
1543	8	16	
1544	6	9	10	11	13	14	14	16	19	80	91	
1545	12	13	15	16	18	18	19	21	26	33	52	57	57	59	61	94	
1546	17	21	23	51	51	52	53	54	55	56	59	
1547	45	46	47	49	50	52	54	63	71	
1548	9	12	14	45	48	50	
1549	1	6	11	12	14	15	16	80	85	88	91	93	
1550	17	81	83	86	88	89	89	91	93	95	
1551	7	13	58	62	83	86	87	89	90	91	94	96	99	
1552	16	17	18	32	54	55	57	59	60	93	
1553	47	48	49	50	51	52	54	55	56	58	60	
1554	44	46	48	49	50	52	
1555	51	
1556	60	
1569	9	12	15	
1570	6	8	10	11	12	13	14	21	80	90	
1571	3	13	15	16	19	22	55	57	60	62	79	81	85	87	89	90	94	96	
1572	16	17	21	52	54	55	56	57	58	58	59	61	
1573	44	45	46	47	48	48	49	50	53	55	61	72	
1574	45	46	47	49	50	54	58	
1575	6	51	
1576	103	
1578	8	8	10	11	12	13	14	20	
1579	7	11	12	15	16	17	19	20	22	57	58	59	61	80	84	88	94	
1580	17	18	19	21	22	53	54	55	56	59	62	
1581	46	47	49	49	50	51	51	54	55	72	
1582	45	46	48	50	
1583	13	85	
1584	8	80	81	83	84	86	89	91	95	
1585	6	9	10	11	13	15	78	79	80	81	82	84	86	88	91	98	
1586	13	16	19	20	53	56	56	57	58	59	60	62	80	86	88	92	98	
1587	17	17	20	48	51	52	53	54	56	57	59	74	
1588	45	46	47	48	49	50	53	55	56	60	
1589	47	48	
1596	89	
1599	39	
1604	4	7	10	13	14	17	18	89	102	
1605	7	8	11	12	13	14	15	19	81	84	85	89	94	
1606	16	17	19	21	52	52	56	57	58	59	60	64	88	92	
1607	49	50	51	53	53	55	56	58	61	64	
1608	49	50	51	
1611	5	9	13	
1612	4	8	10	11	14	15	18	56	
1613	6	10	11	12	14	15	15	16	19	22	24	95	
1614	16	17	18	21	22	52	53	54	55	55	56	57	58	58	60	61	
1615	45	47	48	49	50	50	51	54	55	56	60	64	
1616	45	46	49	50	51	54	
1617	83	84	
1618	78	82	86	91	
1619	7	9	10	12	14	15	81	85	89	
1620	7	12	13	15	15	17	19	21	35	60	63	83	85	90	98	
1621	18	19	20	23	53	54	56	57	59	61	
1622	45	46	48	49	50	51	52	54	59	65	
1623	46	49	51	
1624	34	
1636	9	
1637	14	
1638	9	
1639	4	6	8	10	11	12	14	15	17	78	80	83	87	88	
1640	12	15	81	84	86	87	89	91	95	96	99	
1641	52	54	87	90	91	94	97	
1642	53	
1643	55	
1645	10	105	
1646	2	5	9	11	13	15	19	
1647	7	9	10	11	12	13	14	15	16	18	58	80	85	90	94	
1648	1	16	17	19	20	21	53	55	56	56	57	58	60	62	82	90	94	
1649	47	48	50	50	51	52	54	55	
1650	45	46	47	48	49	50	52	53	64	
1651	45	46	49	
1652	8	48	
1653	9	11	13	
1654	6	10	11	12	14	14	15	16	18	19	22	57	81	
1655	17	19	20	23	53	54	55	56	57	58	60	81	89	
1656	45	46	49	50	51	52	54	55	56	58	59	
1657	46	48	50	65	
1658	48	
1663	1	86	87	87	
1667	17	66	
1670	101	
1672	11	13	
1673	9	98	
1674	79	81	84	86	88	91	93	
1675	77	81	82	85	87	88	89	91	93	97	
1676	82	85	87	89	94	
1680	3	10	15	
1681	4	6	7	9	10	11	12	13	14	15	55	82	91	
1682	13	15	15	16	17	18	19	20	22	24	34	52	53	55	56	57	58	58	60	61	80	88	92	96	99	
1683	20	22	50	51	52	53	54	55	55	55	56	56	57	59	60	
1684	43	45	46	47	48	49	50	50	51	55	60	
1685	44	46	49	50	53	
1686	49	
1687	10	12	13	15	16	19	
1688	4	7	10	12	14	15	17	18	20	24	57	58	94	
1689	13	16	17	18	19	20	22	56	57	59	61	82	
1690	21	22	45	47	50	51	51	53	54	58	60	
1691	47	48	49	51	
1697	88	
1707	5	42	89	
1708	79	85	89	
1709	78	80	82	83	85	88	
1710	80	84	94	
1714	10	
1715	3	7	8	10	11	13	14	15	89	100	
1716	7	11	12	15	16	18	20	58	61	79	87	88	91	97	
1717	16	17	19	20	22	51	52	53	55	56	57	59	60	63	
1718	48	49	50	51	52	54	55	58	58	60	65	
1719	45	46	48	49	50	
1720	47	49	
1721	8	10	13	25	
1722	4	6	10	11	12	14	16	17	18	19	24	
1723	15	16	17	20	21	25	28	53	56	57	58	59	60	63	
1724	21	22	48	50	51	51	52	53	54	54	55	57	59	
1725	45	49	50	51	
1726	49	55	
1727	70	
1734	96	
1739	57	
1741	88	102	
1742	10	85	
1747	23	
1748	8	
1749	9	10	12	13	15	19	
1750	7	10	11	12	13	14	15	15	16	20	80	85	90	98	
1751	12	16	17	18	20	23	53	57	58	59	61	86	88	89	91	98	
1752	17	48	51	51	52	53	54	55	56	58	59	60	
1753	43	45	45	46	47	48	48	49	50	53	53	64	
1754	43	46	49	
1755	9	11	15	19	
1756	6	9	11	12	13	14	15	16	17	18	19	23	73	
1757	16	17	18	19	20	21	23	53	55	55	56	56	58	58	59	61	
1758	23	46	49	50	50	51	52	53	54	55	56	59	87	92	96	
1759	48	50	56	
1761	84	
1763	8	
1764	6	7	7	
1770	22	
1783	11	14	
1784	5	8	9	10	12	13	14	21	82	86	88	96	
1785	7	12	15	16	19	61	79	81	83	84	86	89	92	94	
1786	16	16	17	20	51	52	52	54	55	55	56	57	58	60	63	
1787	45	47	49	49	50	51	52	53	54	58	63	71	
1788	44	46	48	48	50	51	71	
1789	8	8	10	12	14	15	16	68	
1790	6	11	12	13	15	16	18	18	19	21	23	25	56	57	69	
1791	22	23	24	47	52	55	56	57	58	62	
1792	46	49	50	51	53	54	56	61	85	87	89	91	96	
1793	49	87	91	
1795	54	
1796	61	
1797	56	
1799	89	
1805	41	
1816	93	94	95	96	
1817	12	14	
1818	8	10	13	
1819	7	10	11	12	14	15	17	58	79	81	85	88	93	96	
1820	13	16	17	18	19	20	52	53	55	56	57	58	60	88	91	95	98	
1821	18	31	50	50	51	52	53	54	57	58	
1822	41	44	45	46	48	49	49	50	69	
1823	7	9	11	12	14	15	19	25	26	41	45	46	58	67	68	
1824	7	13	14	15	16	17	20	21	22	24	56	57	57	59	61	72	
1825	21	22	23	48	51	52	53	53	54	55	56	60	
1826	49	50	54	59	80	82	85	87	88	91	
1827	48	54	84	
1829	103	
1838	84	101	
1845	5	
1849	33	
1850	10	
1852	12	13	
1853	4	8	8	10	10	12	13	14	15	17	18	80	86	88	
1854	12	14	15	16	18	19	22	33	53	55	63	79	82	84	88	88	92	97	
1855	17	17	20	21	51	54	58	63	
1856	8	45	49	69	
1857	10	12	14	15	19	22	27	44	57	68	70	73	
1858	13	15	20	21	23	24	25	52	52	55	56	57	58	59	61	
1859	23	47	50	51	51	52	53	54	55	59	91	93	97	
1860	49	51	54	81	84	86	90	99	
1861	84	89	
1863	65	
1865	60	
1873	102	
1880	20	
1886	8	14	16	97	
1887	5	8	10	11	14	15	
1888	7	12	13	14	15	15	17	19	79	82	87	90	97	
1889	16	16	17	18	20	22	88	90	92	97	
1890	17	17	24	
1891	24	56	57	60	74	
1892	50	51	52	54	55	56	59	61	
1893	49	50	51	53	55	60	66	86	87	88	89	91	93	95	
1894	54	84	87	89	95	
1907	83	
1911	104	
1915	8	
1919	16	
1921	5	9	15	88	
1922	6	9	11	12	14	15	81	86	89	96	
1923	8	11	12	13	14	15	16	19	80	82	84	85	87	88	89	91	94	96	
1924	17	18	20	23	91	
1925	53	56	59	62	
1926	51	52	54	55	58	87	88	89	90	92	94	97	
1927	51	54	60	80	82	83	85	86	87	89	91	97	
1928	60	83	84	87	93	
1936	5	
1939	21	
1955	9	13	
1956	4	8	11	15	18	91	
1957	6	9	10	11	13	14	15	78	79	81	84	86	88	89	94	98	
1958	13	81	82	85	86	87	88	90	91	92	93	95	96	
1959	52	83	87	88	89	90	91	92	93	95	96	
1960	54	81	82	83	84	85	86	87	89	90	95	
1961	81	82	83	85	89	
1973	39	
1980	29	
1990	8	
1991	12	78	82	84	95	
1992	78	78	80	81	83	84	85	86	87	89	94	
1993	77	78	80	81	82	83	84	84	85	87	88	89	90	92	96	100	
1994	79	80	81	84	85	87	89	95	
1995	79	82	84	89	
1996	91	
1999	101	
2004	80	
2008	38	
2012	57	
2014	5	
2024	90	
2025	82	
2026	79	83	100	
2027	79	80	83	84	
2028	59	78	81	83	
2029	89	
2036	82	
2085	20	
2088	82	
2091	84	
2095	65	
2100	20	
2103	59	
2117	41	
2121	16	
2133	27	
2159	15	
2190	13	92	
2215	8	
2217	9	
2256	6	
2267	101	
