77	56	
78	58	
83	67	
84	68	
111	36	
118	75	
143	90	92	97	
144	87	88	90	91	92	98	
145	87	90	91	93	93	96	
146	87	91	92	94	98	
147	87	88	90	91	92	95	98	
148	16	87	88	89	90	92	94	
149	93	
174	57	
175	36	52	56	
176	52	93	
177	49	82	86	87	89	90	92	95	
178	82	85	86	87	88	89	90	91	93	95	
179	81	82	82	84	85	86	87	88	88	89	90	91	94	98	100	
180	9	82	83	84	85	86	87	88	88	89	91	93	95	
181	11	81	82	84	85	86	88	89	90	91	93	97	
182	7	11	18	19	80	81	82	83	84	85	86	87	89	90	91	93	95	98	
183	7	12	14	16	81	83	83	85	86	87	88	88	90	91	92	94	96	99	
184	82	83	85	87	88	89	91	92	93	96	
185	87	91	93	98	
186	17	96	
208	56	57	58	
209	51	52	54	56	57	
210	45	46	47	48	49	50	52	54	89	
211	45	46	47	48	49	53	81	82	84	85	88	90	92	95	
212	80	81	82	83	84	85	86	89	93	99	
213	16	18	37	41	80	81	82	83	84	86	90	
214	17	19	37	41	44	46	47	79	81	81	83	84	85	99	
215	11	36	41	43	46	70	80	81	82	83	84	89	
216	7	8	12	14	36	42	47	80	81	81	82	84	85	88	93	101	
217	9	11	13	80	82	83	83	86	89	99	
218	6	9	11	13	15	81	81	82	84	85	86	88	89	90	93	96	
219	12	13	15	17	19	81	82	84	85	86	87	89	91	92	97	
220	17	91	93	
221	18	
225	87	89	91	92	96	
226	16	87	88	91	92	95	
227	17	88	93	
242	57	
243	34	52	52	54	55	56	56	57	59	60	
244	47	47	49	50	51	52	52	53	54	55	56	61	
245	44	45	46	46	48	49	50	80	89	
246	6	9	11	45	80	81	83	89	
247	12	13	15	16	16	18	18	19	55	58	59	60	81	
248	16	17	17	18	19	19	20	21	24	28	43	43	45	48	50	52	55	57	59	60	64	
249	20	21	23	25	42	44	45	47	49	50	55	56	57	59	62	65	66	68	79	
250	22	23	23	27	42	44	45	46	47	49	50	51	53	54	56	57	59	60	66	79	80	
251	21	22	26	41	43	44	45	46	47	48	49	50	66	81	
252	7	10	12	14	21	43	45	46	48	79	80	81	83	84	
253	7	11	12	13	14	15	81	82	83	83	85	86	89	91	95	
254	8	11	12	14	15	17	21	82	84	86	88	89	90	92	96	99	
255	16	17	18	19	22	
256	57	
257	53	56	59	
258	47	49	50	
259	48	81	82	84	86	89	91	94	
260	7	11	12	14	81	82	83	84	85	86	87	89	90	91	93	94	99	
261	15	16	17	19	83	84	85	87	90	92	98	
262	17	
276	57	
277	34	52	52	54	55	56	56	57	58	60	
278	43	45	47	48	49	50	51	51	52	53	54	54	58	63	
279	44	45	46	47	48	49	50	51	
280	6	9	10	11	14	15	44	48	
281	7	8	11	12	13	13	14	15	16	16	19	20	25	
282	17	17	18	18	19	20	20	21	22	23	25	
283	22	24	25	53	57	
284	23	25	51	52	54	55	56	57	58	60	
285	43	45	47	48	49	50	50	51	53	53	54	58	
286	44	45	46	47	48	49	50	51	
287	2	7	8	10	11	13	44	81	
288	7	10	11	12	14	15	15	16	18	19	22	81	82	83	84	86	94	101	
289	17	18	19	20	21	24	
291	51	52	53	54	55	56	57	58	60	
292	38	47	47	50	50	51	52	54	55	
293	44	45	46	48	49	50	79	85	88	
294	6	8	8	10	12	14	43	79	80	81	82	84	85	89	98	
295	6	10	12	13	14	15	16	19	81	82	84	86	87	89	91	94	
296	16	16	17	19	22	86	92	
297	17	
310	57	
311	52	53	54	55	56	57	59	
312	48	49	50	51	52	53	54	54	55	56	58	60	
313	43	44	45	46	47	49	49	50	54	
314	7	9	10	11	12	14	48	
315	1	4	7	11	12	13	14	15	15	16	16	17	18	19	24	
316	17	18	18	19	20	21	22	
317	23	
318	55	55	56	57	57	58	60	
319	48	50	51	51	52	53	54	55	55	56	59	60	
320	43	44	45	46	47	49	49	50	51	53	
321	4	8	10	11	13	45	46	48	
322	7	10	11	12	12	14	14	15	16	18	82	83	
323	13	16	17	17	18	19	19	20	21	22	86	
324	23	
325	53	54	55	56	57	57	60	62	
326	33	47	51	51	52	53	54	54	55	59	60	
327	43	44	45	45	46	47	48	48	49	50	50	54	
328	9	11	44	48	72	81	
329	3	6	8	9	10	11	13	14	15	16	18	81	82	83	85	88	89	92	93	101	
330	12	13	15	16	16	17	18	19	21	83	84	86	90	93	98	
331	16	17	19	22	
345	53	55	56	57	58	63	
346	47	50	51	52	52	53	54	54	55	58	61	
347	44	45	46	47	48	49	50	50	
348	3	8	9	10	13	14	43	49	
349	6	11	12	13	14	14	15	16	16	18	19	
350	17	17	18	20	21	21	23	
351	23	
352	56	57	60	
353	47	51	51	52	53	54	55	55	56	59	
354	45	46	48	48	49	50	51	53	
355	5	9	11	13	43	46	49	
356	6	8	10	11	12	12	13	14	15	15	18	100	
357	15	16	16	17	18	18	19	20	21	21	23	24	
358	22	
359	53	58	
360	34	51	52	52	53	54	55	55	56	56	57	59	61	
361	43	47	48	49	50	50	51	51	53	53	55	
362	4	9	14	44	45	46	48	49	50	
363	7	9	10	11	12	14	15	18	82	85	
364	12	13	14	15	16	17	19	21	81	82	85	87	89	92	97	98	
365	16	17	18	19	21	86	93	
378	57	
379	52	55	56	57	57	60	
380	47	48	49	51	51	52	53	54	55	56	59	62	
381	46	47	49	50	50	53	
382	4	8	9	11	14	45	48	
383	7	11	11	12	13	13	14	15	15	16	18	24	82	
384	13	16	17	17	19	20	21	22	
385	23	
386	53	56	57	59	
387	37	48	50	51	51	52	53	54	54	55	56	57	59	
388	45	46	47	49	50	51	52	54	58	
389	9	10	48	97	
390	6	8	10	11	12	13	13	14	15	15	16	18	
391	12	16	16	17	17	19	19	20	21	22	24	
392	22	
393	57	
394	52	53	55	55	56	56	57	59	61	
395	38	43	47	50	50	51	51	52	53	54	54	55	59	
396	9	44	45	46	47	47	48	49	50	50	
397	9	10	12	14	45	46	
398	7	9	10	11	12	13	14	15	19	21	82	83	84	86	89	93	94	
399	15	16	17	18	18	20	22	24	81	82	85	87	90	
400	17	20	
413	53	55	56	57	58	61	
414	47	49	50	51	52	53	53	54	55	58	
415	44	46	48	49	50	51	90	97	
416	5	6	8	9	10	13	14	
417	7	10	11	12	13	14	14	15	15	16	16	17	19	
418	13	17	17	18	18	19	20	21	22	23	23	
420	55	56	57	58	
421	47	50	51	52	52	53	54	55	56	59	61	
422	45	46	47	48	49	50	51	53	54	76	
423	8	10	13	14	45	46	48	49	
424	4	6	7	11	12	12	14	14	15	15	16	19	25	
425	13	16	17	17	18	19	20	21	22	23	
426	21	
428	52	55	56	57	58	61	
429	48	51	51	52	53	53	54	55	55	56	57	59	62	
430	38	43	44	45	46	47	47	49	49	50	50	51	53	54	
431	9	44	45	46	48	49	
432	7	9	10	11	12	13	14	15	81	84	
433	7	11	12	15	16	17	19	20	22	24	83	84	99	
434	16	17	17	20	21	
446	58	
447	52	52	54	55	55	56	57	58	60	
448	47	50	51	51	52	53	54	55	55	59	
449	47	48	49	50	51	53	86	89	91	94	
450	6	9	10	11	12	14	67	
451	8	10	11	12	13	14	14	15	16	17	18	19	21	24	26	
452	17	18	20	21	21	23	24	
454	52	56	57	60	
455	37	47	50	51	52	53	53	54	55	55	56	57	59	
456	45	46	47	49	49	50	51	53	
457	8	9	13	49	
458	7	9	11	12	12	14	14	15	16	18	19	24	
459	13	16	17	17	18	19	20	21	22	24	
460	22	
462	55	56	58	
463	35	51	52	53	54	55	55	56	56	57	57	59	61	65	
464	42	47	48	50	50	51	51	52	53	54	55	57	60	
465	42	44	45	46	47	49	49	50	
466	4	7	9	10	12	13	
467	7	11	12	12	13	14	15	15	16	17	18	19	21	23	82	85	92	94	100	
468	16	17	17	19	20	21	
480	56	57	
481	47	52	55	55	56	58	60	
482	34	46	47	49	50	51	51	53	53	54	55	92	98	
483	10	45	47	48	49	85	88	89	91	96	
484	6	8	9	10	11	11	12	13	14	14	15	16	
485	7	11	12	14	15	16	16	17	17	18	19	20	21	23	
486	18	21	22	
488	53	55	55	56	57	60	
489	48	51	52	53	54	54	55	56	57	58	60	
490	44	45	46	47	48	49	50	50	51	53	54	
491	5	9	10	13	44	46	49	78	
492	5	6	8	10	11	12	12	14	14	15	19	24	
493	13	16	17	17	18	19	20	20	21	22	23	25	
497	52	54	55	56	57	57	58	58	61	
498	47	48	50	51	51	52	53	53	54	55	55	56	59	60	
499	44	45	46	47	48	48	49	50	50	
500	4	7	8	9	11	12	14	43	
501	6	10	11	12	13	14	14	15	16	19	82	86	90	
502	16	17	17	18	19	20	21	22	24	
503	21	
514	53	56	58	59	
515	46	48	50	51	52	52	54	55	55	56	
516	46	49	50	51	53	54	83	86	88	89	91	94	
517	9	10	48	79	83	86	91	
518	7	10	11	12	13	13	14	14	15	16	16	18	18	19	83	
519	15	16	17	18	19	20	20	21	24	
520	22	23	
522	53	56	57	58	59	63	
523	50	50	51	52	53	54	54	55	56	59	61	
524	42	44	46	47	47	48	49	49	50	51	52	54	
525	9	10	14	44	46	48	49	
526	6	8	11	11	12	13	14	14	15	18	
527	13	15	16	17	17	19	20	21	22	
528	17	18	21	23	
531	52	53	55	56	56	57	60	
532	48	51	52	52	53	53	54	55	56	59	61	
533	44	46	46	47	49	50	50	51	52	54	
534	6	9	10	14	44	48	
535	7	10	11	11	12	13	14	14	15	15	16	18	82	85	
536	13	16	16	17	17	18	19	20	21	22	84	102	
537	21	22	
548	33	52	55	55	56	56	57	58	
549	42	46	47	49	50	51	52	53	54	55	57	58	62	65	
550	30	39	43	44	45	46	47	48	49	50	53	68	73	81	85	93	
551	7	8	9	11	14	16	42	44	46	80	84	88	
552	5	7	10	11	12	13	14	15	16	17	18	19	19	20	24	26	28	69	
553	17	18	19	20	21	22	24	
554	22	
556	55	56	57	
557	51	52	53	53	54	55	55	56	56	57	58	60	
558	42	45	46	47	49	49	50	51	51	54	54	
559	9	44	46	47	48	49	50	
560	6	8	10	11	12	13	13	14	15	15	43	
561	8	12	13	16	17	19	21	24	82	84	88	92	97	
562	16	17	18	21	
565	52	55	56	57	59	
566	34	48	51	52	53	53	54	55	56	57	58	60	
567	44	46	47	49	49	50	51	52	53	54	
568	8	10	13	45	47	48	
569	5	6	7	10	11	12	12	13	14	15	16	18	23	100	
570	13	15	16	17	17	18	18	19	20	21	23	26	
571	20	21	
582	55	56	58	58	61	
583	31	50	52	53	54	55	57	60	
584	44	45	48	49	53	64	
585	7	8	11	14	19	24	26	44	48	65	
586	12	14	19	20	22	23	24	26	69	
587	21	22	
591	52	54	55	56	56	57	58	58	61	
592	47	50	51	51	52	53	54	54	55	56	59	61	
593	31	41	44	45	45	46	47	48	48	49	49	50	51	77	
594	6	9	10	11	13	14	43	49	
595	7	10	11	12	14	15	21	81	83	83	86	91	95	
596	16	17	18	20	21	87	90	93	
597	18	22	
599	53	55	57	58	60	
600	50	51	51	52	53	54	54	55	56	59	60	63	
601	45	46	47	48	49	50	50	51	54	58	
602	9	11	14	45	48	
603	1	4	7	8	10	11	12	13	13	14	14	15	16	18	24	
604	12	15	16	16	17	17	18	19	20	20	21	24	
605	21	22	
619	24	
620	24	
625	57	58	
626	52	53	53	54	55	55	56	56	59	61	
627	31	42	47	48	49	50	51	54	54	56	75	
628	6	9	11	13	44	44	45	46	47	48	49	50	75	
629	7	8	10	11	12	13	14	15	81	82	85	89	94	100	
630	12	14	15	16	20	23	23	83	84	86	89	91	93	95	98	
631	16	18	93	
632	18	
633	53	56	57	57	60	
634	50	51	52	52	54	54	55	56	58	60	
635	46	47	49	50	50	51	52	53	54	91	
636	9	10	14	45	48	90	
637	5	6	8	9	10	11	12	12	13	14	14	15	16	19	
638	1	12	13	15	16	17	17	18	19	19	20	21	23	24	
639	18	22	23	
660	53	54	55	56	56	57	57	58	60	63	
661	34	42	49	50	51	51	52	53	53	54	55	56	57	58	60	
662	40	42	44	45	45	46	47	48	49	49	50	51	
663	8	9	10	14	44	46	
664	7	10	11	13	14	15	81	82	84	86	87	89	98	100	
665	11	13	15	16	17	81	82	84	86	87	89	90	91	96	99	
666	16	18	93	
667	52	56	57	58	
668	51	51	52	53	53	54	54	55	60	91	93	
669	49	50	51	54	86	88	88	90	92	95	
670	9	10	12	14	15	89	
671	2	5	6	8	11	11	12	13	13	14	15	15	16	16	18	18	19	19	
672	12	15	16	17	18	19	20	20	21	22	23	25	
673	22	
694	57	
695	52	53	54	54	55	56	56	57	59	61	
696	31	37	41	45	46	47	49	50	50	51	52	53	54	56	58	63	76	
697	5	30	42	43	44	45	46	47	48	48	49	50	
698	1	5	8	9	10	13	14	44	46	72	80	81	83	85	
699	7	9	11	12	13	14	15	80	81	82	83	85	86	89	93	97	100	
700	18	81	82	85	86	88	89	90	92	95	99	
701	52	53	53	55	56	83	87	88	90	91	92	94	97	
702	51	52	54	54	55	59	82	86	87	88	89	90	91	92	94	98	98	
703	67	81	83	83	85	86	88	89	91	94	
704	8	9	10	11	12	13	14	16	85	89	
705	3	4	7	10	12	13	13	14	15	16	16	18	19	20	20	24	26	
706	18	19	20	21	22	23	24	27	
707	22	
729	55	57	60	63	
730	52	53	53	54	55	55	56	56	57	59	61	
731	29	33	38	41	44	45	47	48	49	49	50	51	51	52	54	54	56	57	59	
732	3	8	42	43	44	45	46	47	48	48	49	49	50	
733	9	11	14	15	28	38	42	43	44	46	47	48	68	80	84	
734	6	82	83	83	84	86	89	93	96	99	
735	39	81	82	82	84	85	86	87	89	90	93	95	
736	43	50	54	80	81	82	83	84	85	86	87	89	90	93	97	
737	9	11	13	16	19	68	81	82	85	
738	4	6	7	9	10	11	11	12	14	14	15	16	16	17	18	18	19	19	20	26	44	
739	13	15	17	18	18	19	20	21	22	23	24	27	
740	22	
764	53	55	
765	53	54	54	55	56	57	58	60	62	64	
766	48	49	50	51	52	53	54	55	56	57	59	61	
767	4	24	25	31	40	43	43	44	45	47	48	49	50	51	53	53	57	58	68	
768	19	26	31	38	40	42	44	44	45	46	48	48	49	50	52	56	58	66	81	84	
769	13	18	20	21	41	43	44	47	48	49	50	61	67	70	80	81	82	83	84	85	
770	9	17	18	20	21	27	39	42	43	44	45	46	48	49	79	81	84	
771	7	9	10	12	13	13	14	15	17	18	19	20	21	22	27	44	45	64	66	69	
772	7	11	12	15	19	20	21	21	22	23	24	26	
773	2	20	21	22	24	
800	52	54	55	58	61	
801	25	52	54	55	62	
802	24	45	51	55	58	63	
803	22	24	25	27	45	49	55	60	
804	9	21	23	23	24	25	65	
805	4	13	22	23	24	
806	21	22	24	
807	23	
1159	78	
1167	10	
1172	86	
1175	74	
1184	97	
1186	64	
1193	6	
1198	68	
1203	11	
1209	50	62	
1231	46	
1234	60	61	
1237	69	
1239	51	
1240	23	27	
1255	83	
1264	86	
1266	38	40	60	
1267	37	
1268	41	46	
1269	48	66	
1270	45	60	60	67	
1273	29	65	65	65	
1278	100	
1283	6	
1285	21	
1288	98	
1289	7	
1297	22	
1298	19	38	
1299	17	20	42	44	66	
1300	18	19	22	27	38	43	45	47	48	52	54	59	64	
1301	17	19	21	37	41	45	46	49	59	67	
1302	17	20	22	42	43	47	49	56	58	58	
1303	19	21	39	43	45	47	49	58	66	69	
1304	23	26	42	45	46	47	48	51	55	58	
1305	36	42	45	46	49	
1306	46	49	
1309	49	50	
1312	94	
1315	73	
1316	58	
1319	70	
1320	101	
1331	10	17	
1332	12	13	15	16	17	19	
1333	16	16	18	19	21	24	42	45	61	
1334	17	18	19	20	21	22	24	43	44	45	47	50	55	56	58	63	64	68	
1335	20	21	23	24	28	45	47	49	55	56	60	
1336	19	21	22	24	43	45	51	54	56	58	58	61	64	68	68	
1337	20	21	23	24	34	45	49	50	52	53	55	56	58	59	
1338	21	22	23	23	26	33	42	43	45	47	49	50	51	53	54	56	58	61	65	72	
1339	25	36	38	43	43	44	46	47	48	49	50	53	55	57	62	
1340	42	44	47	48	49	51	72	
1341	44	46	47	48	
1342	47	50	58	
1344	52	
1345	42	
1346	41	68	
1351	4	
1365	9	13	
1366	6	9	9	10	12	13	13	14	16	19	
1367	12	16	17	17	18	19	20	22	23	25	28	
1368	18	21	22	24	65	
1369	22	23	23	25	45	
1370	24	55	92	93	
1371	16	25	54	55	
1372	52	53	55	57	58	63	64	
1373	25	50	51	52	54	55	56	57	59	93	
1374	23	23	25	41	44	45	48	49	51	52	54	55	57	59	63	
1375	26	32	40	44	46	48	49	50	51	
1376	44	46	51	54	
1377	6	49	
1380	18	20	
1381	18	19	21	40	43	45	56	59	69	
1382	19	22	27	41	44	47	48	49	59	70	
1383	44	46	54	
1384	51	
1385	58	
1386	3	
1393	88	
1398	25	
1399	10	
1400	6	8	9	10	11	12	13	13	14	14	15	17	
1401	7	12	12	15	15	16	17	18	18	19	21	22	24	57	
1402	21	23	25	52	
1403	9	46	49	50	90	93	96	
1404	12	15	85	86	87	90	91	92	95	
1405	82	83	86	87	89	89	90	91	93	95	97	
1406	82	83	86	87	87	89	90	90	92	94	95	96	
1407	55	62	87	88	90	90	92	94	96	
1408	16	17	18	51	52	54	54	55	56	57	59	61	87	90	93	
1409	40	44	45	47	48	49	49	50	51	53	55	56	58	60	64	
1410	43	45	46	47	48	49	50	54	
1411	29	44	51	
1413	10	15	
1414	12	15	19	21	57	
1415	16	17	17	18	19	21	24	36	43	56	57	58	61	65	
1416	18	21	23	23	27	31	42	44	45	47	48	50	51	52	53	54	56	59	
1417	44	46	48	49	50	51	
1418	43	46	
1420	3	
1433	9	12	
1434	6	8	9	10	11	13	13	14	15	18	20	
1435	3	12	14	15	16	17	18	19	22	24	53	56	56	57	85	
1436	17	18	20	21	48	50	51	51	52	53	54	55	56	58	
1437	45	46	47	49	50	86	89	
1438	49	80	81	83	85	86	89	94	
1439	79	80	80	81	82	84	85	87	88	90	93	94	
1440	10	14	80	80	81	81	84	84	86	89	92	101	
1441	7	8	10	11	14	15	17	19	80	81	81	83	84	85	86	89	92	95	
1442	16	17	19	55	55	56	56	57	62	82	84	86	89	93	
1443	17	20	48	50	51	52	53	54	55	56	57	59	
1444	44	45	46	46	47	49	49	50	53	54	56	
1445	45	46	48	50	
1446	46	
1447	11	14	18	58	
1448	8	10	11	12	13	14	18	
1449	12	16	17	18	19	23	25	49	53	55	56	57	60	63	
1450	17	21	22	23	43	50	51	51	52	54	55	56	58	58	60	
1451	44	45	46	47	48	49	50	51	54	
1452	43	46	48	48	49	51	55	
1453	54	
1457	13	
1459	76	
1466	14	
1467	8	
1468	9	10	11	13	13	15	19	
1469	7	11	12	12	15	16	19	20	22	24	56	57	60	82	83	87	101	
1470	17	18	19	20	22	50	51	52	53	54	55	58	58	87	
1471	45	46	47	48	49	50	51	53	83	89	94	
1472	45	48	80	84	93	
1473	80	86	
1474	11	81	83	
1475	6	9	10	12	14	15	81	83	93	
1476	7	12	13	14	15	16	18	20	57	58	81	83	84	86	
1477	16	17	20	21	22	35	51	52	53	54	54	55	56	57	59	60	
1478	45	46	47	48	49	50	50	51	54	
1479	44	46	48	50	55	
1481	11	27	
1482	5	7	8	10	11	13	13	14	18	
1483	11	12	14	15	16	19	22	24	57	58	88	91	96	
1484	17	18	18	20	22	52	52	54	55	56	57	59	61	83	
1485	38	41	46	46	47	48	49	50	51	52	54	55	57	58	83	
1486	44	46	48	49	51	63	
1487	45	46	
1489	55	
1491	99	
1493	102	
1501	9	
1502	5	9	11	13	14	15	15	18	24	
1503	6	8	11	12	13	14	15	15	16	17	19	56	56	57	61	
1504	16	17	18	19	20	21	23	48	51	52	53	53	54	54	55	56	59	
1505	44	47	49	49	50	51	59	91	
1506	44	47	50	62	
1507	85	
1508	9	17	
1509	6	9	10	13	14	51	
1510	5	7	10	11	13	14	14	15	16	18	18	20	57	58	
1511	16	17	19	20	21	23	51	52	53	54	55	56	57	58	59	62	
1512	23	45	47	48	50	51	51	53	53	54	61	
1513	44	47	49	52	55	
1514	64	
1516	8	9	11	13	
1517	7	9	10	11	12	13	14	15	16	19	23	83	84	87	96	
1518	16	17	17	19	20	25	55	55	56	57	59	61	82	85	90	94	
1519	18	22	37	42	48	50	50	51	52	53	54	55	56	57	58	
1520	44	45	46	47	48	49	50	50	51	53	54	58	
1521	44	46	49	52	63	76	
1523	55	59	
1524	72	
1526	68	
1535	9	
1536	5	8	10	11	13	14	15	16	
1537	7	11	12	13	15	16	17	19	20	56	57	57	61	
1538	16	17	18	19	20	21	22	23	47	50	51	52	53	53	54	55	56	57	59	
1539	44	45	47	48	48	49	50	56	62	90	
1540	49	53	
1542	8	
1543	10	11	13	15	17	19	25	
1544	5	8	11	12	14	15	15	16	18	19	21	56	57	
1545	17	19	20	21	23	23	26	51	52	52	53	54	55	56	57	59	
1546	45	46	47	49	50	51	52	54	57	
1547	44	48	48	50	
1548	61	
1550	9	14	
1551	5	7	9	10	11	11	12	14	14	19	87	95	
1552	12	13	15	16	17	18	20	24	55	82	83	87	89	92	94	
1553	16	17	18	20	22	51	52	53	55	56	57	58	60	63	63	
1554	42	45	46	47	49	50	50	51	52	54	55	55	57	59	
1555	36	44	45	47	48	49	50	51	54	61	
1556	49	
1558	54	
1560	51	
1565	2	
1567	19	
1569	9	16	
1570	5	7	9	11	12	13	14	16	20	
1571	4	8	11	12	14	15	16	17	17	18	19	20	24	56	57	58	62	
1572	17	19	20	22	24	47	51	52	54	55	56	57	59	62	
1573	44	45	47	48	49	50	51	53	54	92	
1574	48	
1576	11	
1577	6	8	10	12	14	15	
1578	3	5	6	12	13	14	14	15	16	18	19	22	24	56	57	58	
1579	17	17	19	20	22	27	46	51	52	53	54	55	56	57	60	
1580	23	46	47	48	49	50	51	52	54	
1581	44	49	51	54	
1582	48	98	
1584	9	
1585	4	7	7	8	9	11	12	13	15	
1586	7	11	12	12	14	15	17	19	58	82	84	87	91	101	
1587	16	17	19	22	53	54	55	56	57	59	61	83	86	87	89	91	96	
1588	18	47	48	49	50	51	52	53	54	54	55	57	58	61	
1589	43	44	45	46	47	48	49	51	56	60	
1590	47	49	
1592	58	
1594	9	
1601	77	
1603	9	
1604	6	9	10	12	13	14	16	18	
1605	5	7	13	14	15	16	17	19	19	21	23	56	57	61	69	
1606	17	18	21	24	46	47	50	50	51	52	53	53	54	55	57	61	
1607	45	46	48	50	51	88	88	90	92	97	
1608	49	89	94	
1609	15	
1611	8	10	12	14	15	16	24	
1612	3	6	11	12	13	14	15	15	16	17	18	18	20	58	
1613	16	17	19	20	21	23	51	51	52	53	54	55	58	59	61	
1614	45	46	47	48	49	50	51	54	61	
1615	45	46	50	53	
1616	58	
1617	49	
1618	12	16	93	
1619	3	8	11	14	90	
1620	3	6	9	10	11	12	13	14	15	17	18	20	85	93	97	99	
1621	12	15	16	17	19	56	57	57	60	81	82	84	86	90	
1622	17	17	18	22	50	51	52	53	54	55	56	57	58	61	
1623	44	45	46	48	48	49	50	51	52	56	61	
1624	44	46	49	
1625	69	
1637	8	11	13	15	16	
1638	6	10	11	12	12	13	14	15	16	19	22	26	58	
1639	12	15	16	17	18	18	19	20	21	23	24	51	52	53	55	55	56	57	59	62	
1640	21	22	46	47	49	50	51	52	54	55	62	
1641	46	49	50	53	86	88	89	92	
1642	90	
1644	15	25	
1645	8	9	10	12	14	
1646	1	3	7	12	13	14	15	16	17	19	20	22	56	57	58	
1647	16	17	18	19	20	22	23	27	52	52	53	55	55	56	60	
1648	43	45	46	47	48	49	50	50	51	54	55	58	
1649	48	51	
1650	49	
1651	2	49	
1652	46	
1653	13	16	
1654	2	7	9	10	11	13	13	14	15	18	22	83	83	
1655	3	7	12	15	16	17	19	20	58	60	81	83	100	
1656	16	17	18	19	20	22	23	51	52	52	54	55	56	57	59	61	
1657	43	44	45	46	47	48	49	50	51	52	53	57	59	78	
1658	45	46	48	50	
1662	71	
1668	24	
1670	8	13	27	
1671	9	11	14	18	19	
1672	3	7	10	11	12	13	13	14	15	16	17	18	19	21	23	28	56	57	58	
1673	13	17	18	20	21	22	23	25	51	52	52	55	60	
1674	47	49	50	51	52	53	55	57	91	94	
1675	49	53	80	83	86	90	
1676	93	
1679	7	9	11	14	15	17	23	
1680	3	5	6	10	11	12	13	14	15	17	19	58	93	
1681	16	17	17	19	20	22	51	51	52	53	53	54	55	55	56	58	59	60	87	
1682	42	45	46	46	47	49	49	50	50	51	54	
1683	44	45	46	48	48	50	77	
1684	47	
1685	54	
1687	3	9	16	20	29	
1688	3	9	10	12	13	14	16	25	
1689	5	7	10	11	12	15	16	17	18	19	20	23	58	84	
1690	17	18	18	19	20	23	51	52	53	55	56	57	59	60	87	
1691	45	46	47	47	50	51	52	53	54	57	58	
1692	44	46	48	49	
1693	51	
1704	9	17	19	
1705	6	9	10	11	13	14	15	
1706	7	12	13	15	18	19	21	25	56	58	
1707	23	23	51	52	53	53	54	55	55	56	88	91	92	93	98	
1708	49	50	52	86	87	88	90	92	93	95	
1709	84	88	89	97	102	
1712	14	
1713	10	13	14	
1714	6	8	10	11	12	14	15	18	20	58	87	93	
1715	13	16	17	19	21	36	52	53	54	55	55	56	57	60	63	82	84	87	92	98	
1716	17	18	22	47	50	51	52	53	54	55	56	60	
1717	34	42	44	45	46	47	48	49	50	53	55	
1718	48	49	53	
1721	9	
1722	5	8	10	11	14	16	18	
1723	5	7	12	13	14	15	15	16	17	18	19	21	56	57	
1724	17	18	19	21	22	23	52	52	53	54	55	55	56	56	57	58	61	82	
1725	32	45	46	47	48	49	50	51	51	52	53	54	
1726	44	47	48	50	54	
1727	74	
1728	70	
1729	76	
1738	10	
1739	7	10	13	14	
1740	8	13	82	86	90	94	101	
1741	82	83	84	85	86	88	88	89	90	92	94	
1742	53	81	83	83	85	86	87	88	89	93	97	
1743	83	84	96	
1744	83	
1746	17	
1747	10	14	
1748	3	6	8	9	11	12	14	15	16	20	86	
1749	7	12	13	15	16	17	19	23	55	58	60	82	83	85	88	90	94	
1750	16	17	18	20	22	52	53	53	54	55	56	58	60	92	
1751	42	44	46	47	48	49	49	50	52	54	55	58	65	73	
1752	38	45	47	49	52	
1754	49	
1755	3	
1756	4	9	10	12	14	16	25	
1757	4	7	11	12	12	13	14	15	16	16	17	19	20	57	
1758	16	17	18	19	20	21	22	25	51	52	52	55	55	56	57	57	58	59	61	
1759	22	46	47	49	50	50	51	52	53	54	59	
1760	45	46	48	49	
1763	66	
1764	61	
1765	55	
1772	87	
1774	3	80	82	85	91	94	
1775	80	81	82	84	85	87	92	95	98	
1776	79	82	85	88	91	98	
1781	14	
1782	8	10	14	56	
1783	6	11	12	14	15	58	80	81	83	85	93	
1784	16	18	19	20	53	54	55	56	56	57	60	62	82	85	87	90	93	
1785	17	18	23	40	43	47	49	50	50	51	53	54	55	56	57	58	
1786	41	44	45	46	46	47	48	49	50	51	60	65	70	
1787	43	44	46	49	
1788	48	
1789	13	
1790	5	6	9	10	12	14	15	18	20	25	
1791	6	8	11	13	13	14	15	16	17	19	20	21	24	57	58	
1792	18	19	20	22	24	52	52	55	56	58	59	
1793	32	45	46	47	49	50	50	51	53	54	56	60	
1794	44	46	49	50	53	92	
1800	74	
1807	13	
1809	84	
1810	83	
1811	98	
1813	11	
1816	13	14	
1817	8	9	10	11	14	15	81	93	
1818	8	11	12	13	15	15	16	17	19	22	23	55	57	61	81	82	83	85	87	90	93	96	99	
1819	16	17	18	21	51	52	54	56	57	59	61	88	92	
1820	32	38	42	45	47	49	50	51	53	53	55	56	59	
1821	29	43	44	46	47	48	48	49	50	51	59	76	
1822	45	46	49	50	
1823	12	14	44	49	
1824	8	9	10	12	14	15	17	19	21	
1825	7	11	12	13	15	16	17	18	19	19	20	22	23	57	58	
1826	18	19	20	21	22	25	27	48	52	53	55	56	59	61	
1827	49	50	51	51	54	58	87	90	91	93	97	
1828	49	51	53	92	
1832	56	
1838	47	
1846	98	
1849	12	
1850	11	14	
1851	5	8	10	15	19	93	
1852	6	9	10	11	13	14	15	81	83	84	86	89	
1853	13	15	16	18	19	53	54	55	60	62	82	84	86	87	89	91	92	94	
1854	16	17	19	51	52	54	55	56	57	59	61	
1855	29	35	37	47	48	49	49	50	52	53	55	56	58	64	
1856	41	43	45	46	48	48	50	63	
1857	9	12	19	26	39	44	45	46	64	68	
1858	2	6	9	10	12	13	13	14	15	17	19	20	22	24	26	44	68	
1859	7	11	12	17	17	19	20	21	22	23	56	58	
1860	21	22	48	49	50	51	52	53	54	55	59	
1861	49	51	52	53	82	86	87	88	90	91	93	96	
1862	84	88	89	
1866	70	
1872	23	
1876	89	
1882	95	
1885	9	
1886	9	12	13	17	80	88	94	
1887	7	9	11	12	13	15	20	81	83	83	84	86	90	96	99	
1888	20	53	62	82	85	86	87	89	90	92	94	97	
1889	17	54	61	87	91	92	
1890	16	17	45	50	53	64	
1891	11	14	23	23	45	63	
1892	8	12	14	15	20	22	23	25	56	
1893	22	23	25	51	52	53	54	55	56	58	
1894	49	50	51	53	53	55	86	87	90	91	92	95	97	
1895	81	82	84	85	86	88	89	90	93	
1896	62	85	93	
1897	98	
1906	46	
1916	10	
1919	18	
1921	5	9	15	82	85	89	
1922	6	8	10	12	13	15	80	80	81	83	84	85	89	94	
1923	11	12	14	15	17	81	82	82	84	85	85	87	88	90	91	94	97	99	
1924	13	17	87	89	90	91	93	97	
1925	87	88	90	91	92	95	98	
1926	53	87	88	90	91	92	94	96	
1927	51	54	87	87	89	90	91	93	94	97	
1928	53	81	83	84	84	85	86	88	88	89	92	94	96	
1929	81	84	87	99	
1930	81	84	
1934	67	
1945	101	
1948	97	
1956	10	13	81	84	89	96	
1957	9	13	80	81	82	84	86	90	96	
1958	81	81	82	83	84	85	86	89	90	92	100	
1959	81	82	85	85	86	88	89	91	94	
1960	81	81	82	85	85	87	89	90	96	100	
1961	81	82	82	83	84	85	87	88	89	91	94	
1962	81	83	84	85	87	90	
1963	81	84	96	100	
1966	75	
1978	100	
1986	16	
1990	15	
1991	86	
1992	80	82	83	85	
1993	79	80	81	83	86	89	92	
1994	80	81	83	86	88	
1995	79	80	83	84	87	
1996	82	86	92	
2007	76	
2008	69	
2009	52	
2022	19	
2027	84	
2028	84	
2029	84	
2049	50	
2066	80	
2067	79	
2069	66	
2078	14	
2080	38	53	
2084	103	
2115	8	
2181	90	
2204	26	
2236	11	
2247	6	
2257	7	
2258	7	
