155	86	91	96	
156	82	85	86	87	89	91	92	93	96	
157	17	83	85	87	89	91	93	96	
158	17	
186	95	
187	56	
188	45	46	51	
189	9	44	47	48	84	
190	10	81	83	84	85	89	101	
191	7	11	12	14	81	82	84	85	86	88	90	96	
192	17	20	85	87	89	91	93	97	
193	17	88	
217	93	
218	87	90	92	94	
219	86	88	90	92	93	97	
220	17	101	
221	53	54	55	56	58	59	
222	33	37	47	48	49	51	52	52	54	55	56	58	59	
223	42	44	45	46	47	48	49	49	50	
224	13	41	44	46	78	79	
225	7	8	10	11	13	15	79	80	81	84	95	
226	11	12	13	14	15	17	81	82	83	84	85	86	87	89	90	93	97	
227	16	16	18	19	82	85	87	90	93	94	
249	58	
250	93	
251	87	89	91	93	95	
252	10	14	82	83	83	85	86	87	88	88	89	91	92	94	96	98	
253	3	10	13	80	81	82	83	84	86	87	89	90	91	93	97	
254	16	17	82	84	86	88	90	92	93	97	
255	16	17	
256	51	52	54	55	55	56	57	58	62	
257	35	50	51	51	52	53	54	56	58	60	
258	36	39	42	43	45	45	46	47	47	48	49	50	54	
259	5	9	14	44	48	
260	4	8	9	11	11	12	13	14	15	79	80	82	84	90	
261	12	15	16	17	18	21	23	81	82	84	86	87	90	93	97	
262	16	17	20	
282	56	
283	51	
284	50	52	54	56	83	86	88	88	90	91	95	
285	50	79	81	82	84	85	87	88	88	90	92	95	
286	9	79	80	82	83	83	84	85	87	89	92	96	
287	3	6	9	11	13	14	18	79	80	81	82	83	85	87	89	94	
288	7	10	11	13	14	15	16	18	19	20	80	81	82	84	85	88	
289	17	20	22	
291	51	52	52	53	54	55	55	56	58	59	62	
292	42	47	47	49	49	50	51	52	53	54	56	
293	38	42	43	44	45	46	48	49	49	
294	5	7	9	10	12	13	
295	7	10	11	12	14	15	18	80	81	82	83	85	87	91	
296	16	16	17	18	19	21	84	
316	51	52	54	58	59	
317	49	50	51	52	54	55	86	87	90	92	94	
318	49	51	81	82	83	84	85	87	88	89	90	91	93	95	101	
319	50	54	79	81	82	84	85	89	95	99	
320	9	79	80	81	84	86	
321	6	8	9	11	12	14	15	79	
322	6	10	11	12	13	13	14	15	15	16	17	19	20	24	82	99	
323	16	17	17	18	19	20	21	22	24	
325	52	55	55	56	57	
326	47	50	51	52	52	53	54	55	59	61	
327	42	44	44	45	46	47	48	48	49	49	50	53	
328	4	8	10	43	45	
329	7	10	11	12	13	13	14	15	15	16	29	82	85	
330	15	16	17	18	18	19	20	22	25	84	90	93	100	
331	17	22	
348	57	
349	52	55	
350	47	49	50	51	52	53	55	60	91	95	
351	48	50	51	53	55	80	82	84	85	87	88	90	92	94	98	
352	40	52	54	56	59	80	82	84	85	87	90	93	100	
353	18	19	26	32	39	42	43	45	46	47	48	49	69	79	
354	38	44	46	
355	3	6	9	10	12	14	15	21	85	
356	7	10	11	12	13	13	14	15	15	16	18	19	23	23	26	
357	16	17	17	18	19	20	21	22	23	27	
359	53	
360	35	51	51	52	53	54	54	55	56	57	58	60	
361	41	43	45	46	47	48	49	50	50	51	53	59	
362	10	40	44	45	49	
363	5	6	8	10	11	12	13	13	14	15	
364	1	8	12	15	15	16	17	18	19	20	22	81	85	90	
365	16	17	18	20	22	
382	53	55	56	
383	47	48	50	51	52	53	55	56	59	
384	47	49	50	51	54	85	87	88	90	93	
385	9	58	80	81	83	83	84	86	88	91	97	100	
386	6	12	14	16	18	19	33	52	54	56	58	61	79	81	
387	17	19	20	21	24	41	44	46	47	48	50	51	52	53	56	66	
388	23	40	43	43	44	46	47	49	50	
389	6	8	9	10	14	
390	3	5	7	11	12	12	14	14	15	16	19	21	
391	13	16	16	17	18	19	20	21	23	
392	23	
394	52	53	55	55	56	57	59	
395	42	47	49	50	50	51	52	53	54	55	
396	43	43	44	45	46	47	48	49	50	
397	2	8	9	10	11	13	14	
398	2	7	12	12	14	15	16	18	19	20	22	25	80	82	83	92	98	
399	17	19	20	22	26	
415	57	
416	51	53	55	56	57	58	62	
417	46	47	49	50	51	52	53	55	88	92	
418	45	48	50	79	83	86	88	90	93	
419	9	10	14	15	68	81	84	88	
420	7	12	13	14	15	15	16	16	17	19	19	20	35	55	57	
421	18	20	21	21	23	23	25	28	36	46	48	50	51	52	53	54	55	58	60	
422	41	43	43	44	45	46	47	47	48	48	49	50	
423	9	10	14	44	66	
424	2	4	6	7	10	11	12	13	13	14	14	15	16	90	
425	16	17	18	18	20	21	23	85	88	91	97	
426	23	
428	52	54	55	56	57	60	
429	46	47	51	51	52	53	54	55	60	
430	44	45	46	48	48	49	50	53	
431	5	8	10	11	43	
432	6	10	11	12	13	13	15	15	18	81	
433	16	17	17	19	20	21	23	
449	56	58	
450	48	50	51	51	52	53	54	55	55	57	61	
451	46	47	49	49	50	87	90	95	
452	8	45	49	80	83	85	87	88	90	94	
453	6	9	10	11	12	13	14	15	16	19	81	
454	2	4	6	10	12	13	15	16	17	17	18	18	19	20	21	22	24	25	53	57	
455	21	22	23	51	52	52	53	54	54	55	55	56	57	58	60	
456	42	45	46	46	47	48	48	49	50	51	52	
457	5	41	44	45	46	49	
458	6	8	9	10	11	13	14	15	99	
459	2	11	13	15	16	17	18	19	22	81	82	84	86	87	90	92	93	97	
460	16	17	19	23	87	91	
461	58	
462	52	53	54	55	56	57	
463	47	49	50	51	51	52	54	55	
464	45	47	48	49	50	
465	4	9	13	90	
466	6	8	10	11	12	14	14	15	18	19	81	87	90	96	
467	13	15	16	17	17	19	20	21	22	28	
468	17	22	
482	57	
483	52	53	55	56	57	60	
484	45	47	48	49	50	51	52	53	54	54	55	61	
485	44	46	47	49	50	51	54	81	83	86	89	
486	8	11	13	29	45	80	83	83	85	87	89	
487	4	7	9	10	11	12	14	14	15	16	19	
488	13	16	17	18	18	19	20	21	22	23	25	26	
489	22	53	55	55	56	57	
490	35	47	48	50	51	52	53	54	54	58	61	
491	41	42	44	45	46	46	47	49	49	76	
492	3	6	9	39	
493	8	9	11	12	13	14	15	19	81	82	84	85	90	95	
494	16	17	20	81	83	84	86	87	89	91	93	94	98	
495	18	85	87	90	92	95	
496	52	52	53	54	55	56	57	60	
497	47	48	50	50	51	52	54	55	58	88	92	
498	45	49	50	83	87	89	92	94	
499	9	10	11	14	15	30	67	81	87	89	
500	2	7	10	11	12	13	13	14	15	15	16	17	18	19	20	23	38	81	
501	2	12	16	17	18	19	20	21	22	38	39	
502	23	
516	57	
517	51	52	53	54	55	56	57	60	
518	43	45	46	47	49	50	50	51	52	53	54	55	
519	45	46	48	49	53	79	88	89	95	
520	9	10	13	44	79	
521	3	6	7	10	11	12	12	13	14	15	15	16	16	19	23	26	69	
522	16	17	18	19	20	21	21	22	23	
523	22	55	57	
524	34	48	50	51	52	52	53	54	54	55	56	56	57	59	
525	42	44	46	47	48	49	49	50	51	53	59	
526	40	42	43	44	45	46	47	48	
527	7	9	11	14	
528	7	10	12	13	13	15	80	81	82	84	85	89	
529	17	80	81	82	83	83	85	86	87	88	90	91	93	96	
530	51	52	53	55	56	58	82	83	86	87	88	90	91	94	96	
531	50	50	52	53	54	55	82	85	86	87	89	90	92	94	97	
532	9	51	82	85	86	88	89	90	95	101	
533	3	6	8	9	10	12	13	14	15	
534	5	6	12	13	14	15	15	16	17	18	18	19	21	23	28	69	
535	13	15	17	18	19	20	21	22	24	
536	22	
550	56	
551	51	52	53	54	54	55	56	57	58	
552	42	46	47	48	48	49	50	51	54	55	
553	44	46	48	48	88	92	95	
554	4	6	8	10	11	14	86	89	
555	7	10	11	12	13	14	14	15	16	17	18	19	20	21	23	27	
556	3	17	19	20	21	22	23	
558	53	55	56	57	62	
559	34	48	50	51	52	53	53	54	55	56	57	58	61	
560	42	44	46	47	48	49	49	50	51	54	
561	31	38	42	43	44	45	46	47	48	48	49	
562	7	9	11	13	39	44	79	83	
563	11	80	81	81	83	84	86	89	93	99	
564	52	80	81	82	83	84	85	86	89	90	93	97	100	
565	53	79	80	81	82	83	83	84	85	86	88	89	91	94	
566	9	13	80	82	84	85	87	90	93	
567	6	9	11	11	12	13	14	15	16	17	18	19	83	
568	11	12	13	14	15	16	17	17	18	19	19	20	21	23	24	71	
569	17	20	21	22	
575	96	96	96	
584	56	58	
585	51	51	52	52	54	54	55	55	56	57	60	
586	41	45	46	46	47	48	49	49	50	50	51	53	54	54	
587	9	44	49	66	
588	7	9	10	11	12	13	14	
589	7	11	12	13	13	15	15	16	17	18	19	19	20	24	
590	17	18	19	21	22	23	24	
593	52	55	55	57	60	
594	33	45	50	51	52	53	53	54	54	55	56	57	58	60	
595	33	41	43	44	45	47	47	48	48	49	49	50	51	52	54	56	57	60	64	
596	31	39	41	42	43	44	45	46	46	47	49	49	58	
597	26	39	42	46	47	48	48	79	80	
598	20	37	41	46	80	81	84	
599	20	41	46	79	80	81	82	84	
600	9	10	14	16	17	19	40	78	80	83	
601	7	10	11	12	13	14	14	15	16	16	17	18	18	19	19	20	21	22	24	27	71	
602	3	13	17	19	20	21	21	22	23	25	26	
603	21	22	
608	6	
618	57	58	
619	48	51	52	53	53	54	54	55	55	56	59	
620	35	41	44	46	47	48	49	49	50	51	54	
621	8	43	45	48	93	94	
622	4	6	8	10	11	12	13	13	14	15	16	
623	12	13	14	15	16	16	17	18	19	21	23	25	
624	17	20	22	23	
628	53	54	55	57	
629	33	50	51	52	53	54	55	56	58	59	
630	25	34	42	45	46	48	48	49	50	51	53	54	55	56	60	64	
631	25	35	38	39	42	44	45	47	49	50	52	54	56	59	64	
632	19	22	25	26	30	41	42	43	44	45	46	47	48	49	50	62	63	
633	10	13	19	20	23	24	25	26	40	43	43	44	46	48	64	
634	5	7	9	11	12	14	15	18	19	20	21	22	24	25	27	44	65	
635	6	12	14	20	21	22	23	23	24	
636	3	21	23	
642	5	5	
652	56	57	
653	51	52	52	53	54	54	55	57	58	60	
654	43	45	46	47	49	49	50	51	51	53	54	
655	8	32	44	45	46	48	88	
656	4	6	9	11	11	12	14	14	19	68	
657	12	13	15	16	17	17	18	18	19	20	21	25	
658	18	20	21	22	
664	51	54	55	
665	53	55	58	65	
666	45	50	53	63	65	
667	23	24	44	
668	5	14	24	
669	23	25	
686	53	57	58	
687	51	52	53	54	54	55	55	57	60	
688	41	45	46	47	48	48	49	50	50	51	54	55	88	95	
689	8	45	49	90	94	
690	4	6	9	10	11	12	13	14	14	18	
691	12	14	16	17	17	18	19	20	21	24	68	
692	18	21	22	25	
720	53	55	56	57	100	
721	36	47	50	51	52	53	54	55	55	58	60	
722	46	47	48	48	49	50	50	86	
723	9	10	44	45	89	
724	3	6	7	8	9	10	11	12	12	13	14	14	15	16	29	
725	13	15	16	17	17	18	19	20	20	21	23	25	
726	18	22	
754	52	56	56	61	
755	48	50	51	51	52	53	54	55	55	56	58	
756	39	43	44	45	46	47	48	49	49	50	50	53	
757	9	13	44	49	89	
758	4	6	8	10	11	11	12	13	14	14	15	16	18	
759	15	16	17	17	18	19	20	21	22	24	72	
760	22	
788	52	53	55	56	57	
789	37	48	50	51	52	53	54	54	55	56	59	
790	43	46	47	48	48	49	49	50	51	
791	9	13	32	40	44	45	46	
792	2	6	8	10	11	12	12	14	14	15	16	18	19	
793	13	17	17	19	20	21	21	23	24	28	
794	22	
822	55	57	
823	51	52	53	54	55	55	56	58	59	62	
824	30	38	42	45	46	47	47	48	49	50	50	51	53	
825	8	10	32	40	43	44	45	47	65	
826	2	4	6	10	11	12	14	15	19	23	26	68	
827	17	20	21	22	23	
828	22	
857	55	58	
858	53	55	64	
859	45	65	
860	14	24	43	
861	25	
886	92	
1163	9	
1165	7	72	
1171	60	
1172	61	89	
1175	90	
1176	99	
1195	40	
1197	40	
1204	70	
1207	88	
1209	10	
1213	57	
1239	29	
1262	15	
1273	17	
1276	36	
1277	23	47	
1278	46	58	
1280	12	
1284	60	
1286	52	
1304	27	
1308	23	
1310	17	18	
1311	16	19	22	41	57	67	
1312	20	22	24	31	41	43	43	47	49	51	67	
1313	39	47	49	
1316	89	
1324	65	
1333	56	
1335	85	
1339	37	
1340	26	
1342	97	
1343	11	15	19	
1344	11	14	28	
1345	17	19	21	24	35	53	56	57	59	
1346	16	17	19	20	22	24	26	38	42	45	47	49	50	53	54	56	59	
1347	22	28	37	42	44	45	46	47	48	50	
1348	44	46	49	
1365	68	
1370	18	
1372	26	
1373	17	19	36	43	43	47	
1374	16	19	27	42	48	56	69	
1375	6	20	41	45	47	56	
1376	29	69	
1377	8	
1378	9	11	14	21	
1379	6	10	11	12	14	15	24	53	58	
1380	17	20	53	54	55	56	57	61	83	90	92	94	
1381	17	18	21	32	37	41	42	45	48	51	53	54	55	56	58	61	
1382	42	43	44	46	46	48	48	49	51	55	61	
1383	44	47	
1384	57	
1391	83	
1399	64	
1405	17	40	
1406	13	16	20	39	
1407	11	14	16	18	18	20	29	38	38	43	57	66	
1408	16	17	19	20	21	34	42	45	46	47	50	52	57	59	65	
1409	18	20	21	23	24	27	41	44	45	46	47	48	49	52	52	57	
1410	43	45	47	48	
1411	43	
1412	11	
1413	7	9	12	14	19	82	88	95	
1414	7	11	12	13	14	15	19	55	57	80	81	85	89	99	
1415	16	17	18	20	51	52	54	55	56	57	58	62	82	86	87	91	97	
1416	17	39	42	45	47	49	50	51	53	55	
1417	42	44	45	46	48	49	51	55	
1418	46	49	57	58	
1423	7	
1438	86	
1439	13	
1440	8	10	12	14	16	18	19	20	22	24	43	66	
1441	11	13	15	16	17	18	18	19	20	21	22	24	43	43	57	
1442	20	21	21	23	24	34	51	53	54	54	55	56	58	61	63	
1443	21	22	41	43	45	46	47	48	48	49	50	51	52	54	55	56	59	
1444	43	44	45	46	48	49	51	
1445	43	
1446	33	
1447	9	
1448	6	8	10	11	13	14	49	81	85	94	99	
1449	11	12	13	15	15	16	21	52	54	55	57	59	80	81	83	83	85	88	91	
1450	16	16	18	19	22	42	47	50	50	51	52	53	54	55	57	58	87	
1451	42	44	45	47	48	48	49	50	57	
1452	49	52	
1453	49	
1455	58	
1469	42	
1470	22	65	
1471	12	15	
1472	8	15	18	28	
1473	10	12	13	14	17	18	20	43	66	
1474	8	9	10	12	13	14	15	16	17	18	19	20	22	23	26	
1475	17	19	20	21	22	24	27	
1476	21	23	25	36	52	52	54	54	55	56	56	57	58	61	
1477	38	47	48	49	50	51	51	52	54	55	56	59	
1478	43	44	45	46	48	48	49	50	52	54	57	
1479	45	
1481	18	
1482	9	11	14	
1483	7	10	11	12	14	15	17	19	53	56	57	81	83	85	
1484	13	16	17	18	20	22	34	36	48	51	52	53	54	55	56	81	82	84	86	92	97	
1485	18	23	42	45	46	47	48	49	49	51	53	59	
1486	45	46	58	
1491	70	
1505	12	12	
1506	7	8	10	12	14	15	16	18	18	
1507	10	11	13	14	15	15	16	17	18	19	21	24	26	
1508	2	13	15	20	21	22	24	
1509	23	87	89	91	95	98	
1510	16	52	53	55	56	56	58	59	86	88	91	92	96	
1511	48	50	50	51	52	53	54	55	56	57	62	
1512	43	43	45	47	49	50	51	
1513	16	49	53	
1516	11	
1517	7	9	9	10	12	13	14	15	19	28	57	
1518	7	12	16	17	18	19	22	23	53	54	55	59	61	80	81	85	92	
1519	17	22	42	44	45	47	48	48	49	50	51	54	55	57	
1520	44	46	48	49	50	51	56	
1521	44	
1528	80	
1531	37	
1539	8	11	14	67	
1540	6	9	10	11	13	13	14	15	17	18	19	20	22	29	56	
1541	5	15	17	19	20	21	23	23	24	52	
1542	22	25	48	50	91	93	95	
1543	8	11	78	80	82	84	86	87	88	90	94	
1544	13	19	53	55	56	57	57	81	82	83	84	85	86	90	93	95	98	
1545	17	37	48	49	50	50	51	52	53	54	55	56	87	90	
1546	44	45	46	48	49	50	51	54	
1547	43	46	50	
1550	9	14	72	
1551	4	9	10	12	14	15	70	
1552	6	8	12	13	15	16	18	18	20	54	55	55	56	58	61	85	85	
1553	16	17	20	22	43	47	48	49	50	51	52	53	54	55	56	58	61	
1554	44	46	48	49	50	
1555	45	53	
1557	58	
1568	25	
1572	10	
1573	5	6	9	10	11	13	14	15	16	21	66	
1574	11	12	13	14	15	15	16	17	18	19	20	22	25	26	53	57	
1575	18	20	21	23	24	47	50	51	52	53	55	
1576	49	50	84	86	88	89	
1577	8	11	79	82	83	86	89	95	
1578	6	11	12	13	13	14	15	18	55	56	57	58	80	81	82	84	85	88	88	91	
1579	16	17	18	19	21	51	52	53	53	54	55	56	61	82	84	86	90	92	96	
1580	39	45	46	47	48	49	51	52	55	56	
1581	43	49	55	
1584	9	
1585	5	9	11	13	13	15	16	
1586	7	11	12	14	15	16	17	19	22	52	56	57	58	61	83	
1587	17	18	19	21	23	38	42	47	47	50	51	52	53	53	54	57	84	
1588	44	45	47	48	49	51	55	57	
1589	45	50	
1594	23	64	64	65	65	
1600	30	35	
1606	10	14	19	26	
1607	8	8	10	11	12	13	14	16	18	20	24	56	57	71	
1608	12	15	16	17	18	18	19	20	21	23	24	51	51	52	54	55	60	68	
1609	22	45	47	48	49	50	51	52	54	59	
1610	44	51	79	81	84	85	88	93	93	98	
1611	13	81	84	
1612	8	9	10	12	13	14	16	79	82	84	
1613	2	12	15	16	17	19	22	50	51	52	54	54	55	57	58	60	81	83	83	85	88	90	95	
1614	10	17	23	36	40	43	45	47	48	50	51	52	53	57	61	
1615	42	44	45	46	48	49	
1616	45	47	50	
1618	15	
1619	4	7	9	11	14	16	
1620	5	7	12	13	14	15	16	17	18	18	19	20	23	24	55	57	61	
1621	17	19	19	20	22	24	26	42	47	48	53	53	54	55	56	58	58	60	
1622	43	44	45	46	47	49	49	51	54	56	
1623	44	49	
1625	72	
1633	91	
1634	42	
1639	13	
1640	7	9	10	14	15	17	
1641	5	10	11	12	13	14	17	18	19	24	53	56	57	
1642	16	17	20	21	22	23	25	27	47	48	51	52	53	54	54	55	57	58	61	
1643	23	43	44	45	47	49	50	51	54	
1644	45	49	79	84	88	90	
1645	9	13	
1646	5	9	11	14	82	
1647	7	11	12	13	15	17	19	55	56	57	80	81	85	88	93	97	100	
1648	16	17	18	20	23	36	51	52	53	54	55	56	59	82	85	86	91	96	
1649	30	34	37	41	43	44	45	46	47	48	48	49	49	50	53	53	59	
1650	36	42	44	46	48	49	51	59	
1651	44	
1652	8	15	43	46	66	
1653	8	9	11	14	17	18	
1654	6	11	12	13	14	15	16	17	18	19	20	23	24	26	53	56	
1655	20	21	22	24	47	48	51	51	52	53	54	55	56	59	
1656	43	45	46	48	49	50	51	53	59	91	93	
1659	77	
1664	61	
1668	79	
1669	44	
1673	25	
1674	7	8	9	10	12	13	14	17	19	
1675	5	6	11	12	12	14	15	15	16	17	17	18	20	23	56	56	60	
1676	17	18	20	21	22	26	47	48	50	51	52	53	54	55	56	59	
1677	44	45	47	49	50	53	86	89	92	
1678	36	51	58	84	98	
1680	11	13	20	
1681	8	8	10	11	13	14	15	80	86	
1682	12	14	15	17	19	21	52	53	54	55	56	57	61	81	82	84	86	88	89	91	93	96	100	
1683	16	17	19	22	50	51	53	54	55	57	58	59	63	90	92	98	
1684	30	37	40	42	44	45	46	47	49	50	50	52	55	56	62	
1685	24	36	41	43	44	45	46	47	49	50	69	
1686	9	14	18	24	26	41	43	49	
1687	4	6	8	10	11	12	14	15	16	19	21	25	28	28	43	56	
1688	12	13	15	15	18	19	20	21	22	23	24	53	55	55	57	59	69	
1689	22	24	46	48	50	52	53	54	55	
1690	44	49	51	55	58	81	85	87	89	92	
1691	48	92	
1694	40	
1707	12	
1708	4	8	9	10	11	12	13	14	15	16	21	25	
1709	7	12	16	17	18	20	52	55	56	57	58	
1710	17	18	21	22	23	46	47	50	51	53	53	54	
1711	44	45	47	48	50	52	54	84	86	88	90	96	98	
1712	87	89	
1714	13	
1715	5	12	14	
1716	2	8	9	10	12	13	15	81	82	83	86	96	100	
1717	6	12	17	22	52	55	81	82	83	84	86	88	90	93	94	
1718	16	17	19	50	52	53	54	59	86	87	92	
1719	17	24	45	48	50	59	63	
1720	23	28	43	45	65	
1721	12	14	20	22	23	25	44	56	58	
1722	22	25	27	52	53	54	54	55	56	57	60	
1723	48	49	49	50	51	54	55	88	91	93	97	
1724	50	53	79	82	84	86	88	91	98	
1725	82	85	88	
1741	8	12	15	
1742	4	9	10	11	12	13	13	14	15	15	18	20	
1743	12	14	15	15	16	16	17	18	19	20	23	23	25	51	52	54	55	56	57	58	60	
1744	18	22	41	46	47	48	49	50	51	53	55	56	
1745	44	47	49	53	79	83	86	88	
1746	47	54	
1749	4	9	13	
1750	4	9	14	20	81	94	
1751	6	9	11	12	14	15	80	81	83	85	90	98	
1752	7	13	15	18	55	81	82	83	83	85	86	87	88	90	92	94	98	
1753	16	83	85	86	87	88	90	91	93	94	97	
1754	16	88	91	92	
1755	25	53	56	88	92	
1756	50	51	51	52	54	55	60	87	90	92	93	95	98	
1757	49	50	52	55	58	82	83	85	86	87	89	90	91	96	
1758	79	82	83	85	88	89	91	94	
1762	13	14	14	15	52	
1769	81	
1771	43	
1774	14	
1775	8	13	25	
1776	5	6	9	10	11	12	13	14	15	16	19	57	
1777	12	13	16	17	18	18	19	20	24	27	52	53	54	54	55	56	57	58	
1778	17	21	22	43	44	46	47	48	49	49	50	52	54	57	60	
1779	45	48	49	84	98	
1780	92	
1782	11	
1784	7	
1785	3	7	11	82	83	88	
1786	6	10	13	14	15	81	82	84	92	
1787	7	10	12	14	80	80	81	82	84	85	87	89	91	100	
1788	7	13	49	82	83	85	86	88	89	90	92	93	97	99	
1789	51	53	82	82	84	85	86	87	88	89	90	92	93	95	100	
1790	52	54	81	82	83	84	85	86	87	88	89	91	94	97	
1791	77	79	80	81	82	83	85	87	89	91	94	
1792	80	84	
1793	86	
1798	3	3	
1799	3	
1803	43	
1809	8	12	15	
1810	6	9	10	11	12	13	14	
1811	12	13	15	16	17	18	19	20	23	24	52	53	55	56	57	58	61	
1812	18	23	45	46	47	49	50	51	52	54	55	56	60	
1813	43	45	49	54	90	94	
1814	50	57	88	88	
1817	98	
1820	10	13	85	
1821	79	80	82	86	
1822	80	81	83	84	85	90	95	
1823	79	80	80	81	83	84	85	89	98	
1824	79	80	80	81	83	84	87	89	
1825	79	81	83	
1826	85	91	
1828	87	
1829	77	
1835	90	
1838	42	
1839	89	
1842	33	97	
1843	10	13	
1844	8	9	9	10	12	13	14	15	17	18	56	57	
1845	3	12	15	15	16	16	17	18	19	20	22	25	51	52	54	55	56	61	
1846	22	23	44	46	47	48	49	50	51	54	
1847	45	48	49	53	85	88	90	94	
1851	73	
1852	3	
1853	64	
1855	98	102	
1856	79	87	88	
1857	79	84	
1858	80	84	100	
1860	47	
1877	8	10	15	16	19	
1878	5	6	10	11	12	13	14	14	15	16	17	18	20	24	29	56	57	
1879	13	16	17	17	19	20	21	24	34	48	50	51	51	52	53	54	56	60	
1880	22	43	45	46	47	48	49	50	51	55	90	
1881	47	60	80	86	89	
1882	82	
1884	63	70	
1886	45	
1891	84	
1894	92	
1904	101	
1908	31	
1911	9	13	14	
1912	4	7	10	11	11	12	14	15	17	19	22	25	55	56	58	
1913	15	16	17	18	19	20	22	24	52	54	54	55	61	
1914	43	44	45	46	47	49	49	50	51	53	55	
1915	49	53	
1932	32	51	
1936	89	
1945	10	12	14	19	
1946	4	6	8	9	10	11	12	13	14	15	16	20	53	57	
1947	16	18	19	21	25	34	51	51	52	54	54	55	57	58	62	82	87	93	
1948	22	47	48	49	50	51	53	83	87	90	92	94	
1949	45	48	88	
1953	42	
1967	81	
1974	81	
1979	11	
1980	7	9	10	11	12	14	84	
1981	51	52	53	54	55	59	81	82	85	87	91	97	99	
1982	51	82	84	85	86	86	88	89	90	91	95	99	
1983	93	
1987	83	
2008	49	
2012	5	14	
2013	13	
2014	4	
2015	80	81	84	91	94	
2016	80	82	83	83	85	86	89	95	101	
2017	83	84	91	96	
2031	30	
2042	71	
2048	2	
2049	80	
2050	79	86	91	
2052	83	97	
2058	26	
2064	29	
2082	13	
2083	93	
2084	84	
2085	84	
2109	43	
2115	12	
2120	15	
2121	3	98	
2164	25	
2170	94	
2173	16	
2178	10	
2185	12	
2228	98	
2247	8	
2252	13	
2253	2	
2256	8	
