15	66	
79	46	
84	80	82	
110	91	
111	36	93	
144	82	85	86	88	89	90	93	
145	85	87	89	90	92	98	
146	92	
175	56	
176	36	47	50	
177	43	48	
178	11	13	79	81	83	93	99	
179	8	12	15	80	81	82	84	85	86	88	88	89	91	95	
180	16	18	82	85	86	87	88	90	92	94	
181	16	91	93	
182	22	92	
193	86	89	94	
194	82	87	91	92	97	
195	93	
209	52	55	56	57	
210	47	50	51	53	55	56	60	
211	32	36	38	40	42	44	45	46	47	47	48	49	50	
212	4	8	43	
213	9	11	13	14	15	79	80	81	83	
214	6	10	12	14	80	81	82	83	85	86	87	88	90	91	94	
215	12	16	18	81	83	84	86	87	88	90	91	97	
216	82	86	87	88	89	91	92	94	
217	16	87	90	91	93	
219	92	
224	56	
225	37	51	59	
226	44	46	48	
227	11	13	80	83	
228	15	80	82	84	86	89	95	
229	17	86	88	90	92	98	
230	17	92	
244	51	52	53	53	54	55	56	57	60	
245	42	45	46	47	47	48	48	49	50	50	51	54	59	
246	40	43	45	46	48	
247	5	10	39	
248	7	10	12	13	15	79	80	81	84	
249	11	14	79	80	81	82	83	85	88	93	
250	7	9	11	13	80	81	82	82	83	84	85	86	89	90	94	98	
251	11	18	81	82	83	85	86	88	89	90	91	95	
252	82	83	85	86	87	88	88	89	91	92	93	97	
253	86	88	89	90	91	93	97	
254	88	92	
258	58	
259	51	53	54	56	60	
260	34	36	40	43	46	47	49	50	
261	40	48	
262	9	12	13	80	
263	6	12	13	15	18	80	81	84	85	87	88	91	
264	16	19	83	86	89	93	
277	56	
278	47	50	52	52	54	55	57	
279	35	46	47	48	49	49	50	51	52	53	54	55	59	
280	44	45	48	56	
281	42	43	43	50	56	62	65	
282	16	17	18	19	24	33	36	38	40	42	43	46	47	48	
283	22	26	39	40	47	79	80	
284	1	2	7	9	13	15	26	78	79	80	83	
285	6	10	12	15	79	80	80	82	83	84	86	93	
286	10	78	80	81	82	84	85	86	87	89	91	94	
287	7	10	12	14	80	81	82	83	83	84	86	87	89	90	98	
288	16	18	19	81	82	84	85	87	89	92	94	101	
289	17	20	
293	52	55	58	
294	43	49	50	52	53	54	56	57	60	
295	36	42	44	45	47	48	49	
296	8	44	48	
297	9	10	11	14	15	79	80	83	
298	13	15	16	19	21	80	81	85	89	92	
299	16	18	19	22	
311	53	57	
312	47	51	52	53	55	55	56	59	
313	41	44	46	47	49	50	51	54	
314	9	44	81	87	89	94	
315	6	11	12	14	15	16	52	57	
316	17	18	19	20	21	23	25	44	45	47	48	50	50	52	54	56	58	60	63	
317	22	24	30	35	37	40	42	43	43	44	45	46	47	48	49	49	50	54	
318	41	44	46	48	
319	9	14	79	
320	10	39	79	80	80	82	83	85	
321	7	9	11	12	13	15	16	17	18	19	66	68	79	80	81	84	
322	7	11	12	13	14	16	18	19	20	80	81	83	84	99	
323	16	17	18	19	20	22	81	83	
324	23	
328	52	53	53	55	56	57	
329	36	43	46	47	48	49	50	51	54	56	59	
330	39	44	45	46	48	
331	5	9	10	13	
332	7	11	12	14	15	16	81	83	86	88	
333	16	16	17	18	19	20	22	82	
334	23	
345	53	56	57	
346	47	50	51	52	52	54	55	
347	41	43	44	47	48	49	
348	8	13	85	91	95	
349	7	11	12	14	15	16	18	19	
350	17	19	20	21	22	25	26	52	53	54	55	56	57	
351	33	38	42	47	48	50	50	51	52	53	53	54	55	56	58	
352	42	44	44	45	46	47	48	48	49	50	51	62	
353	45	
354	7	9	11	13	15	16	18	19	27	42	47	69	
355	4	10	16	17	18	19	20	21	24	26	44	
356	7	10	12	13	14	15	17	19	21	22	23	24	27	
357	2	15	18	19	21	21	23	25	27	
362	56	57	
363	47	48	50	50	51	52	53	54	55	56	58	59	
364	40	43	43	44	45	46	47	48	49	49	
365	9	
366	2	4	6	8	10	11	12	13	14	14	15	19	27	81	
367	16	17	18	19	20	21	22	23	25	
379	52	53	56	57	
380	37	47	48	50	50	51	54	55	59	
381	43	45	46	49	49	
382	85	89	
383	4	6	8	11	12	13	14	15	15	16	19	69	
384	17	18	21	22	23	53	55	57	
385	47	48	50	51	52	53	54	59	
386	43	45	46	49	93	98	
387	9	64	
388	12	13	14	15	15	16	17	18	19	20	24	27	
389	11	19	20	21	22	23	23	24	27	45	
390	3	22	23	25	
396	57	
397	37	48	50	51	52	53	54	55	56	59	62	
398	42	45	46	47	48	49	50	
399	9	
400	3	7	10	11	12	13	13	14	15	16	18	
401	17	17	19	20	21	22	25	
402	22	
413	52	55	56	57	
414	37	48	49	50	51	52	53	54	55	56	59	
415	44	45	49	50	
416	9	11	13	84	
417	6	8	10	11	12	14	15	15	16	17	18	19	23	
418	2	17	20	21	22	25	52	53	55	57	
419	46	47	49	50	52	54	
420	44	49	85	
421	8	10	11	13	14	15	
422	11	15	16	17	19	20	24	
423	18	21	23	
430	55	56	57	
431	38	47	51	52	52	53	54	55	56	61	
432	43	45	46	48	49	
433	9	14	87	91	
434	5	6	8	12	13	14	15	16	18	20	23	
435	17	19	20	21	24	27	
447	51	52	55	56	57	
448	46	47	48	49	50	51	51	53	54	59	
449	43	45	49	86	88	92	94	
450	5	8	10	11	14	
451	12	13	15	15	16	18	19	20	21	23	25	
452	21	22	35	50	51	52	54	55	57	58	
453	39	42	44	46	47	49	50	51	
454	9	44	83	
455	5	7	9	10	11	14	15	16	99	
456	13	14	15	16	16	17	18	20	21	24	101	
457	17	21	
464	56	58	
465	42	46	47	51	52	53	53	54	55	61	
466	40	43	45	46	48	49	
467	9	13	
468	6	8	10	11	12	14	15	16	17	18	19	23	
469	13	16	17	20	21	22	
480	58	
481	48	52	55	
482	42	46	47	49	50	53	
483	8	45	81	84	87	89	
484	5	6	10	11	12	14	14	16	
485	16	17	18	19	20	23	25	58	
486	48	50	51	52	54	55	55	56	58	61	
487	39	42	44	45	46	47	48	49	49	50	53	
488	39	43	45	
489	8	8	10	11	13	13	14	
490	12	15	16	17	18	19	21	81	86	91	
491	17	20	22	
498	52	57	
499	46	48	50	51	52	53	53	54	55	61	
500	44	45	49	93	
501	9	10	13	14	86	92	
502	7	12	14	15	16	16	18	19	20	23	
503	18	21	22	24	
514	53	56	
515	48	51	52	54	55	56	58	
516	32	39	42	44	46	49	50	53	
517	8	
518	6	10	12	13	13	14	15	16	19	
519	3	17	19	20	21	24	27	
520	52	53	54	55	56	57	59	
521	34	36	46	47	48	49	49	50	51	53	56	60	
522	41	43	44	45	46	49	
523	5	7	8	10	12	14	
524	10	12	13	13	14	15	16	18	19	25	26	84	
525	17	18	19	20	21	22	
532	53	55	57	59	
533	36	46	47	50	51	52	54	55	
534	44	45	48	88	88	93	
535	3	8	9	10	11	14	14	87	88	97	
536	12	13	16	16	17	19	19	20	24	
537	21	22	
549	34	48	51	52	54	54	56	58	61	
550	41	44	45	46	49	
551	44	64	
552	7	12	24	28	
553	2	20	22	
554	53	55	56	57	
555	38	46	47	48	49	50	51	51	54	55	59	
556	42	43	44	45	46	49	
557	10	13	15	
558	8	11	12	14	15	15	16	19	87	
559	16	18	19	21	22	82	87	92	
560	18	
566	51	53	53	55	56	59	
567	47	48	49	51	54	
568	44	48	83	83	86	87	89	92	
569	4	7	9	10	11	12	13	14	16	18	82	84	
570	12	15	16	17	17	19	20	21	24	27	
571	20	20	21	21	22	
575	98	
585	65	
588	52	55	57	
589	35	36	47	48	49	50	51	52	53	54	55	56	58	60	
590	40	42	44	45	46	47	48	49	
591	5	9	43	
592	7	9	10	11	13	14	15	25	85	
593	12	17	18	20	82	83	85	86	88	89	91	97	
594	17	21	
599	57	
600	48	49	50	51	52	54	55	59	
601	45	49	50	53	88	91	93	95	
602	9	14	82	84	86	88	89	91	94	
603	5	7	10	11	12	13	14	15	16	19	27	68	
604	15	17	18	20	21	22	24	
605	23	
608	7	7	8	
609	99	
622	55	
623	50	51	52	53	53	54	55	56	57	59	
624	34	38	42	43	44	45	46	47	48	49	49	50	51	58	
625	41	44	47	
626	10	11	13	15	
627	8	11	12	14	15	19	79	80	81	84	86	90	
628	16	17	18	19	20	24	82	83	88	91	93	
633	51	53	57	60	92	
634	49	50	52	54	55	87	89	91	97	
635	80	82	84	85	86	88	89	91	97	
636	7	9	10	11	13	14	16	17	19	28	68	80	82	83	85	
637	5	11	12	15	15	16	17	18	18	19	20	21	23	
638	21	22	25	
657	51	52	56	58	
658	35	47	48	50	51	52	53	53	54	57	59	
659	36	39	41	42	44	45	46	47	47	48	49	
660	3	9	38	
661	7	8	10	11	12	13	14	15	15	79	80	83	101	
662	12	15	16	19	21	23	23	81	82	85	86	88	89	91	95	
663	18	83	85	87	90	92	94	
665	92	
666	88	91	92	
667	52	53	55	82	86	87	88	89	90	91	92	95	
668	50	53	81	82	84	85	87	88	88	90	91	93	98	
669	8	10	14	16	18	79	80	82	83	85	
670	10	12	13	14	15	16	16	17	18	19	20	24	
671	5	17	20	21	22	24	25	
692	51	52	53	54	55	55	56	57	60	
693	38	42	45	47	48	48	49	50	51	51	53	58	60	
694	36	40	42	43	44	45	46	46	48	
695	5	10	14	
696	8	8	10	12	15	79	81	82	84	86	95	
697	12	15	16	80	81	82	84	85	86	88	89	91	94	
698	82	86	87	88	89	90	92	93	
699	86	87	88	88	90	91	94	
700	53	55	81	82	85	86	87	89	90	92	95	98	
701	42	80	81	82	83	84	86	88	88	90	94	
702	8	11	16	17	18	39	64	66	79	80	81	83	84	
703	4	9	11	12	13	14	15	16	17	19	20	79	
704	5	14	17	18	18	20	21	22	23	25	
705	22	
726	53	
727	48	51	52	53	54	55	56	58	59	
728	36	40	42	43	45	46	47	48	49	50	51	56	60	
729	5	31	36	38	41	42	44	45	46	47	48	
730	11	39	46	
731	7	10	12	80	81	82	83	84	
732	37	80	80	81	83	83	84	85	89	93	99	
733	16	41	79	80	81	82	83	84	86	89	94	99	
734	17	41	78	80	81	82	83	84	89	95	100	
735	9	11	13	14	16	17	18	18	20	26	66	68	78	79	80	81	83	
736	12	13	15	16	17	17	19	20	20	21	24	26	45	79	
737	5	8	11	13	15	18	19	21	22	23	23	24	25	
738	22	25	
761	52	55	56	
762	49	50	52	53	53	54	55	56	57	59	
763	37	42	45	46	47	48	48	49	50	50	58	59	60	62	
764	25	32	40	41	42	43	44	45	46	47	48	49	
765	25	30	37	38	41	43	44	46	49	56	59	66	
766	19	21	40	42	46	47	48	51	55	59	67	78	79	
767	18	19	21	23	40	41	44	47	48	60	79	80	
768	10	14	17	20	21	22	24	27	29	40	43	45	79	
769	5	7	10	12	15	18	19	20	21	22	24	26	30	
770	20	21	23	24	25	
771	25	
796	52	
797	50	51	54	55	60	
798	45	49	52	53	55	60	
799	25	31	43	45	50	59	
800	23	24	25	44	49	54	
801	24	25	45	51	65	
802	11	23	24	25	65	
803	23	24	
1172	69	
1212	39	
1226	78	
1231	42	44	
1236	49	
1241	28	
1247	2	102	
1250	12	
1265	42	
1266	50	
1268	40	
1270	58	
1271	58	
1274	84	
1275	3	18	
1282	5	
1289	83	
1298	20	83	
1299	17	19	35	37	41	
1300	18	20	26	36	41	43	46	49	60	
1301	43	44	48	
1308	30	
1313	13	
1315	45	
1316	51	
1332	9	14	19	
1333	11	12	15	19	23	51	56	58	58	
1334	16	17	19	20	22	24	32	36	39	42	45	46	47	48	49	51	53	56	64	
1335	29	40	42	43	45	47	49	57	60	
1336	32	37	40	47	
1337	24	38	47	
1344	81	
1346	30	
1348	16	20	36	47	
1349	20	33	39	44	46	48	
1350	44	
1353	3	
1366	9	15	
1367	9	11	12	14	15	
1368	13	15	16	18	19	22	23	43	50	51	53	54	57	59	97	
1369	17	18	20	21	30	33	37	40	42	44	45	46	46	47	49	50	51	53	57	60	64	
1370	36	40	42	43	45	46	48	48	50	54	58	
1371	26	36	39	42	44	47	
1372	26	39	45	
1374	42	
1375	66	
1376	10	45	
1378	51	
1380	30	
1381	8	14	19	
1382	11	14	57	
1383	16	17	20	22	24	35	38	42	48	50	52	53	56	60	
1384	22	27	36	41	43	45	46	50	67	
1385	44	49	
1388	48	
1395	49	
1396	72	
1400	12	
1401	5	8	10	13	13	15	20	
1402	6	7	10	11	12	13	14	15	16	17	19	20	22	24	52	54	55	58	80	81	
1403	17	18	19	20	21	51	52	53	55	56	61	
1404	43	44	45	49	50	52	54	55	57	58	87	92	
1405	41	43	44	45	46	48	48	49	52	54	57	64	92	
1406	28	35	36	38	41	43	44	45	46	47	49	51	59	65	
1407	25	27	36	40	42	45	47	48	56	61	67	
1408	37	40	42	45	46	
1409	27	43	47	48	63	
1410	30	
1412	12	51	
1415	8	
1416	4	8	11	13	13	15	
1417	14	16	19	33	53	54	57	88	91	
1418	16	23	41	48	50	51	55	60	92	
1419	39	43	45	46	47	49	52	
1420	43	47	50	
1424	97	
1427	2	
1429	83	
1433	14	
1434	20	
1435	10	12	13	14	16	
1436	4	8	11	12	15	16	16	18	19	20	24	
1437	18	21	22	93	
1438	54	55	81	82	85	86	88	88	89	91	94	97	
1439	5	34	51	53	54	55	56	82	82	85	86	87	90	91	92	93	97	
1440	43	45	48	50	51	53	55	57	60	65	86	87	90	92	96	
1441	17	24	29	41	43	44	45	48	49	51	53	56	58	60	
1442	25	36	39	43	44	46	47	48	49	51	52	61	
1443	22	26	30	36	40	42	44	47	49	59	
1444	44	47	49	
1445	39	
1450	4	11	14	
1451	7	10	11	14	55	80	84	
1452	6	8	12	15	16	20	35	53	54	55	56	58	82	85	91	
1453	17	18	19	22	38	38	42	45	46	47	48	49	50	52	55	56	60	
1454	44	48	
1455	48	66	
1456	82	
1458	3	
1460	72	
1463	83	
1466	37	
1467	13	
1468	25	
1469	7	9	11	13	14	19	56	
1470	5	8	15	16	17	19	20	21	25	37	48	54	
1471	23	
1472	79	80	81	84	86	90	
1473	8	9	10	13	14	79	80	81	82	83	84	87	89	95	
1474	6	10	12	14	15	16	55	80	82	83	83	84	85	88	89	91	96	
1475	16	16	18	18	19	51	52	55	56	63	86	92	
1476	45	49	51	52	54	55	56	57	59	62	93	
1477	44	45	47	49	50	51	53	55	59	87	91	93	
1478	43	43	45	48	49	54	93	
1481	17	
1483	22	
1484	10	
1485	2	9	15	49	84	
1486	2	7	11	12	14	15	16	20	51	52	53	54	57	61	81	85	88	
1487	13	16	17	18	19	20	23	42	48	49	50	51	56	82	
1488	39	43	45	46	49	50	53	
1489	52	
1490	31	
1497	36	53	
1502	12	13	
1503	8	9	10	10	12	14	15	17	19	53	57	
1504	13	16	17	19	19	21	24	42	47	48	50	52	54	
1505	22	41	44	50	89	97	
1506	79	83	
1507	10	13	79	81	84	
1508	7	9	10	11	12	13	14	18	80	
1509	13	17	19	20	21	27	81	86	
1510	22	52	53	55	86	87	90	91	93	96	
1511	50	52	53	55	56	61	82	84	85	86	88	88	90	96	
1512	17	55	85	86	89	91	98	
1513	55	62	
1514	93	
1518	8	24	
1519	8	13	94	
1520	4	9	10	12	14	15	17	21	54	55	56	57	
1521	13	16	17	20	21	23	42	47	48	49	50	51	52	53	54	57	59	82	90	
1522	22	43	43	45	46	49	51	58	
1523	48	
1532	12	69	
1536	8	12	14	20	
1537	6	10	11	12	14	15	52	52	55	56	
1538	16	17	18	18	19	20	22	23	41	46	47	49	50	51	53	55	58	59	
1539	22	44	45	46	49	89	
1540	87	90	96	
1541	10	13	
1542	5	7	10	12	14	15	16	19	21	36	
1543	18	19	20	22	47	50	53	
1544	52	55	78	80	81	83	84	85	86	88	91	96	
1545	79	80	82	83	84	86	93	
1546	79	80	81	82	84	86	88	96	
1547	87	89	96	
1549	28	
1550	58	
1553	8	
1554	5	9	10	11	14	15	19	21	47	53	57	
1555	15	17	19	21	23	24	26	47	51	52	54	55	58	62	70	81	
1556	22	41	44	47	48	49	53	
1557	63	
1568	15	
1570	9	15	17	79	
1571	7	10	11	12	13	14	15	17	19	23	52	54	55	56	60	
1572	17	18	19	20	24	46	48	50	52	53	55	59	
1573	44	54	85	87	88	90	94	
1574	84	
1575	10	14	15	28	57	
1576	5	6	8	12	15	16	18	18	19	21	24	37	42	47	52	54	55	57	
1577	20	22	45	47	49	51	54	
1578	43	50	79	80	84	
1579	79	89	
1580	81	97	
1585	34	
1587	13	
1588	5	7	9	10	11	13	14	15	18	52	53	57	
1589	13	16	17	19	20	22	23	47	49	50	52	54	60	
1590	43	45	47	48	50	
1591	45	
1599	79	
1604	6	9	
1605	4	7	11	13	14	15	16	17	19	24	47	52	53	55	
1606	18	21	24	46	49	50	54	62	
1607	45	81	83	85	88	89	94	
1608	9	
1609	5	9	10	12	13	15	17	19	57	
1610	7	12	15	16	17	18	20	21	25	47	48	50	51	53	54	55	56	60	
1611	22	23	41	44	45	46	47	49	50	
1612	44	50	
1617	63	
1621	9	15	54	
1622	10	12	13	14	15	20	52	57	
1623	15	17	18	19	20	21	24	42	47	50	51	52	53	55	57	60	
1624	22	44	47	49	51	87	89	93	95	
1625	94	
1635	17	19	
1636	9	
1637	15	
1638	6	9	11	13	15	16	18	56	58	
1639	5	12	16	17	19	20	26	36	50	51	53	55	
1640	18	21	23	44	46	48	50	53	
1641	80	83	86	
1642	28	
1643	4	6	9	10	13	14	16	
1644	7	12	13	15	17	19	20	24	35	52	53	53	54	58	
1645	17	17	20	22	40	43	44	46	47	50	51	55	59	
1646	45	46	48	50	54	61	
1651	30	
1655	3	11	13	15	29	
1656	5	7	11	14	15	16	17	19	23	38	52	55	57	
1657	13	17	18	20	21	24	49	50	52	53	63	
1658	44	47	49	58	82	86	90	
1659	55	91	94	
1661	18	
1669	76	
1671	16	
1672	7	8	10	11	12	14	18	56	
1673	13	18	22	50	51	53	53	55	57	59	
1674	49	52	88	89	91	96	
1675	10	86	99	
1677	9	13	
1678	5	7	10	12	14	15	17	19	20	35	36	48	52	53	53	54	55	57	62	81	85	
1679	17	19	21	42	46	47	49	50	51	54	62	82	85	
1680	42	44	48	
1681	66	
1682	93	
1683	88	
1689	9	12	13	15	18	
1690	2	6	12	14	16	17	18	20	51	52	57	61	
1691	17	19	20	22	24	42	45	46	48	49	50	55	
1692	85	89	
1693	89	
1703	22	
1705	9	18	
1706	11	53	
1707	3	53	82	88	92	96	
1708	82	84	86	89	93	93	
1709	83	
1710	9	88	96	
1711	5	12	13	
1712	4	8	10	11	12	14	15	17	21	24	37	52	53	55	56	58	85	
1713	16	17	18	19	19	21	25	38	41	43	45	46	47	50	51	52	54	80	93	
1714	37	45	46	49	
1715	44	46	49	
1717	71	80	
1722	10	14	16	
1723	8	11	13	14	17	20	25	56	
1724	12	15	16	18	19	20	24	34	50	51	52	54	55	57	
1725	18	21	22	44	45	47	48	49	50	53	
1726	44	52	54	86	91	
1730	65	
1731	94	94	95	95	96	
1733	78	93	
1740	5	10	
1741	80	84	
1742	81	84	88	91	
1743	99	
1745	11	
1746	5	7	8	10	11	12	14	15	18	52	53	55	56	57	85	
1747	1	16	19	20	23	24	34	45	48	50	51	53	54	56	59	81	83	85	88	90	93	
1748	38	41	43	43	44	46	48	48	50	59	
1749	41	46	51	57	
1750	41	46	48	
1755	15	21	
1756	19	26	67	
1757	7	9	10	12	14	15	16	17	18	19	21	37	56	57	
1758	8	20	21	23	24	26	47	49	50	51	53	53	54	55	61	
1759	22	45	49	51	61	86	88	89	91	97	
1760	82	86	90	
1763	10	10	11	12	
1769	79	
1775	83	
1776	84	
1778	29	
1779	13	
1780	4	7	8	11	15	18	
1781	6	11	13	15	18	35	51	52	54	55	56	58	61	80	82	
1782	16	18	19	21	35	43	45	46	47	50	52	54	56	62	88	
1783	39	44	46	47	48	52	
1785	55	
1788	19	40	
1789	26	41	
1790	8	8	10	12	14	15	17	18	20	23	29	
1791	6	12	15	20	22	24	52	56	58	
1792	21	22	48	48	50	52	54	55	58	92	
1793	81	83	85	86	89	97	
1794	65	85	
1798	3	
1799	2	2	2	
1813	6	
1814	9	13	
1815	6	9	10	11	13	14	15	18	52	53	55	57	81	89	
1816	15	16	19	21	35	38	48	51	52	54	57	58	61	82	83	85	88	90	93	93	97	
1817	16	18	23	35	40	43	44	47	48	48	49	51	53	60	87	91	
1818	23	38	41	45	46	51	68	
1819	37	41	
1820	53	
1821	38	67	71	
1822	12	18	22	39	43	43	67	
1823	10	13	13	15	16	18	19	22	
1824	7	12	12	14	15	16	18	19	20	22	25	53	
1825	21	22	23	23	25	50	52	54	57	58	92	
1826	50	54	87	88	90	93	96	
1827	79	81	84	87	89	95	
1828	85	
1830	50	
1838	30	
1845	101	
1848	8	24	
1849	2	9	12	14	89	
1850	2	7	11	12	15	19	52	54	55	80	82	83	85	100	100	101	102	
1851	16	18	20	35	47	47	50	51	53	53	55	56	57	59	82	84	85	88	90	92	94	
1852	35	38	40	42	43	44	46	47	48	50	62	
1853	25	27	37	40	42	43	45	46	49	
1854	8	25	26	40	68	
1855	10	10	14	17	19	24	26	40	43	67	
1856	11	14	15	16	17	19	20	21	24	42	43	
1857	11	13	15	20	21	22	24	28	45	52	56	69	
1858	21	23	24	25	51	52	54	55	88	91	93	
1859	50	53	83	86	87	89	90	91	97	
1860	20	53	78	80	82	84	85	88	90	
1861	80	83	
1862	35	99	
1872	78	
1874	101	
1879	22	
1882	12	
1883	11	
1884	6	8	10	13	15	81	88	
1885	6	11	13	13	15	16	51	53	55	79	80	81	84	86	88	92	
1886	18	20	35	45	52	54	55	57	59	82	86	87	89	91	92	94	
1887	17	43	44	45	47	48	50	54	62	91	93	
1888	24	45	62	
1889	12	14	21	24	92	
1890	24	25	56	88	93	
1891	22	25	50	52	54	87	88	90	91	92	97	
1892	53	54	82	85	86	89	91	96	
1893	80	81	82	84	86	89	93	94	
1894	79	82	85	96	
1895	81	
1896	52	
1898	76	
1918	10	
1919	6	10	12	14	83	90	
1920	8	11	13	15	17	80	80	81	83	83	85	89	
1921	82	83	85	86	88	89	91	93	
1922	82	85	86	87	89	90	92	93	
1923	82	85	86	87	89	90	92	94	
1924	53	82	83	86	88	89	90	96	
1925	54	82	84	85	87	89	91	97	
1926	79	80	81	83	85	88	
1927	79	81	84	
1928	80	
1935	67	
1946	5	
1953	9	84	
1954	5	13	79	85	91	96	
1955	80	82	84	86	88	91	
1956	80	80	82	83	85	89	99	
1957	79	80	81	83	85	89	98	
1958	79	80	81	83	84	87	90	93	
1959	78	79	80	82	83	84	86	90	
1960	79	81	83	
1961	80	
1962	55	
1964	63	
1976	33	39	69	
1977	4	58	
1980	55	
1987	80	
1989	82	84	
1990	81	
1991	78	82	83	
1992	80	
1993	80	90	
2001	91	
2008	7	
2018	7	
2059	44	
2069	27	
2100	19	
2101	12	
2130	26	
2131	102	
2148	40	
2161	36	
2177	13	
2222	8	
2249	10	
