16	69	
80	49	
109	47	48	
227	87	90	91	93	95	
228	17	91	
258	57	
259	48	52	58	
260	8	47	49	88	90	91	94	
261	9	82	84	85	86	87	88	89	91	92	95	99	
262	11	13	15	19	82	85	86	88	88	90	91	94	101	
263	16	17	17	19	
280	92	
281	88	91	92	97	
282	91	92	96	
283	92	
284	92	
285	18	
292	53	56	57	58	60	
293	47	51	52	52	54	55	56	59	
294	8	46	47	48	49	50	53	81	85	90	95	101	
295	9	11	14	49	80	81	82	83	84	85	86	88	90	98	
296	3	6	7	11	12	13	13	14	15	16	19	80	81	82	83	84	86	88	89	92	93	98	
297	12	16	16	17	18	18	20	82	101	
312	56	
313	52	59	
314	82	87	89	91	93	94	
315	82	85	86	87	89	90	91	94	97	
316	7	11	82	83	84	85	86	87	88	88	89	90	91	93	94	98	100	
317	8	11	16	82	85	86	87	88	88	89	90	92	94	96	101	
318	7	10	13	14	82	85	86	87	89	90	91	92	93	96	
319	86	88	91	92	94	97	
320	90	92	95	
321	17	
326	56	57	58	59	61	
327	48	50	51	52	52	53	54	55	55	56	57	59	
328	45	46	46	47	48	49	49	50	52	53	84	88	
329	9	82	83	85	89	95	99	
330	3	6	8	10	11	11	12	13	13	14	15	16	18	81	84	101	
331	12	13	16	16	17	18	18	19	20	21	22	
332	22	
345	57	
346	53	57	59	
347	50	51	52	53	55	58	91	93	96	
348	40	47	50	53	66	81	83	84	85	87	88	89	91	95	99	
349	16	46	47	80	81	82	83	84	85	87	88	89	93	
350	7	11	16	39	46	79	80	81	82	82	84	85	86	89	
351	7	9	12	18	44	46	47	49	71	79	80	81	82	83	84	85	102	
352	9	12	15	44	46	47	48	80	82	83	83	84	85	86	87	88	90	94	99	
353	8	11	14	81	82	84	85	86	88	89	90	92	94	96	
354	11	14	16	82	83	84	85	86	88	88	90	91	93	94	97	
355	17	20	93	
356	17	
360	56	57	58	62	
361	34	51	52	52	53	53	54	54	55	56	57	58	59	60	61	
362	46	47	48	49	50	51	51	52	54	55	
363	5	9	10	13	45	47	49	
364	4	7	8	10	11	12	12	13	14	15	15	16	19	
365	13	15	16	17	17	18	18	19	20	21	22	24	
366	22	
378	56	
379	52	57	60	
380	50	52	53	54	55	59	88	92	94	
381	42	50	52	54	59	81	84	85	87	88	88	89	91	92	93	96	
382	10	16	40	55	59	80	83	84	86	88	
383	13	17	18	19	29	38	45	47	48	50	65	69	80	83	
384	6	17	18	20	21	22	45	49	52	55	56	56	57	59	60	62	65	70	79	
385	20	21	22	23	43	47	48	49	50	51	52	54	55	56	58	71	80	
386	44	46	47	47	48	48	49	50	79	80	99	
387	5	8	8	10	13	46	49	80	81	82	83	84	86	89	100	
388	6	10	11	12	13	14	15	18	81	82	84	85	86	88	89	95	
389	8	11	12	15	16	17	19	83	86	87	89	90	93	98	100	
390	16	17	18	19	
394	57	58	60	
395	51	52	53	54	55	55	57	58	59	62	
396	46	47	49	50	51	52	53	53	54	
397	9	10	13	49	
398	6	7	10	11	12	12	14	14	15	15	16	16	19	20	25	73	
399	15	17	18	19	19	20	21	22	24	
400	22	
411	58	
412	53	57	61	
413	47	50	51	53	54	55	58	63	93	
414	49	54	82	85	87	88	89	90	92	93	95	98	98	
415	10	14	16	79	81	83	83	84	86	
416	7	11	12	14	15	16	17	18	18	19	19	21	
417	12	15	20	21	22	24	25	73	
418	21	22	23	23	25	53	54	56	57	58	58	60	62	
419	22	25	50	51	52	54	55	55	56	56	57	58	59	62	
420	33	47	47	48	49	50	50	51	52	52	53	54	56	
421	4	9	44	45	46	47	47	48	49	50	80	
422	7	9	11	12	14	44	47	49	80	81	83	85	93	100	
423	3	8	10	11	12	13	14	15	16	17	18	20	81	83	85	87	89	91	102	
424	16	17	17	18	20	23	92	
428	56	57	58	61	
429	48	51	52	52	53	54	55	57	59	
430	46	47	49	49	50	52	53	54	55	94	
431	7	8	10	11	14	48	
432	7	10	11	12	13	14	15	16	16	17	19	19	20	24	27	69	
433	17	17	18	20	21	22	23	24	26	
439	75	76	76	
445	56	57	62	
446	48	51	52	53	55	57	58	60	
447	46	48	49	50	51	52	54	54	82	85	88	89	
448	9	10	49	80	82	84	85	87	89	91	95	
449	7	10	11	12	13	13	14	15	16	17	18	19	27	28	70	81	
450	15	16	17	17	19	20	21	23	25	
451	22	25	
452	58	
453	54	55	55	56	57	58	59	60	61	64	
454	50	51	51	52	52	53	54	55	55	56	56	57	58	59	61	
455	45	46	47	48	48	49	50	50	51	53	56	74	
456	3	8	9	11	14	44	45	46	48	49	
457	5	7	9	10	11	12	13	13	14	15	82	86	91	94	101	
458	12	17	18	19	20	22	82	86	87	88	90	92	94	
459	17	
462	53	56	57	58	59	61	
463	48	51	51	52	53	54	54	55	56	59	
464	8	47	48	49	49	50	51	85	
465	7	9	10	11	12	13	14	15	16	
466	12	15	16	16	17	19	19	20	21	24	26	
467	18	21	22	23	
470	54	54	55	
479	57	58	60	63	
480	34	51	52	53	53	55	55	56	59	62	
481	46	48	50	51	53	55	84	91	93	99	
482	6	9	10	11	14	15	84	
483	12	13	14	15	15	16	17	18	19	19	20	23	27	
484	20	21	22	23	
487	58	63	
488	33	51	52	53	54	55	56	57	57	58	60	61	
489	47	49	50	51	52	52	53	54	54	56	58	59	
490	4	9	43	45	45	46	47	48	48	49	50	50	53	
491	3	7	8	10	11	12	13	15	45	46	49	81	86	
492	7	10	11	13	13	14	15	19	81	82	84	85	87	89	90	92	94	100	
493	16	17	18	19	20	86	91	96	
496	53	55	56	57	58	59	61	
497	51	52	52	53	54	55	55	56	57	59	61	
498	46	47	48	49	49	50	53	
499	5	7	8	9	10	11	11	12	13	14	15	24	48	
500	15	16	17	17	18	18	19	20	21	23	
501	18	
513	53	55	56	57	58	58	60	
514	49	50	51	52	54	55	56	
515	10	45	46	47	48	49	50	84	88	
516	3	7	8	10	11	12	13	14	15	69	83	
517	12	15	16	17	18	20	21	24	26	
518	23	
522	53	55	57	58	59	61	63	
523	34	50	51	52	52	54	55	55	56	57	57	59	59	61	62	
524	45	46	47	48	48	49	50	50	51	52	53	54	56	57	59	
525	8	11	44	45	46	47	47	48	49	50	104	
526	2	7	9	11	12	13	14	15	19	46	81	83	83	85	89	95	100	
527	10	12	13	15	16	20	80	82	83	85	87	88	90	92	93	96	
528	16	17	18	19	87	92	
529	17	
530	57	58	60	63	
531	50	51	52	52	53	54	54	55	55	59	60	
532	9	49	50	51	53	90	98	
533	5	6	7	10	10	11	12	14	15	15	
534	13	15	16	17	18	19	20	21	
535	18	21	23	
547	55	56	57	57	58	59	60	62	
548	48	51	52	52	53	54	55	56	57	
549	44	46	46	47	49	49	51	54	
550	7	9	10	11	12	14	14	
551	13	15	16	17	19	21	91	
552	17	18	19	
557	55	56	57	58	58	60	61	
558	33	37	48	51	51	52	53	53	54	55	56	57	57	59	60	64	
559	45	47	48	49	50	51	51	54	
560	2	4	9	10	13	44	46	47	47	48	49	50	89	
561	6	9	10	11	12	14	15	18	46	81	83	84	86	88	89	91	93	101	
562	12	14	16	20	81	83	84	85	87	89	91	92	95	100	
563	18	86	88	90	92	94	
564	57	58	61	
565	51	51	52	53	54	54	55	59	92	
566	9	50	88	90	93	96	
567	6	8	10	11	12	13	13	14	14	15	19	
568	12	15	16	17	18	19	19	20	21	25	27	
569	18	23	
581	57	58	60	62	
582	34	36	52	53	53	54	55	56	57	59	60	61	
583	44	47	49	50	50	51	53	55	58	72	
584	5	7	9	10	13	14	38	44	45	47	48	48	49	50	68	70	84	101	
585	6	8	10	11	12	14	15	15	17	18	19	20	27	81	83	83	85	88	99	
586	16	17	20	21	
591	58	59	62	
592	52	53	54	55	56	57	57	59	60	61	62	
593	36	50	51	51	52	53	54	54	55	56	56	57	58	59	
594	5	44	45	47	48	49	50	50	51	52	59	
595	7	10	12	13	44	46	46	47	48	48	49	81	84	
596	3	7	10	12	14	80	81	82	84	86	87	88	89	91	95	99	
597	7	11	13	82	83	84	86	87	89	90	92	94	97	100	
598	87	88	89	90	92	93	94	
599	52	54	55	63	86	87	88	89	91	92	94	98	
600	9	13	83	86	88	89	91	
601	6	8	9	10	11	12	13	14	15	15	16	17	18	19	
602	12	16	17	18	19	20	20	21	
603	23	
607	11	11	12	
616	53	54	55	59	
617	52	55	60	64	
618	13	24	50	
619	1	15	19	21	22	24	
620	21	23	
626	58	62	
627	51	52	55	56	57	57	58	59	60	61	
628	41	45	47	51	51	52	53	53	54	55	56	57	58	59	60	
629	27	37	45	46	47	47	48	49	50	50	51	54	71	
630	3	5	6	11	44	45	46	46	47	48	49	49	82	85	
631	8	11	13	46	47	81	82	84	85	86	87	88	90	93	
632	82	83	83	84	86	87	88	89	90	91	97	98	
633	40	46	80	81	82	84	85	85	86	88	88	89	90	94	
634	6	9	10	11	12	13	14	16	18	19	20	28	46	69	80	82	84	86	99	
635	7	11	13	14	15	15	16	17	19	19	20	21	24	
636	20	21	22	23	23	25	
651	65	
653	24	
661	57	59	61	
662	34	52	53	54	55	55	56	57	58	60	61	62	
663	42	48	49	50	51	52	53	54	55	55	56	57	58	60	
664	25	42	45	46	47	48	49	49	50	51	56	72	
665	19	42	45	46	47	49	50	52	71	80	83	
666	13	19	20	40	45	46	48	50	64	67	71	80	81	84	85	
667	8	10	11	14	14	15	16	18	19	20	40	44	47	48	65	71	80	82	83	84	
668	8	10	11	12	13	14	14	15	17	18	19	20	20	21	24	26	69	
669	12	15	20	21	22	22	23	24	
670	22	25	
696	62	
697	34	52	54	54	55	57	58	60	61	
698	25	50	51	53	54	57	59	61	
699	9	22	24	25	26	30	44	49	50	53	62	65	70	
700	13	13	15	18	20	22	23	24	61	70	
701	14	15	18	20	21	22	23	24	26	
702	15	20	21	22	23	23	24	
703	22	25	
734	23	25	
735	74	
965	10	
1161	50	
1168	23	
1172	73	
1175	7	
1186	63	
1190	73	
1198	42	
1236	53	
1244	18	
1250	33	
1266	50	
1267	53	
1269	25	
1272	81	
1279	15	
1285	12	
1290	71	
1304	64	67	
1313	52	
1315	49	
1316	70	
1342	61	
1345	16	
1348	18	26	43	47	
1349	46	
1350	47	48	70	
1351	47	
1369	22	66	104	
1376	93	
1381	13	
1382	17	20	37	40	
1383	17	20	46	47	48	50	57	59	70	
1384	26	45	46	47	49	52	54	56	71	
1385	9	46	49	66	70	
1400	17	
1403	44	
1404	47	50	
1405	46	
1407	48	
1408	48	
1412	88	
1414	22	
1415	10	12	13	15	26	
1416	16	17	18	19	21	57	61	
1417	17	19	20	22	23	25	26	47	52	55	56	58	60	
1418	45	47	47	48	49	50	52	53	56	
1419	46	48	50	56	
1420	48	55	56	
1423	7	
1433	23	
1436	16	19	39	45	73	
1437	17	20	31	45	48	49	55	57	59	68	
1438	21	43	44	46	48	49	51	53	56	61	72	
1439	26	46	47	49	54	57	72	
1440	43	46	48	48	50	70	
1441	47	
1442	45	47	49	
1444	51	
1445	66	
1448	10	
1449	9	10	12	13	14	15	
1450	8	11	12	14	15	15	16	17	19	20	24	47	57	58	62	
1451	17	18	19	20	21	22	24	26	51	52	54	55	55	56	57	59	60	
1452	23	46	47	51	52	52	53	54	59	
1453	46	48	49	50	54	58	
1454	48	
1455	7	49	
1468	9	16	
1469	11	15	16	19	23	59	
1470	15	16	17	18	19	20	23	34	58	62	
1471	17	18	19	20	21	24	45	52	57	60	61	
1472	20	21	22	23	29	45	49	50	52	54	56	57	59	72	
1473	21	28	43	49	50	51	54	57	59	62	70	
1474	22	25	31	38	45	47	48	49	50	51	53	56	57	59	71	
1475	44	46	47	49	51	53	56	59	64	
1476	44	46	47	48	49	51	63	
1477	46	48	
1481	15	
1482	17	
1483	5	8	9	10	11	13	14	15	19	
1484	7	11	12	13	14	15	16	17	19	20	21	24	58	
1485	17	18	20	21	22	52	53	55	55	56	57	58	58	59	61	63	
1486	47	48	49	50	50	51	52	53	54	59	64	
1487	48	50	52	56	64	
1488	49	
1501	13	
1502	9	12	16	19	
1503	6	9	10	11	13	14	15	16	17	18	19	72	
1504	12	13	15	16	17	19	19	20	22	23	25	27	50	
1505	17	21	22	24	62	65	
1506	23	24	55	61	93	
1507	24	32	34	54	55	58	60	92	
1508	23	55	57	59	60	62	64	
1509	22	23	26	39	44	50	51	52	53	55	56	57	58	60	71	
1510	24	45	47	47	49	50	51	52	53	55	56	59	70	
1511	45	47	48	49	50	57	
1512	48	50	
1513	56	
1514	55	
1517	5	8	9	10	11	13	14	15	18	
1518	6	8	11	12	15	16	19	23	24	58	
1519	16	17	17	20	22	52	52	56	57	58	59	60	
1520	47	50	51	51	52	53	54	55	59	
1521	48	49	51	53	59	64	
1522	51	57	
1534	9	
1535	12	15	18	40	74	
1536	7	9	11	12	13	14	16	19	26	72	
1537	7	10	11	12	14	15	17	18	18	19	20	21	24	71	
1538	21	22	23	92	
1539	87	88	90	91	92	94	97	
1540	86	87	90	90	91	92	94	97	
1541	6	11	13	82	86	87	89	90	91	94	100	
1542	16	19	61	91	93	
1543	17	34	52	53	54	55	55	57	58	59	60	
1544	25	47	48	51	51	52	53	54	55	56	58	59	61	63	
1545	45	46	47	48	48	49	50	51	54	63	
1546	49	
1547	48	
1550	6	
1551	5	7	9	10	13	14	16	
1552	6	8	10	11	12	13	14	14	15	16	18	18	19	
1553	16	17	17	20	21	23	53	56	57	59	61	
1554	49	50	51	52	53	53	54	55	56	64	92	98	
1555	48	50	64	93	
1556	50	
1557	63	
1560	52	
1561	69	69	69	70	
1568	11	13	40	
1569	6	10	12	13	15	16	19	
1570	8	12	15	16	17	18	19	20	21	56	58	
1571	3	4	20	21	23	23	25	52	
1572	49	53	86	87	88	89	90	92	93	96	
1573	81	82	82	83	84	85	86	89	90	92	94	100	
1574	58	80	81	82	83	84	84	85	86	89	90	95	
1575	8	8	10	12	14	15	80	81	83	83	84	86	88	91	94	98	
1576	7	12	13	14	15	18	82	83	84	86	88	89	92	96	99	
1577	16	17	18	57	57	61	62	92	
1578	17	51	52	53	53	54	55	56	57	58	59	61	
1579	47	49	50	51	52	53	54	56	59	
1580	45	46	47	48	48	49	50	52	53	
1581	47	
1584	8	
1585	9	11	12	14	16	
1586	6	8	11	12	13	14	15	16	17	18	20	21	56	57	61	
1587	2	18	20	21	23	47	48	52	52	54	55	56	56	58	61	
1588	23	46	49	50	52	53	55	58	83	85	87	88	90	92	94	98	
1589	59	85	
1602	7	10	13	13	15	16	18	
1603	8	11	12	14	15	17	19	20	
1604	3	13	17	17	20	21	23	24	27	53	56	58	60	
1605	23	47	49	51	52	54	55	60	87	91	95	
1606	52	80	81	82	84	85	86	89	
1607	79	81	82	83	85	88	
1608	80	82	84	88	
1609	5	10	14	81	85	93	
1610	7	9	10	12	14	15	17	55	80	82	84	86	
1611	7	12	13	15	16	17	19	62	81	82	84	86	87	88	90	91	93	97	99	
1612	16	17	18	20	53	54	55	55	57	58	58	59	61	93	
1613	48	49	50	51	52	53	54	56	58	59	61	64	
1614	44	46	47	48	49	50	51	54	61	
1615	43	46	49	54	61	
1616	49	
1617	42	
1618	15	
1619	4	8	9	10	12	14	15	19	23	
1620	7	13	14	15	16	17	17	18	19	21	24	57	58	59	60	63	
1621	21	22	47	48	51	53	54	55	56	58	61	
1622	48	49	50	54	57	79	81	84	85	88	91	
1623	86	92	
1634	13	
1635	18	
1636	7	9	10	12	14	16	
1637	7	11	12	15	16	16	17	19	21	56	59	62	
1638	17	18	21	23	46	47	51	53	55	56	60	
1639	46	48	50	55	82	86	88	88	90	93	
1640	49	83	85	92	92	98	
1642	28	
1643	11	85	92	
1644	5	10	12	13	15	85	89	93	
1645	6	7	10	11	12	14	15	16	80	81	82	83	85	87	90	98	102	
1646	16	17	17	19	20	34	57	57	60	62	83	86	87	90	91	92	95	
1647	18	51	52	53	54	55	56	57	58	58	60	63	
1648	45	47	48	49	50	51	52	54	55	57	
1649	41	45	46	47	48	48	49	50	
1650	40	46	49	
1651	46	51	
1652	11	16	
1653	5	7	9	10	11	14	15	16	25	
1654	1	6	8	12	13	15	16	18	19	20	21	23	27	56	57	59	60	62	
1655	21	22	47	50	51	52	53	53	54	54	56	
1656	45	47	48	49	50	59	84	88	
1657	98	
1659	64	
1662	77	
1669	8	14	23	23	28	
1670	10	12	13	14	29	58	
1671	12	15	16	18	19	20	23	24	55	56	57	58	59	61	
1672	22	47	48	51	52	54	55	56	
1673	46	47	49	50	55	80	82	84	85	90	99	
1674	49	100	
1675	96	
1677	15	41	
1678	5	8	14	20	83	
1679	6	9	11	13	14	81	85	
1680	6	11	11	12	14	15	16	19	81	83	84	86	89	91	95	99	
1681	16	17	20	52	55	55	56	57	58	59	60	62	87	91	93	
1682	18	33	50	51	52	53	53	54	55	56	56	58	59	61	74	
1683	43	45	47	48	49	49	50	51	54	56	57	59	72	
1684	44	46	47	49	49	50	53	
1685	40	46	48	50	54	
1686	8	49	
1687	8	10	11	12	13	14	16	20	
1688	2	7	12	15	15	17	18	18	19	20	23	55	55	56	57	58	59	60	
1689	18	22	48	52	54	55	56	57	
1690	45	48	49	50	53	55	86	
1691	90	
1696	9	
1697	82	
1701	25	
1703	9	14	18	
1704	5	9	10	11	13	14	16	18	63	
1705	12	15	16	19	21	23	28	53	54	57	59	61	
1706	18	21	51	52	53	54	54	56	58	60	63	63	
1707	44	47	48	49	50	56	
1708	49	
1709	96	
1713	10	14	99	
1714	7	8	10	11	12	14	20	84	91	95	
1715	12	13	15	16	81	82	83	85	86	88	90	92	95	99	
1716	16	18	20	33	53	55	57	58	59	61	92	
1717	34	50	51	52	52	54	55	56	57	58	59	63	
1718	44	47	48	49	50	52	54	56	59	62	73	
1719	43	46	47	48	48	49	51	
1720	11	44	46	
1721	5	7	8	10	11	12	14	15	17	19	25	69	
1722	7	12	13	16	17	18	19	20	21	25	55	55	56	57	59	60	62	69	
1723	22	47	50	50	51	52	54	55	58	
1724	48	49	50	54	95	
1725	60	
1727	18	44	
1728	17	18	18	
1731	96	96	96	97	
1732	78	
1738	5	7	10	11	13	14	20	
1739	8	13	14	15	22	61	
1740	52	53	54	54	55	58	60	88	91	92	97	
1741	51	54	92	
1742	53	60	
1745	14	
1747	4	14	24	
1748	4	8	10	14	83	87	89	
1749	8	9	10	11	12	13	15	18	80	81	83	83	86	88	91	100	
1750	7	12	14	15	16	18	82	86	87	89	90	92	94	101	
1751	17	20	53	55	57	58	60	62	64	92	
1752	33	42	50	51	52	54	55	56	57	59	60	
1753	23	32	42	45	47	49	49	51	54	56	59	63	71	
1754	8	20	24	40	45	47	48	49	50	67	69	
1755	9	10	12	14	15	17	20	21	24	27	
1756	13	15	19	20	21	22	24	52	53	55	56	57	58	60	62	
1757	23	50	50	52	53	54	54	59	91	93	97	
1758	50	88	92	96	
1763	18	
1764	6	6	6	
1771	10	
1772	10	15	
1773	12	17	81	85	89	95	101	
1774	81	82	83	84	86	87	89	90	93	96	100	
1775	82	86	88	88	90	92	94	
1778	90	
1782	11	
1783	5	6	10	12	13	15	19	81	87	91	
1784	3	8	9	11	12	14	15	81	82	83	85	87	89	92	94	99	
1785	13	15	16	62	82	86	87	89	91	92	94	
1786	16	18	53	55	62	92	
1787	25	32	51	54	60	
1788	8	14	23	57	
1789	15	21	23	25	57	59	
1790	52	53	54	55	56	59	93	
1791	51	54	55	63	83	85	86	88	89	90	91	95	
1792	86	
1807	82	88	90	93	
1808	79	80	82	85	93	
1809	80	81	84	86	90	98	
1810	94	
1813	97	
1816	90	
1817	2	12	13	
1818	5	6	10	14	16	82	83	85	93	
1819	6	8	9	11	12	14	15	80	81	82	84	85	86	89	92	93	99	
1820	8	12	13	15	16	19	83	87	88	90	91	92	94	95	100	
1821	88	91	93	
1823	55	87	88	91	92	93	94	97	
1824	54	82	86	87	88	89	90	91	93	94	99	
1825	55	80	81	83	84	85	86	89	93	101	
1826	84	94	
1838	27	50	
1842	90	96	
1844	33	
1852	93	
1853	4	7	8	11	14	81	85	88	100	
1854	10	12	14	81	81	83	84	86	88	88	90	96	100	
1855	82	83	85	86	87	87	89	90	91	94	98	98	103	
1856	82	83	87	88	90	91	92	93	95	97	99	
1857	81	81	82	84	85	86	87	89	90	93	95	99	
1858	80	81	82	83	84	85	89	90	99	
1859	80	85	89	
1860	87	98	
1883	94	
1885	23	
1887	83	
1888	5	80	82	85	94	
1889	79	80	81	82	84	85	86	89	97	
1890	80	81	82	83	84	86	90	93	95	
1891	79	81	83	83	85	92	
1892	81	84	88	
1893	84	103	
1896	101	
1897	26	
1904	88	
1912	15	
1916	26	
1923	81	86	96	
1924	81	84	88	
1925	81	
1933	52	
1949	8	
1970	7	
1974	46	
1982	82	
2002	78	
2008	34	
2012	8	
2014	70	
2028	96	
2032	63	
2055	3	
2062	65	
2063	92	
2064	93	
2065	91	
2067	103	
2094	88	
2095	102	
2100	20	63	
2105	9	
2119	37	
2136	14	
2143	30	
2154	5	
2157	2	
2169	39	
2183	35	
2191	5	
2218	8	
2219	9	
