14	101	
112	43	
113	44	
148	85	86	
156	87	88	92	
157	83	87	88	89	91	93	97	
158	16	87	90	92	
159	17	
182	19	
187	56	
189	50	55	86	87	90	92	95	
190	9	82	84	85	86	87	89	90	92	94	97	98	
191	10	81	82	83	84	85	86	87	89	90	93	96	
192	7	12	14	81	82	83	85	87	88	89	90	92	94	97	
193	17	83	86	87	89	90	92	96	
194	17	
220	57	
221	52	56	57	59	
222	46	47	48	50	51	52	53	55	56	57	
223	38	44	46	47	50	54	81	83	83	85	88	101	
224	46	46	47	48	53	78	79	80	81	82	83	85	86	89	
225	9	12	13	48	79	80	81	83	84	86	88	
226	2	6	9	11	13	15	79	80	81	82	84	85	86	87	89	92	95	100	
227	6	8	10	11	12	14	15	16	79	80	81	82	84	85	87	89	90	91	96	
228	15	16	17	18	18	20	83	85	87	91	96	
229	17	22	
254	58	
255	33	51	52	53	55	56	57	59	61	
256	50	50	51	53	53	54	56	57	58	59	61	
257	28	41	44	45	47	49	50	50	51	52	54	56	56	57	58	59	71	78	
258	32	42	45	46	47	48	48	49	50	50	53	58	71	79	
259	5	14	44	45	46	47	48	50	79	80	
260	9	10	15	78	79	82	84	91	
261	7	8	10	11	12	13	14	15	16	79	80	82	84	86	88	98	
262	11	12	13	15	16	18	19	21	81	85	87	88	90	93	93	
263	16	17	18	18	20	
281	91	
282	87	90	92	95	
283	82	86	87	89	91	92	94	97	
284	82	86	87	87	89	91	92	95	98	
285	87	88	89	90	92	96	
286	86	87	88	89	91	92	96	
287	16	
290	55	58	61	
291	51	52	53	53	54	55	56	57	58	59	60	62	
292	42	45	47	48	49	50	50	51	52	53	54	55	56	
293	44	45	46	46	47	48	49	50	51	54	59	
294	5	45	
295	5	7	9	10	14	80	84	89	94	
296	5	6	8	10	11	12	13	14	14	15	18	18	20	80	81	83	86	89	91	99	
297	13	16	16	17	19	20	85	90	
298	18	
314	86	87	90	93	
315	82	84	86	87	87	88	90	91	94	98	98	
316	80	82	83	83	85	86	87	87	88	89	90	92	95	99	
317	80	81	82	83	84	85	86	87	88	89	91	93	94	97	
318	80	81	81	82	83	84	85	86	87	88	89	90	92	93	95	
319	6	11	14	80	81	83	83	84	85	86	88	89	90	91	94	97	99	
320	7	10	12	15	81	82	83	84	86	87	88	89	90	92	94	97	
321	13	16	82	85	87	89	90	92	94	97	101	
322	17	18	
325	52	55	55	57	58	60	62	
326	35	47	51	51	52	53	54	54	55	56	59	60	62	
327	44	45	46	47	48	48	49	50	50	52	54	55	59	
328	43	45	47	49	
329	9	15	
330	3	6	8	9	10	11	12	13	13	14	14	15	16	19	81	84	88	
331	2	11	12	15	16	17	18	18	19	21	22	82	86	88	89	92	94	
332	16	17	21	
346	52	55	57	58	
347	49	51	52	53	55	57	92	
348	48	51	54	82	84	86	87	89	91	96	99	
349	52	78	79	81	82	83	83	84	86	87	89	90	93	97	
350	42	78	79	80	80	81	82	84	85	86	89	94	98	
351	47	77	78	79	80	81	82	83	85	88	
352	7	78	78	80	81	83	83	84	86	89	99	
353	8	8	12	14	78	78	80	80	82	83	85	94	
354	3	9	11	14	78	79	80	81	82	85	86	89	91	94	
355	6	8	10	11	12	13	14	15	16	80	81	82	84	85	87	88	90	97	
356	16	17	18	18	21	87	90	93	94	
357	17	
359	58	62	
360	50	51	52	53	53	55	55	56	57	58	59	60	62	
361	43	47	48	49	50	50	51	52	53	53	54	55	56	58	
362	44	45	46	47	49	50	52	
363	8	11	
364	1	6	9	10	11	12	14	14	85	89	97	
365	2	7	10	11	12	13	14	15	16	17	18	18	19	21	81	85	91	98	
366	13	17	17	19	20	23	
379	56	58	
380	47	51	52	53	54	55	56	58	59	62	
381	46	47	49	50	51	52	54	83	85	87	89	92	98	
382	49	53	78	81	82	83	85	86	88	89	91	93	
383	79	81	84	87	89	
384	19	56	79	
385	18	19	21	42	44	45	46	47	48	49	64	71	78	
386	44	46	48	50	59	65	80	
387	14	79	85	
388	5	7	9	10	13	79	80	86	
389	7	9	10	11	12	13	14	16	20	80	82	84	86	89	93	93	
390	7	11	12	14	15	16	17	19	20	80	82	85	86	89	91	
391	16	17	18	19	22	
393	58	
394	52	52	55	55	56	57	58	59	61	
395	47	49	49	50	51	51	52	53	54	54	55	
396	43	45	46	47	48	49	50	51	59	
397	14	46	48	
398	4	8	9	10	11	14	14	15	18	21	84	
399	7	11	12	13	14	14	15	16	17	18	19	21	28	71	79	81	84	92	99	
400	16	17	18	18	19	20	21	23	
401	22	
412	58	
413	53	57	58	60	
414	49	50	51	52	54	55	57	60	
415	46	48	50	51	52	53	54	60	80	82	85	87	89	93	95	
416	49	80	82	84	86	91	99	
417	9	11	72	81	83	101	
418	7	12	13	14	15	16	16	18	19	55	56	57	58	60	63	68	
419	17	17	18	19	20	20	22	23	25	26	32	42	45	47	48	50	51	52	53	54	56	58	71	
420	25	44	45	46	47	47	49	49	50	51	103	
421	44	46	49	
422	9	
423	5	6	8	9	11	13	14	14	81	85	89	99	
424	4	6	11	12	13	13	14	15	15	16	17	18	20	80	82	84	86	89	91	96	98	
425	12	16	17	17	18	20	21	23	92	
428	52	53	54	55	56	56	57	59	60	62	
429	46	47	48	50	50	51	52	52	53	54	55	56	59	
430	45	46	47	49	49	50	53	55	
432	5	8	9	10	12	13	14	
433	6	8	11	11	12	15	15	16	19	21	23	
434	16	17	17	18	19	20	22	24	
446	57	
447	52	53	54	55	55	56	56	57	58	60	
448	46	48	49	50	51	52	53	54	55	55	58	60	97	
449	48	49	50	51	54	82	84	86	88	92	
450	78	81	83	87	
451	5	6	9	10	11	13	14	17	19	
452	7	11	12	13	14	15	16	16	17	18	18	19	19	20	21	23	25	53	55	57	58	60	63	69	72	
453	21	22	22	34	51	52	53	54	54	55	56	56	57	57	58	59	61	
454	43	45	45	46	47	47	48	49	49	50	51	52	54	55	72	
455	44	47	48	49	
456	50	
457	7	9	10	13	14	
458	4	6	8	9	10	11	12	13	14	15	16	19	20	24	79	81	84	90	
459	12	15	16	17	17	18	18	19	20	22	24	80	85	
461	57	
462	52	53	54	55	56	56	57	58	60	63	
463	47	49	50	51	51	52	54	54	57	59	
464	45	48	48	49	50	51	54	
465	8	
466	5	9	10	13	16	19	
467	8	10	12	12	13	14	15	15	16	17	19	20	23	70	85	
468	13	15	16	17	17	18	19	20	20	21	24	
469	22	
480	56	57	58	59	
481	47	51	52	53	54	55	56	59	62	
482	46	47	48	48	49	50	51	53	54	55	58	82	86	88	93	
483	45	47	50	82	84	86	88	
484	9	10	14	
485	6	8	9	10	11	12	13	13	14	15	16	16	19	20	69	
486	16	17	17	18	19	20	20	21	22	24	25	26	58	
487	21	22	25	51	52	52	53	55	56	56	57	58	60	61	
488	32	47	48	49	50	50	51	52	53	54	55	58	
489	43	44	45	45	46	47	48	48	49	50	50	52	55	56	
490	47	49	
491	7	9	10	13	
492	3	6	8	10	11	12	12	14	14	15	17	18	19	23	80	98	
493	12	13	16	16	17	18	19	20	21	22	24	
495	56	
496	52	53	54	55	56	57	58	58	60	
497	51	52	52	53	54	55	56	59	87	89	92	
498	49	50	53	54	96	
500	6	9	10	11	12	14	
501	5	7	10	11	12	13	13	14	15	15	16	16	17	18	19	19	20	21	24	70	
502	17	18	19	20	21	22	25	
503	22	
514	52	56	57	58	61	
515	47	48	50	51	52	52	53	54	55	56	57	59	62	
516	44	46	47	49	50	51	52	53	54	83	85	87	89	93	
517	84	87	89	
518	8	9	10	11	13	14	15	16	18	
519	8	10	11	12	12	14	14	15	16	16	17	18	19	20	24	71	
520	3	15	17	18	19	20	21	22	23	23	27	58	
521	52	53	55	57	58	60	61	
522	47	50	51	52	52	54	55	56	57	57	59	60	61	63	
523	32	44	45	46	47	47	48	48	49	49	51	53	73	
524	44	45	46	48	50	
525	9	11	14	44	48	
526	4	7	8	10	11	12	13	13	14	15	15	16	19	21	97	
527	12	16	18	20	21	22	25	90	92	96	
528	87	90	91	93	98	
529	83	87	90	91	93	97	
530	52	54	57	58	83	87	88	89	91	93	96	
531	50	51	53	54	55	56	81	82	83	85	86	87	88	89	90	92	94	96	100	
532	33	48	49	54	82	84	86	88	91	95	
533	8	10	14	16	
534	6	8	9	11	11	12	13	14	15	15	17	19	24	35	43	68	
535	2	12	13	14	15	16	17	18	18	19	19	20	21	23	24	28	32	
536	18	20	21	22	27	27	28	
537	23	
541	93	
548	52	54	55	56	56	57	58	58	59	60	
549	46	47	47	49	50	51	52	53	54	55	56	59	
550	45	46	48	49	51	53	66	83	85	88	94	
551	9	28	82	102	
552	4	7	8	10	11	12	13	14	15	16	19	
553	5	12	13	15	16	17	19	20	22	24	
554	16	17	18	19	20	22	23	
555	57	
556	35	52	52	54	55	55	56	56	57	58	59	60	62	
557	36	41	45	46	47	48	49	50	51	51	53	54	55	56	60	
558	43	45	45	46	47	48	48	49	50	53	56	
559	10	13	44	46	49	
560	5	8	9	10	12	13	14	15	24	69	97	
561	11	80	82	84	85	86	87	88	90	91	92	95	98	
562	80	81	82	84	85	86	86	87	88	89	90	92	96	
563	80	81	82	84	85	86	87	88	88	89	91	92	95	
564	35	37	47	52	54	81	82	83	84	85	86	89	91	96	100	
565	43	46	60	68	78	78	80	81	82	83	83	85	86	
566	12	14	17	18	20	43	68	81	83	
567	6	9	11	12	13	14	16	17	17	19	20	20	28	43	45	49	71	
568	7	10	11	12	13	14	15	16	18	18	19	20	21	21	24	25	28	69	72	
569	3	15	17	20	20	21	22	23	23	25	26	
575	93	94	
581	57	
582	37	52	53	55	56	56	57	58	58	59	61	
583	32	46	47	48	49	50	50	51	51	52	53	54	55	56	
584	44	45	46	46	47	47	48	49	49	51	94	
585	10	14	44	46	88	
586	4	6	8	8	9	10	11	13	13	14	15	19	
587	11	12	13	14	15	15	16	17	18	18	19	21	23	
588	16	17	17	20	21	
589	58	
590	51	52	55	56	57	57	59	61	
591	50	51	52	52	53	54	55	56	56	57	58	58	60	
592	41	44	45	46	47	48	48	49	50	50	52	53	56	57	59	
593	4	27	38	41	44	45	45	46	46	47	48	48	49	50	56	70	
594	5	15	22	26	43	43	45	46	46	47	48	49	67	73	
595	2	13	18	42	46	47	79	80	82	83	85	
596	19	41	46	48	78	79	80	81	83	84	86	88	98	
597	17	38	43	47	58	63	69	78	79	80	81	82	83	84	100	
598	16	17	18	18	19	20	29	42	45	46	48	49	50	57	66	69	79	80	82	84	
599	9	14	17	18	19	20	21	22	23	26	43	44	45	47	49	64	68	71	79	80	
600	7	8	10	12	13	14	15	17	19	20	20	21	27	45	71	
601	12	15	18	19	20	21	21	22	23	23	24	27	45	69	
602	21	22	23	25	
603	22	
609	99	99	100	
615	57	
616	52	53	54	55	56	56	57	59	61	
617	30	33	37	47	48	49	50	51	51	52	53	53	54	55	56	57	58	60	
618	42	43	44	45	46	47	48	48	49	49	50	50	51	57	59	68	70	
619	40	44	45	47	48	49	49	72	
620	7	8	9	11	12	14	15	19	21	23	26	40	44	68	69	72	
621	3	6	10	11	12	13	14	15	15	17	18	18	19	20	70	80	
622	16	18	20	21	22	
625	52	53	54	55	57	59	61	
626	51	52	53	54	55	56	57	58	60	61	
627	24	28	33	41	48	49	50	51	53	54	55	56	57	58	58	60	64	73	
628	21	24	42	44	45	47	48	48	49	50	51	52	56	57	60	68	70	
629	9	20	22	23	26	42	44	45	46	47	48	49	50	56	64	71	78	
630	10	14	17	19	20	21	28	41	44	45	46	48	49	64	69	72	80	
631	11	13	14	15	18	18	19	20	21	22	23	25	26	45	48	61	65	71	79	
632	15	19	20	20	21	22	22	24	43	61	70	73	
633	13	14	20	21	22	23	24	25	26	45	
634	21	23	24	25	
635	23	24	
650	53	55	57	61	
651	51	52	54	55	57	59	61	
652	49	50	52	53	55	59	92	
653	10	25	28	44	45	48	50	60	65	69	
654	3	9	12	13	15	20	22	23	27	43	45	48	69	
655	12	15	18	19	20	21	22	24	25	45	
656	21	22	24	
660	52	55	61	
661	51	55	59	62	
662	23	25	32	51	54	59	
663	24	64	73	
664	14	21	23	24	25	27	65	
665	22	23	24	
666	22	24	
686	55	
688	24	
689	23	24	
1168	78	
1172	56	
1184	52	
1203	31	
1205	10	
1210	8	
1220	53	
1235	46	
1237	27	31	
1240	30	
1244	8	
1252	40	
1266	41	
1272	67	
1273	11	
1276	18	
1277	28	
1278	46	
1279	43	44	46	
1280	46	
1282	70	
1283	15	48	
1284	70	
1285	31	
1289	12	
1308	90	
1310	16	28	
1311	18	46	
1312	16	19	41	47	52	57	61	
1313	20	22	24	24	27	44	46	47	49	50	68	
1314	44	46	48	49	51	68	
1315	45	47	71	
1317	53	
1320	63	
1322	4	
1337	26	
1338	22	90	92	
1344	12	16	20	
1345	12	15	16	17	19	20	28	29	72	
1346	13	17	18	18	19	20	22	24	35	41	44	53	56	57	59	61	70	
1347	17	19	20	22	24	34	42	45	47	49	51	53	55	56	57	58	59	70	
1348	24	26	37	41	44	45	46	47	48	48	49	51	57	61	67	72	
1349	45	46	47	48	49	60	
1350	45	53	
1351	50	
1352	56	
1363	38	
1369	48	
1370	38	
1371	57	
1377	11	28	
1378	7	8	10	12	14	16	20	
1379	10	12	13	14	15	16	18	19	20	22	24	
1380	15	17	18	21	22	23	25	55	62	92	
1381	18	21	22	23	25	52	54	57	57	59	60	61	
1382	22	32	36	42	44	45	48	50	51	52	53	53	55	56	57	58	58	60	
1383	24	44	45	46	47	47	49	49	50	51	53	54	56	
1384	43	45	46	47	48	49	56	64	
1385	8	
1389	72	
1400	57	
1403	16	
1404	16	43	46	
1406	49	
1407	39	51	
1408	47	48	
1409	22	46	
1411	8	11	15	17	
1412	6	9	11	13	14	16	
1413	7	9	12	14	22	87	90	95	
1414	12	14	18	82	85	86	88	91	93	94	96	
1415	16	17	20	57	58	62	88	92	
1416	18	51	52	54	55	56	57	58	59	61	
1417	45	47	47	50	51	51	52	53	54	56	58	59	
1418	43	45	46	47	48	49	50	54	56	
1419	44	46	48	50	
1420	51	
1421	13	
1431	61	
1435	19	
1436	41	
1437	17	19	43	46	49	
1438	17	19	34	43	46	47	49	53	56	63	68	
1439	18	18	20	39	45	47	50	58	59	69	
1440	20	22	23	42	44	45	46	47	48	50	56	57	71	
1441	20	27	43	46	47	48	51	53	57	66	71	
1442	22	42	45	46	47	48	50	
1443	47	48	54	
1447	9	15	80	81	84	90	96	
1448	7	9	10	11	12	13	14	79	80	82	83	85	96	
1449	12	12	15	16	18	81	82	84	85	87	90	91	96	100	
1450	16	17	19	21	53	55	56	57	57	60	62	
1451	51	52	52	53	54	55	56	57	58	60	
1452	45	46	47	48	49	50	51	52	53	
1453	44	46	48	50	53	55	
1456	7	
1461	4	7	
1467	41	
1468	42	
1469	12	22	
1470	13	14	16	18	18	20	27	42	72	
1471	12	15	16	17	19	20	21	25	47	50	68	70	
1472	13	16	17	19	20	21	22	25	26	45	48	50	57	61	64	72	
1473	18	18	20	21	23	24	27	35	42	43	45	48	50	52	55	56	58	60	69	
1474	19	21	22	23	26	34	37	44	48	49	51	56	57	60	65	71	
1475	20	22	23	44	47	49	51	52	53	55	56	57	58	59	61	71	
1476	22	24	43	45	46	47	48	48	49	50	51	52	54	56	58	58	60	65	71	75	
1477	27	44	45	46	46	47	49	50	51	
1478	44	46	49	
1481	11	14	80	87	88	
1482	3	8	10	12	14	21	79	81	92	
1483	6	10	11	12	13	13	14	15	16	19	23	79	81	84	86	88	91	97	
1484	16	17	18	18	19	21	57	61	85	87	89	96	
1485	34	36	51	51	52	54	55	56	57	58	59	61	
1486	46	47	48	48	49	49	50	51	53	53	54	58	58	59	62	
1487	44	45	46	48	49	50	58	
1488	49	53	56	
1489	6	55	
1490	59	
1494	61	
1502	9	13	18	
1503	10	11	13	15	16	19	
1504	7	11	12	14	15	16	17	19	20	21	23	69	
1505	13	15	16	17	18	19	20	21	22	24	26	29	
1506	20	21	22	23	
1507	22	24	73	
1508	22	24	63	64	
1509	24	35	52	53	54	56	57	58	59	61	
1510	24	48	50	51	52	53	54	55	56	58	58	59	
1511	32	42	43	45	46	47	48	49	50	51	52	54	56	63	
1512	44	46	48	48	49	51	58	
1513	43	51	53	
1515	10	
1516	5	8	11	13	25	90	102	
1517	7	9	10	11	12	14	14	15	17	19	23	82	85	89	
1518	7	13	16	16	17	19	20	23	80	82	84	91	96	
1519	17	18	21	37	51	52	53	55	57	58	58	60	62	
1520	47	50	51	51	52	53	54	55	56	57	59	60	62	
1521	45	46	47	48	48	49	50	51	54	
1522	45	58	
1524	30	58	90	
1526	9	
1531	82	
1532	24	
1534	21	
1535	13	
1536	10	14	19	
1537	7	9	10	11	12	14	15	16	18	19	
1538	11	13	14	15	16	17	17	19	19	20	22	24	70	
1539	18	20	21	23	24	
1541	86	87	90	91	93	94	97	
1542	16	91	
1543	55	62	
1544	37	52	52	53	54	55	56	57	58	59	60	61	
1545	47	48	48	49	50	50	51	52	53	54	55	56	61	63	
1546	45	47	48	49	50	51	54	
1547	43	49	
1548	49	53	
1550	9	14	
1551	4	7	8	10	11	11	13	13	14	15	
1552	7	12	13	15	16	17	18	18	19	22	82	89	
1553	17	17	18	21	22	36	53	56	57	57	61	
1554	47	50	51	51	52	53	53	54	55	56	57	58	61	64	
1555	45	46	47	48	49	50	51	52	54	59	
1556	45	47	48	58	
1557	56	
1558	1	
1559	56	59	
1561	72	72	72	72	73	
1566	35	
1569	8	
1570	8	10	11	13	14	16	19	
1571	4	6	10	11	12	14	14	15	16	17	17	19	19	21	
1572	12	15	17	18	19	20	20	21	23	24	28	57	58	
1573	22	48	51	53	
1574	49	87	90	95	
1575	6	9	11	13	15	81	82	84	84	86	87	88	90	97	
1576	14	16	18	81	83	84	86	87	88	90	95	99	
1577	16	17	20	92	
1578	53	55	56	57	57	58	58	60	61	
1579	50	51	52	53	53	54	55	56	57	59	62	
1580	45	46	47	47	48	49	50	51	52	54	59	
1581	45	46	48	50	54	
1584	11	17	
1585	4	7	8	9	10	11	13	13	14	15	16	19	67	
1586	7	12	13	15	15	16	17	18	19	21	24	
1587	18	20	22	57	58	58	60	62	
1588	47	48	50	51	51	52	54	54	55	56	58	58	60	63	
1589	44	46	47	48	48	49	50	51	53	61	
1590	44	49	
1592	7	
1593	9	18	
1599	5	
1601	50	
1603	10	17	
1604	8	9	10	11	13	14	14	16	18	22	24	
1605	8	12	13	14	15	16	17	18	19	20	21	24	58	68	
1606	17	20	22	24	52	53	56	60	
1607	46	48	49	50	51	52	54	55	56	58	91	
1608	50	82	83	84	85	86	87	89	90	91	94	97	
1609	6	9	10	14	78	80	81	83	85	87	89	93	
1610	1	7	10	11	12	13	14	15	16	18	79	80	81	83	84	85	87	89	93	93	
1611	16	17	18	19	20	85	87	90	
1612	57	60	63	
1613	51	51	52	53	53	54	55	56	57	58	60	61	
1614	45	46	46	48	49	50	51	52	54	56	58	60	
1615	44	49	54	
1616	45	48	
1618	12	20	
1619	5	6	8	9	10	11	13	13	14	15	19	
1620	7	12	14	15	15	16	17	18	18	19	20	21	23	23	
1621	19	20	22	56	57	58	62	
1622	47	50	51	52	52	54	55	56	57	59	61	
1623	47	49	49	50	51	53	55	60	
1624	49	53	
1625	54	60	
1637	7	9	11	14	
1638	5	7	9	10	12	13	14	14	15	15	16	17	18	19	23	24	
1639	13	15	16	17	17	18	19	20	20	22	24	27	57	58	70	
1640	21	22	47	51	52	53	54	55	57	59	
1641	46	48	49	50	51	53	54	56	63	83	86	88	88	91	95	
1642	48	79	81	82	84	85	86	89	98	
1643	9	78	81	83	87	90	
1644	5	7	9	10	11	13	14	14	15	17	18	80	81	85	89	93	
1645	8	12	13	15	16	17	19	20	80	81	83	86	87	90	92	94	99	
1646	16	17	21	23	56	57	58	62	92	
1647	51	52	52	54	55	56	57	60	
1648	44	46	46	47	48	49	50	51	52	53	54	56	
1649	16	41	45	46	48	50	
1650	47	49	
1651	73	
1652	10	13	17	19	27	43	66	
1653	7	9	10	12	13	14	15	16	17	19	20	24	28	72	
1654	2	8	12	12	15	16	17	18	19	20	21	22	58	
1655	21	22	23	55	56	57	60	
1656	47	50	51	52	53	54	55	57	58	60	
1657	48	49	51	53	55	60	86	87	90	
1658	52	
1670	9	14	
1671	10	11	14	15	16	18	67	
1672	5	6	8	10	11	12	13	13	14	15	16	17	19	20	23	24	
1673	13	16	17	18	20	21	23	24	27	56	57	59	62	
1674	46	47	51	51	52	53	53	54	54	55	56	59	
1675	46	48	48	50	51	54	82	85	86	89	93	95	
1676	79	82	83	88	96	
1677	12	13	102	
1678	5	6	9	10	12	14	19	80	87	
1679	6	7	10	11	13	14	14	15	17	18	24	79	82	84	86	88	89	98	
1680	16	17	18	20	57	58	87	89	91	96	
1681	17	51	51	52	52	53	54	54	55	56	57	58	59	60	62	
1682	33	42	45	46	47	48	48	49	49	50	51	53	53	56	
1683	26	37	41	44	45	46	47	48	49	50	56	58	64	66	
1684	19	42	44	46	47	49	51	60	72	
1685	13	19	40	45	46	48	49	71	
1686	8	8	11	13	15	16	17	19	20	23	23	27	42	45	47	68	69	
1687	4	9	11	12	14	15	16	18	19	20	21	25	
1688	13	15	19	20	21	23	23	25	57	58	
1689	53	56	58	60	92	
1690	50	51	54	55	56	61	86	87	90	91	93	93	97	
1691	31	31	53	80	81	83	84	86	88	89	92	93	101	
1692	53	82	86	
1694	81	
1703	29	
1704	9	
1705	9	10	11	12	14	15	17	19	
1706	6	8	12	13	15	15	16	17	18	18	19	20	20	22	24	57	
1707	17	20	21	23	27	52	53	54	55	56	57	58	58	59	
1708	23	46	47	48	49	50	51	51	53	53	54	61	
1709	44	46	48	49	52	81	82	83	85	89	
1710	48	50	
1712	8	11	14	
1713	7	9	10	11	13	13	14	15	80	83	85	94	
1714	8	12	15	16	17	18	20	81	83	83	85	88	89	91	97	
1715	16	17	19	21	51	52	54	55	56	58	58	60	63	
1716	31	51	52	53	55	56	60	
1717	28	45	48	49	49	51	53	58	59	73	
1718	21	23	45	50	56	63	63	71	
1719	12	15	20	22	23	25	45	48	51	69	
1720	9	12	14	20	22	24	26	
1721	12	15	21	22	23	24	25	26	57	73	
1722	23	57	92	
1723	52	55	56	86	87	88	89	89	90	92	95	98	
1724	53	53	80	81	82	83	84	86	87	88	88	89	90	91	96	
1725	78	80	82	85	90	98	
1728	16	
1731	95	96	96	97	
1738	11	13	15	18	
1739	6	8	8	10	11	12	13	14	14	16	19	
1740	12	12	15	15	16	17	19	20	23	24	74	
1741	17	18	20	22	23	52	54	55	56	57	58	58	60	62	93	
1742	48	49	50	51	52	53	53	54	55	56	57	59	61	
1743	47	49	50	58	78	
1744	49	88	
1746	4	12	14	101	
1747	4	7	9	10	12	13	14	21	23	79	89	
1748	7	9	10	12	12	14	14	15	16	18	80	82	85	87	89	92	96	
1749	22	82	83	86	87	88	89	90	91	93	93	95	
1750	16	87	91	93	
1751	24	92	
1752	24	92	
1753	24	25	91	93	
1754	2	88	90	91	95	
1755	86	87	89	90	91	92	94	96	98	
1756	53	82	83	86	86	88	89	89	90	91	93	95	97	
1757	77	80	81	82	83	83	84	85	87	89	91	96	
1758	80	81	81	84	85	89	
1759	80	87	98	101	
1766	90	
1772	11	15	
1773	7	9	10	11	12	13	14	18	52	
1774	7	12	15	16	19	23	25	87	90	93	93	97	
1775	55	57	58	61	82	87	90	91	92	96	97	
1776	51	51	52	53	53	54	55	56	60	64	87	90	91	93	95	97	
1777	51	54	59	87	92	
1778	50	58	101	
1779	94	
1780	4	
1781	3	10	15	
1782	6	9	11	80	83	85	90	
1783	9	11	13	13	15	77	79	80	81	82	84	85	86	89	92	98	
1784	12	15	80	81	82	83	84	85	86	88	88	89	91	95	
1785	82	83	86	87	87	90	90	91	94	96	
1786	86	87	88	88	89	90	91	92	94	95	97	
1787	53	82	83	85	86	87	88	89	90	92	95	99	
1788	81	83	84	86	87	89	90	92	93	97	99	
1789	78	79	80	81	82	83	83	84	85	86	88	90	98	
1790	78	79	80	80	81	82	84	85	86	90	93	
1791	78	80	81	85	88	98	
1792	80	83	88	92	97	98	
1793	95	
1806	10	
1807	4	9	12	14	
1808	8	10	11	14	79	81	84	86	91	
1809	78	80	80	81	82	84	85	86	87	88	89	91	92	94	
1810	78	81	81	82	84	85	86	88	88	90	91	95	
1811	83	85	87	89	92	96	99	
1812	95	
1814	3	
1815	4	
1816	90	96	
1817	5	11	14	16	78	80	84	88	100	
1818	5	79	79	80	81	84	85	87	89	93	101	
1819	7	78	79	79	80	81	83	84	84	86	88	89	91	93	
1820	78	80	81	82	84	85	87	89	98	
1821	79	80	80	81	82	83	85	87	89	100	
1822	79	80	82	84	86	89	
1823	79	81	86	
1824	79	84	
1825	82	
1826	87	
1827	89	
1836	86	
1842	5	79	85	90	96	
1843	79	80	81	84	87	88	99	
1844	78	79	80	82	83	84	87	93	102	
1845	79	80	82	84	86	89	
1850	5	
1851	5	
1852	4	80	84	
1853	79	80	99	
1854	79	81	83	87	89	95	
1855	79	81	85	100	
1856	79	85	
1857	93	
1858	93	
1859	89	
1873	14	
1877	80	
1878	85	
1881	24	
1882	100	
1886	77	
1887	36	85	
1889	99	
1895	45	
1897	31	
1910	89	
1911	91	
1912	84	
1944	7	
1954	13	
1965	36	
1970	98	
1979	20	
1982	101	
1998	46	
2009	90	
2011	95	
2017	18	
2022	3	39	
2023	2	
2024	89	
2026	73	
2028	72	
2042	89	
2053	80	
2065	44	49	
2084	52	
2088	39	
2100	22	88	
2125	91	
2143	10	
2172	15	
2183	12	
2193	6	
2211	96	
2213	4	
2219	9	
2247	8	
2266	100	
2272	102	
