80	51	52	
122	91	97	
123	86	88	91	93	94	
124	93	
146	33	
154	56	
155	46	47	48	50	
156	43	83	84	89	94	
157	8	9	11	14	81	82	84	85	88	89	91	95	99	
158	12	15	16	86	88	88	90	92	97	
159	16	18	
187	58	
188	52	54	56	57	60	
189	33	36	47	48	50	50	51	53	55	56	58	60	
190	43	44	45	46	49	49	
191	8	10	12	13	81	83	102	
192	7	11	12	13	14	15	19	81	82	83	85	87	91	94	
193	16	17	18	18	20	85	88	92	98	
218	9	
222	58	
223	50	51	51	52	53	53	54	55	56	56	59	60	
224	42	44	45	46	47	48	48	49	50	51	
225	5	8	10	43	45	46	49	
226	7	9	10	11	12	13	14	15	80	82	83	85	91	95	
227	11	12	16	18	20	23	82	83	84	86	87	90	92	96	
228	16	17	23	
253	87	90	91	94	97	102	
254	8	11	16	85	88	90	92	95	
255	17	
257	52	53	54	55	56	57	58	59	61	
258	48	49	50	51	51	54	54	56	59	
259	33	41	43	43	44	45	46	47	48	49	50	
260	4	8	9	10	11	13	
261	6	8	11	12	13	14	14	15	16	81	83	84	86	90	96	
262	12	16	17	17	19	20	22	
284	58	
285	51	55	
286	86	88	89	91	92	94	
287	9	81	82	84	85	87	88	90	94	
288	7	11	12	14	16	17	19	20	81	83	84	100	
289	18	20	22	
291	53	55	56	57	
292	36	50	51	51	52	53	54	54	55	56	57	59	62	
293	33	44	45	46	47	48	49	50	50	
294	5	9	13	43	44	
295	6	8	9	10	11	12	13	14	15	81	82	84	86	90	95	
296	15	16	17	18	19	20	22	83	88	88	
297	18	23	
317	55	56	
318	52	55	57	61	93	
319	51	54	87	90	92	95	
320	81	82	83	85	87	89	90	91	94	97	
321	4	7	10	11	12	14	15	16	18	79	81	84	86	101	
322	7	12	15	16	17	18	18	19	20	23	
323	22	
325	56	58	
326	36	48	51	52	53	54	55	57	59	61	
327	44	45	46	47	48	49	49	50	51	53	
328	5	43	44	
329	6	8	9	11	12	13	14	15	24	85	
330	7	12	14	15	16	16	17	18	19	20	25	26	71	83	86	95	100	
331	17	21	
350	53	56	
351	51	53	56	91	
352	51	52	55	85	87	88	89	90	92	94	98	
353	81	83	84	85	86	87	88	89	91	93	96	98	
354	8	10	68	80	81	82	84	85	86	88	89	91	94	
355	5	7	10	11	12	14	14	15	16	16	18	20	84	
356	13	16	17	17	19	20	21	23	24	
357	23	
359	57	
360	51	51	52	53	54	54	55	56	56	57	58	60	
361	41	43	45	46	47	48	49	49	50	51	51	54	
362	8	44	49	
363	4	6	9	11	12	13	13	14	15	29	
364	7	11	13	14	15	16	17	18	19	20	21	
365	17	18	21	23	
383	52	57	
384	52	54	92	
385	52	53	56	58	82	85	87	88	89	90	92	93	96	
386	48	50	55	67	80	82	83	84	85	87	89	90	94	98	
387	45	46	79	80	81	84	85	90	101	
388	3	6	9	10	11	13	14	18	80	82	84	88	
389	5	6	8	10	11	12	12	14	15	16	16	18	19	20	24	
390	16	17	17	19	20	21	23	23	
393	57	
394	51	52	52	53	54	55	56	57	58	61	
395	42	45	47	48	48	49	49	50	51	53	54	
396	8	30	39	44	44	46	49	50	65	
397	3	6	9	11	12	13	14	23	
398	8	11	12	14	15	16	17	18	19	20	21	23	69	83	
399	20	21	
415	56	
416	46	52	57	
417	51	53	55	87	91	96	
418	50	52	55	83	85	86	88	88	89	91	92	93	96	
419	57	58	66	81	83	84	85	86	87	89	90	94	
420	17	18	32	41	45	46	47	48	51	57	80	81	84	
421	19	20	33	40	42	44	45	46	46	47	49	49	63	79	
422	8	10	11	13	44	
423	7	9	11	11	12	13	14	15	16	18	20	23	
424	16	17	17	19	20	21	28	
428	52	53	54	55	56	58	59	
429	47	48	50	51	52	54	55	
430	44	45	46	49	65	
431	7	9	10	11	14	
432	10	12	13	15	16	18	19	20	69	
433	17	20	21	23	
448	57	
449	37	52	57	61	
450	47	48	50	52	54	
451	47	50	55	82	84	85	87	88	90	93	96	
452	67	81	82	83	84	85	86	89	90	93	96	100	
453	6	9	11	14	16	17	18	19	58	79	81	82	84	85	
454	12	13	15	15	17	18	18	19	20	21	24	26	48	51	52	52	55	56	57	59	61	69	
455	21	22	23	24	25	32	42	45	46	47	47	49	50	50	
456	4	9	39	43	44	45	46	48	76	
457	7	9	10	11	12	13	14	15	24	
458	16	17	18	20	22	82	87	90	92	97	
459	17	92	
462	51	53	55	58	59	
463	49	50	51	54	
464	9	49	
465	10	11	14	14	16	
466	3	12	15	16	17	18	19	20	21	23	24	
467	22	
482	53	56	57	
483	36	51	51	52	53	54	55	56	57	58	60	
484	44	45	46	47	48	49	50	50	52	54	59	
485	43	49	80	83	85	89	93	
486	9	11	14	16	19	67	69	79	81	84	86	88	
487	7	10	12	13	14	15	16	17	18	19	19	20	27	
488	18	20	20	21	22	23	24	52	53	54	55	56	57	59	
489	47	50	51	52	53	54	54	56	58	
490	41	44	45	45	46	47	48	48	49	50	
491	4	6	9	11	14	43	
492	7	11	12	14	82	83	83	85	86	89	90	94	
493	13	17	85	87	89	91	92	95	
494	88	91	92	
495	87	92	
496	51	52	53	54	55	56	60	92	95	
497	86	88	91	92	95	97	
498	10	13	83	86	91	94	
499	6	8	10	11	12	14	15	16	17	19	20	26	71	
500	17	18	19	20	21	23	25	
516	53	57	
517	48	50	51	52	52	54	55	59	61	
518	45	49	50	51	54	91	95	
519	9	43	65	80	85	89	
520	8	9	10	12	13	13	14	15	16	17	18	19	19	23	27	69	
521	12	17	20	21	22	24	25	
522	23	25	
523	51	52	53	53	54	55	56	57	58	61	
524	33	35	45	46	47	48	48	49	50	51	52	56	58	78	
525	40	42	43	44	45	46	47	49	67	
526	7	10	14	27	41	43	46	46	81	84	
527	9	12	15	26	80	81	82	83	84	86	88	93	98	
528	81	82	84	85	86	88	89	90	92	94	97	98	
529	82	83	85	86	87	89	90	91	94	95	98	
530	82	83	85	86	87	89	90	91	94	96	99	
531	10	81	82	83	83	84	85	87	89	94	
532	9	11	12	13	15	16	17	19	29	44	68	80	
533	12	17	18	19	20	22	
534	21	23	25	33	34	34	
541	90	90	91	
550	52	55	56	60	
551	46	48	50	51	53	54	59	
552	45	48	84	87	89	90	94	
553	8	10	11	14	14	18	
554	4	15	16	17	19	20	20	23	25	70	
555	22	25	
557	55	58	
558	51	52	54	55	56	58	61	
559	33	34	45	49	50	51	52	53	54	56	57	59	61	77	
560	28	42	44	45	46	47	48	48	49	50	51	57	
561	37	41	44	45	46	47	49	56	67	
562	6	21	26	41	44	46	47	49	57	58	79	80	81	83	84	
563	16	19	38	42	43	44	46	48	70	80	81	82	83	85	88	98	
564	10	13	18	18	20	42	44	66	70	80	81	82	84	99	
565	6	10	11	14	15	17	18	19	20	79	80	
566	12	15	17	19	20	21	23	23	25	26	
567	13	22	24	
583	56	57	
584	47	51	52	53	53	54	56	60	
585	45	46	48	49	50	
586	9	14	83	83	85	89	92	93	96	99	
587	5	8	10	11	12	13	14	15	16	19	69	
588	17	18	20	21	22	24	27	
593	55	
594	35	45	50	52	53	54	55	58	59	63	65	
595	45	49	51	54	
596	23	24	29	44	48	50	53	62	63	
597	11	19	22	23	25	43	45	48	63	65	
598	5	15	19	21	22	24	25	27	45	80	
599	13	15	21	22	24	25	
600	22	24	
617	56	57	
618	47	50	51	51	52	53	54	59	
619	45	46	49	50	96	
620	9	10	13	86	89	
621	5	6	11	12	14	15	15	16	17	18	19	23	28	68	
622	17	20	21	
631	25	
650	57	
651	52	55	56	57	58	
652	47	49	50	50	51	54	54	
653	44	48	49	89	94	
654	4	6	8	9	11	12	13	14	79	83	
655	12	13	15	16	17	18	19	20	23	24	
656	21	
685	51	52	56	60	
686	48	49	50	51	52	53	54	
687	44	45	49	84	89	
688	7	9	10	11	12	13	14	
689	1	15	16	17	18	19	20	21	24	
690	22	
718	57	
719	52	53	53	55	56	57	62	
720	47	49	50	54	
721	9	44	87	91	97	
722	5	6	8	9	11	11	12	13	14	14	15	16	
723	16	17	18	19	20	22	25	
724	23	
752	57	
753	52	54	55	56	57	59	
754	42	45	46	47	48	49	50	53	55	
755	9	39	44	87	89	95	
756	6	8	9	10	11	12	13	13	14	69	86	
757	2	16	17	18	19	20	22	24	
786	58	
787	47	51	52	52	54	55	56	56	59	62	
788	32	41	44	45	46	47	48	49	50	51	53	
789	8	10	42	43	44	45	46	48	79	
790	7	9	10	11	12	14	14	15	19	68	83	
791	3	12	15	17	19	20	21	22	25	
792	22	
821	53	55	57	61	
822	33	50	54	62	
823	3	45	50	65	
824	3	15	21	23	25	
825	21	22	25	
858	4	
1164	78	
1191	56	102	
1193	15	
1197	40	
1206	31	
1207	89	
1208	11	
1212	30	
1217	62	
1220	8	
1225	4	
1232	16	97	
1237	54	
1241	76	
1242	27	
1243	36	
1244	46	
1245	55	
1246	50	
1247	8	
1249	32	
1250	71	
1268	38	
1277	16	
1278	17	18	20	42	
1279	22	42	45	46	48	51	66	
1280	46	48	
1281	74	
1287	5	
1309	20	
1311	7	10	12	14	19	
1312	16	19	25	29	35	53	55	56	60	
1313	17	20	22	24	42	44	45	47	48	49	50	52	55	59	
1314	40	44	47	49	
1334	52	
1337	26	
1338	39	
1344	12	
1345	8	10	13	14	16	20	
1346	11	12	14	15	16	18	25	35	52	55	56	57	59	63	
1347	16	17	18	20	48	50	51	53	54	56	59	
1348	40	43	44	45	46	47	48	50	54	56	60	
1349	45	
1350	49	
1361	5	
1374	13	36	
1375	57	68	
1376	45	46	49	
1379	8	12	
1380	6	10	11	12	14	15	18	55	58	82	88	
1381	12	15	17	19	21	24	36	52	54	55	56	58	59	61	82	91	96	
1382	18	21	42	44	45	46	47	48	49	50	51	52	54	57	
1383	41	44	45	47	49	
1386	77	
1407	39	
1408	16	29	56	
1409	16	17	19	20	45	46	48	49	51	56	59	68	
1410	22	44	46	48	49	
1414	4	7	10	12	15	21	
1415	6	8	10	11	12	14	15	16	18	25	52	55	56	57	60	62	81	83	84	87	88	91	94	
1416	4	16	17	19	20	42	50	51	52	53	55	56	59	68	
1417	40	43	44	45	46	47	48	49	50	52	
1418	45	46	
1419	12	
1429	35	
1436	99	
1439	53	
1440	13	
1441	15	18	21	67	
1442	7	12	14	16	18	19	20	24	
1443	18	19	21	24	27	43	46	48	49	50	52	54	57	58	69	
1444	50	93	
1445	48	
1448	10	15	
1449	8	9	10	11	12	13	14	15	16	20	28	55	57	81	85	
1450	15	15	16	17	19	20	38	50	51	51	53	53	54	55	56	59	61	69	82	86	
1451	18	21	23	44	45	46	47	48	49	50	51	59	
1452	43	48	49	51	60	
1453	49	
1455	10	
1461	2	
1464	7	
1473	17	
1474	8	13	16	19	67	
1475	9	11	14	15	17	19	21	24	57	68	
1476	15	17	18	18	20	21	24	44	47	48	50	51	52	54	55	56	58	
1477	21	23	44	46	48	49	50	52	54	61	
1478	82	86	92	
1481	26	
1482	8	12	16	18	99	
1483	5	8	10	11	12	13	14	18	22	57	85	
1484	12	15	16	17	18	19	20	23	23	27	37	51	52	53	54	55	56	57	58	60	87	
1485	18	22	46	46	48	48	49	50	52	54	56	60	
1486	43	45	47	49	
1492	14	
1506	16	19	47	
1507	8	11	18	35	
1508	9	11	13	14	16	17	19	21	23	67	70	
1509	6	11	13	14	15	17	18	18	19	20	21	25	53	56	57	59	
1510	20	21	23	23	25	43	46	47	49	50	51	52	54	55	58	58	
1511	22	44	46	48	49	51	54	
1512	48	81	86	90	
1513	54	57	
1515	5	54	
1516	9	
1517	5	6	8	9	10	11	13	14	15	19	23	57	
1518	7	13	16	16	17	19	20	24	27	52	54	55	56	57	59	61	69	87	
1519	18	23	43	45	47	48	49	49	51	52	53	55	57	
1520	13	14	45	46	49	51	
1521	50	
1523	54	58	
1529	86	
1531	2	
1537	22	
1538	29	
1539	44	52	
1540	10	16	18	20	28	41	
1541	8	10	11	13	13	15	16	17	19	21	24	68	
1542	7	11	12	14	17	18	19	20	21	22	24	26	
1543	21	22	24	25	52	53	55	55	56	57	59	62	92	
1544	25	38	43	46	47	47	48	50	51	51	52	54	55	58	60	
1545	45	46	47	49	51	54	
1546	47	
1550	9	14	19	
1551	7	9	10	11	12	13	14	15	58	
1552	8	12	16	18	20	22	23	52	55	57	60	
1553	17	18	47	49	50	51	53	55	56	61	88	
1554	44	47	48	50	53	58	
1555	56	
1558	31	
1571	19	
1572	19	37	
1573	7	8	11	15	16	18	19	67	68	
1574	9	11	12	14	16	17	19	20	23	28	
1575	11	13	14	18	19	20	21	24	26	70	
1576	23	23	88	93	
1577	52	53	56	57	61	83	86	87	89	90	92	94	97	
1578	16	48	50	51	52	54	55	56	58	61	87	91	93	96	
1579	43	44	46	47	49	50	53	
1580	48	51	
1581	44	
1584	12	14	
1585	4	7	10	11	14	16	20	25	26	
1586	8	11	13	15	16	20	24	53	56	61	87	
1587	18	46	50	51	53	54	56	59	82	85	99	
1588	48	88	90	
1589	48	
1595	11	
1600	36	
1605	9	14	
1606	9	11	14	17	18	26	28	
1607	6	9	11	13	13	15	16	19	20	21	24	56	69	
1608	18	20	21	22	23	25	51	52	
1609	22	50	93	
1610	82	83	87	89	91	97	99	
1611	7	10	11	14	16	79	80	81	83	83	85	87	89	94	
1612	16	19	48	51	52	53	54	55	56	57	58	61	81	82	83	84	85	86	87	88	90	91	96	101	
1613	17	39	42	47	49	49	51	54	56	60	
1614	42	44	45	46	48	50	60	
1615	26	42	50	
1616	49	
1618	8	67	
1619	10	12	14	16	19	57	
1620	8	12	15	16	17	19	21	52	55	57	58	68	
1621	20	22	45	46	50	53	53	92	96	
1622	49	80	85	91	95	
1623	92	
1626	96	
1628	68	
1638	21	
1639	9	13	18	
1640	3	7	9	10	11	14	14	57	
1641	6	12	13	15	16	16	18	19	20	24	28	52	56	68	
1642	18	22	23	51	52	53	55	60	91	92	98	
1643	51	55	83	86	87	89	91	92	94	97	
1644	56	80	81	83	84	86	88	90	
1645	4	9	10	13	80	87	97	
1646	7	12	14	15	19	53	57	62	80	82	84	86	90	93	
1647	16	17	19	21	34	50	51	52	54	56	58	58	63	91	
1648	17	41	44	45	46	47	49	50	52	55	56	
1649	40	43	44	45	46	47	48	50	56	
1650	41	47	48	71	
1651	16	20	42	45	46	67	
1652	9	16	19	22	27	45	48	68	
1653	3	9	10	12	14	17	19	21	23	26	56	
1654	13	17	21	24	26	51	52	55	58	68	
1655	22	49	51	53	62	85	87	88	90	92	94	
1656	78	84	89	89	
1658	58	94	
1661	85	
1663	83	84	84	84	87	
1670	59	
1673	6	8	12	19	24	
1674	4	6	9	10	11	12	13	14	15	16	18	20	24	
1675	19	21	23	47	52	53	55	59	85	
1676	48	50	54	57	82	85	87	88	89	90	91	92	94	97	
1677	54	79	80	81	83	84	85	88	89	91	94	
1678	80	83	86	93	
1679	3	11	84	
1680	6	8	10	11	13	13	15	75	83	87	
1681	7	12	19	53	54	55	82	84	85	87	88	90	92	93	97	99	
1682	18	51	54	57	58	61	87	91	92	
1683	25	31	45	49	51	53	57	60	
1684	25	32	33	43	44	45	49	54	56	62	64	
1685	20	22	25	35	44	49	54	
1686	10	21	22	24	45	57	63	72	
1687	5	23	50	52	54	57	
1688	53	53	96	
1689	81	84	86	88	89	98	98	
1690	83	89	89	96	
1691	87	98	
1692	39	
1698	66	
1706	10	
1707	9	11	14	17	19	58	
1708	4	7	12	13	16	17	19	20	24	51	52	55	
1709	18	20	21	25	47	48	50	55	
1710	79	80	81	82	84	85	87	90	94	
1711	53	79	85	
1714	7	11	15	26	85	99	
1715	6	10	15	81	83	85	97	
1716	7	11	13	14	15	19	81	82	84	86	88	89	91	93	98	
1717	86	87	91	94	97	
1718	87	88	92	93	96	
1719	25	87	91	92	98	
1720	25	51	54	58	87	92	
1721	51	54	87	89	91	92	95	
1722	82	85	87	89	91	94	98	
1723	79	81	84	86	93	
1724	84	
1728	57	
1738	23	
1740	9	
1741	6	10	12	14	15	18	56	58	
1742	2	16	17	18	19	20	22	24	47	51	51	54	55	58	69	
1743	22	45	46	48	55	63	92	
1744	53	79	81	87	
1745	68	82	84	
1748	84	84	85	101	
1749	12	81	83	93	
1750	10	13	80	81	84	
1751	9	14	81	82	84	85	90	94	
1752	82	82	84	85	86	89	91	95	99	
1753	82	85	85	87	89	90	94	
1754	82	85	86	88	89	90	94	98	
1755	81	82	84	85	87	89	92	97	98	
1756	80	82	84	90	
1757	85	
1758	96	
1763	10	
1764	7	7	8	
1774	9	12	14	18	21	28	
1775	6	12	14	15	17	19	24	26	53	58	62	
1776	17	18	21	22	25	25	46	50	51	52	53	54	55	56	
1777	48	52	84	87	89	91	96	98	
1778	8	93	
1782	88	
1784	99	
1785	81	83	88	
1786	81	84	88	
1787	79	80	82	83	85	89	97	99	
1788	80	82	84	85	92	96	100	
1789	80	82	84	
1790	99	
1803	71	
1807	8	15	
1808	9	14	58	
1809	8	12	13	15	17	19	52	54	55	56	61	
1810	18	20	22	46	48	50	52	53	
1811	45	51	57	81	84	87	90	97	
1812	86	
1817	22	
1820	83	
1822	85	88	
1837	60	
1842	7	10	12	13	15	16	57	
1843	5	7	12	14	15	16	18	19	22	53	54	55	57	59	
1844	18	20	23	45	47	49	51	55	
1845	45	49	81	84	
1846	10	82	
1850	9	
1857	9	
1861	87	
1873	18	
1875	8	
1876	8	11	13	14	19	23	57	
1877	11	12	15	16	17	18	19	21	24	27	51	55	56	59	69	
1878	21	22	42	45	46	47	48	49	53	
1879	54	90	
1880	63	
1881	61	
1884	100	
1906	68	
1908	21	
1909	14	18	
1910	8	9	11	14	15	16	20	56	57	58	
1911	13	15	16	17	19	20	22	23	50	51	52	54	54	60	68	
1912	43	45	48	49	51	59	
1913	44	49	
1924	2	19	
1928	45	
1938	74	
1943	8	18	
1944	5	6	8	9	10	12	14	15	20	53	
1945	13	15	25	52	53	53	54	55	55	58	91	97	
1946	50	55	60	87	90	91	92	97	
1947	55	61	
1951	62	
1967	1	
1977	10	
1978	11	
1979	82	84	88	89	92	93	
1980	81	82	83	84	86	87	89	91	96	101	
1981	83	91	94	
1994	12	82	
2001	65	
2003	78	
2010	29	60	
2011	15	
2013	56	82	84	
2014	78	79	81	85	90	
2017	26	
2022	58	
2031	35	
2054	3	
2068	78	
2099	40	
2102	78	
2122	103	
2123	10	
2126	94	
2143	42	
2182	25	
2262	9	
2263	9	
