190	88	91	
191	87	91	92	
192	88	91	93	96	
217	92	
218	88	
223	52	
224	82	87	89	91	94	
225	81	82	85	86	87	88	89	91	96	98	
226	8	12	81	82	83	85	86	87	89	91	93	97	
227	16	18	81	86	87	90	91	93	95	
249	93	
250	82	86	87	90	92	98	
251	83	86	87	89	90	92	95	
252	82	83	85	86	87	89	90	91	93	94	98	
253	83	85	87	89	90	92	94	
254	16	
255	56	
256	46	52	55	56	59	
257	38	40	46	49	50	52	54	85	90	94	
258	47	49	79	81	82	83	85	88	90	
259	9	42	80	80	81	82	83	84	89	
260	7	9	11	12	13	14	79	80	81	82	84	86	89	
261	7	11	14	16	81	82	83	84	85	87	89	90	97	
262	17	19	82	85	86	89	90	92	95	
263	17	
281	87	91	93	
282	87	88	90	92	96	
283	83	85	87	88	89	90	92	
284	80	81	82	84	85	85	87	88	89	91	94	
285	80	81	82	84	85	86	88	90	94	99	
286	10	80	81	82	83	83	84	85	88	
287	7	11	13	13	80	81	82	84	85	86	88	89	94	
288	16	20	82	83	85	86	88	90	94	
289	18	53	54	56	58	59	
290	42	47	50	51	52	54	57	60	
291	32	43	44	47	48	48	49	50	53	53	55	57	59	
292	33	35	42	44	45	47	47	49	52	56	57	59	64	67	70	78	79	102	
293	21	39	43	43	44	45	46	46	47	48	49	79	
294	6	11	22	28	44	45	46	70	79	
295	2	8	8	10	12	14	79	80	81	83	85	
296	6	12	13	14	15	16	18	80	81	82	83	85	86	88	90	92	97	
297	16	17	17	19	85	92	
312	56	
313	88	91	
314	85	87	89	92	95	
315	58	81	82	84	85	87	88	90	
316	34	36	81	82	83	84	85	86	89	98	
317	42	46	50	53	58	59	66	80	81	84	85	98	
318	16	18	31	33	36	42	44	46	48	48	56	57	58	67	79	80	83	
319	17	19	42	43	44	45	46	47	49	68	78	79	81	
320	9	20	21	26	41	44	44	46	46	48	49	78	79	80	
321	7	9	10	11	13	15	79	80	81	83	
322	7	12	12	14	15	15	16	19	80	82	84	85	89	92	97	
323	16	17	17	18	19	20	
324	54	
325	45	52	54	55	
326	25	50	52	55	57	58	61	
327	25	35	44	48	49	50	51	52	53	54	55	56	58	61	
328	42	44	45	46	46	47	49	49	
329	4	8	10	44	
330	7	10	11	12	13	13	14	15	19	70	80	81	84	89	
331	13	16	17	17	19	20	21	81	84	88	91	
332	18	
346	50	57	
347	50	52	53	55	81	83	85	87	90	92	94	
348	42	58	80	81	83	83	84	86	89	
349	16	17	27	39	42	44	47	49	78	80	81	83	98	
350	12	13	18	18	20	33	42	44	47	49	68	79	80	
351	15	17	19	20	21	34	47	49	62	69	79	
352	20	22	43	45	52	56	57	60	78	
353	20	22	23	23	45	47	50	51	51	52	54	55	55	56	59	62	
354	22	33	42	44	45	46	47	47	48	49	50	50	53	
355	6	8	10	14	44	
356	7	10	11	12	13	14	15	15	80	81	84	90	
357	16	17	17	18	18	19	20	21	22	
358	22	
360	55	57	
361	51	52	52	53	54	55	55	56	56	57	59	60	62	
362	42	45	46	46	47	48	49	50	50	51	52	53	54	
363	3	9	43	44	45	46	
364	6	8	9	10	11	12	13	14	15	79	83	
365	2	12	13	15	16	17	19	20	21	80	83	84	88	91	
366	17	21	23	26	
378	57	
379	48	50	51	53	55	56	60	
380	45	46	46	49	51	89	
381	8	10	13	68	79	81	83	84	87	88	91	98	
382	14	16	18	78	80	
383	16	17	17	19	20	23	45	64	
384	21	25	
385	20	23	23	25	
386	24	53	57	58	
387	33	51	52	52	53	54	55	55	56	56	57	60	
388	42	45	46	47	48	49	50	50	51	54	58	
389	9	10	44	45	46	
390	6	8	10	11	12	13	13	14	15	15	24	27	
391	16	17	17	18	19	20	22	23	87	91	
394	57	
395	35	51	52	53	54	55	56	57	58	59	
396	35	43	47	48	50	51	51	53	54	55	56	
397	9	42	44	45	46	47	48	49	63	
398	9	11	12	13	14	15	
399	8	11	12	14	15	16	18	20	80	82	85	88	91	94	98	
400	16	17	19	22	
412	53	55	56	58	
413	47	48	51	51	52	53	54	55	56	59	61	
414	41	44	46	47	49	49	53	
415	9	10	11	13	44	79	
416	7	10	12	12	13	14	15	15	16	18	20	70	
417	16	17	18	20	21	22	25	
421	51	52	55	56	57	59	61	
422	45	46	47	49	50	51	53	54	58	
423	10	44	45	46	47	48	49	
424	4	7	10	11	12	13	14	15	
425	12	15	16	17	18	20	82	83	85	87	89	91	95	
426	17	20	
429	55	57	58	60	
430	47	49	50	51	52	53	53	54	55	57	59	
431	43	44	45	46	47	49	49	50	
432	5	8	9	14	45	
433	5	7	10	11	12	13	14	15	15	18	23	80	82	84	
434	16	16	17	17	19	20	21	82	
435	22	
446	53	56	57	
447	36	51	51	52	53	54	54	55	56	57	58	60	
448	45	46	47	48	48	49	50	50	
449	4	9	10	11	14	44	
450	8	11	12	13	14	15	16	17	19	
451	17	18	20	21	23	
454	57	
455	54	55	56	57	57	60	
456	36	47	47	49	50	51	52	53	54	55	56	56	59	
457	42	43	45	46	47	48	48	49	
458	5	6	9	11	14	
459	8	11	12	13	14	15	16	19	80	81	84	85	88	89	92	94	
460	16	17	18	19	21	86	90	92	
461	17	
463	53	55	56	57	58	59	
464	48	51	51	52	53	54	54	55	56	58	60	
465	41	44	45	46	46	47	49	50	50	51	54	
466	5	8	10	43	45	49	
467	5	7	9	10	11	12	13	13	14	14	15	16	19	23	80	87	
468	12	16	17	17	18	18	19	20	21	24	26	
480	56	57	
481	47	51	52	53	54	55	59	62	
482	45	46	47	48	49	50	92	94	
483	5	6	9	10	12	14	91	
484	8	11	12	13	14	14	15	16	17	19	24	
485	16	17	18	20	21	22	26	
489	57	58	
490	48	51	51	52	53	53	54	55	56	57	59	61	
491	41	43	45	46	47	47	49	49	50	
492	9	31	41	44	45	46	46	48	
493	8	9	11	12	14	15	81	83	
494	8	12	15	16	17	19	22	82	83	83	85	86	88	90	92	95	
495	16	17	19	86	88	91	93	
497	55	56	57	58	
498	37	50	51	51	52	53	54	55	55	56	58	59	61	
499	32	43	44	45	46	47	47	48	49	50	50	51	54	
500	3	8	9	11	44	45	48	
501	5	7	10	11	11	12	13	14	15	15	19	
502	15	16	16	17	18	18	19	20	21	22	
503	22	
513	57	
514	52	55	56	57	61	
515	47	50	51	52	53	53	54	55	56	59	
516	44	46	48	49	82	86	89	93	
517	9	10	12	13	14	87	
518	7	11	13	14	15	16	17	18	19	20	25	
519	21	22	
524	51	52	53	54	54	55	56	57	58	58	62	
525	47	48	49	50	51	51	52	53	54	55	57	59	61	
526	41	43	43	44	45	46	46	47	48	48	49	
527	6	8	10	13	42	44	46	
528	9	10	12	12	13	15	80	81	82	84	88	
529	16	20	81	82	84	85	87	89	91	93	95	
530	16	17	86	88	91	
531	57	
532	52	52	53	54	54	55	55	56	58	60	
533	42	45	46	47	47	49	50	51	51	54	54	
534	8	9	43	44	48	
535	5	7	9	10	11	12	12	13	14	14	15	15	
536	12	16	16	17	18	19	19	20	21	22	23	
537	21	
548	52	53	55	56	57	59	
549	46	47	49	50	51	54	65	
550	9	44	49	75	79	83	85	87	89	
551	5	7	10	11	12	14	14	16	
552	13	15	16	17	17	18	18	19	20	24	
553	17	22	
558	57	
559	51	52	52	53	54	55	55	56	56	57	59	61	
560	45	46	47	47	49	50	50	51	52	53	54	56	
561	8	31	41	43	44	45	46	47	48	48	49	65	
562	9	11	13	15	40	43	46	
563	9	11	12	13	15	79	80	82	83	84	86	88	
564	12	17	81	83	83	85	86	90	91	94	
565	16	18	58	85	87	90	92	
566	52	53	54	55	55	56	57	60	92	
567	47	49	50	51	54	55	88	92	
568	8	10	45	49	92	
569	1	4	6	7	10	11	12	13	13	14	14	16	
570	12	15	16	16	17	17	18	18	19	20	21	69	
571	21	23	
581	57	58	
582	48	52	53	54	55	57	60	
583	45	46	46	47	49	50	50	54	
584	8	10	44	49	67	85	93	93	
585	5	7	10	11	12	13	14	14	15	16	
586	16	17	17	18	19	20	21	24	27	
587	18	22	
593	55	60	
594	34	51	52	53	53	54	55	56	56	57	58	59	61	
595	44	45	46	47	48	48	49	50	50	51	54	56	57	
596	5	29	32	41	42	43	43	44	45	46	46	47	48	49	
597	8	9	11	14	79	80	
598	7	11	13	14	15	21	80	81	82	84	85	88	
599	13	80	81	82	83	84	85	87	88	90	94	
600	51	51	52	54	55	55	57	60	63	82	83	85	86	87	88	90	91	95	
601	50	52	53	81	82	85	87	89	91	93	96	
602	8	10	13	42	67	82	85	88	89	97	
603	6	7	11	12	12	13	14	14	15	16	17	19	23	70	
604	3	12	16	17	17	18	19	20	21	22	25	
605	21	23	
609	102	103	
615	53	56	57	
616	48	51	52	52	54	55	55	59	
617	42	44	46	46	47	48	49	49	50	53	
618	5	9	10	11	14	43	79	90	
619	5	6	8	12	13	14	14	15	16	18	23	
620	15	16	17	18	20	21	22	
621	23	
628	54	58	
629	33	50	51	52	53	54	55	56	57	59	61	
630	35	43	45	47	48	49	49	50	51	52	54	56	58	59	
631	25	29	41	43	44	45	45	46	47	48	48	49	
632	7	10	36	39	41	44	45	46	47	49	80	
633	13	21	28	46	79	80	81	83	99	
634	34	37	41	46	52	55	79	80	81	82	84	85	88	94	
635	18	67	80	81	82	83	84	88	
636	7	9	10	11	13	14	15	16	17	18	19	41	43	66	80	
637	6	11	12	13	14	15	16	17	18	19	20	21	24	26	69	
638	2	21	22	25	
639	23	
649	56	57	58	
650	48	51	51	52	53	54	55	55	56	59	60	
651	43	45	46	47	49	50	50	53	
652	6	9	10	11	13	45	48	76	88	
653	7	11	12	13	14	15	15	16	19	23	69	
654	16	17	18	19	20	21	23	
655	25	
656	20	21	22	
664	50	51	53	55	56	58	62	
665	25	32	45	50	51	53	55	57	58	62	
666	23	30	43	43	45	47	48	49	50	51	53	54	56	57	58	61	
667	5	21	24	30	41	44	45	46	47	49	50	51	55	61	
668	19	22	31	40	43	43	44	45	47	48	49	69	79	
669	6	8	10	12	14	15	18	20	21	44	44	48	63	71	78	79	
670	12	15	18	19	20	21	23	24	
671	20	21	22	24	
672	22	
683	53	56	57	
684	48	51	52	52	54	54	55	58	60	
685	44	45	46	47	47	49	49	50	50	53	
686	6	8	9	10	14	44	68	
687	5	11	12	13	14	15	15	16	18	19	23	26	
688	17	17	18	20	21	22	24	27	
699	55	
700	52	54	
701	55	
702	24	64	
703	24	
704	23	25	
717	56	57	
718	35	48	50	51	52	54	55	55	58	60	
719	42	45	46	47	49	49	50	
720	9	11	13	14	99	
721	3	5	7	11	12	15	15	16	16	17	18	19	20	28	
722	20	22	23	
751	57	
752	33	51	52	53	54	55	58	61	
753	9	42	45	46	49	50	
754	5	10	11	13	14	
755	19	20	24	69	
756	23	
786	55	
787	63	
788	5	
789	25	
1161	81	
1172	75	
1199	31	42	
1200	32	
1205	8	
1217	88	
1235	59	
1242	49	
1244	10	
1255	71	
1269	30	
1273	22	
1274	66	
1284	63	
1286	21	
1287	72	
1293	38	
1311	30	
1312	42	
1316	59	
1317	96	
1336	28	
1345	20	
1346	18	38	57	
1347	39	45	46	48	66	
1348	27	43	56	60	
1349	48	
1350	67	
1353	11	
1355	11	
1366	2	
1372	48	
1373	34	46	57	67	
1374	39	
1378	41	
1379	12	17	18	79	
1380	16	17	18	19	21	25	26	42	44	56	57	59	69	
1381	20	22	23	34	36	41	43	44	47	48	49	51	56	59	66	68	
1382	21	27	42	44	45	46	47	49	51	60	
1383	38	44	46	49	
1385	13	
1395	24	
1402	50	
1405	47	
1406	16	18	19	20	29	35	39	43	58	68	
1407	19	20	25	42	43	46	48	48	53	56	
1408	21	39	43	44	45	47	48	51	56	58	69	
1409	23	28	41	44	46	48	57	
1410	45	46	
1411	12	
1412	9	13	
1413	6	9	11	13	15	16	18	19	23	
1414	17	18	19	20	21	34	58	60	
1415	18	21	22	23	23	25	50	52	54	55	56	57	59	62	92	
1416	31	37	41	43	44	45	48	49	50	52	53	55	56	59	
1417	43	44	45	46	47	48	49	50	52	54	54	58	
1418	45	46	48	
1419	45	56	
1424	8	
1435	17	26	39	
1436	16	39	46	
1437	17	19	39	45	46	48	
1438	12	15	17	20	26	42	43	46	66	
1439	10	12	15	17	19	20	25	
1440	13	16	17	18	20	21	22	25	28	35	43	45	63	70	
1441	20	21	23	24	45	49	52	54	57	58	
1442	21	22	24	29	44	45	47	50	52	54	57	59	61	64	
1443	22	40	43	44	45	46	47	48	48	49	50	54	
1444	44	46	51	
1445	8	
1446	10	11	14	
1447	7	9	11	13	14	15	17	21	
1448	15	25	86	88	89	91	95	
1449	55	82	85	85	87	89	90	92	94	97	
1450	51	52	54	55	56	57	59	61	83	85	86	88	89	90	91	95	
1451	17	50	51	52	53	55	56	60	
1452	41	43	45	46	47	49	50	52	
1453	44	48	
1466	14	
1469	16	20	39	45	
1470	14	16	18	19	23	47	70	
1471	15	16	18	19	21	23	64	70	
1472	11	14	20	21	81	
1473	12	14	15	21	22	25	93	
1474	12	23	23	87	88	90	92	97	
1475	25	82	86	87	90	91	92	93	97	
1476	51	52	54	54	55	56	56	57	60	63	83	87	89	90	92	93	97	
1477	16	17	42	47	50	51	52	53	53	54	55	56	58	60	
1478	43	44	45	46	48	48	49	50	
1479	10	43	
1480	12	14	
1481	83	
1482	3	80	81	82	83	85	101	
1483	7	8	11	14	79	80	81	83	84	86	88	93	
1484	6	11	12	14	15	17	55	57	57	61	79	80	81	82	84	85	87	90	96	
1485	16	17	18	18	20	47	48	50	51	52	54	55	57	59	61	71	86	91	
1486	41	45	46	47	48	49	50	53	58	
1487	44	45	47	48	
1489	55	
1491	24	
1492	70	
1502	7	10	13	13	15	16	66	
1503	11	14	16	18	19	21	26	45	55	
1504	7	12	15	20	22	24	
1505	24	87	90	92	97	
1506	25	86	87	89	91	98	
1507	83	86	87	88	89	92	98	
1508	81	83	84	86	89	96	
1509	10	80	81	82	83	83	84	86	88	97	
1510	8	10	11	12	13	14	16	53	56	57	61	80	81	83	84	86	88	90	
1511	16	17	19	50	51	52	54	55	56	58	62	83	85	90	
1512	18	44	45	46	47	49	51	52	53	58	
1513	44	48	50	
1515	16	90	
1516	11	17	19	81	88	
1517	11	13	81	83	
1518	6	8	10	11	12	14	15	18	57	58	79	80	88	
1519	16	19	20	23	51	52	53	54	55	56	57	58	60	79	80	84	87	90	94	
1520	18	22	41	45	46	47	49	50	51	53	54	56	60	
1521	44	45	46	48	50	
1522	44	48	62	
1523	58	
1535	9	14	
1536	7	10	11	12	13	14	15	16	18	56	57	
1537	16	17	18	19	20	21	46	48	51	63	
1538	21	23	44	46	
1539	80	81	83	85	90	
1540	78	80	81	83	83	85	89	96	
1541	80	81	82	84	86	92	
1542	78	80	83	92	
1543	8	78	80	
1544	5	6	10	11	12	13	14	20	57	79	81	88	98	
1545	13	15	16	17	19	21	24	27	50	51	52	54	55	55	57	58	80	82	85	87	88	91	96	
1546	17	41	45	47	49	50	51	53	
1547	44	48	48	50	
1550	86	
1551	8	
1552	9	10	12	14	15	18	86	
1553	7	12	13	14	15	16	20	24	26	52	56	57	58	62	81	83	
1554	16	17	18	22	41	47	50	51	51	53	53	54	57	61	
1555	43	44	45	46	47	48	49	50	51	59	
1556	45	
1563	96	
1569	7	8	9	12	14	
1570	3	4	6	11	12	12	13	14	15	17	19	53	56	57	58	60	
1571	16	17	17	19	20	21	24	43	47	51	52	54	55	57	59	71	
1572	22	44	46	48	50	51	54	
1573	80	84	90	
1574	79	83	
1575	80	
1577	9	14	
1578	9	10	11	13	15	19	57	
1579	11	12	16	17	18	19	22	27	52	54	55	57	58	60	81	93	
1580	17	20	22	40	47	47	50	51	52	53	55	56	58	
1581	44	45	46	48	49	55	
1582	43	
1583	46	48	
1585	8	17	
1586	5	8	10	12	14	
1587	6	11	12	13	13	14	15	17	18	57	58	61	82	86	97	99	
1588	16	17	19	20	24	47	48	50	50	51	52	54	55	55	57	59	62	81	84	
1589	18	44	45	46	47	48	49	50	54	59	
1590	44	48	
1595	75	75	75	76	
1598	2	
1601	24	
1603	8	10	
1604	4	7	10	11	12	13	13	14	15	16	19	57	62	67	
1605	16	17	18	19	20	22	24	47	47	50	51	52	53	54	55	56	59	
1606	43	45	48	50	53	
1607	44	
1608	97	
1609	85	
1610	20	85	
1611	13	93	
1612	5	7	9	11	13	15	20	90	100	
1613	8	11	12	15	21	23	52	55	57	58	61	82	85	89	
1614	16	17	18	21	43	47	48	50	51	52	53	54	56	58	60	92	
1615	42	44	45	46	47	48	49	50	54	57	
1616	43	50	
1619	10	57	
1620	8	11	15	20	
1621	2	6	9	10	11	13	13	14	15	16	17	18	25	56	57	58	
1622	15	16	17	19	20	21	22	24	35	50	51	51	52	54	55	56	59	62	
1623	22	42	44	45	46	47	48	49	50	50	52	54	60	
1624	45	46	49	
1625	43	
1635	35	
1636	19	
1637	8	10	13	
1638	4	6	11	12	13	14	15	17	20	26	28	52	56	57	59	70	
1639	16	17	18	19	20	22	24	47	49	50	51	52	53	54	57	60	
1640	44	47	48	50	85	88	90	96	
1641	88	
1642	43	
1646	10	14	25	
1647	8	9	10	11	12	13	14	15	16	27	57	58	81	87	90	
1648	16	18	20	34	51	53	54	55	56	59	82	84	86	87	89	90	92	96	
1649	17	41	43	47	47	48	49	50	51	52	54	58	
1650	41	44	45	47	48	49	51	57	
1651	45	48	49	
1654	8	9	11	13	15	
1655	7	10	11	12	14	15	16	17	58	86	99	
1656	15	16	17	18	19	20	22	25	27	48	50	51	52	53	54	55	55	56	59	61	82	85	91	
1657	18	23	45	46	47	49	49	51	55	58	
1658	43	48	52	
1669	14	
1670	20	
1671	9	11	14	18	67	
1672	4	7	12	13	13	15	16	17	18	19	23	26	55	57	58	
1673	17	22	46	47	49	50	51	52	53	55	
1674	44	49	51	82	84	88	
1675	49	
1679	14	
1680	5	
1681	5	7	8	10	12	13	14	
1682	6	11	12	14	14	15	16	19	53	55	55	57	58	60	80	81	83	84	86	90	97	
1683	16	18	18	20	34	36	50	51	52	53	54	54	55	56	57	59	61	81	87	89	91	92	93	
1684	17	34	41	43	44	45	45	47	48	48	49	50	51	53	56	58	
1685	42	44	45	46	47	48	49	51	56	
1686	45	51	
1687	45	46	
1688	8	13	13	68	
1689	4	8	9	10	11	14	15	17	18	20	57	
1690	15	16	16	17	18	19	20	51	52	53	55	57	58	60	81	99	
1691	17	20	22	43	45	46	47	49	50	51	53	54	
1692	45	48	
1693	31	
1704	9	17	77	
1705	6	9	10	11	13	14	15	19	
1706	7	13	16	18	18	19	20	22	23	51	52	53	54	55	56	58	61	70	
1707	22	45	47	49	50	51	55	63	
1708	43	48	49	82	86	
1709	92	
1713	13	
1715	4	7	10	
1716	6	8	10	11	13	13	14	18	80	
1717	12	16	20	52	55	58	62	80	81	83	83	85	87	89	92	
1718	16	17	20	34	50	51	53	53	55	56	57	60	86	87	92	
1719	41	43	45	46	47	48	48	49	50	52	56	57	62	64	
1720	33	44	45	46	47	49	70	
1721	41	43	47	
1722	9	13	15	18	24	39	
1723	5	6	10	12	14	15	16	18	20	23	56	57	
1724	12	13	17	18	19	20	25	26	51	51	52	53	54	55	55	56	57	59	69	
1725	17	22	23	44	45	46	48	49	49	50	51	54	
1726	49	53	56	
1738	10	20	
1739	8	10	11	12	13	14	15	16	19	56	58	
1740	12	17	18	18	19	20	22	24	24	51	51	53	54	54	56	69	
1741	21	22	43	44	45	46	48	49	50	54	56	
1742	47	49	53	87	96	101	
1743	87	
1749	8	14	
1750	10	14	16	90	
1751	7	9	10	11	14	18	19	80	82	85	99	
1752	13	15	55	57	80	81	82	84	85	86	88	90	93	
1753	16	17	35	50	51	53	53	54	56	58	60	87	88	89	90	92	
1754	18	44	45	46	47	49	50	52	56	58	92	
1755	24	29	42	44	45	46	49	51	56	63	
1756	11	19	42	44	49	64	
1757	8	10	11	12	13	14	15	16	19	20	23	23	57	58	68	
1758	18	19	20	21	50	51	52	54	54	55	56	59	62	
1759	22	23	45	49	50	51	53	56	59	86	87	89	90	93	94	
1760	49	87	92	
1761	91	
1769	4	85	
1771	19	
1772	10	14	
1773	8	11	11	12	14	15	18	20	56	57	60	
1774	16	17	19	20	22	23	48	50	51	52	53	54	55	56	56	57	59	71	
1775	22	44	45	46	48	49	50	51	
1776	46	48	87	
1777	57	
1778	77	
1779	89	
1783	10	16	
1784	10	90	
1785	9	83	90	
1786	6	9	10	12	13	15	17	81	83	87	88	97	99	
1787	11	12	15	16	53	55	55	80	81	83	83	84	86	89	92	98	
1788	17	54	87	89	91	92	96	
1789	17	65	88	90	92	
1790	8	15	24	93	
1791	4	24	57	60	
1792	23	51	52	54	55	88	90	91	93	97	
1793	80	82	83	83	84	85	87	88	90	100	
1794	64	82	84	
1795	68	
1803	38	84	
1804	8	
1805	18	
1806	9	12	13	
1807	5	7	10	11	12	12	13	14	15	17	18	55	56	57	59	
1808	13	16	16	17	19	20	22	23	43	48	49	50	51	52	54	55	56	59	69	
1809	18	22	44	45	47	49	50	83	87	93	94	
1810	83	
1819	15	19	
1820	8	83	
1821	3	11	13	16	79	80	81	86	88	98	
1822	7	11	81	82	84	85	87	88	90	94	
1823	7	11	13	81	82	83	84	85	88	89	92	94	
1824	82	83	85	85	87	89	90	92	96	
1825	54	55	82	83	85	86	87	88	89	91	93	95	
1826	55	78	81	82	86	88	89	91	
1827	78	80	81	83	83	85	88	100	
1828	81	86	
1831	22	80	
1840	9	
1841	5	7	10	11	12	13	14	15	17	20	23	53	56	60	
1842	16	17	17	19	21	24	50	51	51	53	54	55	59	
1843	45	47	50	53	56	86	90	
1847	13	83	
1848	11	12	
1851	57	
1854	5	8	21	
1855	4	
1856	78	80	84	
1857	79	80	84	
1858	79	80	81	85	88	
1859	79	80	81	83	85	88	
1860	79	80	83	85	91	
1861	78	81	99	
1862	101	
1874	8	14	
1875	4	12	13	15	19	53	55	56	60	
1876	17	20	21	24	50	52	54	55	58	61	88	
1877	50	80	83	83	85	88	89	92	94	
1881	94	
1889	5	
1890	19	92	93	
1891	85	
1892	79	
1893	78	81	87	
1894	84	88	
1895	33	94	
1908	9	
1909	5	7	11	11	13	15	
1910	51	54	82	85	86	90	92	95	
1911	79	82	85	
1912	88	97	
1924	38	
1930	27	88	
1944	80	82	84	86	88	
1945	80	86	
1955	2	
1960	38	
1963	1	
1968	76	85	
1977	86	93	
1978	82	
1979	81	102	
1998	74	
2001	44	
2012	90	
2015	6	102	
2027	1	
2030	94	
2043	59	
2048	69	
2059	56	
2060	51	
2088	102	
2093	33	
2116	38	
2120	1	
2121	38	
2125	53	
2139	96	
2144	35	
2150	24	
2153	5	
2169	41	
2174	96	
2175	97	
2198	100	
2248	13	
2274	99	
