50	75	
152	89	
157	87	90	91	97	
158	88	91	92	94	
159	17	
182	21	
188	56	58	
189	36	51	
190	45	46	48	
191	10	82	83	85	86	88	90	93	97	101	
192	8	11	12	14	15	18	82	84	86	87	89	90	93	94	97	98	
193	16	17	18	87	91	
194	17	
222	56	57	
223	48	50	51	52	53	54	55	56	58	60	
224	36	41	45	46	47	48	49	50	51	53	
225	9	43	45	46	49	79	81	84	89	
226	7	9	10	11	12	14	15	81	82	83	84	85	87	88	91	100	
227	11	12	13	15	16	17	19	20	81	83	84	86	88	89	92	95	99	
228	17	18	19	
254	88	91	93	96	97	
255	86	88	90	91	93	97	
256	16	17	58	
257	52	53	54	55	55	56	56	57	60	
258	47	50	50	51	52	54	54	56	58	
259	43	44	45	46	46	48	49	50	79	
260	7	9	10	11	13	14	81	83	
261	8	11	12	13	13	14	15	16	19	82	84	87	92	
262	16	17	18	20	21	22	
285	57	
286	52	
287	86	91	92	95	98	
288	9	82	84	86	87	88	89	90	92	95	97	99	
289	6	11	13	14	16	81	82	84	84	86	87	89	91	95	101	
290	16	17	18	19	88	92	98	
291	53	55	56	58	60	
292	34	46	47	50	50	51	52	53	53	54	55	57	61	
293	45	46	48	48	49	50	
294	5	8	10	11	13	44	79	
295	7	11	12	12	14	14	15	16	18	82	83	86	99	
296	15	16	17	17	18	19	20	22	
318	57	
319	52	56	61	
320	51	53	53	59	88	89	91	92	94	97	
321	50	81	83	83	85	86	88	88	90	91	93	94	97	
322	7	8	10	81	82	83	84	86	87	89	91	95	99	
323	6	10	11	12	13	13	14	15	16	18	80	81	82	84	85	89	93	100	
324	8	16	17	17	18	19	21	83	85	88	
325	17	21	55	56	57	61	
326	35	47	51	51	52	53	54	54	55	58	61	
327	43	43	44	45	46	47	48	49	50	
328	3	9	10	13	45	
329	6	8	10	11	12	14	14	15	18	84	
330	13	15	16	17	17	18	19	19	20	21	24	
351	56	
352	53	54	56	
353	51	52	54	57	87	90	91	95	98	
354	38	47	51	53	55	57	82	84	85	86	88	89	91	92	94	97	101	
355	43	46	48	81	82	84	85	89	
356	8	9	13	28	69	80	82	83	85	
357	7	9	10	11	12	13	14	15	20	70	82	85	100	
358	7	11	12	13	15	16	16	17	18	18	19	20	21	82	
359	17	21	22	58	
360	34	50	51	52	52	53	54	55	56	59	62	
361	42	45	46	47	48	49	50	51	53	
362	9	11	13	44	48	
363	6	8	11	12	12	13	14	15	15	18	19	69	84	
364	16	17	18	18	19	20	21	22	23	71	
384	56	
385	48	51	52	54	56	60	
386	50	51	53	54	90	91	94	97	
387	48	51	66	80	82	84	85	87	88	90	91	94	97	
388	18	34	56	57	62	80	82	83	84	85	89	96	
389	17	19	19	20	41	43	45	46	47	48	48	50	72	81	83	
390	21	23	25	26	30	44	45	46	46	48	68	
391	5	8	9	10	11	13	13	14	15	
392	7	11	12	14	15	16	17	18	19	20	22	23	88	90	
393	17	20	22	56	58	61	
394	47	50	51	52	52	54	55	55	56	60	
395	47	48	49	50	53	
396	9	11	68	97	
397	6	8	10	11	12	13	14	14	15	15	16	16	19	25	
398	16	17	18	20	21	22	23	25	
399	22	
417	56	
418	52	54	56	58	
419	47	48	49	50	51	53	53	54	60	
420	44	49	51	83	83	85	88	89	92	93	97	
421	8	9	11	14	80	81	83	83	84	86	88	90	93	
422	12	13	14	15	16	16	17	18	19	20	41	53	55	56	57	59	69	79	84	
423	18	19	20	21	22	24	25	27	34	37	50	51	52	54	55	59	
424	22	43	45	46	47	47	48	49	50	
425	5	7	9	10	11	13	14	
426	7	11	12	12	14	15	16	84	87	92	96	99	
427	17	18	21	52	55	57	
428	50	51	52	53	55	59	
429	49	51	86	88	90	92	94	97	
430	8	10	11	14	81	86	89	94	
431	11	12	13	14	15	16	17	18	18	19	23	69	
432	13	18	19	20	21	22	24	
437	61	62	
451	53	56	57	
452	50	51	52	53	54	55	56	57	60	
453	46	47	48	49	50	51	52	54	91	
454	8	31	45	48	79	82	85	90	
455	3	6	8	10	11	12	13	14	15	16	18	79	
456	12	15	16	17	17	18	18	19	20	21	24	58	70	
457	20	22	23	50	51	52	53	54	54	55	56	57	59	61	
458	31	42	44	45	46	47	47	49	49	50	
459	9	10	43	44	46	48	67	
460	5	7	12	13	14	15	27	81	83	
461	51	52	55	60	82	86	87	90	91	94	97	100	
462	46	50	51	53	86	87	89	90	91	93	94	96	100	
463	8	39	67	81	83	83	85	86	88	89	91	94	
464	5	6	9	11	12	12	13	14	15	16	17	18	19	69	
465	12	15	17	17	18	19	20	21	24	25	
466	21	23	
485	53	56	57	60	
486	46	48	50	51	52	53	54	55	60	
487	46	48	49	50	54	84	87	90	92	94	
488	9	10	13	66	79	85	88	88	90	95	
489	8	11	12	13	13	14	15	16	17	18	19	
490	5	17	18	19	20	21	22	24	57	
491	22	35	52	54	55	56	57	60	
492	34	47	48	49	50	51	53	54	56	58	
493	39	42	44	45	47	48	48	49	56	
494	7	27	35	40	43	47	57	
495	19	21	40	46	47	51	54	66	68	82	83	84	88	
496	20	28	40	43	43	47	66	81	82	83	85	89	99	
497	7	9	10	13	15	18	18	19	42	44	46	80	
498	10	12	13	14	15	16	17	19	20	21	22	24	68	
499	20	21	22	23	23	
500	22	36	
518	56	57	
519	48	51	52	55	57	60	
520	43	45	47	48	49	50	51	53	55	
521	80	82	83	85	87	88	90	95	98	
522	6	8	10	11	14	15	19	80	83	85	94	
523	5	12	13	14	15	15	16	16	17	18	18	19	20	25	
524	17	18	19	21	22	23	25	
525	55	
526	52	54	55	57	61	
527	45	50	51	54	56	63	
528	31	44	45	47	49	51	55	59	
529	23	24	30	43	45	47	49	68	
530	15	20	22	23	25	43	45	49	63	72	80	
531	12	13	15	20	21	23	25	27	
532	21	22	23	25	
534	35	
548	59	
552	53	56	57	58	
553	36	50	51	52	52	54	55	55	56	59	60	
554	45	46	47	48	49	49	50	51	52	53	
555	9	44	46	80	85	90	95	
556	7	9	10	11	12	13	13	14	15	16	84	
557	2	5	6	12	15	16	16	17	18	18	19	20	21	23	25	
558	17	20	22	
562	55	
564	24	
571	19	20	20	
575	94	
586	53	56	57	61	
587	47	49	50	51	51	52	53	54	54	55	56	59	61	
588	45	46	47	48	49	50	51	89	93	
589	9	80	87	89	96	
590	5	6	8	10	10	11	12	13	14	14	15	16	18	
591	13	15	16	16	17	18	18	19	20	21	21	23	24	
592	21	23	
619	57	
620	52	56	57	60	
621	46	47	49	50	51	52	52	53	54	55	56	59	62	
622	45	47	48	49	50	53	85	89	92	99	
623	6	8	9	11	13	86	92	93	
624	2	3	7	10	11	12	12	13	14	15	15	16	17	18	19	
625	13	16	17	17	18	19	20	21	22	23	
626	22	
653	56	58	
654	51	52	55	56	57	60	
655	46	47	48	49	50	51	51	53	53	54	55	59	
656	44	45	46	49	84	87	89	91	99	
657	8	9	10	11	13	15	85	89	
658	5	7	10	12	12	13	14	15	16	16	17	18	19	23	69	
659	17	17	19	20	21	22	24	
687	56	58	
688	34	51	52	53	54	55	56	60	
689	42	46	47	48	48	49	50	51	52	53	55	
690	8	44	49	80	84	89	95	98	
691	6	9	10	11	13	14	15	83	
692	3	7	12	14	15	15	16	17	17	18	19	20	21	24	68	
693	17	18	19	21	22	23	24	
721	56	57	
722	51	52	52	53	54	55	56	58	60	
723	43	45	46	47	47	48	49	49	50	51	53	54	
724	8	10	45	49	80	88	95	
725	7	9	10	11	12	14	14	15	16	18	
726	13	15	15	16	17	17	19	19	20	21	22	24	71	
727	18	21	22	23	
755	53	56	56	57	60	
756	50	51	51	52	53	54	55	55	57	59	
757	41	44	46	47	48	48	49	50	51	53	99	
758	9	44	88	95	
759	4	6	8	11	12	12	13	13	14	15	15	16	24	
760	15	16	17	17	18	18	19	20	21	22	23	
761	22	
789	53	57	58	
790	50	51	51	52	53	54	55	55	56	60	
791	31	37	41	45	46	47	47	48	49	50	50	
792	9	10	14	43	44	48	
793	8	11	12	13	14	15	15	16	18	19	26	68	
794	17	18	19	20	21	21	23	24	
795	22	
823	57	
824	34	48	50	51	52	53	54	55	55	57	58	60	
825	43	45	47	49	49	50	54	66	
826	10	38	44	45	49	65	
827	3	6	8	12	13	14	15	18	68	
828	19	20	21	23	25	
858	55	
859	54	
860	4	45	64	
861	8	12	25	
862	23	
1169	34	
1206	77	
1213	42	
1223	63	
1232	22	
1236	76	
1239	5	35	
1256	99	
1275	28	
1276	9	
1277	29	
1279	41	45	
1280	58	
1288	22	
1302	39	
1308	27	
1310	16	
1312	17	20	20	27	28	37	42	56	
1313	17	20	42	44	46	48	49	71	
1314	23	41	45	46	50	
1316	48	102	
1318	61	
1320	102	
1324	60	
1337	24	
1340	39	
1342	94	
1345	6	11	
1346	6	13	14	17	20	56	57	62	
1347	16	17	18	18	19	21	25	28	37	42	47	50	52	54	56	60	71	
1348	23	25	43	44	46	48	48	49	52	56	59	
1349	44	
1353	13	
1361	3	
1364	37	
1371	40	
1374	17	
1375	37	
1376	28	47	
1379	9	15	
1380	7	9	10	11	12	13	14	15	16	19	55	58	
1381	15	16	17	19	20	22	24	52	54	55	56	56	58	59	61	93	
1382	18	20	22	40	44	45	45	46	47	48	49	50	51	53	54	56	
1383	43	44	45	47	49	51	60	
1385	8	59	
1393	92	
1402	2	
1404	16	
1405	51	
1406	88	
1407	37	
1409	26	43	
1410	16	18	19	40	46	48	48	61	67	94	
1411	20	25	43	45	46	49	
1412	65	
1413	5	12	13	
1414	5	6	8	9	11	14	
1415	1	11	12	13	15	16	17	20	52	55	56	57	59	61	82	86	91	
1416	16	16	17	18	20	23	43	48	50	51	52	53	54	56	58	
1417	44	45	47	49	50	51	
1418	5	44	
1430	46	
1436	38	
1441	16	38	
1442	12	14	16	20	40	67	
1443	11	14	15	16	17	18	19	40	56	57	
1444	16	17	20	21	23	25	35	40	43	44	46	47	49	51	52	54	56	58	60	69	
1445	21	23	28	41	44	45	46	46	48	48	49	50	52	60	
1446	33	44	46	49	
1447	8	
1448	9	11	14	
1449	3	5	7	10	11	12	13	14	15	16	19	55	56	57	61	82	84	
1450	16	16	17	18	20	21	47	48	49	50	51	51	53	54	55	56	59	82	84	
1451	22	43	44	45	46	47	49	50	
1452	44	47	49	52	53	
1458	75	
1464	10	
1474	40	
1475	11	13	16	19	39	
1476	7	9	11	14	15	16	17	18	20	39	
1477	11	12	14	15	16	17	18	19	20	21	22	56	57	61	
1478	19	20	21	23	24	25	50	51	52	53	54	55	56	58	59	
1479	22	41	43	44	45	46	47	48	49	50	51	53	55	57	
1480	44	48	54	
1482	9	12	14	
1483	4	7	11	12	14	15	16	19	21	56	56	57	93	94	
1484	13	17	19	20	22	25	47	51	51	52	53	54	55	56	60	82	88	
1485	22	42	45	46	48	49	51	55	56	
1486	49	
1499	41	
1500	35	
1505	7	
1508	9	12	14	19	67	67	
1509	10	12	14	16	17	19	20	24	
1510	7	9	11	11	13	14	14	16	17	18	19	19	21	23	44	70	
1511	12	20	21	22	24	57	
1512	22	25	52	53	53	54	55	56	57	58	59	61	
1513	45	45	46	47	50	51	52	54	55	57	
1514	43	45	48	50	55	78	
1515	28	
1516	4	8	10	68	
1517	3	6	9	10	11	12	13	14	15	16	19	56	57	
1518	17	18	18	19	21	25	47	48	51	52	54	54	55	56	59	68	73	83	
1519	22	43	44	45	46	47	49	50	54	57	
1520	44	50	56	
1540	14	
1541	9	18	21	
1542	9	11	12	14	15	16	17	19	20	22	67	69	
1543	12	15	17	18	18	19	20	22	23	25	26	
1544	22	24	
1545	23	57	88	90	91	94	97	
1546	52	54	55	56	57	59	82	86	89	91	92	93	97	99	
1547	17	42	48	51	53	53	55	57	58	
1548	42	44	45	47	49	50	55	
1549	10	46	
1550	9	13	15	
1551	3	7	10	11	12	12	13	14	15	16	18	19	24	56	57	61	
1552	17	18	18	19	20	21	25	26	47	52	53	53	54	55	57	58	62	
1553	23	45	48	48	49	50	54	61	91	96	
1558	8	
1566	104	
1572	1	37	38	
1573	13	
1574	13	
1575	7	9	11	13	14	15	16	60	
1576	7	12	14	15	16	17	18	18	19	20	21	23	57	61	70	
1577	19	21	22	24	46	47	51	52	55	59	
1578	15	23	49	87	91	98	
1579	9	14	59	81	82	84	85	87	89	90	92	94	
1580	6	12	14	15	17	19	56	57	61	81	82	83	84	86	87	88	90	92	95	100	
1581	13	16	17	19	21	43	47	48	50	50	51	52	54	55	57	61	83	85	90	97	
1582	29	41	44	45	46	47	49	51	54	
1583	8	55	
1584	8	10	12	14	15	16	20	42	43	67	
1585	5	7	11	14	15	17	18	18	19	21	26	56	60	
1586	18	20	21	23	47	50	51	52	54	55	57	60	
1587	49	50	52	53	81	86	88	88	90	92	94	97	
1588	96	
1589	72	
1601	36	
1608	8	11	15	16	24	
1609	9	10	11	12	13	14	17	19	20	57	70	
1610	12	15	17	18	20	21	22	24	48	51	52	55	59	69	
1611	21	23	47	49	50	51	53	55	
1612	49	80	82	85	86	88	88	90	92	93	96	99	
1613	8	13	79	82	83	85	97	
1614	10	11	12	13	14	15	16	19	55	58	80	82	84	85	90	
1615	16	17	19	20	50	51	52	54	55	56	59	82	86	88	91	93	97	
1616	17	22	31	45	47	50	52	
1617	12	43	45	48	65	68	
1618	7	9	11	12	14	19	24	26	44	56	58	
1619	3	3	7	18	20	22	24	51	52	52	54	55	
1620	49	50	52	54	59	93	98	
1621	53	80	82	84	85	88	89	92	
1622	84	89	98	
1625	50	50	
1638	6	
1642	11	14	18	67	
1643	5	8	10	11	13	14	15	15	16	17	18	19	27	56	57	
1644	17	19	20	20	21	23	25	47	51	52	53	53	54	55	57	59	
1645	23	45	47	49	50	52	54	88	91	95	
1646	51	80	81	84	86	91	96	
1647	10	80	87	95	
1648	5	8	10	13	14	20	86	89	103	
1649	6	11	12	82	83	85	87	88	91	94	101	
1650	18	54	87	91	92	96	
1652	6	23	52	53	
1653	52	54	55	56	60	88	91	92	93	
1654	51	54	82	86	87	89	90	92	95	
1655	79	82	85	101	
1669	31	
1670	19	
1674	25	
1675	11	
1676	8	8	10	11	12	14	15	26	58	
1677	12	13	15	16	16	17	18	19	19	20	22	24	52	57	61	68	
1678	18	21	23	24	46	47	50	50	51	53	54	59	61	
1679	45	47	48	51	53	85	87	89	94	
1680	79	86	
1681	97	
1682	5	10	
1683	10	12	14	20	81	84	87	92	99	
1684	80	81	82	84	85	87	89	91	95	99	
1685	82	86	89	90	94	98	
1686	82	83	86	88	90	93	95	100	
1687	81	82	84	85	86	89	91	94	99	
1688	79	80	82	83	84	86	89	91	98	
1689	88	93	
1693	17	
1701	68	
1706	25	
1708	13	
1709	9	13	15	18	
1710	5	7	10	11	12	13	14	15	18	56	58	
1711	12	15	16	17	17	19	20	21	22	23	48	51	52	55	57	68	
1712	21	22	45	47	48	49	50	51	53	53	55	
1713	44	49	52	58	83	87	90	95	
1717	5	
1718	81	83	86	90	
1719	80	81	83	84	86	88	97	
1720	81	82	84	88	91	98	
1721	80	81	83	86	89	
1722	81	83	87	91	
1723	94	
1726	23	24	
1727	23	
1736	73	
1737	33	
1738	60	
1740	42	
1743	7	8	11	14	
1744	5	7	9	10	11	11	12	13	14	15	16	17	19	21	24	56	57	
1745	12	15	17	18	18	19	20	21	25	27	47	51	51	52	53	54	55	56	59	68	
1746	23	45	47	48	49	50	52	54	
1747	45	47	49	83	87	91	95	
1748	90	100	
1754	86	
1755	85	
1757	92	
1765	85	
1777	7	8	10	11	13	15	17	26	
1778	4	7	10	11	12	13	14	15	16	18	18	19	21	53	56	56	57	69	
1779	16	17	19	20	20	22	23	47	50	50	51	52	53	54	55	56	58	59	
1780	44	45	46	48	49	50	51	90	94	
1781	49	54	83	
1782	66	87	
1786	88	
1787	98	
1788	85	
1803	84	
1811	8	8	9	11	12	13	14	15	18	
1812	4	6	11	12	14	15	16	17	19	20	22	56	57	59	70	
1813	20	21	23	46	47	49	50	51	52	53	54	58	62	
1814	44	45	48	48	49	51	60	84	86	89	92	95	100	
1815	87	91	95	
1816	97	
1818	65	
1829	86	
1844	8	14	
1845	4	6	8	10	10	12	14	14	16	20	57	68	
1846	6	12	12	13	15	16	17	18	19	20	22	23	26	52	53	56	60	
1847	21	22	47	48	50	51	52	54	55	61	
1848	45	46	49	53	59	83	84	87	88	90	97	
1849	53	85	
1853	104	
1857	46	
1873	55	
1878	10	13	17	
1879	2	8	9	10	11	12	13	14	15	16	18	21	57	
1880	3	12	15	16	17	19	19	21	51	52	52	53	54	55	57	58	60	68	
1881	18	20	21	22	45	46	47	48	49	50	51	54	56	60	
1882	46	50	81	85	88	90	93	97	
1883	62	
1885	81	
1892	4	
1898	66	
1910	15	
1912	4	9	12	14	20	
1913	5	7	10	11	12	13	13	14	14	15	17	19	21	24	56	57	
1914	2	16	17	18	19	20	22	23	52	53	55	56	59	
1915	22	43	45	46	47	49	50	52	54	57	62	97	
1916	48	51	81	85	94	
1926	14	
1935	67	
1945	14	
1946	9	14	
1947	5	7	10	11	12	14	15	17	18	21	25	56	57	
1948	19	20	24	50	51	52	53	54	55	59	
1949	49	50	51	53	57	86	91	95	
1950	48	80	94	
1955	7	
1969	78	
1975	13	
1978	60	
1979	14	
1980	8	15	
1981	5	6	11	13	14	15	52	
1982	52	53	55	59	83	85	86	88	90	91	94	
1983	50	83	84	86	89	90	92	94	97	
1984	90	95	
1987	43	85	
1988	27	
2013	24	
2014	10	13	
2016	82	84	86	90	95	99	
2017	80	82	84	86	88	90	
2018	86	92	
2046	24	
2049	95	
2050	81	84	91	
2051	16	80	84	87	88	98	
2057	101	
2061	2	
2063	1	
2064	37	
2068	30	
2078	12	
2080	74	
2085	83	
2089	33	
2104	92	
2115	5	
2159	15	
2160	2	
2161	16	
