16	72	
47	5	
89	92	
112	38	
122	83	86	87	90	91	93	
123	83	86	87	90	92	95	
124	16	86	88	91	
125	88	91	
146	30	
154	57	
155	46	49	51	63	87	96	
156	80	82	84	85	87	88	89	90	93	94	97	99	
157	7	11	15	80	81	82	83	84	85	86	88	88	91	94	97	98	
158	6	13	16	82	85	86	87	89	90	91	93	93	96	101	
159	12	14	82	83	84	85	87	89	91	93	93	97	
160	17	18	92	
182	87	90	92	97	
183	86	87	90	92	
184	83	88	90	92	98	
185	16	90	92	98	
187	56	57	58	62	
188	48	52	53	55	56	57	61	
189	46	47	48	49	50	52	54	55	86	90	95	
190	45	49	80	82	83	85	87	90	
191	7	9	12	13	79	80	81	83	84	85	94	
192	9	11	13	80	81	82	83	83	84	85	87	88	90	95	
193	7	9	11	12	14	15	16	80	81	82	83	84	85	86	88	90	92	96	
194	16	18	82	83	85	86	87	88	90	91	92	95	99	
195	17	86	88	91	93	97	
213	56	
215	88	92	
216	82	83	84	85	87	88	89	90	92	96	
217	81	82	84	85	86	87	88	89	90	92	95	100	
218	14	80	81	82	84	85	86	87	89	90	92	94	97	
219	81	82	84	85	86	87	88	90	91	92	94	97	
220	16	82	86	88	90	92	96	
221	18	57	57	61	
222	48	51	52	53	54	54	55	56	57	57	58	60	
223	44	46	47	49	50	50	51	52	53	54	56	59	
224	43	45	46	47	48	49	50	78	80	83	85	
225	47	48	80	90	94	
226	5	11	13	80	81	84	
227	3	7	8	10	12	13	15	79	80	81	85	88	
228	6	9	12	15	16	80	81	82	83	84	85	86	89	91	96	98	
229	11	13	15	16	81	82	83	84	85	87	90	92	96	
230	16	17	18	20	87	90	94	
231	18	
246	58	
247	56	58	88	92	
248	53	55	56	87	90	92	96	
249	52	54	82	83	85	86	87	89	91	93	95	
250	79	80	82	82	84	85	86	87	89	90	94	97	
251	12	80	81	82	83	84	86	88	89	90	94	97	98	
252	12	79	80	81	82	83	83	84	85	87	88	90	94	
253	7	10	11	14	80	81	82	83	85	86	88	90	92	96	
254	2	8	12	13	15	16	17	80	81	82	85	87	89	91	93	95	
255	16	17	18	19	58	
256	33	51	52	53	54	55	55	56	57	58	59	59	61	63	
257	45	47	50	51	51	52	53	54	54	56	56	57	59	62	
258	31	43	44	45	46	47	47	48	49	49	50	52	54	57	
259	43	45	46	47	48	48	49	
260	5	46	47	
261	5	10	81	84	
262	6	9	10	12	14	18	79	81	83	84	89	96	
263	7	9	11	12	13	14	15	16	17	80	81	82	84	85	88	91	97	98	
264	12	13	16	17	18	20	21	81	85	91	98	
265	17	23	
279	58	92	
280	87	90	92	96	
281	83	85	86	87	89	90	93	95	99	
282	53	59	80	81	82	83	84	85	87	88	88	89	91	94	97	
283	52	54	59	80	81	82	83	84	84	85	87	88	89	91	97	100	
284	78	79	80	82	83	84	87	89	94	
285	7	79	80	83	83	86	94	
286	8	80	81	82	85	88	
287	8	10	11	13	14	80	81	83	88	88	
288	6	10	11	12	13	13	14	15	17	19	20	81	82	83	85	87	91	96	98	
289	16	17	18	19	20	22	23	81	83	84	86	89	93	
290	34	52	55	58	60	
291	33	51	51	52	53	54	54	55	56	57	59	60	62	
292	29	47	49	50	51	51	52	54	55	56	57	58	58	59	
293	31	45	45	46	47	48	48	49	50	50	51	53	54	56	62	
294	23	27	44	45	46	47	48	49	51	56	59	
295	4	44	46	48	
296	6	8	10	15	49	
297	2	5	6	9	10	11	12	13	14	15	16	18	80	84	
298	7	11	13	14	15	16	19	21	23	24	81	83	84	86	88	91	96	
299	16	17	18	19	21	
311	56	
312	47	
313	52	54	58	59	86	87	89	91	93	97	
314	52	54	81	82	83	84	85	86	87	88	89	91	93	94	
315	54	80	81	82	83	84	85	86	87	89	90	92	96	
316	62	79	80	81	82	83	84	86	89	93	94	
317	80	81	82	84	87	91	
318	46	78	81	85	
319	46	
320	11	22	102	
321	5	9	10	13	15	80	85	
322	7	8	10	11	12	14	14	15	16	17	20	80	81	85	
323	12	13	15	16	17	17	18	19	20	21	22	25	70	80	
324	18	21	27	
325	55	63	
326	35	52	54	55	56	57	58	59	60	62	
327	48	50	51	51	52	53	53	54	55	55	56	56	59	
328	43	45	46	47	47	49	50	50	51	58	
329	43	46	48	50	
330	9	
331	6	9	10	11	13	14	82	84	91	94	
332	3	6	8	10	11	12	14	14	15	16	16	18	19	20	80	82	85	90	97	
333	16	17	17	18	19	21	22	23	
344	58	
345	36	52	56	
346	46	47	48	49	50	52	53	55	56	89	95	
347	51	52	53	55	57	80	82	83	84	85	86	89	90	97	
348	51	54	80	81	82	83	84	85	86	88	89	92	97	99	
349	79	80	81	83	84	86	90	
350	53	79	80	82	84	
351	33	80	99	
352	17	19	21	
353	21	44	46	46	47	50	53	
354	44	46	49	
355	4	8	8	11	27	
356	5	7	9	10	11	12	13	13	14	15	16	19	21	24	69	
357	11	12	15	15	16	17	17	18	19	19	20	21	21	22	24	26	
358	21	23	
360	53	56	57	62	
361	36	51	52	53	54	55	55	56	56	57	57	58	59	60	62	
362	45	46	47	48	49	50	51	52	52	53	54	55	57	58	
363	44	45	47	49	50	53	56	
364	49	
365	9	10	11	13	15	19	
366	2	4	7	8	10	11	12	12	14	15	15	16	16	18	19	20	24	29	70	81	
367	15	16	17	18	19	20	21	22	23	24	26	
378	56	57	63	
379	36	51	52	53	54	55	56	57	57	58	60	
380	46	47	48	49	50	51	51	52	54	59	89	
381	45	46	46	48	49	50	61	80	82	84	88	
382	46	51	54	59	79	80	84	89	
383	80	
384	95	
385	9	12	14	16	19	57	63	
386	16	17	18	19	21	23	23	36	52	55	56	57	58	59	63	69	
387	20	22	25	26	45	47	48	49	50	51	52	53	56	
388	44	46	48	48	49	51	
389	8	9	10	11	13	14	
390	4	7	11	11	12	13	14	15	15	16	16	17	18	19	20	23	69	
391	12	15	16	17	17	18	19	20	21	21	22	23	24	27	
392	22	
394	57	60	
395	51	52	52	53	55	56	57	58	60	63	
396	47	50	51	52	53	53	54	55	56	57	58	61	
397	45	48	49	51	53	
398	49	
399	4	9	10	11	12	13	14	16	19	
400	5	6	7	9	10	11	12	12	13	14	15	16	17	17	18	19	20	21	23	25	27	69	71	
401	17	18	20	21	22	22	23	26	
405	72	72	73	
412	58	62	
413	51	52	53	55	55	56	56	57	57	58	59	60	61	
414	42	48	49	50	50	51	52	52	54	54	55	56	57	58	59	
415	40	44	45	46	47	48	49	49	50	51	56	79	
416	44	46	47	48	49	51	53	84	
417	47	
418	9	14	
419	7	8	10	12	13	14	15	16	20	24	57	
420	15	16	17	18	19	20	21	23	25	28	36	55	56	57	58	58	59	61	
421	21	22	37	47	48	50	50	51	51	52	53	54	55	59	
422	8	44	46	47	49	49	
423	5	9	10	11	13	14	15	29	
424	5	6	8	11	12	13	13	14	14	15	16	17	18	19	19	21	25	70	
425	16	17	18	20	21	22	23	24	26	
428	56	57	60	
429	52	53	55	56	58	59	92	
430	50	51	52	53	53	54	55	57	83	87	90	92	96	
431	50	83	87	90	97	
432	9	
433	6	9	10	11	13	14	14	15	16	19	24	
434	2	7	11	13	14	15	16	17	17	18	18	19	20	21	22	23	24	28	29	
435	1	20	21	22	24	
438	63	64	
447	55	58	60	61	
448	34	51	52	53	53	54	55	55	56	57	58	59	59	60	61	
449	30	36	46	47	50	50	51	51	52	53	53	54	55	56	57	59	61	64	
450	44	45	46	46	47	47	48	49	49	50	55	
451	44	47	49	
452	9	13	14	
453	7	8	10	11	12	13	14	15	16	18	20	25	
454	3	6	13	15	16	17	18	20	21	22	24	26	53	56	56	57	59	60	62	
455	22	23	47	48	50	51	51	52	53	54	55	56	59	
456	9	43	45	46	47	49	49	51	53	
457	5	9	10	11	13	14	29	
458	6	8	10	11	12	13	14	15	15	16	17	18	19	19	20	22	23	25	
459	17	20	21	22	26	
461	57	
462	52	53	54	57	59	92	
463	51	52	59	82	85	86	87	90	91	93	94	
464	52	53	81	83	84	85	87	89	90	93	95	
465	9	80	82	85	89	
466	9	13	18	
467	7	9	10	11	12	14	14	15	16	17	18	19	20	28	69	
468	2	3	7	11	12	13	14	15	16	17	18	18	19	20	21	21	23	24	25	26	71	
469	22	23	
478	97	
482	55	57	58	58	61	
483	36	50	51	52	52	53	53	54	55	55	56	56	57	58	59	60	61	
484	32	45	46	47	48	49	50	50	51	51	53	53	54	58	
485	44	45	47	48	49	52	
486	10	14	48	
487	5	7	9	10	11	12	13	14	15	16	18	25	28	
488	6	12	16	17	19	20	21	24	36	53	55	56	57	59	61	71	
489	18	22	48	51	52	53	54	54	55	57	58	
490	44	47	48	49	
491	4	6	9	10	10	12	13	14	
492	6	8	11	12	13	13	14	15	15	16	17	18	19	20	23	25	27	
493	17	18	21	22	23	
494	56	
495	54	56	59	86	87	90	92	96	
496	52	53	53	55	58	82	86	87	88	90	91	93	94	98	
497	54	80	81	82	83	84	85	87	89	90	92	95	99	
498	54	79	80	82	84	85	89	
499	9	15	46	
500	9	10	12	13	15	16	18	19	84	
501	5	6	8	9	11	11	12	14	15	15	16	17	17	18	19	20	21	22	24	27	69	
502	15	18	20	21	22	23	24	27	
503	22	
516	57	58	62	
517	51	52	52	53	54	55	56	56	57	58	59	60	
518	33	45	47	47	50	50	51	52	52	53	54	55	63	
519	44	45	46	48	48	49	50	53	
520	9	14	
521	2	4	7	8	10	11	12	14	15	18	20	23	
522	7	13	15	16	17	20	21	22	24	53	55	56	56	57	58	61	63	71	
523	23	46	47	48	50	51	51	52	54	54	55	59	
524	43	45	46	46	48	49	50	
525	9	9	11	12	14	15	45	
526	6	8	11	12	13	14	14	15	16	17	18	20	22	24	82	92	
527	21	22	82	86	87	90	91	93	96	
528	83	86	87	90	91	93	94	97	
529	54	57	58	81	82	83	85	86	87	88	89	91	94	97	
530	53	55	80	81	82	83	84	85	87	89	90	95	
531	53	79	80	81	83	84	86	90	99	
532	17	47	81	83	88	
533	10	13	15	16	19	85	
534	5	6	7	9	10	11	12	14	14	15	16	17	19	25	69	
535	12	13	15	15	16	17	18	18	19	20	20	21	22	23	24	25	27	
536	21	22	24	
550	57	58	
551	34	52	52	54	55	56	56	57	58	59	60	
552	47	48	48	49	50	51	51	52	53	54	55	59	
553	45	46	48	49	51	
554	8	9	11	48	
555	5	7	9	11	12	13	13	14	15	15	16	18	19	21	
556	8	12	17	18	19	19	20	21	22	25	28	53	55	56	57	57	59	60	62	70	
557	21	23	43	46	47	48	51	51	52	53	53	54	55	57	58	
558	44	46	46	47	49	49	51	54	
559	4	8	10	46	
560	7	8	10	12	13	15	16	81	86	88	
561	81	82	83	83	84	85	87	88	89	91	93	95	99	
562	38	55	80	81	82	83	83	84	85	86	87	89	90	91	95	
563	53	80	81	82	83	84	85	86	88	90	93	
564	79	80	81	83	84	86	90	94	99	
565	16	68	79	80	83	
566	16	18	18	20	41	46	48	66	
567	8	8	10	11	13	13	14	16	17	18	19	20	22	45	46	
568	7	9	11	12	12	13	14	15	16	17	19	19	20	21	22	24	25	26	
569	2	15	18	20	21	21	22	23	23	25	26	75	
570	25	
584	56	57	58	
585	35	48	51	52	52	53	54	55	56	57	57	59	60	62	
586	47	48	49	50	51	51	52	53	54	55	55	59	88	89	92	95	
587	47	49	50	54	
588	6	9	12	
589	4	6	8	10	11	12	13	13	14	14	15	16	16	17	18	20	23	58	69	
590	16	17	17	18	19	20	21	21	22	23	24	25	26	53	55	56	56	57	58	59	60	62	
591	35	47	50	51	51	52	53	54	54	55	56	56	57	59	
592	42	43	45	46	47	47	48	48	49	49	50	52	54	58	
593	5	44	46	47	48	48	49	56	
594	5	10	44	46	48	81	
595	47	80	80	82	84	86	90	
596	47	79	80	81	84	99	
597	46	78	80	81	83	84	99	
598	16	18	46	47	67	80	
599	11	14	16	17	18	19	20	21	26	28	44	46	
600	6	8	11	14	16	17	18	19	20	21	22	23	24	26	45	47	50	
601	9	11	12	14	15	17	19	20	21	21	22	24	26	28	44	74	
602	12	19	20	21	22	23	23	24	25	26	
603	3	22	24	
618	56	57	58	58	62	
619	47	51	52	53	54	55	55	57	59	61	
620	45	47	48	48	49	51	52	53	54	55	82	84	87	90	
621	49	82	84	88	94	
622	7	8	9	11	13	14	18	
623	3	7	10	11	12	12	14	14	15	16	18	20	24	
624	16	17	18	19	20	21	22	23	24	27	57	58	63	
625	22	35	51	52	53	54	55	56	57	57	58	59	60	62	
626	31	36	42	45	48	49	50	51	52	52	53	54	55	56	57	59	61	67	
627	24	31	43	45	45	47	48	49	49	50	52	53	56	57	61	
628	20	41	44	45	46	47	48	49	49	51	53	57	58	
629	20	23	24	41	44	45	46	47	48	49	51	67	68	
630	18	20	40	44	47	49	61	65	66	80	
631	12	15	18	18	19	21	24	27	28	45	46	48	49	
632	7	10	12	13	14	16	17	18	19	20	20	21	22	44	47	50	69	76	
633	8	12	14	15	18	19	19	21	22	23	24	27	44	69	
634	13	18	20	21	22	23	23	24	25	26	
635	3	22	24	25	
636	22	24	
651	58	
652	34	52	53	55	56	56	57	58	59	60	
653	47	50	51	52	53	54	55	55	58	59	63	92	
654	45	46	48	48	49	50	51	53	54	55	80	84	87	89	93	94	
655	51	85	89	
656	8	10	11	13	13	15	19	
657	3	4	7	10	11	12	13	13	14	15	15	16	17	17	18	19	20	25	28	69	75	
658	16	17	17	18	19	20	21	22	23	24	
660	52	54	55	55	57	59	61	
661	24	50	51	52	54	55	57	58	60	61	64	
662	24	25	27	31	43	45	45	49	50	51	53	53	55	57	59	61	66	
663	18	20	23	24	25	40	45	48	48	49	51	55	59	
664	19	20	22	23	25	27	42	45	45	47	49	50	
665	11	12	14	15	19	21	22	24	26	49	65	
666	12	19	20	21	22	23	23	24	26	49	
667	20	22	22	23	24	25	26	
668	24	
685	57	58	
686	36	52	52	54	55	56	57	57	59	
687	37	47	48	49	51	51	52	53	53	54	54	55	56	58	91	
688	47	49	50	52	54	83	86	89	
689	50	84	
690	4	9	10	11	13	14	66	
691	4	6	8	10	11	12	12	13	15	15	16	17	18	19	20	21	25	29	71	
692	16	17	17	18	19	20	21	22	23	25	
695	55	
696	55	
697	23	25	54	65	
698	23	24	65	
699	4	24	25	
700	24	
719	57	58	59	
720	52	53	54	55	56	57	58	58	60	62	
721	45	46	47	47	48	50	51	51	53	53	54	59	83	88	
722	45	46	47	48	49	50	60	83	87	90	
723	10	83	
724	5	7	9	10	11	13	13	14	16	19	68	
725	6	8	11	11	12	13	14	15	15	16	16	17	18	18	19	20	21	24	25	27	71	
726	3	17	18	19	20	21	22	23	24	26	
753	57	58	60	
754	35	51	52	52	53	54	55	55	56	57	58	59	60	61	
755	42	46	47	48	49	50	50	51	51	54	55	56	60	
756	30	41	44	45	47	48	48	49	50	51	53	
757	8	11	14	19	44	45	46	48	49	50	70	
758	4	6	9	10	11	12	13	14	15	15	16	18	18	19	20	21	25	27	44	69	
759	1	6	12	15	17	19	19	20	21	22	23	24	25	27	
760	3	21	22	27	
787	58	
788	52	53	54	55	56	58	59	63	
789	31	51	52	54	55	57	59	
790	25	30	48	49	50	51	54	65	
791	10	13	15	21	23	24	28	44	50	65	68	
792	7	12	14	19	21	22	23	24	25	69	
793	2	21	22	24	25	27	
794	22	
824	24	54	
825	4	25	
826	25	
1161	21	
1172	10	
1175	76	
1201	27	
1207	56	
1210	12	43	
1214	79	
1216	52	
1222	63	
1239	27	
1240	80	
1243	27	
1245	48	
1247	10	46	56	
1248	9	9	45	
1268	42	
1270	42	
1273	46	
1275	23	
1277	17	21	
1278	18	18	20	39	45	56	
1279	20	26	42	45	46	47	49	51	72	
1280	26	42	45	46	48	58	
1281	46	48	51	
1282	49	60	
1283	51	
1284	89	
1294	41	
1296	41	
1297	33	
1301	34	
1303	58	
1304	47	
1305	42	47	
1306	46	
1307	48	
1308	19	
1309	20	
1310	16	
1311	11	15	16	19	23	
1312	16	18	18	19	20	22	25	56	58	60	70	73	
1313	21	23	23	27	29	44	45	47	49	50	51	53	55	57	60	64	
1314	43	43	45	46	47	48	50	51	53	55	56	58	
1315	26	45	47	48	48	49	51	56	
1316	44	46	48	49	51	66	
1317	44	47	56	
1319	94	
1324	4	
1328	36	63	64	
1331	5	
1332	36	
1337	17	20	
1338	20	42	47	52	
1339	20	46	50	58	59	66	
1340	46	48	74	
1341	42	44	47	48	54	56	
1342	46	49	68	
1343	46	
1344	10	14	23	24	27	30	
1345	7	11	12	14	15	16	18	18	19	20	24	
1346	13	15	16	17	18	19	20	21	22	23	25	27	61	
1347	21	22	25	26	31	52	54	55	57	58	58	59	62	
1348	24	33	34	45	48	50	51	52	54	55	57	58	59	60	62	
1349	22	43	45	46	47	48	49	49	50	51	52	53	56	58	60	
1350	27	38	44	45	46	47	48	49	50	51	57	
1351	5	26	44	46	47	50	
1352	44	51	
1353	62	
1362	29	
1369	17	
1370	14	17	20	
1371	16	19	23	24	27	
1372	16	17	18	19	21	24	26	38	42	47	57	58	71	
1373	20	22	25	32	45	47	49	51	55	56	57	61	69	
1374	20	22	24	41	44	46	47	48	50	52	54	56	57	59	72	
1375	22	24	27	45	46	47	48	48	49	51	53	58	
1376	44	46	47	49	
1377	49	68	
1378	8	9	11	14	15	74	
1379	8	10	11	12	12	13	14	15	16	17	18	20	24	26	
1380	16	16	17	19	20	21	22	24	25	93	
1381	23	63	
1382	52	53	55	58	59	60	
1383	31	36	51	51	52	54	55	56	57	59	60	64	
1384	30	44	45	48	48	49	50	51	52	55	56	57	58	61	64	
1385	43	44	45	46	47	48	49	50	51	52	54	58	61	
1386	45	47	49	56	
1387	46	56	
1388	54	
1390	63	
1393	8	
1395	102	
1401	24	42	
1402	6	16	47	
1403	17	18	46	
1404	7	11	13	16	18	20	27	44	47	69	
1405	7	11	12	13	15	16	19	20	22	24	27	30	45	
1406	15	17	18	20	21	22	24	26	51	63	71	
1407	20	21	22	23	25	26	45	50	52	57	59	61	
1408	21	22	23	25	29	33	49	51	52	54	56	57	57	58	59	61	
1409	22	24	37	44	47	48	49	50	51	51	53	54	55	56	57	58	70	
1410	43	45	46	46	47	48	49	50	50	59	
1411	45	46	49	
1412	8	9	10	15	
1413	5	7	10	11	12	14	14	16	22	82	88	
1414	8	13	15	16	17	18	20	22	25	57	82	85	87	90	93	96	
1415	16	17	22	87	91	93	96	
1416	17	
1417	55	56	57	57	59	61	
1418	51	52	53	54	55	56	56	58	58	60	
1419	38	45	47	47	49	50	51	52	54	55	56	57	60	
1420	45	46	47	48	49	50	51	53	56	59	
1421	48	50	65	
1423	10	
1425	4	
1430	12	
1431	4	48	
1434	18	
1435	44	
1436	11	13	16	18	18	21	46	
1437	15	16	17	19	20	22	26	47	69	
1438	11	13	13	15	17	18	19	20	22	23	44	48	70	
1439	7	11	12	13	15	17	18	19	20	21	21	22	24	25	26	28	
1440	20	22	23	23	24	
1441	24	
1442	25	53	55	56	57	57	59	61	
1443	48	51	51	52	53	54	55	56	57	58	58	61	64	
1444	42	44	46	47	48	49	50	51	52	54	57	60	
1445	45	46	47	49	49	51	67	
1446	9	50	
1447	5	9	11	13	14	16	27	79	100	
1448	7	10	11	13	13	15	20	80	81	83	83	85	88	89	95	
1449	11	81	81	82	83	83	84	85	86	87	88	89	90	92	94	97	
1450	16	17	18	82	85	86	87	89	90	92	96	
1451	17	62	
1452	53	55	56	57	57	58	60	62	
1453	47	50	51	52	52	54	55	57	59	
1454	44	46	48	48	49	50	50	52	54	57	
1455	18	45	48	49	51	58	
1457	59	
1463	35	
1466	23	
1467	14	19	
1468	24	
1469	8	12	13	15	16	18	18	19	20	23	
1470	11	13	15	16	17	19	20	21	24	26	
1471	10	12	14	16	18	19	20	21	22	24	26	
1472	12	15	17	20	21	21	23	24	25	28	
1473	21	22	24	
1474	22	24	
1476	57	58	62	
1477	37	52	53	55	55	56	57	59	60	62	
1478	46	47	49	50	51	52	52	53	54	55	58	
1479	46	49	50	51	53	56	
1480	11	49	
1481	5	87	91	
1482	11	15	81	101	
1483	7	9	10	12	13	15	21	80	81	82	83	85	88	88	
1484	7	11	12	15	16	17	18	20	80	80	81	83	83	84	85	87	89	96	99	
1485	16	17	18	20	22	82	86	92	97	
1486	53	55	56	57	57	61	63	
1487	51	52	52	53	54	55	55	56	56	57	58	60	
1488	11	45	46	46	47	48	49	50	50	51	52	53	54	56	58	
1489	44	49	54	
1490	48	76	
1501	11	19	23	
1502	7	11	12	14	15	16	19	24	71	
1503	4	8	9	11	13	14	15	16	17	18	19	19	21	24	26	71	
1504	10	12	14	17	18	19	20	21	22	23	24	27	
1505	21	22	24	28	
1506	23	25	29	
1508	90	92	
1509	86	87	89	91	92	96	
1510	17	57	58	
1511	52	52	54	55	56	57	58	59	62	
1512	46	47	50	51	52	53	53	54	55	57	60	91	
1513	49	51	54	87	89	97	
1514	54	
1516	17	88	88	
1517	7	8	10	12	14	15	83	84	94	
1518	7	9	10	12	13	14	15	16	17	18	25	80	81	90	94	
1519	16	17	18	19	20	22	70	81	86	91	97	
1520	22	57	58	61	
1521	35	52	52	53	54	55	56	57	58	58	59	61	
1522	44	47	48	49	50	50	51	52	53	54	56	93	
1523	44	47	49	51	
1533	38	
1535	8	9	14	
1536	7	8	10	11	11	12	13	14	15	16	20	23	
1537	12	13	15	16	17	18	18	19	20	21	24	26	
1538	18	21	22	23	24	27	
1539	23	
1540	56	57	59	
1541	46	48	53	
1542	47	49	82	85	87	88	90	98	100	
1543	7	11	15	16	80	81	82	83	84	85	86	88	90	97	102	
1544	16	17	20	36	56	57	58	61	92	
1545	34	51	51	52	52	53	54	55	56	58	59	63	
1546	46	47	48	49	50	51	52	54	56	89	
1547	45	49	51	54	80	85	
1549	18	46	
1550	73	
1551	9	11	15	19	55	
1552	4	7	9	10	12	13	14	15	17	20	25	
1553	8	12	13	15	16	16	17	18	19	20	21	23	25	80	
1554	18	56	57	62	
1555	48	52	52	54	54	55	56	58	59	61	
1556	45	47	49	50	51	53	54	55	59	87	91	
1557	49	55	
1560	66	
1567	27	
1568	19	
1569	8	10	15	
1570	5	6	8	10	10	11	12	14	15	19	25	
1571	12	13	14	15	16	19	21	23	82	83	86	88	89	91	94	
1572	16	17	21	86	88	93	98	
1573	18	57	
1574	37	52	53	56	57	59	63	
1575	47	49	50	51	52	54	55	56	
1576	10	47	48	49	51	81	83	87	
1577	6	8	9	10	11	12	14	15	79	80	83	84	88	96	
1578	13	15	16	16	17	19	19	20	56	56	57	58	60	62	71	80	81	84	88	
1579	22	38	51	52	53	54	55	55	56	57	58	60	
1580	46	46	47	48	49	50	51	52	54	83	89	
1581	39	45	48	50	54	85	89	
1582	51	65	
1583	42	
1584	14	16	18	
1585	4	8	11	15	16	19	24	26	
1586	3	6	9	10	12	13	13	14	15	16	17	18	19	20	24	70	
1587	12	15	17	19	20	21	22	25	26	
1588	21	22	23	52	56	58	59	60	63	
1589	16	46	47	49	50	51	51	52	53	54	55	59	62	
1590	45	48	49	51	53	53	58	80	82	84	86	88	93	97	
1591	49	
1593	59	59	59	59	60	63	
1594	65	65	
1603	8	
1604	5	9	11	15	18	
1605	8	9	11	12	13	13	14	15	19	81	83	84	86	90	93	98	
1606	12	15	16	21	81	82	82	84	85	86	88	89	90	91	95	98	
1607	16	17	19	57	
1608	52	52	54	55	56	57	58	60	
1609	46	47	50	51	52	53	54	58	
1610	45	46	47	48	49	53	83	88	
1611	7	9	10	11	12	13	14	15	19	
1612	12	15	16	17	18	18	19	20	22	25	26	57	60	62	80	
1613	22	23	37	51	51	52	52	54	54	55	56	57	58	59	60	
1614	44	46	47	48	48	49	50	51	52	53	58	63	89	
1615	52	56	
1616	52	
1617	47	
1618	4	10	13	16	20	29	
1619	4	8	10	11	13	15	16	17	18	18	19	20	22	24	26	70	
1620	7	10	12	13	14	15	16	17	19	20	21	22	23	25	28	
1621	20	21	22	24	25	26	57	58	
1622	34	52	52	55	56	58	59	60	
1623	19	46	49	50	51	52	53	53	54	55	56	61	88	89	91	93	94	
1624	45	48	50	54	80	83	84	86	90	
1625	84	92	
1636	31	
1638	8	83	
1639	4	8	10	12	14	80	85	
1640	7	9	10	11	12	14	14	15	17	20	80	81	83	83	85	97	
1641	13	16	17	17	19	20	21	27	58	69	82	86	88	94	
1642	18	52	55	55	56	57	59	60	61	
1643	47	50	50	51	52	53	54	55	59	
1644	9	13	44	47	48	49	51	84	
1645	5	6	9	10	11	12	13	14	15	83	
1646	15	16	17	18	18	19	20	21	23	23	34	37	56	57	57	58	59	62	72	
1647	21	22	36	48	52	52	53	54	55	56	57	60	
1648	45	46	46	47	48	49	49	50	51	53	55	
1649	43	45	46	49	
1650	16	19	48	
1651	12	14	17	18	20	27	28	68	
1652	8	9	10	12	14	16	17	19	20	21	70	
1653	4	10	12	13	13	14	17	18	18	19	20	21	22	23	24	24	28	28	70	
1654	21	22	24	25	58	
1655	23	56	57	60	
1656	47	50	51	52	53	55	55	57	58	60	93	
1657	48	49	51	54	56	59	59	64	82	83	84	86	87	89	91	98	
1658	49	54	81	85	89	95	
1663	77	
1669	3	
1671	21	
1673	8	10	15	20	85	91	
1674	5	7	9	10	11	12	13	13	14	14	15	16	17	19	20	80	85	95	
1675	8	12	15	16	16	17	18	19	21	23	27	57	58	69	81	85	
1676	18	22	52	53	55	56	57	59	62	
1677	38	47	48	49	50	51	52	54	54	56	91	
1678	8	49	51	71	93	
1679	3	6	8	10	11	12	14	14	15	16	
1680	12	13	15	16	17	18	19	20	22	25	26	57	58	61	70	
1681	22	23	37	51	52	52	53	53	54	54	55	56	57	58	59	61	
1682	30	37	44	46	47	48	48	49	49	50	51	54	56	59	
1683	44	45	46	48	49	50	67	
1684	10	14	17	19	44	47	49	66	
1685	11	13	15	16	17	18	20	20	22	24	26	29	45	48	71	
1686	7	12	13	14	16	19	20	21	22	24	25	26	71	
1687	21	23	24	25	27	
1688	22	25	56	57	58	
1689	53	56	57	60	
1690	49	50	52	53	54	55	58	59	87	88	89	90	92	97	
1691	50	79	81	82	83	85	87	88	90	94	
1692	54	82	83	88	
1694	71	75	
1706	76	
1707	10	17	
1708	5	6	8	9	10	11	12	13	14	14	15	16	17	18	21	26	
1709	3	8	13	16	17	17	19	19	21	23	24	27	57	58	70	100	
1710	18	21	22	54	55	56	58	59	61	
1711	46	48	50	51	52	54	55	88	90	
1712	9	49	53	83	87	89	92	
1713	3	7	9	10	11	12	13	14	15	19	
1714	15	16	16	17	18	19	20	22	62	
1715	20	21	23	52	54	55	55	56	57	58	60	62	
1716	31	50	51	53	53	54	56	60	
1717	44	45	48	49	50	
1718	5	12	14	20	22	24	28	45	51	72	
1719	4	11	13	14	20	21	22	23	24	31	
1720	21	22	23	24	
1721	58	
1722	56	58	62	88	91	92	
1723	52	54	55	57	61	87	89	90	91	93	95	
1724	50	52	53	54	80	81	82	84	85	87	88	89	90	92	94	
1725	79	82	84	89	93	
1729	78	
1731	97	98	
1739	19	
1740	9	13	
1741	10	14	19	
1742	3	6	8	9	10	11	12	13	13	14	15	16	17	19	20	71	
1743	13	15	15	16	17	18	18	19	20	21	22	23	25	28	57	57	63	
1744	22	35	37	52	53	54	55	56	57	58	59	61	
1745	45	46	47	48	48	49	50	50	51	53	54	88	
1746	13	47	80	83	84	89	
1747	4	8	8	9	11	11	12	14	15	17	20	82	84	92	94	
1748	12	12	13	15	16	17	19	21	25	83	87	89	90	95	
1749	16	17	19	21	23	87	91	92	
1751	25	
1752	24	25	
1753	25	
1754	58	91	92	
1755	86	87	88	90	91	92	94	97	
1756	53	54	82	83	85	85	86	88	89	89	90	92	93	95	98	99	
1757	54	59	78	80	81	82	83	84	85	86	87	88	89	90	93	96	
1758	55	80	81	82	83	84	86	90	96	102	
1759	80	84	89	
1763	73	
1765	98	102	
1766	88	
1767	1	
1770	88	
1774	9	
1775	9	11	13	13	15	17	20	28	
1776	6	9	10	11	12	14	14	15	16	16	17	18	19	20	21	22	24	70	
1777	13	17	17	19	20	21	22	23	25	27	57	58	61	
1778	22	48	51	52	52	54	55	56	56	57	59	60	63	
1779	44	46	47	48	49	49	50	51	53	55	86	95	
1780	49	79	88	95	
1781	5	8	9	11	14	82	
1782	2	8	10	11	12	13	14	80	81	83	85	87	89	93	94	99	
1783	15	16	81	81	82	83	84	85	85	86	87	88	89	91	93	94	97	98	
1784	16	83	85	86	87	89	91	92	94	96	
1785	87	88	90	91	93	94	98	
1786	87	90	92	97	
1787	86	88	90	91	92	96	
1788	53	55	83	86	87	89	89	90	92	93	97	
1789	55	80	81	82	83	83	84	85	86	88	89	90	92	94	
1790	79	80	80	81	82	83	84	86	90	94	
1791	79	80	80	81	84	87	88	
1792	81	84	87	93	
1793	83	
1794	89	101	
1808	12	14	
1809	8	8	10	11	12	14	15	16	18	29	
1810	6	12	13	14	15	16	17	18	19	20	21	24	
1811	17	17	20	21	22	25	26	56	57	58	62	
1812	35	48	51	52	53	54	54	55	56	57	58	60	62	
1813	45	46	47	49	49	50	51	54	55	58	90	
1814	44	48	50	66	83	83	88	
1815	4	7	15	80	
1816	5	8	10	15	80	
1817	7	9	12	14	79	80	81	82	84	86	90	
1818	7	9	12	13	80	81	82	83	83	84	85	86	87	88	90	94	99	
1819	80	81	82	82	83	84	85	86	86	88	89	90	92	94	98	
1820	82	83	85	86	87	88	89	90	92	93	95	
1821	54	80	81	82	83	83	84	85	86	87	89	90	92	94	96	
1822	55	80	81	82	84	85	86	88	88	89	92	94	
1823	79	80	81	82	84	85	92	99	
1824	80	82	84	89	
1825	83	83	96	
1826	87	94	
1828	48	
1839	13	
1842	9	13	14	
1843	4	6	9	10	11	12	14	14	17	18	20	24	
1844	8	11	12	13	15	15	16	17	17	18	19	20	21	23	71	
1845	18	21	22	56	57	58	60	62	
1846	34	52	52	53	54	55	56	59	
1847	44	46	48	49	50	51	52	53	54	55	56	87	89	92	
1848	44	49	93	
1850	12	83	
1851	2	81	
1852	13	80	81	83	84	86	89	93	
1853	79	80	81	84	86	92	
1854	79	80	81	82	84	85	89	93	
1855	80	80	82	83	84	86	92	
1856	78	80	82	83	85	92	
1857	79	
1865	2	
1872	45	59	
1875	11	22	
1876	10	12	15	
1877	8	9	10	11	12	13	13	14	15	15	16	16	17	18	19	20	22	24	
1878	12	15	16	17	17	19	19	20	21	22	23	25	28	58	
1879	18	22	53	56	57	58	60	63	
1880	51	52	53	54	54	55	56	58	59	62	88	92	
1881	49	50	51	53	56	62	83	85	87	89	91	96	
1882	49	
1884	4	
1887	11	82	83	
1888	81	89	
1889	81	83	
1894	3	
1904	95	
1909	9	21	
1910	8	11	14	
1911	5	9	10	11	13	14	14	15	16	20	24	
1912	13	17	21	25	86	88	90	92	95	97	
1913	56	58	61	87	88	89	90	92	93	95	97	
1914	52	54	57	82	83	85	86	87	89	90	91	92	94	97	101	
1915	53	79	81	82	84	85	89	91	96	
1916	87	
1927	83	
1944	11	14	17	
1945	5	8	8	10	12	14	82	
1946	12	81	82	83	85	86	89	94	
1947	80	81	82	82	84	85	86	87	89	90	91	95	99	
1948	53	79	80	81	81	82	83	83	84	85	87	88	90	94	
1949	79	81	84	88	
1952	8	
1953	4	89	
1955	93	
1978	31	
1979	5	15	91	
1980	80	81	84	87	89	97	99	
1981	78	79	80	82	83	85	89	92	
1982	79	81	82	84	87	90	
1983	85	99	
1988	93	
2015	82	99	
2017	8	
2023	21	41	
2029	48	
2043	89	
2044	60	
2051	91	
2062	1	35	
2064	74	
2077	44	
2083	31	
2085	57	
2090	9	
2092	37	
2118	94	
2126	90	
2144	35	
2147	89	
2152	10	
2162	88	
2170	93	
2179	21	
2184	10	
2188	11	
2190	35	
2194	3	
2261	2	
2262	2	
2264	13	
