12	13	
16	69	
48	63	
49	64	
84	81	82	
217	92	
218	88	93	
219	87	93	
220	101	
249	87	90	
250	83	86	87	88	90	91	93	97	
251	87	88	89	90	91	93	95	
252	82	85	86	87	88	89	90	91	96	
253	4	82	83	84	85	86	88	89	90	92	96	
254	16	82	86	87	89	91	92	93	94	96	
255	82	83	85	87	89	91	92	94	98	
256	16	87	92	
282	83	86	87	89	90	93	94	
283	81	82	84	85	86	88	89	90	92	93	96	
284	80	81	82	83	84	84	85	86	87	89	90	91	95	
285	80	81	82	83	83	85	86	87	89	91	96	99	
286	10	81	82	83	83	84	85	86	89	91	93	97	
287	11	79	80	81	82	84	85	87	89	93	97	
288	9	46	80	81	82	83	83	84	85	86	88	90	94	97	
289	10	15	16	80	81	82	84	85	86	87	88	90	94	98	
290	12	16	81	82	83	85	86	87	88	89	91	93	94	96	
291	17	81	83	85	86	88	89	90	92	95	
292	16	88	91	92	
313	57	
314	52	57	
315	50	52	53	85	87	88	90	92	96	
316	80	81	82	84	85	86	87	88	89	91	97	98	
317	54	79	80	81	82	83	84	85	86	89	91	94	
318	79	80	81	82	84	85	89	94	99	
319	17	18	42	45	46	48	48	58	66	78	79	80	
320	17	19	26	32	44	45	47	48	50	56	58	66	71	79	79	81	84	
321	4	13	18	19	20	43	43	44	45	46	47	49	56	58	71	78	79	80	84	
322	19	21	27	44	46	47	49	56	69	79	80	81	
323	6	9	13	13	43	43	44	46	49	79	80	81	83	
324	6	10	12	14	46	80	81	82	83	84	85	89	
325	10	12	14	15	80	81	82	84	85	86	87	89	91	94	97	
326	16	81	82	85	86	87	88	89	90	92	95	97	
327	18	85	87	90	92	94	
328	92	
332	86	92	97	
333	83	87	91	93	98	
346	57	
347	53	56	58	
348	48	51	53	54	55	57	87	89	93	94	
349	50	52	54	80	81	82	83	84	86	87	88	89	92	97	
350	48	79	80	81	82	83	84	86	89	93	
351	9	16	18	79	80	81	83	99	
352	11	12	14	16	17	18	19	20	29	44	69	78	81	
353	13	15	17	18	18	19	20	21	22	23	26	45	48	49	78	
354	19	21	22	27	31	45	50	55	59	
355	20	21	23	24	31	45	48	50	53	55	56	57	58	60	63	65	
356	21	22	24	29	33	43	45	49	51	52	53	55	56	57	58	59	61	
357	23	24	32	44	45	47	47	48	49	50	51	54	56	75	
358	9	42	44	45	46	47	48	49	
359	6	9	11	12	15	46	79	80	84	
360	9	11	13	14	16	80	81	82	83	85	86	89	91	93	
361	10	12	15	16	81	82	83	84	85	86	88	89	90	92	93	95	98	
362	17	18	81	84	87	89	92	96	
364	56	
365	46	88	90	
366	8	9	14	83	84	86	88	88	90	93	95	
367	14	16	80	81	82	86	87	89	91	95	
368	17	18	22	97	
380	56	57	61	
381	47	51	52	53	53	55	57	59	
382	46	47	48	50	51	52	54	55	81	86	88	89	
383	50	79	81	82	84	85	87	89	
384	9	78	80	85	
385	8	10	11	13	14	15	16	17	18	18	19	20	26	70	
386	8	10	12	13	14	15	16	17	17	19	20	20	21	22	24	26	69	
387	20	21	22	23	23	24	27	
388	24	
389	23	25	
390	23	24	35	52	55	55	56	57	58	60	63	75	
391	51	52	53	54	54	55	56	57	58	58	59	59	61	
392	25	29	33	36	43	44	45	47	48	49	50	51	52	53	55	56	56	59	60	
393	2	44	45	45	46	47	47	48	48	49	50	50	
394	5	8	10	12	13	44	49	79	80	81	84	
395	4	6	8	9	11	12	14	15	80	81	82	83	84	86	91	96	100	
396	7	11	12	14	15	16	17	18	81	82	83	85	88	89	92	95	
397	16	17	21	57	88	92	
398	52	53	55	56	57	60	
399	48	50	51	54	83	87	92	
400	8	10	49	81	83	84	86	88	90	
401	7	10	11	13	13	14	15	18	80	80	81	84	86	91	94	100	
402	16	17	18	19	20	22	27	81	97	
404	67	
405	68	
413	58	
414	52	55	56	57	57	59	62	
415	43	47	50	51	52	53	55	55	56	57	58	60	
416	45	46	47	48	49	51	51	53	54	58	83	
417	49	80	85	94	
418	7	8	10	11	12	13	14	18	
419	5	6	10	11	12	14	15	16	16	17	18	19	21	24	26	
420	17	18	20	21	22	23	24	26	
421	23	
425	52	59	
426	50	51	52	53	54	55	55	56	56	57	58	59	61	65	
427	33	37	43	45	47	48	49	49	50	51	52	54	56	59	
428	4	8	44	45	45	46	46	47	48	48	49	50	
429	9	10	12	13	15	46	49	80	
430	7	8	9	10	11	12	13	14	15	21	79	80	82	84	86	90	96	
431	16	17	21	57	81	83	85	86	88	90	92	94	97	
432	51	52	53	54	57	59	61	83	86	88	90	91	98	
433	50	51	52	54	85	86	88	89	91	92	97	
434	5	8	10	13	29	81	83	84	87	90	
435	5	7	9	10	11	12	13	14	15	15	16	18	80	84	
436	13	16	17	17	18	18	19	20	21	23	24	27	98	
444	88	
448	53	55	57	58	59	61	62	
449	34	47	50	51	51	52	53	54	54	55	56	57	59	60	
450	43	44	45	46	47	48	48	49	50	50	53	54	
451	8	45	49	
452	5	8	10	10	11	13	13	14	15	16	18	23	
453	7	11	12	13	14	15	16	16	17	18	19	20	21	24	27	
454	18	20	21	23	27	
460	55	56	57	58	60	62	
461	50	50	51	52	53	54	55	56	57	58	59	60	
462	33	36	45	47	47	48	48	49	50	50	51	53	
463	5	10	43	44	45	46	46	47	48	49	50	
464	1	3	7	10	11	13	13	15	46	80	93	
465	8	12	80	81	82	84	86	89	91	95	
466	52	53	55	80	82	83	84	85	86	89	90	91	93	93	96	
467	52	55	79	81	82	83	83	84	85	86	88	89	91	95	
468	9	10	14	16	82	84	89	99	
469	5	6	8	8	10	11	11	12	13	14	15	15	16	17	18	19	20	23	70	
470	15	16	17	18	19	20	21	21	22	24	26	
471	22	
482	57	58	61	
483	51	51	52	53	53	54	55	55	56	56	57	59	60	61	
484	32	44	45	46	47	48	48	49	50	50	51	52	53	54	59	
485	9	43	44	45	46	48	48	49	
486	5	7	10	11	12	14	15	23	
487	2	8	12	13	14	15	16	17	18	18	19	21	23	26	
488	17	21	22	
495	52	54	55	57	58	58	60	62	
496	49	50	51	52	52	53	54	55	55	56	57	58	59	60	62	
497	45	46	47	47	48	48	49	50	51	51	53	53	56	57	
498	2	43	45	46	47	47	49	50	
499	3	3	7	13	46	79	80	81	84	89	94	
500	79	80	80	81	83	84	85	88	
501	10	16	18	43	48	67	80	81	83	84	90	
502	6	9	10	11	13	13	14	16	18	20	71	80	99	
503	2	5	8	11	12	13	14	15	15	16	17	19	19	20	21	23	28	69	
504	1	18	20	21	22	23	23	
516	57	
517	36	51	52	53	54	55	56	56	57	58	60	61	
518	32	46	47	49	50	51	52	52	54	54	55	59	
519	8	45	47	48	49	50	
520	5	7	9	10	11	13	14	15	18	
521	8	10	11	12	15	16	17	18	19	21	24	26	
522	17	21	23	
530	33	52	53	55	55	56	57	58	58	59	61	
531	29	33	49	50	51	51	52	53	54	54	55	56	57	57	59	60	
532	30	37	43	44	45	45	47	48	48	49	50	50	51	52	54	56	62	67	
533	32	44	45	46	47	47	49	49	50	52	
534	10	21	43	45	46	49	66	80	
535	8	10	13	14	16	17	18	19	20	30	31	43	45	68	79	
536	6	9	11	11	13	14	15	15	16	17	18	18	19	20	21	21	23	44	69	
537	1	5	7	12	15	18	19	20	21	22	23	23	24	26	
538	22	24	
550	57	
551	52	52	54	55	56	56	57	57	58	59	61	
552	46	47	49	50	51	51	53	54	55	58	
553	44	45	46	47	48	49	50	53	
554	5	7	8	9	10	12	13	14	
555	2	10	11	12	13	14	15	16	17	19	20	21	26	80	86	95	
556	17	18	19	20	21	23	26	
564	62	
565	52	54	54	55	56	58	60	
566	32	47	50	51	52	53	54	55	56	59	60	63	
567	25	31	44	45	47	49	49	50	53	68	
568	8	10	11	14	15	18	21	23	26	43	44	45	47	48	68	
569	8	10	12	14	15	16	19	20	20	21	22	24	25	26	45	
570	1	20	22	23	25	27	
571	1	21	23	
572	23	
575	96	96	97	
584	57	
585	52	52	54	55	56	56	57	57	58	60	61	
586	46	47	48	50	50	51	51	52	53	54	54	55	55	56	58	59	
587	45	46	48	49	49	50	67	
588	8	8	9	10	13	
589	3	7	10	11	12	13	13	14	15	15	16	16	17	18	19	20	23	27	79	
590	16	17	17	20	21	22	
600	55	
601	55	
603	3	23	24	
604	23	
605	22	
618	58	
619	52	55	55	56	57	57	59	60	62	
620	46	47	49	50	51	51	52	53	54	55	
621	45	46	48	49	50	50	
622	4	6	9	10	11	13	14	15	
623	8	11	11	12	13	14	15	16	17	19	21	24	
624	16	17	18	20	21	23	24	
652	57	
653	34	52	53	55	55	56	56	57	58	58	59	61	
654	46	47	50	51	51	52	54	54	55	60	
655	8	44	45	46	48	48	49	50	53	67	
656	6	9	10	11	12	13	14	18	
657	6	10	12	13	14	15	15	16	16	17	18	19	20	21	24	27	
658	17	18	20	21	23	25	27	
686	58	
687	55	56	57	58	59	60	62	
688	47	48	50	51	51	52	53	53	54	55	55	
689	9	45	46	47	49	50	67	
690	3	6	9	11	12	13	14	15	18	
691	8	11	12	14	16	17	17	18	19	20	21	22	24	26	69	
692	20	21	22	
721	34	36	52	53	55	56	57	57	58	59	61	62	
722	47	48	49	50	51	51	52	54	55	
723	9	45	47	48	49	67	
724	4	6	8	9	10	11	12	12	13	14	15	18	44	
725	12	13	15	16	17	18	19	20	21	22	23	24	27	
726	22	
754	58	
755	52	55	57	59	
756	31	50	51	52	53	54	58	
757	10	31	44	45	49	51	
758	4	7	11	12	13	14	15	19	21	24	44	48	70	
759	20	21	22	25	
789	55	
790	55	
791	51	65	
792	15	24	
793	23	24	
795	60	
886	91	
1170	75	102	
1171	6	66	
1172	70	
1182	53	
1187	12	64	
1192	12	
1204	68	
1206	74	
1208	23	
1212	64	
1216	12	
1222	65	
1231	25	
1248	56	
1258	98	
1266	71	
1267	25	
1270	43	
1274	84	
1280	20	
1282	33	
1283	13	
1285	87	
1289	12	
1307	48	
1309	35	
1312	61	
1319	11	
1330	103	
1333	42	
1335	93	
1337	81	
1341	46	
1351	29	55	
1352	10	
1353	21	
1359	93	
1363	10	
1365	5	
1370	36	
1371	48	
1372	46	
1373	36	47	
1374	46	58	
1375	50	56	68	72	
1376	45	48	
1377	46	49	
1378	46	
1395	11	
1400	41	
1403	74	
1404	19	42	
1405	18	25	46	51	
1406	16	20	23	39	43	47	50	58	60	68	
1407	17	19	26	40	44	47	49	58	67	
1408	18	19	20	20	27	41	44	46	48	51	56	60	
1409	5	20	22	23	26	40	44	45	46	47	49	56	59	68	
1410	19	27	39	44	45	46	47	49	54	56	58	62	68	
1411	21	28	31	44	47	48	48	50	53	58	
1412	41	43	46	47	51	57	
1413	46	49	
1414	46	49	95	
1419	31	
1430	40	
1431	39	
1432	41	
1434	20	
1437	14	16	20	
1438	14	16	17	18	21	23	44	47	66	
1439	15	16	17	19	20	25	44	46	48	
1440	16	18	19	20	21	23	24	26	44	45	47	51	58	60	
1441	20	21	22	23	44	45	49	57	61	
1442	19	21	22	45	50	55	57	59	62	
1443	20	22	23	24	45	49	51	53	57	58	59	
1444	22	28	34	45	49	51	53	54	56	57	59	62	64	
1445	21	23	24	26	44	45	45	48	48	49	50	51	55	56	57	58	58	60	
1446	26	41	43	45	46	47	48	48	49	50	52	53	57	62	
1447	26	44	46	47	49	50	57	
1448	25	30	43	46	48	
1449	46	49	58	
1451	47	
1452	31	
1455	47	50	52	
1459	71	
1464	71	
1468	22	
1469	23	
1470	9	
1471	11	12	14	16	18	19	20	23	
1472	10	13	15	16	17	18	18	19	20	21	24	70	
1473	12	14	17	20	21	22	24	27	29	
1474	21	22	23	75	
1475	22	24	75	88	92	
1476	25	88	90	91	95	
1477	25	83	86	87	89	91	92	95	
1478	35	62	88	90	96	
1479	52	54	58	58	60	62	87	91	92	
1480	30	50	51	52	54	55	56	58	59	61	
1481	31	44	45	47	49	50	51	52	53	56	57	59	63	
1482	33	34	43	43	45	46	47	48	49	51	57	65	68	68	
1483	44	46	47	48	52	64	67	
1484	44	48	50	
1487	18	
1488	27	31	44	47	52	58	
1489	44	46	47	49	
1490	46	
1494	73	82	
1497	11	
1502	3	
1503	8	
1504	10	12	14	15	18	18	21	
1505	8	10	12	13	14	15	17	17	18	19	20	21	23	24	28	
1506	13	19	20	21	22	23	25	27	56	
1507	22	24	53	56	
1508	86	87	89	90	92	94	98	
1509	53	81	82	84	85	86	88	90	94	96	
1510	80	81	82	84	85	86	89	90	92	93	98	
1511	81	82	83	83	84	86	88	90	97	
1512	7	8	12	15	81	83	83	84	85	87	89	90	93	93	
1513	12	15	81	82	83	84	85	87	88	89	91	94	97	
1514	16	35	61	86	88	91	92	94	96	
1515	16	17	50	51	53	53	55	57	59	61	92	
1516	31	42	45	47	49	50	51	52	55	56	57	57	59	60	
1517	44	46	47	48	50	51	55	57	58	
1518	43	45	46	48	50	52	54	
1519	44	46	49	67	
1520	28	
1521	13	15	16	19	21	57	63	
1522	17	19	20	21	23	24	26	31	43	45	52	56	57	59	61	
1523	45	46	47	48	50	51	55	56	58	
1524	48	50	
1525	59	
1526	21	
1528	7	
1533	35	
1537	9	11	14	17	20	68	
1538	7	8	10	11	13	13	14	15	16	17	18	20	22	25	28	
1539	12	14	15	16	17	18	18	19	20	22	24	25	58	
1540	22	24	48	53	56	60	
1541	47	51	52	54	83	86	87	89	91	94	
1542	52	80	81	82	83	85	86	89	92	95	
1543	79	80	81	83	84	87	88	96	
1544	78	79	80	82	83	86	89	101	
1545	78	80	82	84	86	89	
1546	9	78	79	80	81	81	84	87	90	99	
1547	10	12	14	16	79	80	81	83	84	87	
1548	6	8	10	12	14	15	17	80	81	82	83	84	85	87	89	91	95	
1549	17	19	58	63	82	82	86	86	88	89	90	91	95	97	
1550	16	17	52	53	54	55	56	57	58	59	62	
1551	42	49	50	51	52	54	55	56	57	60	80	
1552	43	44	45	46	46	47	49	50	51	52	54	58	
1553	10	46	49	
1554	10	14	16	20	24	
1555	7	11	12	14	16	18	19	20	26	57	57	58	70	
1556	13	17	18	19	20	21	22	23	35	52	52	56	57	59	
1557	45	46	46	47	48	49	50	50	51	54	
1558	45	47	48	50	
1560	66	66	67	
1570	11	
1571	7	9	10	12	13	14	19	
1572	7	9	11	12	13	14	15	16	17	18	19	20	23	23	
1573	16	17	19	21	22	25	26	52	56	56	57	59	60	
1574	23	47	50	51	52	52	53	55	62	
1575	45	47	48	49	51	54	82	84	86	90	
1576	49	52	54	79	80	82	84	
1577	80	84	
1578	81	84	101	
1579	93	
1580	48	81	
1581	5	11	83	95	
1582	11	14	79	81	85	90	98	
1583	6	8	9	10	11	12	14	14	15	17	54	80	81	82	83	85	90	94	
1584	13	16	18	18	22	53	55	57	58	82	85	86	90	92	93	96	
1585	17	52	54	55	56	57	58	59	63	
1586	32	43	45	47	48	49	50	50	51	53	55	56	62	
1587	40	44	45	46	47	49	50	51	66	
1588	8	9	11	20	26	28	45	48	
1589	7	11	12	13	15	17	19	20	21	24	43	57	57	69	
1590	17	18	20	21	22	24	52	53	54	55	55	56	56	57	58	59	
1591	23	33	47	48	49	49	50	51	52	53	54	55	57	61	
1592	44	49	51	
1596	11	
1600	51	
1604	10	14	17	
1605	6	9	11	14	15	
1606	6	8	11	12	12	14	15	17	20	24	57	
1607	16	17	19	20	22	27	33	51	52	55	56	57	57	59	60	61	
1608	47	50	50	51	52	53	54	55	56	59	
1609	45	46	47	49	50	51	52	53	80	85	
1610	80	84	
1612	62	
1616	5	9	13	84	89	99	
1617	6	9	11	14	79	85	88	
1618	8	10	11	12	13	14	15	16	24	80	82	83	85	86	88	90	94	97	100	
1619	16	18	18	53	55	57	60	81	82	85	86	87	91	93	95	
1620	17	32	38	51	53	54	55	56	58	60	65	
1621	23	30	44	45	47	50	51	55	59	66	
1622	7	9	12	14	19	43	44	47	49	
1623	5	11	13	14	14	15	18	19	20	21	22	24	56	57	69	
1624	21	22	23	25	52	53	54	55	56	58	60	
1625	48	48	49	50	51	53	53	55	59	87	89	92	95	
1626	50	60	87	
1627	59	
1629	82	82	82	83	
1630	74	
1635	9	
1639	4	7	9	10	14	
1640	6	8	10	11	12	14	14	15	16	20	57	81	85	93	99	
1641	13	16	17	19	20	23	52	53	55	56	56	57	58	58	60	87	95	
1642	18	18	46	47	50	51	52	53	54	55	58	59	
1643	44	46	48	48	50	52	54	87	
1649	89	
1651	6	11	
1652	3	7	9	11	13	14	16	26	80	82	84	89	95	
1653	6	8	10	11	12	14	15	17	79	80	81	82	83	85	89	91	96	98	
1654	16	17	18	20	23	53	82	88	91	92	
1655	92	
1656	14	24	
1657	23	23	25	35	52	56	58	59	61	
1658	51	52	53	53	54	55	57	91	92	
1659	52	54	81	83	85	87	88	90	92	96	
1660	84	95	
1673	7	9	15	21	54	
1674	7	8	9	10	11	12	14	14	16	19	21	27	58	80	
1675	12	13	15	16	17	18	18	19	22	25	33	52	56	56	57	59	62	70	81	84	97	
1676	17	21	23	47	48	50	51	51	52	53	54	55	56	58	
1677	45	46	47	49	50	52	54	56	58	
1678	45	50	62	
1679	91	
1682	90	98	
1686	6	8	12	
1687	6	9	10	11	13	14	15	79	81	86	88	
1688	8	12	13	15	15	17	80	81	82	83	84	85	86	88	89	91	99	
1689	17	82	85	86	87	88	90	91	95	97	
1690	87	88	91	92	
1691	30	30	53	55	57	62	83	87	88	88	89	91	92	94	97	
1692	53	53	55	82	84	85	85	86	87	88	89	90	92	93	96	99	
1693	58	80	82	84	85	87	89	92	96	
1694	81	85	
1706	14	
1707	9	23	
1708	3	5	7	8	9	10	11	12	13	14	15	16	99	
1709	16	17	18	19	20	25	35	36	53	55	56	57	57	60	62	80	
1710	17	18	20	22	23	52	53	54	55	56	59	
1711	45	46	48	48	49	50	51	54	56	59	65	
1712	44	48	51	
1715	94	
1720	12	100	
1721	12	15	88	99	
1722	7	10	11	15	80	81	84	86	93	
1723	8	12	15	80	81	82	83	85	86	88	90	93	
1724	8	53	54	80	81	81	82	84	85	86	88	88	89	90	92	94	97	
1725	79	80	81	82	84	85	86	89	91	96	
1726	79	80	81	82	83	84	86	89	98	
1727	79	81	84	88	
1729	70	
1741	11	15	94	
1742	4	6	8	9	10	11	12	13	13	14	15	21	
1743	12	15	15	16	17	18	19	20	21	23	25	56	57	57	58	61	62	70	
1744	17	18	22	47	51	52	53	53	54	55	56	59	61	
1745	45	47	48	49	50	51	54	61	90	
1746	46	48	
1752	89	
1755	13	
1756	4	93	
1757	5	79	80	83	87	88	
1758	80	80	81	83	83	85	90	
1759	79	80	81	83	88	94	
1760	78	81	84	89	
1775	10	14	
1776	7	8	10	11	12	13	14	15	18	21	99	
1777	7	12	13	15	16	16	17	19	20	22	24	26	57	58	60	
1778	18	21	22	47	48	51	51	52	53	54	55	56	57	59	62	
1779	45	46	48	49	50	52	54	56	87	
1780	51	
1781	72	
1782	63	
1786	99	
1790	87	
1791	84	
1792	81	
1793	81	83	88	
1803	29	
1809	10	15	
1810	5	8	8	10	11	12	13	14	15	16	
1811	12	12	15	16	17	18	18	19	21	24	27	34	56	57	62	71	
1812	17	47	51	52	53	53	54	55	57	58	60	
1813	48	49	50	54	86	92	96	
1814	103	
1816	65	
1820	93	
1841	30	
1842	22	65	
1843	11	14	
1844	5	5	6	8	8	9	10	12	13	14	16	
1845	12	13	15	15	16	16	18	18	19	21	23	35	55	56	58	61	
1846	22	48	50	51	52	54	55	59	86	90	
1847	49	51	54	60	84	86	89	91	
1852	82	
1858	71	
1864	99	
1874	51	
1875	21	
1877	10	
1878	7	9	10	11	12	14	14	16	20	27	29	58	
1879	3	13	15	16	17	20	23	23	34	52	53	55	56	57	61	88	92	97	
1880	50	52	54	82	84	86	88	89	91	94	
1881	49	55	59	82	84	87	89	
1885	80	
1911	15	
1912	5	7	8	10	12	13	15	16	
1913	81	85	88	90	96	
1914	55	80	82	83	84	85	87	89	90	93	94	
1915	53	81	87	
1943	51	
1945	10	
1946	10	
1947	81	84	86	93	94	
1948	79	80	80	82	84	85	90	
1949	86	95	
1950	95	
1965	66	
1981	86	
1982	79	84	
1983	84	
1987	29	
1998	42	
1999	46	
2008	86	
2015	62	
2016	84	
2019	92	
2021	5	54	
2033	81	
2044	67	
2047	47	73	
2050	5	
2056	19	
2059	7	
2085	12	44	
2090	82	
2115	14	
2121	9	
2130	82	
2133	97	
2143	29	
2147	30	
2157	40	
2159	13	
2185	95	
2252	11	
2261	13	
2270	98	
