16	69	
79	46	
84	80	
149	93	
150	92	
151	92	
156	87	91	93	
157	88	91	92	96	
158	92	96	
180	57	
182	92	94	
183	54	86	87	89	91	92	94	96	98	
184	12	82	83	85	86	87	89	90	91	92	94	95	100	
185	7	9	12	15	83	85	86	87	88	90	91	92	94	95	100	
186	16	17	19	87	96	
187	17	
188	35	56	59	
189	46	50	52	53	58	
190	46	48	85	87	89	90	95	100	
191	9	14	83	85	86	87	88	89	90	92	94	96	101	
192	6	12	13	15	83	86	87	89	90	91	94	95	100	
193	16	17	86	87	91	92	95	
194	17	
214	36	56	59	93	
215	51	52	53	55	59	92	95	
216	51	53	55	56	82	85	87	88	89	91	92	94	95	
217	14	46	48	82	84	85	86	87	88	89	90	91	93	96	102	
218	10	13	81	82	83	84	84	85	86	89	90	92	93	97	99	
219	8	8	10	11	12	13	14	16	19	81	82	84	85	86	87	89	91	98	
220	12	15	16	17	17	18	19	20	84	85	88	90	93	101	102	102	
221	17	21	
222	55	57	57	59	61	
223	51	52	53	53	54	55	56	57	58	59	60	61	64	
224	42	44	47	48	49	50	51	53	53	56	57	68	84	
225	4	8	43	44	45	46	47	48	48	49	50	50	82	83	84	85	
226	8	10	12	13	15	46	81	82	84	85	86	87	88	90	93	96	98	101	
227	6	10	11	12	13	15	82	83	84	85	86	87	89	90	92	94	96	99	
228	15	16	17	20	86	87	90	93	95	98	
229	16	17	22	
246	56	
247	61	
248	51	52	54	58	92	95	
249	6	40	51	54	55	60	86	87	88	90	91	94	97	99	
250	17	41	47	52	54	56	56	57	58	60	81	82	83	85	85	87	89	93	101	
251	20	44	45	46	47	48	49	50	51	54	63	70	82	83	84	89	
252	5	6	10	44	45	47	49	82	83	85	88	
253	7	9	10	11	12	13	14	14	15	18	23	69	83	87	
254	7	11	12	13	14	15	16	16	17	18	19	20	23	83	
255	16	17	21	22	
257	54	55	57	59	61	
258	51	52	54	55	55	56	57	57	58	59	60	61	
259	31	36	43	45	47	48	49	50	51	52	53	53	54	55	56	58	
260	5	9	44	45	46	47	47	48	49	50	83	88	
261	8	9	10	11	13	13	14	15	46	48	82	83	84	85	87	89	94	
262	7	10	11	12	14	15	17	18	19	21	83	85	86	87	89	91	95	102	
263	16	17	17	19	20	87	
279	56	
280	52	57	59	
281	50	52	54	55	91	95	
282	39	43	54	82	85	87	88	88	90	91	94	96	100	
283	6	8	10	16	18	81	82	83	84	86	89	
284	17	17	19	20	21	35	44	56	56	57	59	60	61	83	
285	21	22	24	48	49	50	51	51	53	53	54	55	56	
286	9	10	44	45	46	47	49	49	50	
287	5	7	9	10	11	12	13	14	15	83	104	
288	7	12	12	14	15	16	17	18	19	19	20	21	24	
289	17	21	23	
292	52	55	55	57	57	58	60	61	
293	50	51	52	52	53	54	54	55	56	57	58	58	59	61	
294	45	46	47	48	48	49	50	50	51	53	54	
295	5	8	10	14	43	44	46	47	49	49	84	104	
296	3	7	10	11	12	13	13	14	15	15	19	81	82	84	85	90	94	100	
297	12	16	17	18	19	20	21	87	100	
298	18	23	
312	56	
313	56	58	
314	51	52	53	55	59	92	96	
315	40	51	53	55	86	87	88	90	91	93	93	95	
316	8	10	11	13	15	16	17	45	82	84	85	86	89	
317	11	12	13	14	15	16	17	18	19	19	20	26	45	83	
318	20	21	22	25	27	53	55	56	57	57	58	59	61	
319	22	23	32	47	49	50	51	51	52	54	54	55	56	59	61	65	
320	8	10	14	47	48	49	50	
321	4	6	9	10	11	12	14	14	15	18	
322	12	13	15	15	16	17	17	19	19	20	22	24	26	
323	17	18	21	22	
326	57	
327	52	53	54	55	56	57	57	59	60	
328	32	47	50	51	52	53	53	54	55	56	58	
329	5	9	46	47	48	49	49	50	
330	5	7	8	10	11	12	13	13	14	15	18	23	84	89	98	101	
331	11	12	15	16	17	19	20	21	83	85	88	91	94	98	99	
332	17	18	20	22	
346	52	57	58	
347	51	52	53	54	55	60	93	
348	55	85	87	88	89	90	91	94	96	
349	10	13	14	16	18	82	84	85	86	89	
350	8	10	12	15	17	17	18	19	20	26	43	
351	5	20	21	23	24	27	58	
352	23	33	53	56	56	57	59	61	
353	47	50	50	51	52	52	54	54	55	56	59	
354	9	46	48	49	50	53	
355	4	7	9	10	11	13	14	14	15	23	48	
356	7	12	13	15	16	16	17	18	18	19	20	21	23	
357	17	20	21	22	24	
361	35	55	55	56	56	57	58	58	60	61	
362	47	51	52	52	53	53	54	54	55	56	59	63	
363	4	10	45	46	47	48	49	49	50	54	
364	4	7	8	10	11	12	13	14	15	49	83	
365	7	11	12	13	13	14	15	16	17	18	19	21	83	84	88	93	94	
366	16	17	19	20	21	23	
378	56	
379	57	61	
380	51	53	53	55	57	61	92	
381	49	51	54	86	87	89	90	92	93	95	99	
382	8	9	11	13	82	84	85	86	88	89	91	93	97	
383	8	11	12	14	14	15	16	17	18	81	83	
384	12	17	17	20	21	22	24	
385	23	57	
386	34	52	56	56	57	58	59	61	
387	46	48	50	51	51	52	53	54	55	56	
388	9	10	13	49	50	50	53	89	
389	6	8	9	10	11	12	13	14	14	15	16	17	18	
390	13	15	16	16	17	17	19	19	20	21	22	23	25	26	
391	22	
395	52	55	56	57	58	58	60	61	
396	32	36	48	51	52	52	53	54	54	55	56	57	59	
397	46	48	48	49	50	50	51	53	54	
398	5	6	9	10	11	13	14	15	19	
399	6	8	11	12	13	13	14	15	15	16	16	17	19	20	83	84	102	
400	17	17	18	18	19	20	22	23	24	88	
404	67	
412	52	56	57	58	62	
413	36	47	50	52	53	54	55	58	59	62	
414	46	48	48	49	51	52	55	83	86	87	88	89	91	93	95	98	98	
415	13	46	51	81	83	84	85	86	87	88	89	91	95	98	99	
416	8	9	10	11	14	15	81	82	83	85	86	90	95	
417	5	7	11	12	13	13	14	15	17	18	21	24	
418	16	20	22	
419	18	23	57	58	
420	53	55	56	56	57	59	60	62	
421	32	47	48	49	50	51	51	52	53	54	55	58	
422	3	8	9	11	14	45	46	47	49	49	50	93	
423	6	10	11	12	13	14	15	15	16	16	19	23	26	
424	15	16	17	18	19	20	21	21	27	
425	23	
428	57	
429	34	55	56	56	57	58	58	60	62	
430	47	50	50	51	52	52	54	54	55	55	56	59	
431	45	46	49	49	50	51	53	54	68	
432	6	9	10	11	13	14	48	87	
433	1	6	7	11	12	12	14	15	16	17	19	19	21	24	88	101	
434	3	16	17	17	18	20	21	22	23	24	27	102	
435	22	
438	65	65	
439	76	76	77	
445	58	
446	52	56	57	58	59	61	
447	50	51	52	53	53	54	55	55	56	56	57	57	59	60	
448	45	46	47	48	49	49	50	51	51	53	54	54	56	58	60	67	84	89	
449	43	44	46	47	48	49	50	51	82	84	85	89	
450	4	10	12	14	48	84	
451	8	10	11	12	13	14	15	17	41	83	86	91	93	
452	8	11	12	14	15	16	17	18	18	19	22	85	87	89	94	98	
453	17	21	57	
454	52	56	56	57	58	59	60	61	63	
455	32	46	47	50	51	51	52	53	54	54	55	
456	8	9	11	13	46	48	49	50	90	
457	6	10	11	12	12	13	14	15	16	18	19	23	
458	16	17	17	19	20	21	22	24	27	
463	53	56	56	57	57	58	60	62	
464	33	50	51	52	52	53	53	54	55	55	56	57	58	
465	45	46	47	48	49	50	51	52	54	
466	6	9	10	11	14	18	48	
467	3	7	10	11	12	13	13	14	15	15	16	16	17	18	19	20	24	70	
468	2	16	17	18	19	20	21	22	23	23	47	47	
481	55	56	57	57	58	60	62	65	
482	47	48	50	51	52	52	53	54	55	56	56	58	59	60	
483	32	45	47	48	49	49	50	51	54	83	
484	5	8	10	13	44	49	102	
485	6	9	10	11	12	13	14	15	16	17	18	20	43	69	84	100	
486	14	15	16	17	17	18	18	19	20	21	22	23	44	84	
487	21	22	25	
488	34	55	56	57	57	58	60	61	
489	47	50	51	52	52	53	54	54	55	
490	4	9	10	13	45	47	48	49	50	51	53	
491	7	10	11	12	12	14	15	15	16	17	19	25	26	
492	13	16	17	17	19	20	20	21	22	24	
497	53	55	56	56	57	57	58	58	60	61	
498	32	48	50	51	52	52	53	54	55	55	58	59	
499	8	14	47	49	49	50	51	54	67	
500	9	11	12	14	15	16	
501	1	8	10	11	12	13	14	15	16	16	17	17	18	19	19	20	21	24	70	
502	17	19	20	21	22	
503	23	
515	55	56	57	58	58	60	62	
516	47	51	52	53	53	54	55	56	59	60	
517	47	48	49	50	51	53	54	
518	9	10	13	14	49	
519	1	8	10	12	12	14	15	15	16	17	17	19	19	24	83	
520	3	17	18	19	20	21	22	23	23	24	
522	53	55	56	56	57	57	59	60	61	
523	32	47	48	49	50	51	51	52	53	54	54	58	63	
524	4	8	9	13	45	46	47	49	49	50	
525	7	10	11	12	13	13	14	15	18	19	
526	15	16	16	17	18	20	20	21	22	23	26	
527	22	
531	52	56	57	58	58	61	
532	32	51	51	52	53	53	54	54	55	96	
533	8	14	49	50	50	51	53	
534	5	6	9	11	12	13	14	15	16	42	
535	2	5	12	13	14	15	16	16	17	18	18	19	19	20	21	24	25	
536	18	21	22	23	23	
549	53	56	57	58	59	60	61	
550	32	47	50	51	52	53	54	55	59	
551	9	46	48	49	50	91	
552	5	7	9	10	11	12	14	15	16	
553	4	7	13	15	16	16	17	19	20	23	26	
554	17	18	20	21	22	
556	53	55	56	56	57	58	58	60	61	
557	32	47	48	51	51	52	53	54	54	55	56	
558	4	8	9	11	13	45	46	48	49	49	50	
559	4	6	10	11	12	12	13	14	15	15	18	
560	16	17	20	21	23	93	
561	18	22	
564	36	56	57	61	
565	51	52	53	54	55	56	58	60	
566	32	50	51	52	52	54	55	58	88	90	92	94	
567	9	10	13	40	43	48	50	86	90	93	93	
568	4	7	10	11	11	12	13	14	15	16	17	18	19	70	
569	15	17	17	18	19	20	20	21	21	23	24	
570	23	
582	57	
583	33	52	53	56	56	57	58	59	60	61	
584	47	48	50	51	51	52	53	54	54	55	
585	8	10	13	38	44	45	46	47	48	48	49	49	50	50	67	
586	4	7	9	11	11	12	14	14	15	18	82	
587	7	12	13	14	15	16	17	17	19	19	20	21	24	
588	18	21	22	24	
589	58	
590	33	55	56	56	57	59	61	63	
591	47	51	51	52	53	53	54	54	55	56	56	58	68	
592	10	13	44	45	46	47	48	48	49	50	51	
593	4	8	9	10	11	14	15	44	48	
594	7	12	13	14	15	16	17	18	21	83	85	87	90	92	95	101	
595	16	17	19	22	
598	56	58	58	61	
599	51	52	52	53	54	55	56	61	93	96	
600	41	47	49	50	51	54	86	88	90	91	95	100	
601	9	10	11	14	14	16	18	83	84	86	88	
602	5	7	11	12	13	14	15	16	16	17	17	18	19	20	20	23	45	
603	1	18	20	21	21	22	24	25	
607	8	8	9	
617	55	56	57	58	58	60	62	
618	51	51	52	53	54	54	55	55	56	59	
619	9	13	43	45	46	47	49	50	51	53	
620	4	7	10	11	12	13	14	15	15	19	48	78	
621	12	15	17	17	19	20	21	22	24	26	
622	21	22	
624	53	55	56	57	58	61	
625	51	52	52	54	55	55	56	57	57	59	60	
626	45	46	47	50	50	51	52	53	54	55	
627	5	9	11	14	44	45	46	47	48	49	53	
628	2	8	8	10	12	13	14	15	82	83	83	85	86	89	92	94	98	99	
629	13	16	17	18	21	83	85	87	90	92	93	96	
630	92	98	
631	93	
632	54	55	56	57	59	62	93	97	
633	32	51	52	53	54	55	86	87	89	90	91	93	95	
634	8	10	14	18	42	50	53	83	84	85	86	88	89	91	94	
635	5	7	10	11	12	13	14	14	15	16	17	17	18	19	20	27	69	
636	4	13	15	18	18	19	20	20	21	22	24	25	
637	22	23	
651	56	57	62	
652	51	52	53	54	55	55	57	59	61	
653	9	13	46	47	49	50	50	53	
654	3	7	11	12	14	14	15	49	
655	16	18	19	20	21	24	
656	21	
658	62	
659	35	51	53	55	55	56	57	58	59	60	61	
660	50	50	51	52	53	53	54	54	56	56	57	58	60	64	
661	4	32	43	44	45	46	47	48	48	49	49	50	51	53	66	
662	5	7	8	10	11	14	44	46	49	50	84	85	
663	7	10	11	12	14	20	46	82	83	84	85	86	87	89	90	92	93	95	100	
664	13	86	87	88	90	91	92	94	95	
665	83	86	87	90	91	92	93	95	97	99	
666	86	87	90	91	92	94	96	
667	9	13	43	54	82	83	85	86	87	88	89	91	95	100	
668	6	9	10	11	12	13	14	15	16	19	19	42	45	70	81	84	86	
669	5	7	11	12	15	17	18	19	20	20	21	23	
670	1	21	22	22	23	25	
685	56	58	62	
686	51	52	54	55	55	56	60	
687	8	47	50	51	53	
688	5	6	9	10	11	12	13	14	48	
689	15	16	16	17	18	19	20	
690	23	
693	57	62	
694	34	52	54	55	55	57	58	58	60	61	100	101	102	
695	47	48	50	51	51	52	53	54	54	55	56	56	57	58	60	
696	5	32	36	43	43	44	45	46	47	48	49	50	54	
697	10	15	20	42	44	44	46	47	48	49	57	69	82	83	84	85	99	
698	3	5	19	26	40	44	47	66	81	82	83	83	84	85	86	87	89	90	95	98	
699	17	42	43	46	47	67	82	83	84	85	85	86	89	90	94	102	
700	9	14	17	18	26	42	44	46	81	82	83	84	85	86	87	89	90	93	99	
701	10	12	14	15	16	17	18	19	20	44	47	71	82	83	84	88	
702	8	10	12	13	14	15	17	18	18	19	20	21	22	24	26	45	
703	21	22	22	24	
704	22	
718	12	
719	56	58	59	
720	33	52	53	54	55	56	57	59	60	
721	9	45	47	49	50	54	
722	7	9	10	11	13	13	14	15	43	45	46	48	69	
723	2	13	17	18	18	19	20	21	24	
724	22	
728	1	58	
729	35	51	53	54	55	56	58	60	61	64	
730	25	45	50	52	54	54	55	56	57	60	63	
731	22	24	44	45	46	48	49	50	50	53	53	55	57	59	62	64	68	
732	19	22	41	43	44	45	47	49	50	55	56	58	63	84	
733	10	14	18	19	20	22	24	26	42	43	44	48	49	50	54	69	81	84	
734	10	11	14	15	18	18	20	21	21	23	27	44	44	48	49	64	
735	5	12	15	19	20	21	22	23	25	
736	22	22	24	
737	23	
754	53	60	62	
755	32	51	54	
756	4	7	11	15	19	29	44	
757	21	23	24	
764	55	
765	24	55	61	
766	24	
767	22	23	24	65	
768	3	23	24	
769	21	25	
770	1	
791	2	
1157	30	
1161	81	
1174	7	52	
1198	30	
1235	43	
1236	51	
1237	40	
1240	82	
1242	62	
1246	52	
1249	34	
1272	43	47	47	
1273	11	28	66	
1275	10	
1277	12	38	
1278	28	46	
1279	41	46	
1280	47	71	
1281	61	
1282	48	
1283	62	
1295	24	
1302	79	
1303	47	
1304	27	41	
1305	16	18	19	27	39	43	45	68	
1306	21	26	41	44	46	48	48	52	53	57	58	66	
1307	43	45	46	47	50	56	61	
1308	47	49	56	
1311	18	20	43	
1312	17	18	20	26	39	42	56	66	
1313	20	42	44	47	50	55	58	66	
1314	43	44	46	48	49	52	59	
1315	47	
1316	43	51	51	96	
1332	17	
1335	16	19	
1337	13	16	18	43	
1338	15	16	17	19	22	43	46	
1339	16	17	18	19	20	21	43	45	56	58	60	
1340	18	20	21	23	42	45	48	50	53	55	56	60	
1341	21	24	44	45	47	49	50	52	54	56	58	
1342	45	46	49	50	51	
1343	48	54	
1344	9	15	16	
1345	15	18	19	
1346	16	18	19	20	22	26	57	61	
1347	17	18	19	21	22	25	33	38	42	55	56	57	58	58	60	
1348	23	23	28	43	45	46	47	50	51	53	53	55	56	60	
1349	43	44	45	46	47	48	49	51	56	58	69	
1350	45	46	48	50	64	
1351	48	
1359	64	
1362	10	
1364	22	
1367	21	93	
1370	12	14	17	99	
1371	11	14	16	18	19	20	43	45	46	71	
1372	8	11	13	13	15	16	17	17	19	19	21	22	24	
1373	18	19	20	21	22	23	58	62	
1374	20	21	22	23	24	35	53	55	55	56	57	57	59	61	
1375	22	24	47	50	51	52	53	54	55	58	59	
1376	46	47	48	49	50	54	
1377	49	
1378	8	12	
1379	9	11	12	13	15	17	24	
1380	8	12	15	17	18	23	91	96	
1381	16	17	17	19	23	57	61	62	93	
1382	17	21	52	55	56	57	57	58	60	62	
1383	42	44	45	47	48	50	50	51	52	53	54	56	59	61	67	
1384	43	45	46	47	49	50	51	54	56	61	
1385	44	48	49	51	
1390	4	
1392	10	
1401	42	
1402	16	
1403	9	9	14	16	17	18	
1404	10	12	14	15	16	17	19	22	24	45	
1405	8	11	12	14	15	18	19	20	21	25	28	
1406	12	23	24	
1407	12	16	18	23	23	25	91	92	95	98	
1408	17	34	53	55	56	57	58	59	60	63	82	
1409	47	50	50	51	52	53	54	55	56	60	
1410	46	47	48	49	50	52	53	58	104	
1411	47	50	
1413	5	10	
1414	6	8	10	14	82	86	92	94	
1415	6	11	12	13	15	16	82	85	87	90	91	95	99	
1416	16	17	19	20	57	58	59	61	
1417	52	53	54	54	55	56	57	59	60	
1418	45	47	48	48	49	50	51	52	54	55	56	61	
1419	16	44	47	48	50	52	
1420	49	58	
1431	75	
1434	32	
1436	9	17	19	43	
1437	10	13	14	16	17	19	20	24	
1438	13	15	17	18	18	19	20	24	33	45	56	
1439	21	22	24	52	
1440	87	90	92	94	98	
1441	7	10	12	14	17	82	83	86	87	88	89	90	93	94	101	
1442	16	16	17	18	18	20	55	56	57	59	61	87	90	94	
1443	48	50	51	52	54	55	56	59	
1444	47	49	50	51	53	60	
1445	48	51	59	
1447	26	88	
1448	8	12	14	83	
1449	6	8	9	11	12	14	15	81	83	83	85	85	86	89	95	
1450	12	13	15	15	17	21	57	83	85	87	88	90	91	93	94	95	97	101	
1451	16	17	18	19	23	36	52	54	55	55	56	57	58	59	61	63	
1452	47	51	52	53	54	55	57	59	
1453	45	46	47	48	49	50	51	53	55	
1454	47	50	70	
1458	11	
1469	9	15	19	
1470	11	13	14	15	16	17	18	19	44	92	
1471	8	12	15	17	19	20	21	24	35	57	71	
1472	21	22	23	25	52	54	
1473	52	53	87	88	90	92	95	
1474	10	81	82	84	85	87	88	90	93	
1475	4	7	9	10	11	13	13	14	15	16	19	81	82	84	86	91	98	
1476	16	17	18	19	20	23	26	55	56	57	57	60	61	82	84	85	102	
1477	22	32	47	51	52	53	54	54	55	56	57	58	61	
1478	48	49	49	50	52	54	58	
1479	38	49	
1480	62	
1481	92	
1482	9	
1483	8	11	11	15	22	85	96	103	
1484	6	9	10	11	12	13	14	15	17	20	82	82	84	85	86	87	91	
1485	16	16	17	18	19	20	21	52	55	57	58	59	60	63	86	91	93	
1486	18	22	47	50	50	51	52	53	54	55	57	59	61	
1487	45	46	47	48	49	50	51	53	53	57	
1488	46	48	50	53	
1500	41	
1502	11	14	17	20	42	48	
1503	10	12	14	15	16	17	19	28	42	70	
1504	8	13	17	18	19	20	21	25	34	56	72	
1505	22	23	24	49	51	52	
1506	48	51	54	87	90	91	93	94	96	
1507	54	81	82	85	85	87	89	97	99	
1508	9	84	87	
1509	4	7	9	10	11	12	13	14	16	19	58	
1510	13	15	15	16	17	17	18	19	20	56	57	59	60	84	102	
1511	21	23	32	47	50	51	52	53	54	55	57	59	93	
1512	49	51	54	93	
1513	49	53	63	
1517	9	14	56	
1518	4	7	9	10	11	12	13	14	15	17	19	84	
1519	16	17	18	19	20	21	23	24	27	35	58	59	61	75	84	85	88	101	
1520	21	22	51	52	53	54	55	55	56	57	59	60	61	
1521	45	46	47	48	48	49	50	51	52	53	54	55	59	65	
1522	49	50	53	
1523	52	
1525	9	
1532	49	
1535	9	14	
1536	9	11	13	15	15	16	17	18	20	42	44	
1537	7	11	12	15	16	17	18	19	20	21	56	57	61	71	
1538	5	18	19	20	21	22	24	47	50	52	53	55	56	57	58	60	
1539	22	45	46	47	48	48	49	50	52	54	56	60	
1540	44	46	49	81	82	84	85	88	91	103	
1541	53	81	84	86	94	
1542	10	83	102	
1543	4	8	9	10	12	13	13	14	15	16	17	19	23	
1544	15	16	17	17	19	20	22	23	33	53	55	56	57	59	61	63	
1545	22	46	47	50	50	51	52	54	54	55	57	91	
1546	48	50	52	82	87	88	92	99	
1547	51	
1550	12	25	
1551	8	11	14	98	
1552	4	6	9	10	11	12	14	15	15	
1553	13	15	16	17	18	18	20	22	23	25	57	58	83	
1554	18	22	35	52	53	54	55	55	56	56	57	58	58	59	61	64	
1555	46	48	50	50	51	52	53	53	54	55	60	
1556	49	51	54	68	
1557	49	
1561	71	71	72	72	
1566	18	
1568	8	13	
1569	10	12	14	15	17	
1570	6	9	11	12	14	15	16	17	18	19	19	21	24	
1571	15	17	18	19	20	21	22	24	57	58	62	
1572	21	22	24	52	53	54	55	56	57	58	60	61	66	
1573	34	44	46	47	48	48	49	50	51	54	55	56	58	61	
1574	44	46	48	49	50	52	54	84	
1575	44	50	
1576	5	9	11	13	18	24	27	85	103	
1577	5	8	10	11	12	13	14	15	16	23	57	58	
1578	1	15	16	17	18	19	19	20	21	24	34	52	53	55	56	57	59	60	73	
1579	23	46	48	50	51	52	53	54	55	56	58	91	
1580	49	50	52	87	92	
1581	48	
1585	11	17	
1586	8	9	10	11	12	14	14	15	16	18	
1587	2	8	12	13	14	15	15	16	16	17	19	20	21	24	26	33	57	61	
1588	18	20	21	22	35	51	52	53	55	56	57	58	60	61	
1589	47	49	49	50	51	52	53	54	55	59	93	
1590	48	50	52	
1591	49	60	
1592	24	59	
1593	55	62	62	63	
1601	44	
1602	10	15	
1603	7	9	10	11	13	14	15	21	
1604	11	12	13	15	17	21	24	
1605	16	18	21	22	24	93	
1606	18	51	52	54	55	56	57	58	60	62	
1607	48	50	51	52	53	53	54	55	56	58	58	61	
1608	49	50	51	54	56	
1609	50	53	
1610	9	15	86	
1611	5	7	9	10	11	12	14	14	15	16	19	26	
1612	15	16	17	18	19	20	21	23	23	25	34	53	55	55	56	57	58	58	60	62	
1613	22	46	48	49	50	51	52	53	54	57	60	
1614	45	46	49	50	
1615	88	
1619	12	13	
1620	5	6	8	9	11	12	13	14	15	17	19	20	
1621	2	8	12	16	17	18	19	20	21	24	56	57	58	62	
1622	17	18	21	23	51	52	52	55	56	57	58	60	
1623	48	48	49	50	51	52	53	55	60	90	
1624	50	
1627	23	
1636	11	
1637	9	12	13	15	
1638	7	9	11	12	14	15	16	90	94	101	
1639	12	13	15	16	16	18	18	19	87	89	91	95	101	
1640	17	20	35	53	55	56	58	59	61	
1641	50	51	52	54	55	56	93	97	
1642	49	51	53	90	92	
1643	10	54	
1644	5	9	14	
1645	5	6	8	10	11	12	13	14	15	16	19	
1646	16	17	17	18	19	20	21	23	24	53	56	57	58	59	61	
1647	21	23	46	48	50	51	51	52	53	54	55	56	
1648	46	49	50	55	
1649	49	89	
1650	62	
1652	92	
1653	5	10	15	16	
1654	7	9	10	11	12	13	14	15	17	19	21	
1655	7	13	16	17	18	18	19	20	22	22	25	57	60	63	
1656	18	22	23	32	51	52	53	54	55	57	59	61	
1657	48	49	50	51	54	59	85	87	91	96	
1658	49	53	59	
1659	55	
1670	88	
1671	9	18	
1672	5	6	9	10	11	12	14	19	83	83	85	88	101	
1673	7	11	12	13	15	16	16	17	19	20	22	24	56	57	62	81	83	83	84	86	89	
1674	22	52	53	54	55	56	59	
1675	46	49	50	51	53	53	54	57	87	90	92	96	
1676	22	48	86	89	92	99	
1677	83	
1678	9	13	14	20	
1679	7	9	11	12	14	14	15	16	17	19	23	27	58	
1680	13	16	16	17	19	20	21	24	52	53	55	55	56	57	57	59	61	85	
1681	22	32	46	47	49	50	51	51	53	54	56	59	
1682	47	48	49	54	97	
1684	28	
1687	8	11	20	24	
1688	4	6	9	10	11	13	13	14	15	16	18	19	24	
1689	1	12	16	17	18	19	20	21	22	25	36	56	57	58	59	62	
1690	21	22	23	48	50	51	52	54	55	56	59	62	
1691	49	51	54	86	90	91	94	
1692	55	86	90	96	
1693	58	
1705	6	8	13	
1706	6	9	10	12	13	13	14	15	16	18	18	19	24	28	102	
1707	5	12	15	16	17	17	18	19	20	21	56	57	58	59	61	
1708	21	21	23	33	50	51	52	53	54	55	56	60	
1709	48	49	50	52	53	61	81	83	85	86	89	92	
1710	49	53	83	87	89	
1712	10	58	
1713	5	6	8	10	11	12	13	14	15	18	57	
1714	2	16	16	17	19	20	21	24	34	37	52	53	56	57	58	58	59	61	
1715	21	22	45	47	50	51	51	52	53	54	57	60	
1716	44	45	46	47	48	48	49	50	52	54	
1717	45	
1718	45	54	
1720	10	27	
1721	10	12	14	15	16	18	
1722	8	10	11	12	15	16	16	17	18	19	20	22	25	45	58	
1723	2	21	23	23	25	26	52	56	59	61	
1724	22	49	50	51	51	51	52	53	54	55	62	90	91	92	95	
1725	49	55	82	84	86	88	91	96	
1726	84	
1728	16	16	
1733	66	
1737	14	
1738	13	47	
1739	10	
1740	3	8	9	10	11	12	13	14	15	16	18	54	
1741	13	16	17	19	20	21	25	56	57	58	59	61	
1742	11	18	22	23	47	50	51	52	53	54	55	56	58	60	91	94	
1743	49	51	53	86	90	92	
1744	49	85	
1745	96	
1746	9	14	
1747	4	7	10	11	12	14	14	15	16	18	21	24	
1748	12	13	15	16	17	19	20	21	25	56	57	58	60	61	86	86	87	88	92	
1749	18	20	22	23	51	52	53	54	55	55	57	58	59	60	64	
1750	32	37	43	43	45	46	47	50	51	52	54	55	60	65	
1751	45	46	47	48	49	53	56	
1752	46	50	66	
1753	46	
1754	11	18	44	
1755	7	8	10	11	13	14	16	19	20	26	42	44	70	80	
1756	5	6	12	15	17	18	18	19	20	20	22	23	25	26	35	56	57	69	
1757	21	22	23	51	52	53	54	54	55	56	57	58	62	63	
1758	49	50	52	54	55	57	85	86	87	89	90	92	94	97	100	
1759	85	88	89	94	105	
1760	58	
1762	15	
1764	7	
1772	10	
1773	10	14	
1774	5	7	9	11	12	13	15	21	
1775	15	17	19	21	25	56	57	59	61	
1776	18	23	48	50	51	52	52	54	55	92	97	
1777	47	49	53	55	56	86	88	91	101	
1780	9	14	93	
1781	4	8	10	11	13	14	16	18	
1782	7	12	20	83	86	89	93	96	
1783	16	17	18	19	21	23	52	55	57	58	58	60	62	
1784	31	52	53	53	54	55	56	57	59	62	66	
1785	43	43	45	46	47	48	48	49	50	51	54	56	
1786	40	44	46	48	49	50	53	58	68	
1787	13	16	19	42	43	47	50	
1788	9	10	15	17	19	21	42	44	47	49	66	
1789	6	10	12	13	13	14	15	15	17	17	18	19	20	23	34	58	
1790	17	18	21	22	24	26	53	55	56	60	62	
1791	51	52	54	55	59	88	92	93	97	
1792	18	53	56	83	84	85	87	89	90	94	
1793	84	
1798	3	4	
1807	8	
1808	5	10	12	14	15	26	55	
1809	8	13	15	17	19	55	56	57	59	60	82	84	86	88	93	99	
1810	18	20	22	48	51	53	54	55	56	59	85	89	
1811	47	49	50	59	85	89	
1812	91	
1813	14	98	
1815	5	8	10	13	
1816	6	10	11	12	13	14	15	21	85	90	
1817	12	15	17	19	21	58	62	85	87	90	92	94	96	
1818	16	17	21	21	34	53	54	55	55	56	58	59	62	
1819	43	48	50	51	54	56	58	60	
1820	24	44	45	47	49	50	54	56	64	68	
1821	19	21	24	45	49	64	
1822	7	10	12	13	15	19	20	22	23	26	43	45	49	57	70	
1823	7	20	22	23	25	56	61	
1824	52	54	55	57	58	92	97	
1825	53	55	82	85	86	86	87	89	90	92	95	102	
1826	85	88	88	91	91	94	101	
1828	3	
1841	11	
1842	8	10	13	13	15	
1843	12	14	15	16	17	18	20	33	56	57	60	84	
1844	21	22	51	52	59	84	
1845	49	51	53	56	84	103	
1846	50	
1848	45	
1849	10	
1850	8	10	12	14	15	83	86	89	94	98	
1851	6	10	11	12	13	14	15	18	19	83	83	84	86	89	91	93	96	
1852	21	87	90	91	92	93	95	96	
1853	16	88	93	
1855	25	
1856	24	52	57	58	
1857	25	52	54	91	92	97	
1858	52	53	86	87	88	89	90	91	94	95	
1859	21	60	81	82	83	84	86	87	89	92	101	
1860	84	87	
1861	93	
1862	86	
1875	7	
1876	8	8	10	12	14	
1877	12	13	15	17	22	24	57	
1878	22	52	54	55	59	63	92	97	
1879	50	
1880	54	
1884	5	9	86	
1885	8	12	13	83	84	86	89	95	
1886	6	10	11	13	15	81	82	83	84	85	86	87	88	90	91	94	97	99	
1887	10	86	87	89	90	92	94	96	100	
1888	87	88	91	92	96	
1889	87	90	91	92	94	95	
1890	52	55	86	87	91	92	95	98	
1891	55	83	85	86	88	89	90	91	94	97	
1892	81	82	83	84	86	88	91	93	
1893	82	85	
1908	14	
1910	12	13	
1911	8	87	89	
1912	54	85	86	90	92	94	97	
1913	91	97	
1919	10	89	
1920	84	85	89	95	
1921	12	81	82	84	85	86	88	90	92	95	99	
1922	81	82	84	85	86	86	89	90	94	99	
1923	81	82	83	84	84	85	86	88	88	89	91	93	97	98	
1924	81	82	83	85	87	88	90	94	
1925	81	83	84	85	88	91	
1926	84	89	
1928	99	
1944	96	98	
1945	99	
1946	82	84	86	88	92	95	
1947	87	
1951	64	
1953	14	
1954	83	86	
1955	83	86	88	
1956	82	83	86	88	95	101	
1957	84	87	98	
1958	84	88	103	
1959	85	
1979	91	
1980	83	86	90	
1981	96	
1991	88	
1992	84	93	
1993	88	
1994	92	
2007	11	
2009	69	
2020	41	
2022	14	
2030	1	
2048	54	
2057	64	
2088	92	
2097	58	
2101	79	
2174	91	
2197	1	
2215	9	
2217	24	
2255	8	
2256	11	
2259	11	14	
