48	1	
84	69	70	
116	59	
118	77	
146	31	
181	25	
189	87	91	97	
190	86	88	89	91	92	95	
191	87	91	
222	46	
223	9	82	85	87	88	91	94	
224	9	12	80	81	82	83	85	86	87	89	90	93	95	
225	16	81	85	86	89	90	93	96	
226	17	18	
252	88	
253	92	
254	56	57	
255	35	48	50	51	52	53	55	56	59	
256	37	42	45	46	47	49	50	51	54	
257	46	48	79	83	
258	6	9	10	14	79	80	81	82	84	88	90	
259	7	11	12	13	14	15	16	18	79	80	81	82	84	86	89	92	
260	16	16	17	20	
284	92	
285	88	92	
286	86	87	89	91	93	93	
287	82	83	85	87	88	90	91	97	
288	17	92	
289	35	51	52	52	54	54	55	56	57	59	
290	45	47	48	49	49	50	51	51	52	53	54	56	58	
291	33	39	42	43	44	45	46	46	47	48	49	49	78	
292	8	10	11	13	80	
293	7	10	11	12	12	13	14	15	19	79	81	84	90	
294	16	17	19	20	22	24	81	83	86	88	89	92	97	
295	17	19	
317	83	86	87	90	92	98	
318	83	85	87	88	89	90	91	92	96	
319	82	83	84	85	87	89	90	92	94	
320	11	80	81	82	83	83	84	86	87	88	89	91	96	99	
321	7	9	11	15	80	81	82	83	84	85	86	88	90	93	93	
322	13	16	17	81	83	84	86	88	89	90	92	99	
323	16	17	18	55	
324	35	49	50	51	52	53	53	54	55	56	56	57	58	60	62	
325	41	44	45	46	47	48	49	49	50	51	60	
326	5	8	10	39	43	44	45	46	48	49	
327	3	6	8	10	11	12	14	15	23	81	
328	11	12	13	15	16	17	19	80	81	83	83	85	86	90	96	
329	16	17	18	19	21	87	
349	87	90	92	95	
350	83	85	86	87	89	90	91	93	94	
351	80	81	82	84	85	87	88	89	91	95	
352	38	80	81	83	84	85	86	88	90	95	
353	36	47	78	80	81	82	84	85	88	96	101	
354	9	43	46	79	80	84	
355	9	10	14	80	80	82	84	88	99	
356	3	7	10	11	12	13	14	15	16	18	80	82	83	84	86	91	
357	16	17	19	21	82	86	89	
358	18	52	55	57	58	60	
359	34	37	47	48	49	50	51	52	53	54	55	56	59	60	
360	43	44	45	45	46	47	48	49	49	50	
361	8	9	11	14	46	
362	2	7	11	12	13	13	14	15	16	18	81	82	85	91	
363	16	16	17	18	19	20	21	24	
380	57	
381	50	52	
382	46	48	52	57	
383	51	80	81	84	85	87	88	90	94	
384	52	78	79	80	81	83	84	84	85	86	88	89	91	97	98	
385	38	40	78	79	80	81	82	83	84	85	88	94	
386	10	16	16	17	19	41	43	56	58	79	80	
387	7	18	19	20	26	42	44	46	48	48	51	52	53	56	61	65	79	
388	18	21	22	23	39	43	44	45	46	46	47	48	49	50	
389	5	8	9	11	
390	2	4	6	9	10	12	13	13	14	15	80	82	85	90	95	100	
391	12	14	15	16	17	17	19	21	23	81	85	87	90	93	
392	17	18	20	56	58	
393	48	50	51	52	53	54	55	56	59	
394	41	44	45	46	46	47	49	49	50	51	53	
395	5	8	9	13	44	46	48	
396	4	6	10	11	12	13	14	15	98	
397	15	16	17	19	20	21	24	81	86	88	95	
398	17	
414	56	57	
415	51	52	53	53	54	56	57	58	60	
416	42	45	46	47	48	49	50	51	53	60	
417	48	80	83	
418	9	79	80	81	84	89	
419	7	10	11	13	13	14	15	16	19	80	
420	14	16	17	17	18	19	20	20	22	24	45	58	65	
421	20	21	22	24	35	48	50	51	52	52	53	54	55	55	56	57	59	61	63	
422	23	25	38	39	42	44	45	46	46	47	48	49	49	50	51	
423	4	9	32	43	44	45	46	47	48	49	
424	4	7	9	10	11	12	14	14	15	
425	7	11	12	13	13	14	15	16	17	19	20	80	82	83	85	90	92	93	
426	16	17	18	19	20	56	
427	38	50	51	52	53	53	54	55	56	57	60	
428	34	45	46	47	48	49	50	50	52	
429	9	44	48	
430	4	6	7	9	10	12	14	14	84	
431	8	12	13	14	15	16	17	19	20	81	
432	17	18	19	21	23	
436	89	
449	35	51	52	52	53	54	54	55	56	57	58	61	
450	37	38	43	45	46	47	47	48	48	49	50	50	51	54	55	61	
451	44	45	45	46	47	49	78	
452	3	6	8	9	10	13	80	
453	5	7	10	11	12	13	14	14	15	15	16	18	19	20	24	
454	13	16	17	17	19	20	21	22	24	57	
455	21	23	51	52	53	54	54	55	56	57	57	60	
456	46	47	48	48	49	50	51	52	53	54	59	62	
457	38	42	44	45	46	46	47	48	49	
458	4	8	10	11	13	
459	7	11	12	13	13	14	15	18	23	80	81	84	86	89	92	
460	16	17	19	20	56	57	82	85	87	89	91	96	
461	18	51	51	52	54	55	56	57	59	92	
462	34	46	47	48	49	50	51	53	
463	9	44	45	
464	7	9	10	11	12	14	14	
465	3	12	13	15	16	17	17	19	20	24	71	
466	17	18	21	22	
468	46	
470	55	
482	58	
483	51	52	53	54	55	55	56	56	57	61	
484	46	47	48	49	50	51	51	52	53	53	54	55	59	62	
485	44	45	45	46	47	48	49	49	50	
486	7	8	10	13	43	
487	5	7	11	12	12	13	14	15	15	16	18	25	
488	16	17	18	19	20	21	22	23	
489	56	57	
490	34	51	51	52	53	53	54	55	55	56	58	60	
491	37	40	43	45	46	47	48	48	49	50	50	
492	5	10	44	45	46	48	
493	4	8	9	10	11	13	14	15	15	82	
494	6	12	15	16	19	23	80	82	83	84	85	87	89	91	94	
495	35	51	52	52	54	55	56	57	58	83	85	86	87	89	90	92	97	
496	49	50	51	53	86	88	90	92	
497	45	82	87	90	93	98	
498	3	6	8	9	10	11	12	13	14	15	16	18	
499	12	15	16	17	17	19	20	20	24	
500	18	20	21	23	
502	44	44	
517	52	53	56	58	60	
518	35	48	50	51	51	52	53	54	54	55	60	
519	42	44	45	46	47	48	49	50	53	
520	9	10	13	44	
521	3	6	8	10	11	12	12	14	15	15	16	18	25	
522	16	17	18	19	20	21	22	23	25	
523	58	
524	51	52	53	53	54	55	55	56	57	63	
525	33	37	43	47	48	49	50	50	51	52	53	54	56	58	61	
526	36	41	43	44	45	45	46	46	47	48	49	50	
527	5	11	26	33	40	44	46	47	
528	7	9	11	12	15	79	80	81	84	99	
529	79	80	81	82	83	84	85	86	89	93	
530	47	53	81	82	83	83	85	86	89	93	97	98	
531	9	13	67	80	82	84	85	90	
532	6	8	10	11	12	12	13	14	15	16	17	18	23	26	
533	1	12	16	17	17	18	19	20	21	
534	21	22	
550	57	
551	52	55	55	56	57	
552	46	47	49	50	51	52	53	54	55	56	59	61	
553	45	47	48	49	50	96	
554	5	8	9	10	13	
555	6	10	11	12	12	13	14	15	15	16	18	19	23	
556	16	17	18	19	20	20	21	24	
557	18	22	
558	53	55	
559	51	52	54	54	55	56	58	61	
560	45	47	50	50	51	52	53	54	56	57	58	59	
561	5	33	34	37	39	43	44	45	46	47	47	48	49	50	51	53	57	
562	3	38	40	42	44	45	46	47	48	56	57	
563	8	19	22	35	36	40	43	43	44	47	48	49	55	61	79	80	99	
564	16	18	20	26	35	39	41	46	48	50	53	80	81	
565	9	10	13	16	18	20	39	43	44	45	64	67	78	80	
566	7	10	11	12	14	15	15	17	18	19	20	21	23	
567	15	17	19	20	21	22	24	
568	22	
584	57	
585	51	52	53	54	55	56	57	60	
586	46	47	48	48	49	50	51	52	53	53	54	55	60	
587	43	45	46	49	80	84	88	95	
588	8	9	81	89	
589	2	7	10	11	11	12	13	13	14	15	15	16	17	19	24	
590	16	17	17	18	19	20	20	21	22	25	
591	23	
593	55	
594	53	54	55	63	
595	34	50	52	54	55	61	
596	25	33	43	45	50	53	57	60	65	
597	22	24	25	26	44	45	48	53	55	62	64	
598	20	22	24	44	45	49	65	
599	8	20	22	23	25	44	63	
600	12	15	21	22	24	25	28	
601	21	23	24	
609	100	101	102	
618	57	
619	34	36	48	51	52	53	54	55	55	56	58	60	
620	30	36	38	41	44	45	46	47	48	49	50	51	52	53	55	58	
621	32	38	41	43	45	46	47	49	50	79	
622	5	6	10	11	12	13	14	44	66	79	
623	5	6	8	11	12	13	14	15	15	16	18	19	19	21	23	25	
624	18	20	21	22	24	
633	25	
653	51	52	54	55	55	57	59	62	
654	43	50	51	54	55	60	
655	43	44	45	48	65	
656	8	14	19	24	45	
657	3	12	20	21	23	23	24	
658	22	25	
688	55	
690	25	
691	2	
1158	87	
1163	26	
1167	54	
1168	9	87	
1175	94	
1183	42	
1184	62	
1187	57	
1191	30	
1206	9	
1211	62	
1217	100	
1239	41	67	67	
1243	87	
1245	50	
1248	84	
1259	92	
1274	73	
1279	40	
1283	100	
1285	92	
1301	34	34	
1303	28	
1304	34	
1305	55	
1311	39	
1313	46	
1319	42	
1335	31	
1336	39	
1337	20	
1343	40	
1344	18	36	
1345	17	37	40	44	66	
1346	23	44	48	
1347	46	
1348	44	46	59	
1363	24	
1365	6	
1377	13	
1378	14	16	18	56	58	
1379	16	17	19	21	25	41	45	51	56	63	72	
1380	17	18	21	23	24	40	44	45	46	47	49	51	53	56	59	67	
1381	43	47	48	50	
1383	40	
1385	83	
1403	22	
1404	68	
1406	38	
1407	36	
1411	9	14	74	
1412	8	9	10	12	14	16	18	58	
1413	13	16	17	18	20	23	25	35	37	37	52	54	55	56	57	58	60	93	
1414	16	17	21	22	24	26	33	42	47	49	50	51	52	53	54	60	
1415	22	44	45	46	47	48	49	51	58	
1416	44	59	
1417	52	
1420	61	
1434	37	
1438	67	
1439	37	46	
1440	16	29	
1441	17	21	37	38	
1442	18	18	20	38	42	44	47	52	58	
1443	20	45	46	48	
1444	44	47	
1445	12	13	
1446	4	7	9	10	11	14	
1447	7	11	12	13	14	15	16	17	20	25	53	55	55	56	56	58	61	82	87	90	
1448	16	17	20	35	37	48	50	51	51	52	53	54	55	56	58	60	86	88	91	93	
1449	18	42	44	45	46	46	48	50	51	
1450	40	45	47	50	
1456	72	
1466	36	
1469	37	
1470	24	101	
1471	16	
1472	19	39	44	
1473	13	16	21	37	39	48	68	
1474	16	18	19	41	43	46	67	
1475	12	15	16	18	18	19	21	42	45	48	57	
1476	17	19	20	21	24	33	36	42	45	47	50	52	53	53	55	56	57	58	62	64	68	
1477	21	22	23	40	43	44	45	46	47	48	48	49	51	
1478	43	45	46	49	64	
1479	46	
1480	9	13	15	
1481	7	10	11	12	13	14	55	58	81	84	
1482	15	17	18	22	51	52	54	55	57	60	81	82	83	83	84	86	90	98	
1483	15	16	17	23	41	45	47	49	49	50	51	53	55	
1484	41	43	45	46	47	48	49	
1491	71	
1504	15	36	39	
1505	16	17	19	37	41	44	46	
1506	11	15	16	17	19	20	35	40	45	46	66	68	
1507	12	15	17	19	20	22	44	47	
1508	9	13	14	20	21	23	25	43	
1509	14	20	21	23	24	58	92	
1510	21	22	24	52	53	54	55	56	57	60	87	93	
1511	21	23	25	34	36	41	45	48	49	50	51	51	53	54	55	56	58	59	
1512	43	43	45	46	47	48	49	50	52	56	
1513	46	51	
1514	9	
1515	8	10	13	14	18	87	
1516	6	10	11	12	13	14	15	16	18	52	53	54	55	55	56	57	80	81	85	92	96	
1517	13	16	17	18	19	20	50	51	52	54	55	56	58	61	82	85	92	97	
1518	41	43	45	46	46	48	49	51	53	58	
1519	45	46	49	53	
1520	42	
1528	10	
1537	11	
1538	11	13	13	15	18	
1539	11	14	16	17	18	20	22	24	40	67	70	
1540	11	15	16	17	20	21	23	23	25	44	
1541	15	21	22	24	25	
1542	24	51	83	83	87	90	92	94	97	
1543	8	82	86	87	89	90	91	96	
1544	12	14	53	55	56	57	82	85	86	89	92	96	
1545	16	18	19	50	50	51	52	53	53	54	55	56	60	90	92	98	98	
1546	18	40	44	46	48	48	49	50	51	58	
1547	44	47	49	51	54	
1549	10	14	
1550	7	9	10	11	14	15	16	19	56	57	84	
1551	13	15	16	17	19	20	50	51	52	53	53	54	56	59	83	85	
1552	18	21	22	33	39	44	45	46	47	48	49	50	51	53	57	59	
1553	44	47	49	
1554	56	
1556	18	
1559	51	
1560	50	
1570	45	
1571	10	16	
1572	8	9	10	11	13	13	14	15	
1573	11	12	14	15	16	17	19	20	22	36	56	
1574	18	20	21	23	24	48	51	52	
1575	22	47	49	51	91	
1576	50	80	82	83	84	87	90	
1577	10	79	80	81	83	83	85	88	
1578	10	11	12	14	15	57	79	80	81	83	83	85	90	
1579	12	13	16	17	18	20	34	51	52	53	54	55	56	57	58	62	80	82	83	84	86	88	90	91	98	98	
1580	17	21	36	39	47	47	50	51	52	53	54	60	
1581	37	44	45	46	47	48	49	50	53	
1582	45	46	
1583	10	15	24	
1584	5	7	9	10	11	12	14	15	16	57	
1585	8	12	13	15	16	17	18	19	20	23	53	54	55	56	59	73	97	
1586	17	17	18	21	45	46	47	49	50	51	52	53	55	59	
1587	16	44	45	46	48	50	
1588	57	
1592	58	
1593	58	59	
1596	67	
1603	68	
1605	9	
1606	4	6	9	10	11	12	14	15	
1607	7	11	12	13	14	15	17	18	21	52	52	54	55	56	57	59	82	87	89	96	
1608	17	17	20	22	42	48	49	50	51	51	53	55	56	59	
1609	45	46	47	49	50	51	54	90	
1610	44	47	79	83	85	
1611	78	81	100	
1612	5	6	8	10	12	14	80	89	
1613	6	11	12	13	14	15	16	18	52	53	55	56	58	80	82	84	89	94	
1614	16	17	20	23	47	47	50	51	52	53	55	57	59	83	88	91	92	
1615	31	39	43	45	46	47	48	49	52	54	63	
1616	38	43	48	50	
1617	12	52	
1618	4	7	9	10	11	12	13	14	18	25	56	58	86	
1619	8	12	16	17	19	20	25	26	51	52	53	54	55	56	
1620	18	23	43	45	46	48	49	50	51	54	60	
1621	46	49	53	59	94	
1626	54	54	
1635	69	
1639	6	
1640	7	9	11	14	
1641	7	10	11	11	12	14	15	16	18	23	52	53	55	56	57	58	59	81	85	96	
1642	16	17	19	19	21	42	47	47	50	51	52	53	53	60	81	86	
1643	41	44	45	46	48	48	49	51	
1644	37	
1645	12	98	
1646	8	11	15	53	82	
1647	6	10	11	12	13	14	15	16	56	58	80	84	
1648	13	15	16	18	19	21	34	51	52	53	54	54	55	57	60	81	82	84	86	88	90	92	94	
1649	17	30	35	36	39	43	47	47	48	49	50	51	54	56	60	92	
1650	37	40	43	44	45	46	47	48	49	53	
1651	10	14	26	40	48	
1652	6	9	10	12	14	15	20	39	57	
1653	7	12	13	15	16	17	18	18	19	20	22	23	26	48	52	53	54	55	56	58	61	
1654	17	22	42	45	46	47	48	49	49	50	52	53	55	58	
1655	47	50	88	88	
1657	42	42	42	69	96	
1658	43	
1671	65	
1674	8	9	12	13	17	19	
1675	2	5	6	8	10	10	11	12	14	14	16	17	23	53	55	56	
1676	13	15	16	17	18	19	20	21	43	47	48	50	50	51	52	53	54	55	58	68	82	
1677	18	23	45	46	47	49	50	
1678	44	50	
1679	65	
1681	8	10	12	14	88	89	
1682	8	11	12	13	13	14	15	16	19	52	55	55	80	82	84	85	90	94	
1683	17	19	51	52	53	54	56	59	62	81	82	85	87	89	90	91	95	
1684	16	17	45	49	50	54	58	93	
1685	9	43	44	45	48	63	
1686	11	12	14	15	20	23	25	26	56	57	
1687	21	23	23	50	51	52	53	54	55	58	61	92	
1688	22	47	49	50	51	52	87	92	
1689	50	85	
1694	16	
1695	17	
1701	2	
1705	87	
1707	28	
1708	9	11	13	14	16	
1709	4	7	11	12	14	15	16	19	52	53	55	55	56	57	59	70	
1710	15	16	17	18	18	19	20	21	23	25	43	47	48	52	54	55	56	63	72	
1711	45	46	49	50	53	55	92	
1712	44	48	90	
1713	50	
1715	4	6	101	
1716	5	6	10	13	13	80	83	90	
1717	8	10	11	14	15	17	80	81	82	83	85	88	91	94	
1718	54	81	82	83	84	85	86	87	89	90	91	95	
1719	83	85	86	87	89	90	92	94	
1720	52	53	86	87	88	90	92	
1721	50	50	51	52	53	54	56	58	82	86	87	89	90	91	93	94	
1722	52	82	83	85	86	87	88	89	90	92	94	
1723	84	88	89	
1725	31	
1736	35	
1741	11	13	23	
1742	6	8	10	11	13	14	16	18	
1743	5	6	11	12	14	15	15	16	17	19	20	25	52	53	55	55	56	56	58	60	
1744	17	18	20	21	23	23	47	47	50	51	52	54	
1745	45	47	48	49	52	53	86	88	89	92	
1748	93	
1749	13	15	
1750	84	
1751	5	10	80	83	92	
1752	12	15	79	80	81	84	87	90	94	
1753	80	81	82	83	84	86	89	94	98	
1754	81	82	84	85	87	90	97	98	
1755	80	81	81	83	83	84	85	88	88	90	99	
1756	79	80	81	83	84	87	88	90	98	
1757	81	84	
1775	10	13	
1776	6	9	10	11	13	14	17	19	
1777	7	12	13	15	20	52	53	54	55	88	91	
1778	23	48	49	50	51	54	55	59	83	86	87	88	89	90	91	97	
1779	49	55	82	84	85	87	89	92	96	
1780	83	90	95	
1786	16	84	
1787	78	80	85	
1788	80	83	84	92	
1789	78	80	82	100	
1790	78	80	
1808	9	
1810	7	8	8	11	13	
1811	80	82	84	87	99	
1812	55	80	80	81	82	83	84	85	87	89	92	94	
1813	80	81	83	84	86	89	
1817	63	
1820	84	
1821	93	
1822	88	
1824	88	
1827	90	
1845	80	83	94	99	
1846	79	80	81	86	
1847	81	83	90	
1864	32	
1872	93	
1873	53	
1880	94	
1884	45	
1891	99	
1894	77	
1896	30	
1897	31	
1913	88	
1931	58	
1937	84	
1939	37	
1943	101	
1950	99	
1953	30	
1954	4	
1959	23	
1975	60	
1977	52	
1979	50	
1982	99	
2008	60	
2044	54	
2045	63	
2063	22	
2086	8	
2112	44	
2123	22	32	
2130	84	
2171	17	
2178	91	
2182	94	
2218	93	
2253	8	
2262	3	
