14	101	
146	29	
215	92	
216	93	
220	99	
228	82	86	90	94	
229	90	92	97	
230	16	
248	87	96	
249	81	83	85	87	88	89	91	95	98	100	
250	82	84	86	87	88	89	90	91	95	98	
251	83	86	87	89	91	92	96	
252	16	88	93	
259	56	58	
260	36	48	51	54	
261	44	47	
262	7	81	
263	6	12	15	81	82	84	85	87	90	96	
264	13	16	83	86	87	89	90	92	93	97	
265	16	18	88	90	93	
279	56	
280	51	52	54	
281	49	51	87	90	92	94	97	
282	81	82	85	86	87	89	90	92	93	96	
283	79	80	82	83	84	85	86	88	88	89	91	94	98	
284	8	11	14	79	80	81	81	82	83	84	85	86	87	89	90	91	93	96	
285	8	12	15	16	80	81	82	84	86	87	88	89	90	92	95	97	100	
286	82	84	85	86	87	89	90	91	93	95	
287	82	83	86	87	89	90	91	93	93	96	
288	85	87	88	90	91	93	96	98	
289	82	86	87	89	91	94	97	
290	87	90	92	97	
291	88	91	93	
292	88	
294	50	51	53	55	56	58	
295	36	41	45	47	49	50	53	
296	43	48	
297	8	12	13	79	80	84	89	
298	6	10	12	14	79	80	81	82	84	85	86	88	90	92	96	
299	12	16	17	18	81	84	86	88	89	91	98	
300	16	17	
312	56	
313	37	47	51	52	56	
314	49	51	52	55	57	
315	48	50	51	53	80	81	83	84	86	88	90	96	
316	77	79	80	81	82	83	85	86	87	88	90	92	97	98	
317	13	79	80	81	84	86	95	
318	5	7	9	78	79	80	81	83	85	88	96	100	
319	6	8	11	13	14	78	79	80	81	84	85	90	97	
320	12	15	79	80	80	81	82	83	84	85	86	88	88	89	91	96	98	
321	80	81	82	83	84	85	86	87	88	89	91	96	99	
322	7	80	81	82	83	85	86	87	88	88	90	91	96	
323	7	10	14	80	81	81	82	84	85	86	87	88	89	90	92	93	97	
324	14	16	81	82	84	85	86	87	88	90	91	95	97	
325	14	16	81	82	84	85	86	87	88	89	90	92	95	97	99	
326	82	86	87	88	89	90	92	93	96	
327	16	87	90	92	96	
328	52	53	55	56	57	
329	34	37	46	47	48	50	50	51	52	54	56	57	59	
330	42	43	44	45	46	47	48	49	
331	5	
332	7	10	11	12	14	79	80	82	85	88	
333	6	8	10	11	13	13	14	15	16	18	80	81	83	85	90	92	94	
334	16	17	17	18	19	21	
346	52	55	56	58	
347	36	42	46	47	49	50	51	51	53	54	56	
348	33	40	44	45	46	47	48	50	52	53	
349	49	79	80	83	
350	52	79	80	81	84	
351	79	82	84	93	
353	79	80	84	
354	12	17	79	79	80	82	83	85	
355	19	79	80	81	82	84	85	93	
356	7	18	79	80	81	82	83	84	86	93	
357	6	12	78	79	80	81	82	84	85	89	
358	8	9	13	17	79	80	81	82	83	84	86	89	95	
359	9	12	16	19	80	81	82	83	84	86	89	95	
360	9	11	13	15	81	82	83	85	86	88	89	90	94	99	
361	11	13	16	81	82	83	85	86	87	88	89	91	93	94	97	101	
362	16	17	56	85	87	90	91	95	
363	33	37	48	49	50	51	51	52	53	54	55	57	58	
364	45	45	46	47	49	49	50	51	93	
365	44	49	87	89	97	
366	4	9	10	12	13	14	15	80	88	95	
367	6	8	11	12	12	14	14	15	15	16	16	18	19	19	20	69	78	80	84	88	
368	13	17	17	18	19	20	21	22	25	
369	22	
380	52	53	54	55	57	
381	33	47	49	50	51	51	52	53	54	54	56	57	58	61	
382	34	37	40	42	44	45	46	46	47	48	48	49	49	50	55	60	
383	43	44	45	46	49	
384	43	47	58	
386	16	
387	16	37	40	68	
388	17	18	19	20	23	23	38	40	43	44	46	47	48	60	68	
389	18	18	19	20	33	41	45	46	48	57	59	66	
390	17	18	19	21	23	29	40	42	44	46	47	56	57	59	78	80	
391	17	18	19	20	22	29	39	42	44	46	47	49	57	59	67	69	78	79	
392	19	20	21	22	39	41	43	43	46	47	48	49	66	78	80	
393	5	21	27	39	46	78	79	83	
394	7	8	10	14	79	80	81	83	84	98	
395	6	10	11	12	14	80	81	82	84	85	86	89	100	
396	8	13	17	55	82	84	85	86	88	88	90	92	93	97	98	
397	48	50	51	51	52	54	54	55	58	86	87	89	91	93	94	97	
398	49	50	53	60	84	86	87	89	91	93	97	
399	45	81	83	86	89	93	
400	3	9	10	12	13	14	87	
401	6	8	10	11	12	13	14	15	15	16	17	18	18	19	19	20	25	69	79	
402	3	17	18	19	20	21	22	23	24	
403	22	
415	52	52	53	54	55	56	57	57	58	61	
416	34	41	45	46	47	48	49	49	50	51	51	52	53	54	55	57	59	
417	32	42	44	45	45	46	48	48	49	56	
418	40	
420	9	11	66	
421	11	12	14	15	16	17	18	18	21	43	64	67	
422	15	16	17	17	18	19	19	20	21	22	24	39	43	45	46	48	50	59	63	68	
423	15	20	21	22	23	24	25	26	29	43	44	45	50	62	63	
424	19	21	22	23	25	29	43	45	50	56	60	65	
425	21	22	24	30	35	42	45	47	49	50	51	54	55	56	58	58	61	64	71	
426	21	22	23	24	25	28	33	39	42	44	45	46	47	48	48	49	50	52	53	54	57	60	
427	23	25	37	40	42	43	44	45	46	47	49	
428	43	46	49	
429	8	9	11	79	80	84	99	
430	7	12	13	15	53	79	80	82	83	84	86	89	100	
431	52	53	55	80	81	82	83	84	85	86	87	89	90	96	
432	80	82	83	83	84	85	86	88	88	89	91	96	
433	14	80	82	85	88	93	94	
434	4	7	9	10	11	12	13	14	15	16	19	68	69	
435	5	7	11	12	14	15	15	16	17	18	18	19	20	21	23	24	27	
436	17	18	19	20	21	22	25	26	
438	64	65	
439	76	76	
449	52	53	54	55	56	57	58	
450	35	37	40	46	47	48	49	49	50	51	51	53	54	54	55	58	
451	44	45	45	46	48	49	
452	45	48	
453	11	
454	8	9	10	12	13	14	16	17	18	19	24	63	71	
455	4	6	10	11	12	14	15	16	17	17	18	19	19	20	21	24	68	
456	17	19	20	21	22	23	24	24	27	
457	21	22	24	
458	25	
459	25	51	53	55	57	
460	35	47	50	51	52	54	55	56	57	58	60	
461	33	36	40	44	45	46	47	48	48	49	50	50	54	56	
462	40	43	44	45	46	46	48	49	
463	5	43	48	
464	80	83	84	90	101	
465	78	79	80	82	84	86	89	96	
466	78	80	81	83	84	86	90	95	99	
467	8	11	17	19	68	79	84	
468	4	7	9	10	11	12	13	13	14	14	15	16	17	18	19	20	23	65	
469	7	12	15	16	17	17	19	20	20	21	22	24	25	26	51	52	71	
470	22	23	
482	56	
483	37	50	51	52	52	54	55	56	58	59	
484	45	46	47	49	50	50	51	52	53	53	54	55	56	
485	44	45	46	48	49	51	88	89	93	
486	44	48	82	
487	9	13	14	66	
488	4	7	9	10	11	12	13	14	14	15	16	17	19	
489	13	15	16	17	17	18	19	19	20	21	21	22	24	25	69	
490	1	21	22	23	24	
494	51	52	53	54	55	56	57	
495	34	46	47	48	49	50	50	51	52	54	55	56	57	60	
496	39	42	43	44	45	46	46	47	48	48	49	49	50	53	61	
497	32	40	43	44	47	49	
498	46	99	
499	42	80	
500	18	18	67	78	80	
501	8	8	10	11	13	14	15	16	17	18	19	23	65	67	
502	5	7	10	11	12	14	15	15	16	16	17	18	18	19	19	20	21	23	26	70	
503	13	20	21	22	22	24	
504	22	
516	53	56	
517	36	47	49	50	52	53	54	55	56	59	
518	45	46	48	48	49	50	51	53	54	61	
519	44	50	80	82	84	86	90	93	
520	32	79	86	88	96	
521	8	9	10	12	13	14	18	66	
522	5	6	8	11	12	12	14	15	15	16	16	17	18	19	20	20	22	23	69	
523	17	18	19	20	21	21	22	23	24	
524	22	
528	53	55	57	
529	35	47	50	51	52	53	54	55	56	57	58	59	
530	32	35	36	39	42	43	45	46	47	47	48	48	49	49	50	50	51	52	54	55	57	61	
531	29	33	38	39	41	43	44	45	45	46	46	47	48	48	49	54	60	
532	41	44	46	49	61	
533	13	18	22	23	28	41	48	67	
534	9	11	13	15	16	18	19	41	43	63	67	
535	4	7	8	10	11	12	13	14	15	17	18	18	19	19	20	21	22	23	26	
536	3	12	17	20	20	21	22	22	23	24	26	
537	21	22	22	24	
550	52	53	55	56	57	61	
551	46	47	49	50	50	51	52	54	54	56	
552	33	40	44	45	46	47	48	49	51	54	87	96	
553	45	78	82	85	91	94	
554	11	13	49	49	81	83	
555	8	8	9	11	12	13	14	15	17	18	19	20	67	69	
556	2	4	11	12	13	15	16	17	18	18	19	19	20	21	23	25	27	
557	17	20	21	22	22	24	
563	52	54	55	56	58	
564	47	48	48	50	50	51	52	53	54	55	56	57	60	
565	33	42	45	47	48	49	50	53	56	59	
566	13	24	26	33	40	43	44	45	45	47	49	63	63	76	
567	10	14	20	24	27	44	46	65	68	
568	5	9	11	13	13	15	19	20	20	22	24	25	28	44	65	
569	15	20	21	21	22	23	23	24	
570	2	22	23	
575	96	96	97	
584	51	52	53	54	55	56	57	59	
585	33	37	40	46	47	48	49	50	50	51	51	52	52	53	54	55	60	
586	44	45	47	48	49	50	54	61	85	87	90	94	
587	9	31	68	79	83	86	88	92	
588	8	10	15	19	67	
589	5	7	9	10	11	12	13	14	14	15	15	16	17	17	18	19	20	25	
590	13	16	17	18	19	19	20	21	22	23	23	24	25	
591	22	
598	53	54	
599	50	63	
600	33	45	
601	24	73	
602	23	25	
603	22	25	
608	6	
617	53	56	58	
618	51	52	52	53	54	55	56	58	
619	42	45	46	48	48	49	50	51	53	54	54	55	
620	44	45	46	49	83	85	88	90	95	101	
621	48	82	87	91	101	
622	7	9	10	11	12	14	14	15	17	19	65	69	
623	4	7	11	12	13	15	15	16	17	17	18	19	19	20	23	25	26	70	
624	18	20	21	22	22	23	25	
625	22	
651	56	58	
652	47	49	50	51	52	52	53	54	55	56	57	
653	32	35	37	43	45	46	47	48	49	50	51	52	54	
654	44	48	80	85	92	95	
655	6	8	10	11	13	14	64	67	79	86	
656	4	7	10	11	12	13	14	15	15	16	17	18	19	20	21	23	
657	17	18	19	19	20	21	21	22	23	24	
658	21	22	24	
685	52	55	56	57	
686	35	36	48	50	50	51	52	53	53	54	55	58	
687	33	44	45	46	47	49	49	50	
688	43	79	83	88	89	
689	7	9	10	11	13	14	16	66	85	
690	4	7	10	11	12	14	15	15	16	16	17	18	19	20	21	23	69	
691	15	18	19	21	21	22	24	
692	11	11	13	23	
719	52	55	56	57	59	
720	33	38	46	47	48	49	50	51	51	52	53	54	54	55	57	58	62	
721	43	43	44	45	46	47	49	96	
722	66	85	
723	4	6	8	9	10	11	11	12	13	14	15	16	18	19	68	
724	4	6	8	11	12	13	14	15	16	17	18	18	19	20	20	21	24	27	
725	20	21	22	23	25	27	
753	52	53	55	56	57	58	
754	34	36	41	46	47	48	49	50	50	51	52	54	54	55	60	
755	31	39	41	43	45	45	46	47	48	
756	9	10	14	43	63	
757	3	7	10	12	13	13	14	15	16	18	18	19	20	23	68	
758	17	20	21	22	24	27	
759	22	23	
787	52	55	
788	49	50	51	53	54	58	63	
789	30	45	45	49	63	
790	4	13	43	45	65	
791	5	7	22	23	25	27	
792	21	23	24	
1164	38	
1172	9	54	
1174	10	
1183	103	
1202	27	
1206	27	
1207	13	
1212	77	
1236	22	
1239	11	
1251	84	
1266	20	51	58	
1277	28	
1280	15	
1287	78	
1298	24	
1299	38	
1302	47	
1311	32	
1314	16	
1317	55	
1318	13	59	
1320	101	
1337	24	51	
1339	25	51	
1345	22	
1347	82	
1349	27	29	
1354	61	61	
1367	46	
1369	20	
1370	42	
1371	50	56	60	
1372	28	
1374	48	
1376	101	
1379	65	
1382	10	21	
1383	19	36	56	60	
1384	19	26	32	37	42	44	47	49	
1385	58	72	
1392	89	
1396	12	
1401	24	31	41	
1403	16	67	
1404	16	17	19	34	38	42	46	57	58	67	
1405	18	19	21	24	27	35	41	44	46	48	48	56	
1406	36	38	42	44	46	47	53	56	61	74	
1407	30	46	71	
1408	29	
1409	38	40	
1410	36	80	
1411	27	
1412	66	
1413	41	45	
1414	53	
1416	10	14	
1417	11	14	18	57	
1418	17	19	22	23	43	49	52	56	62	
1419	21	23	26	38	42	44	46	47	49	49	58	58	
1420	27	39	44	46	47	49	53	
1421	51	
1422	59	
1425	8	
1436	12	16	67	
1437	9	13	14	16	18	18	20	27	44	
1438	15	16	17	19	20	28	47	51	55	56	57	59	66	70	
1439	16	17	18	19	20	21	22	23	24	33	36	38	41	43	45	46	47	49	52	54	57	61	65	
1440	22	23	25	32	40	42	43	44	46	47	48	49	51	54	60	
1441	25	30	39	42	44	46	47	49	53	56	58	67	71	
1442	31	38	39	42	44	46	48	48	50	54	56	62	66	
1443	20	38	41	47	57	63	66	
1444	22	38	42	44	46	47	56	68	
1445	21	36	42	45	46	48	68	82	
1446	43	47	53	
1447	39	47	63	
1448	65	
1450	10	13	
1451	8	10	14	55	
1452	6	13	14	15	18	19	33	56	82	
1453	16	17	17	18	20	22	40	43	45	46	47	50	52	55	58	65	
1454	22	33	40	43	44	46	47	48	50	54	72	
1455	45	47	48	52	59	
1456	59	
1457	50	
1464	11	
1466	68	
1469	11	14	17	
1470	6	10	12	13	15	16	18	19	66	
1471	10	12	14	15	16	16	17	18	19	20	21	65	
1472	12	15	17	19	20	20	22	23	24	
1473	20	21	22	23	25	51	52	54	55	56	58	61	
1474	22	24	35	38	45	45	47	48	49	50	52	54	55	57	61	
1475	24	30	37	42	43	45	46	47	49	51	53	59	62	
1476	24	33	37	41	43	45	46	48	49	50	56	61	
1477	20	22	23	29	37	41	43	43	45	46	47	49	53	54	58	59	63	
1478	20	21	23	25	28	38	40	42	44	47	49	51	56	57	61	70	
1479	20	21	24	32	36	41	44	45	46	47	48	48	50	53	54	56	58	61	71	
1480	20	22	23	40	43	43	45	46	47	50	57	60	66	
1481	22	24	26	30	38	42	44	46	48	48	50	54	56	60	66	
1482	36	39	43	45	46	51	
1483	28	28	47	
1485	8	13	
1486	6	9	10	11	14	15	16	20	52	55	56	58	68	90	
1487	12	13	15	16	17	18	19	20	21	23	35	37	50	51	52	53	54	55	56	57	58	
1488	18	21	23	33	36	41	45	46	46	47	48	49	49	50	51	53	57	61	
1489	43	45	47	50	53	75	
1492	61	
1494	83	
1498	23	
1503	8	10	
1504	6	9	10	11	13	13	14	15	17	18	
1505	7	12	13	15	16	17	18	19	21	22	24	27	
1506	16	17	20	21	22	23	25	
1507	25	
1508	55	
1509	50	54	63	
1510	24	51	54	61	
1511	25	51	55	65	
1512	23	23	24	45	52	54	58	61	64	
1513	24	44	45	51	53	54	57	61	65	92	
1514	23	24	25	34	44	47	48	49	50	52	55	57	60	74	
1515	22	23	34	42	44	45	46	47	49	50	53	54	57	59	62	
1516	24	27	36	39	42	43	44	46	46	47	48	50	53	56	59	68	
1517	28	41	44	47	49	
1518	27	39	48	
1519	9	14	18	28	66	
1520	6	9	10	11	12	13	14	15	16	19	25	26	58	
1521	7	12	15	15	16	17	18	19	20	21	22	23	25	26	34	37	48	49	51	52	52	54	55	56	57	60	71	
1522	21	22	42	45	46	47	48	49	49	50	51	52	53	54	57	59	
1523	39	44	45	47	49	51	
1533	8	
1537	10	14	
1538	1	5	7	9	11	12	13	14	
1539	6	8	10	11	12	13	14	15	16	18	21	23	82	86	90	97	
1540	16	17	18	19	20	21	24	
1544	87	88	90	91	98	
1545	87	89	90	91	93	95	98	
1546	83	87	90	91	92	96	98	
1547	83	86	87	88	89	90	91	92	95	97	
1548	83	86	87	89	90	91	95	97	
1549	16	35	51	52	54	55	56	57	61	83	86	87	88	90	91	93	94	97	
1550	16	17	43	47	48	49	50	51	53	55	56	60	92	
1551	31	39	42	43	44	45	46	47	48	49	50	53	58	
1552	30	40	45	47	49	
1553	11	18	43	68	
1554	8	9	10	11	13	13	14	16	19	20	21	23	
1555	15	17	20	21	22	23	23	27	52	53	54	55	56	59	68	
1556	21	22	43	46	47	48	49	50	50	51	53	54	55	58	
1557	39	45	46	48	51	54	88	91	
1561	70	70	71	
1565	12	
1567	7	
1571	11	
1572	1	5	9	12	13	15	
1573	6	8	8	10	10	11	12	13	14	15	17	20	79	81	84	
1574	13	15	16	16	17	18	18	19	20	22	28	69	80	
1575	22	56	
1576	46	52	53	
1577	86	88	90	92	95	
1578	9	80	81	82	83	84	85	86	87	89	90	92	93	98	
1579	80	81	82	83	85	86	88	89	92	97	
1580	81	82	83	83	84	85	86	87	88	89	91	93	96	
1581	78	80	81	82	84	85	86	89	90	97	
1582	10	14	80	81	82	84	85	86	87	88	90	95	101	
1583	7	9	10	12	13	14	78	80	81	82	84	85	86	88	89	92	96	
1584	12	16	17	35	51	52	54	55	56	83	86	88	90	92	96	
1585	17	18	19	35	41	47	48	51	53	55	57	59	63	
1586	25	30	40	43	43	44	45	46	47	49	65	
1587	9	24	45	64	
1588	5	11	12	14	18	18	19	21	25	26	56	58	71	
1589	21	22	23	25	35	47	50	51	51	52	53	54	55	57	
1590	43	44	46	47	48	49	50	51	52	53	55	
1591	47	49	80	82	84	86	88	90	97	
1593	62	63	
1597	7	
1600	65	
1605	8	72	
1606	9	10	14	19	67	
1607	3	4	7	9	10	11	12	13	13	14	15	16	18	20	
1608	13	15	16	17	18	18	19	20	21	22	23	24	57	71	
1609	22	47	52	53	53	54	57	60	
1610	33	47	48	49	50	51	54	55	
1611	44	46	48	81	82	84	85	87	90	92	95	
1612	78	79	80	81	84	86	88	92	
1613	79	80	82	83	85	90	96	
1614	78	79	80	81	84	86	90	94	
1615	79	80	81	84	88	94	
1616	11	79	80	82	83	87	90	
1617	6	8	12	13	15	79	81	84	
1618	6	10	11	12	14	15	20	80	81	84	86	89	94	99	
1619	16	16	17	18	19	20	51	53	63	82	87	93	
1621	25	30	44	65	
1622	23	24	52	56	57	60	
1623	23	24	47	49	50	51	52	53	54	55	58	60	
1624	33	44	48	49	50	51	54	86	87	91	95	
1625	80	82	84	86	88	91	94	
1635	60	
1636	43	47	
1639	8	
1640	9	11	13	14	17	
1641	5	7	9	10	11	12	14	15	16	17	19	20	25	67	71	
1642	15	16	17	18	19	20	21	22	23	24	52	55	56	59	
1643	22	43	46	47	49	50	51	52	53	54	55	56	
1644	45	47	48	50	51	54	85	87	88	91	97	
1645	51	79	81	82	84	85	88	89	
1646	80	80	85	
1647	79	84	
1648	38	88	88	
1649	8	81	87	
1651	8	11	14	17	19	
1652	6	9	10	11	12	13	14	15	22	80	84	88	92	93	99	
1653	8	12	12	15	16	17	18	20	24	80	82	85	87	89	91	93	97	
1654	16	17	22	92	
1655	56	
1656	34	51	52	53	54	55	56	58	59	
1657	48	49	50	51	54	88	93	
1658	44	44	44	45	45	50	54	80	82	82	85	86	87	88	90	92	93	95	99	
1659	79	82	84	91	
1660	90	
1673	11	14	25	
1674	7	8	9	11	12	14	15	16	18	18	20	26	65	
1675	4	6	10	11	12	13	13	14	15	16	17	18	18	19	21	23	25	56	68	
1676	17	18	20	21	22	24	34	48	51	52	53	54	55	56	59	
1677	23	46	47	49	50	50	52	54	56	
1678	44	48	50	80	83	85	87	89	91	94	
1679	78	81	84	88	95	
1680	84	98	
1685	9	
1686	9	11	13	14	15	24	88	
1687	7	9	11	12	13	14	15	17	19	79	81	82	84	85	87	89	92	97	
1688	13	17	19	81	82	84	85	86	87	89	90	91	93	94	97	
1689	87	88	90	91	93	96	
1690	51	52	54	56	58	83	86	87	87	89	90	92	93	96	
1691	51	55	55	78	81	82	83	85	86	87	88	89	90	92	94	97	
1692	80	81	82	83	85	86	89	92	100	
1693	80	85	88	
1696	10	
1697	88	88	89	
1702	62	
1707	10	13	
1708	4	8	9	10	11	12	13	14	15	16	17	18	67	
1709	7	12	15	16	17	17	19	19	21	24	26	53	56	57	
1710	17	18	20	21	22	25	34	47	48	53	54	55	
1711	44	46	48	49	50	52	54	87	90	95	
1712	45	78	80	81	82	84	85	86	88	90	92	94	99	
1713	78	84	
1714	55	
1716	88	
1720	4	11	13	93	
1721	6	9	10	14	80	82	86	
1722	6	13	79	80	82	83	84	85	87	88	90	95	
1723	52	54	81	82	83	84	85	86	87	88	89	91	96	99	
1724	52	80	80	81	82	84	85	86	88	88	89	91	93	97	99	
1725	79	79	80	81	84	85	89	90	101	
1726	79	80	85	90	102	
1740	13	
1741	8	8	10	13	15	19	67	
1742	5	6	10	11	11	12	13	14	15	16	17	18	19	21	42	42	
1743	12	15	17	18	18	19	20	21	22	24	43	52	52	55	56	57	59	70	
1744	19	22	23	33	46	47	47	49	50	51	52	54	55	56	
1745	44	49	51	54	82	84	86	88	89	91	94	
1746	50	79	81	84	87	88	91	
1747	82	86	
1748	85	
1752	49	
1755	10	
1756	79	80	84	89	97	
1757	79	80	81	83	84	85	87	89	93	
1758	78	80	81	82	83	85	91	
1759	78	80	84	98	101	
1760	84	88	
1761	90	
1769	35	
1770	46	67	
1772	20	
1774	9	
1775	8	11	13	14	15	18	19	
1776	6	10	11	12	13	14	14	15	16	16	17	19	20	21	22	57	71	
1777	17	18	19	20	21	23	23	25	26	34	47	50	51	52	54	54	55	56	59	
1778	22	47	48	49	50	52	53	58	88	90	
1779	45	49	80	82	83	84	85	86	89	91	93	97	101	
1780	57	78	81	84	
1781	63	
1783	35	
1790	13	84	
1791	78	80	103	
1792	83	87	
1793	94	
1808	15	
1809	8	9	10	11	13	14	15	20	67	
1810	7	11	13	14	15	16	16	17	19	19	21	25	53	55	56	57	60	
1811	17	18	20	21	22	26	41	46	47	50	50	51	52	54	
1812	45	49	51	54	81	84	86	88	90	93	
1813	46	79	81	82	84	85	86	88	92	
1814	86	
1823	103	
1825	48	
1827	93	
1838	9	35	
1839	23	
1842	9	14	
1843	4	7	9	10	11	12	14	14	15	17	18	21	56	67	
1844	7	12	13	15	16	17	17	18	19	20	21	25	33	51	52	53	56	58	
1845	18	21	23	35	42	46	47	49	50	51	53	54	55	
1846	45	49	79	81	83	86	88	89	93	93	
1847	49	53	66	79	82	84	89	
1854	82	
1876	10	15	
1877	8	9	10	10	11	12	13	14	14	15	16	18	19	21	23	56	
1878	17	17	19	19	20	21	23	25	47	50	51	52	53	54	59	68	
1879	22	48	49	50	54	63	87	90	92	96	
1880	45	49	78	81	83	83	85	87	90	
1881	82	103	
1882	89	
1883	51	
1885	14	
1886	97	
1892	7	
1893	42	
1895	72	
1896	71	
1907	68	
1910	11	13	
1911	5	8	10	11	12	14	14	15	17	20	52	53	55	56	
1912	23	23	25	50	51	53	55	87	91	92	96	
1913	51	83	83	85	86	87	89	90	91	93	96	
1914	20	78	80	82	85	89	95	98	
1921	95	
1923	50	
1925	82	
1926	22	
1944	9	13	
1945	5	6	55	
1946	54	81	83	84	85	88	92	95	98	
1947	78	79	80	81	82	84	85	86	89	91	94	98	
1948	80	85	88	93	
1949	95	
1953	23	
1980	79	81	85	88	
1981	79	82	83	89	
1982	83	
1984	99	
1988	98	
1994	36	
2004	80	
2019	44	
2024	72	
2028	22	
2049	22	
2052	94	
2053	62	
2058	41	
2067	4	
2098	2	
2142	96	
2164	86	
2171	25	
2186	12	
2219	101	
2225	16	
2256	15	
2261	3	
2263	6	
2268	99	
