111	37	
185	92	
193	86	90	97	
194	83	86	89	91	93	95	
195	17	
216	93	
217	91	93	
218	85	86	88	90	92	93	97	
219	82	85	86	87	89	90	92	94	
220	86	87	89	90	92	95	
221	16	88	91	
224	57	
225	36	41	53	
227	8	13	81	83	85	88	88	90	94	
228	6	14	15	16	81	82	84	85	87	88	90	92	
229	16	17	87	
247	92	
248	87	92	95	
249	83	87	88	90	91	96	
250	56	85	87	87	88	90	91	92	96	
251	83	85	86	87	88	89	91	92	95	98	
252	80	82	82	83	84	85	86	87	88	89	91	93	96	
253	9	81	82	83	84	84	86	86	88	88	89	91	93	96	98	
254	6	10	11	15	80	81	82	83	83	84	85	87	88	89	90	92	93	96	
255	13	16	19	82	84	86	91	97	
256	18	
258	56	58	
259	47	50	52	54	55	56	60	
260	33	39	43	44	45	46	47	48	49	
261	8	10	83	
262	6	10	11	12	13	14	15	18	80	81	83	83	85	90	
263	13	15	16	17	17	19	21	24	81	86	92	93	
264	18	
280	87	91	93	
281	82	85	86	88	89	90	92	94	
282	82	83	84	86	87	88	88	90	91	94	98	
283	80	81	82	83	84	85	86	87	89	90	92	93	96	
284	78	80	81	82	83	83	84	85	85	86	87	88	89	90	92	93	96	101	
285	80	81	82	84	85	86	87	88	90	94	97	
286	80	81	82	83	84	85	87	89	93	
287	4	10	79	80	81	82	84	85	93	
288	8	10	11	12	13	14	15	17	18	20	67	79	80	81	82	84	85	95	100	
289	8	11	12	15	15	16	17	17	18	19	20	79	81	83	
290	17	22	
292	53	57	
293	34	47	50	51	51	52	54	54	56	58	59	
294	39	42	44	45	46	46	48	48	49	50	
295	8	43	
296	7	9	11	12	13	14	15	79	89	
297	2	11	12	16	18	19	21	25	70	80	82	84	88	91	
298	17	18	20	22	
311	58	
312	53	54	
313	49	92	
314	52	53	81	82	84	85	86	88	88	90	92	96	99	
315	80	82	82	83	84	85	86	89	90	94	100	
316	66	78	79	80	81	82	84	85	86	89	93	
317	46	56	78	79	80	81	82	84	85	88	
318	40	43	79	80	81	82	84	86	
319	38	48	60	79	80	82	83	
320	10	78	79	81	83	86	
321	4	10	15	79	
322	5	6	8	8	10	11	12	13	13	14	15	16	16	17	19	21	23	69	80	
323	11	12	15	16	16	17	17	18	18	19	20	20	21	24	71	79	
324	20	22	23	24	27	
326	58	
327	34	48	50	51	52	54	54	55	56	57	
328	35	40	44	46	47	48	49	50	50	53	
329	43	45	
330	4	7	9	10	11	14	
331	7	10	11	12	13	15	15	16	18	19	20	24	81	85	
332	17	19	20	22	
345	52	55	56	57	
346	33	42	47	48	49	50	51	53	53	55	56	
347	43	49	50	54	
348	51	53	66	80	81	83	85	87	89	
349	13	16	42	43	47	57	61	67	79	80	81	83	85	88	94	
350	16	17	18	18	19	20	42	44	46	48	50	57	63	68	79	80	83	
351	17	18	19	20	21	26	40	42	43	43	44	46	47	48	49	52	56	58	59	79	
352	19	20	21	22	27	29	40	42	44	45	46	47	48	49	51	70	79	
353	22	23	40	43	44	46	
355	6	8	9	11	14	84	
356	7	9	10	11	12	13	13	14	15	16	16	18	18	19	21	25	27	68	
357	17	17	18	18	19	20	21	21	22	23	24	25	27	
358	22	23	
360	57	
361	51	52	53	53	54	55	56	57	60	
362	34	40	43	45	46	47	48	49	50	51	52	54	59	
363	44	45	47	
364	4	8	10	11	14	93	
365	7	10	11	12	13	14	15	15	16	17	18	19	21	24	81	99	
366	17	19	20	21	23	25	26	
379	52	52	56	57	59	
380	35	45	47	47	49	50	50	51	52	53	54	59	
381	33	43	45	48	49	50	85	87	89	91	94	
382	9	68	80	83	86	
383	7	10	11	12	14	15	16	19	64	79	83	
384	12	13	17	17	18	19	20	21	21	22	24	45	
385	20	21	22	23	23	24	26	35	45	48	49	51	52	54	55	56	57	59	
386	22	23	24	34	41	43	44	45	45	46	47	48	49	49	50	51	53	54	58	
387	41	44	45	47	48	49	54	
388	8	
389	9	9	10	11	13	14	16	66	94	
390	4	6	7	10	11	12	13	14	15	16	16	17	17	18	18	19	20	21	23	69	
391	17	17	20	21	22	22	23	25	27	
394	58	
395	33	36	50	51	52	53	54	55	56	57	
396	35	45	46	47	48	50	50	51	52	54	56	61	
397	43	45	48	92	
398	5	7	9	10	14	15	
399	6	8	11	12	13	14	15	15	16	17	18	18	19	21	68	80	91	
400	13	17	17	20	21	22	23	28	72	
412	36	57	
413	48	51	52	53	54	55	56	57	60	
414	35	45	46	48	49	50	51	51	54	54	
415	44	45	49	82	84	86	88	89	92	95	
416	9	10	12	13	15	65	81	84	87	90	94	
417	6	8	10	11	12	13	14	14	15	15	16	16	17	18	19	27	69	
418	17	18	20	21	21	22	23	24	25	26	
419	22	23	36	51	52	54	55	56	57	59	
420	35	43	45	46	47	48	49	50	51	51	52	53	54	55	56	59	
421	32	40	44	45	46	47	48	49	50	53	
422	9	
423	5	7	9	10	11	12	13	14	15	16	19	67	68	
424	7	12	14	15	16	17	18	18	19	20	21	24	25	28	
425	17	21	22	23	24	
428	56	
429	43	47	51	52	53	53	54	56	58	
430	35	40	43	45	46	47	48	49	50	51	53	54	58	
431	45	48	92	
432	9	10	13	14	87	88	94	
433	6	8	11	12	12	14	15	16	18	19	20	24	71	82	86	90	100	
434	16	17	18	19	21	22	23	24	28	
446	52	56	
447	35	37	47	50	51	52	53	53	54	55	56	57	58	
448	47	48	49	50	51	54	55	87	90	92	95	
449	81	83	85	87	90	92	
450	5	7	9	10	10	11	14	14	67	78	84	
451	7	11	12	13	15	15	16	17	18	19	20	23	26	72	
452	18	20	21	22	23	24	26	56	
453	48	51	52	53	54	55	56	57	59	
454	33	38	40	43	44	46	47	48	49	49	50	51	52	53	54	55	59	
455	44	46	49	
456	9	44	
457	4	7	8	9	10	11	13	14	15	
458	6	11	12	13	14	15	16	16	18	18	19	20	21	23	24	25	27	
459	17	21	23	25	
462	56	57	
463	34	48	50	51	52	52	53	54	55	56	57	59	
464	33	35	42	45	46	47	48	49	49	50	51	52	53	55	
465	44	49	87	89	
466	5	9	10	14	66	84	
467	3	6	8	10	11	11	12	13	13	14	14	15	16	16	18	18	19	
468	12	15	16	17	17	18	19	20	21	21	22	25	26	
469	23	51	51	52	
479	56	
480	51	52	53	55	57	59	
481	39	47	49	50	52	54	55	96	
482	40	48	50	53	82	84	85	87	88	91	94	
483	8	80	82	83	85	86	89	99	
484	5	6	9	10	10	11	12	13	14	15	16	19	69	81	
485	12	13	14	15	16	16	17	18	18	19	20	21	24	26	69	
486	17	21	22	23	26	
487	50	51	52	53	54	55	56	57	59	
488	35	42	45	47	48	48	49	50	50	51	52	53	54	58	62	
489	33	38	41	42	43	44	45	46	46	47	48	49	50	
490	4	46	71	72	
491	5	8	8	9	10	11	13	14	15	
492	7	11	12	13	14	15	16	18	19	21	24	26	81	85	92	96	
493	16	17	18	20	21	23	25	87	97	
496	52	56	57	
497	35	48	50	51	52	53	53	54	55	56	57	59	
498	32	41	44	47	48	49	49	50	51	54	55	93	98	
499	32	44	49	86	90	93	96	
500	4	8	9	10	12	13	66	
501	7	10	11	12	12	14	14	15	16	17	18	18	19	19	20	25	
502	17	17	19	20	21	22	23	24	27	
513	52	56	57	
514	35	37	47	48	49	50	51	52	53	53	54	55	56	59	
515	41	42	43	44	46	47	49	50	51	52	55	
516	41	44	49	80	83	
517	8	10	14	18	66	69	79	84	
518	4	7	10	11	12	13	13	14	15	15	16	17	18	19	20	22	26	69	
519	12	14	17	18	19	20	21	21	23	24	
520	21	22	23	
521	51	52	55	56	57	
522	34	46	47	48	49	50	51	51	52	53	54	55	56	57	59	61	
523	35	36	40	42	44	45	46	46	47	48	48	49	50	53	59	
524	41	43	44	46	48	73	
525	8	10	11	13	15	
526	7	8	10	11	12	14	15	19	80	83	86	89	96	
527	12	13	16	17	21	23	24	80	82	85	87	88	89	91	93	96	
528	16	18	83	88	90	92	94	
529	58	
530	53	56	
531	34	49	50	51	52	53	54	54	55	55	57	58	88	92	
532	45	49	50	51	52	82	85	87	89	91	97	
533	13	44	82	84	85	87	88	90	
534	3	8	9	10	11	13	14	15	16	67	
535	8	11	12	13	13	14	15	15	16	17	18	18	19	19	20	24	
536	17	18	20	21	21	22	23	24	27	
537	23	
547	51	52	55	57	
548	34	47	50	51	51	52	53	54	55	56	57	59	
549	30	35	37	40	42	43	44	45	45	46	47	48	48	49	50	54	56	59	61	
550	30	42	43	44	45	46	48	
551	5	8	10	13	18	20	28	43	70	
552	4	6	11	12	15	19	20	21	22	69	
553	18	19	20	21	22	23	23	25	27	
554	22	
555	53	
556	51	52	53	54	55	56	57	58	
557	42	44	45	46	47	48	48	49	50	51	52	54	55	56	58	60	
558	33	38	41	42	43	44	45	45	46	47	48	48	49	53	
559	5	40	43	46	
560	7	8	10	12	13	15	80	83	
561	6	10	11	12	13	15	18	81	82	83	83	84	86	89	91	93	
562	14	81	82	84	85	86	89	91	92	94	
563	56	82	86	87	88	89	91	92	93	96	
564	50	51	52	54	57	86	88	91	92	96	
565	49	50	52	53	55	82	85	87	88	89	91	92	96	
566	51	81	83	84	85	87	88	90	91	94	98	
567	8	10	80	82	83	85	87	89	
568	5	7	9	10	11	12	13	13	14	15	16	17	18	19	66	
569	12	15	15	16	17	17	18	18	19	19	20	21	21	22	24	25	28	72	
570	22	23	24	26	
571	19	20	22	
581	53	
582	51	53	55	
583	45	49	51	
584	44	45	47	48	63	74	
585	15	24	44	64	
586	21	23	23	25	
587	22	
590	53	55	57	
591	47	50	51	52	54	55	55	56	57	59	
592	35	36	42	44	45	46	47	48	48	49	50	51	53	55	56	57	58	60	
593	32	36	40	42	42	43	43	44	45	46	46	47	48	48	49	56	
594	29	40	
595	6	10	13	80	81	85	101	
596	8	11	14	15	68	80	81	82	83	84	86	89	95	99	
597	80	81	82	83	85	86	87	89	90	94	
598	52	53	55	60	82	83	84	85	86	87	88	89	90	92	94	
599	52	53	80	81	82	83	83	84	85	86	87	89	90	93	94	
600	9	79	80	81	82	84	85	88	90	
601	9	11	13	15	16	17	18	19	67	79	84	
602	7	8	10	11	12	13	14	15	15	16	17	17	19	19	20	21	23	70	
603	17	18	19	20	21	21	22	24	25	26	
604	22	23	
625	51	53	55	
626	51	52	54	55	56	57	59	61	
627	34	42	45	47	48	48	49	50	51	53	54	56	57	58	58	60	
628	30	38	39	41	42	43	43	44	45	45	46	46	47	48	48	49	50	56	
629	30	36	40	42	43	44	45	46	46	
630	6	41	71	81	
631	6	39	46	67	79	80	81	83	84	98	
632	17	19	41	80	81	82	84	85	86	89	99	
633	16	18	42	47	67	79	79	80	81	84	85	99	
634	9	11	13	14	17	17	18	19	20	21	43	44	47	65	66	78	80	84	
635	7	9	11	12	14	15	16	17	19	20	20	21	22	24	70	
636	3	11	13	15	18	19	20	21	21	22	24	24	25	27	
637	21	22	23	24	
638	23	
660	53	55	
661	50	52	53	54	55	57	58	62	
662	33	42	44	45	47	48	49	50	51	52	54	55	56	57	59	60	
663	42	42	44	44	45	46	47	47	48	49	50	54	56	59	62	
664	22	24	32	41	42	43	43	44	45	46	46	47	48	49	57	60	66	
665	19	22	24	40	42	43	44	45	46	47	48	49	56	61	68	
666	18	19	20	21	26	41	42	44	45	46	47	48	67	72	79	
667	10	12	14	17	18	19	20	21	24	27	43	45	46	64	67	72	
668	8	9	11	12	13	14	15	17	19	20	21	21	22	24	44	71	
669	5	13	20	21	22	23	24	25	
670	21	22	23	24	25	
696	52	55	
697	34	45	49	52	54	55	59	
698	24	45	48	48	50	55	61	75	
699	25	43	44	45	50	
700	21	23	23	24	44	64	
701	20	22	23	24	29	
702	22	22	23	24	25	
703	24	
734	25	
1161	42	
1176	17	32	
1181	68	
1204	13	
1207	32	
1208	10	
1210	36	
1234	47	47	
1236	71	
1240	69	
1246	34	
1249	33	
1255	98	
1260	24	72	
1268	39	
1273	50	
1283	51	
1284	6	
1286	93	94	
1300	22	
1301	24	
1303	67	
1306	68	
1307	34	
1316	48	101	
1320	61	
1333	46	
1336	46	
1340	42	
1341	67	
1342	47	
1345	66	
1346	77	79	
1347	28	95	
1348	19	
1349	19	21	40	42	46	47	52	67	
1350	21	45	59	
1351	51	
1357	6	
1368	4	
1369	44	
1370	16	18	42	
1371	18	42	
1372	18	43	46	
1373	18	18	43	66	
1374	17	18	20	39	43	47	49	56	
1375	19	21	39	42	45	46	49	
1376	21	26	41	
1377	49	
1378	51	
1380	20	
1381	9	13	
1382	11	14	18	37	57	67	
1383	16	16	18	19	20	21	21	28	35	41	43	44	46	47	48	49	51	57	61	
1384	21	23	26	40	44	46	49	70	
1385	50	59	
1386	37	
1387	60	
1395	69	
1399	19	44	
1401	17	50	
1402	17	46	
1403	17	19	42	48	
1404	17	19	40	42	47	67	68	
1405	17	19	22	40	42	48	
1406	11	14	18	18	20	22	43	46	66	71	
1407	11	15	17	18	19	21	23	24	42	45	46	50	59	66	
1408	17	18	19	20	21	25	27	37	44	45	46	47	48	51	56	58	58	62	65	68	
1409	20	21	23	24	27	41	43	43	44	46	48	48	49	52	55	57	66	
1410	21	23	26	39	43	44	45	46	47	49	61	65	76	
1411	23	42	46	50	
1413	23	41	
1415	10	13	24	
1416	7	10	12	13	14	15	18	53	56	58	
1417	15	16	17	18	19	21	25	27	47	48	50	51	54	61	
1418	17	23	33	40	43	45	46	48	49	51	53	59	
1419	43	
1435	18	19	29	
1436	10	17	19	28	41	48	69	
1437	17	18	19	20	22	42	43	46	48	68	
1438	14	16	17	18	19	21	42	44	47	66	71	
1439	10	15	17	19	20	21	22	23	25	42	43	45	47	64	
1440	10	15	17	19	21	22	24	43	70	
1441	13	18	20	21	22	23	23	25	26	44	
1442	20	21	22	24	29	44	48	50	52	54	56	57	
1443	21	23	24	34	41	43	44	45	46	47	49	50	51	52	54	55	56	57	60	
1444	39	43	44	45	46	48	48	49	50	54	
1445	39	49	
1447	68	
1448	18	
1449	12	
1450	7	9	11	12	13	13	14	15	17	20	25	52	57	58	
1451	12	12	16	17	19	21	24	34	38	50	51	52	53	54	55	57	
1452	17	18	21	22	42	44	45	46	47	49	51	52	54	56	
1453	41	44	45	49	55	
1455	31	60	
1457	60	
1468	9	
1469	11	13	14	15	16	19	22	
1470	8	11	14	15	16	16	17	18	18	18	19	20	21	23	27	45	67	68	
1471	12	14	17	20	21	22	23	44	49	65	
1472	20	21	22	24	26	45	
1473	15	21	23	24	73	92	
1474	22	24	87	92	93	
1475	23	23	88	93	
1476	18	25	52	55	56	57	
1477	33	38	47	48	50	51	51	52	53	54	55	57	60	
1478	44	45	46	49	50	51	54	55	
1479	45	48	53	86	90	95	
1483	16	
1484	4	7	9	11	14	
1485	6	6	8	11	12	15	16	18	18	19	21	24	34	36	47	51	52	53	54	55	56	58	58	60	82	
1486	17	21	22	37	42	45	46	47	48	49	50	52	62	
1487	43	45	47	48	
1499	41	
1501	19	
1502	8	10	13	21	68	
1503	6	9	11	11	12	14	15	16	17	19	
1504	8	12	13	16	17	17	18	19	20	21	23	23	24	37	69	
1505	22	24	
1506	23	87	88	90	91	93	97	
1507	82	85	86	87	88	88	89	90	91	93	96	
1508	9	82	85	86	87	88	89	90	92	95	99	
1509	12	15	17	57	82	84	85	87	89	92	96	
1510	16	17	34	37	52	53	55	56	57	59	
1511	35	36	46	48	49	50	51	51	53	54	55	56	
1512	15	32	43	49	50	52	55	90	94	
1513	47	50	81	83	86	88	
1517	12	
1518	6	10	11	14	15	17	19	24	
1519	6	12	14	15	17	19	20	21	25	27	36	51	52	53	55	56	58	59	
1520	17	19	20	22	25	26	41	45	46	47	48	49	50	50	51	53	55	59	70	
1521	43	45	46	49	
1530	74	
1532	22	
1535	9	14	19	
1536	9	10	14	
1537	3	6	7	9	10	11	12	13	14	15	16	18	18	19	23	23	56	69	
1538	16	17	18	19	20	20	21	25	40	46	51	53	55	58	59	70	
1539	22	23	50	54	87	90	95	
1540	81	82	82	84	85	87	89	90	
1541	79	80	81	81	83	83	84	85	90	94	
1542	10	13	14	79	80	81	83	85	89	
1543	6	8	11	12	13	15	15	16	17	18	79	81	82	83	85	90	
1544	16	16	17	20	22	34	37	52	52	54	55	56	59	61	70	82	85	
1545	42	47	48	49	49	50	51	53	54	55	
1546	32	45	47	48	50	54	82	86	87	88	90	96	
1547	79	84	102	
1549	65	
1551	10	
1552	9	9	11	13	13	14	16	
1553	7	11	12	14	15	16	17	18	20	22	24	28	36	52	53	55	56	57	60	
1554	17	18	21	23	24	34	41	42	45	46	47	48	49	49	50	51	53	54	55	56	59	
1555	31	41	44	46	49	51	
1557	49	
1564	76	
1569	10	13	16	
1570	9	11	13	15	16	19	68	
1571	6	8	11	12	14	14	15	16	17	18	18	19	20	22	23	34	53	55	56	57	59	61	
1572	17	20	21	22	23	25	35	39	46	50	51	52	54	55	
1573	41	44	48	53	82	84	87	89	96	
1574	66	79	80	81	84	86	91	95	99	
1575	13	80	83	86	89	
1576	9	11	14	17	18	79	82	83	
1577	6	8	9	11	12	13	13	14	15	16	17	18	20	25	56	57	80	
1578	16	17	17	19	20	21	22	24	26	33	47	50	51	52	53	53	54	55	57	59	81	99	
1579	23	39	43	45	46	47	48	49	50	52	54	56	
1580	44	48	50	84	86	91	94	
1581	45	88	89	
1585	9	
1586	5	8	10	11	12	13	14	16	21	
1587	6	11	12	14	15	15	16	17	18	18	19	21	52	55	56	57	58	60	68	
1588	17	18	20	21	22	23	23	25	33	36	40	43	45	46	47	48	49	49	50	50	52	53	54	55	56	58	61	
1589	44	48	49	61	
1593	53	
1595	69	
1599	12	
1602	19	
1603	9	12	18	67	
1604	6	9	10	11	13	13	14	16	17	19	20	23	28	58	
1605	7	12	15	17	18	19	19	20	21	23	33	35	47	48	52	53	55	55	56	60	70	
1606	22	25	42	44	45	46	48	48	49	50	52	53	55	59	
1607	44	47	82	86	88	89	93	
1608	82	84	
1609	81	
1610	7	9	11	14	18	20	
1611	7	9	11	12	13	14	15	16	17	18	20	22	24	57	
1612	16	17	18	20	21	22	24	35	36	47	48	50	51	52	53	54	55	55	56	57	59	62	68	103	
1613	23	40	42	44	46	47	48	49	50	52	53	59	
1614	44	45	46	51	79	84	
1616	85	
1619	9	14	
1620	5	6	9	11	12	13	14	17	18	20	
1621	8	11	12	15	16	17	18	19	21	24	25	27	35	37	52	55	56	57	61	69	
1622	17	18	20	21	23	25	42	43	45	46	47	47	49	49	50	51	53	53	54	58	
1623	33	44	45	46	48	49	52	
1624	44	51	
1630	81	
1636	8	13	
1637	9	11	14	15	16	68	
1638	7	10	11	13	14	15	16	17	18	19	19	20	22	23	36	56	57	
1639	17	18	20	20	21	22	24	26	35	50	51	51	52	53	54	55	56	58	60	
1640	22	23	33	35	43	43	45	47	48	49	50	51	53	59	93	
1641	51	53	83	85	87	91	94	
1643	14	
1644	6	9	11	14	15	
1645	5	7	11	12	13	14	15	16	18	21	25	58	87	
1646	16	17	19	20	21	23	25	33	37	51	52	53	55	56	60	83	87	91	93	96	
1647	18	23	34	38	41	43	45	46	47	48	48	49	49	50	51	54	55	56	58	
1648	43	44	46	48	49	54	
1651	16	
1652	24	
1653	8	15	24	
1654	6	8	9	11	12	13	14	15	16	18	19	21	24	
1655	6	12	15	16	17	19	19	20	21	24	27	36	52	53	55	55	56	57	60	68	
1656	18	21	22	23	25	26	35	36	37	37	38	43	46	47	48	49	49	50	51	52	54	54	55	57	59	
1657	31	38	44	49	53	88	94	
1658	44	48	64	
1659	5	
1669	14	
1670	10	13	
1671	8	8	10	11	12	13	14	15	16	18	22	66	
1672	11	12	15	15	17	19	21	22	24	25	52	56	
1673	23	24	34	49	50	51	52	54	55	58	88	
1674	45	49	50	52	53	58	83	87	88	89	91	92	97	
1675	79	82	85	87	90	97	
1677	14	
1678	3	9	14	62	62	
1679	5	7	8	10	11	14	15	17	19	64	82	84	
1680	11	12	13	15	21	25	51	51	52	54	54	55	56	57	58	60	81	82	85	87	88	91	96	101	
1681	16	17	18	21	34	38	42	43	46	47	48	48	49	50	50	52	53	54	57	60	86	87	91	93	96	
1682	41	42	44	45	46	47	48	50	
1683	33	41	43	45	47	48	
1684	42	43	46	49	
1685	41	77	
1686	15	19	25	66	
1687	8	11	13	15	16	18	20	
1688	6	9	11	12	13	13	14	15	16	17	19	20	21	24	27	56	71	
1689	12	17	18	20	21	22	22	24	24	36	53	55	56	57	58	69	
1690	21	22	23	44	47	48	49	50	51	52	54	55	60	
1691	32	45	47	49	82	85	87	89	91	93	
1692	55	93	
1701	34	
1704	9	
1705	7	9	9	10	11	13	14	
1706	7	13	35	51	52	53	55	56	82	87	87	90	92	94	97	
1707	35	50	51	54	82	83	85	86	87	88	89	90	91	93	94	95	97	
1708	50	54	81	82	84	85	86	89	91	96	
1709	79	82	84	87	97	
1711	14	
1712	4	15	68	
1713	5	6	8	10	14	
1714	6	10	12	13	13	14	15	17	19	53	82	83	87	89	98	
1715	16	20	26	34	50	51	52	54	54	55	56	57	58	61	81	82	83	85	86	89	91	95	
1716	16	17	30	34	37	43	44	45	47	47	49	50	51	52	53	55	57	59	92	
1717	29	37	41	43	44	45	45	46	47	48	49	51	54	57	59	59	
1718	32	42	44	46	47	49	
1719	22	24	40	42	44	46	70	
1720	7	10	14	19	26	
1721	6	9	10	12	14	15	16	18	18	19	20	22	24	43	66	69	
1722	2	6	11	13	17	18	19	20	21	22	23	25	26	56	57	69	
1723	22	24	25	37	42	47	50	51	52	53	54	55	57	58	
1724	23	33	45	47	48	49	50	52	55	92	
1725	50	79	82	84	86	89	91	96	98	
1726	85	90	
1727	89	
1735	20	
1736	81	
1737	14	
1738	14	
1739	5	14	
1740	3	79	82	84	89	
1741	55	79	80	81	82	83	84	86	89	92	
1742	80	81	82	83	84	86	88	94	
1743	83	87	93	
1746	14	
1747	6	8	14	96	
1748	4	9	11	14	84	97	
1749	6	8	9	10	11	12	14	15	16	79	80	81	83	85	89	92	95	99	
1750	18	52	54	55	57	61	82	83	84	86	87	88	89	91	92	94	96	
1751	16	17	45	47	48	49	50	52	53	55	57	59	87	91	93	
1752	32	41	42	43	44	45	46	48	49	50	57	60	
1753	21	23	41	42	44	46	47	65	71	
1754	10	15	19	20	22	24	26	44	64	72	
1755	10	12	13	15	21	22	23	25	27	44	
1756	21	22	22	24	52	53	55	57	
1757	23	25	50	50	51	52	53	54	56	60	88	92	93	
1758	32	48	49	53	84	85	86	87	89	90	91	93	96	
1759	80	83	84	86	88	97	
1763	9	9	9	
1768	75	
1770	26	
1774	80	
1775	80	84	88	
1776	80	85	
1780	95	
1781	12	15	
1782	13	86	91	
1783	7	10	13	80	82	83	89	
1784	7	9	11	12	13	14	15	80	81	82	83	84	85	88	92	96	
1785	12	52	81	82	83	84	85	87	89	90	91	94	
1786	16	45	51	86	87	89	90	91	93	94	97	
1787	25	93	
1788	56	92	
1789	23	25	57	57	92	93	
1790	35	51	52	53	53	54	55	87	91	93	95	97	
1791	51	54	82	83	85	86	87	89	90	91	93	95	97	
1792	53	81	83	83	84	85	86	88	90	93	98	
1793	79	81	85	91	96	
1794	64	
1795	84	
1812	74	
1816	87	
1817	12	15	89	
1818	5	10	14	80	85	90	
1819	7	9	11	13	15	79	80	81	82	84	85	89	93	
1820	7	10	12	14	81	81	82	84	86	88	88	90	98	
1821	13	82	83	85	86	87	89	90	91	94	96	
1822	87	88	89	90	91	93	93	95	97	
1823	52	53	55	58	82	85	86	87	88	88	89	90	91	94	97	
1824	54	81	82	83	84	85	86	86	88	88	89	90	92	95	
1825	53	78	80	80	81	82	83	84	85	87	88	93	
1826	79	80	81	84	86	88	
1827	82	85	
1839	18	
1843	1	
1852	85	
1853	4	10	81	88	93	
1854	12	15	79	80	81	84	87	91	95	
1855	79	80	81	82	84	85	86	88	94	
1856	79	79	80	81	82	84	85	86	88	89	92	97	
1857	79	80	81	82	83	84	85	89	89	98	
1858	79	80	81	82	84	85	91	
1859	80	83	83	
1860	85	
1863	80	
1866	67	
1873	68	
1875	74	
1888	81	87	
1889	79	82	84	96	
1890	79	81	85	
1891	78	80	84	89	
1892	78	81	
1893	8	89	
1900	66	
1901	67	
1918	18	
1924	84	
1928	102	
1930	100	
1940	76	
1944	87	
1958	36	
1960	14	
1966	85	
1978	29	
1987	21	39	
1993	96	
2003	79	
2010	13	
2019	100	
2046	54	
2063	82	
2081	54	
2156	5	
2159	19	44	
2175	98	
2177	12	
2219	10	19	
2229	8	
2255	13	
