147	27	
182	23	
183	93	
184	90	93	
185	87	90	91	93	95	
186	93	
215	56	
217	86	88	89	91	92	98	
218	82	84	85	86	87	89	90	91	93	94	99	
219	10	81	82	83	84	85	86	87	88	90	91	96	99	
220	82	83	84	86	87	88	89	90	91	93	96	101	102	
221	17	87	90	92	96	
248	56	
249	51	53	54	56	58	
250	49	50	52	55	87	90	
251	50	81	83	85	87	88	89	90	92	94	
252	8	79	80	81	82	83	84	85	86	89	99	
253	11	43	80	81	84	86	89	94	
254	6	8	9	10	12	13	15	80	81	82	83	84	85	89	90	95	
255	7	10	12	14	15	16	19	81	82	83	85	86	89	90	92	94	98	
256	16	17	19	86	88	90	92	94	
261	87	91	97	
262	16	
282	56	58	59	
283	50	51	52	52	53	54	55	58	
284	49	50	51	54	83	85	86	87	89	90	92	93	97	
285	10	79	81	83	84	86	88	90	
286	15	16	18	19	28	43	55	56	57	58	60	65	69	80	81	84	
287	17	18	19	20	32	42	44	44	45	46	47	47	48	49	49	
288	9	11	43	44	46	48	69	80	
289	6	9	10	11	13	13	15	80	81	83	84	86	88	91	94	
290	11	12	15	16	17	19	21	81	82	84	86	89	91	95	
291	16	18	20	92	98	
292	58	
294	46	50	
295	8	11	81	84	86	88	89	91	95	
296	18	87	92	96	
316	34	51	52	55	56	58	
317	46	48	50	51	52	53	54	55	60	86	87	90	92	93	
318	48	50	81	82	84	85	86	87	88	89	91	95	
319	8	8	10	11	14	15	81	
320	6	13	15	16	17	18	18	19	20	24	34	53	55	56	57	57	61	
321	21	22	23	23	24	45	47	48	49	50	51	52	54	55	56	58	59	
322	5	32	42	43	44	45	46	47	48	49	49	72	
323	3	8	10	12	14	44	80	83	
324	7	11	12	13	14	15	16	80	81	82	84	85	87	89	91	94	99	
325	12	15	16	17	18	19	21	83	85	87	88	91	97	
326	17	18	57	
327	51	52	54	55	59	
328	46	47	49	
329	8	10	82	83	85	91	
330	12	13	14	15	16	82	85	86	92	96	
331	17	17	19	21	
348	57	
349	52	55	56	58	59	
350	46	48	50	51	52	54	55	
351	47	49	50	52	53	81	82	84	86	89	92	98	
352	8	10	81	83	84	87	
353	4	7	10	11	12	13	14	14	15	16	17	18	18	19	19	26	70	
354	8	13	15	17	17	19	20	21	22	23	24	57	58	
355	21	22	35	50	51	52	53	54	55	55	56	56	57	59	61	
356	31	34	41	43	44	45	46	47	48	49	49	50	51	52	54	58	
357	5	9	43	44	45	46	48	49	
358	4	7	9	10	11	12	14	15	24	81	85	89	
359	6	8	11	12	13	14	15	16	18	19	21	24	80	82	83	85	90	96	
360	17	17	19	21	57	58	
361	52	53	54	55	55	56	58	59	
362	46	48	49	50	51	53	
363	9	10	13	44	86	88	
364	3	7	10	11	12	14	14	15	16	18	80	82	84	86	89	
365	16	17	17	20	21	23	
366	23	
382	57	
383	51	52	53	54	55	56	58	59	
384	46	48	49	50	51	52	53	55	94	
385	9	45	49	79	82	85	87	88	91	
386	7	9	11	11	14	15	16	79	84	
387	5	8	12	13	14	15	16	17	18	18	19	20	22	23	24	
388	17	21	22	23	25	
389	22	51	52	53	55	56	57	57	59	61	
390	33	48	49	50	51	51	52	53	54	55	56	58	60	
391	42	44	45	45	46	46	47	49	49	50	51	
392	5	6	9	10	11	14	44	48	
393	7	10	11	12	12	13	13	14	15	15	16	19	24	80	82	84	89	93	
394	16	17	18	19	20	21	56	58	87	90	97	
395	51	52	52	54	55	55	57	60	
396	33	45	47	48	49	50	51	53	89	95	
397	8	9	11	46	86	90	94	
398	7	11	11	12	13	14	15	15	16	18	19	24	81	99	
399	15	17	18	19	20	21	22	25	27	
400	22	
416	56	57	
417	48	50	51	52	53	54	55	55	56	58	59	
418	46	47	48	49	49	50	51	54	64	93	
419	9	13	45	83	84	87	88	102	
420	3	7	10	11	12	13	14	15	19	
421	4	8	11	15	16	17	18	19	20	21	25	
422	18	21	23	
423	57	58	
424	37	51	52	52	53	54	55	55	56	57	59	61	
425	32	46	47	48	49	49	50	50	51	53	54	
426	9	10	13	31	43	44	45	46	48	
427	1	5	6	8	9	10	11	12	14	15	15	24	82	89	93	99	
428	13	15	16	17	19	20	21	56	57	86	88	90	92	94	
429	35	52	53	54	55	55	56	60	
430	48	49	50	50	54	87	89	92	94	
431	9	10	13	84	87	91	
432	7	8	10	11	12	12	14	14	15	16	18	19	70	
433	16	17	18	19	20	21	21	22	23	
450	52	56	57	58	59	
451	33	47	50	50	51	52	53	53	54	55	56	60	
452	47	48	48	49	50	50	86	88	92	
453	6	8	9	13	87	90	95	
454	4	6	8	10	11	11	12	13	14	15	15	16	17	19	20	23	70	
455	12	15	17	17	18	18	19	20	21	22	24	
456	22	
457	57	
458	52	53	54	54	55	56	57	57	59	61	
459	42	45	48	49	50	50	51	53	55	56	59	
460	9	43	44	45	46	48	48	49	
461	9	11	12	14	79	
462	8	12	13	15	18	25	53	57	81	83	83	85	87	90	92	96	99	
463	51	52	54	55	83	85	86	87	89	91	92	94	97	
464	51	53	83	84	86	87	89	91	95	
465	7	8	9	11	13	14	16	85	
466	6	11	12	14	15	15	16	16	17	18	19	20	25	
467	15	18	19	20	21	22	23	24	
469	50	50	51	
484	52	55	56	57	58	59	
485	36	46	47	49	50	51	52	52	53	54	55	56	61	
486	45	46	48	48	49	50	83	84	86	88	
487	8	9	11	13	68	84	86	91	
488	4	6	10	11	12	13	14	15	15	16	17	18	20	
489	16	17	18	19	20	21	22	23	25	
490	23	
492	53	55	56	57	58	58	61	
493	47	50	50	51	52	53	54	55	56	58	61	
494	33	42	44	44	45	46	46	47	48	48	49	50	50	
495	5	8	10	14	44	45	46	
496	15	56	80	82	85	89	94	99	
497	54	81	82	83	84	85	87	88	90	91	93	95	
498	80	81	83	84	85	87	88	91	93	97	
499	6	8	9	10	11	12	13	14	15	16	17	19	82	
500	12	14	15	16	17	17	18	18	19	19	20	21	22	23	25	70	74	
501	17	21	22	25	
517	57	
518	52	53	54	55	56	57	59	
519	47	48	49	50	50	51	52	54	55	58	
520	44	45	47	49	50	88	90	95	
521	8	9	10	14	15	86	
522	1	7	11	12	13	15	15	16	17	19	19	20	21	24	69	
523	17	18	19	20	21	21	22	24	26	
526	55	57	
527	50	51	52	53	54	54	55	56	57	58	59	60	
528	33	33	37	40	43	46	47	49	50	50	51	52	54	55	57	59	61	68	
529	27	28	37	43	44	45	45	46	47	47	48	48	49	50	58	
530	6	42	44	45	46	48	49	
531	20	41	45	46	47	49	67	79	80	82	84	100	
532	9	10	11	14	16	18	18	28	43	79	81	84	
533	3	7	9	10	11	12	13	13	14	15	16	16	17	18	19	20	21	23	68	
534	15	17	19	20	20	21	23	25	
535	21	22	
541	90	90	91	
551	58	
552	33	51	52	53	54	55	56	56	57	58	59	61	
553	45	47	48	49	50	51	51	53	54	55	59	
554	44	45	46	47	49	50	51	87	
555	5	7	9	10	11	14	15	44	
556	8	10	12	12	13	14	15	16	16	17	18	19	20	24	69	
557	16	17	17	19	20	21	22	
561	53	55	57	59	
562	50	51	52	54	55	55	56	57	59	61	
563	29	43	44	45	47	48	49	50	51	53	55	56	58	58	61	64	
564	29	43	44	44	45	46	47	49	50	53	56	60	64	
565	20	23	24	28	41	44	45	47	48	64	66	
566	3	6	8	10	13	13	14	17	19	20	21	23	25	28	44	45	48	65	68	72	
567	11	14	15	18	20	21	22	23	24	44	
568	2	20	21	22	23	25	
569	23	
571	21	21	22	
585	56	58	
586	35	51	52	54	55	56	57	59	61	
587	47	48	49	49	50	51	51	52	53	54	55	58	62	
588	44	45	46	47	49	50	
589	7	9	10	11	13	15	44	
590	7	11	12	13	14	15	16	16	17	18	19	20	24	25	
591	17	18	19	21	21	22	24	
597	53	60	
598	50	65	
599	24	73	
600	22	24	25	
601	23	24	
602	23	
609	98	99	99	
619	56	58	
620	51	52	55	56	57	59	
621	32	43	47	48	49	50	51	51	52	53	54	55	59	
622	45	46	48	49	
623	4	7	8	10	11	12	13	14	
624	7	12	12	13	14	15	16	16	18	19	20	23	
625	17	18	19	20	21	22	23	
653	57	
654	52	53	55	55	56	57	58	59	61	
655	37	46	48	49	50	51	52	53	54	55	60	
656	44	45	46	49	50	
657	5	8	9	10	12	13	14	
658	8	11	12	14	15	16	17	18	19	20	24	27	
659	17	21	22	23	23	
688	34	52	53	55	56	57	59	61	
689	47	48	50	51	51	54	55	
690	40	43	44	47	49	
691	5	8	10	11	12	13	14	15	
692	8	15	15	16	17	18	18	19	22	23	
693	17	21	22	
721	58	
722	52	53	55	56	57	59	
723	46	47	49	50	50	51	54	55	
724	9	44	46	48	49	
725	5	7	10	11	12	13	14	15	68	
726	8	12	15	16	17	18	19	20	21	24	
727	21	22	
755	56	
756	52	53	54	55	56	57	58	60	
757	47	50	51	53	53	54	
758	32	44	45	46	47	48	49	
759	5	6	8	8	10	11	12	14	14	15	16	43	
760	13	14	15	16	16	17	19	20	21	
761	18	21	23	
790	53	55	56	57	60	
791	33	50	51	51	53	54	55	58	
792	9	45	46	47	48	49	50	63	
793	7	10	11	12	13	14	19	44	
794	2	17	19	20	21	24	25	
795	22	23	
824	57	58	
825	50	51	53	54	55	60	
826	8	32	45	46	47	50	68	
827	3	6	12	13	15	75	
828	16	17	19	21	23	25	27	
859	33	51	52	54	55	58	
860	41	46	47	49	66	
861	6	11	14	29	44	
862	19	
863	22	
896	1	
1162	45	
1166	46	
1192	25	
1201	29	
1209	46	
1212	7	
1217	99	
1222	87	
1225	85	
1235	61	
1266	19	
1267	13	
1272	31	
1273	14	32	60	
1274	69	
1277	36	
1280	27	
1300	58	
1302	31	
1304	31	
1307	54	
1308	12	
1317	30	
1330	24	
1338	17	20	
1339	37	
1340	18	30	43	44	47	52	58	69	
1341	36	42	44	46	47	53	67	
1342	45	47	50	59	
1344	48	
1346	43	
1348	29	
1349	69	
1353	64	
1362	90	
1364	103	
1366	40	
1371	16	22	
1372	11	18	
1373	12	16	17	18	20	24	43	45	63	68	
1374	16	17	19	20	24	26	44	46	48	49	53	56	57	60	67	70	
1375	18	20	21	22	23	29	41	44	46	47	49	51	56	60	67	
1376	21	42	43	45	46	47	48	50	54	
1377	45	46	49	
1378	66	68	
1392	70	
1401	57	
1402	98	
1405	9	19	
1406	10	12	14	15	16	19	21	
1407	11	12	14	17	18	18	19	20	21	23	
1408	20	21	22	23	51	57	
1409	22	24	34	51	52	53	55	56	57	58	60	92	
1410	23	24	34	43	45	47	49	50	51	53	53	55	56	58	60	
1411	41	44	45	46	47	47	48	49	50	52	
1412	43	45	46	47	49	69	
1413	46	
1417	21	42	44	46	60	
1418	48	
1422	91	
1425	63	
1437	39	
1438	16	
1439	9	12	14	16	18	
1440	7	10	11	12	14	15	16	17	19	20	22	24	56	
1441	13	18	19	20	21	22	23	25	72	
1442	22	87	90	92	97	
1443	13	14	53	58	61	83	86	88	90	92	95	
1444	16	51	52	53	54	55	56	57	58	59	60	91	
1445	31	42	45	47	47	49	50	50	51	53	55	56	59	
1446	43	44	45	46	46	48	48	49	49	51	61	
1447	42	49	
1449	8	13	
1450	15	16	20	52	57	60	
1451	17	19	21	25	43	51	
1452	45	46	49	51	59	
1453	43	44	47	49	
1460	63	
1461	3	
1470	16	
1471	16	
1472	9	
1473	6	10	11	13	13	14	16	17	19	26	70	
1474	5	8	11	12	15	16	17	18	18	19	20	23	23	26	56	58	59	71	
1475	20	21	22	24	50	51	53	54	
1476	48	82	83	86	87	89	91	96	
1477	6	8	10	11	13	15	79	80	82	84	87	88	93	97	98	
1478	6	12	14	15	16	35	56	57	60	81	82	85	86	88	90	95	98	
1479	16	16	18	19	20	33	48	51	52	53	53	54	55	56	57	58	58	60	
1480	41	44	45	46	47	48	48	49	49	51	54	57	60	
1481	44	45	46	49	51	53	65	74	
1482	49	
1483	8	13	21	25	
1484	6	12	14	18	25	35	37	55	56	58	60	
1485	16	17	19	20	21	24	47	47	50	51	54	56	59	
1486	44	45	46	47	48	49	55	58	
1487	46	
1489	11	
1505	8	23	
1506	8	10	12	14	15	16	18	
1507	11	13	13	14	15	16	17	19	20	26	57	58	
1508	18	20	21	23	24	47	52	53	54	55	
1509	22	46	49	50	52	54	87	88	89	91	93	96	
1510	80	81	83	85	87	89	91	97	
1511	10	82	86	
1512	6	8	10	11	12	13	14	15	15	16	58	80	82	84	86	89	91	93	
1513	16	17	18	19	22	36	53	56	57	59	61	82	85	87	88	90	92	93	97	98	
1514	17	23	32	46	47	47	50	51	51	53	54	55	57	58	
1515	43	44	45	46	48	48	49	60	
1517	9	13	16	
1518	7	11	12	15	16	20	24	56	57	58	61	
1519	16	17	18	20	22	23	26	34	50	51	52	54	56	57	60	
1520	22	44	45	46	47	49	49	50	51	54	59	
1521	49	55	
1523	55	
1524	89	
1527	92	
1538	9	
1539	9	15	25	
1540	9	11	12	14	15	16	18	19	56	57	
1541	5	8	13	15	16	17	18	19	20	22	24	52	55	57	69	
1542	22	24	45	46	48	49	49	50	51	53	53	55	
1543	47	50	80	82	84	85	89	
1544	81	87	
1545	9	
1546	4	6	8	10	12	14	17	26	80	85	92	
1547	6	11	12	13	14	16	20	25	55	57	62	81	82	83	85	86	89	92	97	
1548	16	16	17	18	19	20	21	51	52	54	55	56	57	58	60	62	93	
1549	42	43	44	45	46	47	48	48	49	50	50	52	53	55	
1550	44	46	49	64	
1551	6	9	11	13	
1552	4	7	11	12	13	14	15	17	19	23	58	61	
1553	16	17	18	19	20	21	24	34	37	48	51	52	52	55	56	59	61	
1554	44	45	46	47	48	49	50	51	53	
1555	46	49	
1570	61	
1572	15	
1573	9	14	17	
1574	5	7	9	10	11	12	14	16	19	56	57	
1575	13	16	17	18	18	19	20	21	23	25	51	52	54	54	55	56	58	
1576	22	45	46	47	50	51	52	53	55	58	
1577	45	46	49	54	59	79	84	89	
1578	86	
1579	11	92	
1580	9	12	84	
1581	7	9	10	11	13	14	15	16	18	58	62	81	85	90	
1582	13	16	17	18	19	21	24	51	51	52	53	54	55	56	58	59	62	81	84	87	89	92	97	
1583	17	32	43	46	47	48	49	50	51	54	57	
1584	32	40	44	46	48	48	49	
1585	9	12	13	
1586	5	8	10	11	12	14	14	15	17	18	20	56	57	58	60	69	
1587	15	17	19	20	22	24	26	46	47	48	51	52	52	53	54	55	56	60	
1588	21	23	45	47	49	49	51	53	55	88	92	
1591	74	
1598	69	
1599	64	
1604	38	
1606	77	
1607	7	9	11	19	
1608	5	7	10	11	12	13	13	14	15	16	17	18	20	24	53	56	57	
1609	17	18	20	20	21	23	25	47	52	53	54	55	56	58	58	
1610	23	44	47	48	49	50	51	54	55	
1611	48	83	91	
1612	84	
1613	86	
1614	8	13	13	20	85	
1615	4	6	9	10	11	14	15	16	22	
1616	7	12	13	15	16	18	19	21	24	35	54	55	56	57	58	59	62	81	84	87	89	92	92	97	
1617	16	17	18	19	21	30	47	49	50	51	54	55	56	60	
1618	30	41	45	46	47	47	48	49	50	
1619	4	12	13	15	19	43	58	66	
1620	5	8	12	15	15	17	19	20	22	45	53	55	56	58	59	70	
1621	20	20	22	23	26	46	47	50	51	52	54	55	56	59	
1622	45	46	49	50	54	83	86	88	90	
1624	54	
1627	8	16	
1634	37	50	
1638	34	
1641	8	9	11	12	13	15	
1642	5	7	12	14	15	16	18	18	19	20	23	56	57	60	62	
1643	2	17	18	20	21	23	23	25	48	50	51	51	52	54	55	58	60	
1644	22	41	44	45	46	49	50	52	55	86	89	96	
1645	48	82	85	89	
1646	49	
1648	8	13	
1649	9	10	14	16	20	
1650	2	7	12	13	14	15	17	19	22	57	81	83	86	89	95	
1651	16	17	19	20	22	33	51	53	54	60	86	91	93	
1652	18	23	49	65	
1653	5	12	15	24	45	57	
1654	5	22	24	26	33	51	52	53	55	58	58	60	
1655	22	23	45	47	49	50	51	52	53	55	56	93	
1656	49	54	80	83	85	87	90	94	
1657	92	
1663	86	86	86	87	
1667	41	
1674	10	13	
1675	7	9	10	11	13	14	16	58	
1676	1	5	7	11	12	14	15	16	17	18	19	20	23	25	35	36	52	55	56	56	58	59	61	
1677	17	17	20	21	22	25	47	48	50	50	51	52	53	54	55	56	
1678	45	46	49	50	51	55	58	86	91	
1682	14	19	
1683	7	8	87	97	98	
1684	2	5	6	8	10	11	13	14	15	19	80	84	92	97	
1685	12	15	22	23	80	81	83	83	85	86	88	89	91	96	98	
1686	16	17	87	92	
1687	53	56	92	
1688	52	53	53	54	55	58	88	92	98	
1689	51	54	85	87	88	89	90	92	96	
1690	51	54	80	84	87	90	96	
1691	86	
1692	27	27	27	28	49	93	
1694	29	
1697	3	13	
1701	82	
1705	27	
1707	8	
1708	10	14	
1709	4	7	9	11	12	13	14	15	18	20	
1710	5	6	8	12	14	15	17	18	19	21	24	36	55	56	57	59	61	
1711	16	17	21	23	25	47	48	50	51	52	54	55	56	
1712	44	45	47	49	50	53	53	85	
1713	45	46	48	
1718	3	8	11	14	85	91	
1719	9	11	12	13	15	81	82	85	88	91	
1720	6	12	81	82	84	85	86	87	89	90	92	93	96	99	
1721	52	55	82	83	84	85	86	87	88	89	90	91	93	96	99	
1722	53	54	55	82	83	85	86	87	88	88	89	90	91	94	96	
1723	55	82	83	83	85	86	87	89	91	
1724	79	83	
1725	51	
1727	20	20	20	69	
1729	17	
1731	95	95	96	97	
1742	10	13	
1743	4	7	9	10	12	13	14	17	19	24	
1744	7	11	11	12	14	15	15	16	17	18	19	20	25	26	53	55	55	56	56	58	58	60	63	
1745	19	21	22	47	48	50	50	51	52	54	54	56	62	
1746	44	45	47	49	50	53	87	89	95	
1751	82	
1753	5	81	85	90	99	
1754	80	82	83	84	86	90	
1755	80	81	82	84	85	87	89	93	
1756	80	80	81	83	84	86	89	92	94	99	
1757	79	80	83	84	86	89	
1758	84	88	94	
1765	101	101	102	
1772	3	
1777	5	8	8	10	11	13	14	15	17	19	
1778	5	7	12	13	14	15	16	17	18	20	23	26	53	55	56	56	58	60	
1779	18	20	22	46	48	49	50	50	51	53	54	56	59	
1780	45	47	49	50	51	54	58	86	91	
1782	88	
1783	65	
1788	84	
1789	79	80	84	
1790	78	80	86	
1791	81	
1792	87	
1810	9	13	
1811	4	9	10	11	13	14	15	25	
1812	4	7	12	15	16	17	20	22	33	56	58	58	60	
1813	21	23	46	47	49	50	51	53	54	86	92	
1814	45	46	49	50	54	84	86	90	
1822	14	
1824	95	
1842	13	
1844	8	13	
1845	5	9	10	11	14	15	18	58	
1846	12	13	15	16	19	20	23	35	53	56	60	
1847	18	20	22	42	46	47	50	51	52	54	55	61	
1848	47	48	51	54	58	84	90	
1850	98	99	100	
1851	19	
1864	82	
1873	40	
1877	16	
1878	6	9	
1879	5	6	8	10	11	13	14	15	17	18	
1880	12	13	15	16	17	18	20	24	52	53	54	55	56	59	62	
1881	17	20	22	46	47	49	50	51	52	54	57	58	62	
1882	45	46	49	86	91	
1883	50	86	
1884	64	
1890	18	
1895	47	
1912	14	
1913	8	8	9	11	12	14	15	17	18	23	57	
1914	12	13	16	18	20	34	56	59	87	90	
1915	21	23	45	47	48	51	53	53	59	93	97	
1916	49	52	57	92	
1941	61	
1943	7	
1944	14	
1945	13	
1947	4	8	10	12	14	
1948	12	15	17	19	37	52	55	58	80	82	84	92	94	98	
1949	22	47	50	51	53	55	59	87	91	
1950	89	
1953	65	
1956	30	
1957	90	
1958	4	
1959	59	
1980	13	
1981	5	10	14	
1982	12	19	55	59	85	91	
1983	20	48	50	54	60	83	83	87	92	
1984	45	83	89	
1996	45	
2010	44	
2012	9	
2015	9	
2016	13	15	55	
2017	51	55	82	87	91	97	
2018	83	
2044	76	
2050	92	
2051	81	83	85	87	89	94	
2054	53	
2069	65	66	
2084	99	
2085	80	
2086	89	100	
2097	58	88	
2101	86	
2102	53	
2115	15	
2120	100	
2123	99	
2125	50	
2133	83	
2157	5	
2161	3	
2163	99	
2190	5	
2198	22	
2224	11	
2226	10	
2234	1	
2251	3	
2257	8	
