80	53	
81	54	
145	82	
179	85	
182	21	
185	91	
218	90	93	96	
219	87	88	88	90	92	94	97	
220	16	87	88	91	97	
221	17	
227	87	93	
249	58	
250	48	52	
251	46	50	55	90	97	
252	8	86	87	88	90	97	
253	9	11	14	78	80	82	83	85	86	89	95	
254	12	13	15	16	17	17	19	81	84	
255	18	21	
258	57	
260	46	
261	6	12	92	
262	16	20	
283	53	56	60	
284	46	50	52	55	57	
285	32	40	46	48	50	53	81	86	91	94	
286	8	9	11	33	42	44	46	48	82	83	85	
287	7	7	7	7	8	10	11	13	13	14	79	82	84	
288	2	12	16	16	19	20	21	23	
289	21	
293	51	52	54	56	60	
294	49	
295	11	14	85	90	
296	16	19	89	
317	51	54	56	59	
318	49	51	54	57	59	
319	42	44	47	50	51	54	59	80	
320	32	44	45	46	48	50	63	72	75	
321	8	10	11	12	13	14	
322	16	19	19	20	23	
323	22	
327	52	
328	49	
329	4	10	13	14	85	91	
330	15	16	19	24	
331	18	
352	55	57	
353	51	52	54	55	60	
354	42	45	46	49	
355	5	8	9	11	14	
356	13	16	19	25	
357	18	23	
360	57	
361	51	52	53	55	60	
362	45	49	92	
363	5	6	10	11	14	18	81	87	89	
364	15	17	18	19	23	
384	93	
386	58	
387	51	53	54	55	56	61	
388	46	47	49	67	
389	6	8	10	14	
390	12	15	25	96	
391	16	18	91	
394	52	60	
395	50	51	53	
396	9	86	88	90	96	
397	6	11	12	14	
398	17	18	20	21	25	
415	57	
416	57	
417	46	48	
418	8	11	82	85	89	
419	19	85	88	92	
421	53	56	58	
422	49	51	56	
423	41	45	47	48	49	
424	7	10	12	13	14	46	72	81	84	
425	14	82	85	87	88	91	94	
426	83	88	90	93	96	
427	87	92	
428	53	54	55	92	
429	50	87	90	91	95	
430	9	10	14	82	85	86	88	95	
431	12	13	14	15	16	17	18	19	26	69	
432	19	21	22	24	
450	51	53	62	
451	48	49	
452	8	
453	12	14	15	19	81	84	87	88	
454	17	
456	52	54	63	
457	50	54	56	58	59	63	
458	42	44	46	48	48	50	56	
459	26	42	44	46	67	69	
460	19	26	48	57	81	84	
461	46	52	56	81	84	85	99	
462	38	47	50	82	86	89	
463	8	14	19	40	44	66	68	80	81	84	85	89	99	
464	10	12	14	15	18	20	26	71	82	
465	19	20	22	24	
466	22	
470	53	54	54	
484	53	55	56	57	
485	50	55	
486	45	48	
487	11	14	15	81	85	94	104	
488	16	19	20	
491	57	
492	51	54	59	
493	31	49	57	59	
494	42	44	49	
495	22	23	28	33	48	60	69	79	
496	14	21	44	69	
497	14	22	25	26	45	78	
498	23	23	
499	22	25	
501	39	40	41	
518	57	
519	48	51	52	53	55	59	
520	43	45	46	49	
521	7	10	11	14	
522	17	19	20	28	
530	25	
548	61	
552	56	57	
553	51	52	54	58	63	
554	8	43	45	46	48	49	
555	3	9	11	14	
556	13	16	18	18	19	96	
557	22	
586	39	
587	50	51	52	54	55	58	62	
588	43	45	46	49	50	
589	4	7	9	10	
590	12	13	19	24	85	93	
591	17	21	
602	4	
619	34	35	
621	51	52	54	55	57	60	
622	45	46	47	49	50	
623	8	43	46	
624	2	13	15	27	84	99	
625	17	18	20	
655	52	55	57	
656	47	48	50	51	54	60	
657	9	42	45	46	
658	6	10	12	13	15	
659	16	17	18	20	88	
689	57	
690	51	54	55	59	
691	8	46	47	49	
692	10	11	14	14	
693	13	16	19	26	
694	18	22	
724	51	52	54	55	56	58	61	
725	41	46	47	48	49	
726	5	10	12	14	
727	13	15	16	17	19	21	88	
728	18	23	
757	57	58	
758	52	53	61	
759	46	48	49	50	
760	5	6	10	11	13	44	
761	12	16	18	25	
762	22	
791	58	
792	51	52	54	55	60	
793	8	43	47	49	51	
794	11	14	
795	12	20	25	
796	18	22	
826	55	60	
827	43	47	49	50	53	
828	9	45	47	
829	2	11	13	15	
830	18	19	88	
860	55	
861	52	54	59	
862	32	46	49	
863	6	11	14	44	66	
864	20	26	
865	22	
895	34	55	62	
1158	89	
1164	86	
1167	33	
1175	61	
1180	6	
1203	57	
1206	15	
1208	32	
1211	51	
1226	57	
1229	49	
1231	22	
1236	64	
1263	53	
1276	8	30	
1278	9	
1292	1	
1301	47	
1303	25	
1308	28	
1314	10	
1316	49	
1318	60	
1321	79	
1322	99	
1336	54	
1337	24	
1340	39	
1341	43	46	
1342	46	51	84	
1344	31	
1345	75	
1369	29	89	92	
1370	19	25	
1372	26	93	
1373	13	17	
1374	17	21	25	44	56	60	
1375	17	18	20	21	24	43	46	47	49	51	55	71	
1376	44	71	
1377	48	74	
1380	93	
1381	19	
1383	44	
1384	46	49	
1390	64	
1406	19	
1407	10	12	14	16	19	70	
1408	12	15	16	17	18	19	21	24	53	59	
1409	20	21	24	44	47	49	50	52	55	58	
1410	45	46	48	60	
1414	85	
1415	9	26	
1416	17	19	56	
1417	4	20	47	
1418	46	55	73	
1425	2	
1437	51	
1439	10	
1440	11	14	20	
1441	10	12	14	16	18	18	19	22	23	
1442	21	24	54	55	60	
1443	6	6	6	6	45	47	48	49	51	53	55	61	
1444	44	47	49	
1448	18	
1450	7	13	14	16	29	52	
1451	17	19	23	51	
1452	49	
1453	53	
1455	32	
1473	8	
1474	10	12	14	
1475	13	16	22	25	97	
1476	6	52	53	54	55	57	62	90	95	
1477	5	47	50	52	55	87	
1478	43	48	
1482	18	
1483	3	7	
1484	6	12	17	18	26	55	56	61	
1485	21	47	50	55	59	
1486	44	
1490	78	
1492	89	
1506	48	
1508	10	
1509	12	82	87	96	
1510	8	11	15	17	55	58	59	80	83	85	89	96	
1511	17	20	41	51	53	81	87	97	
1512	34	41	45	46	
1513	48	54	
1514	73	
1515	70	
1517	9	18	
1518	13	16	19	56	
1519	22	45	46	48	49	51	54	
1520	45	51	
1522	72	
1525	89	
1532	19	
1540	48	
1543	9	15	
1544	3	12	14	21	55	79	
1545	17	18	22	50	52	55	56	60	86	91	96	
1546	41	50	
1547	45	48	50	
1549	25	39	47	
1550	32	
1551	4	6	8	10	12	13	15	16	22	57	
1552	5	17	18	19	20	28	53	54	
1553	23	49	50	55	59	
1554	49	
1556	42	60	
1567	36	
1571	8	
1573	7	12	14	16	18	56	63	
1574	21	23	26	43	52	61	
1575	45	47	52	
1577	14	79	102	
1578	5	8	11	15	97	99	
1579	13	16	22	62	81	85	89	
1580	17	22	53	57	59	87	
1581	25	30	47	49	51	54	
1582	32	43	43	45	46	49	69	
1583	22	49	64	70	
1584	11	14	18	20	43	65	67	
1585	8	12	14	18	19	20	28	56	
1586	22	23	27	50	52	55	
1587	51	92	96	
1588	81	85	92	
1589	80	
1595	74	75	75	76	
1602	28	
1606	9	
1607	12	24	
1608	17	19	51	55	58	
1609	38	47	51	
1611	13	
1613	9	13	13	83	85	94	100	
1614	82	86	89	97	
1615	16	55	63	92	97	
1616	54	
1618	10	12	24	
1619	52	55	
1620	53	88	92	96	
1621	54	81	85	87	88	90	
1624	9	
1637	43	
1640	13	
1641	6	10	14	16	
1642	19	53	55	57	58	83	
1643	40	45	46	50	
1644	45	48	
1647	93	
1648	6	12	15	16	79	85	89	
1649	11	82	87	91	
1650	87	91	97	
1651	87	
1652	93	
1653	82	86	89	91	96	
1654	81	83	85	87	96	
1655	79	82	84	
1656	85	
1657	43	43	
1658	43	43	44	
1670	92	
1673	23	
1674	14	
1675	9	18	
1676	6	12	15	19	52	55	56	61	
1677	17	21	46	48	49	51	55	
1678	45	59	60	61	62	
1682	83	
1683	5	78	85	
1684	78	80	86	
1685	81	85	94	
1686	83	87	91	99	
1687	79	81	84	88	
1688	78	80	87	90	94	
1692	26	26	26	
1694	61	
1707	24	
1709	7	9	14	
1710	7	12	14	24	55	60	
1711	17	21	47	50	55	59	
1712	43	46	49	
1714	55	
1716	104	
1719	66	80	
1726	25	
1743	9	
1744	6	10	11	14	15	18	53	55	57	
1745	21	50	55	
1746	43	46	48	52	53	58	
1747	66	70	
1750	68	
1751	37	
1754	84	
1756	19	
1777	14	
1778	8	12	15	19	
1779	16	19	23	51	54	56	58	85	91	
1780	47	49	50	53	
1781	45	49	
1789	101	
1801	92	
1807	13	
1808	40	
1811	9	15	
1812	5	9	11	15	
1813	13	16	21	51	56	60	83	87	92	
1814	17	23	45	47	51	
1815	44	
1817	9	81	
1820	79	
1821	87	
1824	100	
1840	46	
1844	16	41	
1846	9	
1847	6	11	13	16	20	57	58	86	
1848	17	20	26	47	49	51	54	
1849	44	50	
1851	37	
1875	5	
1880	10	14	
1881	6	11	14	16	18	52	55	56	
1882	16	20	21	43	48	49	50	53	58	
1883	45	50	
1884	34	
1888	64	
1914	8	14	17	
1915	6	11	14	56	61	
1916	16	18	21	26	50	51	55	62	
1917	45	49	54	
1919	13	
1930	103	
1948	11	
1949	7	11	12	15	53	
1950	18	20	50	59	
1951	45	46	53	
1961	27	
1977	43	
1983	7	13	15	
1984	17	19	56	61	83	83	88	96	99	
1985	51	54	
1986	44	52	
1998	1	96	
2017	9	14	
2018	90	
2019	54	88	93	
2024	102	
2028	12	
2034	58	
2036	10	
2044	3	
2052	85	98	
2053	78	86	
2054	82	97	
2084	51	
2086	97	
2087	83	
2109	7	
2116	6	
2120	53	
2143	33	
2162	103	
2164	45	
2173	15	
2178	9	
2182	10	
2183	5	
2207	7	
2212	11	
2221	9	
2250	9	
2252	5	
2254	7	14	
2264	104	
2270	98	
