47	5	
81	54	
147	92	
148	50	51	52	53	88	91	93	
149	83	87	88	90	91	92	96	
150	86	87	89	91	93	95	
151	17	88	91	
180	87	88	91	93	98	
181	83	87	89	91	92	95	
182	81	83	85	86	87	88	89	90	91	95	98	101	
183	6	11	80	82	83	84	85	86	87	87	89	90	91	94	96	98	
184	6	9	11	15	79	81	82	82	84	85	86	87	88	89	91	92	95	98	99	
185	13	15	17	81	82	85	87	88	89	90	92	94	96	
186	16	86	87	91	98	
187	17	
211	57	
213	51	55	86	87	88	89	91	95	
214	55	81	82	85	86	87	89	90	91	96	
215	78	81	82	83	84	85	86	87	88	89	90	92	94	96	98	
216	78	80	81	81	82	84	84	85	87	89	90	92	93	96	
217	10	46	79	80	81	82	84	85	86	88	90	96	
218	7	11	13	14	79	79	80	81	82	84	84	86	88	90	97	
219	7	8	10	12	13	15	16	79	81	82	83	84	85	86	87	89	90	93	94	100	
220	12	15	16	19	81	82	83	85	86	87	88	90	91	94	
221	16	17	18	20	91	94	
222	18	
244	56	57	
245	36	47	52	53	55	58	
246	46	48	49	51	52	53	54	56	86	92	
247	51	81	82	83	85	86	87	90	93	93	96	100	
248	53	55	78	80	81	82	83	83	84	86	88	90	93	93	96	
249	66	79	80	81	82	84	85	87	89	
250	16	20	41	43	47	48	58	66	79	80	80	82	83	84	102	
251	21	41	79	80	84	
252	4	11	78	79	81	
253	6	9	10	12	14	78	79	81	85	88	101	
254	6	8	9	10	11	12	13	14	15	15	16	17	19	79	80	81	83	84	89	91	94	98	103	
255	13	15	16	17	18	19	19	20	69	80	86	89	
256	18	22	
259	87	90	96	
260	86	87	91	92	97	
261	16	86	87	89	91	93	96	
262	87	90	92	98	
277	58	
278	53	56	57	61	
279	36	47	49	50	51	52	53	54	54	55	56	59	
280	47	48	49	50	51	54	85	87	90	
281	47	49	53	79	80	82	83	85	87	90	
282	9	66	79	81	84	90	
283	9	12	14	16	17	18	20	56	57	58	59	68	69	78	80	100	
284	16	17	18	19	20	20	21	22	42	44	45	46	47	48	50	51	59	72	79	
285	21	22	23	25	26	31	41	43	44	45	46	46	47	48	49	54	73	75	
286	44	48	
287	6	6	7	9	11	13	79	
288	6	8	8	10	11	12	13	14	15	16	17	18	19	20	22	25	71	79	
289	12	15	17	17	19	20	21	22	24	72	
290	22	
291	56	58	
292	47	49	52	53	
293	82	84	
294	13	80	81	82	83	84	85	86	88	89	94	
295	9	80	81	83	84	85	86	87	88	89	91	95	98	
296	12	82	83	86	87	88	89	90	91	95	98	
297	13	16	18	83	86	88	89	91	92	95	
298	16	
312	52	53	55	56	57	58	60	
313	36	46	47	49	50	51	51	52	54	54	55	57	58	
314	43	45	46	48	48	49	50	51	54	82	83	86	93	95	
315	80	83	83	87	
316	6	9	10	11	13	14	66	68	84	
317	6	8	11	12	14	14	15	16	16	17	18	18	19	20	24	57	58	71	
318	17	18	19	20	21	22	24	25	26	33	47	48	50	51	52	53	53	54	55	56	57	59	60	
319	22	23	24	43	45	46	46	47	49	49	50	51	54	58	
320	44	48	
321	5	5	6	9	10	11	13	14	16	18	67	70	
322	7	9	11	12	12	14	14	15	16	16	17	19	19	23	71	
323	13	16	16	17	18	18	19	20	20	21	22	24	27	
324	21	23	
325	53	55	57	58	60	
326	34	47	51	52	53	54	55	57	59	61	
327	30	41	43	44	45	46	47	48	48	49	50	56	
328	4	36	42	44	46	47	49	79	81	83	101	
329	5	26	44	46	71	79	80	81	83	85	88	
330	8	9	11	13	78	79	80	81	82	84	85	89	93	
331	7	10	11	12	13	15	16	18	20	79	80	82	84	85	87	89	91	94	98	
332	16	17	18	20	86	90	92	96	
333	17	
345	56	57	
346	48	51	52	53	54	55	56	57	59	
347	43	46	47	48	49	50	51	51	52	53	54	55	56	
348	45	47	49	51	53	82	85	88	
349	8	45	81	
350	6	9	10	11	11	12	13	14	15	16	20	70	
351	7	11	13	14	15	16	16	17	18	18	19	20	22	23	25	27	56	57	68	
352	18	21	22	22	24	27	35	51	52	52	53	54	54	55	56	59	61	
353	32	46	47	48	48	49	50	50	51	54	
354	44	49	
355	6	8	9	10	12	13	14	68	
356	2	5	6	10	11	12	13	13	14	15	16	17	17	18	19	20	21	23	25	71	
357	17	18	19	20	21	22	22	24	
358	23	
360	51	52	54	55	58	62	
361	33	50	51	52	53	55	56	57	58	59	61	
362	43	44	45	46	47	48	49	50	51	52	53	55	56	59	60	74	
363	5	31	41	43	44	44	45	46	47	47	48	49	50	71	
364	7	9	44	46	79	84	
365	3	4	6	8	10	11	12	13	14	15	18	79	80	81	83	83	86	88	94	
366	8	12	15	16	17	19	20	81	83	84	86	88	88	90	96	
367	16	17	18	21	
379	57	
380	34	36	48	51	52	52	53	54	55	56	57	58	59	60	
381	34	38	46	47	48	49	50	50	51	52	53	53	54	61	
382	44	45	46	49	50	
383	6	10	14	67	
384	3	6	8	8	9	10	11	12	13	13	14	15	16	19	19	70	
385	15	16	17	18	19	20	20	21	22	23	24	27	56	57	60	69	
386	22	33	46	48	50	51	51	52	53	54	55	58	62	
387	47	49	50	50	51	53	58	82	88	91	
388	10	14	44	48	68	86	92	
389	6	8	8	10	11	11	12	14	14	15	16	17	19	
390	3	11	13	14	15	16	16	17	17	18	18	19	19	20	21	21	24	25	26	69	
391	21	22	23	25	27	
395	53	55	57	58	
396	33	48	51	52	53	54	54	55	56	57	58	59	61	
397	31	37	42	45	46	47	48	49	49	50	51	51	54	55	59	
398	44	45	46	48	48	49	
399	8	8	10	11	12	14	15	79	93	
400	2	7	10	11	12	13	14	15	16	16	18	18	19	69	80	81	85	87	92	93	
401	16	17	18	20	20	21	23	
413	57	58	
414	51	52	53	54	55	56	57	57	59	
415	45	46	47	49	50	51	52	53	53	54	59	
416	43	45	47	48	49	50	86	89	
417	8	9	10	13	67	
418	7	11	11	12	13	13	14	15	15	16	16	18	19	19	28	57	70	
419	17	18	20	21	22	23	23	25	53	55	56	58	58	
420	46	47	48	50	51	51	52	53	54	55	62	
421	45	46	49	50	82	85	87	90	100	
422	7	9	10	13	66	80	83	84	92	
423	6	8	10	11	12	13	14	15	15	16	17	18	19	24	27	69	
424	2	16	17	18	19	20	20	21	22	23	24	
425	22	
429	58	
430	36	51	52	52	54	55	56	56	58	60	
431	45	47	48	50	50	51	52	53	54	55	
432	45	47	49	50	53	
433	5	9	10	13	15	66	
434	3	6	8	11	12	13	13	14	15	16	18	19	20	71	79	81	83	
435	17	17	18	19	20	21	22	25	27	69	
436	23	
447	57	
448	51	52	53	53	54	55	57	58	59	61	
449	33	46	47	48	49	49	50	51	52	53	54	54	55	59	91	
450	45	47	49	81	83	86	89	95	100	
451	4	7	9	10	10	12	13	14	94	
452	5	7	11	12	12	13	15	15	16	17	18	19	19	21	24	57	58	70	
453	17	21	22	23	25	33	48	52	54	54	55	56	57	59	
454	36	46	47	48	49	50	50	51	52	53	54	55	
455	9	44	49	64	80	82	84	86	90	100	
456	9	10	11	12	13	14	18	66	82	99	
457	7	10	11	12	12	14	15	15	16	17	18	19	20	24	26	
458	17	17	19	20	21	22	23	23	25	26	
463	56	57	
464	51	52	53	54	55	56	57	58	60	
465	35	36	45	46	48	49	50	51	52	53	53	54	55	58	88	91	
466	45	46	49	50	86	87	91	
467	9	10	13	67	83	86	89	95	
468	3	7	8	10	11	11	12	13	14	14	15	15	16	16	17	18	19	25	69	
469	1	13	16	17	18	19	20	20	21	22	23	24	
470	22	54	54	55	
481	56	57	58	59	
482	34	47	50	51	52	53	53	54	55	56	57	59	
483	44	46	47	48	48	49	50	50	51	53	55	
484	44	46	49	82	83	87	89	
485	5	6	8	8	9	10	11	12	14	15	93	
486	7	12	13	15	15	16	16	17	18	19	20	23	56	57	58	69	
487	17	18	20	21	22	24	35	51	51	52	53	54	55	55	56	57	59	
488	42	45	46	47	48	48	49	50	50	51	52	53	
489	44	45	46	48	49	82	
490	4	8	8	9	10	11	13	13	14	15	18	67	95	
491	6	11	12	13	14	15	15	16	17	18	19	20	24	71	
492	16	16	17	19	20	21	21	22	24	
497	56	57	
498	50	51	52	52	54	55	58	60	
499	33	48	49	50	51	51	53	54	82	84	86	87	90	92	95	
500	67	80	82	83	84	86	90	94	100	
501	4	8	9	10	11	13	14	15	16	17	19	68	
502	4	7	11	12	13	14	14	15	16	17	17	18	18	19	20	20	21	23	70	
503	18	20	21	22	22	24	27	
507	84	84	85	
515	55	56	57	59	
516	35	46	48	50	51	52	52	53	53	54	55	55	56	58	59	61	
517	45	46	47	48	49	50	50	52	54	86	90	94	
518	44	49	82	84	87	92	
519	3	7	9	10	11	11	13	15	16	65	66	69	
520	6	8	10	11	12	13	14	15	15	16	16	17	18	18	19	20	21	24	56	57	69	71	
521	17	18	20	21	22	35	51	52	52	54	54	55	56	57	58	58	60	
522	34	46	47	49	49	50	51	51	52	53	55	59	
523	43	45	47	48	49	
524	5	6	9	10	11	13	14	15	
525	1	7	11	12	12	13	15	15	16	18	19	24	70	
526	16	17	18	19	20	21	22	23	87	91	
530	56	
531	51	52	54	55	56	57	58	88	91	97	
532	50	51	53	53	54	55	86	87	90	92	94	97	
533	51	54	81	82	83	85	86	87	88	90	96	99	
534	9	11	14	16	67	80	81	84	88	
535	4	8	9	11	11	12	13	13	14	15	15	16	16	17	18	19	19	20	69	
536	5	12	16	17	18	20	20	21	22	22	24	25	
537	21	22	23	
548	56	
549	52	55	57	58	58	60	
550	46	49	50	51	52	53	53	54	55	60	
551	47	48	49	50	54	82	85	86	88	88	91	93	93	97	
552	8	11	14	45	85	91	
553	4	6	9	10	11	12	13	14	15	72	
554	12	15	16	16	17	18	19	19	20	21	23	24	25	57	58	69	
555	18	22	24	33	51	52	52	55	56	57	60	
556	41	43	44	45	47	47	48	49	49	50	51	52	53	54	55	56	58	
557	39	44	45	46	49	50	
558	9	11	14	
559	1	5	8	9	11	12	13	13	14	15	85	88	90	94	
560	8	12	15	16	18	19	22	80	82	85	86	87	89	90	92	94	97	100	
561	17	87	88	91	92	95	
562	88	92	
563	87	88	90	92	95	
564	52	59	86	87	89	91	92	95	
565	51	52	53	54	57	59	82	84	86	87	87	89	90	92	94	97	
566	54	81	82	84	85	86	87	88	89	91	94	97	
567	9	11	14	78	80	81	83	84	85	87	89	95	
568	4	7	8	10	11	11	12	14	14	15	16	17	18	19	69	78	83	
569	5	13	14	15	16	17	17	18	19	20	20	21	21	22	24	25	26	68	73	
570	22	23	23	25	73	
571	21	
582	56	57	58	
583	34	51	52	53	54	55	56	57	59	
584	43	45	46	46	47	48	49	50	51	51	52	54	55	56	
585	46	48	49	50	79	81	82	83	85	87	90	
586	8	9	11	14	67	81	83	
587	3	6	8	10	11	12	13	13	14	15	15	16	16	17	18	19	25	70	
588	12	15	16	17	17	19	20	20	21	22	23	25	69	
589	21	22	34	51	52	53	54	55	56	56	57	58	58	59	61	
590	41	45	47	48	48	49	50	50	51	52	53	54	57	59	
591	32	38	42	43	44	45	45	46	47	47	48	49	50	
592	5	9	39	44	46	
593	5	6	8	10	12	13	15	82	84	90	
594	6	9	11	14	15	79	80	81	83	83	85	87	89	90	94	
595	17	80	82	83	84	85	86	87	89	90	92	94	96	
596	82	83	85	86	87	87	89	89	91	92	95	97	98	
597	82	82	84	85	86	87	88	89	90	91	97	99	
598	55	82	82	84	85	86	87	88	88	90	91	95	98	
599	33	40	54	66	79	80	81	82	83	84	85	86	88	90	94	
600	16	18	53	66	78	79	80	81	82	83	83	84	86	89	
601	7	9	11	13	14	15	16	17	18	18	19	19	20	44	68	69	79	
602	4	6	8	10	11	12	13	14	15	15	16	16	17	19	19	20	21	24	26	28	70	73	
603	4	15	18	20	20	21	22	22	23	24	26	
606	15	15	15	
616	53	56	57	60	
617	42	47	51	51	52	53	54	54	55	56	58	60	
618	33	40	43	44	45	46	47	48	48	49	49	50	50	51	52	53	
619	42	44	46	49	81	84	
620	9	10	11	13	15	19	67	84	
621	7	10	11	12	13	14	15	15	16	16	17	19	19	22	24	69	
622	16	17	18	19	20	21	22	24	
623	22	52	55	57	62	
624	51	51	52	52	53	53	54	54	55	56	57	58	59	60	62	
625	33	42	44	45	47	48	48	49	49	50	51	51	54	56	58	
626	31	36	39	42	43	44	45	45	46	47	47	48	49	50	51	65	
627	11	26	28	40	44	45	46	47	48	69	73	
628	11	15	43	46	72	79	81	99	
629	78	79	80	81	82	83	84	85	86	88	90	97	99	
630	81	82	82	84	85	86	88	94	
631	46	78	79	81	82	83	84	85	87	90	94	
632	16	17	18	19	40	46	67	79	80	81	82	83	84	86	99	
633	8	15	16	17	19	42	43	45	46	48	66	72	78	79	80	83	85	
634	9	11	12	13	14	16	17	18	18	19	20	20	22	41	44	45	48	68	71	79	
635	7	10	12	13	14	15	19	20	21	21	22	23	27	45	48	70	
636	20	21	22	22	24	25	28	
637	22	23	
650	55	56	57	
651	33	50	51	52	53	53	54	55	55	56	57	58	58	60	62	
652	30	41	43	45	47	47	48	49	49	50	51	52	53	54	60	
653	31	41	42	44	45	46	47	47	48	49	50	66	
654	5	7	9	10	11	13	13	14	15	19	27	41	44	45	68	70	73	
655	7	11	12	12	14	15	17	18	19	19	20	22	24	25	70	
656	17	20	21	22	23	24	
657	18	23	
658	52	53	54	55	58	61	
659	33	48	50	50	51	52	53	54	55	56	57	59	61	
660	42	44	45	47	47	49	49	50	51	52	54	56	57	57	58	60	62	67	73	
661	24	27	28	40	43	44	45	46	47	48	48	49	50	51	54	56	58	60	
662	24	32	38	39	42	43	44	45	46	47	49	50	52	57	60	67	70	
663	22	26	41	43	44	46	47	48	73	79	
664	16	19	20	38	41	43	46	48	48	69	71	78	79	80	81	84	
665	12	13	15	17	19	21	27	43	44	48	65	67	69	78	79	81	83	
666	11	15	16	17	18	19	19	20	21	26	40	44	50	63	70	72	79	
667	7	11	13	15	15	17	18	19	20	21	22	23	25	44	48	70	71	
668	11	13	15	18	20	21	22	23	24	25	26	44	71	
669	21	22	24	25	
670	23	25	
682	18	
685	52	55	57	61	
686	34	50	51	52	53	54	55	61	
687	45	47	49	51	66	75	
688	10	13	24	26	45	65	
689	3	15	19	21	23	24	25	
690	22	23	
691	13	14	
692	12	
693	53	54	
694	51	55	57	59	62	
695	31	34	47	50	51	52	53	54	55	57	59	61	
696	24	25	43	44	45	47	48	48	49	49	51	54	57	60	63	
697	20	25	27	42	44	45	47	49	61	66	71	
698	18	20	23	24	42	44	45	48	50	65	67	70	
699	8	11	12	14	15	19	20	22	23	23	25	27	45	70	73	
700	20	21	22	24	25	26	45	69	
701	22	23	23	24	25	
702	22	24	
723	25	
729	53	55	
730	52	
731	45	51	
732	24	25	
733	24	25	
734	24	
1162	43	
1174	84	
1189	90	
1194	74	
1200	50	
1236	68	70	
1250	10	
1264	43	
1265	43	
1270	47	66	
1271	68	
1274	71	
1279	79	
1288	70	
1299	32	
1301	88	
1302	31	73	73	
1303	41	47	75	
1304	17	22	25	41	47	49	49	49	49	56	66	68	
1305	18	20	28	41	43	44	47	51	56	61	72	
1306	22	41	44	47	49	69	
1307	26	45	46	51	
1309	48	
1313	18	
1335	16	19	46	
1336	13	15	17	19	23	28	44	46	67	69	
1337	13	15	16	18	19	20	22	43	44	46	71	
1338	15	16	18	19	21	22	24	43	45	47	49	53	57	58	61	67	68	72	
1339	18	19	20	22	24	26	30	39	43	44	45	46	47	49	50	52	56	58	61	71	
1340	20	22	24	33	39	42	44	45	46	47	48	48	49	50	53	54	56	71	
1341	26	41	43	44	47	48	49	73	
1342	27	40	43	46	49	52	70	
1346	9	66	
1347	82	
1349	26	
1351	29	
1368	10	16	19	
1369	12	14	16	17	18	19	22	24	26	28	47	67	69	
1370	12	15	16	17	19	20	21	25	29	41	44	48	67	71	
1371	8	12	14	17	18	18	19	20	22	23	24	44	47	71	
1372	15	19	20	22	23	23	24	26	45	53	62	70	
1373	21	22	24	28	50	51	53	55	56	58	58	61	
1374	21	23	24	25	30	45	48	48	49	50	52	54	56	57	60	
1375	23	32	42	44	45	46	47	47	48	49	50	52	54	58	58	
1376	40	44	45	46	47	48	48	50	53	63	
1377	45	
1378	53	
1381	39	46	54	79	
1382	46	
1383	21	
1389	61	
1392	88	
1401	9	19	68	
1402	6	9	11	13	13	14	16	17	18	19	20	
1403	7	10	12	14	15	16	17	18	19	19	20	21	23	68	
1404	11	14	15	17	20	21	22	24	45	
1405	22	23	24	25	
1406	24	93	
1407	87	92	96	
1408	18	35	52	53	54	55	56	57	58	60	63	
1409	43	47	48	49	50	50	51	52	54	55	56	57	59	
1410	42	45	47	48	49	50	51	54	58	
1411	45	49	
1412	51	
1414	20	
1415	17	18	22	36	40	57	
1416	17	20	22	28	37	42	44	47	51	57	64	68	75	
1417	23	44	47	48	51	56	71	
1418	42	44	46	50	
1419	46	48	73	
1427	8	
1434	14	
1435	8	10	14	17	
1436	6	8	10	11	12	13	14	15	16	17	18	19	22	69	
1437	15	16	16	17	19	19	20	21	22	24	56	71	
1438	20	21	23	24	25	
1439	54	88	91	93	97	
1440	82	83	85	86	87	88	89	89	90	92	95	97	
1441	8	11	12	15	16	17	81	82	85	86	87	89	90	91	93	96	98	
1442	16	17	18	19	55	56	56	58	60	
1443	47	50	51	51	52	54	56	62	
1444	44	45	46	47	48	49	50	53	54	59	
1445	45	49	51	
1448	7	10	13	15	16	26	
1449	13	18	19	23	63	
1450	16	17	20	21	24	50	52	57	59	62	72	
1451	21	22	24	39	44	45	49	50	53	57	59	67	
1452	23	25	27	28	38	40	43	43	45	46	46	47	48	49	50	52	60	74	
1453	23	44	47	49	53	54	66	
1456	53	
1467	16	
1468	9	
1469	8	10	13	14	15	18	20	
1470	7	11	12	13	13	14	14	15	16	17	18	19	21	24	50	58	69	
1471	17	18	19	20	21	22	24	53	57	59	
1472	22	23	37	46	47	50	51	52	54	55	
1473	14	45	47	48	82	85	86	87	89	96	
1474	9	80	80	81	83	84	84	86	90	96	
1475	7	10	11	12	13	14	15	78	79	80	81	83	85	89	
1476	16	17	18	19	20	21	24	34	55	56	57	58	60	69	81	86	89	
1477	4	4	4	18	22	46	47	51	51	52	53	54	54	55	56	60	
1478	33	41	44	48	48	49	50	52	53	55	89	
1479	82	86	96	
1480	53	67	
1482	9	11	16	
1483	6	10	11	13	13	14	15	18	
1484	19	22	24	53	55	87	90	92	96	
1485	16	23	25	51	53	55	57	59	61	88	91	92	97	
1486	17	24	33	42	47	48	48	49	50	51	52	54	58	60	74	
1487	42	44	45	45	46	47	49	50	51	56	59	73	
1488	45	46	48	50	
1489	53	
1492	10	
1501	29	
1502	9	15	
1503	6	8	10	11	12	14	15	18	19	24	
1504	4	7	11	12	13	15	15	16	17	19	20	24	56	57	70	
1505	16	17	18	20	21	23	24	52	53	54	55	56	58	59	61	
1506	23	32	46	47	49	50	51	51	54	55	92	
1507	45	47	48	49	51	79	81	83	83	85	87	90	94	
1508	8	8	10	68	78	80	
1509	5	6	8	10	11	11	13	14	14	15	17	19	57	68	79	99	
1510	3	13	15	15	16	16	17	18	19	19	20	21	35	52	55	56	57	59	60	71	81	
1511	22	23	46	48	50	50	51	52	53	53	54	55	57	59	91	
1512	45	47	49	51	55	83	85	87	88	91	96	
1513	44	52	53	80	
1515	26	
1516	3	12	
1517	6	11	15	89	
1518	8	8	10	13	13	15	17	81	83	83	84	86	88	90	95	
1519	6	12	15	19	53	58	61	81	82	85	87	89	90	92	94	97	
1520	16	17	18	19	33	51	52	53	53	54	55	56	57	59	61	92	
1521	18	40	43	45	46	47	47	49	49	50	51	53	54	56	59	
1522	44	45	47	48	49	51	56	76	
1523	44	48	
1524	19	
1526	59	
1531	8	
1532	29	
1534	95	
1535	14	
1536	9	13	
1537	6	8	9	10	12	13	14	15	16	
1538	5	6	11	12	14	15	16	16	18	18	19	21	23	27	36	56	58	70	
1539	17	17	19	20	21	25	33	48	51	52	52	53	54	55	56	59	61	
1540	46	49	50	51	52	54	58	86	90	93	
1541	49	78	81	85	88	91	96	
1542	9	11	14	58	
1543	5	7	10	12	13	14	15	15	16	16	17	19	21	24	37	58	70	
1544	2	16	17	18	20	21	22	23	25	27	34	52	52	55	57	59	61	69	
1545	22	46	47	48	49	50	51	52	53	54	55	87	92	
1546	49	79	81	82	84	86	89	91	94	
1547	55	87	92	
1550	3	9	15	
1551	85	90	
1552	10	80	82	85	89	97	
1553	8	9	10	11	13	13	14	15	23	79	80	82	84	88	
1554	12	16	16	18	18	20	21	23	52	54	55	56	56	57	59	61	80	82	86	88	90	99	
1555	20	21	34	40	47	48	50	51	52	52	53	54	55	57	58	59	63	
1556	44	45	46	47	49	50	52	53	
1557	45	50	
1561	61	
1570	10	14	
1571	7	9	10	12	13	14	17	21	
1572	7	11	12	14	15	16	17	18	18	19	20	56	57	59	61	70	
1573	17	20	21	23	25	37	46	47	48	50	50	51	52	54	54	55	58	61	
1574	43	46	49	50	81	83	85	88	89	102	
1575	9	13	81	86	
1576	9	10	12	13	14	19	
1577	3	4	7	10	11	12	15	16	17	17	18	19	21	24	56	56	57	61	69	
1578	17	18	20	21	22	24	47	48	51	51	52	53	54	55	59	
1579	43	46	48	49	50	51	53	55	60	83	84	88	89	92	102	
1580	44	50	80	82	84	87	89	
1581	56	64	
1583	79	
1586	18	
1587	5	7	10	11	13	13	15	19	67	81	85	
1588	6	8	11	12	12	15	16	17	19	20	25	52	53	57	58	61	70	79	81	99	
1589	16	17	18	20	21	22	34	43	47	48	50	50	51	52	53	53	54	55	56	59	62	
1590	43	44	45	46	47	48	49	50	51	56	
1594	59	
1595	82	
1599	77	
1604	9	
1605	7	9	10	10	11	13	14	14	15	17	19	58	
1606	3	12	13	14	15	16	16	17	18	19	20	22	23	25	52	52	53	55	56	56	57	59	60	69	
1607	18	21	22	25	43	46	47	48	49	49	50	51	52	54	55	57	
1608	45	47	49	50	81	83	86	
1609	8	82	85	
1610	5	6	10	11	12	13	14	15	16	18	20	
1611	8	11	12	15	16	17	17	18	19	20	20	22	24	27	34	52	53	55	56	57	59	60	70	
1612	20	21	23	25	26	37	43	46	47	48	50	51	52	53	54	54	55	56	58	60	
1613	45	46	47	49	50	59	87	
1614	80	84	
1618	66	
1619	9	83	
1620	9	13	18	
1621	6	9	10	12	14	15	16	17	19	24	
1622	8	12	13	14	15	16	17	18	18	19	20	21	22	24	26	53	56	57	58	60	61	69	
1623	21	22	23	24	26	48	50	51	52	52	53	54	55	59	62	
1624	42	44	45	46	48	49	50	51	53	53	59	88	
1629	81	81	82	83	
1631	80	
1635	70	
1638	9	11	13	19	24	
1639	4	7	9	10	11	12	14	14	15	16	18	
1640	13	15	16	16	17	17	18	19	20	22	25	34	36	52	54	55	56	57	59	60	68	
1641	18	20	22	23	35	36	46	47	49	50	50	52	53	54	55	56	59	
1642	44	45	46	48	49	50	82	84	
1643	4	9	
1644	7	8	10	10	11	12	13	14	15	15	16	19	58	
1645	16	16	17	18	19	20	22	23	24	55	56	56	57	59	61	
1646	17	21	22	42	47	47	50	51	52	53	53	54	55	59	
1647	44	46	47	48	49	50	52	54	84	
1648	45	
1649	54	
1652	40	
1653	15	16	27	
1654	6	10	14	15	19	21	
1655	8	9	10	11	12	14	15	16	17	18	18	19	20	23	23	25	69	
1656	15	17	18	19	20	21	21	23	23	25	26	36	36	36	37	53	56	57	59	62	70	
1657	22	49	50	51	51	52	53	54	55	59	88	93	
1658	48	50	53	82	83	86	87	89	90	93	96	
1659	58	
1664	80	
1671	10	
1672	8	9	12	13	16	24	67	
1673	5	6	8	10	10	11	12	14	14	15	16	17	18	19	20	24	57	58	72	
1674	13	17	17	20	20	21	22	24	52	53	54	55	55	57	59	62	71	
1675	21	22	46	47	49	50	51	51	53	53	54	55	59	
1676	44	46	48	50	86	89	93	
1677	6	9	14	87	
1678	5	6	9	10	11	12	13	14	16	19	
1679	6	8	12	15	15	16	17	18	18	19	20	52	52	53	55	56	57	59	61	70	
1680	17	20	21	23	35	47	47	49	50	50	51	52	53	54	55	56	57	58	62	
1681	40	43	44	46	47	48	49	50	59	84	
1682	42	43	45	46	48	
1683	28	61	
1685	23	
1686	17	24	
1687	12	17	18	20	29	43	45	47	66	69	
1688	8	9	11	13	13	14	15	17	19	20	23	67	71	
1689	5	7	11	12	16	17	18	19	20	20	21	22	23	25	56	58	59	72	
1690	20	21	22	24	26	46	50	51	52	55	61	
1691	23	48	49	50	52	53	55	83	87	88	89	90	91	95	101	
1692	80	82	83	84	86	88	90	93	
1693	85	
1705	8	21	
1706	8	10	12	13	14	16	18	20	
1707	5	6	10	11	12	14	14	15	16	17	18	19	19	20	22	27	56	57	69	
1708	13	18	19	20	21	22	23	23	34	51	52	52	54	55	55	56	57	59	61	
1709	22	45	46	47	48	49	50	51	53	54	
1710	44	46	49	51	53	81	84	87	89	101	
1711	8	13	51	
1712	3	6	9	10	11	12	13	14	15	16	18	
1713	7	12	16	17	18	19	20	22	23	25	27	53	55	57	58	59	62	92	
1714	17	17	20	22	24	33	36	50	51	51	52	54	55	56	57	59	62	
1715	29	42	44	45	45	46	47	48	48	49	50	51	52	53	55	57	58	
1716	33	35	41	43	44	45	46	47	48	49	50	51	57	63	
1717	43	45	47	69	
1718	19	24	41	46	58	66	
1719	8	15	16	19	30	42	45	48	48	
1720	10	14	17	19	21	44	47	66	70	
1721	9	11	14	15	16	18	19	20	21	23	24	27	43	70	
1722	4	10	12	15	17	18	20	21	22	23	25	26	56	57	69	
1723	22	24	25	26	51	52	53	55	56	59	
1724	22	48	49	50	51	54	55	88	90	92	97	
1725	50	53	61	78	79	81	81	83	83	85	86	89	91	93	98	
1726	55	80	82	84	86	88	
1727	85	
1738	11	
1739	9	12	12	19	27	
1740	4	7	9	11	11	13	13	14	15	16	17	27	68	70	
1741	8	12	15	16	16	17	18	18	19	19	20	21	23	24	27	28	56	57	59	
1742	17	21	22	24	47	50	51	52	53	53	54	55	56	57	58	60	
1743	46	48	49	50	54	59	82	86	89	92	95	
1744	23	49	78	81	83	87	91	98	
1745	9	
1746	9	10	11	13	14	
1747	6	7	11	12	14	14	15	18	19	21	85	87	89	91	95	
1748	16	17	19	20	22	52	53	55	56	58	60	62	91	92	95	
1749	34	50	51	52	54	55	56	57	59	61	
1750	35	38	42	43	44	45	46	47	49	50	51	52	53	60	67	
1751	25	28	42	44	45	46	47	48	50	60	65	68	
1752	13	19	22	23	26	39	42	44	46	48	49	59	67	
1753	13	16	17	19	20	21	23	25	27	43	44	45	46	65	67	71	73	
1754	6	9	14	19	20	21	22	24	25	26	44	48	73	
1755	12	15	21	22	23	24	28	72	
1756	21	22	23	24	52	55	56	58	73	
1757	51	52	52	53	54	55	58	60	88	90	92	96	
1758	49	52	54	82	83	84	85	86	87	89	90	92	94	96	
1759	20	79	80	82	84	93	
1760	79	87	
1761	84	
1771	21	
1773	7	9	11	13	15	
1774	3	6	8	10	11	12	14	15	17	19	
1775	17	18	18	19	20	21	23	24	55	56	57	58	60	61	70	92	
1776	17	21	22	47	50	51	52	53	53	54	55	57	
1777	45	47	48	49	51	55	82	85	87	88	92	
1778	81	84	88	92	
1779	84	
1780	5	8	11	13	
1781	6	8	9	10	12	13	14	15	19	79	82	83	87	90	
1782	12	15	16	20	81	82	84	86	87	89	90	92	95	98	
1783	16	17	18	52	83	86	87	90	92	95	97	
1784	52	55	61	92	
1785	24	49	50	74	
1786	15	24	49	64	74	
1787	22	24	25	
1788	24	
1789	53	87	91	92	97	
1790	52	53	54	55	60	86	87	88	89	90	91	94	95	96	
1791	53	55	81	82	82	84	85	86	88	89	90	92	93	97	98	
1792	81	82	84	85	86	88	95	
1793	81	87	90	101	
1807	6	8	10	15	
1808	4	6	8	9	11	12	14	14	15	
1809	6	13	15	17	22	24	52	54	55	56	57	60	82	87	88	90	91	95	97	99	
1810	51	52	53	54	55	61	87	88	90	91	92	96	98	
1811	50	54	81	83	84	86	87	88	90	92	95	98	
1812	80	85	
1814	89	100	
1815	4	7	8	11	15	24	79	
1816	6	9	11	13	14	16	80	81	82	83	85	87	88	91	94	
1817	7	10	12	14	80	81	82	84	85	86	87	88	89	91	94	97	
1818	7	10	12	14	82	86	86	87	88	89	90	91	93	94	97	
1819	87	87	90	91	96	
1820	90	92	98	
1821	53	54	57	87	88	91	92	95	98	
1822	55	87	88	89	90	92	94	95	98	
1823	53	55	78	82	83	85	86	86	88	88	89	91	95	
1824	54	78	79	80	81	82	83	84	85	86	87	89	91	94	100	
1825	79	79	80	81	83	83	84	86	
1826	78	80	82	84	87	88	
1827	85	
1841	11	14	
1842	4	10	14	
1843	80	81	83	83	85	88	90	93	
1844	55	78	80	81	82	84	84	85	86	88	89	91	93	96	
1845	54	80	81	82	84	85	86	88	89	100	
1847	78	
1848	10	99	
1849	6	11	84	88	
1850	10	79	82	85	98	
1851	11	14	79	80	81	83	83	85	88	94	
1852	8	10	11	13	15	79	80	81	82	83	83	84	85	86	89	91	
1853	7	11	81	82	83	84	85	86	87	88	89	90	92	93	96	99	
1854	52	55	81	82	83	85	86	87	89	90	92	94	96	
1855	77	81	82	83	84	84	85	86	87	89	90	92	94	97	
1856	79	80	81	82	84	85	87	89	91	94	
1857	79	80	81	82	84	85	89	95	98	
1858	79	80	83	
1859	79	
1861	86	
1862	74	
1864	80	
1875	7	
1876	3	4	7	
1877	78	81	
1878	78	79	81	83	85	
1879	78	80	83	84	
1882	90	
1883	5	5	
1884	8	
1885	80	86	
1886	5	6	12	78	79	82	86	89	
1887	79	80	81	83	84	85	88	90	
1888	78	79	80	81	82	84	85	88	91	98	
1889	78	79	80	81	82	84	85	88	92	
1890	79	80	82	84	90	
1891	79	80	
1892	17	80	90	
1907	100	
1910	16	
1912	89	
1914	94	
1921	80	87	
1922	78	82	84	89	
1923	79	89	
1924	88	
1928	46	
1931	58	
1933	5	
1955	6	
1957	84	88	
1966	78	
1972	68	
1974	28	
1977	9	
1992	28	
1994	103	
1995	101	
2001	14	
2027	97	
2033	2	
2043	34	
2067	41	
2072	1	
2077	59	
2120	13	
2144	29	
2148	10	
2161	16	
2178	96	
2216	7	
2259	12	
2282	103	
