50	74	
81	87	91	
82	86	91	93	
83	88	
113	58	
114	85	88	91	97	
115	9	82	83	86	86	87	89	90	93	93	96	
116	9	11	14	79	81	82	84	85	86	87	88	90	91	96	98	
117	16	17	19	82	85	86	90	95	
118	17	
146	56	58	59	
147	51	52	54	55	
148	48	50	82	85	86	87	89	92	95	
149	9	78	79	79	80	81	82	84	85	87	89	90	91	99	
150	5	6	9	10	11	14	67	78	79	80	81	82	83	84	85	87	89	95	100	
151	7	12	13	15	16	18	18	19	79	80	82	83	85	88	90	96	
152	16	17	20	21	89	
179	56	
180	48	50	51	52	53	55	56	57	59	
181	34	49	50	51	52	53	54	82	86	88	88	90	94	
182	48	50	51	79	81	82	83	84	85	86	88	89	91	95	
183	79	80	82	83	85	91	95	98	
184	4	7	8	9	10	11	12	13	15	19	78	80	85	94	
185	7	11	12	13	14	15	15	16	19	20	68	78	80	91	
186	16	17	18	18	19	21	22	23	
212	56	
213	52	55	56	59	
214	30	47	49	50	51	52	53	54	56	58	91	96	
215	49	50	52	53	55	81	82	84	86	87	89	92	93	97	101	
216	50	78	79	80	83	84	86	89	96	100	
217	9	13	43	46	79	84	
218	5	6	8	10	11	14	71	
219	5	7	9	11	11	12	13	14	14	15	18	18	20	81	85	88	88	92	98	
220	13	16	17	19	20	21	22	82	87	90	95	
221	17	18	22	
227	83	87	90	92	94	
228	16	
245	58	
246	52	56	57	
247	36	47	50	51	52	53	54	55	56	
248	48	48	49	50	51	53	54	81	84	86	89	93	98	
249	24	53	54	59	79	80	81	83	83	85	87	90	96	
250	16	18	23	43	51	59	80	
251	20	41	43	44	46	47	48	71	
252	10	27	45	73	
253	2	6	8	9	10	11	12	13	13	14	14	15	22	86	99	
254	11	12	14	15	16	17	19	20	81	85	89	92	94	
255	16	17	18	19	21	
258	57	61	
259	47	
260	8	44	46	89	101	
261	11	13	14	81	82	85	88	89	
262	16	19	21	
279	57	
280	51	52	53	54	55	56	57	58	
281	46	47	48	49	50	51	54	55	
282	44	45	46	48	49	51	53	81	83	83	86	87	90	
283	9	10	78	78	80	82	86	90	
284	7	12	13	15	16	17	19	19	52	55	56	57	59	60	70	
285	18	20	21	22	24	25	27	32	41	43	45	46	47	48	49	50	54	
286	41	44	45	46	46	48	49	
287	8	8	9	10	11	14	
288	6	10	11	12	13	14	15	15	17	18	19	20	22	79	83	84	89	97	
289	16	17	19	20	22	24	93	97	
292	52	55	56	58	61	
293	48	50	52	53	
294	45	46	49	
295	7	10	11	14	15	78	80	86	98	
296	16	19	87	89	92	97	
297	18	
313	53	56	57	58	
314	48	50	51	52	53	54	55	56	60	
315	46	47	49	50	50	51	53	54	61	88	
316	44	46	48	50	79	82	85	87	91	
317	4	7	8	9	10	12	13	66	83	
318	11	12	13	15	15	16	17	18	19	23	27	53	55	56	57	60	71	
319	17	17	19	20	21	24	42	47	48	49	50	50	51	54	55	56	58	60	
320	42	43	44	45	46	46	47	48	49	50	
321	5	6	9	10	11	14	44	
322	7	10	11	12	12	13	14	15	15	16	18	79	86	88	90	94	
323	16	17	17	19	20	21	23	82	84	87	88	91	
324	17	21	
326	56	57	
327	35	37	50	51	54	55	
328	45	46	47	48	49	
329	4	6	8	10	13	15	
330	12	15	16	80	82	84	86	89	92	97	
331	16	17	18	21	
347	52	56	56	58	
348	33	48	50	51	52	53	54	54	55	57	60	
349	43	44	45	46	47	48	49	49	50	52	53	
350	49	78	80	82	84	87	100	
351	4	6	8	9	10	11	14	14	
352	8	12	12	13	14	15	16	16	17	18	19	19	20	26	56	57	61	70	
353	18	20	20	21	22	23	25	48	50	50	51	52	52	53	54	55	56	58	61	
354	33	41	43	44	45	46	47	48	49	49	50	51	
355	3	9	45	46	
356	5	7	9	10	11	12	13	14	15	68	80	83	84	88	90	97	
357	7	11	12	13	14	15	16	17	19	19	21	80	82	85	89	95	
358	16	17	18	19	21	
360	56	58	
361	51	52	53	53	54	55	56	59	61	
362	41	43	45	46	47	47	48	49	50	
363	9	10	13	44	46	
364	2	7	11	12	14	14	15	18	80	83	84	89	
365	16	17	17	19	20	21	24	
381	52	52	56	57	58	60	
382	47	48	49	50	51	51	52	53	54	54	55	56	60	
383	33	45	46	48	49	49	50	85	90	96	
384	9	14	44	67	85	
385	4	6	8	9	11	12	12	14	14	15	16	16	18	72	
386	12	13	15	16	17	18	18	19	20	21	22	23	26	53	57	58	69	
387	21	22	37	51	51	52	53	53	54	55	56	57	59	
388	45	45	46	47	47	48	49	50	51	52	53	58	
389	43	45	46	47	48	
390	2	4	7	9	10	11	14	
391	7	10	11	12	13	14	15	15	16	18	19	79	81	85	88	92	96	
392	13	17	17	19	20	21	22	24	90	
394	57	
395	51	52	52	53	54	55	56	57	59	
396	45	47	47	50	50	51	53	
397	5	9	42	43	45	46	48	
398	5	7	10	11	12	14	14	15	81	88	
399	16	17	19	20	22	24	86	90	94	98	
400	18	21	
414	58	
415	52	55	56	57	61	
416	34	47	50	51	51	52	53	54	55	58	60	
417	45	47	48	49	53	83	84	86	88	88	91	97	
418	9	9	10	83	83	
419	2	7	10	11	12	13	14	15	16	17	18	19	26	68	
420	16	17	17	19	20	21	22	23	24	
421	22	51	52	52	53	54	55	55	56	57	58	58	60	
422	36	43	45	46	47	47	48	49	49	50	51	51	54	
423	44	45	46	47	48	49	49	50	
424	5	6	8	10	11	14	43	
425	7	9	11	11	12	13	13	14	15	15	16	19	23	80	85	89	92	
426	8	12	15	16	18	19	20	80	83	85	88	88	91	96	
427	16	18	22	
428	58	
429	52	53	55	56	57	61	
430	47	49	50	50	51	54	55	
431	42	43	45	46	48	49	
432	5	7	9	10	12	13	14	
433	7	12	15	16	17	19	20	82	84	89	98	
434	17	18	20	23	
448	56	
449	48	50	52	52	54	55	57	58	
450	46	49	50	51	52	53	54	55	83	86	88	88	94	
451	45	48	80	82	83	85	86	90	95	
452	6	8	9	10	10	13	14	65	67	81	
453	5	7	11	12	13	14	14	15	16	17	18	18	19	20	21	23	
454	18	20	21	22	24	58	
455	51	52	54	54	55	56	56	57	60	
456	47	48	50	50	51	52	52	53	54	55	56	57	58	59	61	
457	42	44	45	46	47	48	49	50	
458	8	11	43	45	48	
459	6	9	10	11	12	13	14	67	79	84	89	
460	7	11	12	15	15	16	17	19	20	79	81	85	87	90	92	95	
461	16	17	18	19	22	92	
463	35	52	53	55	56	57	58	60	
464	38	48	50	51	51	52	53	54	
465	8	44	45	46	47	49	50	
466	5	9	11	13	
467	8	11	12	13	14	15	16	17	18	19	20	91	
468	16	17	19	20	22	25	
473	80	80	81	
482	52	56	57	58	
483	46	48	49	50	51	52	52	53	54	55	56	58	
484	45	46	49	50	51	53	82	85	88	94	
485	8	45	48	68	79	81	84	86	88	
486	7	10	11	12	14	14	15	19	28	
487	8	12	13	15	15	16	17	18	18	19	20	21	24	71	
488	20	22	23	27	
489	57	58	60	
490	35	51	51	52	54	54	55	56	57	59	61	
491	41	43	45	46	47	47	48	49	49	50	51	53	54	
492	5	44	45	46	48	49	
493	4	8	9	10	12	13	14	15	43	67	81	
494	6	8	11	12	14	15	15	16	16	18	18	20	24	80	82	83	86	91	
495	16	17	19	20	21	85	87	89	91	97	
496	18	22	
497	53	55	56	58	61	
498	47	50	51	51	52	54	54	55	59	
499	44	46	48	49	50	88	
500	5	8	9	10	12	14	87	92	
501	7	11	12	13	14	15	16	18	20	24	85	89	92	97	
502	17	18	19	20	22	
515	57	
516	48	51	52	54	55	56	57	59	62	
517	46	47	49	50	50	51	52	53	54	55	59	
518	44	45	47	48	49	50	82	84	87	96	
519	8	9	11	14	43	66	79	82	83	99	
520	4	7	10	11	12	12	14	14	15	16	18	19	68	
521	13	15	16	17	17	18	19	20	21	23	24	25	26	69	
522	22	
523	53	57	
524	50	51	52	52	54	54	55	56	57	57	59	61	
525	33	43	46	47	48	48	49	50	50	51	52	53	54	55	58	60	
526	41	44	44	45	46	46	47	49	49	
527	5	8	10	13	43	
528	7	9	11	11	12	14	15	79	87	90	
529	8	13	15	16	18	19	20	25	68	79	81	84	86	89	93	95	
530	16	17	20	57	
531	52	53	55	56	57	62	
532	47	48	50	51	52	52	54	54	
533	45	47	49	50	86	92	
534	5	8	9	11	13	67	82	85	88	92	
535	6	10	11	12	13	14	14	15	18	80	85	88	
536	13	16	16	17	18	19	20	20	22	
537	21	
549	58	
550	50	51	52	53	54	55	56	57	60	
551	42	47	48	48	49	50	51	52	54	55	
552	44	45	46	49	88	
553	9	10	11	13	14	67	
554	7	12	12	14	14	15	16	17	18	19	20	23	25	26	71	
555	16	17	18	19	20	21	22	24	
556	22	
558	52	53	55	56	57	57	59	
559	33	47	50	51	52	53	53	54	55	56	57	58	60	
560	40	43	44	45	46	46	47	47	48	49	49	50	51	
561	5	10	44	45	46	47	48	
562	4	6	8	8	9	11	12	13	14	15	85	99	
563	11	12	12	14	15	15	16	18	21	79	80	83	85	87	88	91	98	99	
564	16	17	18	19	20	22	53	57	86	88	91	
565	33	51	52	52	54	55	56	57	58	
566	46	47	50	51	52	53	55	62	92	
567	45	48	54	81	84	86	89	
568	4	7	8	9	10	13	15	66	80	84	
569	7	11	12	13	13	14	15	15	16	17	18	19	20	24	79	
570	15	16	17	18	19	20	21	22	
571	20	23	
583	56	57	
584	51	51	52	53	53	54	55	56	57	59	
585	42	45	46	47	48	48	49	50	50	51	51	54	54	
586	8	45	49	85	87	96	
587	5	6	8	9	11	11	12	14	15	
588	1	11	12	13	13	14	15	16	16	17	18	19	20	21	24	71	
589	17	19	20	22	25	
592	57	
593	50	51	52	52	53	53	54	55	56	57	57	59	60	63	
594	35	45	46	47	48	49	50	50	51	52	54	55	58	60	
595	42	43	44	45	46	46	47	48	48	49	50	
596	6	9	10	13	
597	3	7	8	10	11	12	14	15	16	18	79	82	83	86	91	97	
598	13	15	16	18	20	21	56	81	83	84	86	87	89	91	94	
599	33	51	52	52	54	55	56	57	58	83	87	90	92	95	
600	48	49	50	50	53	54	83	85	86	88	88	91	98	
601	13	45	48	65	80	81	83	85	88	88	93	94	100	
602	8	8	10	10	11	13	14	15	80	84	
603	2	5	6	11	12	13	14	15	15	16	17	18	18	19	20	23	25	69	
604	16	17	18	20	21	22	25	
605	23	
606	15	15	15	
617	56	57	
618	50	51	51	52	53	53	54	55	56	58	
619	44	46	46	48	49	50	51	53	
620	9	44	66	82	85	93	
621	7	9	10	11	12	13	13	14	15	15	16	18	
622	2	12	15	16	17	17	18	19	20	21	23	
623	20	22	
627	51	52	55	57	58	59	61	
628	35	48	50	51	51	52	53	53	54	55	56	57	58	60	62	
629	40	42	44	45	46	47	47	48	48	49	49	50	51	54	
630	42	43	44	46	47	48	
631	1	7	8	10	11	14	79	
632	7	12	13	15	20	57	79	81	82	84	86	87	88	90	92	95	
633	52	53	55	80	81	82	84	85	86	87	88	89	90	92	94	97	
634	50	54	58	78	79	81	82	83	84	85	87	87	89	91	94	97	
635	9	67	79	81	83	86	
636	5	6	9	10	11	12	13	13	14	15	15	16	18	67	
637	7	12	13	15	15	16	16	17	17	18	19	20	20	21	23	
638	17	20	21	22	24	
651	56	57	58	
652	35	48	50	51	51	52	53	53	54	55	55	56	59	62	
653	41	44	46	47	48	49	49	50	51	
654	6	9	10	44	67	80	88	
655	5	8	10	11	12	12	13	14	14	15	16	18	24	71	
656	16	17	18	18	19	20	21	22	24	
657	21	23	
661	52	57	
662	52	52	53	54	55	56	57	57	58	60	62	
663	35	38	42	45	46	47	47	48	48	49	50	50	51	53	54	55	59	
664	3	30	42	43	44	45	46	46	47	48	49	49	
665	8	14	39	43	44	46	46	
666	11	79	81	83	87	
667	1	55	77	78	80	81	82	83	84	86	88	90	96	
668	46	54	78	79	80	81	83	84	86	89	94	
669	8	9	14	78	81	84	95	
670	3	7	10	11	12	12	13	13	14	15	15	16	17	18	70	
671	12	15	16	17	17	18	18	19	19	20	21	22	23	23	25	70	
672	21	22	
685	56	57	58	60	
686	33	50	51	51	52	52	53	54	54	55	56	62	
687	41	44	45	46	47	47	48	49	50	50	
688	9	10	11	13	44	67	103	
689	5	8	11	12	12	13	14	15	17	18	23	70	
690	16	17	18	19	20	21	22	23	
696	51	52	53	55	56	57	62	
697	48	49	50	51	52	52	54	54	55	56	57	58	58	60	61	
698	33	42	45	46	47	47	48	49	50	50	51	54	56	58	59	62	
699	5	27	30	40	42	44	44	45	46	47	47	48	49	56	58	74	
700	5	30	37	39	43	43	44	46	47	52	58	68	71	80	
701	20	23	37	42	44	47	48	73	78	79	
702	17	19	20	27	42	44	46	47	48	66	71	79	
703	4	8	9	11	13	15	17	18	20	26	42	44	65	66	71	
704	5	7	11	12	13	14	14	15	16	17	17	18	19	20	22	23	68	72	
705	3	17	20	20	21	22	25	
706	21	23	
719	53	56	57	58	
720	48	50	51	52	53	54	55	56	59	61	
721	32	41	45	46	47	49	50	
722	8	9	11	13	43	45	48	68	
723	2	5	7	10	11	12	12	13	14	15	15	18	20	24	
724	17	19	20	21	22	23	
731	52	53	55	56	58	61	
732	34	50	51	52	53	54	54	55	56	58	60	61	
733	41	44	45	47	48	48	49	50	51	56	58	60	62	74	
734	23	25	26	43	44	45	45	46	47	49	50	55	57	61	67	72	74	
735	18	22	25	27	43	43	44	45	47	48	48	50	51	59	62	65	71	
736	10	13	19	21	22	24	25	26	40	44	45	46	68	73	
737	5	9	11	14	15	19	20	21	23	24	26	43	71	
738	5	11	13	19	20	21	22	23	24	25	
739	21	23	25	
754	51	52	53	54	56	58	60	
755	31	48	48	49	
756	5	9	44	45	64	
757	4	8	13	14	15	20	23	25	27	71	
758	22	23	
763	69	
766	52	
768	53	53	
769	25	45	52	
770	25	65	
771	5	24	
772	25	73	
791	3	
1165	29	
1171	85	
1172	67	
1184	1	
1186	53	
1201	17	
1203	18	42	46	
1210	70	
1225	45	
1226	97	
1232	60	
1236	29	67	
1237	16	20	42	46	55	
1238	45	46	
1239	44	
1242	81	
1244	10	
1247	76	
1250	64	
1252	93	
1253	93	
1267	18	
1269	68	
1270	12	13	16	20	27	42	58	62	66	
1271	16	17	19	20	23	41	46	47	50	52	56	60	67	70	
1272	21	23	24	26	32	41	43	43	45	46	47	48	48	50	58	
1273	42	45	46	49	
1277	7	
1280	79	
1282	88	
1302	20	
1303	9	12	13	16	20	67	
1304	7	10	12	14	15	16	17	18	20	57	
1305	13	15	16	17	19	20	21	22	23	25	36	44	48	51	52	56	57	58	59	61	69	
1306	21	22	24	26	32	42	44	45	45	46	46	47	48	49	49	50	51	53	55	60	
1307	43	45	46	47	49	51	60	
1308	44	47	
1309	56	
1312	13	
1319	76	
1332	83	
1333	24	
1336	12	16	66	
1337	8	8	10	11	13	13	14	16	17	19	22	67	
1338	7	10	11	13	13	14	15	16	17	18	18	19	21	22	25	57	
1339	15	17	20	21	22	23	23	26	52	53	55	56	57	59	62	
1340	21	42	47	47	49	50	50	51	52	53	54	55	56	60	
1341	42	43	44	46	48	48	49	52	54	
1342	46	50	
1344	52	
1346	26	
1349	35	
1351	70	
1352	78	
1367	63	
1369	9	15	
1370	9	11	12	13	15	17	22	67	
1371	5	7	9	11	12	13	14	15	16	17	18	19	20	21	25	
1372	12	14	15	17	18	20	20	21	23	24	58	
1373	21	23	24	52	52	53	54	55	56	57	60	88	92	
1374	47	48	49	50	51	52	54	57	59	
1375	40	44	45	46	47	49	50	51	52	53	
1376	44	51	
1377	46	49	
1379	14	31	
1380	14	
1382	20	42	
1383	17	27	44	46	49	71	
1384	49	
1402	18	19	
1403	9	12	15	16	68	
1404	7	9	10	12	13	14	14	15	16	16	18	18	20	57	
1405	12	13	14	15	17	17	18	19	20	21	23	26	71	
1406	21	21	22	22	25	93	
1407	52	55	57	58	82	86	87	89	90	92	95	97	
1408	16	48	50	51	52	53	54	55	57	59	61	83	86	88	89	91	96	
1409	42	44	45	46	47	47	49	49	50	51	54	56	63	
1410	44	45	46	48	52	
1411	48	
1415	9	15	26	58	
1416	20	53	56	
1417	18	22	44	46	49	52	
1418	43	
1419	50	
1420	8	
1423	90	
1435	42	
1436	9	13	
1437	9	11	13	15	16	22	67	
1438	4	7	11	12	13	14	15	16	17	18	18	19	22	25	56	
1439	17	17	19	20	21	22	24	26	47	51	54	
1440	9	49	82	86	88	88	
1441	8	10	15	78	79	80	81	84	85	87	89	92	97	
1442	16	35	53	54	55	55	56	58	59	60	78	80	81	82	85	87	89	92	96	
1443	17	18	19	41	43	46	47	48	49	49	50	51	52	54	55	56	58	
1444	41	44	45	46	47	49	51	
1445	45	47	49	
1446	67	
1448	10	
1449	14	
1450	8	12	14	15	16	51	52	54	56	58	61	
1451	16	18	19	21	42	45	48	49	51	
1452	43	44	48	50	
1453	47	53	
1459	3	
1460	13	
1469	16	
1470	9	11	14	17	24	
1471	5	6	9	10	11	12	13	14	16	18	67	
1472	8	11	12	15	15	16	17	17	18	19	19	21	34	53	55	56	57	58	72	
1473	17	20	21	23	47	48	49	50	50	54	
1474	43	45	49	81	84	87	95	102	
1475	10	14	79	81	83	88	89	
1476	6	8	12	13	14	15	18	52	53	55	55	56	57	61	80	82	84	86	90	
1477	16	17	19	20	22	47	48	50	51	51	52	54	54	56	58	58	60	
1478	40	43	44	45	46	47	48	49	49	50	53	54	
1479	43	44	47	49	
1480	43	
1482	8	
1483	9	16	20	
1484	7	11	12	14	16	18	24	52	55	56	58	59	81	
1485	16	17	18	19	20	42	46	47	48	49	50	53	54	56	60	69	
1486	44	45	47	49	
1488	54	
1498	42	
1501	23	
1504	9	14	
1505	6	7	9	11	11	12	14	14	15	18	18	19	57	67	
1506	13	16	17	17	18	19	20	21	24	52	52	54	55	56	59	
1507	21	23	33	47	50	50	51	52	53	54	88	
1508	45	47	48	50	81	84	86	91	96	
1509	5	9	80	87	
1510	6	8	10	11	12	13	14	14	15	16	18	53	57	80	90	
1511	13	16	17	18	19	21	33	50	51	52	53	54	55	56	57	58	59	60	83	86	91	
1512	18	22	41	43	45	47	48	49	50	51	53	54	60	
1513	42	44	45	46	47	49	50	52	55	
1515	58	77	
1516	9	
1517	8	
1518	7	10	11	13	14	16	19	19	23	56	57	58	
1519	16	17	20	21	23	35	38	50	50	51	55	56	57	
1520	22	44	45	46	48	48	49	50	52	
1521	45	58	
1532	64	
1538	9	11	14	68	
1539	7	9	10	11	12	13	14	14	15	17	19	56	57	
1540	16	17	17	19	20	21	23	24	34	51	52	53	53	54	55	58	59	69	
1541	23	45	47	48	50	51	54	55	82	85	87	90	95	
1542	50	78	80	82	83	87	90	96	
1543	8	11	
1544	3	4	6	9	10	11	12	13	14	15	19	79	88	
1545	12	15	16	17	18	19	21	33	51	52	53	54	55	56	57	58	59	61	79	86	89	98	
1546	17	17	20	22	42	50	50	51	52	53	54	57	62	
1547	41	44	45	46	47	48	49	50	52	54	56	
1548	44	47	48	51	
1551	10	
1552	4	7	9	11	12	14	50	97	
1553	13	16	17	19	21	24	51	52	54	57	59	61	
1554	18	41	44	45	46	47	48	49	49	50	53	
1555	44	45	46	49	52	55	58	
1557	10	
1558	50	
1559	4	
1563	8	
1565	7	
1567	28	
1568	102	
1571	9	15	19	
1572	9	10	14	19	
1573	5	7	10	11	12	13	13	14	15	15	17	19	20	23	53	56	59	71	
1574	16	17	18	19	20	21	24	26	42	46	47	50	50	51	52	53	55	60	
1575	23	44	45	47	48	49	51	54	82	84	87	92	102	
1576	51	79	81	87	
1577	14	83	
1578	8	8	9	10	12	14	15	88	
1579	11	12	13	15	16	18	18	19	22	52	55	56	57	60	80	82	84	88	89	91	94	
1580	17	17	19	20	22	47	51	52	53	53	54	55	56	58	59	61	
1581	32	40	44	46	47	48	49	49	50	51	54	
1582	43	45	46	49	
1583	45	48	
1585	10	14	28	
1586	9	11	13	15	58	
1587	7	12	14	15	16	17	20	52	54	55	56	58	59	84	91	
1588	17	18	19	20	22	42	46	47	48	49	49	50	51	53	55	
1589	44	46	48	50	59	
1590	46	
1605	4	10	13	18	
1606	7	9	10	12	14	15	16	19	57	68	
1607	5	7	12	13	15	15	16	17	19	19	20	22	24	52	52	54	55	55	56	57	58	58	60	
1608	18	20	21	23	24	46	48	49	49	50	51	52	53	55	
1609	45	48	49	50	79	82	85	87	90	100	
1610	79	84	
1611	9	14	
1612	5	9	11	14	91	
1613	6	8	10	10	11	12	14	14	15	16	20	24	53	58	80	86	94	
1614	13	16	17	18	19	20	22	51	52	54	55	56	57	59	61	88	90	92	95	
1615	32	42	45	45	47	48	48	49	50	50	52	53	54	56	59	
1616	42	43	44	47	48	49	51	57	
1617	55	
1619	9	
1620	5	9	11	14	23	
1621	7	10	11	12	15	16	18	18	23	55	56	57	60	80	
1622	16	17	20	21	25	41	46	48	49	50	51	54	55	59	
1623	44	46	49	50	53	
1624	48	64	
1625	96	
1626	60	
1628	17	
1633	19	
1638	24	
1639	8	10	13	14	66	
1640	6	10	11	13	13	14	15	16	17	19	21	56	57	
1641	16	17	17	18	19	20	22	24	25	34	51	51	52	55	56	57	58	68	
1642	21	23	45	46	48	48	49	50	51	53	53	54	58	59	88	
1643	45	47	51	79	81	83	84	86	91	
1644	82	
1646	4	8	11	14	
1647	6	8	9	10	11	12	14	15	16	19	26	58	79	83	92	95	
1648	12	13	15	15	16	17	18	19	21	23	52	52	55	55	56	57	58	59	61	79	82	85	87	90	92	97	97	
1649	17	21	42	47	48	49	50	51	51	52	53	54	56	61	
1650	33	41	43	44	45	46	47	48	48	49	50	51	58	
1651	41	44	
1652	46	46	
1654	9	11	15	19	
1655	7	11	12	13	15	16	17	18	19	25	53	55	57	59	68	
1656	16	17	19	20	22	24	43	46	47	48	49	50	51	54	55	57	58	61	
1657	38	39	39	39	40	45	46	48	48	50	55	
1658	43	
1671	4	
1672	12	
1673	8	9	10	12	13	15	18	22	25	
1674	6	7	11	12	12	14	14	15	16	17	19	20	21	56	57	59	
1675	18	20	21	23	23	24	47	50	51	52	53	54	55	57	
1676	33	45	47	48	50	51	53	83	86	88	91	93	
1677	51	79	81	86	89	100	
1680	9	
1681	6	9	11	12	14	15	91	
1682	3	7	11	12	13	13	14	15	19	21	52	53	55	57	58	62	79	81	85	87	89	92	96	
1683	17	18	18	19	20	22	26	34	50	51	52	53	54	54	56	57	59	61	88	92	
1684	42	44	45	46	47	48	48	49	50	50	51	53	55	59	
1685	43	44	45	46	49	50	56	
1686	48	
1687	9	14	21	
1688	9	11	13	15	17	20	58	68	
1689	5	7	11	12	15	16	17	18	19	20	22	35	56	57	60	
1690	17	18	19	20	21	22	23	47	50	50	51	52	54	55	58	60	69	
1691	22	43	45	46	48	48	49	50	61	
1692	43	55	
1693	49	
1698	67	
1706	12	14	
1707	4	8	9	10	12	14	15	17	18	21	
1708	7	11	12	13	15	16	17	18	19	21	34	52	52	55	55	56	57	58	60	
1709	16	17	19	21	23	24	47	49	50	51	52	53	54	59	
1710	45	48	50	52	80	82	86	88	93	102	
1711	49	78	81	86	98	
1714	7	15	
1715	3	6	10	14	53	85	
1716	5	7	10	11	12	13	14	14	15	18	58	67	78	80	83	92	
1717	13	16	17	19	20	35	51	52	52	54	55	56	57	59	62	80	82	83	86	87	90	92	96	
1718	16	18	21	35	43	48	49	50	51	52	53	54	57	59	61	
1719	41	44	45	46	47	48	49	50	
1720	20	40	44	46	49	53	
1721	8	68	
1722	9	10	11	13	14	15	18	20	24	67	
1723	7	12	14	15	16	17	19	20	21	23	26	53	56	58	58	61	
1724	20	21	22	24	46	48	49	50	51	51	52	53	54	55	
1725	44	45	47	48	49	50	52	54	61	83	
1726	49	57	
1735	77	
1737	23	
1739	11	
1740	10	14	
1741	2	4	7	9	10	12	13	14	15	16	18	57	
1742	7	12	15	16	16	17	19	19	20	22	51	52	55	56	57	59	69	
1743	21	23	46	48	49	50	51	53	54	59	
1744	45	46	50	54	78	80	81	84	87	100	
1745	81	
1746	66	
1749	6	11	14	
1750	5	8	9	10	12	13	15	16	86	88	
1751	7	10	11	12	15	17	18	20	48	52	57	60	79	81	84	86	89	96	
1752	16	17	19	20	22	34	48	50	51	52	53	53	54	55	56	57	58	60	62	88	90	92	
1753	18	38	42	43	44	45	46	47	47	48	49	50	54	59	
1754	26	42	43	44	46	47	48	49	
1755	9	14	26	30	
1756	5	6	8	10	11	12	13	14	14	15	16	17	19	21	24	43	57	69	
1757	12	15	16	16	17	18	19	20	20	22	23	26	37	48	52	53	54	55	56	56	58	58	60	69	
1758	21	22	46	47	49	50	50	51	53	54	55	56	60	
1759	45	46	48	49	53	60	81	86	89	97	
1763	9	9	10	10	
1769	8	
1770	22	
1774	9	12	15	17	20	
1775	5	7	10	11	13	14	15	16	21	24	56	57	68	
1776	13	15	16	17	18	19	20	20	21	25	51	51	52	53	55	56	
1777	21	23	45	47	48	49	51	53	54	57	87	
1778	50	64	77	80	83	83	87	91	94	
1784	5	7	10	12	13	83	
1785	6	8	9	10	11	12	13	14	15	18	51	53	79	80	83	83	88	89	95	
1786	15	17	18	19	21	51	52	52	54	55	56	57	59	62	82	84	86	87	89	91	96	99	
1787	18	21	31	33	36	48	49	50	50	51	53	55	58	62	
1788	41	43	44	45	46	47	48	49	51	63	
1789	8	27	40	43	45	46	
1790	9	11	12	13	15	16	19	20	22	25	56	57	68	
1791	21	23	24	51	52	55	56	57	58	
1792	23	43	45	46	48	48	49	50	51	53	54	
1793	46	50	54	59	81	83	84	86	89	95	
1794	87	91	
1796	71	
1808	7	8	10	13	
1809	6	10	11	11	12	14	15	17	18	53	55	56	57	58	60	66	
1810	16	16	17	18	19	20	21	24	48	51	52	54	55	56	
1811	14	22	43	45	46	49	50	51	54	59	86	95	100	
1812	45	46	49	81	87	
1813	85	
1816	96	
1818	6	11	
1819	7	9	10	12	14	15	17	78	95	
1820	6	7	10	11	12	12	14	15	15	17	19	68	78	79	80	82	84	86	89	91	93	
1821	16	17	18	19	21	51	53	53	55	59	83	86	87	90	93	96	
1822	51	62	
1823	14	23	45	73	
1824	5	23	25	56	57	60	
1825	22	24	52	53	54	54	55	56	58	
1826	45	47	48	49	51	53	54	55	88	90	93	95	
1827	49	80	82	85	90	
1832	62	
1842	9	11	14	
1843	4	7	11	11	12	14	15	17	19	55	56	57	60	
1844	13	16	16	17	18	19	20	22	50	51	52	54	60	
1845	23	45	47	48	50	52	53	57	83	84	87	95	
1848	93	
1849	38	
1853	4	8	12	13	87	
1854	7	8	9	11	12	14	15	18	79	81	85	89	98	
1855	11	12	13	14	18	77	80	81	83	84	85	86	88	89	90	96	
1856	81	82	87	90	91	92	96	
1857	82	86	87	90	91	92	96	
1858	53	55	56	86	87	88	89	90	92	96	
1859	51	52	53	54	54	55	58	86	87	88	89	90	91	93	96	
1860	49	55	81	81	82	84	85	86	87	88	89	91	95	
1861	80	86	89	100	
1862	83	
1866	68	
1870	87	
1871	54	
1872	69	
1876	10	13	
1877	5	8	10	11	12	13	14	15	18	19	53	56	
1878	20	22	25	50	52	54	55	58	81	83	86	89	92	96	
1879	48	50	78	82	86	88	90	93	95	
1880	83	
1882	37	
1885	44	
1886	19	
1887	5	12	13	
1888	4	9	14	23	80	
1889	6	9	11	15	77	78	79	80	82	84	87	91	95	
1890	13	15	77	78	79	81	82	83	83	84	86	87	88	89	92	95	99	
1891	78	80	81	82	84	85	85	87	88	90	95	98	
1892	52	54	78	80	81	82	83	84	85	86	89	91	94	97	99	
1893	53	54	78	80	81	82	83	84	85	86	89	90	95	99	
1894	78	79	80	81	82	83	85	90	93	98	
1895	79	83	
1896	31	84	
1910	12	14	
1911	5	6	11	15	88	
1912	54	79	81	85	87	88	90	96	
1913	53	80	82	84	86	90	97	
1916	24	
1923	14	17	80	
1924	79	80	84	87	101	
1925	77	79	80	81	81	83	83	86	94	98	
1926	77	79	80	81	83	83	86	91	
1927	79	79	81	83	85	92	95	98	
1928	58	78	80	82	85	99	
1929	81	
1941	68	
1946	80	84	
1947	79	80	83	84	88	90	97	
1958	78	
1959	80	
1960	78	
1961	79	
1962	102	
1974	68	
1979	76	
1980	85	99	
1981	30	78	
1991	12	
1995	84	
1996	83	
1997	95	
2013	68	
2017	94	
2027	98	
2052	15	51	
2097	36	
2113	87	
2147	8	
2164	4	
2168	41	
2177	96	
2178	26	
2180	11	
2193	4	
2217	10	
2223	10	
2260	7	
