157	90	
158	88	91	92	94	97	
159	83	86	87	90	91	93	95	97	
160	87	90	91	93	96	
161	90	92	
179	38	
180	38	38	39	40	41	
189	56	57	58	
190	50	53	56	
191	46	47	49	83	84	86	89	95	102	
192	46	82	84	85	87	89	91	94	
193	11	14	81	82	83	84	85	86	87	88	88	89	90	95	
194	6	10	14	81	82	83	85	86	87	88	89	90	91	92	96	
195	15	16	18	82	85	87	88	90	91	96	
196	17	93	
217	93	
218	88	93	
220	100	
223	58	59	62	
224	33	37	51	52	53	55	56	57	58	59	60	62	
225	50	51	52	53	54	55	56	57	59	60	
226	44	45	46	47	47	48	48	50	51	56	79	80	83	84	
227	8	45	46	49	79	79	80	82	84	86	96	98	
228	9	11	13	15	79	80	81	82	83	85	86	89	92	97	99	
229	8	10	11	12	13	13	14	16	80	81	82	84	86	88	88	90	92	94	97	99	
230	15	16	17	18	19	20	87	90	92	97	
231	17	20	
249	92	
250	89	90	92	95	
251	87	88	89	91	92	95	98	
252	83	85	87	87	89	90	91	96	100	
253	19	87	90	96	
254	96	
258	57	58	61	63	
259	34	51	52	53	53	54	55	56	56	57	59	59	60	62	
260	47	49	49	50	51	51	52	53	54	58	58	
261	44	45	46	47	48	48	49	49	50	51	79	
262	5	6	9	14	44	80	84	
263	5	6	8	9	10	11	12	14	80	81	84	86	90	
264	6	11	12	13	14	15	16	17	19	22	80	81	84	86	88	91	97	
265	16	17	18	19	21	
280	92	
281	56	88	90	92	96	
282	56	59	87	90	91	93	96	
283	57	82	85	86	87	89	90	91	93	95	
284	80	81	82	84	85	86	87	87	88	89	90	91	94	96	98	
285	79	81	82	83	83	84	86	87	88	89	90	92	94	97	
286	7	9	10	12	14	80	82	83	84	85	86	88	88	90	91	93	99	
287	7	11	12	14	15	16	16	17	19	80	81	83	90	95	
288	17	18	21	27	
293	34	37	52	52	55	56	57	58	58	60	61	64	
294	47	49	50	51	51	52	53	54	54	55	56	57	58	60	63	
295	45	46	47	48	49	50	51	54	
296	13	48	50	
297	3	6	8	9	10	13	14	15	26	81	85	89	99	
298	7	11	12	13	14	15	15	16	16	19	19	71	79	82	84	89	98	
299	16	17	17	18	19	20	21	23	25	
312	57	
313	57	
314	83	86	87	88	90	92	96	102	
315	57	82	83	85	86	87	89	90	92	96	
316	58	81	82	83	84	85	86	87	88	89	91	97	101	
317	46	48	53	80	81	82	83	84	85	86	88	89	97	99	
318	46	78	79	80	81	82	83	84	85	88	90	93	100	
319	10	79	80	81	82	84	88	90	
320	7	9	10	11	12	13	13	14	15	19	79	80	81	84	86	93	98	
321	3	8	11	12	14	15	16	17	19	19	21	24	71	78	80	89	98	
322	1	1	17	18	18	20	21	22	
326	58	
327	52	55	56	57	57	59	63	
328	47	50	51	52	53	53	54	55	56	57	58	59	
329	46	47	48	48	49	50	51	52	54	58	64	
330	50	
331	7	9	10	11	13	15	19	
332	2	5	6	8	10	11	12	13	13	14	15	16	16	17	18	19	24	26	79	
333	16	17	17	18	19	20	21	22	24	
345	57	
346	53	55	56	59	
347	50	52	55	87	91	95	
348	49	54	81	83	84	86	87	88	88	89	91	96	101	
349	68	78	79	80	81	82	84	85	86	87	88	90	96	100	
350	16	17	19	43	56	57	58	58	59	62	78	79	80	81	82	84	
351	17	18	21	26	42	45	47	48	50	51	53	56	78	79	80	83	
352	27	42	44	45	46	47	47	49	50	51	53	59	65	72	79	81	83	
353	11	47	48	78	80	
354	5	7	9	10	11	12	14	15	79	86	
355	7	11	12	13	14	15	15	16	17	18	19	20	23	96	
356	16	17	17	19	20	21	23	
361	36	53	55	56	57	58	59	60	62	
362	47	48	51	52	52	53	54	55	56	59	60	
363	46	48	49	50	50	53	54	55	56	
364	49	53	
365	3	6	8	9	10	11	13	14	19	28	
366	4	7	10	11	12	13	14	14	15	16	17	17	18	19	19	20	21	24	70	74	
367	16	17	19	20	21	22	23	25	
378	58	
379	56	57	58	63	
380	47	51	52	53	54	55	56	58	59	60	92	
381	46	48	49	50	51	51	53	53	54	82	84	86	89	92	96	
382	49	79	81	82	84	85	87	92	96	
383	9	10	11	14	14	16	79	80	82	84	
384	12	13	15	16	17	18	19	20	20	23	26	57	58	61	63	71	79	
385	20	21	22	24	30	51	52	53	54	55	56	57	59	59	73	
386	45	46	47	47	48	48	49	50	50	51	55	56	59	
387	45	46	47	48	49	
388	4	8	9	10	10	11	14	14	19	93	
389	7	11	12	12	13	13	14	15	16	16	17	18	19	20	25	73	
390	16	16	17	18	19	20	21	21	22	27	
394	57	
395	52	53	55	56	57	58	59	60	
396	47	51	52	52	53	54	55	56	57	59	92	
397	48	49	50	52	53	54	82	85	91	96	
398	8	14	48	
399	6	9	10	11	12	13	14	14	15	16	17	18	19	69	
400	1	11	12	13	15	16	17	17	18	19	20	20	21	22	24	25	71	
401	21	22	23	25	27	
413	53	55	56	57	58	59	61	
414	50	51	52	53	54	55	55	56	58	59	62	65	
415	47	48	49	50	51	54	81	84	86	89	
416	10	48	80	82	86	
417	6	7	9	10	11	12	13	13	14	15	16	19	79	
418	7	11	12	15	15	16	16	17	18	18	19	20	20	21	24	26	57	58	62	69	
419	17	20	21	22	35	52	53	54	55	55	56	57	57	59	60	62	
420	43	47	47	48	50	51	51	52	52	53	54	56	59	
421	30	45	46	47	47	48	49	50	51	53	
422	4	7	9	10	11	12	13	15	46	49	
423	7	10	11	12	13	14	14	15	16	17	18	19	20	24	27	29	72	91	97	98	
424	16	17	18	20	21	22	
428	56	57	
429	53	55	56	57	59	60	
430	47	49	50	51	52	52	54	54	55	58	83	86	89	92	
431	48	49	50	53	81	84	86	88	
432	6	8	10	13	
433	7	9	11	12	12	13	14	15	15	16	16	18	19	20	24	26	70	
434	17	17	18	20	21	21	22	24	25	27	
435	21	22	
446	57	
447	52	54	55	56	57	57	58	60	61	
448	47	48	50	50	51	52	53	53	54	54	55	57	58	59	61	
449	47	49	50	51	52	53	55	83	83	86	89	96	
450	8	10	11	13	81	98	
451	6	9	10	11	12	13	14	15	15	16	19	20	24	26	69	71	
452	12	16	17	18	19	19	20	21	22	24	
453	23	55	55	56	57	58	58	59	61	63	64	
454	35	37	50	51	51	52	52	53	54	54	55	56	56	59	59	60	
455	45	46	47	48	48	49	49	50	51	54	
456	6	8	9	11	13	44	46	48	50	
457	1	6	10	10	11	12	13	14	15	19	24	86	90	94	
458	12	16	17	19	20	22	82	88	89	91	94	
459	17	21	
462	56	57	58	59	60	
463	51	52	53	54	55	56	60	
464	48	48	49	50	51	52	53	55	82	85	87	88	90	100	
465	8	50	80	82	83	85	89	102	
466	9	10	11	13	14	19	
467	5	7	11	12	12	14	14	15	16	16	17	18	18	19	19	20	21	23	26	69	72	
468	13	16	17	20	21	21	22	24	
480	57	62	
481	53	55	56	56	57	58	59	60	62	
482	46	47	48	49	50	51	51	52	54	54	55	56	59	86	88	95	
483	45	46	48	48	49	50	54	81	85	104	
484	6	9	10	11	13	13	14	89	
485	6	8	10	11	12	13	14	15	15	16	17	18	19	21	69	
486	16	17	18	20	21	22	23	24	26	
487	58	60	62	
488	52	52	53	54	54	55	56	57	58	59	60	63	
489	32	43	47	50	50	51	52	52	54	54	56	58	
490	6	9	14	44	45	46	47	48	48	49	49	50	
491	1	7	8	10	11	12	13	14	15	23	45	46	87	90	96	98	
492	6	11	12	14	15	18	20	80	82	84	86	87	90	91	92	95	99	
493	16	17	18	20	86	88	89	91	93	95	
495	58	
496	52	55	56	57	58	59	61	
497	51	52	53	53	54	54	55	56	59	87	89	91	96	
498	47	48	49	51	54	55	66	81	83	84	86	89	95	100	
499	9	12	14	17	28	67	80	99	
500	4	7	10	11	12	13	14	14	15	16	16	17	18	19	19	20	21	24	29	42	45	69	72	
501	12	13	15	16	17	18	19	20	21	21	22	23	24	26	73	
502	21	22	25	
514	56	57	
515	52	52	53	54	55	56	56	57	58	58	59	60	63	63	
516	33	46	47	48	49	50	51	51	52	53	54	54	55	86	
517	45	46	48	48	49	50	81	84	89	
518	6	9	10	10	12	14	14	18	
519	1	7	11	12	12	13	13	14	15	15	16	17	19	20	25	26	69	
520	16	17	18	19	20	21	22	23	
522	52	53	54	55	56	57	61	62	63	
523	32	48	50	51	51	52	53	54	54	55	56	56	57	58	59	59	61	65	
524	31	42	45	46	47	47	49	49	50	50	51	
525	8	9	12	14	44	46	46	47	48	49	50	84	
526	7	9	11	12	14	15	46	80	81	83	85	87	88	91	95	98	
527	7	11	12	14	16	18	18	80	82	85	86	88	89	91	93	96	98	
528	87	90	91	93	94	97	
529	58	87	90	91	97	
530	52	55	56	60	87	90	92	98	
531	47	51	52	53	54	54	55	82	83	85	86	87	88	88	90	92	93	97	102	
532	9	11	42	46	50	81	83	84	87	88	94	
533	5	7	9	11	11	12	14	14	15	16	16	17	18	19	20	28	29	70	
534	5	7	13	14	15	16	17	19	20	20	21	23	25	72	
535	18	20	21	22	23	24	
536	27	
548	58	60	61	
549	52	53	54	55	56	56	57	59	59	60	61	
550	46	47	48	49	50	50	51	52	53	54	55	58	59	
551	45	47	49	50	53	103	
552	3	6	8	9	10	11	13	14	15	
553	6	8	11	12	14	15	15	16	18	18	19	23	71	
554	16	17	18	19	20	21	22	26	
556	58	63	
557	52	53	55	57	57	59	60	62	
558	34	42	50	50	51	52	53	54	54	55	56	57	58	58	59	61	65	
559	45	47	47	48	48	49	50	50	51	67	
560	8	10	13	28	43	45	46	47	47	49	49	83	
561	6	8	10	12	14	23	41	46	46	71	80	81	82	83	85	89	99	
562	11	47	80	81	82	83	84	85	86	87	88	89	91	96	
563	81	83	84	85	86	87	88	89	91	93	96	99	
564	52	60	81	82	83	84	85	86	89	90	95	
565	8	16	18	42	46	48	79	80	81	82	84	85	102	
566	8	10	11	13	13	14	15	16	17	18	19	20	26	43	49	68	72	79	
567	3	11	12	14	15	16	17	19	20	21	21	24	26	71	
568	20	21	22	23	24	25	26	
569	23	
582	57	58	62	
583	52	52	53	55	56	57	58	59	59	61	63	
584	46	47	48	49	50	50	51	51	52	53	53	54	55	59	
585	9	45	46	48	48	49	49	50	51	
586	6	9	10	10	11	13	13	14	15	18	42	43	
587	1	7	10	11	12	13	13	14	15	15	16	16	17	19	19	21	25	27	70	
588	16	17	18	19	20	21	22	23	
589	23	
591	55	63	
592	35	52	53	54	55	56	58	58	59	61	63	
593	29	35	42	50	51	51	52	54	55	56	59	60	63	75	
594	38	41	45	49	50	51	52	53	56	58	59	61	70	75	
595	20	23	25	27	45	48	48	49	50	51	58	58	60	67	69	72	79	
596	17	19	21	23	27	29	39	43	44	45	47	48	49	49	50	59	63	67	71	79	80	81	83	
597	10	13	16	18	20	21	26	38	43	44	45	46	48	49	50	59	71	79	80	81	84	
598	9	16	19	20	30	45	46	49	64	70	79	80	82	84	
599	10	13	14	17	18	19	20	21	22	26	28	45	48	51	65	69	78	79	
600	5	7	12	14	18	20	21	22	24	26	45	69	
601	21	22	23	24	
602	3	23	
616	57	58	62	
617	34	36	52	53	55	55	56	57	58	59	60	62	
618	47	49	50	50	51	51	51	52	53	53	54	54	55	56	
619	45	47	48	49	50	
620	7	9	10	11	13	14	15	
621	3	6	8	10	11	12	12	13	13	14	15	16	16	17	19	20	70	
622	16	17	18	19	20	21	23	23	
627	53	62	
628	63	
629	23	24	51	53	54	62	
630	22	23	25	50	52	61	74	
631	22	23	24	25	26	34	50	65	73	78	
632	20	22	23	25	64	74	
633	21	22	23	25	73	
634	24	73	
650	57	61	
651	52	53	55	55	56	57	58	58	59	60	
652	47	48	49	50	50	51	51	52	54	54	55	59	63	
653	8	45	47	48	49	50	
654	3	8	9	10	11	13	14	48	
655	6	10	11	12	12	14	15	16	17	18	19	68	72	
656	16	17	18	20	21	24	
657	18	
684	57	63	
685	34	52	53	55	55	56	58	58	59	61	
686	35	47	50	50	51	51	52	53	54	54	55	57	
687	9	45	46	47	48	49	50	51	53	
688	5	6	9	10	11	13	14	44	46	
689	1	6	8	11	12	12	14	15	15	16	16	17	19	19	21	24	72	
690	13	16	17	17	18	20	21	22	23	25	
691	23	
718	57	62	
719	35	52	54	55	55	56	57	57	58	59	60	62	
720	31	36	48	49	50	51	52	52	53	54	54	55	57	58	60	
721	8	44	45	46	47	48	48	49	50	66	
722	9	9	10	11	12	13	14	15	41	43	46	49	69	75	
723	1	3	7	11	12	12	13	14	15	15	16	17	18	19	19	20	21	24	27	70	
724	17	18	20	21	22	23	25	
753	53	55	58	59	61	
754	32	50	51	52	53	54	55	55	56	59	61	63	
755	8	42	44	45	49	50	51	66	
756	5	8	10	11	12	14	15	19	25	28	44	48	71	74	
757	2	5	13	15	17	19	20	21	23	23	24	
758	22	24	
788	54	
789	53	73	
790	5	25	
791	23	23	25	
1168	12	
1174	9	
1201	56	
1207	11	
1210	70	
1215	36	
1220	76	
1231	45	
1234	25	
1240	11	13	
1245	2	
1246	9	
1249	56	
1263	67	
1265	62	
1267	23	
1268	12	
1278	44	
1280	20	31	41	
1281	52	
1282	47	
1283	46	
1285	71	
1287	85	
1288	73	
1299	59	
1300	76	
1303	40	
1309	42	
1310	18	
1312	16	30	
1313	16	18	19	39	45	
1314	17	20	26	43	45	47	72	
1315	18	22	42	45	46	48	49	53	58	60	66	71	
1316	27	43	45	46	47	48	49	52	54	
1317	46	48	50	
1319	50	
1320	69	
1323	73	
1327	37	
1334	49	
1335	36	37	37	37	37	
1339	54	
1344	43	
1345	13	
1346	11	13	17	18	
1347	16	20	25	
1348	16	18	19	21	23	23	28	62	64	
1349	19	20	22	24	30	41	43	50	51	52	55	56	57	60	63	72	
1350	21	23	23	31	43	44	47	47	48	49	50	51	52	54	56	58	58	58	60	69	73	
1351	45	46	47	47	48	49	50	52	55	76	
1352	44	46	48	
1353	8	61	
1357	90	
1361	38	
1367	103	
1371	26	
1373	45	50	57	67	72	
1374	45	47	48	
1375	45	46	49	
1376	46	102	
1378	13	
1380	7	9	12	14	18	
1381	7	9	11	13	14	15	23	91	
1382	12	15	16	18	19	23	25	92	96	
1383	16	16	17	20	23	24	57	58	59	61	
1384	23	25	32	51	52	52	53	54	55	56	57	59	60	63	
1385	45	46	47	48	49	50	51	52	53	54	56	58	60	63	65	
1386	44	46	47	49	50	53	
1387	44	49	67	
1390	80	
1396	52	
1398	40	
1400	71	
1403	17	38	
1404	48	
1405	12	15	17	19	48	68	
1406	17	19	21	24	27	39	44	46	66	
1407	19	21	26	41	45	47	49	52	57	58	61	71	
1408	20	23	24	27	45	46	47	48	50	52	55	56	58	60	69	
1409	44	44	46	48	48	49	57	
1410	53	
1411	49	
1414	9	
1415	8	10	12	13	15	82	91	99	
1416	6	10	11	12	13	14	15	17	19	58	80	82	86	89	92	96	
1417	16	17	18	18	19	21	58	62	90	
1418	17	35	52	53	55	57	57	59	60	62	
1419	51	52	53	54	55	56	57	58	60	
1420	44	45	47	48	48	49	50	50	51	52	54	55	58	60	
1421	45	47	49	50	53	54	
1423	10	
1430	33	
1435	17	18	40	
1436	35	41	46	
1437	9	17	19	43	48	67	69	
1438	11	14	17	20	41	46	
1439	6	11	12	13	15	16	18	18	19	21	24	43	68	72	
1440	15	16	17	19	20	21	22	24	28	62	72	73	
1441	20	21	23	24	35	45	50	52	54	56	57	58	58	59	62	70	
1442	21	23	24	28	45	47	48	49	51	52	53	53	55	56	59	61	
1443	45	47	49	50	51	54	
1444	48	
1447	69	
1449	8	12	14	
1450	5	6	8	9	11	11	12	13	14	15	18	80	84	89	
1451	12	13	16	17	19	20	22	23	71	81	86	89	96	98	
1452	16	17	18	20	21	28	56	57	58	61	
1453	52	52	55	56	57	59	61	63	
1454	45	46	47	48	49	50	50	51	52	53	54	55	
1455	48	50	52	56	62	
1456	49	
1461	8	
1464	31	
1465	103	
1466	20	
1468	39	
1469	18	21	
1470	13	15	16	17	19	20	23	41	69	
1471	13	15	16	18	18	20	21	24	45	47	48	69	
1472	7	9	12	14	15	17	18	19	20	22	24	27	43	51	71	73	
1473	12	14	15	19	20	22	24	26	
1474	17	20	21	22	24	26	
1475	21	23	23	25	52	53	56	57	57	59	60	61	62	74	
1476	48	50	51	52	53	54	54	56	57	58	60	62	73	
1477	44	45	46	47	49	50	50	53	55	59	
1478	46	48	50	54	
1479	58	
1482	44	
1483	11	15	16	97	
1484	4	7	9	10	12	14	15	16	18	18	80	83	
1485	7	11	12	13	14	15	16	17	19	20	21	25	51	80	84	90	93	
1486	17	18	20	21	22	56	57	57	61	
1487	51	52	53	53	54	54	55	56	56	57	58	60	63	
1488	46	47	50	50	51	52	53	54	56	59	
1489	48	51	53	
1494	5	
1502	9	18	68	
1503	10	12	13	14	15	17	18	22	
1504	11	13	15	16	16	17	18	19	20	22	23	25	26	57	70	
1505	15	18	21	22	23	25	27	74	
1506	22	24	49	92	
1507	11	15	50	87	88	89	90	92	94	97	
1508	87	90	92	95	97	
1509	18	56	57	57	58	59	61	
1510	48	51	52	52	53	54	55	56	59	60	64	
1511	45	46	48	48	49	50	51	52	53	54	56	58	
1512	49	50	
1513	63	
1514	54	
1516	67	
1517	8	
1518	5	8	10	11	12	13	14	16	18	20	23	28	
1519	7	12	15	15	16	16	17	19	19	20	22	25	72	
1520	18	20	21	23	56	56	57	60	62	
1521	47	48	51	52	53	54	55	56	58	60	
1522	48	49	50	51	52	53	54	58	87	88	91	
1523	51	58	
1526	57	
1536	8	8	10	12	14	15	
1537	6	9	11	12	13	14	15	15	16	18	18	19	22	70	
1538	16	17	18	19	19	20	21	23	23	57	58	59	61	70	
1539	22	47	50	51	52	54	55	56	57	59	75	
1540	48	49	50	83	85	87	89	91	
1541	6	9	11	12	14	80	81	82	84	85	86	89	93	97	
1542	7	11	12	14	15	16	19	80	81	82	84	86	89	90	94	
1543	16	17	18	19	20	57	59	60	62	
1544	51	52	53	54	54	55	56	57	58	59	60	62	
1545	45	46	47	48	49	49	50	51	52	53	54	57	
1546	44	46	48	50	
1547	50	
1548	41	
1551	8	11	14	
1552	5	6	8	10	11	12	14	14	16	20	23	
1553	12	13	15	16	16	16	17	18	18	19	20	21	24	25	26	58	71	
1554	22	53	56	57	58	59	60	
1555	47	48	50	51	52	53	53	54	55	59	62	88	91	
1556	50	51	54	55	81	83	84	86	88	88	92	96	102	
1557	49	88	
1559	13	95	
1569	10	13	57	
1570	8	9	10	12	14	15	17	19	
1571	7	11	12	13	14	15	15	16	17	18	18	19	20	22	25	58	71	
1572	18	20	21	22	23	25	56	57	58	58	59	61	86	
1573	46	47	49	50	51	52	54	55	59	87	
1574	48	48	49	51	81	82	84	86	91	100	
1575	6	14	79	81	84	90	
1576	6	8	10	11	12	13	13	14	15	16	18	80	81	82	85	89	94	98	
1577	16	17	19	20	22	56	57	58	61	63	85	88	89	91	95	98	
1578	18	23	51	52	52	53	53	54	55	56	57	58	59	62	
1579	45	47	48	49	50	50	51	54	56	59	
1580	46	47	49	50	52	53	
1581	45	
1584	15	
1585	7	8	10	14	17	18	
1586	6	9	10	11	12	13	14	15	16	17	18	19	23	24	27	70	
1587	12	15	17	17	18	19	20	21	23	27	58	71	
1588	21	22	51	52	52	55	57	58	59	60	61	64	
1589	47	48	49	50	51	52	53	54	55	61	86	88	90	98	101	
1590	48	50	54	80	82	84	86	92	
1591	83	101	
1594	92	
1603	10	14	21	
1604	3	8	8	10	11	12	14	15	16	19	
1605	5	7	12	13	14	15	16	17	18	18	19	20	21	23	56	57	62	69	73	
1606	18	21	25	52	52	53	55	56	56	58	59	63	
1607	46	47	49	49	50	51	54	55	57	58	86	90	95	
1608	48	50	53	81	83	85	87	91	
1609	8	14	83	85	
1610	4	6	9	10	12	13	14	79	86	90	
1611	7	11	12	15	16	18	19	21	25	62	80	81	84	86	88	89	91	93	97	99	
1612	16	17	18	21	52	52	54	55	55	56	58	58	59	61	88	92	
1613	43	47	49	50	51	51	53	54	57	59	61	65	
1614	45	46	47	48	49	50	53	53	56	59	
1615	45	46	48	49	
1618	10	14	16	
1619	6	8	10	11	14	15	19	21	24	
1620	10	11	13	14	15	16	16	17	18	19	20	21	23	71	
1621	13	20	20	22	23	25	56	56	57	60	62	
1622	51	52	52	55	55	56	57	58	60	
1623	49	50	51	53	54	82	83	85	87	90	92	94	98	
1624	52	53	82	84	91	
1629	8	10	
1635	27	
1637	9	14	18	
1638	5	6	8	10	11	12	13	13	14	15	19	24	71	
1639	13	15	16	16	17	18	18	19	19	20	21	24	57	58	60	61	70	
1640	21	22	48	52	52	53	54	55	56	57	59	61	63	
1641	44	46	47	49	49	50	51	53	54	55	58	83	85	88	
1642	49	51	54	82	86	
1643	95	
1644	4	7	8	10	10	12	14	15	82	
1645	7	10	11	12	13	14	15	18	22	79	81	84	86	90	95	
1646	17	19	20	22	56	57	60	61	86	87	89	91	92	95	97	
1647	18	33	51	52	53	53	54	55	56	57	58	60	63	
1648	44	45	47	47	49	50	51	52	54	56	59	
1649	32	44	46	47	48	48	49	50	
1650	43	47	49	
1651	9	46	
1652	10	16	18	40	46	73	
1653	7	8	9	11	12	13	14	15	16	18	20	24	72	
1654	7	12	12	15	16	17	17	19	20	21	22	23	25	26	56	57	71	
1655	21	22	25	53	56	58	
1656	50	52	53	54	55	56	58	83	86	87	88	89	90	91	93	93	96	102	
1657	55	64	81	83	84	85	87	89	91	97	
1658	54	85	
1662	89	
1671	9	10	13	19	
1672	7	9	10	11	11	12	13	14	14	15	16	19	24	
1673	12	15	16	16	17	18	19	20	21	22	24	25	27	56	56	57	58	59	60	62	
1674	22	37	51	52	52	53	54	54	55	57	59	
1675	45	47	48	49	49	50	51	53	54	55	55	56	82	84	102	
1676	49	55	
1677	49	
1678	9	91	95	
1679	5	6	9	10	13	13	14	15	16	18	80	84	91	
1680	6	11	11	12	14	15	19	24	80	81	82	83	85	86	88	89	91	95	
1681	16	17	19	35	51	52	54	55	57	57	60	62	87	91	93	96	
1682	9	50	51	51	52	53	54	57	58	60	64	
1683	29	43	45	48	49	50	51	52	53	56	58	60	63	
1684	39	43	45	46	47	48	49	50	51	59	73	
1685	12	19	41	44	47	48	51	67	70	
1686	10	13	13	15	16	19	21	24	49	73	
1687	4	8	9	11	12	13	14	15	16	17	18	20	21	24	45	57	58	69	
1688	20	21	23	23	24	56	58	60	
1689	52	54	55	56	86	87	89	91	93	93	97	
1690	52	54	78	81	82	84	85	86	87	89	91	97	100	
1691	78	79	81	84	86	89	95	
1692	84	97	
1695	28	
1702	38	
1704	38	
1705	9	11	14	18	65	
1706	5	6	7	10	11	12	12	14	14	15	16	19	20	22	72	
1707	13	16	16	17	18	19	20	20	21	23	23	56	57	58	59	60	62	70	
1708	21	22	51	51	52	52	53	54	55	55	56	56	59	60	
1709	44	45	48	49	50	51	53	56	58	87	
1710	47	48	50	52	54	
1712	10	
1713	4	8	11	14	90	99	
1714	9	11	12	13	15	81	84	88	88	91	100	
1715	7	12	15	16	22	81	82	84	85	87	88	89	91	95	98	99	
1716	16	18	21	34	54	55	61	88	91	93	95	
1717	51	52	53	54	60	63	74	
1718	28	51	54	62	63	
1719	14	22	25	45	50	
1720	9	11	13	14	21	23	23	25	27	58	
1721	21	22	24	25	57	74	92	
1722	53	53	54	56	60	87	89	90	91	93	97	
1723	54	81	81	82	84	85	86	87	89	90	
1724	53	79	80	81	83	84	87	89	
1725	78	88	92	
1727	88	
1728	20	
1738	9	
1739	8	10	13	14	19	
1740	4	7	9	10	11	11	12	14	15	15	16	19	72	
1741	13	16	16	17	18	18	19	20	21	22	23	25	57	57	60	61	70	
1742	18	22	48	51	51	52	53	53	54	55	56	57	57	58	59	60	
1743	46	47	49	49	50	52	53	58	59	64	87	
1744	49	52	
1745	50	
1746	66	
1748	5	7	8	11	15	83	87	98	
1749	3	6	9	11	12	14	17	78	79	80	81	84	87	88	92	95	
1750	13	81	82	83	85	86	87	89	90	91	95	98	
1751	83	86	87	88	89	90	92	94	97	
1752	87	87	89	90	91	92	96	
1753	73	88	90	91	93	96	98	
1754	75	88	90	91	92	96	
1755	86	86	87	88	89	91	94	96	
1756	53	81	82	84	86	87	88	89	90	93	96	100	
1757	79	80	82	83	85	87	89	99	
1758	80	85	
1759	83	
1760	55	
1767	71	
1772	14	
1773	8	10	14	15	
1774	4	7	10	11	12	14	15	15	16	17	19	
1775	15	16	17	18	18	19	19	20	22	24	25	56	57	58	60	62	69	
1776	22	51	52	52	53	54	55	56	57	59	61	63	
1777	45	46	48	48	49	50	51	53	53	54	56	58	
1778	45	49	
1781	5	90	
1782	7	84	
1783	11	80	84	93	
1784	9	15	78	79	80	81	83	84	87	89	96	98	
1785	78	79	80	81	82	83	84	85	87	88	89	92	101	
1786	82	83	84	85	86	88	90	98	
1787	78	80	81	82	85	86	87	88	90	
1788	82	85	86	89	91	99	
1789	78	80	81	82	83	84	86	89	94	100	
1790	78	79	80	82	83	85	
1791	79	82	84	99	
1792	84	
1799	54	
1804	16	
1806	9	38	
1807	8	10	12	17	
1808	5	6	7	9	10	11	12	13	14	14	15	16	19	70	
1809	13	16	17	17	19	19	20	22	23	25	56	57	57	60	62	72	
1810	18	21	22	52	53	54	55	56	57	58	59	61	
1811	46	47	48	49	50	51	51	52	53	54	59	86	
1812	45	49	51	
1813	49	75	
1814	75	
1816	10	
1818	81	
1819	79	87	
1820	79	80	83	84	86	93	99	
1821	79	80	81	85	
1822	79	81	84	86	88	97	
1823	79	85	
1824	78	85	91	97	
1832	82	
1837	10	
1841	9	13	
1842	6	8	9	10	11	12	14	14	15	16	18	21	
1843	12	13	15	16	17	17	18	19	20	21	23	24	26	57	57	60	61	
1844	21	23	52	52	53	55	56	59	60	63	
1845	47	49	50	51	52	54	55	59	86	97	
1846	49	55	
1850	83	
1853	87	
1855	102	
1856	84	97	
1857	86	
1873	69	
1875	9	11	13	15	
1876	4	7	10	11	12	14	14	15	16	18	
1877	12	13	15	16	17	20	21	23	24	56	57	61	87	90	92	97	
1878	51	52	53	54	55	56	59	63	87	91	92	97	
1879	49	51	53	55	82	84	87	89	91	94	
1880	53	
1886	94	
1888	51	
1891	56	
1893	4	
1898	95	
1908	13	
1910	5	8	8	10	12	14	
1911	13	57	80	81	85	87	88	90	92	96	
1912	53	54	81	82	84	85	86	87	88	89	90	91	94	97	
1913	55	81	83	83	85	87	88	91	95	103	
1914	87	
1923	65	
1925	11	
1926	89	97	
1929	100	
1930	91	
1933	47	
1944	5	87	98	
1945	79	81	83	85	88	
1946	79	80	81	82	83	85	86	92	93	
1947	79	81	84	87	91	
1948	94	
1958	63	
1972	81	
1979	81	86	
1980	79	82	83	86	
1981	84	
1993	65	
1994	42	
1995	13	
1998	19	
2008	2	
2011	69	
2013	95	
2014	98	
2015	95	
2032	10	
2034	16	
2044	68	
2050	30	
2053	15	
2056	12	
2087	55	
2100	18	
2119	4	
2124	96	
2144	93	
2146	9	
2189	100	
2227	4	
