15	68	
16	69	
43	62	
47	56	
84	80	
112	39	
123	86	88	92	95	
124	83	85	86	87	88	88	90	91	95	97	
125	82	86	87	89	91	95	
147	26	
154	56	
155	50	52	
156	46	49	59	85	
157	46	81	83	85	86	96	
158	8	77	80	81	83	84	85	86	89	94	
159	11	13	14	15	16	18	78	79	80	82	84	85	86	89	90	95	98	99	
160	17	20	87	90	
188	57	
189	35	51	52	53	54	55	56	57	59	
190	34	36	43	45	46	47	48	49	50	51	56	60	
191	41	44	46	46	47	48	49	69	79	
192	9	10	13	43	79	80	99	
193	2	6	7	11	12	12	13	14	15	16	77	79	81	83	85	88	95	
194	16	17	17	18	20	25	86	90	
195	17	
223	53	55	57	60	
224	50	51	52	53	53	54	55	56	56	57	58	60	63	
225	42	45	46	47	48	48	49	50	51	51	54	59	
226	3	8	30	43	44	46	48	
227	6	8	9	11	11	12	14	15	79	
228	13	15	16	17	18	19	20	22	80	83	86	89	96	
229	17	18	22	
252	86	87	90	93	
253	83	86	87	88	90	92	94	97	
258	35	52	52	54	55	56	57	58	60	
259	47	48	49	50	51	51	53	54	60	
260	9	43	44	45	46	47	49	50	74	
261	4	6	10	11	12	14	
262	8	11	12	13	14	15	16	19	19	20	23	26	78	80	84	
263	17	18	19	21	
284	52	
285	82	87	90	92	96	
286	8	77	81	83	83	85	85	86	87	88	89	91	95	
287	12	13	15	76	78	79	80	82	84	85	86	89	91	95	
288	16	17	18	21	85	97	
292	51	52	55	56	58	59	
293	35	46	47	48	49	50	50	51	52	53	54	55	
294	44	49	
295	7	9	10	12	14	15	
296	2	5	7	12	13	14	15	15	16	17	19	20	26	71	
297	17	18	20	21	22	23	
316	56	
317	50	52	55	56	
318	48	50	52	54	83	86	89	91	94	
319	81	82	84	85	86	88	90	92	95	
320	8	9	11	14	77	79	80	81	82	84	85	86	88	89	94	100	
321	5	7	10	11	12	14	14	15	16	16	18	19	78	79	80	83	85	
322	16	17	18	19	19	20	21	24	80	
323	18	
325	58	
326	48	51	52	55	56	58	61	
327	47	48	49	50	51	52	53	54	55	
328	43	45	46	49	87	93	
329	7	9	10	11	13	14	15	16	18	81	
330	11	12	13	14	15	16	17	17	19	19	20	24	69	
331	17	18	21	23	25	27	
349	56	
350	52	56	
351	47	49	51	52	53	54	91	
352	46	48	49	51	55	58	82	84	85	87	88	90	94	98	
353	49	77	79	80	82	84	85	88	96	
354	9	11	77	79	80	82	84	86	93	100	
355	4	6	8	9	10	11	12	13	14	14	15	17	19	79	86	92	97	
356	13	16	17	18	19	20	20	21	24	88	88	
357	17	22	
360	51	52	53	53	55	56	57	59	
361	42	47	48	49	50	50	51	53	54	
362	9	13	44	46	49	82	84	87	90	
363	4	7	10	11	12	14	14	15	16	18	
364	13	15	16	17	18	18	19	19	20	21	23	25	26	
365	22	
383	57	
384	51	52	53	54	56	59	
385	35	43	46	48	48	49	51	52	53	55	57	86	91	
386	33	42	50	56	58	79	81	84	86	90	94	
387	18	19	39	41	44	45	46	47	48	48	49	50	70	78	80	
388	5	9	10	14	27	43	71	
389	3	7	9	10	11	12	13	14	14	15	18	23	
390	12	15	16	17	18	20	21	24	80	83	86	88	90	93	97	99	
391	16	17	20	88	
393	56	
394	51	52	53	54	55	55	56	61	
395	49	50	51	53	87	90	92	94	
396	8	13	49	82	85	86	89	93	
397	5	7	9	11	11	12	14	14	15	17	18	19	23	
398	13	16	17	17	19	20	21	22	24	28	
399	22	
416	56	
417	52	53	55	56	
418	50	51	52	54	61	87	89	90	93	98	
419	40	66	83	84	86	88	91	94	
420	7	16	19	42	55	56	57	58	60	65	79	83	
421	18	19	20	21	23	25	26	32	41	45	46	47	48	49	49	50	51	53	54	56	58	60	64	71	
422	3	32	41	43	43	44	45	46	46	47	48	48	49	70	
423	5	8	9	10	12	14	15	71	
424	7	11	12	13	14	14	15	18	23	77	79	81	85	90	94	
425	17	19	23	83	85	86	87	89	90	93	93	96	
426	87	90	93	
427	52	53	55	56	87	90	
428	50	52	53	54	86	87	90	91	93	97	
429	77	80	82	84	85	86	87	88	89	91	95	
430	9	11	13	14	67	79	81	83	84	86	88	95	98	
431	5	6	8	10	11	12	13	14	14	15	16	17	17	18	19	19	23	27	71	
432	17	19	20	20	21	22	24	26	
433	22	
439	74	74	75	
450	52	56	
451	49	51	54	86	87	89	93	94	
452	81	82	84	85	86	87	88	90	95	
453	9	13	16	19	41	79	81	85	
454	6	15	17	19	20	24	26	56	58	69	
455	21	22	24	35	50	51	52	53	53	54	55	56	57	58	60	63	
456	31	45	46	47	48	48	49	50	51	57	61	
457	3	39	42	43	45	45	46	46	47	48	49	72	
458	7	10	12	14	84	
459	8	11	13	15	16	78	80	81	84	85	86	88	90	96	
460	80	81	83	84	85	86	87	88	88	89	91	95	
461	51	53	54	81	83	85	86	86	87	88	88	90	92	93	96	100	
462	77	81	83	84	85	86	87	88	89	91	94	96	
463	9	14	40	68	76	77	79	80	82	83	84	85	88	91	93	
464	5	6	10	11	12	12	13	14	15	16	17	18	19	20	80	
465	11	13	15	16	17	18	19	20	21	22	24	25	27	
466	22	23	24	
482	58	
483	51	52	54	56	60	
484	42	46	47	48	49	50	59	
485	80	84	86	92	
486	7	11	14	28	77	79	80	81	83	84	86	92	96	100	
487	13	15	16	17	17	18	19	21	70	78	
488	21	23	24	
489	55	57	63	
490	51	52	53	54	55	55	56	57	58	59	60	63	
491	32	36	41	47	48	49	49	50	51	54	56	
492	30	41	43	44	45	46	46	47	48	71	74	
493	8	10	40	43	46	48	71	77	78	79	83	
494	76	77	77	78	80	81	82	84	85	94	
495	37	54	76	77	79	80	81	83	84	85	86	89	96	99	
496	17	18	42	68	76	78	79	80	81	84	85	88	93	99	
497	6	9	11	13	14	16	17	19	20	67	79	81	
498	7	10	12	12	14	14	15	16	17	18	19	20	21	21	23	24	26	70	
499	2	19	20	21	22	23	23	24	
500	22	
516	57	
517	51	51	52	53	54	55	56	59	
518	35	43	46	46	47	49	50	50	51	54	58	
519	9	44	45	46	48	81	83	
520	6	7	9	11	12	12	13	14	15	18	79	81	84	
521	12	16	17	19	20	22	23	25	88	
522	17	
524	52	54	55	57	
525	50	51	51	52	53	54	54	55	56	58	58	60	63	
526	30	41	44	45	47	48	48	49	50	51	53	56	58	59	
527	23	31	35	41	43	43	44	45	46	47	48	49	53	57	60	67	71	
528	20	26	35	40	42	44	45	46	48	48	49	59	67	70	73	79	
529	8	15	18	19	20	21	27	38	43	44	44	45	47	49	63	63	67	69	71	79	
530	10	12	14	15	16	18	20	21	22	23	28	42	45	49	64	66	70	72	
531	6	11	13	14	15	20	20	21	22	23	24	26	69	72	
532	8	13	20	21	22	23	24	28	
533	3	23	
550	58	
551	51	52	53	54	55	55	56	57	61	
552	46	47	48	49	50	51	54	58	
553	9	13	43	45	46	46	47	48	49	
554	6	9	11	12	13	14	81	93	
555	12	14	15	16	17	19	20	78	87	
556	17	18	20	23	27	
559	54	55	63	
560	35	51	53	55	62	
561	53	54	55	59	63	
562	23	29	50	55	63	
563	11	22	23	25	45	72	
564	22	23	24	44	
565	2	22	24	
571	21	21	22	
585	51	52	52	53	54	55	55	56	56	57	60	
586	45	46	47	47	49	50	51	51	54	54	56	58	61	
587	41	43	44	45	45	47	48	49	
588	8	9	10	13	14	
589	7	10	11	12	13	14	15	16	17	19	80	84	95	
590	16	17	17	18	18	20	21	23	
619	52	54	55	56	57	58	62	
620	46	47	49	50	51	52	53	54	56	60	
621	44	45	46	46	48	49	50	
622	4	8	9	11	14	44	
623	5	6	10	11	12	13	14	15	15	16	17	18	27	79	84	
624	16	17	18	19	20	21	22	23	
643	1	
652	58	
653	52	53	54	55	56	57	60	
654	46	48	50	50	51	52	53	54	54	58	
655	43	45	46	47	49	49	
656	5	6	8	10	11	14	
657	6	11	12	13	14	15	16	19	20	79	
658	16	17	17	18	19	20	21	23	24	
687	53	54	55	57	60	
688	47	49	50	51	51	52	53	54	55	58	
689	44	46	47	48	49	50	
690	9	11	13	44	
691	6	8	11	12	12	14	15	15	16	18	20	23	
692	16	17	17	18	19	20	22	23	
721	37	52	53	55	56	57	61	
722	35	36	46	47	48	50	50	51	52	53	54	55	58	
723	44	46	47	49	50	
724	9	10	14	
725	6	8	9	10	11	12	13	14	15	15	16	19	24	70	
726	16	16	17	18	18	19	20	21	22	24	
727	22	
755	51	52	55	56	57	60	
756	47	49	50	51	52	52	53	54	55	58	62	
757	31	41	43	45	46	47	48	49	50	53	73	
758	3	9	11	43	48	66	
759	6	8	11	11	12	13	13	14	15	15	16	17	18	19	23	26	69	
760	3	17	18	19	20	21	22	24	72	
789	52	55	58	
790	35	50	50	51	52	54	55	55	56	60	63	
791	30	43	45	47	48	49	50	63	
792	8	10	14	44	67	73	
793	11	13	15	20	21	23	24	27	72	
794	21	22	23	25	
824	52	55	
825	65	
826	5	
827	24	
1159	22	
1160	54	
1168	12	
1172	71	72	
1174	99	
1188	66	
1201	22	
1202	96	
1203	31	
1209	95	
1211	5	
1236	49	
1244	37	
1245	48	
1246	46	
1248	67	
1262	23	
1274	42	83	
1277	13	20	
1278	40	
1279	17	18	21	26	41	47	58	59	66	
1280	20	31	42	44	46	47	49	72	
1281	42	44	47	49	55	
1283	53	
1285	62	75	
1286	67	
1290	81	
1302	31	
1311	11	15	
1312	12	15	18	19	23	34	
1313	16	18	18	19	21	35	36	52	56	58	59	
1314	20	21	23	25	42	45	46	47	48	50	51	52	54	56	64	70	
1315	42	43	44	46	47	49	69	
1316	48	52	
1317	68	
1318	52	
1319	102	
1320	69	
1336	27	
1339	27	
1340	29	
1344	14	
1345	10	14	18	71	
1346	7	10	12	14	15	21	24	
1347	8	12	15	16	25	52	55	57	58	60	86	89	97	
1348	16	18	22	24	47	48	50	51	52	53	54	56	58	59	62	91	
1349	42	44	46	47	49	49	52	55	
1350	44	48	51	
1351	61	73	
1352	49	
1370	19	
1372	40	
1373	28	
1375	27	42	
1379	11	18	
1380	10	14	18	
1381	8	10	11	12	12	14	14	19	78	80	85	91	
1382	13	15	16	17	19	23	34	51	52	55	56	58	58	60	77	82	87	88	92	97	
1383	17	18	42	45	46	47	48	49	49	50	51	53	55	
1384	44	45	47	49	
1385	49	
1394	102	
1406	18	
1407	17	18	
1408	18	20	29	40	45	46	48	49	59	71	
1409	42	44	47	71	
1410	46	72	
1413	19	
1414	10	
1415	5	6	9	10	11	13	14	15	16	84	99	
1416	7	12	15	16	17	18	19	21	34	51	52	55	56	58	59	63	77	79	
1417	17	20	22	43	46	47	50	51	53	54	55	58	
1418	45	47	48	49	55	
1419	44	46	49	
1422	67	
1438	53	
1439	24	
1440	17	18	
1441	12	16	17	19	20	28	58	67	
1442	17	18	19	20	21	25	27	42	43	46	47	48	50	52	55	59	65	
1443	21	22	27	42	44	45	47	49	50	53	71	
1444	49	
1449	7	9	11	13	14	18	
1450	7	12	12	14	15	15	16	18	19	21	23	29	52	53	55	56	60	69	
1451	17	19	20	22	47	50	51	52	53	55	59	
1452	45	46	49	50	52	58	
1453	50	55	
1454	59	
1455	75	
1473	9	18	
1474	10	12	13	15	15	16	17	18	20	27	
1475	7	11	14	16	17	18	19	20	22	23	27	57	58	68	68	
1476	17	19	21	22	24	25	26	43	47	48	50	51	51	52	53	54	55	56	58	60	65	71	
1477	22	41	44	45	46	47	49	50	51	53	
1478	45	51	53	
1479	29	
1480	64	
1482	9	20	23	
1483	9	10	11	14	15	16	19	57	
1484	5	6	12	13	15	15	16	17	18	19	20	23	24	27	52	54	55	56	57	59	
1485	18	20	21	22	22	42	46	47	48	49	50	51	53	54	57	
1486	49	86	90	96	
1487	87	
1496	90	
1505	15	
1506	14	
1507	9	11	13	14	18	22	25	
1508	9	10	12	13	15	16	17	18	18	19	21	23	28	69	
1509	12	15	17	19	20	21	22	24	53	56	56	57	93	
1510	21	23	24	47	50	51	52	53	53	54	55	57	58	61	
1511	42	43	45	45	46	47	48	49	49	50	55	58	
1512	40	45	46	48	50	
1513	48	
1514	69	
1515	66	
1516	24	
1517	4	8	9	10	11	12	14	14	17	17	19	58	68	
1518	7	13	16	17	18	19	20	21	24	47	52	55	56	60	
1519	18	23	44	45	46	47	48	48	49	50	53	53	55	57	
1520	45	45	50	80	82	84	90	
1521	81	88	
1525	65	
1540	9	11	13	15	18	21	54	
1541	9	10	12	13	14	15	16	19	22	25	
1542	12	15	18	20	21	22	23	25	69	
1543	22	49	53	83	87	89	91	95	
1544	16	35	51	52	53	54	54	55	56	57	58	60	63	86	87	88	89	90	96	
1545	36	41	47	48	49	50	50	52	53	55	
1546	44	46	48	49	51	
1547	40	43	48	71	
1548	54	71	
1550	8	8	11	14	16	20	24	39	
1551	5	6	10	11	12	13	14	15	15	16	17	19	20	56	57	72	
1552	17	18	18	19	20	21	22	25	28	35	48	51	52	53	54	55	56	57	58	
1553	22	23	45	46	47	48	49	50	52	53	54	61	88	
1554	34	44	49	81	87	88	
1555	50	
1556	59	
1570	7	
1572	20	56	
1573	12	41	46	
1574	8	10	12	14	16	18	20	25	26	67	
1575	5	11	13	18	19	20	24	27	
1576	22	24	86	91	97	
1577	7	10	11	15	76	78	80	82	84	85	87	88	90	94	
1578	15	16	52	53	55	56	57	60	62	76	77	79	81	82	84	85	86	87	89	93	93	97	100	
1579	16	17	50	51	52	54	55	56	57	59	83	86	88	90	92	96	
1580	30	41	45	47	47	49	51	52	54	
1581	38	44	45	46	48	48	50	69	
1582	38	39	43	47	69	
1583	12	13	16	19	
1584	7	8	10	11	13	14	16	17	19	20	22	24	26	67	72	
1585	11	12	14	15	16	18	18	19	21	24	26	57	72	
1586	21	22	24	26	46	48	50	50	51	52	54	56	61	
1587	49	51	55	82	86	87	89	91	93	96	
1588	54	59	82	85	96	
1589	60	87	
1603	17	
1605	16	
1606	10	13	67	
1607	10	15	16	18	18	19	22	26	39	66	
1608	12	21	22	24	47	72	
1609	5	51	54	
1610	54	82	83	86	88	88	91	96	
1611	11	15	77	80	82	84	87	95	
1612	8	11	12	13	14	78	78	80	83	85	89	
1613	17	18	34	51	52	55	57	61	77	78	80	82	84	85	86	88	89	94	96	
1614	16	17	20	48	51	52	53	55	56	58	61	87	91	
1615	31	36	40	43	44	45	47	49	50	55	59	72	
1616	22	23	41	45	46	48	50	58	65	68	73	
1617	10	12	14	18	20	23	26	44	65	66	68	
1618	9	11	12	14	17	19	20	21	24	30	56	57	69	
1619	5	21	22	24	51	53	54	55	56	
1620	49	50	52	54	57	87	88	91	96	
1621	76	79	80	83	84	85	87	88	91	
1622	83	85	91	96	
1625	29	
1634	43	
1639	9	
1640	10	11	14	15	19	56	58	
1641	13	16	17	19	20	23	52	56	57	
1642	18	22	25	43	45	46	47	49	50	52	54	72	
1643	51	82	91	96	99	
1644	48	78	79	80	83	85	
1645	9	80	
1646	9	13	15	84	89	96	
1647	9	10	11	13	14	15	16	76	79	82	83	85	87	97	
1648	13	16	21	53	55	59	62	77	80	82	84	85	86	89	90	93	96	98	
1649	16	18	49	51	59	87	87	91	97	
1650	13	24	44	50	64	
1651	15	22	24	87	
1652	22	24	52	53	56	88	
1653	23	52	54	55	57	83	86	87	90	91	91	93	96	
1654	51	54	78	81	82	83	85	86	87	89	91	94	96	
1655	78	80	83	85	97	
1673	24	
1674	8	9	10	11	13	13	14	15	17	19	56	58	
1675	13	15	16	16	17	19	21	24	48	51	52	53	54	55	56	60	
1676	18	21	22	41	45	46	47	49	50	51	
1677	44	46	50	
1678	49	61	82	93	
1679	82	
1680	83	
1681	5	8	12	14	81	
1682	10	11	12	14	15	78	78	80	82	84	87	89	93	
1683	12	13	15	17	77	79	81	82	86	87	89	90	93	96	
1684	81	82	83	86	87	88	88	89	91	93	95	97	
1685	73	82	83	86	86	87	88	89	91	93	95	97	
1686	53	54	82	83	85	86	86	87	89	90	94	95	98	
1687	77	80	81	82	84	85	85	86	88	92	95	
1688	77	79	80	81	83	84	85	88	89	
1689	80	95	
1690	87	
1691	28	
1692	27	27	28	
1697	92	92	92	93	
1704	26	
1706	13	
1707	11	14	16	
1708	5	7	9	10	11	14	15	17	
1709	8	13	16	17	18	20	23	51	52	53	53	54	55	56	57	59	61	
1710	16	17	20	21	42	45	47	48	50	52	55	59	
1711	43	44	46	49	51	54	60	72	
1712	46	
1715	14	98	
1716	5	14	
1717	78	78	80	81	84	89	98	
1718	76	76	77	78	79	80	81	84	85	89	96	
1719	76	77	79	80	81	84	86	88	
1720	77	79	80	81	82	83	84	86	91	94	
1721	76	78	79	80	83	84	86	88	
1722	79	87	97	
1727	18	
1728	17	18	
1733	93	
1741	9	
1742	4	9	11	13	13	14	15	47	
1743	6	8	12	13	14	15	16	17	19	20	24	52	53	55	56	56	57	60	78	
1744	17	18	20	22	42	46	47	48	50	51	52	54	57	58	
1745	44	45	46	47	49	50	55	
1746	47	
1747	71	
1750	70	78	
1751	87	96	
1752	79	85	
1753	79	83	97	
1754	78	80	84	
1755	79	
1772	43	
1775	14	
1776	8	10	11	13	15	19	
1777	6	11	12	13	14	15	16	17	19	21	53	56	57	63	
1778	17	18	20	21	23	43	47	48	50	51	52	54	55	56	59	
1779	45	46	48	48	49	53	
1780	47	
1787	79	84	
1788	83	
1809	10	14	
1810	6	9	11	14	15	
1811	7	11	12	13	15	15	16	17	19	22	24	53	56	56	57	
1812	17	18	20	22	25	41	46	47	51	52	53	54	55	56	60	
1813	42	44	45	46	47	48	49	55	62	
1819	81	92	
1821	82	
1824	90	
1843	10	
1844	3	9	10	12	13	15	17	
1845	7	11	12	14	14	15	16	17	19	21	56	57	
1846	16	17	20	21	23	23	51	52	53	53	55	59	
1847	42	44	44	45	46	47	49	50	51	55	
1848	9	10	11	53	53	
1860	42	
1877	16	45	
1878	7	8	10	11	14	16	
1879	6	11	12	13	14	15	16	16	18	19	22	23	52	56	57	58	
1880	17	18	20	21	27	48	50	51	52	53	54	55	57	61	68	
1881	22	44	45	46	47	49	49	50	54	61	
1882	45	
1883	63	
1896	29	
1899	96	
1907	12	
1908	32	
1912	7	8	10	11	14	15	16	19	
1913	6	12	13	13	14	15	16	19	22	24	57	91	
1914	17	22	51	52	55	56	59	87	90	92	96	
1915	51	53	55	83	86	87	91	94	
1931	61	
1942	86	
1943	67	
1945	11	
1946	8	11	13	
1947	6	11	53	81	88	88	98	
1948	53	54	78	80	82	84	85	86	89	91	94	98	
1949	77	80	81	83	84	85	86	89	91	94	98	
1950	87	89	102	
1951	31	
1956	80	
1958	65	
1960	16	
1977	41	
1978	12	
1981	82	
1982	78	80	82	83	84	87	88	
1983	77	79	80	83	85	99	
1984	78	83	99	
1993	92	
2016	17	78	82	
2017	80	
2037	7	
2059	73	
2062	29	
2097	27	
2123	88	
2129	26	
2134	29	
2159	43	
2166	28	
2172	15	
2173	16	
2181	35	
2199	96	
2204	96	
2214	1	
2246	14	
2263	102	
