15	67	
49	63	
50	77	
112	39	
116	60	
146	32	
159	83	90	
160	85	86	87	88	90	92	94	97	
161	17	18	87	91	97	
191	57	59	
192	47	48	51	
193	44	80	
194	8	9	12	14	78	79	80	82	83	85	87	89	90	96	
195	16	82	85	86	88	88	90	95	
196	16	18	22	
217	15	
225	55	57	60	
226	35	45	48	50	51	52	53	55	58	62	
227	42	44	45	46	46	48	49	50	71	
228	3	9	11	13	80	
229	6	11	12	14	15	18	79	83	86	93	94	98	
230	16	17	17	19	20	83	88	92	
231	18	
249	24	
250	20	21	
252	88	92	
253	88	
259	55	56	58	
260	34	51	52	52	54	54	55	56	56	60	
261	36	43	45	46	47	48	48	49	50	51	52	53	59	
262	5	8	10	44	45	46	47	48	73	
263	7	9	11	12	12	13	14	15	15	77	78	80	83	
264	12	16	17	19	21	81	86	87	90	97	99	
265	16	18	22	93	
281	93	
283	86	87	91	
284	85	86	87	88	89	90	92	96	
285	82	86	87	88	89	90	93	94	96	
286	77	85	86	86	87	89	90	92	94	98	
287	82	85	86	87	89	91	93	96	
288	86	87	87	88	89	92	96	
289	83	85	86	87	90	97	
290	18	
294	51	52	54	55	56	57	61	
295	45	50	51	52	53	54	56	58	62	
296	40	43	44	45	46	49	49	50	
297	5	8	8	10	11	14	15	44	48	70	
298	6	11	13	14	15	19	23	77	78	81	84	86	89	95	
299	16	17	17	18	20	90	
313	87	90	93	96	
314	83	86	87	88	89	90	92	94	
315	83	86	87	87	88	89	91	93	96	
316	82	85	86	86	87	89	90	91	93	97	
317	78	81	83	84	85	86	86	87	88	90	91	93	96	
318	80	81	82	83	84	85	86	87	89	90	94	96	
319	77	79	80	81	83	83	84	85	86	89	96	
320	77	79	80	81	82	83	83	84	85	86	88	88	89	95	
321	7	9	77	79	80	81	82	83	84	85	86	87	88	90	93	96	
322	10	17	77	79	81	82	83	84	85	85	86	88	88	89	91	95	
323	7	11	12	15	16	77	80	81	83	84	85	88	93	
324	16	17	18	18	21	88	97	
328	57	
329	48	51	52	52	54	55	56	57	59	61	
330	43	45	46	47	47	48	49	49	50	53	58	
331	5	9	44	45	46	49	
332	6	7	10	11	12	13	14	14	15	16	79	83	91	97	
333	13	16	16	17	17	18	19	20	22	
334	21	
346	46	51	
347	82	85	86	88	89	92	
348	77	80	81	82	84	85	86	87	88	90	93	95	98	
349	77	78	79	80	81	82	84	85	85	86	89	90	95	
350	46	77	78	79	80	81	82	83	84	85	86	88	93	
351	40	57	76	77	79	80	81	83	84	85	
352	17	19	29	41	44	47	48	49	76	78	80	81	83	84	
353	20	32	41	44	46	47	48	49	70	76	78	80	
354	9	77	78	79	80	84	
355	15	77	78	79	80	81	83	83	85	
356	6	9	10	13	67	76	77	78	79	80	81	84	99	
357	7	11	12	12	13	14	14	15	16	17	18	18	19	20	78	78	79	80	
358	16	17	18	18	19	20	21	25	80	
363	51	52	53	55	56	57	58	60	
364	46	47	48	49	50	51	51	53	59	
365	8	44	49	
366	3	7	9	10	11	12	14	14	15	
367	15	16	17	17	18	19	19	20	21	22	25	28	79	
368	23	
378	57	
379	48	51	52	53	54	56	56	60	
380	45	46	47	48	49	50	51	61	
381	46	49	79	81	84	87	92	98	
382	76	78	79	80	82	83	85	86	88	
383	8	13	17	68	76	78	79	80	83	
384	13	16	17	17	18	19	20	22	26	30	42	43	45	50	70	79	83	100	
385	10	14	18	19	20	26	42	44	45	47	56	57	58	65	69	71	73	79	
386	20	21	21	26	36	44	46	48	50	51	52	53	54	55	56	59	62	65	68	71	73	
387	21	22	25	28	44	45	46	47	48	49	49	50	51	53	56	58	72	
388	43	45	46	49	
389	10	
390	7	8	10	11	13	13	14	15	16	17	18	19	28	68	79	
391	5	11	12	13	14	15	16	17	17	18	19	19	20	21	23	24	25	72	
392	18	20	21	22	23	23	25	
397	52	53	55	56	57	60	63	
398	46	47	48	49	50	50	51	51	53	54	
399	9	44	45	48	
400	5	6	8	10	11	11	12	13	14	15	15	16	
401	3	16	17	17	18	19	19	20	21	22	24	
402	22	
405	72	73	
412	57	
413	48	51	52	53	53	54	55	56	59	61	
414	43	45	47	47	49	49	50	51	54	55	59	
415	44	46	47	49	50	53	81	84	
416	9	11	14	80	85	
417	6	8	9	10	11	12	13	13	14	15	15	16	17	18	28	
418	12	16	17	17	18	18	19	20	20	21	22	24	73	
419	4	21	22	23	23	25	56	57	
420	24	51	52	53	53	54	55	56	57	58	60	64	
421	42	45	46	47	48	48	49	50	50	51	53	54	60	
422	9	33	44	50	
423	9	11	14	15	
424	5	8	11	12	13	13	14	15	15	16	17	18	18	19	20	21	23	25	26	
425	5	18	20	21	22	24	
426	21	23	
430	56	58	
431	52	52	54	55	55	56	58	62	
432	46	47	48	48	49	50	51	53	54	
433	8	10	14	45	85	87	88	91	94	
434	4	6	11	12	13	13	14	15	16	18	
435	17	18	18	19	20	21	22	24	26	
436	22	
439	74	
446	57	
447	51	52	52	53	53	54	55	55	56	57	57	58	60	
448	42	45	46	46	47	48	49	49	50	51	51	52	54	54	56	59	
449	44	46	48	49	85	91	
450	6	9	10	11	14	85	
451	7	10	11	12	13	14	14	15	15	16	19	20	28	
452	3	17	17	18	19	20	21	22	23	25	
453	23	56	57	
454	36	46	48	49	50	51	52	53	54	55	55	56	57	58	61	
455	45	46	47	49	50	51	53	87	89	
456	8	45	49	85	87	90	96	
457	5	6	9	10	11	12	13	13	14	15	15	16	18	
458	5	12	14	15	16	16	17	18	19	20	21	21	22	23	24	26	
459	21	22	25	
464	56	58	61	
465	47	50	51	52	53	55	55	56	60	
466	44	47	48	49	50	54	82	85	88	89	92	94	
467	9	11	80	82	84	86	87	89	
468	4	7	10	11	12	12	14	15	15	16	17	19	24	
469	16	17	18	20	20	21	22	24	
480	56	58	
481	48	51	52	53	54	55	55	56	57	59	61	
482	43	46	47	47	48	49	49	50	50	52	54	
483	44	46	49	
484	7	9	9	11	13	14	
485	5	6	8	11	11	12	12	14	15	15	16	19	23	
486	16	17	17	18	19	20	21	22	23	58	
487	52	52	56	57	62	
488	47	48	50	51	51	52	53	55	60	
489	40	44	46	47	49	50	51	53	81	85	
490	9	11	14	48	68	83	84	
491	6	8	10	11	12	13	14	15	15	16	17	18	20	
492	13	16	17	18	19	20	21	22	23	23	24	
497	58	
498	51	52	56	57	60	
499	47	50	50	51	52	53	54	61	87	
500	43	45	46	49	82	85	87	90	
501	7	8	9	11	14	15	18	81	84	100	
502	5	6	11	12	13	13	15	15	16	17	17	19	19	20	23	
503	18	20	21	22	25	
504	23	
507	83	84	
514	53	56	57	
515	35	50	51	52	53	54	54	55	56	56	58	59	
516	41	45	46	47	47	49	49	50	51	51	53	53	54	55	
517	43	44	46	48	49	
518	6	8	9	11	14	14	18	
519	3	4	7	10	11	12	12	13	14	14	15	15	16	16	17	19	20	25	29	68	
520	13	16	17	18	19	20	21	22	22	23	57	
521	52	53	55	56	57	58	60	
522	46	47	48	49	50	51	52	52	54	55	59	61	
523	41	43	45	46	47	49	49	
524	5	7	9	10	11	14	15	44	72	
525	7	11	12	13	14	15	15	16	18	19	20	23	25	
526	16	17	17	20	21	22	25	
527	23	
531	56	
532	51	52	54	55	57	
533	47	49	50	51	53	53	54	55	85	87	88	89	92	94	
534	9	49	78	81	82	84	85	86	88	89	91	95	100	
535	4	7	8	10	11	11	12	14	14	15	18	79	84	
536	12	13	15	16	16	17	18	19	19	20	21	22	23	24	26	
537	21	22	
548	57	
549	51	52	53	54	54	55	56	57	58	59	60	
550	42	45	46	46	47	48	48	49	50	50	51	53	54	61	
551	33	44	45	49	
552	8	9	10	11	14	15	68	70	
553	2	7	12	13	14	15	16	16	17	19	19	20	23	26	
554	17	18	20	20	21	22	24	26	
555	53	56	57	
556	50	51	52	53	54	54	55	55	56	58	60	63	
557	33	41	43	44	44	45	46	47	48	48	49	50	50	
558	8	10	11	14	44	
559	7	10	11	12	12	14	15	23	
560	13	16	17	21	25	86	87	89	91	94	97	
561	18	86	87	92	98	
562	87	88	
564	88	
565	51	52	54	57	93	
566	50	51	52	54	55	87	88	89	91	
567	49	54	80	82	84	85	86	88	89	91	95	
568	8	10	11	14	79	80	82	83	84	85	
569	5	6	11	12	13	14	15	15	16	16	17	18	19	19	20	23	69	
570	13	16	17	20	21	22	23	28	
571	19	20	20	22	
582	57	
583	51	51	52	54	55	56	57	59	61	
584	41	46	46	47	48	48	49	50	50	51	52	54	
585	8	44	45	46	48	
586	6	10	11	12	13	14	14	15	15	
587	13	15	16	16	17	18	19	20	20	21	23	24	
588	18	21	22	23	
589	57	
590	35	51	52	52	54	54	55	56	57	59	60	
591	42	45	46	47	48	49	50	50	51	53	
592	9	31	41	43	43	44	45	46	47	49	73	
593	6	9	11	13	14	48	68	73	
594	7	8	11	15	78	78	80	82	83	85	86	88	93	
595	13	16	78	80	81	83	84	86	87	88	88	90	95	
596	17	81	83	84	85	86	87	89	90	92	95	98	
597	82	86	87	88	88	89	91	95	
598	57	86	86	87	89	91	94	97	
599	51	52	54	55	58	83	85	86	87	88	88	90	91	95	
600	50	54	78	82	83	83	85	86	87	88	89	91	94	
601	9	77	78	80	81	83	84	85	86	89	
602	7	9	10	11	12	14	14	15	16	16	17	18	20	69	79	
603	3	4	7	13	14	15	16	17	18	19	19	20	20	21	24	25	27	70	
604	18	21	22	23	24	
616	57	
617	36	51	52	53	54	55	55	56	59	
618	30	33	38	42	47	48	48	49	50	50	51	52	54	59	
619	8	10	42	43	44	46	48	67	70	
620	4	6	10	11	12	13	13	14	15	15	19	20	68	70	
621	13	17	19	20	21	23	25	26	
622	23	
624	54	55	56	62	
625	33	51	52	53	53	54	55	55	56	57	58	58	60	
626	33	36	45	47	48	49	50	51	52	54	61	
627	25	36	41	43	44	45	45	46	47	49	50	68	71	
628	3	9	13	27	41	44	46	47	48	71	79	
629	10	27	46	77	79	80	81	84	
630	12	77	78	80	81	83	84	85	88	95	
631	76	77	79	80	81	83	84	85	89	93	96	99	
632	78	80	81	82	83	84	85	86	87	88	89	94	96	
633	76	77	79	80	81	82	84	85	85	86	89	94	100	
634	68	76	77	79	80	81	82	84	85	86	95	99	
635	8	9	11	12	13	14	15	16	17	17	18	19	20	44	79	
636	4	7	10	11	12	14	15	17	18	18	19	20	21	23	25	26	28	69	
637	13	17	21	22	23	23	24	27	
651	53	54	55	55	57	59	
652	49	50	54	60	
653	8	45	50	72	
654	13	14	15	24	28	
655	21	23	
659	55	58	
660	52	53	54	55	55	56	57	60	
661	43	50	51	52	53	54	55	56	57	59	60	
662	4	24	29	37	41	44	45	46	48	49	50	51	52	56	58	59	65	
663	30	41	43	44	45	46	47	47	48	49	56	66	71	
664	23	29	39	42	43	44	46	47	47	48	49	56	67	69	71	79	
665	20	39	42	43	45	46	47	48	49	56	68	70	78	79	
666	16	19	41	44	47	50	57	67	76	77	79	80	81	83	
667	14	16	18	18	19	39	42	44	45	46	49	66	69	71	78	80	84	
668	6	9	10	11	12	13	14	17	19	20	20	27	44	45	48	67	69	71	79	
669	5	7	10	11	12	14	15	17	19	20	20	21	24	26	29	44	70	
670	20	21	22	23	23	24	
671	22	
689	2	
695	53	54	55	
696	50	52	54	55	56	60	65	
697	24	45	48	49	51	52	53	54	55	56	58	61	
698	23	25	30	45	48	49	50	54	58	59	62	
699	22	24	25	42	43	45	47	49	53	67	72	
700	11	19	22	23	25	27	43	45	60	63	70	73	
701	13	14	19	20	22	24	25	27	43	68	
702	11	15	19	21	22	23	24	25	73	
703	21	23	24	
704	23	
718	10	
732	53	55	
733	55	
734	24	
735	24	
736	25	
1172	69	71	
1205	28	
1210	90	
1228	25	
1239	30	
1256	2	
1268	41	
1270	47	
1271	57	
1274	86	
1275	11	
1278	23	
1281	42	
1282	39	
1283	3	47	
1298	41	
1313	19	
1315	16	18	21	43	
1316	22	42	45	47	50	58	70	
1317	4	46	48	
1318	59	
1320	8	
1328	71	
1336	26	
1337	25	
1344	73	
1345	27	
1347	14	
1348	10	14	18	22	24	
1349	16	19	35	51	52	55	56	57	61	
1350	17	18	19	21	23	25	27	40	42	44	45	46	47	49	50	51	57	60	60	67	71	
1351	42	44	46	47	48	
1355	79	
1358	65	
1368	63	
1370	20	
1374	9	
1375	28	61	
1378	44	68	
1381	11	19	
1382	8	10	13	15	25	
1383	6	11	13	16	19	23	52	56	57	
1384	17	18	19	20	24	26	50	51	52	53	54	56	59	
1385	18	42	43	45	46	47	49	50	51	54	56	58	72	
1387	59	
1391	1	
1395	38	
1403	86	
1406	19	19	19	56	63	
1407	40	46	
1408	32	38	
1410	21	44	
1411	45	47	
1413	50	
1415	4	80	
1416	5	10	13	28	
1417	7	9	11	12	13	14	16	19	24	58	
1418	12	13	16	19	21	34	51	52	53	54	55	56	58	60	83	86	90	95	
1419	22	41	45	46	47	49	50	51	56	58	
1420	44	45	46	47	48	49	51	73	
1421	43	49	
1435	39	
1436	40	
1437	42	46	
1438	18	19	67	
1439	16	18	21	26	39	45	47	59	
1440	19	22	38	38	43	43	48	51	56	61	
1441	20	22	23	42	46	48	52	57	63	69	
1442	20	37	39	43	44	47	50	56	68	69	
1443	20	42	45	47	49	56	65	67	73	
1444	38	39	43	44	47	51	56	
1445	23	46	47	48	72	
1446	54	67	
1449	42	
1450	4	7	9	
1451	5	8	10	11	14	80	
1452	7	12	13	14	15	20	33	55	57	60	78	79	82	86	89	95	99	
1453	16	16	17	18	19	23	37	48	50	51	53	54	57	58	78	82	86	
1454	45	47	48	48	49	50	55	
1455	45	46	50	56	72	
1469	17	18	20	38	43	43	
1470	15	16	19	22	39	43	47	49	59	67	68	
1471	13	17	19	19	21	41	46	
1472	14	17	18	19	21	24	29	41	45	46	58	66	70	
1473	17	18	19	21	45	48	55	58	64	70	
1474	17	19	20	22	24	44	45	48	51	53	57	63	63	66	69	
1475	18	19	20	22	25	42	44	50	55	58	59	63	71	
1476	20	21	23	23	25	26	42	44	45	49	52	53	56	57	60	71	
1477	20	22	24	26	37	39	42	44	45	46	48	48	50	52	54	56	58	60	68	
1478	20	22	23	25	27	28	42	44	45	46	47	49	50	52	54	56	63	65	69	73	74	
1479	25	41	44	45	46	47	48	49	51	53	57	69	
1480	45	
1483	67	
1485	4	7	9	91	
1486	5	6	10	11	12	14	15	16	20	26	55	57	58	81	
1487	12	13	16	17	18	19	21	51	52	53	53	54	55	56	57	78	79	85	90	94	
1488	21	45	46	47	50	51	52	54	60	
1489	43	46	48	
1493	101	
1499	38	
1501	12	16	
1502	5	11	14	20	24	
1503	15	16	18	18	19	25	62	67	68	
1504	16	17	18	19	21	22	24	41	43	45	48	59	67	72	
1505	14	20	21	23	24	27	29	44	59	65	71	
1506	15	21	22	24	43	50	69	
1507	15	21	23	24	64	88	92	
1508	23	23	25	87	88	89	91	97	
1509	23	25	86	87	88	89	92	97	
1510	16	17	23	
1511	23	52	53	54	55	56	57	60	65	
1512	24	48	50	51	52	54	55	56	58	60	
1513	44	45	49	50	52	53	55	57	87	91	
1514	48	
1515	4	
1517	17	
1519	8	14	
1520	9	10	12	13	14	17	22	57	
1521	1	7	12	15	16	17	18	19	21	24	34	52	52	55	56	58	61	
1522	21	22	45	45	46	47	48	49	49	50	51	53	55	59	
1523	43	46	50	
1535	9	
1536	7	8	10	11	12	13	14	15	16	23	
1537	12	13	14	15	16	17	17	18	19	20	21	23	
1538	17	17	19	20	21	22	24	27	38	60	
1539	22	24	46	
1540	85	86	88	89	91	94	96	
1541	54	82	83	85	85	86	87	89	90	92	93	95	
1542	78	81	82	84	85	87	89	93	96	
1543	7	10	11	13	14	17	76	78	80	81	84	85	87	89	
1544	16	17	19	21	56	78	82	86	88	97	
1545	22	51	52	52	55	56	62	
1546	48	48	50	51	53	53	55	60	83	87	91	96	
1547	51	62	82	85	86	87	89	95	
1548	87	
1553	9	13	
1554	2	6	8	10	11	14	15	16	19	21	24	57	
1555	2	13	15	17	18	19	20	21	23	26	52	53	54	55	55	57	58	60	70	
1556	21	22	43	46	47	49	50	51	54	55	
1557	49	
1558	49	
1567	37	
1569	6	8	12	14	
1570	6	8	10	11	12	14	14	17	18	
1571	3	7	12	13	14	15	16	16	17	18	19	20	21	24	46	56	57	58	
1572	17	20	21	22	26	47	48	51	52	53	55	60	
1573	44	46	47	49	50	
1574	76	77	80	81	83	83	84	85	88	95	
1575	76	77	80	80	82	84	85	92	
1576	11	76	77	79	80	81	84	94	
1577	7	8	10	11	13	13	14	15	16	17	76	80	84	
1578	6	13	15	16	17	18	19	19	20	22	52	56	57	60	80	
1579	23	46	48	50	51	52	53	54	58	
1580	49	51	53	78	81	84	85	86	88	89	91	94	
1581	48	53	77	79	81	83	85	90	94	
1582	83	
1584	70	
1586	8	
1587	11	13	27	
1588	7	8	9	10	11	14	15	16	19	53	
1589	13	16	17	17	19	20	21	23	24	50	51	52	54	54	55	57	59	61	
1590	45	46	49	49	50	52	53	
1591	43	48	90	
1592	42	
1594	63	75	
1601	84	
1603	8	11	13	17	
1604	4	6	9	10	11	12	13	14	15	16	18	24	
1605	8	12	15	16	17	19	19	21	37	53	56	57	62	
1606	17	18	21	22	47	47	48	49	50	50	51	52	54	54	55	56	58	62	
1607	43	45	46	48	49	50	90	
1608	43	79	82	92	
1609	78	80	84	92	
1610	6	8	11	14	17	18	80	83	
1611	4	9	10	11	13	14	15	16	17	18	19	21	24	26	57	
1612	15	17	17	19	20	22	23	25	26	48	51	52	53	54	55	57	59	
1613	22	47	48	49	51	55	59	86	93	94	
1614	44	48	55	80	81	83	83	85	86	91	
1615	54	79	85	90	
1619	19	
1621	8	10	14	17	30	
1622	6	11	12	14	15	16	17	18	19	21	24	53	56	58	
1623	13	18	20	21	22	24	47	51	52	53	54	55	56	60	69	
1624	23	44	45	47	48	49	51	54	86	90	93	95	
1625	50	85	90	
1629	81	82	82	
1637	5	8	
1638	3	6	9	10	11	12	13	13	14	15	16	27	
1639	12	13	15	16	16	17	18	18	19	20	22	52	53	55	56	57	60	78	
1640	17	18	20	21	23	36	47	48	50	51	51	52	53	54	55	57	59	
1641	43	44	45	46	47	48	49	50	53	87	90	
1642	45	48	88	92	
1644	7	10	12	14	15	17	24	
1645	5	7	11	12	13	15	16	16	17	19	20	24	56	57	
1646	17	18	20	21	23	23	26	47	50	51	52	54	55	57	58	
1647	22	45	46	47	48	49	50	52	53	55	82	84	86	89	
1648	43	48	80	88	88	99	
1649	56	85	
1655	4	7	9	10	12	14	15	16	18	18	
1656	7	12	14	15	16	17	18	19	20	21	24	29	52	53	57	62	73	
1657	21	22	23	25	39	40	40	41	46	47	48	49	50	51	54	58	
1658	45	49	51	54	81	83	84	86	89	91	
1659	50	86	90	
1670	19	
1671	6	10	
1672	4	7	9	10	11	11	12	14	14	16	18	
1673	8	11	12	13	15	16	16	17	19	20	21	22	24	25	52	53	55	56	56	60	
1674	21	22	48	50	51	51	52	53	53	54	55	58	62	
1675	44	46	47	48	50	51	54	87	90	
1676	43	
1677	15	
1678	6	8	10	11	12	14	19	
1679	6	11	13	14	15	16	17	19	25	52	53	56	57	62	92	
1680	1	16	17	21	23	47	48	50	50	51	52	53	55	56	57	58	
1681	42	44	46	47	48	50	82	
1682	82	85	
1683	43	
1684	79	
1687	17	18	32	
1688	11	14	16	20	
1689	7	9	10	12	14	15	16	17	19	20	21	29	57	
1690	8	15	17	18	19	19	20	22	24	33	51	52	53	55	57	59	
1691	21	22	23	46	48	49	51	52	54	91	
1692	44	48	52	82	85	87	88	
1693	81	84	
1704	43	
1705	9	
1706	5	7	8	9	10	11	13	13	14	15	17	19	
1707	1	12	15	16	17	18	18	19	20	22	24	51	52	55	56	61	
1708	21	22	47	49	50	51	52	53	54	55	57	58	
1709	48	49	51	81	83	84	85	86	88	89	91	94	
1710	85	
1711	4	7	
1712	6	9	11	13	15	
1713	1	3	7	11	12	15	18	21	57	58	80	85	90	
1714	16	16	17	19	21	34	50	51	52	53	54	55	57	61	77	81	85	87	88	91	95	
1715	29	42	44	45	47	48	49	50	52	57	
1716	41	43	45	46	48	48	49	58	65	68	69	
1717	27	31	41	44	46	54	56	
1718	41	47	51	80	
1719	20	47	
1720	41	
1721	10	18	19	
1722	9	10	12	14	17	18	19	21	70	
1723	12	14	15	17	20	21	23	24	56	57	69	
1724	20	21	22	24	25	48	50	50	51	52	53	54	55	
1725	45	49	50	52	53	56	59	82	85	86	88	88	90	92	94	
1726	49	81	85	95	
1729	86	
1738	15	
1739	5	9	
1740	5	6	9	10	11	12	13	14	15	16	18	20	57	
1741	2	7	16	16	17	18	19	21	24	48	52	53	54	55	57	62	
1742	18	22	45	46	48	49	50	51	54	57	83	87	89	93	
1743	79	80	82	84	86	91	
1744	82	
1746	9	15	16	86	
1747	5	6	9	10	11	13	14	15	19	79	
1748	12	13	16	16	18	21	25	35	52	54	55	56	58	61	79	82	84	86	89	95	
1749	17	21	33	50	52	53	55	58	60	86	88	90	93	96	
1750	42	44	45	48	50	52	53	56	60	
1751	26	37	39	43	44	47	48	49	51	57	60	
1752	19	22	27	41	45	46	48	50	57	61	66	70	
1753	20	24	27	40	43	43	47	56	72	
1754	18	18	20	28	41	45	47	48	67	69	
1755	8	8	10	14	16	19	20	23	25	26	29	40	45	
1756	5	10	12	13	13	14	15	15	17	18	19	20	21	24	26	28	57	70	
1757	18	21	21	23	23	24	47	52	53	55	57	59	
1758	22	25	49	50	51	54	55	58	86	86	87	90	92	94	97	
1759	50	78	80	81	83	83	84	85	88	90	96	
1760	80	84	89	95	
1762	84	91	
1763	8	
1764	7	8	
1770	21	
1773	9	15	
1774	7	10	11	13	14	19	
1775	13	21	24	52	53	54	54	55	60	78	87	89	91	96	
1776	23	49	50	51	54	82	86	87	89	90	92	93	96	
1777	80	84	92	99	
1778	100	
1780	9	
1781	9	14	92	
1782	2	6	10	12	14	19	78	78	80	85	89	93	93	
1783	53	76	77	79	80	82	83	84	85	87	89	96	
1784	16	19	54	86	87	89	90	96	
1785	16	23	50	52	54	58	60	64	88	92	
1786	24	45	49	50	55	57	59	
1787	22	24	26	29	44	45	49	51	53	56	61	63	67	70	
1788	20	22	31	43	45	71	83	
1789	10	12	13	14	20	21	23	24	43	65	68	74	
1790	22	24	53	58	
1791	50	52	54	55	57	59	86	87	89	91	93	95	
1792	52	54	82	85	85	86	89	92	94	
1793	79	81	85	
1794	79	
1807	11	15	
1808	4	7	10	15	
1809	55	77	79	82	85	87	89	92	97	
1810	53	77	79	80	81	83	83	85	86	88	90	
1811	82	84	89	
1812	83	
1815	98	
1816	11	82	
1817	2	6	9	13	14	78	82	85	98	
1818	7	8	10	12	14	16	77	79	80	82	83	85	86	88	89	93	
1819	11	13	14	81	82	84	85	86	87	89	92	94	97	
1820	87	88	90	91	93	95	98	
1821	86	87	90	92	96	
1822	24	91	93	
1823	86	87	87	89	90	93	94	96	
1824	51	53	55	82	83	85	86	87	88	88	89	90	93	94	96	
1825	53	78	80	81	82	84	84	85	86	88	90	95	99	
1826	76	78	79	81	82	83	85	87	88	99	
1827	79	84	90	
1843	80	
1844	79	81	86	95	99	
1846	82	
1847	34	
1851	9	79	
1852	9	78	80	84	
1853	1	5	11	14	78	79	81	84	91	
1854	7	9	11	15	76	77	79	80	81	83	83	85	87	89	
1855	76	77	78	80	81	83	83	84	85	86	88	90	96	99	
1856	77	79	80	81	83	84	86	87	88	90	93	96	99	
1857	76	77	80	81	83	83	84	85	87	89	
1858	76	77	79	80	81	84	85	89	
1859	77	79	80	82	83	85	88	
1860	79	84	95	
1861	85	
1862	98	
1863	88	
1875	6	
1876	3	
1877	56	
1879	87	89	94	
1880	88	
1886	10	
1887	5	78	81	84	
1888	78	80	94	
1889	77	79	81	85	89	
1890	76	78	80	81	85	90	
1891	79	80	85	95	
1892	79	82	83	83	
1893	80	
1896	101	
1898	87	
1911	85	
1912	85	88	
1914	16	
1915	24	
1922	36	
1924	80	84	
1925	80	
1926	79	
1934	21	
1939	53	
1943	86	
1959	7	91	
1962	58	
1965	26	
1979	5	
1993	71	
1995	41	
1999	27	
2001	25	
2012	7	
2014	51	
2029	13	
2031	62	
2043	55	
2050	78	
2051	79	
2052	4	
2064	61	101	
2065	46	
2071	59	
2079	47	
2100	22	
2103	75	
2111	14	
2119	53	
2123	22	
2125	41	52	
2130	48	
2149	12	
2182	12	
2185	17	
2200	92	
2246	2	
