80	8	10	
81	8	
118	87	
147	27	
152	88	
153	87	92	
154	86	87	89	93	95	
155	87	88	90	93	97	
156	88	93	
175	69	
185	57	
186	47	94	
187	46	85	89	95	
188	7	11	78	81	82	84	85	86	87	88	89	91	95	99	
189	7	12	77	81	82	84	85	86	87	89	90	93	95	98	
190	12	17	78	82	85	86	87	89	90	92	95	99	
191	16	87	89	91	96	
192	18	
218	57	
219	6	52	53	54	56	57	59	
220	41	45	47	47	48	49	50	51	
221	44	46	48	49	80	84	
222	9	38	78	79	81	83	83	85	
223	9	13	15	16	19	77	79	80	81	83	85	
224	6	9	11	13	14	77	79	80	81	82	84	85	86	89	
225	6	12	15	17	21	77	80	82	84	85	86	88	90	94	
226	16	17	18	88	90	
227	18	
253	4	51	52	53	55	56	57	60	
254	34	47	47	49	50	51	51	52	54	55	56	58	60	
255	42	43	45	45	46	47	48	49	49	50	
256	11	13	
257	4	16	18	19	24	78	84	
258	8	13	17	21	38	43	45	46	78	
259	6	9	11	12	14	15	15	21	77	78	79	80	83	85	99	
260	13	16	19	21	78	80	85	88	91	96	
261	18	21	
286	92	
287	52	53	56	58	
288	35	36	50	51	51	52	53	54	55	56	59	
289	43	44	45	46	47	48	49	50	
290	10	30	45	48	75	
291	7	13	16	17	23	52	54	60	
292	17	18	20	22	24	41	46	47	49	
293	6	9	10	14	
294	8	11	13	14	15	19	78	80	84	87	90	94	
295	16	17	18	19	22	88	
296	18	
319	87	93	
320	83	86	88	89	91	92	95	
321	17	18	57	82	86	87	89	92	94	98	
322	51	52	54	55	56	57	59	
323	41	45	46	47	48	49	50	51	53	
324	10	43	45	46	
325	8	12	53	55	56	57	
326	17	17	22	47	50	
327	6	9	44	
328	5	7	10	11	12	13	13	14	15	16	19	81	84	86	88	94	98	
329	16	17	18	18	19	20	22	
351	53	56	
352	52	88	91	
353	82	85	86	87	89	91	95	99	
354	9	79	80	81	83	84	85	86	87	88	89	90	92	95	97	
355	7	11	12	15	16	18	80	81	83	84	85	87	88	90	96	
356	16	17	20	53	55	56	57	62	
357	47	48	50	51	52	54	
358	43	45	49	
359	7	11	12	15	52	53	57	
360	50	86	88	89	90	92	93	97	
361	9	13	86	88	89	91	94	
362	5	6	7	10	11	12	14	15	15	16	19	24	78	87	88	95	
363	15	16	17	17	18	19	20	21	21	24	
364	21	
384	56	
385	47	51	52	53	57	
386	50	51	55	56	82	86	87	89	91	94	
387	48	77	79	81	82	84	85	86	89	91	94	
388	6	8	10	11	14	77	78	78	80	81	83	84	85	87	91	96	
389	7	11	12	12	13	14	15	16	17	17	19	77	78	80	85	88	93	
390	16	17	17	18	19	20	21	22	55	56	57	
391	35	51	51	52	53	54	55	56	58	60	
392	42	44	45	46	46	47	48	49	49	51	
393	5	44	
394	54	78	80	81	84	85	86	88	89	95	
395	8	10	14	77	82	84	85	87	89	96	98	
396	2	4	7	10	11	12	13	14	15	15	16	17	19	83	
397	16	16	17	18	18	19	20	21	22	25	
398	23	
417	57	
418	47	51	52	54	57	
419	47	49	51	52	53	55	86	87	89	91	94	
420	46	49	51	78	80	82	84	85	86	87	89	91	94	96	
421	77	79	81	82	83	85	87	88	92	97	
422	9	10	12	14	80	
423	5	7	10	11	12	13	14	15	15	16	17	18	19	22	24	84	94	
424	15	16	17	18	19	20	21	22	24	57	
425	34	50	51	52	53	54	55	56	57	59	
426	42	46	47	48	48	49	50	51	53	
427	44	45	46	49	
428	80	82	83	85	93	
429	8	10	11	13	79	81	83	85	90	
430	5	7	10	11	12	12	13	14	15	15	16	17	19	21	
431	16	17	18	19	20	20	21	23	24	
432	22	
450	57	
451	48	50	51	53	54	56	57	
452	46	47	49	50	51	52	55	56	
453	44	47	48	49	51	54	81	83	84	86	90	95	99	
454	55	77	79	81	82	83	84	86	88	89	
455	8	46	80	
456	9	11	13	14	81	
457	5	6	8	10	11	11	12	14	15	15	16	17	19	23	25	
458	16	17	17	18	20	21	22	25	58	90	95	
459	51	52	53	54	55	56	56	58	60	
460	45	46	47	48	50	50	51	52	54	
461	43	45	46	47	49	53	
462	45	
463	7	9	10	12	14	15	20	79	
464	5	7	10	11	12	13	14	14	15	16	16	17	18	18	19	20	20	22	23	29	69	
465	17	19	20	21	22	23	25	
484	56	57	
485	50	51	52	53	54	55	56	57	59	
486	46	47	48	48	49	50	50	51	52	54	61	
487	43	45	49	81	85	88	90	96	
488	34	42	52	62	66	80	82	85	
489	17	17	19	20	23	26	39	42	44	46	47	47	50	69	
490	9	11	14	26	46	72	
491	6	8	9	10	11	12	13	13	14	15	17	23	25	70	
492	16	16	17	18	19	20	20	21	23	23	57	88	
493	51	52	52	55	56	59	
494	37	43	45	47	47	49	50	50	51	52	53	54	55	58	
495	44	47	48	49	
496	10	86	
497	8	10	11	12	13	14	14	15	16	17	19	23	69	
498	1	8	11	12	14	15	16	17	17	18	18	19	20	21	22	23	25	70	
499	21	21	22	24	27	
518	57	
519	35	47	50	51	52	53	53	54	55	56	60	
520	45	46	48	49	49	50	54	86	90	93	94	
521	14	30	45	83	84	86	87	91	95	
522	8	12	15	16	19	20	52	54	55	56	56	57	
523	18	19	20	21	24	32	41	46	47	47	48	49	49	50	53	69	
524	9	23	40	43	44	46	49	69	
525	7	10	11	12	13	14	15	15	23	70	
526	8	12	16	17	21	86	88	89	92	93	96	
527	52	52	54	55	55	57	60	87	90	92	94	97	
528	50	51	51	53	53	54	55	58	86	88	90	92	95	
529	9	45	48	50	82	86	89	92	
530	9	10	12	14	15	
531	5	6	9	11	12	13	14	15	15	16	17	18	18	19	20	20	22	25	26	69	
532	13	15	18	19	19	20	21	22	23	24	25	
533	22	
552	48	52	55	56	57	58	59	
553	48	49	50	51	52	54	55	62	
554	45	46	49	50	52	54	80	83	85	87	89	92	
555	8	9	14	81	85	86	93	
556	5	6	11	12	13	15	16	16	17	18	19	55	57	58	69	
557	16	17	18	19	20	21	22	23	25	27	37	42	47	48	51	52	53	54	56	60	
558	30	38	41	44	45	45	46	47	48	48	49	67	
559	5	7	10	43	46	72	
560	8	11	13	78	79	82	83	85	89	95	101	
561	52	55	56	77	81	82	84	85	86	87	88	89	91	94	96	
562	51	53	77	80	81	82	83	84	85	86	87	89	90	92	94	96	
563	9	16	66	78	81	82	84	85	88	99	
564	7	9	10	11	13	14	14	15	16	17	19	19	70	
565	3	11	13	14	15	16	17	18	18	19	20	21	21	23	24	27	68	
566	21	21	22	25	27	74	
571	21	21	
585	53	57	
586	37	47	51	52	53	54	55	56	57	58	61	
587	46	47	48	49	50	51	51	54	55	60	
588	44	48	81	85	90	99	
589	9	10	11	13	14	17	79	81	84	93	
590	7	11	12	13	15	16	17	17	18	18	19	19	20	21	23	25	
591	21	21	22	52	53	53	54	55	56	57	59	
592	42	45	47	49	50	51	54	56	57	58	60	86	87	
593	28	36	40	42	44	45	47	48	48	49	50	53	56	67	73	
594	5	40	43	44	44	46	46	47	49	50	70	
595	20	27	39	46	60	68	68	77	78	80	81	84	85	
596	8	18	20	39	43	49	67	78	78	80	81	84	85	
597	9	11	13	14	15	16	17	18	19	20	27	40	44	47	68	69	73	79	
598	5	7	12	13	15	15	16	17	19	19	20	21	22	24	25	26	70	
599	5	18	21	22	23	23	24	
619	56	
620	46	48	50	51	52	54	55	56	58	58	
621	43	46	47	49	49	50	51	53	87	90	
622	9	45	48	80	82	83	85	87	89	91	96	
623	5	8	9	10	11	12	13	13	14	15	15	16	16	19	69	
624	4	15	16	17	18	19	19	20	21	22	24	73	
625	21	22	23	55	
626	33	53	53	55	55	56	59	89	
627	25	45	49	51	52	53	54	55	56	58	60	
628	25	42	44	45	46	48	49	50	51	58	67	
629	9	14	23	24	27	39	44	45	47	61	63	71	
630	11	14	15	19	21	25	26	44	68	72	
631	6	12	14	19	21	22	23	23	24	25	70	
632	21	22	23	24	
633	22	23	
653	53	55	56	57	
654	46	48	49	50	51	52	53	54	55	56	61	
655	45	49	50	54	81	86	91	96	99	
656	9	10	14	18	81	84	86	88	90	
657	5	7	9	11	12	13	14	15	16	17	18	19	20	25	
658	17	18	20	21	21	22	23	25	
661	51	54	55	
662	54	62	
664	24	
665	23	25	
686	57	
687	52	53	55	56	60	
688	43	46	47	49	50	50	51	53	54	62	
689	8	45	46	48	49	81	84	87	89	
690	9	10	11	13	14	18	80	82	83	
691	6	12	13	14	15	16	17	17	19	19	20	24	
692	17	18	19	21	22	23	23	
720	57	
721	51	52	52	54	55	56	58	59	62	
722	42	46	47	48	48	49	50	50	51	54	
723	8	44	46	49	66	84	
724	5	6	7	9	10	11	12	12	13	14	15	15	16	19	
725	13	15	16	17	17	18	18	19	20	20	22	23	25	27	
726	21	22	
754	57	
755	51	52	52	53	53	54	55	55	56	59	
756	42	44	45	46	47	48	49	49	50	50	51	
757	8	10	30	44	46	49	86	
758	4	6	10	11	12	13	14	14	15	16	19	
759	15	16	17	18	19	20	21	22	24	
760	18	22	
788	56	
789	35	36	51	52	53	53	54	55	55	56	57	58	
790	38	43	46	47	47	48	49	50	50	51	54	58	
791	9	13	44	48	66	
792	3	6	7	11	12	12	13	14	15	16	19	71	
793	17	18	19	20	21	22	25	
794	23	
823	51	52	55	57	59	
824	46	48	50	51	53	55	60	
825	13	40	44	45	66	71	73	
826	7	11	14	19	24	27	72	
827	20	21	23	24	28	
828	22	
858	55	
860	24	
1158	34	
1163	9	
1180	24	
1187	58	
1192	81	
1202	95	
1206	51	
1211	36	
1213	8	
1251	90	
1278	8	
1281	10	
1299	39	
1302	32	
1304	10	
1308	17	24	90	
1309	16	23	40	45	
1310	26	37	41	44	47	49	57	68	
1311	26	45	46	55	72	
1312	45	49	69	78	
1316	50	
1317	68	
1331	39	
1338	26	
1339	13	
1342	13	14	17	96	
1343	16	18	18	19	22	25	56	58	
1344	17	18	19	21	22	24	30	37	38	42	44	45	47	50	52	54	57	65	69	
1345	22	23	34	41	44	45	46	47	48	48	49	52	55	56	59	69	
1346	25	26	41	43	45	47	50	69	
1347	43	45	46	51	71	
1350	53	
1351	7	
1365	74	
1374	9	
1375	7	9	13	
1376	6	8	10	14	15	17	24	
1377	12	14	15	16	17	19	24	58	
1378	17	18	20	22	24	25	27	52	54	55	56	57	61	64	
1379	22	25	50	51	52	53	54	56	57	59	62	
1380	24	33	43	44	45	49	50	51	53	53	57	59	
1381	41	44	46	48	48	50	53	62	71	
1382	45	70	
1383	48	
1402	64	
1404	97	
1408	46	
1410	8	10	12	13	14	
1411	6	11	12	13	14	14	15	17	19	
1412	17	17	21	23	
1413	55	87	
1414	34	52	53	53	54	55	56	57	58	60	86	88	92	93	95	
1415	41	45	47	50	51	54	
1416	44	46	48	54	
1417	50	
1419	94	
1438	25	
1441	46	
1442	48	
1443	10	
1444	5	8	11	15	
1445	4	7	10	11	12	13	14	15	16	18	22	25	57	80	85	85	91	93	
1446	17	18	19	21	50	52	78	83	87	88	96	
1447	44	48	85	
1448	6	12	15	35	52	55	56	57	61	80	82	84	86	
1449	16	17	20	40	47	47	50	51	52	53	55	62	83	87	90	
1450	41	43	45	46	47	48	50	59	70	
1452	51	
1454	69	
1475	17	19	35	42	47	56	
1476	17	19	21	23	40	45	46	47	49	51	53	62	65	67	69	
1477	44	46	49	
1478	10	70	
1479	4	7	9	11	13	14	
1480	16	17	19	20	50	51	54	61	80	87	91	94	
1481	18	22	31	40	45	46	49	
1482	10	12	13	15	56	58	80	100	
1483	16	17	19	21	23	47	50	51	52	54	55	57	81	
1484	21	43	45	46	48	48	49	51	
1485	44	
1492	59	
1501	59	
1507	12	
1508	10	12	13	15	17	19	
1509	15	16	17	18	19	20	22	26	42	56	57	58	58	68	72	
1510	17	20	21	23	23	25	26	31	42	45	46	47	48	49	50	51	53	54	72	
1511	22	44	45	47	48	49	54	71	
1512	44	49	
1513	7	9	10	13	15	18	80	
1514	7	12	13	15	16	20	23	52	55	60	82	85	91	
1515	16	17	18	20	21	29	39	43	47	49	91	
1516	8	8	10	13	15	18	46	55	56	57	58	67	73	
1517	12	17	19	21	25	36	43	48	51	52	53	53	55	57	61	73	
1518	21	22	44	45	46	48	49	50	51	52	54	
1519	44	46	
1520	8	
1522	66	
1525	65	
1537	36	
1540	18	
1541	9	12	14	16	20	
1542	8	10	12	14	15	16	17	18	19	20	22	72	
1543	13	15	16	17	18	19	20	21	23	24	35	52	55	56	57	58	61	69	
1544	22	23	24	42	46	47	47	49	50	51	51	52	53	54	55	58	60	62	
1545	44	45	46	48	49	50	53	
1546	44	48	
1547	9	14	
1548	7	11	12	13	14	15	16	19	80	89	
1549	16	16	17	18	18	19	20	22	88	
1550	11	18	21	23	23	26	56	56	57	
1551	21	23	25	26	48	50	50	51	52	54	55	55	57	60	
1552	22	42	43	44	45	46	47	49	49	50	51	53	56	
1553	47	49	54	
1567	64	
1574	8	12	14	
1575	8	10	12	14	15	16	18	19	21	23	
1576	11	13	14	15	16	17	18	19	20	20	22	24	28	69	
1577	19	20	21	23	24	25	52	53	56	56	57	60	
1578	23	25	42	47	48	50	50	51	52	54	55	57	60	
1579	44	45	46	47	48	49	50	52	53	
1580	45	47	50	
1581	7	12	82	
1582	2	4	8	8	9	10	11	13	13	14	15	17	91	
1583	12	12	15	16	16	17	18	19	20	22	25	87	98	
1584	18	21	22	53	56	57	61	
1585	46	47	50	51	53	54	54	55	57	61	
1586	42	44	45	46	47	48	49	50	52	54	92	
1587	48	
1588	59	
1590	67	
1592	60	
1606	13	
1607	14	
1608	6	9	11	13	14	15	17	18	25	
1609	6	9	11	12	13	14	15	16	17	18	19	20	20	22	23	25	
1610	11	15	21	22	24	25	26	69	
1611	23	52	53	55	56	57	58	93	
1612	47	48	50	51	51	52	54	54	55	57	60	
1613	43	44	46	47	48	49	54	56	60	
1614	49	
1615	9	14	
1616	5	6	8	9	11	12	14	15	17	19	90	
1617	6	12	13	14	15	15	16	16	17	19	20	25	
1618	16	17	18	20	21	22	25	52	53	55	56	59	
1619	46	48	49	50	50	51	52	53	53	54	55	
1620	49	50	56	86	91	96	
1621	44	49	87	92	
1623	65	
1638	31	
1641	9	14	17	
1642	6	10	11	13	14	15	18	20	
1643	7	11	12	15	15	16	17	18	18	19	21	24	26	
1644	21	22	23	
1645	57	58	86	87	88	89	90	95	
1646	17	36	48	51	52	53	53	54	55	56	60	86	87	90	91	97	
1647	45	46	48	48	49	50	51	54	
1648	43	
1649	8	13	19	
1650	9	10	12	13	14	15	16	18	21	
1651	1	7	12	14	15	16	17	18	19	20	21	23	56	58	
1652	17	21	22	51	51	52	53	54	55	57	61	
1653	17	46	47	49	50	51	53	54	55	62	86	92	
1654	49	60	81	82	84	85	87	88	88	90	94	
1655	82	87	
1668	102	
1673	8	19	
1674	12	28	
1675	8	12	16	
1676	6	9	10	11	12	13	14	15	16	17	18	20	26	56	67	
1677	2	13	15	16	17	18	19	20	21	23	24	26	51	52	56	61	
1678	23	46	48	49	60	61	90	
1679	10	13	14	53	57	77	80	82	84	84	86	87	91	93	
1680	16	50	51	51	52	54	54	56	57	60	77	80	81	83	84	86	87	88	89	92	93	96	
1681	18	29	40	43	45	46	47	48	49	50	52	54	59	67	87	91	
1682	40	44	45	46	47	48	50	
1683	8	14	27	39	43	47	64	72	
1684	5	8	10	11	14	15	16	17	18	20	71	
1685	6	12	15	16	17	19	20	20	23	23	26	53	56	69	
1686	18	21	22	47	50	52	53	54	55	57	58	
1687	49	51	54	82	85	86	86	88	88	90	92	93	96	
1688	80	81	82	84	85	87	89	93	96	99	
1708	8	
1709	8	10	12	13	14	17	24	
1710	11	12	14	15	16	17	19	20	24	56	68	
1711	2	17	18	21	22	24	46	47	50	51	53	54	58	
1712	22	44	46	48	87	88	88	90	94	
1713	9	79	81	84	87	92	
1714	6	12	13	14	16	52	78	79	82	85	87	88	92	
1715	16	18	19	34	51	52	53	55	58	77	80	83	84	86	87	88	90	93	94	98	
1716	17	43	44	48	50	55	58	64	67	
1717	4	10	13	18	23	44	65	70	
1718	5	11	14	15	20	21	24	26	45	57	72	
1719	20	21	22	24	26	48	52	53	54	
1720	22	49	51	54	58	59	86	87	88	90	91	94	97	
1721	49	54	78	80	81	83	83	84	86	87	89	92	97	
1722	38	79	82	85	
1731	80	
1736	66	
1741	14	
1742	15	
1743	8	8	10	11	12	13	14	14	18	20	24	
1744	3	12	13	14	15	16	17	18	18	19	20	21	24	52	55	57	60	
1745	20	21	22	25	46	48	48	49	50	51	54	55	74	
1746	50	81	83	84	85	86	90	92	94	
1747	11	79	85	
1748	9	10	13	14	78	82	84	100	
1749	7	11	12	15	55	76	77	79	80	82	84	86	89	
1750	15	17	83	86	87	90	92	94	97	
1751	17	23	25	88	90	92	
1752	24	52	58	87	88	90	92	97	
1753	52	53	55	74	87	88	89	90	93	95	97	
1754	52	81	83	84	85	86	88	89	91	94	98	
1755	78	80	82	84	86	91	
1756	79	90	97	
1761	39	
1762	13	13	
1763	13	
1769	94	
1774	29	44	
1775	13	21	28	
1776	9	13	19	
1777	5	6	9	10	11	12	13	14	15	16	17	18	20	57	
1778	13	15	16	17	18	19	20	22	24	46	47	50	51	52	54	55	57	59	68	
1779	21	22	45	46	48	48	49	50	54	91	
1780	51	58	79	80	82	85	87	88	97	99	
1781	81	84	
1782	5	9	15	81	
1783	10	14	78	79	86	91	94	
1784	6	10	12	14	78	79	80	81	84	85	89	95	
1785	77	81	82	85	86	87	89	90	95	
1786	85	86	87	89	90	94	97	
1787	54	76	77	80	82	84	85	87	89	91	
1788	79	80	81	84	86	89	
1789	79	81	86	
1810	8	10	13	14	16	
1811	8	11	12	13	15	15	16	17	18	19	25	57	
1812	18	21	23	23	25	26	47	48	51	52	53	54	55	57	59	
1813	44	50	53	82	87	88	90	94	99	
1814	49	79	82	83	86	
1815	80	100	
1816	77	
1818	79	83	89	
1819	78	78	80	84	86	92	93	
1820	77	79	80	81	84	85	88	94	
1821	78	78	79	81	83	86	91	99	
1822	79	82	84	89	
1832	63	97	
1838	7	
1841	36	
1842	97	
1843	10	14	
1844	6	9	10	11	13	14	27	58	
1845	7	11	12	15	15	16	17	17	18	19	22	24	36	52	55	57	
1846	17	21	22	45	46	48	49	50	51	52	53	55	56	
1847	45	47	49	53	81	84	86	88	91	94	
1848	83	86	91	95	99	
1852	83	92	
1853	83	
1854	78	82	84	89	
1858	40	60	
1869	92	
1874	26	41	
1877	9	14	21	
1878	6	8	10	11	12	13	14	15	16	18	56	
1879	13	15	16	17	17	18	19	21	23	48	50	51	52	53	54	55	57	58	
1880	21	22	42	45	46	47	49	50	51	56	
1881	47	50	81	83	86	90	94	
1882	82	
1883	12	
1887	83	
1906	91	
1911	14	
1912	8	9	10	11	12	14	14	15	19	57	
1913	13	15	16	17	18	20	22	25	52	54	54	55	56	59	
1914	23	42	45	47	49	50	51	53	54	92	
1915	50	83	84	92	
1923	96	
1931	62	
1934	51	
1936	58	
1941	4	
1945	9	
1946	5	6	9	10	11	13	13	14	15	16	18	53	57	
1947	17	20	24	51	51	52	54	55	57	59	92	
1948	49	50	52	54	81	85	87	88	89	91	96	
1949	44	50	92	
1956	54	
1964	40	
1980	7	8	10	12	
1981	52	55	82	84	86	88	91	95	
1982	78	81	83	83	84	85	86	86	88	89	92	93	98	
1983	84	89	
1994	100	
1997	90	
2000	16	
2007	89	
2012	20	
2015	78	
2016	77	80	81	84	86	
2017	83	84	89	
2018	69	
2027	32	
2036	18	
2049	79	101	
2050	81	85	97	
2055	39	
2062	85	
2064	88	
2069	26	
2075	14	
2094	63	
2117	93	99	
2131	49	
2160	39	
2164	41	
2234	5	
2238	25	
2244	3	
2252	12	
2273	6	
