15	67	
16	69	
89	92	
122	82	86	87	90	92	95	
123	82	86	87	88	90	92	95	
124	16	87	
146	31	32	
147	27	
154	55	56	61	
155	47	49	
156	8	79	82	84	86	91	94	
157	10	12	14	78	80	81	82	83	83	85	86	88	89	91	95	
158	13	15	16	17	82	85	87	89	92	95	
159	16	18	
187	56	57	
188	51	52	53	54	56	58	61	
189	41	45	46	46	47	48	49	50	51	53	
190	9	43	79	
191	3	7	8	10	11	12	13	14	78	80	81	84	98	
192	6	11	12	14	15	17	18	20	80	81	83	84	86	88	89	93	96	
193	16	17	19	82	86	90	
194	17	
219	8	
221	57	
222	48	51	52	53	54	55	55	56	57	58	61	
223	42	45	46	47	48	48	49	50	50	51	53	55	56	59	
224	40	44	45	46	47	49	
225	5	9	11	79	
226	6	8	9	10	11	12	13	14	14	15	79	80	82	84	86	92	
227	12	13	16	17	19	20	80	82	85	87	88	90	96	
228	16	17	19	
252	88	91	
253	87	88	89	90	92	94	
254	82	86	87	89	90	92	94	97	
255	58	
256	51	52	53	54	55	55	56	58	60	
257	46	47	48	49	50	51	51	52	54	54	56	60	
258	42	44	45	46	48	49	49	51	53	
259	5	10	44	
260	7	9	10	11	12	13	14	14	15	16	23	79	82	92	
261	7	11	12	13	14	15	15	16	19	80	81	83	84	86	89	95	
262	13	16	16	17	19	20	22	83	86	88	
284	56	
285	83	87	90	
286	85	87	89	90	93	95	
287	11	78	79	81	82	83	83	85	86	88	89	93	94	97	99	
288	7	11	14	18	78	80	81	82	84	85	86	87	88	90	94	96	
289	16	17	19	81	83	84	86	89	95	
290	52	52	54	55	56	57	59	
291	43	46	47	48	49	50	50	51	52	52	53	54	55	56	59	
292	41	44	45	46	47	49	49	51	
293	5	13	44	48	
294	5	7	9	11	88	
295	4	7	9	10	11	12	13	14	15	15	24	28	78	79	82	85	88	95	
296	13	15	16	16	17	18	18	19	21	24	
316	53	
317	53	56	92	
318	52	57	86	87	90	92	95	
319	40	47	51	54	56	59	81	83	85	86	89	93	100	
320	40	46	47	50	78	79	80	81	83	85	
321	10	39	44	77	79	80	
322	6	8	10	11	12	14	15	18	79	80	82	83	86	93	101	
323	8	11	13	16	16	19	21	79	80	85	88	96	
324	17	18	21	52	53	55	56	57	
325	42	47	49	50	51	52	53	54	55	57	59	61	
326	42	44	45	46	47	48	48	49	50	50	52	
327	44	
328	4	8	10	14	86	
329	5	6	7	9	10	11	12	13	14	15	15	16	18	80	86	
330	12	14	15	16	17	17	18	20	21	23	81	84	89	97	
331	16	17	23	
350	55	91	
351	53	53	83	86	88	89	91	95	
352	40	81	83	85	86	89	95	
353	6	16	26	32	35	48	51	52	54	56	58	58	62	68	79	101	
354	18	20	42	43	45	46	47	49	50	51	54	69	
355	23	41	44	45	47	49	
356	3	6	9	10	11	14	15	78	
357	7	11	12	13	14	14	15	16	16	18	19	20	23	78	80	
358	17	18	20	21	53	57	
359	35	47	48	49	50	51	52	54	54	55	56	58	59	60	
360	41	44	46	47	47	49	49	50	51	
361	43	45	47	48	
362	5	10	15	30	
363	4	6	8	9	10	11	12	13	13	14	15	19	
364	11	12	13	15	15	16	16	17	18	18	19	20	21	23	81	85	
365	17	18	21	
382	93	
383	52	54	83	87	89	92	95	
384	37	52	54	78	82	85	86	87	88	90	91	94	96	
385	9	42	80	81	82	84	86	94	
386	11	14	16	17	18	58	70	78	80	83	
387	19	21	23	28	50	51	52	53	54	55	56	57	58	61	
388	24	45	46	47	48	48	49	50	51	52	54	61	
389	44	45	46	
390	6	8	9	10	11	13	14	
391	1	8	11	12	13	14	15	16	16	17	19	19	20	24	68	
392	18	20	21	23	56	57	
393	48	50	51	51	52	53	53	54	55	56	58	61	
394	45	46	47	47	49	49	50	50	51	54	55	59	
395	44	45	47	49	
396	11	
397	3	6	8	9	10	11	12	13	14	14	15	19	
398	12	13	15	16	17	17	18	19	20	21	23	24	27	
399	17	21	22	
414	56	
415	56	
416	50	54	86	87	89	91	96	
417	53	82	83	85	86	87	89	90	92	93	97	
418	39	77	79	81	82	84	90	
419	7	10	12	14	15	16	17	18	20	69	79	
420	15	17	20	21	22	24	
421	22	50	51	52	52	55	56	57	58	61	
422	45	46	47	47	48	48	49	50	50	51	53	55	
423	8	43	45	
424	4	7	9	10	11	12	14	14	15	16	18	28	
425	11	12	13	15	15	16	16	17	18	19	20	21	24	
426	21	22	52	57	
427	47	50	51	52	53	53	54	55	57	60	
428	45	47	48	48	49	50	51	54	59	88	93	
429	45	46	49	51	91	
430	9	11	
431	4	7	9	10	11	12	12	13	14	15	16	20	
432	7	12	12	14	15	16	16	17	19	19	20	22	23	28	
433	17	18	21	22	
447	57	
448	53	57	
449	47	48	50	51	52	54	
450	49	79	81	83	83	85	87	90	93	94	
451	8	78	79	80	81	82	84	86	88	89	98	
452	10	11	12	14	15	16	17	19	70	78	80	
453	3	13	15	16	17	18	20	21	22	23	25	
454	22	56	
455	51	52	52	54	55	55	57	58	
456	46	47	48	49	49	50	51	53	92	
457	91	96	
458	4	7	8	10	11	12	12	13	14	15	16	19	24	29	
459	17	18	19	20	21	22	23	57	
460	55	56	57	
461	47	48	49	50	51	52	53	54	55	57	
462	46	48	49	50	54	87	90	97	
463	8	49	82	85	87	89	91	95	
464	9	10	18	
465	5	6	7	9	10	11	12	12	13	14	14	16	20	24	
466	12	15	15	16	16	17	18	19	20	21	22	24	
467	17	21	22	
481	56	57	
482	47	51	52	53	54	55	56	
483	46	47	48	49	50	51	54	58	90	97	
484	8	49	79	81	83	85	86	88	88	90	93	97	
485	6	9	10	11	13	15	80	84	
486	5	8	11	12	14	15	16	16	17	19	20	24	30	69	
487	17	18	19	21	22	23	
488	52	56	
489	47	51	52	53	54	55	55	57	60	
490	44	46	48	49	50	54	84	
491	9	10	81	85	88	
492	5	7	10	11	12	13	13	14	15	16	18	19	23	
493	17	18	20	21	22	56	58	
494	51	52	53	54	55	56	58	
495	40	43	45	46	47	47	48	49	50	51	52	54	55	
496	32	36	40	45	46	48	48	49	62	81	83	94	
497	44	80	
498	8	10	14	19	41	71	
499	6	7	9	10	11	11	12	13	14	14	15	16	17	19	19	69	
500	15	15	16	17	17	18	18	19	20	20	21	22	24	26	36	36	
501	17	23	41	
514	57	
515	52	53	54	56	57	
516	46	47	50	51	52	53	54	55	60	
517	47	49	49	51	54	82	83	86	88	89	91	93	
518	8	10	79	81	84	86	91	
519	6	9	10	11	11	12	13	14	16	68	78	
520	1	5	12	13	14	15	16	16	17	18	18	19	20	21	22	24	
521	17	21	22	
522	52	53	55	56	57	61	
523	46	47	47	49	49	50	51	54	55	59	
524	42	43	45	46	48	49	84	94	
525	6	8	10	11	13	15	79	83	89	100	
526	5	6	11	12	13	14	15	16	19	24	
527	16	17	19	21	22	58	92	
528	51	52	53	53	54	55	56	57	57	60	
529	35	45	47	48	49	50	51	52	53	54	55	56	57	59	61	
530	38	41	42	43	44	45	46	46	47	48	48	49	50	50	51	
531	43	45	46	
532	7	9	10	11	12	14	
533	7	10	11	12	13	14	15	15	16	16	17	18	19	20	21	24	69	
534	17	19	20	21	22	
535	23	
548	57	
549	48	51	52	54	55	56	57	58	
550	46	47	49	49	50	51	53	55	59	91	
551	45	46	48	78	81	84	86	91	94	
552	4	6	8	10	11	14	67	78	81	84	88	100	
553	6	11	12	13	13	14	15	15	16	17	18	19	
554	1	16	17	17	18	19	20	21	22	23	25	27	
556	52	53	55	55	56	57	58	
557	42	47	48	50	50	51	52	53	54	56	60	
558	40	42	44	44	45	46	47	47	48	49	50	
559	7	9	10	
560	1	7	10	11	13	14	15	82	95	
561	13	16	19	82	83	85	86	88	88	90	92	95	
562	81	83	85	86	87	88	89	90	92	94	96	
563	51	52	54	55	56	58	62	85	86	87	89	90	93	94	98	
564	47	49	49	50	51	53	55	61	87	91	
565	39	45	48	87	92	
566	3	7	9	10	11	13	14	15	18	25	26	
567	12	14	15	16	17	19	20	21	22	23	25	
568	21	22	24	
579	46	
582	53	56	57	59	
583	46	48	50	51	51	52	54	55	56	58	59	
584	45	46	47	47	49	49	50	50	52	53	87	93	
585	8	43	48	80	84	90	96	
586	6	9	10	11	12	13	14	14	15	18	40	40	42	72	
587	4	11	12	14	14	15	16	17	17	19	19	20	21	24	26	71	
588	17	18	20	21	22	23	
589	23	
590	52	57	
591	34	48	50	51	52	52	53	54	55	56	57	58	59	61	
592	36	42	45	47	47	48	49	49	50	54	59	
593	32	40	42	43	43	44	45	46	47	47	48	49	71	
594	5	7	9	12	15	26	38	46	71	
595	6	11	13	13	77	79	80	81	83	85	94	
596	78	79	80	81	82	84	85	86	89	94	98	
597	6	53	78	80	81	82	82	83	84	85	87	88	90	95	
598	37	81	83	85	86	89	94	100	
599	9	18	45	78	85	
600	5	7	10	11	12	13	14	15	17	19	26	69	
601	15	17	18	19	20	21	22	24	27	
602	23	
616	52	56	
617	46	47	50	51	51	52	53	53	54	55	58	
618	45	46	47	48	49	49	50	91	
619	8	10	13	45	83	85	88	88	
620	6	10	10	11	12	13	14	15	18	70	
621	12	13	15	16	17	18	19	20	20	21	23	26	68	
622	18	22	
625	52	53	54	55	
626	51	52	53	54	55	55	56	57	58	60	63	
627	31	33	41	42	45	46	47	48	49	50	51	54	56	57	58	59	61	
628	38	39	42	43	44	44	45	46	47	47	48	49	50	57	67	
629	21	27	30	36	41	42	43	46	47	48	48	56	66	70	73	78	
630	20	21	29	39	42	46	47	70	79	80	
631	7	10	13	14	18	18	19	20	38	38	41	47	66	69	72	77	79	80	84	
632	11	15	17	18	19	20	21	21	26	32	41	43	43	46	50	67	70	79	80	
633	10	12	13	15	17	19	20	22	23	43	
634	11	12	15	17	20	21	24	70	
635	23	
649	58	
650	51	52	54	55	56	62	
651	46	47	50	51	51	52	53	54	55	58	
652	45	46	48	48	49	53	82	85	87	89	90	97	
653	9	10	11	14	82	86	94	
654	6	7	10	11	12	13	14	14	15	15	16	16	18	26	
655	13	15	16	17	17	19	19	20	21	23	23	26	
656	21	
660	55	
661	35	50	52	53	55	58	61	
662	35	44	45	50	51	53	55	58	61	
663	24	42	44	45	47	48	50	60	
664	21	23	25	42	44	50	61	64	71	
665	15	20	24	45	50	
666	20	21	22	23	23	26	43	
667	15	22	23	25	
668	24	
683	53	57	
684	51	52	54	55	56	58	
685	45	46	47	48	49	49	50	51	51	53	54	92	
686	8	44	46	49	86	91	
687	8	10	11	13	
688	2	6	11	12	12	13	14	15	16	16	17	17	18	19	20	
689	17	18	19	20	21	22	23	
698	24	
699	25	
717	57	
718	47	50	51	52	53	53	54	55	57	58	
719	46	47	48	49	50	51	88	92	
720	9	44	46	49	67	82	84	86	90	94	98	
721	5	6	8	8	10	10	11	12	13	14	14	15	16	19	
722	12	12	14	15	15	16	17	17	18	19	20	21	23	24	
723	17	22	
751	37	52	55	56	58	
752	47	49	50	51	52	52	53	54	55	61	
753	37	42	45	46	47	48	49	50	51	53	81	
754	9	10	13	81	
755	6	8	10	11	11	12	14	14	15	15	19	19	23	69	
756	1	12	13	16	17	18	18	19	20	21	22	25	
757	23	
784	58	
785	52	53	54	55	57	58	
786	33	41	46	47	50	50	51	52	54	55	60	
787	38	41	43	43	45	46	47	48	49	
788	9	11	13	40	46	65	70	78	
789	4	8	11	12	14	15	15	16	19	20	21	23	25	68	
790	20	21	22	24	28	
819	55	58	
820	51	53	55	62	
821	45	63	
822	4	23	
823	5	23	
1166	65	
1170	60	
1172	72	
1175	94	
1176	43	
1201	59	
1214	12	
1217	2	
1218	100	
1233	59	
1235	92	
1240	26	
1242	18	
1243	38	
1244	43	
1245	55	56	68	
1251	60	
1252	24	
1253	69	
1267	29	36	
1275	25	
1277	16	21	37	
1278	17	18	21	28	42	44	48	73	
1279	20	39	45	47	
1280	43	55	
1281	50	
1282	69	
1284	69	
1288	9	
1298	86	
1301	34	
1302	28	
1310	17	
1311	7	11	14	18	
1312	16	17	18	20	22	24	28	28	37	39	42	47	51	55	59	62	64	68	
1313	18	20	22	42	43	44	45	46	47	48	49	51	53	58	
1314	44	48	50	
1315	43	67	
1328	86	
1329	53	
1333	47	
1334	81	
1339	92	
1341	28	
1344	11	14	
1345	7	9	11	12	13	14	17	18	53	57	
1346	12	12	15	16	17	18	19	20	26	36	51	52	54	55	56	57	58	61	
1347	17	17	20	21	23	41	42	45	46	47	48	48	49	50	52	53	56	59	
1348	41	44	45	46	48	49	
1349	45	47	66	
1353	3	13	
1371	27	
1374	10	
1375	26	42	
1378	12	
1379	7	8	9	10	11	13	14	15	
1380	6	12	13	15	15	16	18	18	20	21	53	54	55	56	57	58	59	62	
1381	17	17	20	21	23	43	47	51	52	54	55	56	57	59	61	
1382	40	42	44	44	45	46	47	48	48	49	50	51	53	55	
1383	41	44	46	50	53	71	
1385	12	55	
1386	68	
1390	64	
1392	77	
1407	43	
1408	16	20	40	66	
1409	17	20	28	40	43	45	46	48	49	
1410	26	38	46	64	70	
1413	4	7	8	10	12	13	15	25	
1414	6	10	11	12	13	14	15	15	17	19	20	53	58	80	
1415	16	17	18	18	19	21	22	34	51	52	53	54	55	56	57	60	
1416	18	38	42	44	45	47	47	48	49	50	51	54	55	56	59	
1417	40	43	45	46	47	48	49	51	53	53	
1418	45	73	
1436	75	
1438	36	
1439	15	
1440	14	17	20	43	
1441	14	17	18	20	39	46	67	
1442	14	17	18	19	21	24	26	35	40	45	56	57	62	67	
1443	17	18	20	21	24	27	36	41	43	44	46	47	49	51	52	55	57	61	72	
1444	22	26	41	44	45	46	46	47	49	50	57	
1445	43	47	49	73	
1446	73	
1447	6	8	10	13	13	15	17	
1448	7	10	11	12	13	14	15	16	20	
1449	13	15	16	17	18	18	20	22	24	52	53	54	55	56	57	58	61	82	85	
1450	17	42	47	47	49	49	50	51	52	53	53	54	56	59	
1451	42	44	45	46	47	48	49	50	
1452	45	46	49	50	
1453	55	
1456	56	
1466	41	
1472	39	
1473	14	40	
1474	10	14	16	20	
1475	8	11	14	15	16	16	18	18	19	20	25	26	
1476	12	14	15	21	22	24	57	
1477	16	20	22	23	51	51	52	53	54	55	57	58	60	
1478	22	42	44	45	47	48	48	49	50	51	52	54	56	58	73	
1479	11	43	45	46	49	51	
1480	45	
1481	9	10	14	28	29	
1482	4	6	10	12	13	14	15	16	18	18	20	23	
1483	12	13	15	16	17	18	20	21	24	24	52	53	56	56	57	
1484	22	47	48	50	51	52	53	54	54	56	59	
1485	42	44	45	46	47	48	48	49	50	55	56	58	
1486	44	
1487	48	
1493	10	
1504	16	38	47	
1505	29	
1506	9	15	17	42	
1507	8	11	13	15	16	18	18	20	23	
1508	12	15	20	26	
1509	23	87	89	92	
1510	7	10	83	86	90	95	
1511	8	13	16	19	51	52	54	55	56	57	59	83	85	97	
1512	17	18	45	47	48	50	51	52	53	54	60	
1513	14	43	44	46	49	51	54	93	
1515	9	10	14	29	
1516	6	9	10	11	12	14	14	16	17	19	88	
1517	12	13	15	16	17	19	20	22	25	57	58	83	
1518	18	22	47	48	51	52	53	54	54	55	57	60	
1519	44	44	45	46	46	47	48	49	50	52	54	
1520	43	45	48	50	52	58	
1522	55	
1524	60	
1526	68	
1538	18	23	36	39	
1539	7	9	16	27	41	47	67	87	
1540	13	14	15	16	18	20	22	30	56	72	
1541	20	21	24	50	
1542	50	53	87	90	95	
1543	77	81	86	90	
1544	6	8	12	13	14	19	57	78	79	81	85	89	94	
1545	11	12	14	15	16	19	20	23	51	52	53	54	55	57	59	80	
1546	10	17	18	21	47	49	50	51	52	54	
1547	44	48	50	86	91	
1548	46	49	
1549	5	9	
1550	7	8	9	10	11	13	13	14	15	16	20	
1551	6	12	15	15	16	17	17	18	19	21	24	26	57	
1552	17	20	21	35	48	51	52	53	53	54	55	55	57	58	60	
1553	41	44	46	47	48	49	49	50	51	51	53	54	55	56	58	61	
1554	44	45	46	49	52	
1556	87	
1571	11	41	
1572	6	11	14	17	20	42	
1573	10	13	14	17	18	18	19	21	48	70	
1574	21	23	24	46	51	52	
1575	22	49	52	54	86	89	91	96	
1576	77	82	83	85	95	
1577	9	80	84	90	
1578	6	8	9	11	12	13	14	18	56	58	86	
1579	12	12	16	17	18	19	20	51	52	54	54	55	58	60	
1580	18	21	22	46	48	50	51	52	54	
1581	44	47	50	83	83	88	90	
1583	9	10	13	15	19	
1584	4	6	9	10	11	12	13	14	15	16	19	20	
1585	8	12	14	15	16	17	18	18	19	20	22	26	57	58	
1586	17	21	23	50	51	52	52	54	55	57	59	
1587	45	46	47	48	49	50	51	52	53	
1588	14	44	50	53	90	95	
1593	76	
1601	25	
1605	6	8	11	13	13	15	16	
1606	12	14	15	16	17	18	18	20	23	28	57	
1607	17	19	21	22	23	25	43	46	47	50	51	53	54	55	56	71	
1608	46	48	50	88	95	
1609	49	55	55	77	80	83	86	88	
1610	79	85	93	
1611	14	16	80	
1612	7	8	10	11	12	14	16	18	57	67	
1613	12	13	15	16	17	19	20	21	23	25	50	51	51	52	53	54	55	56	59	62	
1614	18	44	45	47	48	49	51	59	90	
1615	79	
1616	16	85	89	
1617	5	6	9	10	12	13	15	
1618	6	9	10	11	12	13	14	15	16	17	19	20	24	26	28	
1619	8	12	16	17	18	19	20	21	22	24	53	56	57	58	
1620	22	51	51	52	53	53	54	55	55	56	57	58	
1621	42	44	45	45	46	47	48	49	50	51	54	59	92	
1622	45	52	53	87	89	
1625	51	51	52	52	
1633	18	
1636	18	
1638	7	9	20	
1639	6	9	10	11	13	14	16	19	27	57	
1640	12	13	15	16	17	18	18	19	20	23	23	48	52	54	55	56	58	60	68	
1641	20	22	46	47	49	50	51	52	53	54	57	
1642	49	51	81	86	91	93	
1643	80	87	89	95	
1644	83	83	
1645	6	9	11	14	19	
1646	5	6	11	12	13	14	15	16	19	20	22	24	56	
1647	17	18	18	19	20	22	25	47	51	52	52	54	55	60	
1648	23	42	44	45	47	48	49	52	55	85	89	93	93	
1649	86	
1650	9	
1651	10	11	13	13	14	15	16	18	
1652	8	11	12	13	14	15	16	17	19	20	23	
1653	16	17	20	22	23	25	56	57	58	92	
1654	48	50	51	51	52	53	54	55	57	60	
1655	45	45	47	49	50	51	54	86	87	89	91	92	94	
1656	50	53	83	85	92	
1668	32	
1670	68	
1672	6	9	11	15	19	26	
1673	8	8	10	11	12	13	13	14	15	16	17	18	19	20	23	24	53	56	
1674	12	15	17	20	21	22	24	48	51	52	52	54	55	59	
1675	22	47	49	50	52	53	54	57	92	96	
1676	45	49	77	79	84	87	88	91	96	
1677	86	
1678	9	15	18	
1679	10	13	15	19	
1680	8	11	11	12	14	15	16	19	21	25	52	53	55	56	57	
1681	16	17	20	22	37	40	42	47	47	49	50	51	52	54	55	57	59	
1682	42	44	45	46	47	48	50	
1683	36	45	47	
1684	9	14	
1685	9	11	14	18	25	
1686	7	9	11	13	13	15	81	86	91	98	
1687	16	18	22	52	53	57	59	81	82	85	85	87	88	90	95	
1688	48	50	52	54	55	57	86	92	
1689	19	48	50	52	53	55	78	81	83	83	85	86	89	92	98	
1690	61	83	86	88	
1691	89	
1701	75	
1702	98	
1704	8	
1705	9	14	19	
1706	6	9	11	12	13	14	15	16	18	20	
1707	5	8	11	12	14	14	15	16	17	17	18	19	20	22	23	26	52	55	56	57	
1708	18	20	21	22	24	46	47	49	50	50	51	52	53	54	55	57	59	
1709	45	48	50	83	87	90	93	96	
1710	49	81	83	87	91	
1711	80	
1712	10	
1713	5	8	10	13	14	15	
1714	6	11	12	13	14	16	18	52	53	57	
1715	17	19	22	50	51	52	54	55	56	58	58	61	82	86	90	
1716	17	18	32	35	38	42	44	45	46	46	47	49	49	51	53	53	56	
1717	36	39	42	43	45	46	47	49	57	61	65	
1718	22	25	40	45	46	67	70	
1719	10	19	28	39	44	46	49	68	
1720	8	10	12	14	19	23	58	67	80	
1721	6	12	13	15	16	19	20	51	51	52	53	54	55	57	78	79	80	84	99	
1722	47	50	51	52	53	80	83	86	88	88	91	93	96	
1723	51	77	80	82	85	87	88	92	98	
1724	81	
1738	16	20	
1739	8	9	12	21	
1740	3	7	8	9	10	11	12	14	15	17	19	24	57	
1741	13	16	17	18	18	19	20	21	24	48	51	52	54	55	57	59	
1742	22	47	49	50	51	52	53	54	
1743	48	79	81	85	86	88	90	96	
1744	80	85	
1747	11	
1748	8	8	10	11	12	13	14	18	85	95	
1749	7	12	12	14	15	19	52	55	78	79	81	82	85	86	88	91	93	97	98	
1750	17	35	52	53	57	63	82	86	87	88	90	91	97	
1751	18	24	44	48	50	52	54	57	61	63	
1752	25	42	43	43	45	47	49	50	56	60	
1753	22	24	28	33	43	44	48	48	71	
1754	5	12	13	22	23	56	
1755	24	51	52	54	55	57	
1756	48	50	54	56	81	82	84	86	87	89	90	92	95	
1757	80	84	87	89	
1758	53	
1769	50	67	
1772	11	
1773	9	15	18	21	
1774	7	10	12	13	13	14	15	16	17	19	21	56	57	
1775	15	16	18	18	19	20	22	24	34	34	35	47	51	53	54	54	55	58	60	
1776	23	44	45	46	47	48	49	49	50	52	54	55	92	98	
1777	45	51	58	77	78	82	83	86	90	95	
1778	58	79	86	
1781	9	14	
1782	5	9	14	
1783	10	12	14	15	79	81	85	92	
1784	8	11	13	14	15	17	78	80	81	82	83	84	85	87	90	94	
1785	17	78	82	83	86	87	88	90	91	93	93	95	
1786	51	53	86	87	89	90	91	95	96	
1787	82	86	87	89	90	91	94	96	
1788	53	55	56	88	90	92	94	96	
1789	51	54	82	86	88	90	92	93	96	
1790	77	79	80	81	84	86	90	98	
1791	78	84	
1792	86	
1795	50	
1798	4	5	5	
1805	19	
1807	8	9	11	12	13	17	
1808	4	6	8	10	11	12	14	14	15	16	17	18	20	52	53	56	58	
1809	17	17	18	19	20	21	23	24	47	50	51	52	53	54	55	56	61	
1810	46	48	48	50	51	55	81	85	87	89	90	96	
1811	37	82	87	92	
1812	82	
1813	87	
1817	5	11	15	78	
1818	6	11	13	79	80	83	85	98	
1819	7	77	78	79	80	81	84	85	88	90	97	98	
1820	77	80	81	83	84	86	88	88	90	93	
1821	76	77	79	80	81	82	83	85	86	88	91	94	
1822	76	77	81	83	84	86	89	97	
1823	78	80	81	83	85	
1824	79	83	90	
1825	85	
1826	100	
1840	10	21	
1841	6	9	10	11	14	15	16	18	23	29	57	
1842	8	12	13	15	15	16	17	18	19	20	23	52	52	55	57	
1843	18	21	22	46	48	50	51	53	53	54	60	
1844	49	51	55	80	83	84	85	87	90	94	97	
1845	49	81	86	
1846	63	70	75	
1853	80	83	84	
1854	78	78	79	82	85	99	
1855	78	80	84	
1856	79	87	89	98	
1858	80	84	89	
1874	10	13	
1875	6	9	10	11	12	14	15	17	19	57	68	
1876	13	15	15	16	17	18	18	19	20	21	23	23	25	47	51	52	53	54	55	56	58	58	
1877	22	45	46	48	49	51	54	92	
1878	47	48	78	81	85	91	95	
1883	57	
1889	86	
1896	102	
1897	84	
1908	8	10	13	14	18	
1909	6	10	11	12	14	15	16	19	21	24	56	58	
1910	13	18	20	21	25	48	50	51	51	52	54	55	61	
1911	23	48	49	50	60	83	86	88	89	91	96	
1912	80	85	89	
1913	102	
1922	102	
1932	33	
1941	21	
1942	7	8	10	15	
1943	6	10	12	13	14	15	53	
1944	50	51	52	53	55	82	86	87	89	91	95	
1945	50	53	77	79	81	82	85	86	87	89	92	94	
1946	86	92	95	
1974	9	
1976	9	
1977	91	
1978	77	80	81	82	84	85	90	95	98	
1979	77	79	81	84	
1980	80	86	
1981	90	
1990	58	
1995	102	
2008	8	
2011	84	
2012	78	81	85	
2013	80	83	91	93	
2023	73	103	
2027	63	
2029	90	
2030	6	
2035	21	
2037	5	
2064	100	
2078	81	
2081	11	
2093	97	
2105	95	
2112	7	
2121	38	
2133	26	
2134	85	
2144	12	
2153	11	
2190	6	
2255	9	
