112	39	
117	88	91	
118	86	87	
147	92	
148	86	88	90	92	
149	82	86	87	89	90	91	95	
150	83	85	86	87	88	89	90	92	95	
151	82	84	85	87	88	89	90	92	95	
152	83	86	88	92	95	
153	16	87	92	
179	93	
180	85	87	87	90	92	97	
181	82	86	87	88	89	90	91	95	
182	81	82	83	85	86	87	89	90	91	94	96	99	
183	77	80	82	83	84	85	85	86	87	88	89	93	95	98	
184	77	78	79	80	81	82	84	85	86	87	89	91	95	
185	7	9	14	77	79	80	81	82	83	84	85	86	89	94	96	
186	10	12	15	77	80	81	82	83	84	85	86	87	89	91	95	98	
187	16	17	80	82	84	86	89	97	
188	16	17	
211	56	
212	51	88	89	92	96	
213	82	85	86	87	89	90	92	95	
214	81	82	84	85	86	87	88	90	91	94	
215	77	78	80	81	82	84	85	86	87	89	90	93	96	99	
216	40	77	78	78	79	80	81	82	84	85	88	89	94	96	
217	36	41	47	79	80	81	84	
218	77	79	80	83	102	
219	10	13	78	79	81	83	93	
220	4	8	8	10	11	14	15	16	78	78	79	81	84	85	88	98	
221	7	11	13	14	15	16	17	18	18	20	78	80	84	
222	17	18	21	
244	47	52	
245	46	50	52	91	
246	50	52	82	85	86	87	89	90	92	95	
247	78	79	80	81	82	84	85	86	88	88	90	94	97	
248	37	78	78	79	81	82	83	85	89	93	99	
249	16	19	43	77	79	80	84	
250	6	12	14	17	18	18	19	20	21	28	35	38	43	44	46	47	48	49	51	52	54	56	60	69	79	
251	20	20	21	27	40	42	44	45	46	47	48	49	50	51	58	63	64	68	78	
252	21	22	27	40	44	45	70	
253	8	
254	5	7	8	9	10	11	12	13	14	15	16	19	66	
255	6	11	12	14	15	15	16	16	17	18	19	19	20	21	22	26	78	
256	18	20	22	23	24	27	
262	92	97	
263	87	90	92	95	
264	16	88	
277	48	51	53	55	56	
278	47	49	51	52	55	
279	44	46	48	49	52	55	82	83	85	87	89	90	93	95	
280	77	79	80	82	84	85	87	89	91	95	
281	9	13	18	35	43	67	76	79	80	83	84	
282	8	11	14	15	16	17	17	18	19	39	62	64	68	79	
283	9	11	12	14	15	16	17	18	19	20	20	21	24	39	44	57	65	
284	15	18	20	21	22	23	23	25	26	47	50	51	52	53	54	56	58	59	
285	21	22	23	25	42	45	46	47	48	49	50	51	54	
286	43	44	45	46	48	49	
287	9	10	13	43	
288	4	8	9	11	12	14	14	15	16	18	19	21	23	26	
289	13	15	17	18	19	20	21	22	23	24	
294	52	
295	46	
296	83	85	89	
297	6	9	14	78	80	81	83	84	85	86	88	89	91	96	
298	13	16	80	82	85	87	90	94	
299	16	18	
310	52	56	
311	47	48	49	51	51	53	54	
312	41	43	45	46	47	49	50	51	54	60	
313	44	79	82	85	90	
314	9	12	13	79	80	82	83	85	89	
315	10	11	12	13	14	15	15	16	17	18	19	29	79	
316	6	12	15	16	17	17	18	19	20	20	21	23	24	
317	21	22	23	25	57	
318	22	48	51	52	53	54	55	56	58	
319	23	42	45	46	47	49	49	50	54	55	62	
320	44	45	48	92	95	
321	8	9	10	11	14	
322	5	7	11	12	13	14	15	15	16	17	18	19	20	23	
323	17	18	20	21	22	25	
327	53	
328	48	51	52	55	56	57	58	
329	36	43	46	47	49	50	
330	45	46	82	94	
331	6	8	10	12	13	78	79	81	84	88	94	
332	7	11	12	13	15	16	17	19	80	82	84	86	88	91	93	99	
333	16	17	18	19	22	90	
344	52	56	57	
345	37	43	47	47	49	50	51	51	52	53	54	55	56	61	
346	41	43	45	45	46	47	47	48	49	49	50	54	
347	44	79	94	
348	8	9	11	13	14	78	
349	5	7	11	12	12	13	14	15	15	16	16	18	19	20	23	
350	17	17	18	19	20	21	22	24	27	
351	22	56	
352	47	48	50	51	52	54	55	56	60	
353	42	45	46	47	49	50	51	53	
354	9	44	82	87	92	
355	4	6	9	10	11	14	14	
356	6	12	13	15	15	16	16	17	18	19	20	21	24	25	
357	20	21	22	
361	58	
362	48	52	53	53	55	56	
363	42	44	45	46	47	48	49	49	50	53	59	
364	40	44	44	46	49	
365	6	8	9	
366	7	10	11	12	13	13	14	15	16	18	80	82	85	88	
367	15	16	16	17	18	18	19	20	22	26	80	84	
368	22	
378	52	53	57	
379	46	47	49	50	51	51	52	54	54	57	59	
380	41	43	45	45	46	46	47	48	48	49	50	59	
381	40	43	45	
382	5	6	8	9	10	12	13	14	
383	6	10	11	12	12	13	14	15	15	16	19	23	25	
384	3	16	17	18	20	21	22	
385	23	56	
386	47	48	49	50	51	52	53	53	54	58	
387	40	43	43	45	46	46	47	48	49	50	
388	8	81	88	92	
389	3	6	7	10	11	11	12	13	13	14	15	16	18	
390	12	15	16	16	17	17	18	19	20	21	22	24	28	
391	18	23	
396	52	53	53	54	55	56	57	
397	46	47	47	49	50	50	51	52	54	54	56	59	
398	41	43	44	45	46	46	47	48	49	50	
399	9	43	76	
400	4	6	8	9	10	11	12	12	13	14	15	16	24	81	85	
401	16	17	17	18	19	20	20	21	27	
402	18	23	
412	52	55	
413	47	48	50	51	52	53	53	54	55	55	56	58	58	61	
414	36	41	42	44	45	46	47	48	49	49	50	51	54	
415	40	44	45	46	49	
416	6	9	10	11	13	
417	7	10	11	12	13	13	14	15	15	16	18	20	25	
418	12	15	16	17	17	19	20	21	22	23	
419	55	56	
420	47	48	50	51	52	52	53	54	55	57	59	
421	40	42	45	46	46	48	49	49	
422	9	10	44	
423	7	10	11	12	13	14	14	15	16	26	
424	1	16	16	17	18	18	19	20	21	24	27	
430	51	52	55	56	57	
431	35	46	47	50	51	51	52	53	54	55	56	60	
432	41	43	45	46	46	48	49	50	
433	8	13	43	
434	4	7	9	11	12	12	14	14	15	19	
435	13	15	16	17	18	19	19	20	22	24	
436	17	18	22	
446	53	
447	51	52	52	53	54	55	55	56	57	63	
448	45	47	47	48	49	50	50	51	51	54	54	58	60	
449	40	42	44	45	45	46	47	48	49	50	
450	6	9	10	
451	1	5	6	8	11	11	12	13	13	14	15	15	24	28	82	88	
452	2	13	16	17	18	18	19	20	22	25	87	
453	53	55	56	57	
454	47	48	49	50	51	51	52	54	54	55	60	
455	40	42	43	45	46	47	48	49	50	
456	9	43	
457	5	6	7	9	10	11	12	12	14	14	15	18	29	
458	13	16	17	17	18	20	20	21	22	24	
464	52	53	54	56	57	
465	41	46	47	48	49	50	51	52	54	54	55	56	60	
466	42	44	45	46	47	49	49	53	
467	8	44	92	
468	5	6	8	9	10	11	12	12	13	14	14	15	16	47	
469	12	13	15	16	17	17	18	19	20	20	21	23	24	25	
470	22	
481	52	55	56	57	
482	35	38	47	47	48	49	50	51	51	52	53	54	55	57	59	
483	41	42	43	44	45	46	46	47	48	49	
484	9	13	
485	6	8	8	9	10	11	12	13	14	15	
486	3	12	15	16	18	20	22	82	85	87	89	92	96	
487	17	22	52	53	56	58	
488	35	48	50	51	51	52	53	54	55	
489	40	42	44	45	46	47	49	49	50	
490	5	9	44	93	
491	6	8	10	11	11	12	13	14	14	15	24	
492	13	15	17	18	18	19	20	21	22	25	
498	51	52	53	56	
499	42	46	47	48	49	50	50	51	52	54	54	57	
500	43	44	45	46	47	48	50	93	
501	9	68	99	
502	5	6	7	9	10	11	12	12	13	14	14	15	
503	2	12	15	15	16	17	17	18	19	19	20	21	24	
504	18	21	22	
515	52	57	
516	36	47	50	51	52	52	53	54	54	55	57	59	
517	35	38	42	43	45	46	46	47	48	49	49	50	
518	44	45	48	
519	4	7	9	10	11	14	
520	6	8	11	12	13	14	15	15	16	18	81	82	84	85	87	88	90	
521	16	17	19	21	52	53	82	85	87	89	
522	35	47	47	48	50	50	51	52	52	54	55	56	58	61	
523	39	42	44	45	46	46	47	49	49	
524	8	43	
525	7	10	11	12	12	14	15	15	18	23	
526	13	15	16	16	17	17	18	20	20	22	25	88	
527	22	
531	53	
532	52	53	54	55	57	58	
533	43	46	47	48	49	50	51	52	52	53	54	55	
534	44	45	46	48	49	50	54	84	91	
535	9	44	82	87	90	95	
536	4	6	8	9	10	11	11	12	14	14	15	15	16	19	69	
537	8	13	15	16	16	17	18	19	19	20	21	24	26	
538	21	23	
550	50	51	52	53	53	54	55	56	57	60	
551	34	37	42	46	47	47	48	49	50	51	54	56	60	
552	29	40	42	43	44	45	46	46	48	66	
553	10	13	46	66	
554	8	9	11	12	14	14	79	81	84	100	
555	13	14	15	16	17	18	19	21	53	56	79	83	84	102	
556	20	36	48	50	51	51	52	53	54	55	59	
557	40	42	44	45	46	47	47	48	49	50	
558	9	43	
559	5	6	7	9	11	11	12	13	13	14	15	
560	12	15	16	17	19	21	25	83	86	88	90	95	
561	16	18	21	
565	53	58	
566	51	52	53	54	55	56	
567	43	45	46	47	48	48	49	50	51	52	54	55	59	
568	44	86	88	89	92	
569	8	10	67	82	86	90	94	
570	4	6	8	10	11	12	13	13	14	14	15	16	16	18	19	
571	12	15	16	17	19	20	21	23	23	26	
572	18	21	
584	52	53	54	55	57	62	
585	33	47	49	50	50	51	51	52	53	53	54	55	56	58	59	
586	35	36	42	44	45	46	46	47	48	49	49	60	67	
587	9	40	42	43	45	46	66	
588	9	11	14	19	25	26	28	
589	8	12	13	15	17	18	19	20	21	22	23	52	56	58	71	80	
590	22	48	50	50	51	52	53	54	54	55	56	57	60	
591	37	39	42	44	45	46	47	48	48	49	50	51	
592	43	44	46	
593	8	8	10	11	14	15	73	
594	6	10	12	13	14	15	18	79	81	83	84	86	90	95	
595	16	17	19	22	86	88	89	92	96	
596	17	
599	53	
600	47	50	51	51	52	54	55	56	59	
601	42	45	46	47	48	49	50	51	53	58	96	
602	44	45	82	84	86	87	89	91	93	95	99	
603	6	9	10	11	13	67	83	
604	3	7	10	11	12	13	14	15	15	16	16	17	18	19	20	24	
605	13	17	18	20	20	21	22	23	23	
606	22	
607	8	
608	7	7	
619	52	54	54	55	
620	44	54	58	63	
622	5	23	65	
623	21	23	25	53	
624	51	52	52	53	54	55	56	58	60	
625	42	45	47	47	48	49	50	50	51	54	56	
626	36	39	41	43	44	45	46	46	48	49	50	
627	5	9	11	13	43	
628	7	9	11	12	14	15	79	80	82	85	88	96	101	
629	7	12	13	14	18	18	78	79	81	82	84	85	86	88	89	91	96	
630	16	17	83	85	87	89	92	95	
631	17	92	
633	53	56	57	
634	47	50	51	52	53	54	55	58	
635	45	46	49	49	51	82	86	87	88	91	94	
636	44	80	82	84	86	88	89	92	95	
637	6	7	9	10	11	12	13	13	14	14	16	18	19	
638	3	8	11	12	14	15	16	17	17	18	19	21	24	25	27	
639	18	21	22	23	25	
658	52	54	55	57	
659	35	48	49	50	51	52	53	54	55	56	57	58	60	
660	36	39	42	44	45	46	47	47	48	49	49	50	50	61	
661	4	30	39	41	43	44	45	46	47	49	
662	4	8	9	11	14	72	79	
663	7	8	11	12	13	14	15	79	81	83	83	85	96	
664	6	12	14	16	80	81	83	85	86	87	88	90	92	96	
665	18	82	85	87	88	89	90	91	96	
666	87	89	91	93	
667	51	52	53	54	57	86	88	90	91	
668	50	51	53	54	55	82	86	87	89	90	92	94	98	
669	48	79	81	82	84	86	87	88	90	91	93	97	100	
670	9	10	13	14	77	79	81	83	84	86	88	
671	4	7	11	12	12	13	14	15	16	16	17	18	19	19	20	68	
672	12	17	18	19	20	21	21	23	24	27	
673	22	23	
693	51	52	53	53	54	55	56	57	62	
694	33	45	47	49	50	50	51	52	53	54	55	56	56	58	59	
695	36	41	42	44	45	46	46	47	47	48	49	49	50	65	66	
696	31	36	39	41	43	44	46	
697	2	5	9	11	13	15	68	79	
698	6	9	12	14	15	79	80	81	82	84	85	88	
699	8	12	15	77	80	81	82	83	84	85	86	90	93	96	
700	52	79	80	81	82	83	85	86	87	89	90	91	96	99	
701	51	52	53	54	78	81	82	83	84	85	86	87	89	90	91	93	96	98	
702	51	80	81	83	83	85	85	86	88	88	89	90	94	96	
703	78	79	80	81	84	85	89	
704	8	8	10	11	12	13	14	14	15	16	17	
705	3	5	11	12	13	14	15	16	17	17	18	18	19	20	20	21	23	25	26	70	
706	20	21	22	24	
728	51	52	53	54	55	56	58	
729	34	45	49	50	50	51	52	53	54	55	56	59	63	
730	29	38	40	41	43	43	44	45	45	46	47	47	48	48	49	50	51	60	66	
731	5	24	31	38	40	42	44	45	46	46	47	48	66	
732	36	41	46	47	78	79	
733	5	10	15	22	36	70	78	79	83	
734	6	36	47	77	78	79	80	81	82	84	85	88	94	100	
735	78	79	80	80	81	82	84	86	88	94	
736	16	18	40	77	78	79	80	81	82	84	85	95	
737	9	10	11	14	15	16	17	18	19	19	28	66	68	79	
738	5	7	9	10	11	12	13	13	14	15	16	17	19	19	20	20	21	24	70	
739	3	17	18	19	20	21	22	24	27	
740	23	
763	50	52	53	53	54	55	
764	33	43	45	48	50	51	52	53	53	54	55	56	58	62	
765	34	42	44	45	47	49	50	51	52	54	57	58	60	
766	23	25	29	40	42	44	45	46	47	48	48	49	50	51	53	56	59	65	68	
767	21	24	25	29	33	38	39	41	42	44	44	45	46	47	47	48	49	56	61	71	
768	20	22	37	40	41	43	47	48	48	50	61	67	68	
769	10	15	18	19	20	20	22	26	41	44	60	67	70	79	80	
770	8	10	11	13	13	14	17	19	20	20	22	28	39	64	66	70	78	
771	5	11	12	14	15	17	19	20	21	22	23	23	24	69	
772	13	20	21	22	23	24	25	27	
773	22	
798	55	
799	52	54	55	
800	34	45	51	54	55	56	59	63	
801	23	34	51	53	54	60	65	
802	23	24	45	50	54	59	64	
803	20	22	24	25	29	45	48	64	
804	4	12	22	23	24	24	25	70	
805	21	23	24	25	
806	23	
837	25	
1176	9	
1186	68	
1200	37	
1202	22	
1206	8	
1207	48	
1209	27	
1219	68	
1226	25	
1234	45	
1235	73	
1240	9	27	
1254	67	
1265	46	
1268	42	
1269	36	
1272	26	36	42	59	
1274	48	
1276	26	
1277	68	
1282	12	
1287	74	
1288	67	
1289	12	
1298	51	
1300	26	37	
1302	48	
1303	16	36	42	46	
1304	16	19	37	42	47	
1305	16	19	21	33	38	41	46	48	53	56	58	67	73	
1306	19	21	42	45	46	48	52	56	59	67	
1307	21	24	38	41	44	46	47	51	56	63	
1308	57	69	
1309	49	68	
1312	12	48	
1316	3	
1319	2	
1328	85	
1333	38	
1334	16	20	
1335	16	18	40	47	66	
1336	13	16	19	30	37	39	46	
1337	13	13	16	18	19	20	22	47	57	62	65	69	
1338	14	16	17	19	20	22	24	40	43	53	56	62	67	
1339	16	18	18	19	20	22	29	37	41	44	48	48	51	56	61	66	
1340	19	21	23	24	33	35	41	45	47	48	49	51	53	53	57	60	
1341	21	23	25	39	42	43	45	47	48	49	51	
1342	22	23	25	26	40	43	44	45	46	47	49	50	52	
1343	42	45	50	56	68	
1344	48	
1349	79	
1367	40	
1368	11	17	19	36	39	
1369	12	16	17	18	19	22	24	63	
1370	9	13	14	16	17	19	20	21	23	29	44	62	66	
1371	11	14	18	20	20	22	24	43	65	
1372	12	14	22	23	23	25	26	45	
1373	22	23	25	54	88	91	92	
1374	22	23	24	25	35	51	53	54	55	56	58	87	91	97	
1375	23	25	47	48	50	50	51	53	54	55	57	64	
1376	43	44	45	47	48	49	50	54	
1377	45	46	50	
1382	95	
1383	65	
1386	11	
1391	74	
1400	11	
1401	9	12	14	16	18	20	23	68	
1402	9	11	13	14	15	16	17	19	20	21	25	64	
1403	10	12	14	18	18	19	20	21	22	24	45	64	72	
1404	21	22	23	25	
1405	22	25	88	90	91	92	
1406	21	82	86	87	89	90	92	94	96	
1407	10	13	16	82	83	85	86	87	89	90	94	96	
1408	7	15	16	53	55	57	81	82	85	86	88	91	95	
1409	16	16	18	46	47	50	50	51	52	54	55	56	
1410	44	45	46	49	50	55	59	93	
1411	48	53	86	90	95	
1417	33	
1418	17	20	39	58	66	
1419	20	40	45	46	
1420	48	
1421	46	
1429	40	
1433	14	
1434	10	15	19	22	
1435	7	8	10	12	13	14	15	16	17	18	18	19	22	24	26	67	
1436	12	13	16	17	17	19	19	20	22	23	24	27	
1437	21	22	23	25	51	93	
1438	82	83	86	87	88	89	90	93	94	96	
1439	78	80	81	82	84	85	86	88	89	90	92	95	
1440	77	78	79	80	81	82	84	85	86	88	90	96	
1441	9	11	13	16	18	77	78	79	81	84	86	89	95	
1442	7	12	14	15	16	18	20	53	55	58	78	79	80	82	84	88	
1443	17	19	21	43	46	48	48	49	50	51	54	79	
1444	45	46	50	54	86	88	91	95	
1445	50	78	79	83	83	86	90	93	
1446	87	
1451	12	15	15	
1452	16	18	20	26	43	48	56	58	67	
1453	18	19	21	23	23	26	33	39	42	45	46	47	48	49	51	55	
1454	45	46	
1455	49	
1456	59	
1467	11	
1468	7	9	10	11	13	13	15	67	
1469	7	10	11	12	15	16	16	18	19	19	20	22	23	53	
1470	18	20	21	22	24	27	43	46	47	49	50	
1471	23	45	49	55	87	92	96	
1472	51	77	79	80	81	84	86	89	92	98	
1473	77	79	80	81	83	85	97	99	
1474	80	85	90	
1475	7	8	10	13	14	19	79	
1476	4	6	12	13	15	15	16	18	20	51	52	54	55	57	70	
1477	17	21	23	45	46	47	48	49	50	52	53	55	
1478	44	49	80	83	83	85	88	89	91	95	
1480	96	
1484	7	9	70	
1485	10	11	13	15	16	53	
1486	8	12	14	14	15	16	17	19	21	23	27	28	37	50	51	52	54	56	61	
1487	17	18	20	21	23	37	42	45	47	48	49	50	56	
1488	44	46	48	48	49	51	65	
1489	43	46	
1490	2	
1491	89	
1492	59	
1497	83	
1501	8	19	
1502	8	9	10	11	13	14	14	15	20	57	67	
1503	12	12	14	15	16	17	18	18	20	23	25	51	51	52	54	55	58	
1504	17	18	21	22	23	40	43	45	46	47	48	48	49	50	53	
1505	45	49	80	85	92	
1506	48	79	84	
1507	79	85	
1508	16	82	85	
1509	8	9	10	11	13	15	19	56	58	
1510	7	11	12	14	15	16	17	19	20	24	37	47	51	52	53	54	55	
1511	18	21	22	45	46	47	48	49	51	53	59	
1512	45	46	50	80	85	90	
1513	85	89	94	
1518	12	14	
1519	9	11	14	22	91	
1520	6	11	12	13	14	15	16	19	52	54	55	56	57	
1521	16	16	17	19	21	23	24	41	43	46	47	48	49	50	51	52	53	54	56	59	
1522	41	44	45	46	47	48	50	
1523	49	
1524	31	64	
1536	5	8	8	9	10	11	13	13	14	15	17	19	23	28	
1537	7	12	13	15	16	18	20	23	48	51	51	52	53	54	55	55	56	58	58	
1538	17	17	20	21	39	42	45	46	47	48	49	50	51	54	56	
1539	42	44	45	46	48	
1542	10	24	
1543	4	7	9	10	12	14	15	17	25	52	55	57	
1544	13	15	15	16	17	19	20	22	23	43	46	47	47	50	51	51	52	53	55	58	
1545	21	22	40	44	46	48	50	55	59	
1546	49	81	84	90	
1547	86	
1553	5	10	12	14	25	
1554	7	10	11	12	14	15	16	19	21	52	53	55	56	57	
1555	16	18	18	19	20	22	24	34	47	48	50	51	51	52	53	54	57	59	82	
1556	22	40	43	44	46	47	49	49	50	53	56	
1557	43	48	
1565	45	
1569	9	13	
1570	5	7	8	10	11	14	16	18	53	
1571	3	7	11	12	14	15	15	16	19	51	52	54	55	56	57	59	86	89	
1572	16	17	18	19	20	23	38	42	45	46	46	47	49	50	51	52	53	54	56	59	83	87	
1573	43	44	46	49	54	
1574	48	
1575	8	
1576	11	15	
1577	7	9	10	12	14	14	15	17	26	52	53	56	57	
1578	8	13	15	15	16	17	19	19	20	22	24	42	47	48	50	50	51	54	60	
1579	18	23	39	44	45	46	47	49	51	54	
1580	44	50	
1581	60	
1586	17	
1587	4	7	9	11	15	
1588	5	6	9	10	11	12	14	15	16	22	51	52	53	57	
1589	8	13	16	16	17	19	20	21	25	28	47	48	49	50	51	51	53	54	57	58	
1590	18	23	39	42	43	44	45	46	47	48	49	50	56	
1593	64	
1600	84	
1604	7	10	13	
1605	5	6	8	10	11	12	13	13	14	15	17	19	51	52	55	56	58	81	83	86	93	97	
1606	16	16	17	18	20	42	46	47	48	48	49	49	50	51	53	54	81	85	
1607	41	44	45	46	47	49	53	
1608	44	47	
1610	18	48	
1611	5	8	9	10	11	13	13	14	15	16	20	51	52	53	55	56	57	
1612	8	15	15	16	17	18	18	19	21	24	46	47	47	50	51	53	55	56	61	
1613	21	22	40	43	45	46	48	54	59	
1614	44	50	94	
1615	60	
1616	98	
1621	7	9	15	
1622	7	9	10	11	13	13	14	16	18	19	21	26	52	53	56	58	
1623	1	12	14	15	16	17	19	20	21	23	23	37	48	50	51	51	52	54	55	57	60	
1624	18	22	42	43	44	45	48	49	50	
1625	45	47	
1628	6	
1636	34	
1638	8	11	14	19	
1639	4	6	9	10	11	12	14	15	19	52	52	54	55	57	80	86	
1640	13	15	16	17	18	20	35	42	47	47	49	50	51	52	53	54	55	57	59	81	83	87	89	95	
1641	17	22	38	42	44	45	46	47	48	49	52	56	
1642	41	44	46	49	
1644	9	15	68	
1645	5	6	8	9	10	11	13	13	14	16	20	56	
1646	15	16	16	17	19	19	20	22	27	47	48	50	51	52	53	54	58	
1647	21	22	39	43	44	45	46	48	49	55	
1648	49	89	95	
1653	16	
1654	17	
1655	7	8	10	12	14	15	18	
1656	4	9	11	12	13	14	15	16	17	19	21	23	52	53	56	58	
1657	12	16	17	18	19	20	21	24	41	43	47	48	49	50	50	51	52	53	55	57	60	
1658	22	40	42	44	45	45	46	46	49	50	52	
1659	48	
1660	65	
1663	77	
1667	23	
1672	9	18	
1673	6	9	10	12	13	15	18	52	57	96	
1674	6	8	12	13	14	15	17	18	19	21	25	51	52	53	53	54	55	56	59	79	85	91	98	
1675	17	19	20	39	42	45	46	47	48	49	50	51	54	59	
1676	40	43	44	46	49	
1677	43	46	48	
1678	9	13	54	
1679	7	8	10	11	13	14	15	16	18	23	51	52	53	55	56	58	
1680	2	12	16	18	18	19	20	23	26	46	47	48	49	49	50	51	53	54	56	
1681	22	40	43	43	45	46	49	
1682	49	
1685	67	
1688	17	
1689	8	10	13	16	18	
1690	5	6	11	12	14	15	16	17	19	24	33	34	52	56	57	
1691	13	16	16	17	18	18	19	20	21	24	33	34	47	47	48	50	51	52	53	53	54	55	58	59	
1692	22	39	44	45	46	48	49	50	
1693	43	90	96	
1706	12	
1707	4	8	10	12	14	18	
1708	6	10	11	12	14	15	18	51	52	54	55	56	57	61	82	83	87	88	
1709	16	18	21	49	50	52	53	54	56	59	82	84	86	87	89	91	95	
1710	41	44	45	46	48	49	50	51	51	54	91	
1711	44	
1712	10	31	
1713	4	7	9	10	11	12	14	15	16	19	53	55	56	57	
1714	15	15	16	17	18	19	21	34	36	47	49	50	50	51	52	54	55	56	59	
1715	17	21	22	40	43	43	44	45	46	47	47	48	49	50	
1716	41	45	46	49	54	
1717	68	
1718	76	
1719	48	
1723	7	10	12	14	17	18	22	
1724	8	11	12	13	14	15	16	17	18	20	24	28	52	53	55	57	
1725	17	18	20	21	22	24	46	47	48	50	51	51	53	54	55	56	59	
1726	43	45	46	49	50	54	87	89	91	95	
1727	45	49	88	91	
1728	62	
1738	93	
1741	5	6	8	12	15	
1742	9	11	12	14	15	82	87	96	
1743	3	8	13	15	51	53	53	55	79	80	81	83	84	85	87	89	90	95	101	
1744	52	82	83	85	85	86	87	88	89	91	93	95	
1745	49	83	86	87	90	94	
1747	4	7	8	10	11	12	14	18	53	
1748	11	12	13	14	15	16	19	20	24	50	51	52	53	54	55	56	57	58	61	86	89	97	
1749	16	18	20	22	40	42	47	48	48	49	50	52	56	
1750	40	43	44	46	49	50	66	
1751	44	48	49	73	
1754	16	
1756	9	15	
1757	9	10	11	14	15	16	18	19	
1758	6	8	12	13	16	17	18	18	19	21	24	48	51	51	52	54	55	56	61	
1759	17	20	21	22	40	46	49	50	51	52	53	58	
1760	43	46	48	79	82	84	86	90	92	94	
1761	83	85	
1765	98	99	99	
1769	73	
1775	8	
1776	5	11	14	
1777	78	80	83	85	90	97	
1778	77	78	79	80	81	82	84	85	91	95	
1779	77	81	85	95	
1780	9	
1781	4	10	12	14	
1782	6	8	10	12	13	14	15	16	19	23	54	55	56	58	63	79	84	90	
1783	16	17	19	35	37	49	50	51	53	53	55	56	80	83	85	87	88	91	
1784	17	18	22	33	41	43	43	44	45	46	46	47	48	48	50	51	56	59	
1785	40	44	46	47	49	53	58	
1786	34	40	44	46	
1789	13	
1790	9	13	15	17	20	24	
1791	7	9	10	12	14	15	17	18	19	21	24	29	56	57	67	
1792	12	13	15	18	19	20	21	23	25	26	46	47	50	51	52	54	55	57	59	
1793	22	42	44	45	47	48	50	52	54	87	91	
1794	51	78	79	82	84	86	88	90	93	96	
1795	98	
1798	13	
1799	1	1	1	2	
1811	79	
1812	78	86	
1813	80	83	
1815	12	14	92	
1816	7	9	10	12	14	82	84	89	
1817	8	11	12	13	14	15	17	22	51	52	52	54	55	56	58	62	78	80	82	84	86	88	88	92	96	98	
1818	16	18	20	35	47	48	50	52	53	54	57	61	83	86	87	89	90	97	
1819	18	30	39	41	43	43	44	45	46	47	49	50	53	58	60	
1820	33	34	41	44	46	47	48	53	53	66	
1821	24	37	41	44	47	49	67	
1822	19	37	47	49	67	
1823	10	13	18	23	
1824	9	11	14	16	19	20	27	66	
1825	5	7	10	12	13	15	16	18	19	19	20	22	25	28	57	
1826	18	20	21	22	23	24	46	47	49	51	52	54	55	56	
1827	45	49	52	54	81	85	86	88	89	90	92	94	
1828	49	81	82	84	85	88	
1829	80	83	90	96	
1834	9	
1840	8	
1846	93	
1850	5	10	14	
1851	7	8	10	11	12	13	15	80	81	84	
1852	12	12	15	15	17	19	35	50	51	53	53	54	54	55	56	57	59	77	78	79	80	82	83	84	85	86	88	89	91	94	97	
1853	16	17	18	35	43	45	48	49	49	51	52	54	56	59	64	85	86	87	90	91	
1854	28	35	42	44	45	47	48	49	50	53	55	56	58	60	
1855	22	24	30	38	42	44	45	46	49	59	
1856	13	19	22	24	29	39	42	44	47	48	70	
1857	9	13	19	22	23	42	63	68	71	
1858	9	10	12	14	15	18	18	20	21	24	27	56	
1859	12	17	20	21	22	23	25	26	47	48	50	51	52	53	54	55	
1860	22	45	49	52	53	88	91	98	
1861	49	77	79	81	82	83	85	87	89	91	
1862	79	86	89	
1875	34	
1881	67	
1884	9	
1885	4	11	18	79	85	
1886	8	8	10	11	13	13	15	20	78	80	82	85	89	
1887	7	12	78	81	82	84	85	86	87	89	94	97	100	
1888	17	52	54	62	82	83	85	86	87	89	90	92	97	
1889	16	34	45	51	55	61	87	90	91	
1890	17	24	45	65	87	88	
1891	22	23	25	45	63	88	
1892	22	24	51	52	55	56	88	92	
1893	49	51	53	55	87	88	90	91	92	94	96	
1894	49	54	81	82	83	84	85	86	88	89	90	91	93	93	96	
1895	77	79	81	84	87	89	98	
1896	83	
1910	59	
1917	2	
1919	8	19	
1920	5	10	14	79	
1921	10	15	79	80	82	83	86	92	94	
1922	7	10	13	14	77	78	79	80	82	83	84	85	88	88	91	
1923	7	10	12	15	16	77	78	80	81	82	83	84	85	86	88	88	89	91	93	96	99	
1924	12	82	83	86	87	88	88	89	94	97	
1925	83	86	86	87	88	89	91	93	94	97	
1926	51	53	82	83	85	86	86	87	88	89	91	94	95	
1927	54	78	81	82	83	84	85	86	87	89	95	
1928	79	80	81	84	86	
1929	80	85	101	
1942	34	
1946	60	
1955	82	90	
1956	12	78	81	86	99	
1957	10	77	79	80	81	84	87	
1958	77	79	80	80	82	84	86	90	93	
1959	76	77	78	79	79	80	81	84	84	85	86	89	
1960	76	77	78	79	80	81	82	84	85	87	90	
1961	77	79	80	81	84	89	93	
1962	78	81	83	88	
1963	81	
1964	42	
1974	100	
1977	86	
1979	4	
1988	91	
1992	78	84	97	
1993	80	83	88	100	
1994	79	82	86	
1995	79	84	
1996	15	
1998	19	
2002	13	
2010	10	
2011	59	
2012	10	
2014	11	
2020	36	
2026	84	
2041	91	
2043	5	
2062	61	
2064	96	
2075	54	
2077	32	65	
2094	93	
2096	74	91	
2105	16	
2112	7	
2113	34	
2117	40	
2118	34	
2127	41	103	
2165	18	
2170	5	
2172	15	
2194	92	
