111	36	
149	54	
193	87	91	
224	92	
225	86	88	88	90	91	93	94	97	
226	82	86	87	88	89	90	92	94	96	
227	82	86	87	88	88	90	91	93	94	96	99	
228	17	87	90	93	96	
229	16	
256	56	
257	53	53	57	90	92	98	
258	86	87	87	90	91	93	95	98	99	
259	80	81	82	83	85	86	87	88	89	90	92	95	98	
260	11	13	80	81	82	84	85	86	87	88	89	90	91	92	93	96	101	
261	8	10	11	14	78	79	81	82	83	84	85	86	87	89	91	95	
262	8	11	12	15	16	17	18	20	81	82	84	86	87	88	91	96	99	
263	17	18	19	
289	57	59	
290	52	53	56	90	92	97	
291	51	54	57	61	82	86	87	88	88	89	91	92	95	98	
292	53	80	81	82	83	85	85	86	88	88	89	91	95	98	
293	78	78	80	81	83	83	85	86	87	89	92	95	
294	10	78	80	81	82	83	85	
295	6	8	10	11	13	14	15	16	18	79	80	81	84	86	88	98	
296	6	11	12	13	13	14	15	16	16	17	18	19	20	21	79	80	84	
297	17	19	20	22	26	
298	22	
312	91	
313	91	
322	56	62	
323	54	56	87	90	91	93	96	
324	52	54	59	86	87	88	88	90	91	94	96	
325	81	82	84	85	86	86	87	89	90	94	97	
326	78	80	81	83	84	86	90	94	
327	18	80	83	85	90	
328	5	8	10	14	16	19	28	79	
329	6	8	10	11	13	14	14	15	16	17	18	18	19	19	21	79	
330	1	12	13	14	15	17	18	19	19	20	21	22	24	25	27	78	
331	22	23	
345	88	92	96	
346	86	87	88	89	91	92	94	96	
347	82	86	87	90	91	93	93	95	97	
348	16	87	90	92	95	
349	16	18	
354	56	
355	53	57	91	
356	87	90	92	94	96	
357	54	81	82	85	86	87	88	88	89	91	95	97	
358	55	64	80	81	82	83	84	85	86	88	89	90	92	93	
359	78	78	80	81	83	83	85	86	89	94	
360	80	83	88	
361	10	
362	4	6	9	12	13	13	14	15	16	18	
363	4	7	12	14	15	16	17	17	18	19	20	20	21	22	24	26	74	
364	17	20	21	22	23	24	
377	56	58	59	62	
378	47	48	50	51	54	
379	46	49	53	81	83	85	87	89	91	94	100	
380	8	81	82	83	84	85	86	87	88	89	90	91	92	94	96	98	
381	9	12	15	80	81	82	84	85	86	87	88	89	90	92	95	97	
382	7	11	13	14	16	80	81	83	85	86	87	88	89	91	93	94	96	98	
383	16	18	87	90	93	94	97	
384	18	
387	57	
388	52	58	58	
389	50	52	54	57	86	87	89	91	92	94	97	
390	47	52	54	81	82	84	85	86	87	88	89	91	92	94	96	
391	47	55	78	80	81	82	83	83	84	85	87	88	89	92	94	
392	47	79	80	82	83	85	88	90	98	
393	80	
394	12	48	83	
395	9	11	14	
396	4	6	7	8	10	11	12	12	14	14	15	16	17	19	
397	12	13	15	16	16	17	18	19	19	20	21	23	24	
398	18	21	23	25	
411	52	53	55	56	56	57	58	58	60	
412	32	48	50	51	51	52	53	53	54	56	57	59	
413	45	46	47	48	48	49	50	51	53	59	80	83	84	87	88	98	
414	66	78	79	81	83	83	84	86	88	88	96	101	
415	10	14	78	79	81	83	85	89	
416	8	9	11	12	14	15	16	77	78	80	81	82	84	86	87	88	90	97	
417	8	11	13	14	15	16	17	19	80	82	84	85	87	88	90	96	
418	17	18	20	
421	56	58	60	87	88	92	97	
422	52	54	55	83	87	88	88	90	91	93	93	96	
423	51	53	59	82	83	85	86	87	88	90	91	93	95	
424	16	40	46	47	51	53	60	67	79	80	82	83	84	85	86	88	90	
425	16	29	36	39	46	56	59	67	78	80	81	85	
426	19	43	46	47	49	51	53	56	59	79	
427	44	46	48	71	
428	48	48	
429	7	9	11	13	15	16	42	
430	6	8	10	10	11	12	14	14	15	16	16	17	18	19	20	70	
431	2	13	15	16	17	18	19	20	20	21	22	25	28	
432	21	23	
439	78	78	
445	56	57	57	58	59	61	
446	47	48	49	50	51	51	52	53	54	55	56	59	62	63	
447	45	46	46	47	48	49	49	50	50	51	53	
448	46	49	81	
449	5	9	81	85	88	
450	5	9	10	12	14	78	80	83	84	94	
451	6	8	9	11	12	13	14	14	15	16	19	79	80	82	84	86	89	95	
452	13	17	18	20	22	86	88	90	92	95	97	
453	91	92	96	
454	83	87	88	89	90	91	94	97	99	
455	59	81	82	84	85	86	88	89	90	91	94	96	
456	42	54	81	82	84	85	86	87	89	91	95	98	
457	16	43	79	81	82	83	85	89	
458	10	16	17	18	19	19	20	26	43	48	66	70	78	81	84	
459	20	21	22	25	26	43	45	51	53	55	56	57	58	59	60	62	63	70	72	
460	20	21	22	26	45	46	47	48	49	51	51	52	54	57	59	69	71	73	
461	21	23	44	45	46	47	47	49	49	50	53	72	
462	9	49	71	
463	8	10	11	12	13	14	15	19	
464	5	6	11	12	14	15	16	16	17	18	19	19	20	21	23	24	27	
465	13	18	19	20	21	22	23	24	
466	23	
473	79	
479	53	56	57	58	59	61	63	
480	51	52	52	53	53	54	55	55	56	57	58	59	61	
481	44	46	47	47	49	50	50	51	53	53	54	55	56	
482	45	46	47	48	49	
483	10	
484	5	10	12	14	89	
485	6	8	9	11	12	13	14	15	79	82	85	88	92	94	99	
486	6	80	82	85	86	87	88	89	90	91	95	97	
487	81	82	83	85	86	87	88	88	89	91	92	94	95	
488	81	82	83	84	85	86	87	89	90	91	93	96	
489	46	79	81	81	83	84	85	86	87	88	93	
490	8	10	14	16	17	18	19	77	78	80	81	82	83	84	85	88	93	99	
491	10	12	13	14	15	16	17	17	19	19	21	28	42	43	70	73	79	85	
492	17	18	20	20	21	22	24	25	73	
493	22	23	24	25	26	51	53	55	56	57	58	59	60	63	
494	25	47	50	51	52	52	53	53	54	55	55	56	57	59	73	
495	46	47	47	48	49	49	50	51	54	
496	10	45	48	
497	5	7	8	10	11	12	13	14	14	15	16	18	
498	1	12	12	15	16	17	17	19	19	20	21	22	24	
499	18	20	21	23	24	
513	57	58	60	62	
514	35	37	50	51	52	52	53	54	55	55	56	56	57	58	58	59	60	62	
515	30	47	49	50	50	51	52	52	53	54	56	56	59	68	
516	42	44	45	46	47	47	48	48	49	50	51	52	54	60	68	69	69	
517	45	46	47	48	49	
518	27	46	48	
519	2	4	8	11	14	44	81	88	
520	8	18	46	79	80	82	83	85	86	89	90	94	
521	46	77	79	80	81	82	84	85	86	87	88	89	92	94	98	
522	67	78	78	80	81	82	84	85	86	89	94	
523	10	15	16	17	18	18	19	42	47	70	79	80	84	
524	7	9	10	12	13	14	14	15	17	18	18	19	20	22	26	69	72	79	
525	12	17	18	18	19	20	20	21	22	23	23	24	25	71	
526	22	23	25	74	
527	35	55	57	57	58	60	62	
528	48	51	51	52	53	53	54	55	55	56	57	59	60	62	
529	45	46	47	47	48	49	49	50	51	52	53	54	
530	8	11	14	49	50	
531	5	6	9	10	11	12	13	13	14	14	15	16	18	19	
532	1	5	7	11	12	15	15	16	17	17	19	20	20	22	24	
533	17	18	21	22	26	
548	53	55	57	58	60	
549	50	51	52	53	54	54	55	56	57	57	58	58	59	60	62	
550	31	35	37	45	48	48	49	50	51	51	53	54	55	56	57	58	59	61	67	72	
551	24	26	42	44	45	46	47	48	49	49	50	51	56	57	70	73	
552	19	43	45	46	47	47	49	50	57	69	71	
553	19	37	41	45	46	47	48	51	56	57	62	69	
554	16	19	20	41	46	47	48	50	52	68	70	78	80	84	
555	16	18	19	20	22	41	45	46	48	48	50	65	69	71	79	80	83	
556	7	10	11	13	14	15	16	18	19	19	21	28	45	46	69	71	80	84	
557	11	13	13	15	16	17	18	19	19	20	21	22	24	28	42	44	48	69	71	
558	14	15	17	20	21	22	23	24	26	70	
559	21	22	23	23	25	
561	53	56	57	61	
562	51	51	52	53	54	54	55	55	56	56	57	58	59	60	62	
563	45	46	47	47	48	49	49	50	51	52	53	54	
564	45	46	50	
565	3	6	8	8	10	11	12	14	15	16	
566	10	12	13	15	16	17	18	19	20	22	24	80	91	
567	16	17	20	22	
571	20	21	22	
582	62	
583	53	59	61	
584	33	52	53	54	55	57	58	58	59	61	
585	24	49	51	51	52	54	55	55	56	57	57	59	61	65	67	
586	22	24	25	33	45	48	49	50	51	53	54	55	56	60	63	72	
587	21	23	24	44	49	56	59	65	68	71	
588	15	18	19	20	21	23	23	25	26	44	49	53	54	55	57	59	64	69	72	
589	11	13	18	19	20	21	22	24	25	44	48	50	65	70	
590	11	14	19	21	22	23	23	24	25	28	69	73	
591	21	22	24	25	
592	23	24	
595	58	60	
596	51	52	53	53	54	55	55	56	56	57	58	58	59	61	63	
597	43	45	46	47	48	48	49	50	50	51	52	53	54	55	
598	45	46	47	49	49	51	
599	8	8	9	11	14	
600	3	6	9	11	12	13	14	14	15	16	18	19	21	79	82	86	89	96	
601	13	15	16	16	17	18	18	19	20	21	22	
619	54	61	
620	25	
621	23	25	65	75	
622	24	65	
623	22	23	25	
624	24	
625	25	
629	61	
630	52	52	53	54	55	56	57	57	59	60	61	
631	49	50	51	52	52	53	54	54	55	59	63	
632	45	46	47	48	48	49	50	50	51	75	
633	3	9	12	13	46	
634	4	6	8	9	10	11	12	12	14	15	15	16	18	19	20	23	79	86	89	
635	13	15	16	17	18	19	19	20	21	22	25	
636	21	22	
663	57	
664	52	53	55	56	57	58	58	60	62	
665	32	47	50	51	52	52	53	54	55	55	57	59	
666	46	47	48	48	49	50	50	51	52	53	66	
667	5	10	12	14	15	
668	4	6	8	10	10	11	12	12	13	13	14	15	15	16	19	20	100	
669	11	13	15	16	17	18	18	19	20	21	22	23	
670	21	
698	52	55	56	56	57	58	60	62	
699	47	47	50	51	52	53	54	55	55	56	58	59	
700	45	46	47	47	48	49	50	54	
701	5	9	11	14	48	
702	7	9	10	11	12	13	14	14	15	16	17	18	18	19	20	23	27	
703	12	13	15	16	17	17	18	19	20	21	22	23	
704	22	
732	52	53	55	56	57	58	58	60	61	
733	47	50	51	51	52	53	53	54	55	55	56	58	59	62	
734	32	45	46	47	48	49	50	51	54	66	
735	7	9	10	11	14	15	18	43	45	46	48	
736	5	7	11	12	13	14	15	15	16	16	17	18	19	20	20	23	24	43	75	
737	17	19	21	22	22	23	24	
766	52	53	56	57	58	58	60	
767	29	49	50	51	52	52	54	54	55	56	58	59	64	67	
768	28	38	42	44	45	46	47	49	50	51	52	53	68	
769	4	8	10	11	12	14	14	15	17	19	39	45	49	70	73	
770	8	13	15	17	18	18	19	20	21	22	23	24	25	68	72	
771	22	25	
800	58	
801	30	52	53	54	61	
803	5	13	15	21	23	25	45	
804	1	21	22	23	24	25	
837	24	
1169	17	
1173	34	
1181	1	
1190	85	
1193	86	
1198	51	
1200	75	
1204	26	84	
1206	8	
1218	99	
1231	51	
1244	49	
1262	19	99	
1274	20	
1303	25	
1304	50	
1305	42	
1307	23	
1308	20	92	
1313	51	
1314	46	
1315	27	46	
1345	20	
1346	37	42	
1347	46	
1348	47	49	56	60	
1349	26	42	46	47	49	71	
1350	46	49	60	68	
1352	52	
1353	61	
1358	62	
1367	48	
1369	58	
1377	30	
1378	25	
1379	42	
1380	13	16	19	21	
1381	16	17	19	20	23	41	47	51	58	62	67	
1382	17	19	20	22	24	31	40	45	46	47	50	52	56	57	59	71	
1383	22	41	44	46	47	49	50	51	54	56	58	62	68	73	
1384	45	46	47	48	49	51	53	56	71	
1385	46	49	
1396	38	
1409	16	
1411	20	26	
1412	19	40	
1413	8	12	15	17	18	25	40	
1414	12	14	15	16	17	18	19	20	21	41	72	
1415	16	17	19	19	20	21	22	23	25	28	62	70	73	
1416	18	21	22	24	28	51	53	54	56	57	58	59	61	70	
1417	21	22	25	27	47	50	51	52	54	55	56	57	58	60	
1418	48	49	50	52	53	54	
1419	48	50	58	
1442	24	
1444	18	42	47	
1445	10	13	16	22	41	
1446	10	14	16	17	19	20	40	72	
1447	8	8	11	13	14	15	17	18	18	19	21	23	42	72	
1448	11	13	14	15	16	18	19	19	20	22	24	26	72	
1449	20	21	22	24	75	
1450	23	24	52	55	56	57	59	61	
1451	50	51	52	53	54	55	56	58	61	73	93	
1452	50	52	53	55	60	75	92	98	
1453	52	54	
1463	32	
1466	14	
1467	36	
1468	43	47	52	68	
1469	44	47	51	
1470	45	47	53	
1475	57	58	
1477	16	19	
1478	10	16	23	42	
1479	9	12	14	16	18	19	20	24	43	
1480	9	12	13	15	16	17	19	20	21	24	26	41	71	
1481	11	15	17	18	18	19	20	21	22	24	25	69	
1482	21	23	24	
1483	25	56	57	
1484	48	52	55	55	56	58	59	63	
1485	46	47	49	50	52	53	54	56	87	90	91	95	
1486	50	54	83	86	87	88	90	97	
1487	63	
1491	68	
1498	64	76	
1499	30	
1500	22	24	
1501	13	16	17	18	19	24	39	56	58	70	
1502	17	19	21	23	42	44	46	48	52	56	57	60	66	68	72	
1503	21	23	28	43	45	46	47	49	50	53	55	56	70	
1504	45	46	47	49	51	70	75	
1505	44	46	48	
1506	51	
1510	11	41	
1511	10	16	19	41	
1512	10	13	14	16	17	19	20	24	42	
1513	9	11	13	13	15	17	18	18	19	20	21	22	24	27	70	75	
1514	12	15	17	18	20	20	21	22	23	24	27	72	
1515	21	22	23	25	74	
1517	56	57	58	59	60	
1518	47	47	51	52	53	53	54	55	59	
1519	48	48	50	51	54	58	81	83	85	86	88	90	93	97	
1520	52	59	80	82	84	87	93	97	
1521	82	87	90	
1523	74	
1533	14	
1534	7	9	11	14	17	18	29	
1535	12	13	15	16	17	18	19	20	25	42	
1536	17	19	20	21	23	23	25	53	55	56	58	58	60	62	
1537	21	22	24	27	29	48	49	50	51	52	54	55	56	57	59	60	71	
1538	22	43	45	46	47	48	49	50	51	53	55	56	57	60	63	69	
1539	44	46	47	48	49	51	53	59	69	
1540	49	60	
1541	39	49	
1543	47	
1544	8	11	15	17	19	21	
1545	9	11	13	13	15	16	18	18	19	20	23	
1546	10	12	14	15	16	17	18	19	20	21	24	25	71	74	
1547	12	15	20	21	22	23	24	25	27	
1548	22	23	24	
1550	58	
1551	52	53	55	56	57	58	59	60	
1552	47	48	50	51	52	53	54	55	56	57	60	92	
1553	49	53	55	56	79	82	85	88	88	92	94	
1554	49	63	83	
1557	65	
1559	68	
1567	9	15	18	
1568	7	9	10	12	14	14	15	17	18	29	
1569	8	12	13	15	15	16	17	19	20	23	24	
1570	17	18	20	21	22	23	24	61	
1571	33	53	54	55	55	56	57	58	59	60	62	
1572	34	47	50	51	52	53	54	55	56	57	59	60	62	74	
1573	45	46	47	48	48	49	50	51	54	55	56	59	
1574	46	49	52	55	
1575	48	
1576	16	19	41	68	72	
1577	10	15	16	17	19	39	46	
1578	7	9	11	13	14	15	16	17	19	20	21	25	26	28	45	46	68	72	
1579	3	7	9	11	13	14	15	17	18	18	19	20	21	22	23	24	70	74	
1580	4	15	21	22	24	25	
1581	74	93	
1582	91	93	96	
1583	17	
1584	56	57	
1585	35	48	52	54	55	56	57	58	61	
1586	47	49	50	51	52	53	55	59	87	89	90	93	94	
1587	49	50	82	84	87	
1588	54	90	
1592	56	
1593	59	
1601	10	14	
1602	7	8	10	11	12	14	14	15	19	50	
1603	12	13	14	15	15	16	17	18	18	19	20	21	46	
1604	17	17	20	21	23	
1605	57	58	61	
1606	35	51	52	52	53	54	55	55	56	57	58	59	60	62	63	
1607	37	42	45	46	47	48	48	49	49	50	51	54	56	58	75	
1608	45	47	49	50	54	64	70	
1609	19	29	43	43	46	48	50	66	69	
1610	7	13	14	16	18	19	20	22	41	46	66	70	
1611	11	14	17	18	19	20	21	23	25	26	70	
1612	8	11	13	13	15	20	21	23	24	56	69	
1613	22	23	25	
1614	88	90	91	92	96	98	
1615	86	87	88	89	90	91	92	94	95	97	98	
1616	10	12	13	82	85	86	87	89	90	90	92	94	96	98	
1617	15	16	17	19	82	86	88	88	90	91	94	97	
1618	17	17	34	53	56	57	58	59	60	63	
1619	48	50	51	52	52	54	54	56	58	
1620	46	49	50	51	52	53	55	56	63	82	83	85	87	89	91	98	
1621	49	52	85	91	93	
1622	43	48	
1626	55	55	
1635	9	
1636	5	6	9	10	11	12	14	15	
1637	7	10	11	12	13	14	15	16	18	19	20	23	79	
1638	16	17	18	19	21	22	
1640	53	55	55	56	57	58	60	62	65	
1641	30	50	51	52	54	55	56	58	59	61	66	
1642	23	39	43	45	47	48	50	51	54	71	
1643	8	12	13	15	16	19	23	25	27	41	44	49	69	72	
1644	11	14	15	19	20	21	22	24	26	69	72	
1645	4	6	20	21	23	23	24	57	
1646	22	23	24	52	57	74	
1647	51	54	87	90	92	93	96	
1648	78	81	83	84	85	86	86	88	89	90	92	93	95	
1649	13	77	81	82	83	83	84	85	86	87	89	97	100	
1650	7	8	10	11	13	14	15	17	19	77	78	79	80	81	82	83	84	85	87	88	90	93	
1651	6	12	15	15	16	16	17	18	19	20	78	79	80	81	83	85	91	
1652	17	17	20	21	53	55	56	57	57	59	60	61	
1653	47	48	51	52	53	53	54	55	56	57	59	61	
1654	46	48	48	49	50	51	54	81	84	87	
1655	50	54	63	84	
1669	9	14	
1670	10	12	13	15	16	26	
1671	6	8	10	11	12	14	15	15	18	19	83	87	89	91	95	98	
1672	12	13	15	16	17	19	22	82	86	87	90	91	93	94	96	
1673	16	17	
1675	53	55	
1676	24	64	
1677	25	
1678	24	
1679	25	53	55	57	60	88	90	91	
1680	51	52	54	87	89	90	90	91	93	95	97	101	
1681	80	81	82	84	85	86	88	89	91	94	
1682	78	79	80	82	84	85	88	91	94	
1683	9	78	80	84	87	
1684	4	9	10	12	14	15	16	18	79	83	87	98	
1685	8	12	13	15	16	18	19	20	23	80	86	98	
1686	17	17	19	20	21	26	56	57	58	60	
1687	50	51	51	52	53	54	55	56	59	60	64	
1688	45	46	47	48	49	50	51	53	61	84	103	
1689	46	48	50	53	
1702	14	
1704	4	11	20	
1705	7	9	10	12	13	15	81	86	89	99	
1706	6	7	10	11	12	14	15	16	20	76	78	79	81	83	84	85	86	88	88	90	92	95	97	100	
1707	17	83	86	87	87	88	90	90	91	92	94	96	97	
1708	17	87	87	91	92	95	96	
1709	93	
1710	91	93	97	
1711	87	90	90	92	96	97	
1712	55	87	88	91	92	94	95	98	
1713	54	62	81	83	86	87	88	89	90	91	93	95	99	
1714	55	81	83	83	84	85	87	88	89	91	93	
1715	78	80	82	84	87	89	94	
1716	83	85	
1717	11	15	100	
1718	5	9	11	12	13	14	18	
1719	5	8	10	11	12	13	14	15	15	16	17	19	21	25	
1720	16	17	18	19	20	21	22	52	53	56	57	57	59	61	
1721	50	50	51	52	53	53	54	55	56	56	58	59	62	64	
1722	46	47	48	49	50	51	52	54	60	69	
1723	46	47	49	50	54	59	
1725	94	
1738	12	
1739	4	8	12	88	
1740	3	8	11	80	85	90	
1741	6	10	12	14	78	80	81	82	83	84	85	85	87	88	89	90	94	100	
1742	7	12	81	82	84	85	86	87	88	89	91	94	96	98	
1743	82	83	85	86	87	87	88	89	90	91	92	95	97	98	
1744	82	83	85	86	86	87	88	90	91	93	94	97	99	
1745	81	82	83	84	85	86	87	88	88	89	90	92	94	95	101	
1746	78	80	81	82	84	84	85	86	87	88	89	90	92	93	95	
1747	78	80	81	82	84	85	87	90	94	
1748	78	80	81	84	86	88	88	98	
1749	80	
1751	14	100	
1752	5	10	11	13	15	16	18	83	83	
1753	5	6	8	10	11	12	12	15	15	16	19	21	23	99	
1754	16	17	17	18	19	21	22	57	58	61	89	92	97	
1755	35	52	52	54	55	56	58	59	60	61	
1756	47	48	49	50	50	51	52	53	54	55	55	59	61	
1757	47	48	49	50	53	61	
1760	61	66	91	
1771	48	
1772	14	
1774	79	86	98	
1775	10	78	80	83	84	90	93	99	
1776	10	78	79	80	83	85	86	88	92	99	
1777	78	79	80	81	82	84	85	86	88	90	94	101	
1778	77	79	80	81	81	83	84	85	86	88	
1779	78	79	80	81	82	84	85	99	
1780	78	79	80	81	83	83	85	89	95	99	
1781	79	81	
1782	81	85	90	91	92	93	
1783	92	
1785	8	24	
1786	5	8	10	14	
1787	6	8	9	10	11	12	13	14	15	15	16	19	22	24	88	97	98	
1788	12	15	16	17	18	19	20	21	58	86	88	91	98	
1789	18	21	52	56	57	58	59	60	61	
1790	47	48	49	50	51	52	53	53	54	54	55	59	60	
1791	45	46	49	50	51	54	58	
1792	55	
1799	1	1	2	
1807	15	98	
1808	13	93	
1809	88	
1810	78	83	90	
1811	79	80	82	85	88	
1812	79	86	89	95	102	
1813	80	84	89	95	
1814	80	88	
1815	91	
1817	16	
1819	12	
1820	11	13	99	
1821	8	9	10	12	14	14	15	17	20	
1822	3	8	12	13	15	16	17	18	18	19	21	26	57	79	90	
1823	17	17	20	21	22	53	55	56	57	58	60	62	
1824	50	50	51	52	53	53	54	55	59	
1825	48	50	52	54	60	
1843	1	
1844	84	
1846	84	
1850	72	
1854	10	15	
1855	5	8	9	10	11	12	14	15	16	19	24	
1856	3	7	12	13	15	16	17	18	19	20	21	57	58	80	89	
1857	20	21	23	52	52	54	55	56	57	59	61	
1858	47	49	50	50	51	53	53	54	55	57	62	87	91	93	93	
1859	48	50	55	87	
1863	104	
1870	102	
1875	32	
1879	84	
1881	95	
1885	99	
1887	13	
1888	5	5	9	14	18	
1889	4	6	9	11	12	14	15	16	18	28	
1890	8	12	13	15	15	16	17	19	21	23	23	56	57	61	
1891	21	22	48	51	52	53	53	54	55	56	57	59	
1892	49	50	53	54	60	82	83	85	87	89	91	
1893	50	87	93	
1897	53	
1904	96	
1916	24	
1919	78	
1922	10	
1923	7	8	10	11	12	14	15	16	18	
1924	7	12	13	15	15	21	25	61	92	98	
1925	52	54	86	87	89	90	91	92	94	95	97	
1926	54	81	82	84	86	87	89	92	94	
1927	83	84	93	
1932	98	
1944	31	44	
1956	9	
1957	10	12	
1958	80	83	85	87	89	92	95	
1959	77	80	81	82	84	85	86	86	87	88	89	90	96	
1960	81	82	84	86	88	90	
1961	89	
1963	17	
1964	63	67	103	
1965	96	
1966	94	
1979	54	
1992	81	85	
1993	78	79	81	83	85	88	90	
1994	79	82	85	
1995	84	
1996	27	
2007	11	
2017	46	
2026	96	
2027	86	99	
2042	32	
2045	6	
2047	9	
2057	63	
2060	104	
2080	53	
2129	94	
2130	94	
2132	32	
2135	55	
2142	83	
2164	5	
2168	14	
2178	11	
2200	3	
2202	26	
2227	100	
2229	8	
