86	88	
112	43	
119	87	92	96	
120	82	85	86	87	90	91	93	96	
121	17	83	86	87	91	
122	87	92	
151	56	
152	46	50	
153	8	82	83	85	86	88	89	92	95	
154	10	13	78	79	80	82	83	83	84	85	86	87	88	91	93	95	98	
155	8	11	78	81	82	83	84	85	86	87	88	90	93	94	96	
156	82	83	84	85	86	87	88	89	90	92	95	97	
157	81	83	85	86	87	89	91	95	
158	18	
184	57	
185	51	52	54	56	
186	47	49	50	51	54	84	86	89	93	94	
187	48	76	79	81	83	84	85	87	89	92	94	
188	6	11	76	78	79	80	82	84	91	94	
189	1	8	8	12	15	77	78	79	80	81	84	85	87	88	91	96	
190	8	11	14	75	76	77	79	81	82	83	84	85	86	90	94	
191	6	12	14	15	16	76	77	79	81	82	84	85	86	94	
192	16	17	18	19	96	
218	52	55	56	57	58	
219	46	48	49	50	51	52	53	55	56	87	93	
220	47	49	50	51	53	55	56	79	82	84	86	87	88	90	93	
221	76	79	80	83	84	86	89	98	
222	10	80	85	90	
223	11	79	82	83	
224	3	8	10	11	13	14	17	20	68	76	77	78	79	81	84	
225	7	10	11	12	13	13	14	15	16	16	17	18	18	19	20	76	77	79	80	84	
226	12	15	17	17	18	19	20	21	23	79	
251	53	56	58	
252	47	50	52	53	54	55	57	
253	45	47	49	50	50	52	54	56	86	89	92	
254	48	50	79	81	83	84	85	87	89	90	92	96	
255	13	49	78	80	89	94	
257	11	14	79	
258	5	8	9	11	12	14	15	16	16	18	19	69	
259	5	8	11	12	13	14	15	16	17	17	18	19	20	21	23	26	70	
260	18	20	21	22	24	
261	22	
282	92	
283	88	
285	51	52	56	57	59	
286	42	46	47	48	49	50	51	52	54	55	61	
287	45	47	49	50	51	53	54	81	84	88	88	99	
288	50	79	81	82	84	85	89	96	
289	80	85	90	
291	7	9	10	11	12	14	15	16	17	18	
292	5	7	10	11	12	13	14	14	15	16	16	17	18	19	20	22	23	69	
293	5	12	13	17	18	20	21	22	24	
294	22	
312	56	
314	86	87	89	92	96	
315	81	83	85	86	87	88	88	90	92	93	96	
316	78	82	85	86	87	88	89	90	92	95	97	
317	78	81	83	85	86	87	90	92	94	98	
318	16	88	
319	50	51	52	53	55	56	56	58	58	61	
320	45	46	47	48	49	50	51	51	53	54	55	60	92	
321	44	45	46	48	49	78	82	85	87	91	93	
322	50	78	78	81	86	
323	13	
324	9	10	13	16	67	
325	5	7	9	10	11	12	14	14	15	16	18	19	
326	4	13	14	15	16	17	17	18	19	20	20	21	23	23	24	25	72	
327	18	22	25	
346	52	58	
347	49	86	87	91	94	
348	77	81	82	83	85	86	87	89	90	93	94	
349	76	78	78	79	80	81	83	84	85	86	87	89	92	94	97	
350	8	10	76	77	79	80	81	82	83	83	84	85	86	89	93	96	
351	6	10	12	13	14	76	77	79	80	81	83	84	85	88	96	
352	16	17	18	19	20	56	81	84	
353	51	52	54	55	56	59	93	
354	48	48	49	50	51	52	53	54	55	58	82	85	87	88	90	92	95	
355	49	58	80	82	84	86	87	89	92	95	
356	50	
357	13	
358	4	8	9	10	11	13	14	16	19	26	66	
359	5	6	7	10	11	12	12	13	14	15	15	16	16	17	18	19	20	21	24	26	71	
360	15	17	18	19	20	21	22	23	25	27	
379	52	56	58	
380	47	49	50	52	54	58	87	
381	48	49	50	53	55	77	81	83	84	85	87	89	91	93	
382	77	78	79	80	82	84	85	86	88	88	91	95	
383	14	76	78	79	80	83	84	86	
384	9	10	14	19	77	79	80	84	
385	7	8	10	11	12	13	13	14	15	15	16	17	18	18	19	27	70	78	78	80	
386	17	20	21	25	53	58	80	87	90	92	94	
387	51	52	53	54	55	57	82	85	86	87	89	90	93	96	
388	50	51	54	56	77	80	82	84	85	86	87	89	91	93	94	
389	49	77	79	81	84	85	87	90	93	
390	101	
391	11	
392	4	7	9	10	11	12	13	14	15	16	19	
393	4	7	11	12	13	14	15	16	17	18	20	21	23	91	95	
394	13	17	21	22	23	87	89	92	94	96	
395	17	87	92	97	
405	72	72	
412	53	56	
413	47	50	51	52	54	55	58	58	61	
414	45	47	48	49	49	50	52	53	55	87	90	96	
415	44	50	79	81	84	87	89	95	99	
416	49	77	79	80	84	
417	9	83	93	
418	4	8	9	10	11	13	13	14	18	80	
419	5	8	12	21	23	
420	55	56	78	83	84	85	86	89	91	95	
421	52	53	55	76	78	79	80	82	83	83	84	85	86	88	89	91	95	
422	42	47	77	78	79	80	81	83	83	84	86	89	98	
423	40	80	84	
424	94	
425	9	14	
426	5	6	8	10	11	14	20	88	
427	2	3	6	8	11	12	14	15	20	77	82	85	89	95	
428	10	12	13	15	77	80	82	83	84	85	86	87	88	90	91	94	96	
429	6	12	14	17	77	79	81	82	84	85	86	87	88	89	90	93	95	98	
430	17	87	91	
446	51	52	56	57	60	
447	47	49	50	51	52	53	53	54	55	55	56	58	58	
448	45	46	47	48	49	50	50	52	54	55	84	92	
449	45	46	49	79	81	84	
450	82	84	
451	6	10	
452	5	6	11	13	15	19	93	
453	86	88	94	
454	77	80	81	83	84	85	87	88	95	98	
455	38	41	76	77	79	80	82	84	
456	16	18	42	47	48	50	57	60	66	78	80	
457	17	19	20	26	40	42	44	45	46	47	48	48	63	71	
458	44	46	71	
459	47	
460	3	7	11	
461	8	12	14	79	84	
462	4	8	13	15	76	78	80	82	84	86	90	95	
463	6	9	11	12	13	14	15	17	76	77	79	80	82	83	84	85	87	90	96	
464	15	16	17	18	19	21	78	82	84	85	87	90	93	94	
465	18	21	
480	52	54	56	56	58	58	
481	43	46	47	49	50	51	52	53	54	55	55	56	61	
482	45	45	46	47	48	49	50	51	54	56	84	
483	43	51	83	
484	31	49	
485	11	17	
487	42	67	78	78	81	84	96	
488	14	17	27	30	40	67	78	80	
489	10	11	14	15	16	18	18	19	41	43	67	71	79	
490	15	17	18	19	20	20	21	28	44	48	51	52	53	55	56	56	58	58	60	62	67	70	
491	19	20	21	22	23	24	26	33	41	43	43	45	46	47	48	49	49	50	51	54	71	
492	32	41	43	44	46	46	47	48	49	60	71	
493	43	46	72	
494	69	
495	4	
496	4	8	10	14	19	78	
497	3	6	9	10	11	13	14	15	79	82	86	94	
498	7	10	11	12	14	15	16	18	19	20	77	80	81	83	85	87	90	97	
499	13	16	17	18	19	21	81	86	
513	58	
514	51	52	53	55	56	57	58	60	
515	40	47	48	49	50	51	51	52	54	54	56	61	
516	43	43	44	45	46	47	49	49	50	51	53	58	
517	30	39	45	46	48	89	
518	40	46	
519	39	47	68	
520	17	26	39	
521	10	11	14	16	17	20	67	68	
522	7	9	11	13	14	15	16	17	18	18	19	20	20	21	23	26	39	43	45	64	70	78	
523	5	14	15	17	19	20	20	21	22	24	27	44	58	68	72	
524	20	21	22	23	23	24	25	27	52	52	54	55	56	57	61	74	
525	22	34	47	49	50	50	51	52	52	53	54	54	55	56	57	59	60	63	
526	41	43	44	45	45	46	46	47	48	48	49	50	51	53	56	
527	40	44	45	46	47	48	50	70	
528	43	46	49	68	
529	83	
530	7	12	
531	3	3	6	9	11	12	13	14	80	
532	6	8	10	11	12	12	14	14	15	16	16	18	18	23	77	79	81	83	
533	13	16	16	17	17	18	19	20	21	79	94	
534	21	
548	52	53	54	55	56	57	61	62	
549	35	42	47	48	49	50	51	52	53	53	54	55	56	58	59	60	
550	30	37	41	43	44	45	45	46	47	48	48	49	50	53	55	56	61	
551	29	41	43	44	45	46	47	50	57	60	68	68	101	
552	18	19	39	42	43	44	47	48	52	57	59	63	66	68	70	
553	14	16	18	19	20	27	30	37	40	42	45	46	47	50	62	67	69	
554	8	11	13	17	19	19	20	22	30	42	43	45	49	64	66	68	70	
555	5	11	12	14	15	16	18	19	20	20	22	23	24	26	28	44	64	67	69	
556	12	13	15	19	20	21	21	22	24	45	
557	21	22	23	23	25	
558	23	58	
559	51	52	53	54	55	55	56	56	57	60	
560	36	47	48	50	50	51	52	52	53	54	55	56	57	59	73	
561	32	42	43	44	45	46	47	47	48	48	49	49	50	51	53	55	
562	43	44	46	47	50	
564	19	29	
565	9	11	14	20	66	
566	4	6	7	9	10	11	12	13	14	14	15	16	16	18	19	20	23	26	
567	13	15	16	17	18	19	20	21	22	25	
568	21	23	
582	55	
583	34	50	52	53	55	55	56	59	
584	45	49	50	53	53	54	57	58	61	63	73	
585	24	44	45	47	48	50	55	58	62	65	67	73	
586	21	23	24	44	45	51	54	55	61	
587	14	21	22	24	25	26	44	49	60	65	71	
588	5	14	20	22	23	24	25	27	44	45	50	70	
589	22	23	23	24	
590	22	25	
594	51	52	53	54	54	55	55	56	57	59	60	62	
595	35	43	45	46	46	47	48	48	49	50	50	51	51	53	54	55	57	59	
596	42	44	45	46	47	48	49	50	53	
597	43	44	46	
598	11	
599	4	6	9	10	11	13	14	20	
600	6	8	10	12	12	14	14	15	16	17	18	18	19	20	24	26	71	
601	12	15	16	17	18	19	20	21	22	23	24	
602	18	23	
607	11	12	
609	101	101	102	
620	25	
628	52	54	55	56	57	58	59	61	
629	34	46	47	48	49	50	50	51	52	53	53	54	55	55	57	60	
630	44	45	45	46	47	48	48	49	49	50	62	
631	44	46	
632	11	
633	7	9	10	11	13	14	15	16	22	25	
634	7	9	11	11	12	13	14	15	16	17	18	19	20	21	23	
635	17	18	20	21	22	24	
636	22	
655	25	
661	57	
662	53	55	56	58	60	
663	47	47	49	50	51	51	53	54	54	55	57	
664	45	46	48	49	50	90	
665	50	
666	11	14	
667	4	8	8	10	11	12	13	14	14	15	24	68	69	
668	5	6	10	11	12	12	14	14	15	16	17	17	19	19	20	21	24	26	
669	13	18	19	20	21	22	23	
692	9	11	
695	56	
696	50	51	52	53	54	55	56	57	59	
697	46	47	48	49	50	51	52	53	54	56	87	90	
698	45	48	48	50	81	85	86	87	89	91	94	
699	45	80	85	90	
700	8	10	14	41	67	
701	5	6	10	11	12	13	13	14	15	15	16	17	18	18	19	19	21	25	69	
702	12	13	14	15	16	17	18	18	19	19	20	21	22	23	24	26	
703	21	22	24	
729	52	57	60	
730	47	48	50	51	52	54	55	56	
731	44	46	48	49	50	50	51	53	54	81	84	86	90	94	
732	50	76	78	80	81	83	83	84	86	89	94	
733	9	11	14	16	44	66	82	
734	4	7	9	10	11	12	13	14	14	15	16	16	17	18	19	20	21	43	44	68	69	
735	3	12	13	15	15	17	18	19	20	20	21	22	24	25	26	
736	18	20	21	22	23	24	
737	23	
762	58	
763	48	50	51	52	53	54	55	56	61	
764	33	43	45	46	47	49	49	50	51	52	54	55	56	60	90	94	
765	42	44	46	48	48	49	51	55	81	84	88	
766	11	38	41	43	45	46	67	68	
767	8	8	10	10	11	13	13	14	14	17	17	18	19	20	66	69	
768	5	7	11	12	14	15	16	17	19	19	20	20	21	22	23	25	26	70	
769	4	20	21	22	23	24	
770	23	
796	53	57	60	
797	47	50	51	52	53	54	55	56	57	59	61	
798	31	36	42	44	46	47	49	49	50	54	59	
799	10	29	42	43	44	49	61	64	66	69	
800	8	11	12	13	15	18	19	20	28	43	65	66	68	
801	5	12	14	15	19	20	21	23	25	43	72	
802	21	22	22	24	24	
803	22	23	
831	34	52	54	55	59	
832	62	64	
833	23	45	
834	12	15	20	24	25	
835	4	22	24	
1157	63	63	
1168	87	
1173	31	
1176	91	
1179	12	
1183	36	
1191	16	
1193	30	
1202	13	
1208	10	
1212	42	
1235	46	
1239	31	
1241	59	
1242	40	50	
1243	78	
1247	14	
1249	34	
1250	15	
1256	71	
1261	71	
1272	20	
1274	27	
1275	17	25	41	47	67	
1276	18	20	27	39	43	45	46	52	
1277	47	59	
1278	41	54	
1280	33	
1283	36	
1293	56	
1303	25	
1307	12	18	
1308	12	15	17	20	57	
1309	13	15	16	18	19	21	23	26	29	38	42	47	53	55	57	60	69	
1310	20	21	23	23	31	33	41	44	45	46	47	48	49	50	56	60	68	
1311	40	43	43	45	46	47	49	53	57	59	64	68	
1312	23	41	43	45	46	48	51	70	
1313	22	47	48	66	
1314	43	46	
1316	68	
1330	61	
1341	10	
1342	7	10	11	13	14	15	16	17	18	20	26	
1343	13	15	16	16	17	19	19	20	22	23	27	35	53	56	59	62	69	
1344	17	18	20	21	22	24	44	47	50	51	53	54	56	57	59	
1345	23	24	27	33	35	42	44	45	46	47	49	50	52	55	57	58	59	63	66	68	
1346	22	24	26	43	43	44	45	46	47	48	48	50	51	54	56	63	68	72	
1347	22	27	42	44	45	46	48	49	54	58	73	74	
1348	67	
1351	79	
1353	7	
1370	30	
1374	8	17	
1375	8	10	11	15	18	
1376	6	10	11	13	14	15	16	17	17	18	19	21	
1377	13	15	16	17	17	18	18	19	20	22	24	
1378	21	22	24	53	57	
1379	51	52	53	54	55	56	57	60	
1380	50	50	51	52	54	54	56	61	
1381	45	49	50	52	53	87	90	93	
1382	48	
1386	98	
1389	86	
1403	38	
1407	49	
1408	9	12	28	
1409	8	10	11	12	14	15	16	17	18	19	67	69	
1410	6	10	11	12	13	14	15	15	16	17	18	19	20	20	22	25	
1411	17	20	21	22	23	23	25	
1412	53	56	58	
1413	48	51	52	54	55	56	
1414	49	50	51	53	54	55	57	58	85	87	92	94	
1415	48	50	53	77	81	82	84	85	87	88	91	
1416	86	
1418	80	
1420	41	
1428	72	
1431	35	
1434	24	
1435	36	45	
1437	72	
1438	41	53	70	
1439	5	22	47	
1440	69	
1441	11	14	
1442	10	11	14	15	16	
1443	7	9	10	11	13	13	14	15	16	17	18	19	20	23	25	70	
1444	12	15	16	17	18	20	21	22	23	25	71	
1445	22	56	57	
1446	48	51	52	55	56	57	
1447	46	47	49	50	51	52	53	54	55	56	88	91	
1448	49	51	53	58	77	79	81	82	83	85	86	88	91	94	98	
1449	51	77	78	80	82	83	85	91	99	
1450	84	
1455	10	
1469	15	67	
1470	16	18	18	21	42	44	46	66	
1471	17	19	22	36	41	45	47	49	54	
1472	19	21	27	41	44	46	48	57	64	68	
1473	22	39	44	46	47	54	69	
1474	45	
1475	14	39	43	
1476	5	7	9	10	11	12	14	15	16	
1477	7	11	12	13	14	15	15	16	17	18	18	19	20	21	23	25	26	
1478	17	19	20	21	22	24	
1479	23	56	57	
1480	47	49	50	51	51	52	54	55	56	58	60	
1481	45	46	48	49	50	52	53	59	85	87	90	96	
1482	45	48	51	78	80	82	85	89	
1483	80	85	91	
1484	83	
1486	41	
1498	51	
1502	18	67	
1503	9	11	13	14	16	18	37	41	
1504	12	16	17	18	19	20	24	32	34	43	47	57	59	68	
1505	16	17	19	20	21	22	23	41	45	46	48	50	53	55	56	57	59	63	63	68	70	
1506	20	22	23	41	43	45	46	47	49	51	52	54	56	61	
1507	22	25	42	43	45	46	48	48	49	50	52	54	
1508	45	50	
1509	10	16	43	67	
1510	4	7	8	9	10	12	14	14	16	17	18	21	
1511	6	11	12	13	14	15	16	17	18	19	20	22	68	
1512	17	18	20	22	23	25	57	
1513	56	57	61	
1514	47	47	49	50	51	52	53	53	54	55	56	57	62	
1515	45	46	49	50	55	57	78	81	84	86	89	93	
1516	43	46	48	65	78	81	85	89	
1522	60	
1523	30	60	
1527	9	
1528	93	
1535	9	13	
1536	9	11	13	15	17	68	
1537	7	11	12	14	15	16	16	18	18	19	20	23	41	67	
1538	12	15	16	17	17	19	20	20	22	25	65	
1539	18	20	21	23	24	25	51	52	55	56	57	58	62	
1540	23	24	46	48	50	50	51	52	53	53	54	60	
1541	37	42	45	46	47	49	51	55	60	73	
1542	45	68	
1543	7	10	12	14	16	17	19	26	38	44	67	
1544	4	8	10	11	12	13	14	15	16	17	18	19	20	21	23	27	
1545	12	15	18	19	19	19	20	21	23	24	26	
1546	21	22	57	
1547	52	54	55	56	58	58	63	
1548	42	44	45	46	47	48	49	50	51	52	53	54	56	57	59	62	
1549	30	41	43	45	46	47	48	49	50	52	54	
1550	38	44	46	48	50	64	70	
1551	40	44	46	48	
1557	60	
1568	23	
1569	9	11	14	
1570	6	8	10	11	12	12	14	15	16	19	25	
1571	10	12	13	14	15	16	16	17	18	18	19	20	21	24	
1572	17	20	21	23	23	25	57	
1573	47	51	52	54	57	59	
1574	32	40	43	47	48	49	49	50	52	53	55	62	
1575	38	42	45	46	50	62	102	
1576	11	13	19	28	45	48	70	
1577	8	9	11	14	17	19	21	23	43	69	
1578	7	12	13	15	17	18	19	20	21	22	23	24	69	
1579	21	22	24	88	
1581	33	52	53	55	57	59	62	
1582	35	47	49	50	52	54	55	56	58	58	61	
1583	40	42	43	45	46	47	48	49	51	52	53	55	56	58	62	
1584	27	30	38	42	44	45	46	47	48	49	50	52	54	60	71	
1585	40	44	46	48	49	50	52	70	
1586	43	46	
1588	54	
1590	41	
1595	75	76	77	
1602	9	14	
1603	9	11	14	16	21	
1604	7	8	10	11	12	13	13	14	15	16	17	19	21	24	
1605	12	15	16	16	17	18	19	20	22	24	26	45	69	
1606	18	22	53	57	
1607	50	52	54	55	56	62	
1608	35	45	48	49	52	54	60	
1609	44	50	59	64	69	
1610	9	13	23	43	65	69	
1611	15	22	23	25	93	
1612	25	87	87	91	92	98	
1613	85	86	87	90	92	93	94	96	
1614	16	17	19	83	87	88	89	91	92	97	
1615	88	
1616	52	53	55	57	62	
1617	50	52	53	54	55	56	57	58	59	62	
1618	43	47	48	48	49	50	51	52	54	55	57	59	68	
1619	40	43	44	45	45	46	46	47	48	49	49	50	52	53	63	64	
1620	43	44	46	47	48	50	56	73	
1621	51	
1622	28	51	
1626	26	47	
1627	13	
1631	98	
1636	27	
1637	7	9	11	14	
1638	4	6	8	10	11	12	13	14	15	17	18	19	23	24	
1639	13	16	16	17	19	20	21	22	
1640	18	21	22	
1644	87	87	91	93	
1645	82	85	85	87	88	88	90	92	95	
1646	78	81	82	83	84	84	85	86	88	88	90	92	93	96	
1647	6	9	11	13	14	75	76	77	79	79	81	82	83	84	85	86	88	91	97	100	
1648	8	12	15	16	77	78	79	81	82	83	84	85	87	89	91	94	96	
1649	16	18	19	83	85	86	87	91	94	98	
1651	53	55	57	58	
1652	51	51	52	53	54	54	55	56	57	58	59	61	
1653	43	46	47	48	49	51	52	54	55	57	59	
1654	44	46	47	48	49	51	53	72	
1655	49	74	
1667	35	
1670	11	23	
1671	6	8	10	12	13	14	66	
1672	7	9	11	11	12	13	14	15	15	16	17	18	20	25	
1673	15	16	16	17	20	21	22	24	88	
1674	92	93	
1675	92	
1676	53	59	86	87	92	97	
1677	51	53	83	85	86	87	88	90	92	97	
1678	52	57	61	77	78	81	82	83	85	86	87	88	90	92	94	97	
1679	76	77	78	79	80	81	82	83	84	85	86	90	94	
1680	76	79	80	81	84	86	
1681	10	14	77	79	82	84	88	
1682	7	9	10	11	12	13	14	15	19	76	79	80	83	84	86	90	94	
1683	11	12	15	16	17	18	77	78	79	80	81	83	84	85	87	89	92	93	97	
1684	16	17	17	19	82	87	92	
1686	53	55	57	58	59	
1687	34	45	48	49	50	50	51	52	54	54	55	59	61	
1688	43	43	44	45	46	47	48	49	50	52	53	56	61	
1689	45	49	51	54	
1704	10	
1705	8	10	11	14	20	
1706	7	9	11	12	13	14	15	20	24	87	92	98	
1707	13	17	80	82	83	85	85	86	87	89	90	92	93	95	
1708	82	83	84	85	86	87	89	90	91	93	94	96	
1709	77	81	82	83	84	85	86	86	87	88	89	91	92	94	95	97	
1710	53	55	78	80	81	82	83	84	85	86	87	88	89	91	93	94	96	
1711	54	77	80	81	82	83	84	84	85	86	89	91	93	95	
1712	75	77	79	80	81	84	85	86	88	91	
1713	75	78	79	81	84	92	
1714	78	80	86	
1715	4	13	83	94	
1716	5	7	9	10	13	15	16	78	101	
1717	7	9	11	12	14	15	17	77	79	81	82	85	89	97	
1718	16	17	18	19	21	77	78	80	81	83	85	86	89	93	95	99	
1719	17	
1720	52	53	55	56	57	
1721	47	49	50	50	51	52	52	53	54	55	55	56	59	
1722	46	47	48	49	50	51	53	58	88	90	
1723	45	52	
1735	96	
1739	5	8	12	
1740	5	9	12	15	16	81	83	
1741	77	79	80	81	84	86	89	97	98	
1742	76	77	79	80	81	82	84	84	86	90	96	
1743	76	77	78	79	79	80	82	83	84	86	88	91	97	
1744	76	76	77	78	79	80	81	84	86	89	95	100	
1745	77	78	78	79	80	81	84	88	99	
1746	78	81	83	88	
1748	84	98	
1749	4	9	80	
1750	11	79	
1751	5	7	8	9	10	12	14	15	80	94	
1752	7	12	13	14	14	15	16	17	18	19	79	80	83	85	88	98	
1753	16	17	17	18	20	21	58	87	94	
1754	52	53	55	56	57	61	
1755	46	47	48	49	50	50	51	52	54	55	57	59	
1756	43	45	46	49	51	53	60	80	
1757	44	48	81	
1758	61	
1762	14	14	15	
1765	57	
1773	10	
1774	78	
1775	77	78	81	83	
1776	78	81	85	
1777	78	80	
1778	79	83	
1779	79	85	
1780	78	
1781	7	
1784	13	
1785	4	7	9	10	12	14	89	
1786	6	8	10	11	12	13	14	14	15	16	17	18	19	21	25	79	83	
1787	13	15	16	17	18	18	19	20	22	23	58	81	
1788	53	54	54	55	56	57	58	61	
1789	42	45	47	48	49	50	51	51	53	54	55	57	61	
1790	44	45	47	49	50	51	54	61	85	89	
1791	44	50	
1792	95	
1809	89	101	
1811	79	89	
1812	84	
1813	87	96	
1816	82	89	
1818	29	
1819	6	9	10	12	14	17	18	
1820	2	6	8	9	11	11	12	13	13	14	15	16	17	19	20	24	
1821	15	17	18	19	20	21	22	24	57	
1822	22	52	53	54	55	56	60	
1823	47	49	50	51	53	54	54	55	87	90	92	96	
1824	49	50	52	55	81	83	83	85	86	87	88	90	93	
1825	86	92	94	
1841	9	
1844	88	
1849	6	7	
1850	66	99	100	101	
1851	14	
1852	14	18	
1853	8	8	9	10	12	14	15	17	19	
1854	7	11	12	13	14	14	15	16	17	18	18	19	20	21	23	71	
1855	17	20	21	22	25	53	57	
1856	47	49	50	51	52	53	54	55	56	88	92	
1857	49	50	52	55	81	82	85	85	85	86	88	88	89	91	94	
1858	49	77	80	81	84	86	89	93	
1859	79	87	
1866	66	
1873	14	
1874	23	
1879	35	
1881	44	
1885	11	
1886	2	9	11	14	18	21	
1887	5	8	8	10	12	13	13	14	15	16	17	18	19	23	23	
1888	15	16	17	18	19	19	20	21	22	24	26	56	68	
1889	21	22	23	51	52	53	54	55	59	88	92	93	
1890	49	50	51	54	83	84	85	86	87	89	91	95	
1891	52	53	57	76	78	78	79	81	82	83	84	85	90	93	99	
1892	78	81	84	
1893	80	
1912	36	
1919	9	14	16	
1920	7	8	10	12	14	15	16	20	
1921	11	12	13	15	18	18	20	21	23	27	
1922	21	22	24	52	53	55	58	59	87	88	90	92	
1923	50	51	54	55	82	82	84	85	85	86	87	88	89	90	92	94	96	
1924	54	76	77	78	80	81	82	84	85	86	88	88	91	93	97	98	
1925	77	79	80	82	83	
1926	79	
1952	18	19	
1953	10	
1954	7	9	11	13	14	15	23	
1955	13	52	87	92	96	
1956	23	55	81	82	84	85	86	88	90	93	93	96	98	
1957	53	75	76	78	79	79	80	81	83	84	86	93	96	
1958	76	78	79	81	83	87	92	
1959	84	94	
1960	65	
1974	5	
1981	4	
1983	47	
1987	11	
1988	4	
1989	77	79	81	86	91	97	
1990	76	77	78	80	81	83	87	89	
1991	77	80	83	
1992	79	86	
1993	85	
2007	13	
2014	51	
2015	67	
2023	79	85	
2024	38	84	
2034	15	
2051	7	
2058	88	
2059	102	
2090	95	
2098	20	
2112	36	
2130	53	
2146	97	
2169	24	
2181	8	
2190	96	
2192	19	100	
2193	19	
2220	8	
