123	88	
124	87	89	91	
125	87	88	88	90	92	95	
126	87	93	
155	56	
156	88	
157	86	87	90	93	97	
158	81	83	84	85	86	87	88	89	91	93	97	
159	6	9	13	77	80	81	82	84	85	86	87	89	91	94	98	
160	16	17	19	81	85	86	87	88	90	92	95	
161	17	19	
181	24	88	93	
182	23	
188	57	
189	51	53	
190	50	52	86	87	90	93	95	
191	51	80	82	83	84	85	87	88	89	91	97	
192	77	79	81	82	83	84	85	86	88	89	93	95	
193	8	10	13	76	77	79	80	81	83	83	84	86	88	93	
194	6	10	12	14	16	18	76	78	78	80	81	83	83	85	86	88	90	96	
195	16	17	18	20	83	85	87	89	98	
196	17	
214	83	86	90	92	98	
215	82	85	86	87	89	91	93	95	
216	81	82	84	85	86	87	88	90	92	93	96	
217	14	15	17	19	
221	56	
222	52	56	
223	50	51	52	53	55	56	89	
224	49	51	52	53	81	82	84	86	87	89	91	97	
225	77	79	80	82	84	85	86	89	94	
226	77	78	80	81	84	86	93	
227	5	9	11	13	14	77	78	80	94	
228	6	7	9	10	11	12	13	14	15	16	79	81	85	88	94	
229	2	11	12	14	15	16	16	17	18	19	21	80	82	86	88	90	95	
230	16	17	21	
245	57	
246	51	53	
247	47	49	51	92	
248	77	81	85	86	88	90	92	94	
249	10	77	78	78	80	81	82	84	85	86	87	88	90	95	
250	8	11	12	14	15	16	18	76	77	78	79	80	82	83	84	86	96	
251	17	17	18	20	
255	52	56	
256	49	51	52	53	54	55	56	58	88	93	
257	49	50	51	52	54	83	85	87	88	91	93	
258	37	48	51	54	56	77	78	80	81	83	84	85	86	87	88	90	92	95	
259	47	77	78	80	81	83	85	
260	39	46	47	80	
261	10	
262	4	6	8	9	10	11	13	14	15	19	79	88	
263	6	8	10	12	13	13	14	15	16	16	17	18	20	80	82	85	87	96	
264	16	16	17	19	20	
279	53	57	
280	47	51	51	52	54	55	57	60	
281	47	48	49	51	53	82	86	88	88	92	
282	49	79	81	82	83	85	86	88	
283	8	9	10	13	14	76	77	79	80	83	83	85	
284	5	7	10	11	12	13	14	15	16	16	18	19	20	77	78	
285	16	17	18	19	20	21	22	27	
286	22	
288	56	
289	51	52	53	53	55	56	58	61	
290	47	48	50	51	51	52	54	86	88	90	97	
291	49	50	54	79	80	82	83	84	85	87	88	90	92	94	
292	67	79	80	82	84	
293	16	17	18	36	42	44	47	48	56	57	58	60	65	67	79	
294	17	19	20	27	30	42	44	45	46	47	48	49	53	71	
295	5	22	43	45	46	67	
296	4	7	9	10	12	
297	7	9	10	11	12	13	14	14	15	16	77	78	81	84	89	94	
298	2	16	16	17	18	19	19	20	22	
299	18	22	
312	57	
313	52	53	55	56	58	
314	46	47	48	50	50	51	52	53	54	55	58	
315	45	46	48	49	50	51	81	85	86	90	
316	79	81	83	84	86	88	93	98	
317	4	7	9	10	11	13	15	16	66	
318	5	6	7	9	10	11	12	12	14	14	15	16	16	17	18	19	20	23	
319	13	17	17	19	20	21	
320	23	
322	52	53	56	58	
323	47	49	51	52	54	56	60	87	93	
324	35	49	50	53	55	80	82	83	85	86	88	90	93	
325	67	77	79	80	82	84	85	89	
326	7	9	11	12	13	14	16	19	57	78	
327	12	15	16	17	18	19	20	21	22	24	26	31	44	48	51	52	53	55	56	57	58	62	70	73	
328	21	22	23	23	24	42	44	45	46	46	47	48	49	50	50	52	54	
329	44	45	47	49	
330	9	
331	3	5	6	8	8	10	10	11	12	13	14	14	15	16	18	20	25	
332	13	15	16	17	17	18	19	19	20	21	25	
333	17	18	22	
346	56	
347	50	51	52	53	53	54	55	56	58	59	
348	46	48	49	50	51	54	55	87	89	92	93	
349	44	49	53	79	81	84	85	87	88	92	95	98	
350	9	13	65	80	82	86	94	
351	5	7	10	11	12	13	14	15	17	19	23	
352	8	10	11	12	14	15	16	16	17	18	19	19	20	21	24	27	69	
353	18	20	21	22	23	24	
355	57	
356	52	53	54	55	56	60	
357	47	49	50	51	52	54	55	82	86	88	90	93	
358	49	80	82	84	85	87	90	92	94	99	
359	9	10	13	18	68	78	80	84	88	99	
360	7	9	11	12	12	13	14	14	15	16	16	17	19	19	21	28	
361	17	18	20	21	22	23	24	52	52	54	55	55	56	56	57	59	61	
362	23	42	45	46	46	47	48	49	50	50	51	52	53	53	54	55	58	
363	44	44	45	46	49	
364	5	6	8	10	13	
365	5	7	9	10	11	12	12	13	14	15	15	16	18	20	
366	13	15	16	17	17	19	20	20	21	22	23	25	
367	18	
380	52	55	57	
381	46	48	49	50	51	52	52	54	55	56	61	
382	47	49	50	51	54	80	83	84	86	89	
383	48	78	80	82	83	85	87	89	
384	8	9	11	14	19	67	
385	5	7	10	11	12	13	13	14	15	15	16	17	17	18	19	19	21	26	70	
386	13	16	17	19	20	21	22	23	24	
387	22	
388	57	
389	51	52	55	57	59	
390	48	49	50	51	52	54	55	56	60	88	98	
391	49	50	52	53	55	78	79	81	83	84	86	87	89	92	99	
392	31	79	81	82	84	85	89	
393	7	9	10	11	12	13	14	15	16	17	18	19	70	
394	5	8	10	12	13	14	15	16	17	17	18	19	20	20	22	24	27	
395	18	21	22	23	23	51	51	52	53	54	55	56	57	58	
396	45	46	47	48	49	50	51	51	52	53	54	56	58	
397	43	44	45	47	48	49	50	53	
398	9	14	28	
399	5	7	8	10	11	11	12	13	13	14	14	15	16	17	19	
400	2	12	13	15	16	17	17	18	19	19	20	21	23	23	25	
401	18	21	
405	73	
413	56	58	
414	50	51	52	54	55	56	57	
415	42	45	46	47	49	50	51	52	53	54	56	59	
416	45	48	50	51	54	80	81	85	89	93	
417	9	67	78	79	80	84	
418	7	8	9	10	11	12	14	15	16	18	
419	5	11	12	13	14	15	16	16	17	18	19	19	20	21	23	24	26	68	
420	18	21	22	24	
422	53	56	
423	50	51	52	53	54	55	56	61	
424	47	48	50	51	52	53	54	60	82	85	86	90	93	93	
425	49	77	79	81	82	84	85	87	88	90	96	
426	8	9	11	14	16	66	78	78	81	
427	4	7	9	11	12	13	14	14	15	16	16	17	18	19	20	21	23	27	70	
428	5	13	15	18	20	21	21	22	24	57	
429	21	23	52	52	54	55	56	57	60	
430	42	45	46	47	48	48	49	49	50	51	51	52	53	54	55	59	
431	44	44	45	46	48	49	51	
432	8	10	13	44	
433	3	5	6	8	10	11	11	12	14	14	15	18	78	
434	2	13	15	16	16	17	18	19	19	20	21	23	23	
435	22	
439	74	
447	56	57	
448	48	50	51	52	53	54	54	55	56	57	59	60	
449	42	45	46	47	47	49	49	50	51	51	52	53	54	58	87	
450	43	44	45	49	80	84	91	
451	7	9	10	14	81	83	
452	4	7	10	11	11	12	13	13	14	15	15	16	16	17	19	19	20	24	69	
453	12	15	17	18	19	20	21	22	23	24	27	
454	23	
455	58	
456	48	51	52	55	57	
457	47	49	50	51	52	53	54	58	88	93	93	
458	49	50	79	81	82	84	85	87	88	91	96	98	
459	6	9	77	79	80	83	83	85	
460	3	7	8	10	11	12	13	13	14	15	16	17	19	68	
461	4	12	14	15	16	17	17	18	19	20	21	23	24	69	
462	18	21	22	25	
463	51	52	53	55	55	56	56	57	58	
464	43	47	48	48	49	50	51	51	52	53	53	54	55	57	60	
465	44	45	46	48	49	50	
466	5	8	11	
467	5	7	9	10	11	11	12	13	14	14	15	16	19	
468	3	8	12	13	14	15	16	17	17	18	18	19	20	20	22	24	
469	17	21	22	50	50	50	
481	56	57	
482	47	50	51	52	52	53	54	55	56	59	
483	45	47	48	48	49	50	50	51	54	59	87	90	
484	9	44	45	49	84	86	89	92	102	
485	6	7	9	10	11	12	13	14	15	68	
486	5	8	12	14	15	16	16	17	17	18	19	20	21	22	23	24	26	69	
487	21	22	24	
488	58	
489	56	57	
490	48	50	51	52	53	54	55	86	92	
491	49	51	52	53	54	61	82	85	87	89	92	
492	49	77	79	81	82	84	85	87	88	90	94	
493	9	10	12	13	14	15	16	19	67	80	
494	5	7	10	11	12	14	15	15	16	16	17	18	19	19	20	24	72	
495	13	18	19	20	21	22	23	23	25	
496	22	
497	52	53	53	54	55	56	56	57	58	59	
498	46	47	48	49	50	50	51	52	53	54	55	59	93	
499	44	45	46	48	49	50	83	86	88	93	
500	8	10	13	
501	2	5	7	8	9	10	11	12	13	14	14	15	18	19	
502	12	15	16	16	17	18	18	19	20	21	22	24	26	
503	18	22	
515	53	54	56	58	58	
516	47	48	50	51	52	53	54	55	55	
517	45	48	49	50	78	81	84	86	88	89	92	94	99	
518	8	10	13	67	81	84	85	87	89	
519	7	10	11	12	12	14	14	15	16	16	17	18	
520	3	13	16	17	18	19	20	21	21	23	24	
521	22	
522	56	
523	50	51	52	54	56	59	
524	46	48	49	50	51	52	54	55	82	85	87	88	91	96	
525	49	78	80	81	83	83	84	85	87	88	89	92	97	98	
526	11	68	79	81	84	94	
527	3	6	8	9	10	11	12	13	14	14	15	16	16	17	18	19	
528	5	7	12	15	16	16	17	18	19	19	20	21	24	27	71	
529	18	21	23	24	
530	56	58	
531	42	50	51	52	53	54	55	56	61	
532	43	45	46	47	48	48	49	50	51	52	53	53	55	62	
533	45	46	49	50	81	85	
534	9	10	13	
535	4	7	9	10	11	11	12	14	14	15	15	18	71	
536	12	13	16	16	17	17	18	19	20	20	21	23	
537	21	23	
548	56	57	
549	48	51	52	54	55	56	57	59	
550	45	46	47	49	50	51	53	54	62	88	91	97	
551	8	45	48	80	82	83	85	88	90	97	
552	8	10	11	13	14	80	84	
553	4	6	11	12	14	15	16	16	17	18	19	20	24	27	69	
554	16	17	20	20	21	22	25	
555	57	
556	51	52	55	57	
557	47	48	49	51	52	53	53	54	87	88	91	97	
558	48	50	55	81	83	84	85	86	88	90	92	94	
559	8	77	79	80	81	85	90	
560	8	10	11	13	14	15	16	19	67	80	
561	6	10	11	12	13	13	15	16	17	18	19	19	20	24	70	
562	2	17	18	20	21	22	23	24	
563	23	
564	52	53	56	57	
565	48	49	50	51	52	54	54	55	56	57	59	
566	32	37	41	43	44	46	47	47	49	49	50	51	53	53	56	58	66	
567	26	31	42	44	45	46	47	48	49	
568	9	11	14	43	45	47	66	71	
569	3	5	6	7	8	10	11	12	13	14	14	15	17	18	19	19	21	24	26	44	68	69	
570	12	13	15	16	17	18	19	20	21	22	24	
571	21	22	
580	51	
582	53	57	
583	46	48	50	51	51	52	53	54	55	56	58	
584	46	47	48	49	49	50	51	83	85	92	98	
585	10	13	44	67	80	82	84	86	91	96	
586	5	7	8	10	11	12	12	14	14	15	15	16	19	79	83	
587	13	15	16	16	17	18	19	20	20	21	23	24	
588	18	21	22	
589	52	55	56	57	
590	48	49	50	51	52	53	54	55	93	
591	49	50	52	53	55	82	84	86	88	89	92	95	
592	48	77	79	81	83	84	86	87	89	
593	8	10	14	66	79	83	
594	5	6	10	11	12	13	14	14	15	16	16	17	18	19	19	20	69	
595	12	13	15	17	18	19	20	21	21	22	23	25	
596	18	21	22	
599	48	50	52	54	55	57	59	
600	31	43	48	49	50	51	52	53	54	55	57	58	60	62	
601	30	42	44	45	46	48	49	49	51	65	71	
602	8	10	14	18	25	44	44	64	68	71	
603	4	11	13	14	15	15	18	19	20	22	23	24	28	28	43	68	71	
604	20	21	22	24	25	
615	57	
616	51	52	53	54	55	56	57	
617	42	46	47	48	48	49	50	51	52	53	54	55	
618	44	46	49	50	51	80	82	84	85	86	88	93	
619	9	12	80	84	87	
620	8	9	11	11	12	13	13	14	14	15	16	18	19	
621	17	17	19	20	21	22	24	26	26	27	28	
622	22	57	
623	51	52	53	53	55	57	87	91	
624	48	49	50	51	52	53	54	55	60	83	85	86	87	88	90	93	96	
625	49	51	80	81	82	83	85	86	87	89	92	95	
626	8	14	28	67	79	80	85	98	
627	4	6	10	11	12	13	13	14	15	15	16	16	19	72	
628	3	12	15	16	17	17	18	19	19	20	21	23	24	68	
629	18	20	21	22	23	25	
634	55	63	
636	5	23	25	
637	5	23	25	
643	1	
649	57	58	
650	51	52	53	54	55	56	57	60	
651	43	45	46	47	48	48	49	50	51	51	53	54	55	
652	44	46	49	80	85	99	
653	8	10	11	13	14	80	83	93	
654	2	7	10	11	12	13	14	15	15	16	17	18	24	26	
655	16	17	17	19	20	22	56	
656	52	55	56	87	93	
657	50	51	53	54	55	59	83	85	87	88	90	91	94	
658	51	55	60	77	80	81	82	84	85	86	88	88	90	97	
659	13	79	81	82	84	85	
660	8	10	11	13	14	16	17	19	44	67	68	79	83	
661	4	6	10	11	12	14	14	15	16	17	18	18	19	20	20	24	26	72	
662	12	15	17	19	20	21	22	23	24	25	
663	21	22	
683	57	
684	51	52	53	53	54	55	56	57	58	60	
685	42	44	45	46	46	47	48	48	49	50	50	51	51	53	54	
686	44	45	46	47	48	49	
687	5	7	9	10	13	14	
688	6	8	10	11	12	13	14	15	16	18	87	89	
689	17	21	22	57	83	86	87	89	90	92	95	
690	51	52	54	82	84	85	86	87	88	89	90	92	94	
691	51	54	81	82	84	85	86	87	88	90	93	93	95	
692	77	79	80	81	83	84	85	93	
693	8	10	11	13	14	16	17	19	43	44	73	78	81	
694	5	9	11	12	14	15	16	17	18	19	19	20	21	24	26	69	
695	13	15	18	20	21	21	22	23	24	25	27	
696	21	23	25	
717	56	58	
718	50	51	52	53	53	54	55	56	57	60	
719	34	43	47	48	48	49	50	50	51	52	54	56	58	
720	40	43	44	45	46	47	48	49	99	
721	3	7	9	11	13	46	73	
722	7	9	11	12	15	15	78	81	84	94	
723	17	53	77	79	81	82	84	85	86	87	88	90	92	94	
724	55	76	77	80	81	82	83	84	85	86	88	93	95	98	
725	16	42	67	77	78	80	81	84	85	
726	6	8	10	12	13	14	16	17	18	19	43	45	67	71	79	83	
727	9	11	12	14	14	15	16	17	18	18	19	19	20	21	24	25	27	71	
728	12	15	17	20	21	22	23	24	
729	21	23	
751	58	
752	51	53	55	55	56	57	57	60	
753	47	48	50	51	51	52	53	53	54	54	55	56	57	58	59	
754	31	36	41	42	43	44	45	46	47	47	48	49	50	51	54	72	
755	10	41	42	43	44	46	47	47	48	66	71	
756	4	11	19	37	41	44	46	48	68	71	
757	19	38	42	44	47	68	77	78	80	81	83	98	
758	13	17	19	21	42	45	47	67	76	78	80	84	
759	7	8	10	11	14	14	16	17	18	19	20	23	66	69	79	
760	10	11	13	13	14	15	16	17	19	20	20	21	24	26	44	69	
761	15	20	21	22	23	23	24	25	
762	25	
786	55	58	
787	33	51	52	54	54	55	56	57	60	
788	45	47	48	49	51	52	53	54	55	57	59	61	65	
789	25	29	34	41	44	45	45	46	47	48	49	51	54	55	56	59	66	72	
790	22	24	25	42	44	45	46	47	48	49	55	59	63	71	
791	9	14	18	20	22	24	26	42	44	45	46	48	59	65	67	69	
792	9	11	14	15	19	20	21	22	23	24	44	64	72	
793	12	15	20	21	22	23	24	25	44	71	
794	4	15	21	22	24	25	
795	22	24	
822	54	55	60	
823	45	52	54	59	
824	24	49	65	
825	13	24	63	
826	22	23	25	64	
827	22	24	
1160	73	
1162	40	
1163	83	
1171	99	
1182	36	
1186	68	
1197	44	
1208	49	
1225	2	
1233	83	
1235	73	
1240	65	
1246	36	50	
1249	49	
1268	40	
1270	91	
1277	10	21	
1279	29	37	42	
1280	18	19	47	49	58	66	
1281	41	43	46	56	
1282	46	53	
1283	53	
1303	27	
1304	46	
1311	23	
1312	12	
1313	14	16	17	18	20	26	41	43	57	
1314	17	18	20	22	23	26	40	43	45	47	48	49	52	56	58	61	69	
1315	21	25	40	43	44	46	47	49	52	67	69	
1316	22	22	28	42	44	46	47	48	50	53	73	
1317	68	
1319	14	
1336	48	
1337	44	48	
1338	20	
1339	17	46	53	
1341	27	
1343	20	27	
1345	11	
1346	6	9	11	13	14	16	17	18	20	
1347	12	14	16	17	18	19	20	24	42	43	69	
1348	16	17	20	21	22	23	26	45	48	50	52	55	56	58	58	61	65	69	
1349	20	21	22	25	26	31	42	44	47	47	49	49	50	51	52	53	55	56	57	59	67	72	
1350	22	23	41	43	44	45	46	46	47	48	49	49	51	
1351	44	48	
1352	56	
1353	66	
1355	80	
1370	17	19	40	57	62	67	70	
1371	17	19	20	23	26	28	41	44	46	47	49	52	60	
1372	43	45	47	49	70	
1374	50	
1377	7	
1378	10	
1379	5	9	11	13	15	16	18	67	
1380	6	8	10	12	14	15	16	17	18	19	20	22	24	27	
1381	12	14	15	16	17	19	20	20	21	22	22	24	73	
1382	20	21	22	23	24	56	57	
1383	47	50	51	52	53	53	54	55	56	58	60	
1384	42	44	45	46	47	48	49	49	50	52	54	57	58	
1385	43	45	46	48	49	
1386	45	
1397	37	
1398	52	
1401	45	
1402	18	
1403	9	12	13	15	16	18	25	67	
1404	14	15	16	17	19	20	24	41	45	56	57	59	68	
1405	17	18	19	21	22	24	27	29	41	44	46	47	48	50	51	53	53	55	57	60	64	72	
1406	40	43	44	45	46	47	49	50	59	
1409	18	28	
1412	7	10	14	20	67	
1413	7	10	12	13	15	16	16	18	18	19	24	
1414	8	10	12	13	14	15	16	16	17	19	19	20	21	22	24	26	68	
1415	20	20	21	22	23	25	
1416	57	58	88	92	
1417	34	36	51	52	53	53	54	55	56	57	60	88	
1418	43	45	46	47	48	49	50	51	52	54	55	57	59	
1419	41	44	45	46	47	48	49	50	57	71	
1420	45	46	48	55	
1430	49	
1434	19	
1435	25	
1436	10	15	
1437	7	9	11	13	14	15	16	18	19	
1438	13	15	15	16	16	17	19	20	21	25	55	56	57	62	
1439	17	18	21	22	23	25	47	48	50	51	51	53	53	54	55	61	
1440	44	45	46	48	49	50	53	62	
1441	45	49	
1442	52	
1445	15	17	19	24	
1446	7	9	10	12	14	15	16	19	20	66	
1447	3	10	12	13	14	15	16	18	18	19	20	23	23	71	
1448	17	20	20	22	23	23	
1449	86	87	89	90	92	97	
1450	12	77	82	82	84	85	86	86	88	89	90	92	94	97	
1451	16	17	52	54	55	56	56	57	59	82	86	87	90	96	
1452	17	47	51	52	53	54	55	56	59	
1453	42	44	45	45	46	47	48	49	50	51	53	54	
1454	46	49	53	
1456	80	
1469	12	
1470	9	10	12	14	15	17	68	
1471	6	9	10	11	12	13	14	15	16	17	18	19	20	23	25	58	
1472	8	12	16	17	18	18	19	20	21	22	24	26	52	53	55	55	56	58	
1473	22	46	47	49	50	50	51	52	54	55	56	
1474	43	45	46	48	49	50	82	85	88	90	95	
1475	21	62	
1476	38	49	
1477	40	
1478	4	12	
1479	3	9	11	13	15	19	26	68	
1480	7	10	12	13	14	15	16	16	17	19	20	22	
1481	17	18	19	19	20	21	23	23	25	26	48	58	
1482	22	47	50	52	53	87	91	
1483	77	81	82	83	84	85	86	87	88	90	95	
1484	6	9	11	14	76	77	78	79	80	81	83	84	85	87	
1485	8	12	13	16	17	19	20	52	57	58	77	79	81	83	85	89	96	
1486	17	18	20	22	47	49	50	50	51	52	53	54	55	56	59	61	
1487	43	44	45	45	46	47	48	49	50	51	53	56	
1488	48	49	55	
1489	49	53	
1492	67	
1501	6	15	
1503	8	13	
1504	9	11	12	13	14	15	17	18	21	24	
1505	6	8	11	12	14	15	16	17	18	19	20	21	23	27	56	57	68	
1506	18	19	21	22	23	26	51	52	54	55	61	
1507	47	48	49	50	51	52	53	54	61	88	90	92	
1508	49	52	54	80	84	86	91	93	
1509	83	
1511	25	
1512	12	14	
1513	7	10	11	12	14	15	16	18	19	23	67	70	
1514	8	12	13	15	16	17	18	19	19	20	22	24	25	56	57	60	
1515	18	21	22	22	23	24	46	47	50	50	51	53	53	54	55	57	60	
1516	45	49	50	85	87	89	93	96	
1517	79	80	82	83	85	90	94	
1518	6	9	10	12	14	79	81	83	94	
1519	6	8	12	13	15	15	16	17	18	19	20	22	27	53	57	58	79	85	88	
1520	17	19	20	22	48	51	52	52	53	54	55	56	57	59	60	
1521	42	44	45	46	46	47	48	49	50	51	53	54	
1522	44	47	49	53	
1524	12	
1532	8	
1535	19	
1537	8	10	12	13	15	19	
1538	5	6	9	11	12	13	14	15	16	17	18	20	23	28	
1539	12	15	15	16	17	18	19	20	21	23	25	52	57	70	
1540	18	22	47	50	51	51	52	53	54	55	58	61	
1541	49	51	53	55	81	82	84	85	86	87	89	90	94	97	98	
1542	49	79	81	83	87	89	
1543	51	
1545	8	14	
1546	9	11	14	17	18	66	
1547	6	10	11	12	13	14	14	15	16	17	18	19	20	21	25	70	
1548	17	20	20	21	22	23	23	25	48	53	56	58	62	73	
1549	22	49	50	51	52	54	55	57	87	88	90	92	94	
1550	48	51	79	81	83	83	85	86	88	91	
1551	9	79	82	85	91	
1552	6	8	9	10	12	14	15	
1553	6	11	12	13	14	16	17	17	18	19	20	24	53	56	57	57	
1554	17	17	21	23	48	50	51	51	52	53	54	55	56	58	59	
1555	44	45	46	47	48	49	50	51	52	53	55	61	
1556	43	49	55	
1557	58	
1561	72	72	
1562	101	
1563	91	
1568	14	83	
1570	10	
1571	6	9	10	11	14	15	16	19	23	
1572	6	11	12	13	14	14	15	16	16	17	19	20	24	56	57	
1573	17	18	19	20	21	23	23	47	48	51	52	53	54	55	59	
1574	47	49	50	51	52	55	87	90	95	
1575	45	50	77	79	81	82	83	84	85	89	94	
1576	79	81	85	
1579	10	13	15	18	25	
1580	7	10	12	14	15	16	17	19	20	24	
1581	8	12	13	15	16	17	18	19	20	21	22	24	52	56	
1582	21	22	23	25	46	49	50	51	52	53	54	55	57	
1583	48	50	77	81	82	84	85	86	88	89	91	94	
1584	48	79	81	84	87	88	91	95	
1585	9	79	
1586	8	10	11	13	13	14	16	
1587	7	11	12	13	13	14	15	15	16	16	18	18	19	22	57	57	
1588	17	17	19	20	21	22	47	48	50	50	51	52	52	53	54	55	55	56	58	59	61	
1589	41	44	45	46	46	47	48	49	50	54	
1590	44	49	64	
1593	52	
1604	8	
1605	7	9	10	11	13	14	15	18	19	
1606	7	11	12	13	15	16	16	17	19	20	24	52	53	57	61	
1607	18	21	22	47	49	50	51	51	53	54	55	57	59	
1608	45	48	49	52	53	82	83	84	85	86	88	88	89	92	93	96	
1609	48	61	79	81	83	83	86	89	
1610	79	
1612	9	16	19	
1613	9	10	12	13	14	15	16	18	20	24	
1614	6	10	11	12	14	15	16	17	19	20	21	22	23	25	27	56	57	58	70	
1615	21	22	23	25	50	51	52	53	54	55	58	61	73	
1616	45	46	48	49	50	51	56	86	91	
1617	48	54	77	78	79	81	84	86	91	
1618	79	83	87	
1619	96	
1620	5	8	8	9	11	12	14	18	20	25	
1621	6	11	11	12	13	14	15	16	17	17	18	19	24	56	57	58	
1622	16	17	17	20	21	23	48	50	50	51	52	52	54	55	56	57	59	
1623	43	44	45	46	47	47	49	49	50	51	54	
1624	45	48	54	
1625	53	76	
1628	60	
1630	59	
1633	29	
1635	33	
1636	23	
1638	11	14	29	
1639	3	6	8	9	10	11	12	14	15	16	17	18	20	24	58	72	
1640	8	12	13	15	16	16	17	18	19	20	23	48	52	52	53	54	55	56	
1641	22	45	46	47	49	50	52	54	55	86	89	93	94	
1642	50	61	77	78	80	81	83	84	85	86	92	
1643	79	82	90	
1644	89	
1646	10	12	14	16	19	22	41	67	
1647	7	9	10	12	13	14	15	16	17	18	19	20	22	24	28	
1648	13	15	15	16	17	18	19	20	21	22	25	52	56	58	
1649	23	47	49	50	51	52	53	53	54	55	60	
1650	44	48	49	51	78	82	84	85	87	88	89	93	93	96	
1651	58	79	82	84	91	
1652	38	83	
1653	9	17	26	31	
1654	4	9	10	12	13	14	15	17	18	19	22	
1655	6	8	11	12	15	17	18	19	20	23	24	57	68	
1656	17	18	20	21	22	25	36	36	48	50	51	52	52	53	54	55	56	57	58	60	
1657	32	41	44	45	46	47	48	49	50	51	53	59	
1658	43	45	46	48	51	
1672	9	10	13	13	16	
1673	2	7	10	11	12	13	14	15	16	17	18	19	20	22	24	53	56	58	
1674	20	21	22	25	47	48	50	51	52	53	53	54	71	
1675	23	44	46	49	51	54	81	85	86	89	91	
1676	49	78	80	86	89	
1677	81	90	
1678	20	
1679	11	15	16	19	
1680	7	9	10	12	13	13	15	16	18	19	22	23	27	68	
1681	7	11	12	14	15	16	17	18	19	20	21	23	25	56	
1682	22	23	25	51	51	52	54	55	56	58	58	
1683	48	49	50	52	53	55	58	82	87	88	89	92	94	
1684	48	52	76	78	79	80	82	84	85	87	89	93	
1685	79	87	
1687	8	12	13	20	
1688	5	6	9	10	12	13	14	15	16	17	19	
1689	7	11	12	15	16	16	17	18	19	20	21	23	24	57	58	
1690	17	20	21	23	34	35	35	51	51	52	53	55	56	57	59	62	
1691	45	46	47	48	49	50	51	53	55	88	91	93	
1692	44	48	49	88	
1693	59	
1705	8	18	24	
1706	5	6	8	10	11	13	13	15	16	18	19	24	57	
1707	4	11	13	15	15	16	17	17	18	19	20	21	24	28	52	53	55	57	60	
1708	20	21	23	24	46	47	48	49	50	51	52	53	55	56	60	
1709	49	79	81	82	83	85	86	88	91	94	99	
1710	82	83	
1711	81	
1712	14	
1713	8	8	10	11	14	15	16	17	19	23	26	
1714	6	11	13	13	14	15	16	17	18	19	19	21	26	57	69	
1715	18	19	20	21	23	23	24	48	52	55	56	
1716	47	49	50	51	52	53	54	88	92	98	
1717	49	51	54	62	78	81	82	83	84	84	86	88	88	90	93	93	
1718	77	79	81	83	86	89	
1719	84	96	
1721	6	8	11	15	
1722	6	9	10	11	13	13	14	16	18	25	
1723	7	15	16	21	24	56	58	87	88	91	95	
1724	51	51	52	53	53	54	55	58	81	83	86	87	88	89	91	92	94	96	
1725	45	49	50	52	54	82	83	84	85	86	87	89	91	93	95	
1726	50	85	92	
1727	87	
1737	24	
1738	10	13	
1739	8	11	14	16	20	23	
1740	9	10	11	12	13	14	15	16	18	18	19	27	56	57	
1741	5	16	17	19	19	20	21	23	24	26	47	51	51	52	53	54	55	56	58	
1742	23	44	46	47	48	49	50	53	53	58	88	90	
1743	79	80	83	84	88	88	
1744	50	91	
1745	9	
1746	9	11	14	15	18	23	70	
1747	7	8	10	11	13	14	15	16	17	18	19	21	
1748	12	13	15	17	20	21	22	23	24	53	56	69	
1749	21	23	25	48	50	51	52	54	55	58	
1750	49	51	54	58	81	82	84	85	86	89	91	94	
1751	50	55	76	78	79	81	83	84	86	99	
1752	79	87	
1754	89	
1756	7	9	12	14	
1757	7	11	12	53	77	79	81	85	87	89	95	
1758	51	54	55	80	81	83	84	84	85	86	88	90	92	94	97	
1759	53	76	78	79	80	81	81	83	84	85	86	89	95	
1760	80	85	89	
1769	28	
1772	9	21	
1773	10	11	13	14	19	
1774	5	6	8	12	13	14	15	16	17	18	19	20	21	53	56	56	57	62	
1775	18	19	20	21	23	24	26	46	47	48	51	51	52	53	53	54	55	56	58	60	
1776	42	44	46	47	48	49	50	51	54	86	
1777	78	82	
1778	79	
1779	11	15	17	19	29	
1780	7	10	11	13	14	15	16	18	20	68	69	
1781	7	11	12	13	15	17	17	18	19	20	22	23	56	58	
1782	17	20	21	22	23	25	47	52	53	54	55	62	
1783	49	50	51	54	55	86	87	88	89	91	94	
1784	51	55	77	79	80	81	82	84	85	87	88	93	96	98	
1785	78	80	87	89	
1789	5	14	
1791	79	84	
1792	77	78	80	82	84	86	
1793	60	77	78	80	82	84	
1794	80	84	92	
1806	9	
1807	6	9	10	10	11	13	14	17	18	
1808	7	11	12	13	15	16	17	18	19	20	35	52	53	56	57	61	70	
1809	17	17	19	20	22	23	37	42	47	50	51	51	52	53	54	56	58	
1810	44	46	47	48	49	51	54	81	85	
1811	29	45	46	50	
1812	9	66	
1813	10	12	14	16	18	19	20	25	27	29	45	67	
1814	7	8	10	12	13	13	14	15	16	18	19	20	21	24	43	
1815	15	18	21	22	23	24	52	53	56	61	
1816	22	23	50	51	52	54	55	57	59	86	87	88	89	91	93	97	
1817	49	51	54	77	80	81	83	83	84	85	86	88	90	92	93	98	
1818	79	81	84	86	
1819	84	
1825	78	
1826	79	85	
1827	79	
1838	20	
1839	20	23	
1841	7	9	10	11	12	13	14	15	16	
1842	8	12	15	15	16	17	18	19	20	21	24	51	52	55	56	57	58	58	96	
1843	17	18	20	21	22	47	51	52	53	54	55	56	60	
1844	42	43	44	45	46	47	48	49	50	51	53	55	60	
1845	10	13	26	28	42	44	47	48	71	
1846	9	11	14	16	19	39	47	67	69	
1847	6	9	11	13	14	15	16	18	18	19	20	21	27	56	
1848	2	20	21	22	23	24	27	53	56	
1849	23	24	50	51	52	54	87	88	90	92	95	
1850	12	51	54	77	80	81	83	84	85	86	88	89	97	
1851	76	77	79	80	81	84	86	
1852	58	79	84	
1854	78	
1855	9	
1861	101	
1864	25	
1874	20	
1875	4	6	9	10	11	13	13	14	20	
1876	7	11	12	14	14	15	17	18	19	21	25	87	92	97	
1877	16	16	17	20	21	23	34	50	51	52	53	55	56	58	60	87	92	
1878	46	48	48	50	60	64	73	
1879	27	29	44	45	63	65	68	69	
1880	5	8	10	12	14	19	21	23	71	
1881	20	21	22	23	25	52	53	57	
1882	51	52	54	86	87	88	90	91	94	96	
1883	3	53	54	78	80	81	82	84	85	87	89	90	95	
1884	2	2	78	78	80	81	84	85	90	93	
1885	79	82	83	88	
1886	81	83	
1894	47	
1905	93	
1908	14	
1909	8	9	11	14	21	
1910	7	10	11	12	14	14	15	16	21	82	84	87	90	
1911	13	16	17	19	22	55	77	82	83	84	85	86	88	88	90	92	94	96	
1912	85	86	87	90	92	95	
1913	87	90	92	96	
1914	24	56	87	88	90	91	
1915	53	53	55	82	83	85	86	87	90	92	94	96	
1916	55	76	77	80	82	83	84	85	86	89	91	94	
1917	53	76	77	80	81	83	85	89	93	
1918	80	84	89	
1927	16	
1937	77	
1943	9	
1944	5	6	9	11	13	14	81	86	86	
1945	6	9	11	13	14	16	76	77	79	80	82	84	85	88	93	
1946	76	77	80	81	82	84	85	86	87	88	89	94	97	
1947	53	77	78	80	81	82	85	86	87	88	89	92	94	96	
1948	77	80	81	81	82	84	85	85	86	89	91	93	95	98	
1949	55	77	78	80	81	82	84	85	87	89	95	
1950	77	79	80	83	84	87	89	96	98	
1951	79	83	87	
1952	83	
1967	57	
1973	3	
1978	11	14	79	
1979	77	79	85	
1980	76	77	78	79	81	83	85	91	97	
1981	76	79	80	82	83	85	88	90	
1982	77	78	79	81	83	83	84	86	89	
1983	78	79	81	84	
1984	79	
1987	31	
2009	16	
2014	82	89	
2015	78	91	102	
2016	78	
2019	69	
2020	68	
2021	98	
2028	96	
2030	89	
2042	18	24	
2050	87	
2067	1	
2081	39	97	
2098	27	
2126	95	
2136	13	
2144	11	
2159	41	
2165	12	
2177	30	
2212	13	
2259	11	
