16	69	
81	53	
86	91	97	
87	91	96	
88	88	89	91	93	94	97	
89	91	93	98	
90	93	97	
118	50	
119	87	91	92	95	
120	37	81	83	86	87	88	89	90	91	92	93	95	97	
121	7	37	81	82	85	86	87	89	90	91	93	96	99	
122	80	82	83	85	86	87	89	90	95	
123	7	11	15	82	83	84	85	87	89	90	96	
124	12	83	85	86	88	88	89	91	96	
125	16	19	87	88	89	91	92	96	
126	17	
150	53	57	
151	46	50	51	
152	48	52	90	92	93	94	99	
153	82	83	83	85	86	87	88	90	91	93	94	97	98	
154	16	43	80	81	83	84	85	86	87	89	91	93	
155	6	16	17	18	19	41	58	67	68	78	79	80	81	84	85	
156	17	19	20	42	43	45	46	47	48	51	70	78	80	81	84	
157	9	21	22	38	42	43	46	47	49	69	79	81	
158	5	8	10	13	80	82	84	98	
159	12	13	14	80	82	84	85	87	89	91	93	95	98	99	
160	16	16	18	18	83	87	90	91	97	
161	17	
183	56	
184	48	51	52	53	55	57	
185	46	47	49	50	51	55	91	96	
186	49	51	53	82	84	86	88	89	91	93	100	
187	79	81	82	84	86	88	88	90	
188	8	9	10	11	12	14	15	16	17	18	19	79	80	84	
189	14	15	16	17	18	19	20	20	21	23	26	44	
190	20	21	22	24	25	48	50	51	52	54	55	57	58	61	
191	22	42	44	46	47	47	49	50	
192	43	48	
193	2	5	7	9	10	12	14	78	79	81	83	85	88	
194	7	12	13	15	16	18	81	83	85	87	88	90	
195	16	17	19	20	27	
217	52	57	
218	47	50	51	52	53	54	55	56	60	
219	46	47	48	49	50	51	55	62	87	89	
220	9	45	49	80	83	84	86	87	89	92	94	
221	9	10	12	13	14	79	82	84	
222	5	7	11	12	13	13	14	15	16	17	18	18	19	20	22	24	69	
223	17	19	21	22	23	24	57	
224	23	51	52	54	55	55	56	57	60	
225	41	46	47	48	49	50	50	51	52	53	54	59	
226	44	45	46	49	
227	5	8	9	11	13	14	87	89	
228	7	11	12	14	14	15	16	16	17	19	20	69	80	
229	15	16	17	18	19	20	21	22	
251	51	52	53	54	55	56	58	
252	37	42	46	47	48	49	50	51	52	54	55	58	
253	43	44	45	46	47	48	49	50	53	85	
254	8	10	45	80	87	
255	5	6	7	9	10	11	12	13	13	14	14	15	18	69	
256	12	13	15	15	16	16	17	17	18	19	20	21	22	23	24	
257	21	22	
258	51	52	54	55	56	57	58	61	
259	46	47	48	48	49	50	51	52	53	54	
260	9	44	49	92	96	
261	5	7	9	10	11	12	13	14	16	84	
262	4	6	10	12	12	14	15	16	17	18	19	20	21	22	24	104	
263	18	20	21	23	24	
285	51	53	55	56	57	
286	36	47	48	50	51	52	53	53	54	55	58	60	
287	41	42	43	44	45	46	46	47	48	48	49	49	50	54	
288	9	43	45	72	84	
289	3	6	7	10	11	11	12	13	13	14	14	15	16	19	
290	12	15	16	17	18	19	20	20	21	23	24	
291	22	58	
292	48	51	52	53	54	55	56	
293	46	47	49	50	50	51	53	
294	86	88	88	91	93	94	
295	4	6	8	9	10	11	11	13	13	14	15	81	87	
296	12	15	15	16	16	17	17	19	19	20	21	
297	17	21	23	
319	52	58	
320	51	51	52	53	53	54	54	55	56	57	60	
321	36	41	43	44	45	46	47	47	49	49	50	51	60	
322	5	9	33	41	45	46	48	68	
323	6	8	9	11	11	12	13	14	15	
324	15	16	17	19	20	22	
325	16	18	22	53	55	56	57	
326	46	48	50	51	52	53	54	55	56	
327	48	49	50	54	83	87	88	90	92	93	96	
328	9	81	84	86	87	89	92	98	99	
329	6	8	10	11	12	14	14	15	16	17	18	19	
330	13	15	16	17	17	18	19	20	21	22	23	25	
345	88	92	95	
346	90	92	94	97	
354	51	52	54	55	55	56	57	59	
355	43	47	49	50	51	52	53	54	56	59	
356	40	42	44	45	46	47	48	48	49	50	
357	7	9	10	12	13	14	
358	7	11	12	14	15	16	81	85	87	89	92	95	
359	16	17	18	23	51	52	54	57	92	
360	47	48	49	50	51	52	53	60	92	
361	8	48	50	82	86	88	89	91	93	95	
362	9	11	12	13	14	15	18	80	83	91	
363	8	11	12	14	15	15	16	16	17	19	19	20	21	24	26	
364	18	19	20	21	22	23	24	26	
376	57	
377	51	
378	46	48	
379	9	14	82	86	89	91	95	99	
380	6	13	82	85	86	87	88	88	89	90	91	92	93	96	100	
381	16	19	85	87	88	89	91	92	94	97	
382	16	17	
388	55	56	58	
389	50	51	52	53	53	54	55	56	58	60	
390	37	41	43	45	47	48	48	49	50	50	67	
391	8	44	46	49	
392	6	11	12	14	15	70	80	82	84	
393	51	52	53	55	56	60	81	85	87	89	90	92	95	97	
394	50	54	83	87	89	91	92	94	97	
395	9	29	83	85	86	88	89	91	97	100	
396	5	7	9	10	11	12	13	14	15	15	16	19	84	
397	12	15	16	16	17	18	19	20	21	21	23	24	
398	18	22	
410	57	
411	50	51	52	53	54	56	57	59	
412	42	44	46	46	47	48	49	49	50	
413	8	81	84	87	88	92	94	99	
414	6	8	10	11	13	15	79	81	82	84	85	86	88	89	91	94	97	98	
415	7	11	12	14	15	16	19	80	81	82	83	85	86	89	96	
416	16	17	17	19	20	83	88	
417	18	
423	51	52	54	55	56	57	
424	47	48	50	51	52	53	54	55	56	59	
425	37	41	43	45	46	47	48	49	49	
426	71	
427	52	80	82	83	85	87	88	90	95	
428	81	82	84	85	86	87	88	89	90	92	97	
429	8	9	10	11	13	16	80	81	84	86	89	
430	5	7	11	12	13	13	14	15	15	16	16	17	19	20	21	69	
431	17	18	20	21	21	23	23	26	
432	22	
439	74	74	75	78	
444	55	57	
445	47	51	52	53	53	54	55	56	58	58	61	
446	42	44	46	46	47	48	48	49	49	50	51	53	55	
447	43	45	47	48	84	
448	9	11	13	79	80	84	
449	6	8	9	10	11	12	14	14	15	16	19	80	82	84	87	88	91	93	
450	13	15	16	16	17	19	21	81	86	88	90	94	
451	16	18	20	
458	51	52	53	54	55	56	57	60	
459	43	45	47	48	49	50	50	52	53	54	56	59	
460	44	45	46	48	49	50	52	
461	44	79	83	
462	9	13	79	80	82	84	85	87	89	94	
463	4	7	9	10	11	12	13	14	14	15	16	18	23	81	83	88	
464	12	14	15	16	16	17	17	18	19	20	20	21	23	24	
465	21	22	
469	52	52	53	
473	78	79	
478	58	
479	48	51	52	52	53	53	54	55	55	56	57	59	62	
480	36	38	43	44	46	47	49	49	50	50	51	52	54	
481	44	45	46	48	49	53	86	94	
482	5	7	10	84	95	
483	6	8	8	9	10	11	13	13	14	15	81	85	
484	6	12	12	13	14	15	16	17	20	82	84	85	87	89	92	96	99	
485	16	17	18	19	21	
486	18	
492	51	53	55	56	61	
493	46	48	49	50	51	51	52	54	55	58	
494	44	45	47	49	49	51	54	60	92	
495	44	48	87	91	
496	9	11	
497	5	6	8	9	10	11	12	13	14	14	15	16	18	
498	12	15	16	17	18	19	20	21	23	25	
499	17	21	23	
512	53	57	
513	47	50	51	52	52	54	55	55	56	57	59	61	
514	37	41	42	45	46	47	47	48	48	49	49	50	51	53	55	59	
515	36	41	43	44	45	46	46	48	48	50	
516	26	67	
517	6	9	10	13	14	
518	6	8	10	11	12	13	13	14	15	15	16	18	20	79	81	84	85	89	
519	15	16	17	18	18	20	21	90	98	
520	17	22	
525	56	
526	48	51	52	53	54	55	57	58	
527	48	49	50	51	52	54	55	
528	38	46	49	50	53	87	91	92	95	
529	36	42	44	67	82	87	94	
530	9	13	13	16	19	39	43	45	46	48	66	
531	4	7	8	10	11	12	14	14	15	17	19	21	22	26	71	
532	12	13	14	15	15	19	20	23	83	87	91	93	
533	16	17	18	20	86	89	92	98	
534	33	
535	33	33	
546	53	
547	51	52	52	54	54	55	56	57	60	
548	34	37	43	47	48	49	50	51	51	52	53	54	55	56	57	59	59	
549	36	41	42	43	44	45	46	46	47	48	48	49	50	54	57	59	66	74	
550	26	39	42	44	45	46	46	49	70	
551	9	10	27	44	66	73	
552	7	9	10	11	12	13	14	15	15	16	80	86	88	99	
553	13	16	17	18	18	19	21	84	88	89	
554	16	17	20	22	
558	58	
559	53	57	
560	48	49	51	52	53	54	55	56	
561	49	50	51	54	55	62	86	87	89	91	93	93	96	98	
562	8	41	79	81	83	83	85	86	87	89	90	93	95	
563	10	11	13	14	16	17	18	40	57	62	68	81	
564	15	16	17	17	19	19	20	21	24	34	36	43	44	45	46	47	48	50	59	67	
565	21	22	23	24	26	41	44	45	46	47	48	
566	6	10	11	13	14	15	23	24	27	43	68	82	
567	12	14	15	19	82	85	87	88	90	97	
568	16	17	21	88	89	91	
569	17	
582	52	53	54	55	55	56	57	58	60	
583	43	45	47	48	49	50	51	51	52	54	55	55	56	57	59	61	75	
584	35	41	42	44	45	46	46	47	47	48	49	49	49	50	
585	4	9	13	40	44	45	46	48	70	
586	5	6	8	10	10	11	12	13	14	15	25	69	84	
587	8	12	13	14	15	16	17	19	20	80	85	93	99	
588	16	17	18	21	23	
592	58	
593	51	52	54	55	56	58	93	
594	49	51	52	53	54	86	88	89	91	93	94	96	
595	40	54	81	83	84	86	87	88	88	90	92	95	97	
596	7	9	10	11	13	68	80	83	85	89	
597	12	12	14	15	16	16	17	18	18	19	19	20	23	26	58	
598	17	20	21	22	22	24	25	51	52	53	54	55	56	61	73	
599	23	41	45	46	47	48	48	49	50	60	74	
600	30	40	43	43	44	46	47	48	
601	6	9	11	13	15	70	79	84	
602	12	16	81	83	83	85	86	89	90	91	94	97	100	
603	16	17	18	87	
617	50	51	52	54	54	55	56	57	59	
618	37	42	47	48	49	50	50	51	51	52	53	54	56	58	
619	41	43	44	45	46	47	49	49	
620	4	6	8	9	11	14	
621	6	10	11	12	13	14	15	16	19	23	81	85	88	89	98	
622	16	17	17	19	20	
625	56	
626	53	54	55	57	60	
627	51	52	54	87	90	91	92	97	
628	81	82	85	86	87	89	91	93	95	
629	8	10	14	65	67	79	81	82	84	86	89	
630	6	10	11	12	13	14	14	15	16	17	18	19	19	72	
631	2	12	15	17	18	18	20	20	21	22	24	24	
632	21	22	23	25	55	57	
633	34	51	52	54	55	56	57	58	60	
634	42	45	47	48	48	49	50	54	
635	31	38	41	43	45	46	47	49	66	
636	7	9	11	12	13	14	68	80	81	85	88	
637	17	19	20	22	82	83	98	
651	52	55	57	58	60	
652	35	37	49	50	50	51	52	53	54	55	56	59	
653	41	42	44	45	46	47	47	48	49	49	50	
654	9	10	41	43	44	46	48	66	
655	8	10	11	12	12	14	14	15	25	82	84	95	100	
656	16	17	19	20	85	87	88	90	92	96	
657	91	92	
659	51	53	56	90	91	93	98	
660	37	52	53	55	56	87	88	90	91	93	94	97	
661	51	81	82	84	85	86	87	89	90	91	94	97	
662	9	42	80	81	83	84	85	86	88	88	90	99	
663	7	9	10	11	12	14	15	16	17	18	18	19	70	79	84	
664	8	12	13	15	15	17	17	18	19	20	20	21	23	23	25	27	70	
665	2	21	22	23	25	
668	51	53	55	60	
669	45	51	
670	10	25	43	
671	15	22	25	
672	23	
685	57	
686	50	51	52	53	53	54	55	55	56	57	60	
687	35	43	47	49	50	51	52	54	58	
688	5	39	42	44	45	46	46	48	48	49	
689	7	10	11	14	27	72	
690	8	11	13	14	80	82	84	86	88	89	90	95	101	
691	86	87	89	90	92	94	96	98	99	
692	57	82	86	87	88	90	91	93	96	98	100	
693	37	54	83	85	86	87	88	89	90	92	96	
694	42	50	53	81	82	85	86	87	89	89	91	95	100	
695	10	39	42	66	79	81	82	83	85	86	89	93	
696	6	8	9	10	11	13	14	15	16	17	18	19	20	21	39	69	79	81	84	
697	5	11	12	15	15	17	18	19	19	20	21	21	24	25	26	70	
698	20	21	22	23	24	
699	23	
702	55	
720	55	58	
721	35	50	51	53	53	54	55	57	59	
722	35	37	43	45	47	48	48	49	50	52	58	63	75	
723	4	41	43	44	45	46	47	48	48	66	
724	38	38	41	46	47	66	79	84	
725	19	37	41	46	67	79	81	83	83	85	86	88	
726	18	20	37	39	42	43	46	47	52	57	59	68	79	80	82	83	84	85	86	88	89	93	
727	19	40	42	47	67	79	80	81	82	84	85	87	88	99	
728	8	11	13	17	19	20	39	42	44	46	65	67	70	79	80	82	83	85	88	99	
729	10	11	14	15	16	18	19	20	21	24	45	70	79	
730	11	13	15	18	19	20	21	22	24	24	
731	20	21	23	24	
732	23	
755	51	54	55	57	63	
756	51	53	53	54	55	57	60	
757	35	50	51	54	55	56	59	
758	4	25	33	42	44	47	48	50	52	53	55	56	59	
759	23	23	25	45	48	49	50	55	59	64	79	
760	21	24	41	44	50	54	59	65	71	79	
761	10	14	20	21	23	24	25	44	45	48	49	64	68	79	
762	5	12	15	21	23	23	24	25	43	64	
763	13	21	22	23	24	25	65	
764	5	25	
793	54	
794	24	
795	25	
797	25	
1163	27	
1167	90	
1172	71	
1175	42	
1183	51	
1186	50	73	
1192	66	100	
1197	52	
1203	56	
1204	12	28	
1205	34	
1206	22	
1207	35	
1208	37	46	
1209	67	
1213	44	
1216	42	85	
1239	22	
1240	39	
1241	40	49	
1242	17	19	26	38	43	47	50	56	97	
1243	19	21	26	39	46	57	68	
1244	21	37	39	43	47	48	54	72	
1245	43	46	48	67	
1246	28	40	43	46	51	
1249	7	
1252	3	68	
1253	59	
1262	51	
1272	18	
1273	29	
1274	17	39	
1275	14	16	18	18	20	24	38	42	44	48	58	68	68	
1276	17	20	21	22	42	45	47	58	
1277	21	23	23	26	31	43	44	49	53	53	56	64	71	
1278	22	23	45	49	52	55	56	59	65	
1279	21	24	43	47	48	50	52	54	57	59	
1280	22	26	32	36	39	42	44	46	47	49	50	57	
1281	44	48	49	64	
1282	43	46	66	
1284	67	
1285	94	
1298	73	
1307	11	11	14	16	18	
1308	8	10	12	13	15	16	17	18	19	22	25	68	
1309	12	14	15	17	20	21	23	24	44	57	
1310	21	22	24	25	45	49	64	
1311	53	93	98	
1312	54	87	88	90	92	96	
1313	35	51	53	54	55	56	62	87	90	92	
1314	17	18	38	41	43	47	51	52	54	58	
1315	41	44	45	46	48	48	50	54	73	
1316	40	43	46	49	52	59	
1320	12	
1324	1	
1332	71	
1338	17	
1340	13	30	
1341	8	9	11	13	14	16	18	21	
1342	7	11	12	15	16	17	19	20	22	24	56	58	70	
1343	17	18	20	20	21	23	23	25	48	51	52	56	
1344	46	50	87	91	93	96	
1345	82	86	88	89	90	91	96	
1346	10	78	81	83	84	86	90	96	
1347	6	9	10	12	14	16	81	83	84	85	90	95	99	
1348	13	15	16	17	19	20	51	52	54	55	56	57	59	
1349	19	21	41	45	46	47	47	48	49	50	51	54	56	60	64	
1350	43	45	46	48	50	
1351	45	48	59	
1372	16	
1374	8	11	14	16	24	
1375	7	8	9	11	12	14	16	17	18	20	57	
1376	12	13	15	16	16	17	18	19	19	20	22	25	48	51	52	56	
1377	18	21	22	25	46	47	49	50	51	52	53	
1378	49	82	86	87	89	90	92	95	
1379	79	81	84	87	90	94	
1380	80	85	91	96	
1381	7	9	10	12	14	18	79	90	
1382	7	11	12	13	14	15	16	17	18	19	24	52	56	57	57	61	80	85	88	
1383	17	17	18	21	22	46	48	49	50	51	52	53	54	59	
1384	44	48	49	51	57	
1392	1	
1401	94	
1402	26	
1406	17	19	
1408	6	8	10	12	13	
1409	6	10	11	12	14	15	17	18	22	25	53	57	
1410	1	12	13	16	16	17	18	19	20	22	23	47	48	50	51	52	53	55	56	58	61	
1411	22	45	46	47	49	50	51	53	54	
1412	45	50	80	83	84	86	89	
1413	80	83	87	
1414	9	
1415	9	10	11	12	13	14	15	17	18	24	57	
1416	2	12	15	16	17	19	19	21	26	51	52	55	57	62	
1417	18	20	21	23	45	46	47	50	51	53	53	55	57	
1418	45	48	92	94	
1419	58	
1437	55	
1438	19	
1442	9	11	14	18	
1443	7	9	10	11	12	13	14	15	20	24	52	53	57	58	
1444	13	16	17	20	22	36	48	50	51	51	53	54	55	56	60	91	
1445	23	42	44	45	46	47	48	48	49	50	51	
1446	45	46	81	
1448	11	26	
1449	5	8	9	10	11	13	13	14	15	16	18	23	57	
1450	7	13	14	15	15	16	17	18	19	20	23	50	51	52	53	54	55	58	58	
1451	20	21	23	45	47	48	49	50	51	53	58	
1452	48	50	82	85	88	92	
1453	50	
1467	38	
1468	57	
1471	50	
1475	29	
1476	8	11	14	
1477	6	8	10	11	12	13	14	15	18	58	
1478	12	15	16	19	38	51	51	52	53	54	55	56	57	60	82	86	89	91	97	
1479	16	17	21	36	42	44	45	46	47	49	50	51	54	57	91	97	
1480	47	48	54	
1481	9	
1482	4	10	12	14	19	
1483	5	8	8	10	11	12	14	15	16	17	18	19	21	25	53	56	57	
1484	13	19	20	21	22	24	46	47	50	51	52	53	53	54	55	57	
1485	23	46	48	49	52	88	90	92	95	
1486	48	82	86	88	93	
1487	84	89	
1498	100	
1500	38	43	
1501	16	17	20	42	46	66	
1502	40	45	48	48	67	
1504	71	
1510	9	
1511	10	12	14	16	89	
1512	6	8	11	12	14	15	18	54	55	56	57	60	81	84	87	88	91	97	
1513	16	19	21	38	45	48	50	51	53	55	57	61	82	84	87	89	91	96	
1514	18	37	44	45	46	49	50	53	73	
1515	10	14	43	66	
1516	6	8	10	11	13	14	16	20	25	
1517	4	7	11	12	12	15	15	16	17	18	18	19	20	21	25	52	53	55	57	58	69	
1518	20	21	23	46	48	49	50	51	52	54	55	
1519	51	54	57	59	81	83	87	89	91	93	93	95	
1520	81	86	90	
1521	53	
1524	43	
1527	6	
1531	74	
1532	13	
1533	18	
1534	11	14	16	19	37	56	
1535	13	16	17	19	20	22	25	34	37	40	43	47	50	52	55	57	58	67	69	
1536	18	21	22	24	26	42	44	45	46	46	47	48	49	56	73	
1537	22	45	49	54	68	
1538	44	
1540	51	
1543	15	
1544	14	
1545	9	
1546	6	9	10	12	14	15	43	55	57	81	83	92	
1547	13	15	18	20	36	53	54	55	57	61	80	82	84	86	89	91	96	
1548	16	17	18	21	31	41	43	44	45	47	50	66	
1549	8	14	39	43	45	49	
1550	6	9	11	12	14	15	16	16	19	22	24	56	57	70	
1551	7	18	20	21	22	23	47	50	51	52	54	55	57	
1552	21	22	45	47	48	49	51	52	53	56	92	94	96	
1553	51	56	80	82	84	87	88	90	97	
1554	82	84	92	
1557	40	
1561	70	71	71	72	
1565	23	40	
1567	10	13	16	
1568	5	7	9	10	11	14	14	17	
1569	13	15	16	16	17	18	19	21	25	52	53	54	55	56	57	59	61	
1570	18	20	22	23	24	38	41	43	44	45	47	48	48	49	50	50	52	54	56	57	59	
1571	43	44	45	46	47	48	49	50	51	56	
1572	50	
1575	32	
1578	15	29	
1580	10	12	14	89	
1581	2	11	12	14	15	17	22	81	84	88	88	91	97	
1582	16	17	18	53	83	87	91	
1583	13	16	17	19	22	24	43	45	65	
1584	8	12	20	24	26	52	53	55	57	59	
1585	21	23	24	46	48	49	51	52	54	55	
1586	45	46	49	53	82	87	88	90	91	94	
1587	51	81	85	87	90	93	
1590	65	
1595	75	76	76	77	
1596	93	
1598	102	
1601	9	13	
1602	5	7	9	11	12	13	14	15	16	19	
1603	8	13	14	15	16	17	17	19	19	21	53	54	55	57	57	62	
1604	17	18	20	21	23	38	47	50	50	51	52	53	54	54	56	57	59	61	
1605	42	44	45	46	47	48	48	49	50	51	54	59	68	
1606	44	48	49	53	59	
1607	44	46	56	
1610	3	
1613	10	18	
1614	5	11	13	
1615	4	6	9	11	13	15	17	21	80	86	
1616	8	10	11	12	14	15	16	18	19	22	80	82	85	88	88	91	98	
1617	13	15	16	17	18	19	20	53	56	57	57	
1618	18	22	47	50	51	52	53	54	55	56	59	
1619	43	44	45	46	47	48	49	50	50	52	54	
1620	48	51	56	81	84	87	89	92	94	
1621	65	82	84	
1629	80	81	81	
1635	10	
1636	5	8	9	10	11	12	13	14	18	
1637	2	7	11	12	13	15	16	16	17	18	19	21	56	58	
1638	16	17	18	20	21	23	48	50	51	52	53	54	55	56	57	58	
1639	40	42	44	45	46	47	49	49	50	51	52	54	57	61	
1640	40	43	45	46	48	49	50	71	
1641	59	
1642	7	
1648	13	
1649	6	9	10	13	15	18	20	
1650	1	7	9	11	12	13	14	15	17	18	19	20	21	70	80	99	
1651	15	17	18	19	20	21	22	25	52	56	57	58	
1652	22	50	50	51	52	52	53	54	54	56	59	
1653	39	43	45	46	47	48	48	49	50	51	52	53	56	58	
1654	45	46	49	79	84	
1655	45	81	
1656	56	
1658	44	44	45	45	
1661	65	
1663	92	
1669	9	14	
1670	5	6	9	10	11	12	14	15	16	
1671	7	11	12	13	14	15	16	18	18	20	23	88	91	
1672	16	17	19	21	23	52	53	54	55	56	57	59	92	
1673	42	47	47	49	50	50	51	52	54	55	58	
1674	41	43	44	45	46	47	48	49	49	50	
1675	44	49	53	
1678	54	
1680	31	
1681	25	
1682	13	14	17	17	39	
1683	8	9	10	11	14	15	16	18	19	21	27	
1684	4	7	10	11	13	14	15	16	17	18	19	20	22	24	29	
1685	17	18	20	21	22	24	57	
1686	51	52	54	54	55	57	58	60	93	
1687	34	45	48	49	50	51	53	54	57	62	87	88	90	91	97	
1688	40	44	45	47	49	50	53	
1689	43	46	49	
1691	64	
1702	94	
1703	11	13	
1704	3	7	9	11	13	
1705	6	8	9	10	11	12	14	15	16	23	81	83	85	88	90	95	
1706	7	12	17	19	52	53	55	56	57	81	83	86	87	88	89	90	91	92	94	96	98	
1707	16	17	19	38	47	48	50	50	51	52	53	54	55	57	58	61	87	92	
1708	43	44	45	46	47	48	49	50	54	60	75	
1709	45	47	49	53	59	
1711	55	62	
1715	11	40	
1716	9	11	14	16	19	38	67	
1717	4	7	9	11	12	13	14	15	16	17	19	20	24	
1718	5	7	15	17	18	20	21	22	25	60	
1719	21	23	49	92	
1720	7	55	83	84	85	86	87	89	90	91	94	97	98	
1721	8	50	51	53	53	54	55	56	58	58	81	82	83	84	85	86	87	89	90	91	93	96	98	
1722	16	34	37	48	51	52	55	56	65	91	
1723	42	44	46	48	49	62	64	
1724	45	46	73	
1725	50	
1727	56	93	
1738	7	12	15	22	
1739	2	4	7	12	21	81	85	91	93	
1740	7	9	10	11	13	14	15	58	79	80	82	84	85	89	90	97	101	
1741	8	13	15	16	19	51	52	53	54	54	55	56	57	61	81	82	84	86	87	88	89	91	93	94	96	103	
1742	17	18	42	45	46	47	48	49	50	51	54	56	59	
1743	45	46	49	59	
1744	44	48	
1748	16	40	
1749	8	11	14	17	19	39	68	
1750	9	11	12	13	14	16	17	18	19	22	23	
1751	6	11	12	15	16	17	19	19	20	21	24	53	56	68	
1752	2	21	22	23	24	48	49	50	52	55	60	93	
1753	82	86	87	88	88	90	92	93	95	98	
1754	10	80	82	83	84	85	86	88	88	89	94	
1755	8	10	14	78	78	80	81	82	84	85	88	91	93	
1756	18	51	52	54	56	57	81	83	85	86	89	90	92	93	96	98	
1757	17	19	45	47	48	50	51	53	54	56	59	
1758	41	45	46	49	67	
1759	45	48	
1760	74	
1773	8	82	85	
1774	5	9	11	13	13	15	19	26	78	80	86	88	
1775	7	12	14	15	16	20	52	54	55	56	57	60	79	80	81	83	83	85	87	89	92	97	
1776	16	16	17	19	20	22	36	43	47	48	49	50	50	51	52	53	54	57	90	
1777	43	44	46	48	49	51	55	57	
1778	32	37	
1781	17	
1782	12	16	42	
1783	5	8	9	11	13	14	15	16	18	18	19	70	
1784	5	11	12	14	15	16	17	18	19	20	21	23	24	56	70	
1785	20	21	22	24	48	50	51	51	52	55	58	58	
1786	49	50	54	87	88	90	91	93	94	96	
1787	53	79	81	83	84	85	87	89	91	95	100	
1788	79	84	88	91	98	
1789	5	8	9	80	86	88	
1790	8	10	12	15	79	80	83	85	88	
1791	15	53	55	58	80	82	86	88	90	92	94	
1792	49	51	55	56	90	91	
1793	48	
1799	1	1	2	2	
1801	78	
1804	21	87	
1807	3	8	19	
1808	5	9	12	14	83	
1809	7	10	11	12	13	14	15	18	55	56	57	79	82	87	89	
1810	17	19	51	52	53	54	55	57	58	61	80	82	83	86	89	91	95	99	
1811	17	17	31	40	42	44	45	47	48	50	51	54	59	
1812	38	39	43	44	48	48	50	57	72	
1813	47	65	69	
1814	37	41	43	68	
1815	9	17	18	20	26	42	63	68	68	80	
1816	5	9	11	13	14	17	18	20	22	26	67	
1817	10	11	13	13	14	15	16	17	18	19	20	21	23	23	25	26	58	
1818	21	22	24	52	53	54	55	57	
1819	23	49	50	52	55	87	91	92	95	98	
1820	78	81	82	86	87	89	90	95	
1821	79	81	85	89	
1822	86	
1823	12	15	
1824	5	82	90	103	
1825	7	13	79	81	84	87	99	
1826	83	87	88	90	95	98	
1827	87	
1839	32	
1840	42	
1841	3	24	
1842	9	
1843	4	8	10	11	14	
1844	7	11	12	14	15	16	21	52	55	57	59	82	84	86	88	91	93	99	
1845	16	17	21	34	50	52	53	55	60	88	91	96	
1846	11	18	42	44	45	49	50	59	
1847	14	19	24	30	40	43	44	49	62	67	68	
1848	15	19	21	29	43	45	48	
1849	9	11	15	17	19	21	23	64	72	
1850	11	13	14	15	20	21	23	24	57	70	
1851	22	24	52	53	55	57	92	
1852	49	50	52	54	56	88	90	91	92	94	96	
1853	81	83	85	86	87	88	89	90	91	95	
1854	79	81	83	84	86	89	93	
1855	83	90	103	
1859	85	
1860	79	82	84	88	91	94	
1861	82	88	
1863	98	
1870	68	
1877	5	10	23	
1878	7	9	11	13	14	80	84	87	88	99	
1879	13	16	22	55	80	82	84	85	87	89	90	91	94	
1880	16	55	88	90	91	97	
1881	25	
1882	13	24	98	
1883	92	
1884	25	53	91	93	96	
1885	52	55	88	89	90	91	94	95	
1886	81	82	83	85	86	87	89	90	91	93	96	100	
1887	79	81	82	84	85	87	89	97	
1888	78	91	93	
1889	85	
1891	92	
1895	99	
1910	16	
1912	4	4	10	13	83	83	
1913	6	11	13	80	82	83	85	89	96	98	
1914	7	11	81	82	86	87	89	90	94	
1915	82	85	86	90	92	93	96	
1916	83	86	87	89	90	92	94	96	
1917	85	86	87	89	90	93	94	96	100	
1918	78	83	85	86	87	88	89	90	95	98	
1919	81	82	83	84	85	86	89	91	95	99	
1920	79	80	81	82	84	87	88	93	94	
1921	79	82	85	92	
1922	84	
1925	93	
1941	18	
1943	8	
1945	98	
1947	84	89	
1948	16	78	79	81	83	87	94	
1949	80	81	83	85	88	
1950	79	80	82	84	87	90	
1951	79	80	80	83	84	86	92	
1952	79	80	82	84	85	91	94	99	
1953	78	80	82	84	86	90	94	
1954	84	
1959	25	
1963	89	
1981	83	
1982	85	
1983	86	102	
1984	80	99	
1985	81	90	
1986	86	88	
1992	53	
1998	92	
1999	29	
2008	101	
2012	48	
2015	4	
2017	85	
2021	39	
2028	103	
2035	28	
2044	104	
2047	3	
2060	62	
2081	10	
2087	6	
2090	102	
2092	104	
2093	62	
2102	27	
2110	96	
2114	49	
2134	43	
2157	100	
2161	94	
2170	4	
2194	88	
2237	14	
