16	69	
75	91	92	95	
76	88	91	92	94	98	
77	87	91	
84	81	
106	57	
107	46	49	51	53	
108	47	49	87	90	92	94	
109	10	82	84	86	87	88	89	90	91	94	96	98	
110	10	12	14	82	83	84	85	86	87	89	90	91	93	95	
111	12	15	16	17	18	19	82	85	89	
112	18	
139	56	
140	48	51	52	54	55	57	58	
141	46	47	49	50	51	53	60	
142	43	48	48	50	85	88	89	91	93	94	100	
143	6	8	9	82	83	85	86	88	88	90	94	
144	5	6	10	11	12	13	14	14	15	16	17	18	19	81	82	83	85	89	102	
145	12	13	15	16	17	17	18	19	20	21	24	26	
146	22	
173	53	56	57	
174	47	51	51	52	53	54	55	57	
175	43	45	46	47	48	49	50	51	54	
176	45	48	50	84	88	90	
177	7	9	10	11	14	15	80	83	85	87	
178	7	8	11	12	13	14	14	15	15	16	16	18	19	20	21	23	24	
179	2	16	17	18	20	21	21	22	23	
207	55	56	58	
208	48	50	51	52	53	53	54	54	55	57	61	
209	42	45	46	47	48	49	50	51	54	
210	45	46	87	91	94	98	
211	3	6	9	10	11	13	14	85	93	
212	4	6	8	11	12	13	14	14	15	16	16	17	18	19	20	23	
213	13	17	17	19	21	22	25	26	
217	14	15	
241	51	52	55	56	57	58	
242	48	50	50	51	52	53	53	54	54	55	56	57	62	
243	41	44	45	46	47	48	48	49	50	51	
244	43	46	49	90	
245	4	7	9	9	10	12	14	85	93	
246	7	11	12	13	14	14	15	16	16	18	18	19	20	23	28	
247	16	17	18	19	20	21	22	
248	18	
256	91	93	
257	91	92	94	96	
258	86	87	91	93	93	96	
259	16	87	91	93	95	
260	17	
275	57	58	
276	33	48	50	50	51	52	52	53	54	55	56	57	59	61	
277	40	42	44	45	46	46	47	48	48	49	49	50	52	53	59	
278	9	40	43	44	46	49	
279	5	8	9	10	12	13	14	
280	2	5	6	9	10	11	12	12	14	15	16	19	23	82	87	
281	16	16	17	18	19	20	22	92	
282	17	18	20	
288	46	51	
289	51	88	90	92	95	
290	86	87	89	90	91	92	95	97	99	
291	10	13	81	82	84	85	86	87	88	89	90	91	92	94	96	
292	9	81	82	83	84	85	86	87	88	88	89	90	91	94	95	97	101	
293	11	13	14	85	86	86	87	88	90	91	92	94	100	
294	17	86	87	90	91	92	94	97	
295	16	91	93	
296	16	
309	57	
310	50	51	52	53	54	54	55	56	57	59	
311	34	42	45	46	47	48	49	49	50	51	51	53	54	58	65	
312	31	38	41	43	43	44	45	45	46	47	48	48	49	
313	5	9	10	13	
314	7	9	10	11	12	14	15	18	83	84	98	
315	12	13	15	16	17	18	20	22	24	84	86	89	93	
316	16	17	19	21	
320	57	
321	48	50	52	54	56	
322	46	48	49	51	54	92	94	
323	51	82	84	86	89	90	92	94	99	
324	81	82	84	85	86	87	88	90	91	93	96	
325	9	13	37	42	48	81	82	83	84	85	86	89	
326	3	9	17	18	40	43	47	81	82	83	84	85	
327	5	6	8	10	12	13	15	81	82	83	84	85	88	94	98	
328	10	11	15	18	81	82	83	84	85	86	87	88	89	91	92	94	96	100	
329	7	13	14	16	85	87	88	88	89	91	92	94	102	
330	16	17	18	18	87	93	
344	52	54	55	56	57	
345	48	50	51	51	52	53	53	54	54	55	56	59	63	
346	39	42	43	44	45	46	46	47	48	48	49	49	50	
347	5	9	44	
348	5	6	9	10	12	14	15	
349	8	11	12	13	14	15	15	16	19	21	82	83	85	88	89	100	
350	16	17	18	19	20	23	87	93	
351	17	
354	52	55	56	57	
355	47	49	50	51	52	53	54	56	60	
356	46	47	48	49	50	51	53	54	58	87	91	95	
357	9	44	46	49	81	84	86	88	88	90	91	94	96	
358	10	14	80	81	84	85	87	88	90	
359	7	12	14	15	16	16	17	18	19	20	22	29	51	55	56	57	62	65	69	81	83	
360	17	20	21	22	23	24	31	35	38	42	43	43	44	45	46	47	48	49	49	50	59	
361	25	41	44	46	47	49	84	
362	5	8	10	12	14	81	83	83	84	88	
363	7	9	11	12	13	14	15	20	81	82	83	84	86	87	89	90	92	94	98	99	
364	13	15	16	17	18	19	21	82	83	85	87	89	92	95	98	
365	16	17	21	
378	53	55	56	58	
379	49	51	51	52	53	54	54	55	56	56	57	
380	35	42	44	45	46	47	48	48	49	50	51	52	54	59	
381	40	43	43	44	45	46	46	48	49	
382	3	9	11	14	
383	7	9	11	12	13	13	14	15	19	81	82	84	87	91	93	100	
384	7	12	13	16	18	20	23	25	83	84	86	87	90	92	96	
385	16	17	20	93	
387	58	
388	51	52	54	56	57	61	
389	38	46	47	48	49	49	50	51	53	53	54	
390	44	46	47	49	50	81	88	91	94	
391	9	48	80	84	86	90	
392	6	9	10	11	12	14	14	15	18	74	84	
393	12	13	14	15	16	17	17	18	19	20	21	23	25	56	58	
394	17	20	22	24	28	37	45	47	51	51	52	53	53	54	54	55	57	60	
395	41	42	44	45	45	46	47	48	48	49	49	50	
396	5	44	49	
397	8	9	10	11	13	13	14	82	83	92	
398	3	7	10	11	12	14	15	16	18	19	21	82	83	84	85	87	88	90	92	94	102	
399	15	16	17	19	20	86	88	90	
400	17	
413	52	53	54	55	56	57	58	
414	35	48	49	50	51	51	52	54	54	55	56	56	58	59	
415	37	39	41	43	43	44	45	46	47	48	49	49	50	52	53	76	
416	4	9	40	43	45	46	48	75	
417	5	6	9	10	11	14	15	82	99	
418	8	9	11	12	12	14	15	22	82	83	84	86	88	88	90	92	94	102	
419	13	16	17	20	85	87	88	89	91	93	96	
420	16	17	
421	58	
422	51	52	53	53	54	55	56	58	60	
423	45	47	48	49	49	50	50	51	52	53	54	61	
424	38	43	44	45	46	46	47	49	50	51	53	
425	8	81	84	
426	7	9	10	11	12	13	14	14	15	18	23	26	
427	3	7	12	13	15	15	16	17	18	20	21	24	55	58	
428	18	21	22	51	51	52	53	53	54	55	55	56	60	
429	40	42	45	46	46	47	47	49	50	51	51	52	54	59	
430	41	44	44	45	46	47	48	49	
431	5	9	10	13	
432	6	7	9	10	11	12	13	14	15	82	84	85	90	101	
433	1	7	12	15	16	17	19	20	21	84	86	88	92	98	
434	16	17	18	23	
439	74	74	75	
448	51	52	53	53	54	55	57	60	
449	42	47	48	49	50	50	51	52	52	54	54	55	56	57	58	60	65	
450	31	38	41	42	44	44	45	46	47	47	48	49	50	
451	8	39	43	45	46	75	
452	2	5	8	10	11	12	13	15	82	84	86	99	
453	6	10	11	12	13	14	15	16	18	20	82	83	84	85	87	90	92	94	102	
454	12	16	17	19	86	88	90	92	
455	17	93	
456	52	53	54	55	56	57	59	
457	36	42	48	48	50	50	51	52	53	54	54	55	56	58	59	60	
458	42	44	45	46	47	49	49	50	
459	9	44	
460	5	7	8	10	11	12	13	14	15	
461	2	12	14	15	16	17	17	19	20	23	58	
462	16	18	20	21	52	52	54	54	55	56	56	62	
463	41	46	47	48	49	50	50	51	52	53	54	55	58	
464	42	44	45	46	47	49	49	50	
465	5	49	
466	6	8	8	10	11	12	13	15	84	90	103	
467	2	6	11	12	13	14	15	15	16	17	19	22	23	82	83	85	87	91	96	
468	13	16	17	17	18	19	21	85	
469	18	
482	55	57	
483	50	51	52	53	53	54	55	56	57	60	
484	43	45	47	48	49	50	51	51	52	53	54	56	58	60	64	
485	32	36	40	42	44	44	45	46	47	48	48	49	50	
486	5	9	29	40	43	45	49	77	83	
487	10	11	13	13	14	81	81	83	84	85	86	89	93	99	
488	8	9	11	12	14	16	22	82	83	84	85	86	87	89	91	94	99	
489	13	16	17	86	87	88	91	92	95	
490	18	56	57	
491	47	50	51	52	52	53	54	55	57	59	
492	43	45	46	46	47	48	49	50	54	
493	9	45	
494	5	7	9	10	11	12	13	14	15	16	
495	7	11	13	14	15	16	17	18	18	20	21	24	84	
496	17	18	19	21	22	51	52	54	55	56	57	59	
497	38	46	47	49	50	51	52	52	53	54	55	56	59	
498	43	45	46	47	49	50	51	54	
499	5	8	43	49	
500	8	10	11	13	37	37	38	84	
501	7	10	11	11	12	14	14	15	16	17	18	19	20	82	83	85	88	102	
502	13	16	17	18	19	20	20	22	85	101	
503	23	
517	52	53	55	56	
518	34	48	50	52	52	54	54	55	56	57	58	61	
519	42	45	47	48	49	50	51	51	53	54	56	60	
520	30	37	39	42	43	43	44	45	45	46	47	48	48	49	66	
521	5	10	14	28	40	43	44	46	
522	5	8	8	10	12	13	14	81	82	84	85	93	100	
523	11	14	81	82	83	84	85	87	89	91	94	100	
524	12	17	52	55	83	85	87	88	88	90	91	93	93	95	99	
525	50	51	51	52	53	54	54	55	56	59	87	92	95	
526	47	48	48	49	50	53	92	
527	9	44	92	96	
528	5	6	8	9	10	11	13	14	15	
529	7	11	12	15	17	19	82	85	87	92	
530	16	17	18	19	21	23	52	53	55	56	58	
531	48	48	49	50	50	51	52	53	54	55	55	
532	44	45	46	48	49	50	51	
533	13	
534	4	7	9	10	11	13	15	16	
535	7	10	11	12	13	13	14	14	15	16	17	18	18	19	20	23	27	84	
536	12	16	17	17	18	19	20	21	22	84	
537	23	
552	53	54	55	
553	50	52	52	54	55	57	58	59	62	
554	36	45	48	49	50	51	52	53	53	54	56	56	60	75	
555	25	31	40	42	44	45	45	46	47	48	48	49	50	50	60	63	67	
556	5	32	39	41	42	44	46	46	48	49	
557	6	10	13	15	26	38	81	82	83	84	88	99	
558	3	8	15	82	84	85	87	89	90	95	99	
559	52	54	55	82	83	85	86	87	89	90	91	92	93	95	97	100	
560	48	50	51	53	59	86	87	89	90	91	93	94	96	102	
561	88	92	97	
562	7	9	10	11	14	94	
563	7	10	11	11	12	13	13	14	15	15	16	18	83	83	87	101	
564	16	17	18	20	22	51	52	52	55	57	87	91	
565	36	49	50	51	53	53	54	55	90	92	97	
566	50	87	90	91	92	94	96	
567	9	81	91	94	
568	7	8	9	10	11	12	13	14	15	16	18	18	19	67	68	
569	3	7	11	12	13	14	15	16	17	17	19	19	20	20	21	23	24	27	
570	17	18	20	22	23	24	
587	55	
588	52	53	54	55	56	57	59	
589	35	45	48	49	50	51	52	53	53	54	55	56	57	59	62	
590	40	42	44	45	46	47	48	49	49	50	51	56	58	61	
591	26	31	38	38	41	43	43	44	45	46	47	47	49	50	56	75	
592	6	26	40	43	44	46	47	81	83	84	
593	39	46	52	55	80	81	82	83	84	85	90	
594	42	47	49	80	82	83	83	85	86	88	90	95	102	
595	46	84	87	90	94	
596	4	9	12	13	
597	5	6	8	9	11	12	15	18	82	86	94	101	
598	23	55	85	86	87	89	91	93	94	96	103	
599	51	53	55	81	83	85	86	87	88	89	90	91	92	93	95	97	
600	39	83	84	86	87	89	90	91	95	
601	6	9	11	13	15	16	19	41	67	89	
602	5	6	7	10	11	12	13	14	15	15	16	16	17	18	19	19	20	25	27	29	
603	15	17	18	18	19	20	21	22	23	24	25	
604	22	
623	52	54	55	
624	50	52	52	53	54	55	57	58	61	64	
625	45	47	49	50	51	52	52	53	54	55	56	57	59	61	
626	32	34	41	43	45	45	46	47	48	49	50	52	54	56	57	60	
627	25	26	37	38	41	43	43	44	45	46	47	48	48	49	52	53	55	56	57	62	64	66	
628	20	26	31	40	42	43	43	44	45	46	46	47	48	49	50	51	82	84	
629	22	26	39	43	44	46	51	84	
630	5	10	
631	10	12	15	87	95	
632	82	83	84	86	87	89	90	98	
633	17	43	81	81	83	84	84	85	86	88	89	90	93	
634	7	8	10	13	15	16	17	18	19	20	21	26	40	45	64	80	82	84	85	88	
635	7	10	11	12	14	14	15	16	17	19	20	21	21	23	23	27	43	
636	13	15	19	20	20	21	22	23	24	25	26	
637	1	22	24	
658	55	
659	52	54	55	
660	53	54	55	57	61	64	
661	50	51	52	52	53	54	55	56	57	59	61	
662	23	25	34	42	44	45	46	47	48	48	49	50	51	52	53	53	54	56	58	61	63	
663	39	41	43	43	44	45	45	46	46	47	49	50	57	58	
664	39	44	47	48	
665	5	46	
666	8	12	13	82	84	85	89	96	
667	6	8	10	11	12	14	14	15	15	17	18	26	68	81	84	86	
668	11	12	13	14	15	15	16	16	17	18	19	20	21	22	24	
669	4	6	12	21	22	23	24	25	
670	22	24	
695	52	54	55	57	
696	48	49	50	51	52	52	53	53	54	55	56	57	58	60	
697	33	36	40	42	45	45	46	47	48	48	49	50	50	51	56	59	
698	39	42	43	44	45	46	47	48	49	
699	40	43	
700	9	10	14	
701	6	7	10	11	12	13	13	14	14	15	17	19	29	
702	3	12	13	15	16	16	17	18	18	19	20	21	22	23	25	
703	17	22	
730	53	53	54	55	56	57	58	
731	45	47	47	49	50	51	51	52	52	53	54	55	56	59	60	
732	31	37	39	42	42	44	45	45	46	47	47	48	48	49	49	50	51	53	54	56	58	78	
733	28	39	41	42	43	44	46	47	48	50	78	
734	3	8	10	39	
735	3	6	7	9	10	11	12	13	13	14	15	15	16	19	68	
736	12	15	16	16	17	18	18	19	20	21	23	24	28	
737	18	21	22	
750	68	
764	55	
765	34	51	52	53	54	55	55	56	58	60	
766	42	48	49	50	51	52	52	53	54	55	56	60	
767	25	32	40	42	44	45	45	46	47	48	49	50	54	59	64	77	
768	4	10	25	26	31	39	41	42	43	44	45	46	47	48	49	66	
769	3	6	7	9	10	11	12	13	14	15	15	16	19	20	23	23	26	
770	15	17	19	20	21	22	24	26	
771	23	
799	53	
800	52	54	55	60	
801	35	52	54	61	
802	24	
803	4	23	25	44	
804	25	
837	4	
1164	10	
1172	73	
1185	57	
1195	36	
1196	37	
1199	84	
1201	65	
1228	39	
1229	27	
1230	16	19	37	41	48	60	
1231	19	20	41	43	44	46	48	53	58	
1232	22	38	43	47	50	
1233	50	
1235	7	
1240	72	
1241	12	
1247	5	103	
1257	83	
1260	34	
1262	14	
1263	10	15	
1264	13	14	16	17	18	20	26	55	57	62	
1265	17	19	20	22	23	25	41	45	46	47	49	51	52	53	55	60	69	
1266	22	25	28	42	44	45	46	47	48	50	52	55	60	
1267	44	50	56	60	
1270	56	
1275	53	
1276	14	
1287	54	
1289	82	
1296	9	
1297	9	10	12	14	15	16	
1298	6	10	12	13	14	15	16	16	17	18	18	19	20	21	23	28	52	56	
1299	18	19	20	22	23	24	25	47	50	51	53	53	54	55	57	
1300	22	43	45	46	48	49	50	52	54	
1301	45	48	96	
1307	66	
1314	10	
1321	51	
1328	68	
1330	10	
1331	5	8	9	10	11	13	14	14	17	20	25	
1332	7	12	13	14	15	16	16	17	19	20	21	23	52	54	55	56	57	59	
1333	18	21	22	25	41	43	46	47	49	50	50	51	52	53	54	55	57	
1334	44	47	48	50	94	
1335	44	81	91	
1338	19	29	
1339	18	
1343	36	
1347	49	74	
1349	55	
1362	35	
1364	8	13	13	
1365	5	6	9	10	11	14	15	16	21	
1366	8	12	13	15	16	16	17	17	19	19	21	22	25	26	37	52	52	53	54	55	55	56	57	59	
1367	18	20	21	22	38	42	45	46	47	47	49	50	50	51	52	54	56	
1368	44	45	46	48	48	50	55	93	
1369	81	89	
1370	86	
1371	54	
1377	37	
1378	48	
1380	48	71	
1381	40	53	
1385	7	
1396	25	
1397	13	
1398	9	
1399	6	9	10	11	12	13	13	14	16	19	
1400	12	13	14	15	16	17	18	18	19	20	21	24	52	52	54	55	55	56	57	58	61	
1401	17	22	42	46	47	47	48	49	50	50	51	53	54	59	
1402	42	43	44	46	47	48	49	
1403	39	52	
1405	80	
1410	18	40	
1411	18	38	41	46	75	
1412	16	18	21	34	37	42	47	56	66	
1413	17	19	21	38	42	44	47	50	54	56	58	58	
1414	21	22	42	44	46	47	48	51	53	
1415	21	27	37	40	44	46	49	
1416	29	54	
1417	48	
1423	60	
1429	38	
1432	9	14	16	
1433	5	6	9	10	12	13	13	14	15	16	24	
1434	11	12	15	16	17	19	20	21	51	52	53	54	55	56	58	60	88	
1435	17	20	21	23	35	37	43	46	47	48	49	49	50	51	52	54	55	57	
1436	42	44	45	46	48	49	50	53	56	
1437	44	46	
1438	49	
1440	20	
1443	18	23	
1444	6	10	15	19	
1445	11	14	16	17	18	20	22	25	40	68	
1446	12	14	17	18	19	21	22	24	44	48	53	57	63	
1447	19	20	22	24	26	43	45	47	50	52	54	56	57	59	69	
1448	21	22	24	31	34	34	38	42	44	47	48	49	50	51	53	54	56	58	60	64	
1449	22	37	41	43	43	44	46	47	49	50	53	57	
1450	41	45	47	49	
1451	41	45	46	48	48	
1452	47	69	
1453	54	
1464	22	
1466	9	
1467	4	9	11	12	13	14	
1468	7	11	12	12	14	14	16	21	25	53	55	56	57	83	85	91	101	
1469	13	16	17	17	19	20	22	38	43	48	49	50	51	52	54	54	55	56	59	87	91	
1470	43	44	45	46	47	49	50	51	53	59	
1471	42	44	48	48	50	
1474	48	
1477	11	
1478	7	9	11	12	13	15	15	16	18	20	
1479	10	12	15	16	16	17	18	19	20	22	24	70	
1480	15	17	20	21	22	24	25	27	
1481	21	22	52	54	55	
1482	52	53	55	56	58	59	62	64	92	
1483	16	25	30	43	45	45	49	50	51	53	53	55	56	57	63	
1484	25	39	42	44	45	46	47	47	49	50	51	54	56	
1485	27	38	42	44	46	49	55	59	
1486	48	50	55	
1487	47	65	
1497	38	
1501	5	8	10	14	24	
1502	5	6	10	11	11	13	13	14	15	18	46	57	82	83	85	88	98	
1503	12	13	15	16	17	19	20	25	51	52	52	54	55	56	58	58	82	84	85	88	89	93	95	100	
1504	17	17	21	36	40	43	45	46	47	48	49	50	53	55	56	
1505	32	41	44	45	46	47	49	50	77	
1506	43	48	49	
1509	16	
1511	9	12	15	16	19	
1512	7	9	10	11	13	14	15	16	19	21	24	27	
1513	2	12	13	15	16	17	18	18	19	20	21	22	23	25	57	
1514	21	22	25	47	49	51	
1515	91	92	95	
1516	6	9	11	13	83	86	87	89	90	92	93	95	99	
1517	52	54	55	57	58	61	86	88	90	91	93	94	96	
1518	16	17	18	21	38	43	47	48	51	52	53	54	56	58	60	
1519	41	43	44	44	45	46	47	49	49	51	53	55	57	
1520	41	44	46	48	49	51	
1521	46	48	58	66	
1522	66	
1527	59	
1531	100	
1535	8	
1536	4	6	9	10	11	12	13	14	15	16	84	88	
1537	6	8	12	12	15	17	18	21	52	53	54	55	55	56	57	82	83	83	86	86	91	96	101	
1538	16	17	19	21	37	47	48	49	50	51	53	54	55	56	57	60	92	
1539	18	41	43	44	45	46	47	47	49	50	52	56	59	77	
1540	38	44	45	46	48	50	61	
1541	39	43	48	61	
1544	26	79	
1545	6	9	11	12	14	17	
1546	4	8	10	11	12	14	14	15	16	18	19	22	23	56	
1547	13	16	17	18	19	20	21	22	24	25	52	55	56	58	59	
1548	23	42	43	45	46	47	49	51	52	53	
1549	48	81	86	90	91	96	
1550	8	11	14	81	83	84	85	87	88	91	96	
1551	7	9	11	11	12	13	14	15	16	58	83	84	86	87	89	91	95	
1552	16	16	17	18	20	52	53	54	55	56	58	60	85	87	88	93	94	
1553	17	17	22	40	43	45	47	48	49	50	50	51	52	53	54	55	56	59	67	
1554	40	42	44	45	46	46	47	48	49	50	63	
1555	46	49	
1556	54	
1560	10	
1561	72	72	72	73	
1569	14	
1570	7	10	13	
1571	3	6	8	9	10	12	13	14	15	16	55	81	83	84	88	88	95	102	
1572	12	15	16	17	19	53	54	55	56	57	59	83	84	85	87	89	91	94	103	
1573	16	17	22	37	47	48	49	50	51	52	54	55	56	58	61	64	
1574	36	40	42	43	44	46	47	49	49	50	
1575	42	44	45	46	49	52	
1576	40	46	48	53	
1578	10	
1579	7	9	10	11	14	15	17	
1580	5	7	12	13	14	15	15	16	17	19	21	23	46	56	57	
1581	16	17	18	20	21	25	48	50	51	52	53	54	55	56	57	60	
1582	22	42	45	46	47	48	49	50	52	54	
1583	44	47	49	80	83	89	
1584	9	82	85	90	
1585	4	7	8	9	10	11	13	13	14	83	84	86	90	
1586	11	12	15	16	18	18	20	52	53	56	57	58	82	84	85	88	92	101	
1587	17	18	20	22	37	47	48	50	51	52	52	54	55	56	57	60	
1588	33	42	44	45	46	46	47	49	51	53	55	58	59	
1589	40	44	47	49	
1604	14	52	
1605	3	8	9	10	14	86	98	
1606	6	10	11	12	14	14	17	19	52	81	82	83	84	85	87	88	90	93	97	99	
1607	16	19	51	52	53	53	54	55	56	57	58	60	86	88	90	91	93	94	
1608	16	16	17	31	36	43	45	47	48	49	50	51	52	54	56	59	
1609	36	41	44	45	46	47	48	49	51	53	56	58	77	
1610	42	43	46	48	72	
1613	6	9	12	14	17	18	24	
1614	5	6	8	10	11	12	13	13	14	15	16	19	21	56	58	82	
1615	17	18	20	21	22	23	27	37	51	52	52	55	56	57	60	82	86	
1616	42	44	45	46	46	48	49	50	51	52	54	57	
1617	44	46	54	91	95	
1619	5	7	9	10	12	14	15	24	
1620	7	10	12	13	14	14	15	16	17	18	18	19	21	83	102	
1621	17	18	19	21	23	52	53	54	55	56	57	58	60	83	86	
1622	42	44	45	46	47	48	48	49	50	51	52	54	55	57	60	
1623	43	43	44	45	46	47	48	49	51	74	
1624	49	
1625	50	
1628	15	
1629	82	82	83	
1634	25	
1637	19	
1639	9	84	
1640	8	10	12	14	83	84	91	93	
1641	10	11	12	14	16	53	55	81	82	84	85	86	88	89	91	97	98	102	
1642	17	19	21	51	52	54	56	59	61	87	88	89	91	92	95	
1643	16	17	36	42	45	45	48	49	50	51	52	53	54	57	58	
1644	40	43	43	44	45	46	47	49	50	53	66	
1645	26	33	40	45	46	47	48	50	77	
1646	43	
1647	9	11	14	23	
1648	7	10	11	12	13	14	15	17	19	24	56	57	
1649	13	16	17	18	19	20	22	23	51	51	52	53	54	55	57	60	84	
1650	41	43	44	46	46	47	48	49	49	50	51	52	54	
1651	39	44	46	48	50	
1652	10	46	
1653	4	6	8	10	11	14	16	
1654	6	10	11	12	13	13	14	15	16	18	19	21	23	24	27	84	
1655	16	17	18	19	20	22	23	52	53	54	55	55	56	57	62	
1656	46	47	48	50	50	51	52	53	54	55	57	59	62	
1657	43	45	46	48	49	51	55	60	
1658	48	
1662	90	
1663	83	
1672	24	
1674	5	9	89	
1675	5	6	9	11	12	13	82	84	85	90	96	
1676	6	7	11	12	13	14	15	17	18	55	82	83	83	84	85	87	89	91	92	94	99	
1677	16	19	50	52	53	53	54	55	58	59	86	87	88	90	92	93	96	
1678	17	36	47	50	51	53	54	56	60	
1679	26	33	37	40	43	43	45	46	46	47	48	49	51	61	65	
1680	23	31	37	40	44	45	46	48	
1681	8	9	13	15	23	43	67	70	
1682	5	7	9	10	11	12	13	14	15	16	19	25	
1683	12	13	17	18	18	19	20	21	22	25	26	51	52	53	53	54	55	55	56	56	57	58	61	
1684	21	22	41	43	45	47	47	49	49	50	51	51	52	53	55	59	
1685	42	44	44	45	46	48	48	49	50	55	
1687	6	8	10	11	14	20	68	
1688	4	6	9	11	12	13	14	14	15	16	18	18	19	20	23	27	29	57	83	
1689	13	16	17	19	20	21	22	23	56	57	
1690	22	47	49	50	50	51	53	53	54	55	60	
1691	44	46	48	49	51	91	92	97	
1692	49	
1694	69	
1698	2	
1706	94	
1708	10	89	
1709	9	83	89	
1710	9	11	13	13	81	83	84	86	89	97	99	
1711	7	10	11	13	14	21	81	82	83	83	84	85	86	89	91	94	99	
1712	17	19	52	54	55	57	83	87	88	89	90	92	94	95	
1713	16	51	52	53	55	61	64	92	
1714	17	25	43	44	45	48	48	50	60	
1715	22	25	42	44	47	
1716	5	7	9	10	12	13	14	19	21	23	
1717	17	19	20	21	24	51	52	53	55	56	57	61	
1718	22	47	48	49	50	51	52	53	54	55	56	58	60	
1719	33	40	42	43	44	45	46	48	49	50	51	
1720	40	45	
1721	7	8	10	11	13	15	18	28	40	66	
1722	6	10	11	12	15	16	16	17	19	20	21	23	24	26	56	57	
1723	18	21	22	23	51	52	53	55	
1724	48	49	50	51	52	54	55	92	96	
1725	48	50	80	86	88	90	91	94	96	
1726	89	94	
1729	18	
1730	9	
1739	39	101	
1743	10	
1744	89	
1745	4	8	10	13	81	83	84	88	98	
1746	7	9	11	13	15	81	82	82	83	84	85	87	89	91	94	99	
1747	8	12	15	55	82	83	85	86	88	89	90	92	93	95	102	
1748	17	90	92	96	
1749	16	18	25	64	92	
1750	4	15	21	23	25	
1751	21	23	25	52	57	
1752	35	47	50	51	52	53	53	54	55	59	62	
1753	40	42	43	44	45	45	46	48	48	49	59	
1754	26	28	41	43	45	64	70	
1755	8	8	10	12	14	15	20	22	24	
1756	2	12	20	21	22	24	51	52	56	61	
1757	23	50	51	51	53	53	54	55	60	98	
1758	48	50	55	58	86	87	88	90	91	92	93	94	96	
1759	81	83	83	85	86	89	91	93	96	
1760	82	87	90	94	
1777	73	
1778	84	
1779	89	
1780	2	4	6	10	14	81	83	84	93	
1781	10	13	15	21	81	82	83	86	92	99	
1782	8	9	11	14	15	81	82	84	85	87	89	91	94	100	
1783	12	14	18	82	86	87	88	90	91	93	94	95	
1784	14	86	87	91	92	93	95	96	
1785	16	88	92	93	94	
1786	16	17	52	53	54	55	
1787	55	
1788	45	64	
1789	25	47	52	57	
1790	51	52	53	55	91	93	95	97	
1791	51	54	56	87	88	90	91	92	93	94	96	
1792	54	82	84	85	86	87	89	90	92	94	96	
1793	80	85	88	88	
1795	18	
1796	3	
1797	91	
1807	60	
1810	84	
1813	12	24	
1815	83	83	102	
1816	5	13	83	83	85	89	93	96	97	97	100	
1817	11	18	81	82	83	83	84	85	87	90	
1818	6	8	10	11	13	81	82	83	84	85	85	86	87	88	89	92	97	101	
1819	7	9	11	12	13	14	16	81	82	83	84	85	86	87	88	89	90	91	94	96	99	
1820	12	16	18	18	87	89	91	92	94	
1821	17	56	
1822	47	50	51	52	53	54	
1823	45	46	47	48	49	51	53	
1824	11	50	55	81	82	85	86	89	90	92	95	
1825	53	80	81	82	83	83	84	84	85	86	88	88	90	94	98	99	
1826	80	82	84	85	87	89	92	
1827	83	
1828	76	
1842	98	
1845	103	
1847	4	
1849	27	
1850	15	86	98	
1851	98	
1852	9	81	84	85	89	
1853	4	6	9	10	11	13	14	15	16	81	83	83	85	92	95	
1854	6	8	11	12	13	14	15	15	17	19	82	83	84	85	87	89	91	98	100	
1855	16	17	18	18	21	52	53	55	56	57	57	88	92	
1856	35	47	48	49	50	51	51	53	54	55	56	58	61	
1857	38	44	45	46	47	49	49	51	56	
1858	44	48	80	83	88	
1859	48	81	84	
1860	85	91	
1878	48	48	
1882	23	
1883	95	
1885	83	88	103	
1886	8	83	
1887	4	9	11	14	84	
1888	7	9	10	11	13	13	14	15	82	83	86	89	94	
1889	12	16	18	19	52	55	56	57	82	83	84	86	87	89	91	92	94	97	99	
1890	16	17	50	51	51	52	53	54	55	56	58	87	88	
1891	44	45	47	48	49	50	51	53	97	
1892	44	49	78	90	95	
1899	54	
1900	78	
1908	101	
1917	8	
1918	57	
1921	14	96	
1922	4	8	8	8	11	15	81	83	86	89	94	
1923	6	9	10	12	13	13	15	81	82	82	84	84	85	87	88	90	94	101	
1924	12	52	54	55	82	83	86	87	89	90	91	93	95	97	102	
1925	45	50	52	53	55	58	86	87	88	89	90	90	91	93	93	94	96	
1926	88	90	92	94	
1927	94	
1929	93	
1955	14	
1957	12	81	83	83	86	93	99	
1958	81	82	82	84	85	86	88	90	92	93	
1959	81	81	81	82	83	84	85	86	87	88	89	90	101	
1960	82	87	91	
1977	4	
1992	83	85	
1993	81	82	84	89	93	
1994	84	
1995	90	
1996	89	
2008	50	95	
2018	13	
2026	98	
2027	40	
2035	11	
2037	97	
2039	92	
2044	61	
2046	5	
2050	94	
2054	2	
2061	100	
2062	65	
2066	17	
2083	10	
2087	14	
2100	28	
2109	6	
2115	87	
2128	100	
2134	18	
2156	38	
2164	26	
2171	93	
2173	97	
2178	6	
2182	7	
2184	10	
2256	7	
