112	42	
113	44	
118	85	
145	93	
178	91	93	97	
179	87	88	89	90	92	97	
180	86	87	90	92	97	
181	91	
210	56	91	
211	83	88	90	91	93	95	
212	82	85	86	87	89	90	91	95	
213	10	14	80	81	83	83	84	85	87	89	90	94	
214	7	10	12	14	15	80	81	82	84	85	86	89	90	95	
215	16	17	83	85	90	
216	16	18	
218	13	
243	47	50	92	
244	52	82	83	84	85	87	89	90	91	93	98	
245	80	81	82	83	84	85	86	87	88	89	90	91	94	97	
246	16	38	79	80	81	83	83	84	86	88	90	94	
247	8	11	14	16	18	40	67	79	80	81	84	98	
248	6	9	11	12	13	14	16	17	18	19	27	79	80	84	
249	7	12	13	15	16	17	18	19	21	26	80	98	
250	17	22	
259	93	
260	93	
261	92	
262	93	
275	53	57	
276	47	51	51	55	56	58	
277	46	47	48	50	52	85	88	90	
278	79	80	81	84	86	87	88	90	94	
279	16	67	79	80	81	82	84	85	
280	9	12	13	16	17	18	19	39	44	67	79	80	
281	11	13	15	16	17	18	18	19	20	21	26	30	44	
282	1	11	13	15	19	20	21	22	23	44	
283	12	17	20	21	24	
284	22	
292	88	89	91	93	97	
293	83	85	86	87	89	90	92	93	96	
294	81	82	85	86	88	89	90	91	93	95	98	
295	82	85	86	88	88	89	90	92	95	
296	82	86	88	91	93	
297	18	
308	57	
309	52	53	55	56	57	
310	47	48	49	50	51	51	52	54	55	60	
311	47	49	50	82	84	86	88	89	90	92	93	99	
312	10	78	79	81	83	83	85	87	89	
313	8	8	10	11	12	14	15	16	19	69	79	80	
314	11	13	14	15	16	16	17	18	18	19	20	20	22	25	27	
315	4	18	21	22	23	24	
316	4	21	23	24	
317	25	
324	59	
325	85	87	90	91	94	
326	81	82	84	85	87	88	89	90	92	95	
327	81	82	83	84	85	86	88	88	89	90	91	95	
328	79	81	81	83	83	84	85	86	88	88	90	95	
329	8	9	12	15	80	81	82	83	83	84	85	86	88	89	89	91	94	
330	11	12	13	15	16	17	18	80	81	82	83	83	84	86	90	98	
331	16	17	18	81	
342	56	57	
343	36	48	50	51	52	53	54	56	59	
344	46	47	48	49	49	50	52	53	54	58	96	
345	45	46	77	80	83	83	86	90	95	100	
346	8	10	11	13	81	85	99	
347	5	6	10	11	12	13	14	15	16	17	19	23	
348	4	16	17	17	18	19	19	20	21	22	24	
349	18	23	
356	56	
357	56	91	93	
358	51	53	87	90	92	95	
359	47	49	52	55	61	82	83	84	86	87	88	89	90	92	93	
360	80	82	83	84	85	86	88	90	95	98	
361	79	80	81	83	84	86	89	95	
362	9	78	79	80	82	85	93	
363	4	9	11	12	13	15	78	79	81	84	
364	6	8	10	11	12	14	14	15	16	17	18	18	19	79	80	81	85	98	
365	13	15	16	16	17	18	19	20	22	
366	22	
376	56	57	58	
377	36	47	48	50	51	51	52	53	54	55	55	57	60	
378	36	42	44	45	46	46	47	49	49	50	
379	9	44	80	89	
380	4	6	9	10	11	14	15	100	
381	8	11	12	13	14	15	15	17	18	20	23	
382	2	16	17	17	19	20	22	24	93	
383	17	
389	88	92	
390	82	85	87	90	92	93	97	
391	53	54	56	60	82	83	85	86	87	88	89	90	92	96	99	
392	37	47	54	58	81	82	84	85	86	88	88	89	91	94	96	
393	37	46	47	49	53	79	81	82	84	86	89	
394	44	46	50	58	79	81	84	
395	82	
396	10	13	82	
397	4	7	9	11	11	13	14	15	19	25	
398	8	10	11	12	14	15	15	16	17	17	18	19	20	21	22	24	68	
399	20	21	22	23	
400	23	
410	56	
411	50	51	52	52	53	54	54	55	56	57	58	
412	31	41	43	44	45	46	47	48	48	49	50	50	51	53	54	57	58	62	
413	29	40	42	44	45	46	46	47	48	49	
414	4	6	9	10	11	13	14	
415	5	7	8	10	11	12	14	15	15	16	19	81	85	
416	12	13	15	17	19	21	81	82	85	87	90	91	97	
417	16	83	85	87	88	90	91	97	
418	87	92	93	
419	87	90	92	
420	88	93	96	
421	87	91	95	
422	52	87	90	91	92	96	
423	83	86	87	89	91	92	95	
424	37	80	82	83	84	85	86	89	90	91	94	97	
425	67	80	81	82	83	84	85	86	88	90	
426	16	17	39	42	48	54	56	57	63	66	78	80	81	83	84	
427	17	18	20	26	29	39	43	44	46	47	49	52	54	56	60	78	79	
428	21	33	43	44	45	46	46	47	48	49	50	
429	45	48	50	
430	5	8	10	
431	7	10	10	11	12	13	13	14	14	15	16	19	
432	12	12	15	15	16	16	17	18	18	19	19	20	21	23	24	26	
433	17	21	22	
445	53	54	55	56	57	
446	35	50	51	51	52	53	54	54	55	56	57	58	59	
447	31	37	42	44	45	47	47	48	48	49	50	50	51	56	59	64	76	
448	8	32	42	44	45	46	46	47	49	49	
449	5	6	9	11	14	98	
450	6	10	12	14	15	79	80	81	81	83	83	84	86	88	93	
451	11	14	17	81	82	82	84	85	86	88	89	91	93	97	
452	81	82	83	84	86	87	88	89	91	95	
453	81	82	85	86	88	89	90	91	92	93	97	
454	81	82	85	87	88	89	90	91	96	
455	80	81	82	84	85	86	87	88	89	90	93	93	96	
456	80	81	82	83	83	84	85	86	87	88	89	90	94	98	
457	37	80	81	82	84	85	87	88	90	93	97	
458	8	16	18	41	66	79	80	81	84	85	88	
459	9	11	14	16	17	19	20	26	41	44	46	66	78	79	
460	13	15	18	19	20	20	21	26	54	57	79	
461	20	21	23	47	48	49	50	51	52	53	53	54	55	56	58	61	
462	22	43	46	47	49	50	51	58	
463	13	45	47	49	
464	4	9	10	13	19	
465	5	6	8	10	11	11	12	13	14	15	15	16	17	18	24	68	
466	15	16	17	18	19	20	20	21	22	23	26	
467	22	
480	52	54	55	56	58	
481	33	51	52	53	53	54	55	55	56	57	60	65	
482	41	43	45	46	47	47	48	49	50	51	54	56	59	65	
483	24	33	36	40	42	44	45	46	47	47	48	49	50	
484	13	26	37	41	43	46	47	48	80	
485	9	46	79	80	82	83	84	
486	10	79	80	81	82	84	85	89	93	98	
487	46	79	80	80	81	82	83	84	85	87	89	
488	36	46	80	81	81	82	83	84	89	95	
489	37	41	46	79	80	81	83	83	84	
490	17	18	27	37	41	46	66	79	80	81	84	
491	7	10	12	14	16	17	18	19	27	29	45	64	79	80	83	
492	8	11	12	13	15	16	17	18	19	20	21	25	43	
493	18	21	22	23	24	57	
494	22	23	24	52	53	54	55	56	57	60	
495	23	47	47	49	50	51	51	52	54	55	56	60	
496	44	45	47	47	48	49	50	51	54	
497	44	46	49	
498	4	9	10	11	13	14	15	19	
499	4	6	8	10	11	12	14	15	15	16	16	17	18	19	20	24	
500	15	16	17	18	19	20	21	22	23	
501	18	23	
515	53	54	55	61	
516	35	51	52	53	54	54	55	57	58	60	
517	38	45	47	49	50	51	51	52	54	55	56	58	59	61	64	
518	5	26	31	42	43	44	45	46	47	48	48	49	50	52	56	63	72	
519	23	23	29	36	39	42	43	45	47	48	49	52	57	66	
520	18	19	21	34	38	40	43	43	44	46	48	49	56	65	68	79	
521	19	20	22	27	38	42	44	46	47	49	56	57	58	59	67	78	79	
522	10	17	19	20	21	22	29	38	42	43	45	46	48	56	58	59	62	67	79	81	
523	12	13	15	17	18	19	20	21	44	47	48	63	65	67	80	
524	8	11	14	15	17	19	20	21	22	26	43	
525	12	14	18	19	20	21	22	23	23	24	44	64	
526	21	22	24	25	
527	21	23	24	
528	52	54	55	56	57	58	
529	46	47	48	49	50	51	52	52	53	54	55	56	60	
530	44	45	46	48	48	49	50	50	52	54	
531	10	43	46	78	94	
532	5	7	9	10	11	12	13	14	16	
533	8	11	12	12	14	15	16	16	17	18	18	19	20	21	
534	2	17	19	20	22	23	23	35	
535	31	31	
550	53	55	
551	52	54	55	58	
552	35	52	54	55	63	64	
553	25	45	50	54	55	59	
554	23	24	25	45	53	55	57	62	64	
555	23	23	24	27	44	51	54	
556	21	22	24	25	45	53	60	63	
557	21	23	24	25	45	
558	21	23	24	
559	22	25	
562	52	53	54	55	56	57	58	61	
563	36	43	46	47	47	50	50	51	52	54	55	56	59	
564	44	45	46	48	49	51	54	
565	9	30	
566	5	7	9	10	11	12	13	14	15	16	
567	5	7	12	13	14	15	16	16	17	18	19	19	20	21	24	
568	18	20	21	22	
569	23	
585	37	
596	52	53	54	54	55	56	57	59	
597	43	45	46	47	48	49	49	50	51	52	53	53	54	55	56	59	
598	44	45	46	48	49	49	51	
599	44	
600	4	6	7	9	10	11	13	14	14	19	
601	8	11	12	13	14	15	16	16	17	18	19	20	21	24	70	
602	17	18	19	21	22	
619	34	35	
630	51	52	53	54	55	55	56	58	59	
631	33	47	49	50	51	52	53	53	54	55	56	60	
632	41	43	43	45	45	46	47	48	48	49	49	50	51	
633	8	44	
634	3	6	8	9	10	11	12	14	14	15	19	26	
635	6	12	13	13	14	15	16	17	18	19	19	20	21	22	28	
636	18	20	21	23	
664	52	54	55	56	57	59	
665	34	48	50	51	51	52	53	53	54	54	55	56	59	
666	41	44	45	46	47	47	48	49	49	50	50	51	
667	8	29	38	43	44	45	46	48	
668	4	6	8	9	10	11	11	12	13	13	14	15	
669	11	12	13	15	15	16	17	17	19	20	21	
670	17	18	20	21	23	
698	58	
699	34	51	52	53	53	54	55	55	56	57	59	
700	37	42	46	47	47	48	48	49	50	51	53	58	
701	31	42	44	45	45	46	46	47	48	49	
702	4	7	8	9	10	11	14	14	26	
703	7	11	12	13	15	16	16	19	19	21	
704	17	18	20	22	
733	53	54	55	55	57	60	
734	48	50	51	52	54	54	55	58	60	
735	32	39	43	45	46	48	49	
736	5	9	10	11	13	14	26	44	
737	12	14	15	17	19	20	23	23	25	26	
738	21	22	
768	54	55	60	
769	45	54	
770	5	
771	2	24	
1157	15	
1164	71	
1180	47	
1192	24	
1203	65	
1210	60	
1235	47	
1236	49	
1238	88	
1239	71	
1247	5	
1260	24	
1272	76	
1274	88	
1281	10	
1285	49	
1286	69	
1289	4	
1299	71	
1300	36	
1303	65	
1308	80	
1311	8	
1317	12	
1318	18	
1319	80	
1320	51	
1327	10	
1332	17	37	
1334	17	21	27	37	43	57	67	
1335	18	21	46	49	65	
1336	39	43	46	49	
1337	61	
1338	51	
1349	8	
1350	5	
1351	14	
1361	36	
1364	22	
1365	41	
1366	17	18	26	37	42	46	66	
1367	10	14	16	19	22	26	
1368	15	16	17	19	21	43	45	46	53	57	63	
1369	17	18	19	20	22	24	28	41	45	47	48	49	51	52	55	57	59	
1370	21	22	24	28	41	43	45	46	47	49	50	
1371	45	49	
1372	53	
1373	14	
1379	28	
1380	14	
1398	16	
1399	12	14	20	20	34	
1400	11	15	17	18	19	21	41	68	
1401	9	10	13	14	17	18	19	21	23	24	45	46	
1402	13	14	21	22	24	55	57	
1403	21	22	23	24	51	52	53	54	55	57	60	87	90	92	
1404	50	53	53	55	86	87	91	95	
1405	50	93	
1407	45	
1409	27	
1412	65	
1414	27	37	46	58	
1415	57	
1416	46	
1417	43	46	50	57	66	
1419	69	
1421	69	
1422	73	
1429	3	
1432	10	13	40	
1433	7	10	12	13	14	15	16	17	24	34	
1434	12	15	16	17	18	19	20	21	22	24	27	68	
1435	20	21	23	24	47	50	52	
1436	23	25	51	87	88	90	91	94	97	
1437	54	82	83	85	86	88	88	89	90	95	
1438	54	80	81	83	84	86	88	88	91	93	98	
1439	82	86	90	
1447	17	24	
1448	17	29	40	47	74	
1449	16	18	19	45	46	48	52	58	
1450	18	19	21	31	40	43	46	47	50	63	66	69	
1451	20	31	40	43	46	47	49	
1452	23	42	45	46	49	51	53	
1453	49	
1457	11	
1458	78	
1465	13	13	
1466	8	10	13	15	18	
1467	6	10	11	12	13	14	15	16	17	18	19	20	57	69	
1468	15	17	18	19	20	21	23	24	47	48	51	52	55	60	
1469	23	49	51	53	60	88	89	91	96	
1470	49	79	81	82	84	85	87	89	92	94	
1471	52	79	80	82	84	88	93	
1472	36	78	79	81	86	
1473	80	85	
1474	87	
1475	62	
1479	16	
1480	17	40	
1481	11	14	16	17	19	27	39	
1482	15	16	17	19	20	22	25	28	39	56	63	
1483	17	18	19	21	22	24	26	30	39	44	47	50	53	55	56	57	59	
1484	20	21	22	25	33	33	41	44	46	48	50	51	53	54	55	56	57	60	
1485	20	22	24	24	40	44	46	47	47	49	50	51	55	56	57	59	
1486	22	43	45	46	47	48	50	
1487	44	50	
1488	2	
1497	31	
1499	11	13	
1500	7	9	10	11	13	14	15	21	
1501	7	12	15	15	16	16	17	18	18	19	20	21	23	24	52	56	57	59	
1502	17	21	22	24	46	47	49	50	51	53	53	54	56	
1503	44	45	46	48	50	86	
1504	78	80	83	
1505	79	98	
1507	83	
1508	50	85	
1511	66	
1512	16	37	
1513	12	16	22	
1514	11	14	16	18	19	39	68	69	
1515	8	9	11	13	14	16	16	17	18	18	19	20	21	22	
1516	11	13	14	15	16	17	18	19	20	21	23	24	26	
1517	21	22	23	23	
1518	22	25	52	54	55	56	57	58	60	
1519	24	45	46	47	48	49	50	51	52	53	54	57	60	
1520	45	47	48	49	50	51	53	60	92	
1521	49	
1522	51	
1533	9	13	
1534	5	7	8	10	11	12	13	14	15	16	50	57	
1535	9	12	12	13	15	16	17	18	19	20	22	24	51	52	53	54	55	56	57	58	92	
1536	17	18	21	22	42	45	47	47	48	49	50	51	51	53	56	60	
1537	36	43	44	46	47	49	50	54	78	
1543	16	
1544	18	37	43	
1545	14	35	38	
1546	16	17	18	20	42	44	68	
1547	9	12	13	17	18	19	20	22	23	48	67	
1548	9	11	14	15	17	18	19	20	21	24	44	
1549	11	12	14	15	19	20	21	23	24	93	
1550	20	22	23	23	92	
1551	25	57	
1552	52	54	55	56	58	
1553	46	47	48	48	49	50	51	52	53	54	55	58	
1554	45	49	54	83	84	86	88	90	93	95	
1555	40	48	55	
1558	31	
1567	9	12	16	18	
1568	5	7	9	10	11	13	13	14	15	18	26	
1569	7	12	14	15	19	24	52	54	55	56	57	58	61	82	85	87	90	93	94	
1570	16	17	18	22	35	50	50	51	52	53	54	55	56	62	83	88	90	92	
1571	31	36	41	44	45	47	49	50	51	53	56	58	58	
1572	41	43	45	46	48	48	50	51	53	57	66	
1573	41	44	46	
1574	22	38	47	48	
1575	18	42	45	47	57	
1576	19	40	
1577	16	19	37	41	45	63	76	
1578	9	16	19	21	21	45	48	
1579	10	13	14	15	16	17	19	20	22	27	41	43	64	66	
1580	12	14	18	19	20	21	22	25	
1581	12	15	20	22	23	24	26	93	
1582	21	23	25	91	93	97	
1583	9	83	85	86	87	89	89	91	93	95	
1584	11	12	14	82	85	86	88	89	91	93	
1585	16	17	56	56	58	82	87	
1586	18	48	51	51	52	53	54	55	56	61	
1587	45	46	47	49	49	50	51	53	55	57	91	
1588	44	49	56	78	79	83	85	88	
1589	79	
1590	58	
1592	57	57	57	
1593	58	
1596	12	
1601	10	
1602	5	9	11	14	20	
1603	7	10	11	12	14	15	79	80	83	85	89	98	
1604	12	13	16	18	34	53	54	55	58	61	81	81	82	84	85	86	87	89	90	92	94	99	
1605	16	51	53	54	55	56	57	60	86	87	90	91	97	
1606	17	30	41	44	45	46	47	48	49	51	54	56	58	61	
1607	25	33	36	41	43	45	46	48	49	52	54	57	
1608	19	22	25	30	41	44	45	46	47	50	62	63	88	
1609	18	20	22	24	30	37	41	44	46	48	51	57	62	
1610	19	21	24	29	35	42	45	47	63	
1611	13	17	19	20	22	25	40	45	
1612	9	13	14	18	19	21	22	23	25	44	63	86	
1613	12	14	20	22	23	25	26	45	
1614	25	53	57	91	92	
1615	52	83	86	87	89	90	92	94	97	
1616	82	83	85	86	88	89	91	93	96	
1617	8	11	79	80	80	82	84	86	89	100	
1618	6	9	10	11	12	13	14	15	18	80	81	84	85	
1619	15	16	17	18	19	20	52	53	56	56	57	61	69	80	83	
1620	22	48	50	51	52	52	53	54	55	57	58	
1621	44	45	46	49	50	51	54	56	85	88	89	91	94	
1622	44	48	86	88	94	
1625	29	
1629	72	
1636	8	18	
1637	8	13	14	80	83	89	
1638	6	9	10	12	14	79	80	81	83	85	87	90	96	
1639	11	13	15	80	81	82	83	85	86	88	88	90	92	93	
1640	17	35	53	54	63	85	86	87	89	91	92	94	98	
1641	18	25	45	50	53	53	55	59	92	93	
1642	24	35	51	55	60	65	85	92	93	
1643	24	45	63	65	
1644	15	21	23	24	45	
1645	24	25	88	92	
1646	23	25	56	87	91	92	
1647	52	55	57	87	89	90	92	94	97	
1648	83	85	86	87	89	91	92	94	96	
1649	80	82	84	85	87	89	93	95	
1650	79	80	81	84	87	88	
1651	6	8	10	12	13	15	18	18	79	81	
1652	10	11	12	14	14	15	16	19	23	84	
1653	13	15	16	17	18	18	19	21	25	52	54	55	56	57	58	59	62	
1654	23	46	47	48	49	49	50	51	52	53	53	54	55	61	
1655	43	45	47	48	50	52	83	88	92	
1656	87	
1657	85	95	
1668	75	
1671	10	
1672	10	15	80	84	
1673	7	10	12	13	15	79	80	80	82	85	90	
1674	8	9	11	12	13	15	79	80	81	82	84	85	87	88	91	96	
1675	12	15	82	83	85	86	87	88	89	90	92	95	
1676	83	85	86	87	88	89	90	91	92	95	
1677	82	83	85	85	86	87	89	90	90	92	94	95	
1678	82	86	87	88	89	90	92	94	96	
1679	82	83	85	85	87	88	89	90	92	94	97	
1680	82	82	85	86	87	88	89	91	93	96	98	
1681	80	81	82	83	84	85	88	88	90	92	94	
1682	79	80	81	84	86	88	92	95	
1683	78	80	83	85	
1684	79	83	
1685	8	10	12	13	15	
1686	5	7	11	12	14	15	15	16	18	20	23	57	81	
1687	13	16	17	18	20	22	24	51	52	53	55	57	59	
1688	22	43	46	48	49	50	51	52	54	55	
1689	45	49	51	54	83	83	87	92	
1690	48	54	87	95	
1691	28	
1692	27	28	
1707	4	10	83	85	90	
1708	5	13	14	79	81	86	91	
1709	8	46	47	79	80	80	81	84	85	88	89	101	
1710	79	79	80	81	82	84	85	87	91	95	98	
1711	79	80	80	81	83	83	85	89	94	98	
1712	79	80	80	81	83	84	85	86	88	90	99	
1713	79	80	81	84	85	91	
1714	80	81	83	83	86	89	
1715	78	80	83	84	
1716	79	83	
1717	84	90	96	
1718	10	15	102	
1719	6	9	10	11	14	17	
1720	7	10	11	12	13	14	15	15	16	18	20	27	53	56	57	
1721	13	16	17	17	18	19	20	21	22	24	51	51	52	53	54	54	55	56	58	59	
1722	46	47	47	49	50	51	52	54	
1723	43	45	46	48	50	54	62	
1726	69	86	
1742	87	
1743	79	88	
1744	78	80	80	
1745	78	80	89	92	
1746	78	80	85	91	
1747	78	81	84	
1748	79	86	
1753	8	8	10	11	14	15	
1754	5	7	12	13	13	14	15	16	17	18	19	23	56	57	
1755	16	17	18	20	22	24	27	48	51	52	52	54	55	55	57	59	
1756	22	45	46	47	48	48	49	50	52	53	54	58	61	
1757	14	43	45	49	50	87	90	
1758	49	88	
1776	83	
1782	45	
1786	8	
1787	9	10	11	13	15	22	
1788	6	7	7	10	11	12	12	13	14	15	16	19	21	57	86	
1789	16	17	17	19	20	23	34	51	52	53	55	56	58	58	61	82	87	91	
1790	18	45	46	47	48	49	50	50	51	53	54	55	61	
1791	43	45	47	49	51	
1792	61	66	
1796	41	
1809	91	
1820	9	101	
1821	9	11	14	23	
1822	7	10	11	12	13	13	14	15	16	57	87	
1823	16	16	18	20	25	51	52	55	55	59	80	81	84	86	91	
1824	16	17	42	48	49	49	50	51	52	53	55	59	88	93	
1825	45	46	49	51	97	
1826	50	
1840	90	
1845	53	94	
1846	21	
1848	10	11	12	13	
1850	11	
1856	5	8	9	10	12	13	14	18	81	85	
1857	7	12	14	15	16	19	51	52	53	54	54	55	56	58	58	60	80	81	83	86	89	92	94	98	
1858	17	21	49	50	51	54	82	84	85	87	89	91	92	98	
1859	48	50	53	87	89	92	94	
1869	91	
1871	71	
1879	91	
1883	41	
1889	10	
1890	5	11	14	100	
1891	8	10	12	14	53	55	81	84	92	
1892	51	55	61	80	81	82	82	84	85	87	88	90	94	
1893	82	85	87	88	91	97	
1894	99	
1895	75	
1905	42	
1906	71	89	
1911	19	
1924	11	
1925	5	83	
1926	80	81	83	84	94	98	
1927	80	84	
1932	39	
1939	60	
1941	12	
1943	47	
1947	98	
1959	84	
1960	81	
1961	86	
1967	91	
1974	95	
1982	30	
1983	47	
1986	55	
1994	16	
2011	15	
2015	55	
2043	72	
2045	94	
2053	3	
2055	83	
2059	86	
2063	97	
2084	82	
2103	8	
2112	8	
2120	38	
2128	22	
2137	95	
2149	8	
2172	96	
2175	96	
2178	10	
2185	9	
2215	4	
2269	12	
