16	72	
50	74	
80	53	
145	35	
152	89	
177	90	92	96	
178	87	90	92	94	
179	16	92	
208	56	57	
210	46	48	53	
211	82	85	86	89	90	92	94	102	
212	6	10	12	14	81	82	85	86	87	88	89	91	93	93	97	98	
213	12	16	86	88	89	91	
214	16	17	19	
242	56	58	
243	51	52	53	54	55	56	56	60	
244	41	46	47	48	49	50	51	
245	44	45	46	79	81	83	88	
246	8	8	10	11	14	79	81	82	84	85	87	88	90	
247	7	11	12	13	14	15	15	16	18	20	80	82	83	86	90	96	100	
248	16	17	17	18	20	92	
258	86	88	92	96	
259	87	89	91	93	94	97	
261	17	
276	58	62	
277	48	51	52	53	54	55	56	57	58	59	61	
278	42	45	46	47	48	49	50	50	51	53	54	56	61	
279	42	44	44	45	46	47	48	49	50	98	
280	5	6	9	10	12	13	14	44	79	81	83	
281	2	6	8	9	11	12	14	15	16	19	80	81	84	86	88	91	94	
282	13	15	16	17	21	82	86	88	89	90	92	96	
283	16	18	87	91	98	
284	91	93	98	
285	16	92	
290	52	54	
291	54	87	90	92	96	
292	81	82	83	85	86	87	89	90	91	92	94	96	100	
293	8	9	11	14	81	82	83	83	84	85	87	88	88	89	90	92	95	100	
294	7	12	15	16	82	85	86	89	91	93	97	
295	16	17	19	
311	52	54	55	57	60	
312	35	50	51	51	52	53	54	55	56	56	57	58	59	62	
313	42	44	45	45	46	46	47	48	48	49	50	50	54	
314	42	44	45	46	48	
315	1	3	7	9	11	13	14	80	81	84	89	96	
316	6	11	12	14	16	18	81	82	84	85	86	87	89	90	92	95	100	
317	7	11	81	82	84	85	86	87	88	89	90	92	93	95	98	
318	9	82	83	84	85	86	87	88	89	90	91	93	95	97	
319	12	82	86	87	89	91	92	94	98	
320	83	87	90	91	92	95	
321	87	91	92	94	98	
322	88	92	93	
323	55	83	87	90	91	92	96	
324	50	52	53	55	57	60	87	90	91	93	94	97	
325	81	83	84	85	86	87	88	90	91	93	94	97	
326	8	80	81	83	83	84	85	87	89	90	95	99	
327	9	10	11	13	16	80	81	83	84	85	89	99	
328	7	11	12	13	14	15	16	17	18	19	81	83	84	85	87	88	
329	16	17	18	19	20	21	24	
345	57	
346	51	52	53	54	55	56	56	57	60	
347	36	48	49	50	50	51	51	52	54	54	55	56	59	
348	42	44	45	45	46	47	48	49	49	
349	3	8	43	45	46	
350	9	13	46	79	80	81	82	83	85	89	94	
351	11	79	80	81	82	83	83	84	86	88	88	89	91	94	
352	11	80	81	82	84	85	86	87	88	90	92	96	101	
353	7	11	80	81	82	83	83	84	85	87	88	89	92	93	97	
354	11	81	82	83	84	85	86	87	88	88	89	90	92	94	97	98	
355	81	82	84	85	86	87	88	88	89	90	91	95	98	
356	82	85	86	87	88	89	90	91	93	94	97	98	
357	81	82	83	84	85	86	87	88	89	90	92	94	95	
358	52	54	62	81	82	83	83	84	85	86	87	88	89	90	92	95	102	
359	80	81	82	84	85	87	88	89	92	99	
360	8	79	80	82	84	89	
361	5	8	9	10	11	13	14	16	20	68	81	
362	7	11	12	13	15	15	16	17	17	18	18	19	19	20	24	
363	17	19	20	21	22	
380	53	55	57	58	60	
381	47	50	51	52	52	53	54	55	55	56	56	57	59	61	
382	30	36	43	44	45	46	47	47	48	48	49	49	50	51	54	56	58	59	
383	30	35	37	42	44	44	45	46	47	48	49	56	
384	3	24	42	43	44	46	46	48	49	57	69	81	
385	36	41	45	69	80	81	84	
386	4	7	38	46	49	80	81	84	
387	36	43	46	47	79	80	84	88	
388	42	46	66	79	80	81	83	84	85	90	94	
389	6	36	42	46	79	80	81	82	83	84	85	86	89	
390	47	57	79	80	81	82	83	84	85	87	89	
391	38	47	79	80	81	82	83	84	85	86	88	99	
392	46	79	80	81	83	84	85	89	94	99	
393	79	81	84	89	99	
394	8	9	12	14	19	68	80	85	90	
395	5	6	7	9	10	11	12	13	14	14	15	16	19	26	
396	13	15	16	17	17	18	19	19	20	21	24	
397	18	21	22	25	
415	53	54	55	57	62	
416	48	51	52	54	55	56	57	58	60	63	
417	24	28	45	47	48	49	50	51	53	53	54	56	57	58	60	63	
418	24	29	34	39	43	44	44	47	48	49	49	50	56	57	60	66	68	
419	20	22	24	42	44	45	45	47	48	49	50	55	56	57	59	65	66	71	
420	19	20	22	23	27	37	42	43	44	45	46	47	48	49	50	51	57	59	63	65	67	72	
421	19	20	21	27	29	37	43	44	45	46	47	48	49	52	55	57	57	58	61	67	
422	19	20	21	22	24	28	33	42	44	44	46	47	48	48	49	51	56	58	59	81	
423	21	22	24	26	42	44	44	45	46	47	48	49	50	56	58	60	67	79	
424	20	22	26	37	41	44	45	45	46	47	48	48	49	51	56	57	60	79	81	84	
425	20	21	26	37	42	43	45	46	47	49	53	57	59	68	69	79	81	
426	19	21	26	43	44	45	46	46	50	79	
427	9	45	
428	8	10	11	12	13	14	24	
429	7	10	11	12	12	13	14	14	15	16	17	18	
430	15	16	17	17	18	20	21	23	23	
431	21	
450	55	
451	51	53	55	60	
452	49	54	62	
453	23	25	33	35	45	51	54	
454	23	25	50	55	63	63	
455	22	24	50	54	55	57	62	
456	23	23	25	35	48	50	51	53	55	56	59	63	65	
457	24	45	49	50	53	56	58	61	73	
458	24	30	44	45	48	49	52	54	56	57	58	59	65	
459	23	24	43	45	46	48	50	51	52	54	55	56	60	63	64	69	
460	23	42	44	45	46	46	47	49	50	51	52	54	
461	10	23	30	44	45	46	49	
462	4	8	10	13	14	66	
463	5	7	10	11	12	14	14	15	16	17	19	19	24	
464	13	15	16	17	17	18	19	20	21	22	26	
465	22	
470	55	55	55	
489	66	67	
492	52	56	57	58	58	
493	48	50	51	51	52	53	53	54	55	56	59	
494	42	45	46	47	47	49	49	50	51	54	58	
495	44	49	66	
496	4	7	8	10	11	12	14	
497	5	6	10	12	13	14	14	15	16	17	18	18	19	24	68	
498	13	16	17	17	19	20	21	22	
499	23	
523	65	
524	73	
526	52	56	57	61	
527	47	50	51	51	52	53	53	54	55	56	57	58	61	
528	37	43	45	46	47	47	48	49	50	51	52	54	
529	44	45	47	48	
530	4	8	9	11	12	14	14	23	
531	7	10	11	12	13	14	15	15	16	17	19	19	21	24	71	
532	13	16	17	18	19	20	21	22	
534	34	34	34	
547	86	
560	53	56	57	
561	48	50	51	52	52	54	55	55	56	57	58	59	60	
562	46	47	48	49	49	50	51	53	
563	43	44	45	46	48	
564	5	7	9	10	12	14	
565	6	8	11	12	13	14	15	15	16	18	18	19	21	24	
566	16	17	17	18	19	21	22	
575	96	96	98	
594	53	55	56	57	
595	34	37	48	50	51	52	53	54	55	56	56	57	58	62	
596	46	47	48	49	49	50	51	51	53	54	59	
597	31	43	44	49	
598	5	6	9	10	12	13	14	
599	1	7	10	11	12	14	15	15	16	17	18	19	21	23	
600	17	18	19	20	21	
601	18	
628	56	57	
629	47	50	51	52	52	53	54	55	56	57	58	61	
630	45	46	47	47	48	49	50	50	51	54	59	
631	44	45	46	48	
632	6	8	8	10	11	13	14	
633	2	7	10	11	12	13	13	14	15	15	16	16	17	18	18	19	25	
634	16	17	17	19	20	21	23	23	
662	56	57	62	
663	47	51	51	52	53	53	54	55	57	58	61	
664	46	47	48	48	49	50	50	51	54	
665	8	46	49	96	
666	6	9	10	12	13	14	67	
667	8	11	12	13	14	15	15	16	16	18	19	24	70	
668	15	16	17	18	20	21	22	24	28	
696	52	53	56	57	60	
697	46	47	50	51	51	52	54	55	55	56	59	
698	44	47	48	49	50	54	91	94	
699	8	85	88	89	93	94	
700	7	8	9	10	11	12	13	14	15	
701	12	14	15	15	16	16	17	18	19	19	20	21	24	71	
702	17	18	19	20	21	23	
729	58	
730	52	55	56	57	58	61	
731	46	47	47	49	49	50	51	51	52	53	53	54	55	56	61	
732	44	45	46	48	49	50	82	87	89	97	
733	6	8	10	80	83	86	92	
734	5	6	7	9	11	11	12	13	14	14	15	16	19	19	68	
735	1	12	13	15	16	17	17	18	19	19	20	21	24	
736	18	21	22	
763	57	
764	52	52	53	55	55	56	56	57	59	62	
765	43	46	47	48	49	50	51	51	52	53	54	54	59	
766	43	44	45	46	47	48	49	51	95	
767	9	10	13	68	81	83	
768	5	7	8	9	10	11	12	12	14	14	15	16	17	18	19	20	23	27	
769	13	15	16	16	17	18	19	19	20	21	22	24	26	
770	22	
798	51	52	54	55	56	56	57	58	59	61	
799	43	46	47	49	50	51	51	52	53	54	55	
800	9	44	45	46	47	48	49	64	
801	4	9	10	14	43	
802	3	5	7	10	11	11	12	13	14	14	15	16	17	18	19	23	69	
803	13	16	17	17	19	20	20	21	22	23	
831	57	
832	38	51	52	53	54	55	56	57	58	59	
833	36	45	47	47	49	50	51	51	53	54	60	
834	29	42	44	45	46	48	49	67	95	
835	4	7	9	10	11	13	14	66	
836	5	8	11	12	12	13	14	15	16	18	19	19	20	25	
837	17	18	20	21	22	23	25	
838	22	
866	52	55	56	57	59	62	
867	47	48	49	50	51	53	54	59	63	
868	44	45	46	49	68	
869	4	10	11	13	14	20	24	27	43	66	
870	12	15	19	20	22	24	
871	21	23	
901	54	
903	5	7	23	
904	24	
1162	26	
1171	6	68	
1173	68	
1182	62	
1187	70	
1199	55	
1202	59	
1206	77	
1211	77	
1230	46	
1231	22	
1251	77	
1268	39	48	
1269	58	
1277	10	
1283	55	100	
1296	52	
1299	26	
1300	49	
1304	54	
1308	91	
1312	46	
1314	28	
1320	102	
1329	19	
1331	17	
1332	57	66	
1333	16	18	18	32	41	43	47	51	57	
1334	42	44	46	47	50	56	70	
1344	11	
1348	23	
1349	34	
1350	46	
1351	3	
1352	19	
1354	7	
1358	3	
1362	24	
1363	16	
1364	40	
1366	11	14	19	23	35	58	
1367	16	17	18	20	24	36	40	48	53	56	57	60	64	70	
1368	17	20	22	23	43	44	45	46	47	47	49	50	52	58	59	69	
1369	40	44	46	49	74	
1370	53	
1375	79	
1379	38	
1380	46	66	
1381	26	
1382	49	
1383	47	
1388	70	
1398	39	
1399	8	14	
1400	10	11	12	13	14	15	18	24	58	
1401	12	13	15	16	18	19	21	25	36	51	52	56	57	59	62	
1402	18	21	23	24	43	47	48	49	50	50	51	54	60	
1403	23	42	44	45	46	47	48	49	51	59	
1412	41	
1413	16	39	57	
1414	16	17	19	20	39	46	49	58	59	66	
1415	21	28	42	43	45	47	48	50	55	
1416	45	47	48	
1420	67	
1426	76	
1431	22	
1433	12	
1434	5	8	9	10	12	14	15	
1435	8	12	14	15	15	16	18	19	23	51	52	53	55	56	57	58	59	62	87	
1436	16	16	17	18	20	47	50	50	51	52	54	55	56	57	59	93	
1437	32	37	41	44	45	46	47	48	48	49	50	55	57	
1438	43	45	46	49	51	65	
1439	24	37	41	43	46	49	62	73	
1440	45	46	47	48	59	71	
1441	39	44	46	47	71	
1442	41	66	
1443	41	
1444	37	46	64	
1445	17	21	64	
1446	6	11	14	19	67	
1447	6	9	11	14	16	17	19	56	58	67	
1448	16	17	18	18	19	20	23	24	35	43	44	47	49	51	52	55	56	57	60	67	
1449	20	22	24	26	41	44	45	46	47	47	48	49	50	52	54	56	59	
1450	44	45	46	48	48	52	
1456	69	
1466	39	
1468	5	9	11	13	
1469	7	9	10	11	14	15	18	81	83	86	89	93	99	
1470	15	16	17	19	51	52	54	55	57	58	60	81	82	85	86	88	89	90	92	97	
1471	16	17	18	19	32	43	47	49	50	51	54	56	58	61	68	
1472	23	38	41	44	45	46	47	48	49	55	56	57	59	74	
1473	25	29	43	44	45	46	48	49	52	53	56	57	61	
1474	22	24	41	44	46	48	49	51	55	57	60	
1475	21	24	37	41	44	46	47	48	49	53	53	59	
1476	21	25	42	43	45	46	48	49	57	58	71	
1477	20	41	45	46	47	52	56	71	
1478	10	17	19	22	28	41	44	46	50	62	63	69	
1479	10	16	19	21	38	43	44	45	47	48	66	69	
1480	10	12	14	15	17	19	21	25	39	67	69	
1481	8	11	12	15	17	18	19	20	21	24	57	
1482	17	18	19	20	21	22	23	25	27	48	51	52	55	56	57	59	61	70	74	
1483	45	46	47	49	50	50	51	53	53	55	
1484	17	45	46	48	49	51	57	
1487	4	
1489	37	
1490	82	
1491	95	
1494	75	
1502	9	
1503	5	9	11	12	14	81	86	89	
1504	6	8	10	11	12	13	14	15	16	18	55	81	82	84	85	88	90	95	101	
1505	16	17	18	19	21	24	53	60	93	
1506	17	50	59	65	
1507	25	34	45	50	51	53	57	59	64	
1508	23	24	35	44	45	49	51	53	53	55	56	58	60	64	
1509	22	24	43	45	47	48	49	51	53	55	57	58	63	63	66	70	
1510	20	22	25	35	40	44	45	47	48	50	56	60	
1511	19	21	22	24	35	43	44	45	48	49	51	58	59	64	69	
1512	19	20	22	23	25	41	45	47	49	62	64	67	70	
1513	12	16	19	20	22	23	44	45	48	49	
1514	4	6	10	13	14	15	17	18	19	20	22	24	25	26	44	64	71	
1515	7	12	15	21	22	23	23	24	58	84	
1516	22	24	51	52	54	55	55	56	56	57	59	
1517	46	49	50	51	52	53	53	54	55	58	61	
1518	46	48	50	52	87	90	91	95	
1521	27	
1533	22	
1536	13	
1537	5	9	14	
1538	5	5	7	9	10	11	13	13	14	18	80	82	84	86	
1539	11	12	14	15	81	82	85	86	87	88	90	91	96	99	
1540	17	87	91	92	95	
1541	16	92	
1542	93	
1543	53	55	92	
1544	24	92	
1545	22	25	53	65	93	
1546	15	23	23	25	
1547	22	24	25	
1548	23	24	
1549	24	56	57	59	
1550	46	47	50	51	52	53	53	54	55	57	58	
1551	44	46	47	48	49	50	53	54	97	
1552	49	52	82	86	88	91	91	93	
1553	49	86	
1554	29	42	
1556	74	
1566	23	
1571	11	
1572	5	10	15	99	
1573	3	7	9	10	13	13	15	56	80	81	83	83	84	87	89	91	97	101	
1574	6	10	12	13	15	81	82	82	83	84	85	86	87	88	90	91	93	96	98	
1575	11	85	86	87	88	88	89	90	91	92	93	94	98	99	
1576	86	86	87	90	91	93	94	97	
1577	83	86	87	88	89	90	91	92	94	95	98	
1578	82	86	87	87	89	90	91	93	94	96	103	
1579	11	15	87	88	90	91	92	93	94	97	
1580	86	87	88	91	92	96	
1581	87	91	92	93	95	98	
1582	58	87	90	92	94	97	
1583	16	52	55	57	57	62	
1584	48	50	50	51	52	53	53	54	55	58	60	
1585	45	46	48	49	50	51	55	87	90	
1586	43	54	79	84	88	
1599	38	
1605	92	
1606	100	
1607	9	21	81	86	
1608	12	80	81	82	83	85	90	
1609	13	80	81	81	82	83	84	85	86	88	89	
1610	79	80	80	82	84	85	85	86	89	
1611	79	80	81	81	84	85	86	89	94	
1612	12	80	80	81	82	83	84	85	86	88	89	91	99	
1613	9	15	80	81	82	83	83	84	85	86	89	95	99	
1614	12	81	81	82	83	84	85	86	88	89	89	91	93	96	98	
1615	10	80	81	82	83	83	84	86	87	88	89	91	94	98	
1616	7	10	11	12	14	15	17	81	82	84	85	87	88	89	90	94	100	
1617	13	15	16	16	17	19	52	53	55	56	57	57	59	81	85	89	
1618	17	18	46	47	50	51	51	52	53	54	55	59	
1619	44	45	46	47	48	49	50	51	53	87	88	
1620	91	
1624	47	47	48	
1625	49	
1634	2	
1642	82	84	89	
1643	78	80	84	88	94	
1644	78	80	82	84	88	93	93	
1645	3	79	81	83	
1646	5	80	83	84	89	99	
1647	5	11	78	80	84	87	88	94	101	
1648	80	81	85	90	95	
1649	10	13	15	16	18	80	82	84	86	91	94	
1650	4	7	9	10	12	13	14	15	16	18	20	80	81	83	85	89	93	
1651	15	16	17	18	19	20	52	53	55	56	57	58	61	69	80	82	84	89	98	
1652	18	21	22	46	47	49	50	51	51	52	53	54	55	56	58	61	
1653	12	44	46	47	49	50	51	53	60	87	90	94	102	
1654	52	54	89	
1664	9	
1677	56	57	84	95	
1681	14	83	
1682	22	30	84	94	
1683	5	8	12	80	83	
1684	5	6	9	10	11	13	14	15	17	19	84	
1685	16	17	18	19	21	24	53	54	55	56	57	58	60	
1686	17	21	22	43	46	47	49	50	51	52	54	55	56	58	62	
1687	10	45	46	48	48	50	54	83	
1688	50	
1690	81	
1691	81	
1697	90	90	91	
1703	85	
1706	10	
1711	55	
1712	26	
1716	98	
1717	10	13	15	90	
1718	4	7	9	11	12	13	14	14	15	19	58	
1719	12	15	15	16	17	18	18	20	24	52	55	56	57	58	59	68	
1720	17	17	20	22	45	46	46	47	48	49	50	51	51	53	54	56	62	
1721	44	46	47	48	48	50	53	
1722	50	
1723	3	
1729	59	
1750	9	14	
1751	3	8	13	
1752	4	6	9	10	12	14	15	16	18	58	
1753	8	12	13	16	16	17	18	19	20	51	52	53	55	56	57	58	59	68	
1754	17	20	21	23	46	47	48	50	51	52	53	54	56	
1755	44	46	49	50	52	55	56	90	93	
1756	44	48	
1762	66	
1784	25	
1785	7	10	15	25	
1786	3	7	8	10	11	12	14	14	19	57	
1787	12	12	13	14	15	16	17	17	19	20	21	25	51	52	53	54	55	56	57	59	68	
1788	18	21	23	46	47	51	52	53	54	56	60	
1789	43	45	47	48	49	50	54	93	
1790	45	50	
1796	17	
1798	5	
1799	2	2	3	104	
1813	95	
1816	26	
1818	20	
1819	8	9	15	
1820	5	7	9	10	11	12	13	14	15	16	19	57	
1821	8	12	12	15	16	17	18	18	19	20	22	24	51	52	53	54	55	56	58	68	
1822	21	21	22	46	48	49	50	51	52	54	55	59	
1823	45	48	49	51	53	55	89	92	97	
1841	28	
1852	7	10	19	
1853	8	10	12	14	
1854	4	6	9	11	12	13	13	14	15	16	17	18	19	21	57	58	68	68	
1855	12	16	17	18	19	20	22	24	48	51	52	53	54	55	56	60	
1856	23	45	46	47	49	49	50	54	
1857	44	46	48	53	53	58	83	85	88	91	
1858	89	
1873	80	
1886	18	
1887	3	6	8	10	11	14	15	67	
1888	6	11	12	13	13	14	15	16	18	18	19	21	57	57	
1889	16	18	18	19	20	21	22	25	47	51	52	52	53	54	55	56	58	59	61	
1890	43	44	45	46	47	48	49	50	51	53	55	56	97	
1891	49	79	86	89	
1895	47	
1904	95	
1906	91	
1912	94	
1920	8	14	19	53	
1921	8	9	11	14	15	
1922	2	7	12	13	13	14	15	15	16	17	18	20	25	53	56	57	61	
1923	16	17	17	17	19	20	21	22	25	48	50	51	52	53	54	54	55	58	58	
1924	45	46	48	49	50	51	89	92	95	
1925	44	54	81	84	93	97	
1926	39	54	86	
1933	53	
1943	98	
1944	20	
1954	17	
1955	7	7	8	9	11	12	14	15	
1956	6	7	11	12	14	15	16	18	19	52	55	56	57	59	
1957	17	17	19	20	21	50	51	52	53	54	55	57	61	
1958	48	49	51	53	55	81	84	87	89	92	97	
1959	54	87	90	
1960	83	
1968	95	
1970	82	
1974	24	
1975	60	
1983	72	
1988	10	
1989	6	9	10	11	15	17	19	
1990	7	11	11	12	13	14	15	15	16	20	24	52	55	57	59	
1991	18	21	50	51	53	53	54	87	90	92	95	
1992	51	58	80	84	86	88	89	92	95	
1993	85	
1998	48	
2009	8	
2014	102	
2015	6	
2023	8	9	11	14	
2024	6	8	52	55	83	87	89	
2025	52	54	82	84	85	86	88	88	89	90	92	93	96	98	
2026	80	82	84	85	89	92	96	100	
2027	82	93	
2041	47	77	
2042	67	
2049	50	
2058	80	88	92	
2059	80	81	82	83	85	86	91	
2060	80	88	
2065	54	
2067	28	
2077	97	
2081	49	
2092	84	
2093	80	85	89	
2094	9	83	89	
2109	49	
2112	43	
2118	50	
2122	39	
2126	103	
2159	86	
2161	89	
2165	92	
2178	23	
2182	7	
2206	5	
2264	101	
