84	82	
111	36	
142	88	90	91	93	94	
143	17	91	
157	88	91	
158	87	90	91	93	95	
159	82	86	87	89	90	92	94	98	
160	16	83	87	89	91	92	96	
161	17	
173	56	
174	47	50	
175	87	90	92	93	
176	6	10	13	13	82	84	85	87	89	90	93	96	
177	17	83	87	90	92	98	
178	16	17	
189	56	60	
190	47	50	52	53	
191	86	87	89	92	94	100	
192	81	82	83	83	85	86	87	88	89	91	94	
193	10	13	80	81	82	83	83	84	85	86	87	88	89	91	93	95	
194	8	10	12	80	81	82	84	86	87	88	90	91	96	
195	16	17	19	
207	52	56	57	58	
208	46	48	50	51	53	53	
209	46	49	82	83	85	87	89	91	96	
210	8	9	10	14	80	81	82	83	84	86	89	91	
211	7	11	12	13	14	15	16	17	18	81	82	83	84	86	88	91	
212	16	17	18	20	
219	6	
220	2	
222	57	
223	51	52	54	56	57	59	62	
224	47	49	50	51	52	53	55	56	90	93	
225	48	49	51	82	83	85	87	88	90	93	96	
226	48	79	80	82	83	84	84	86	88	90	93	98	
227	9	10	13	14	79	80	81	82	84	85	89	94	
228	3	7	8	10	12	12	13	14	14	15	16	17	18	19	80	81	82	83	84	94	
229	15	16	16	17	17	19	19	20	22	84	
230	23	
240	57	
241	51	52	53	54	55	56	57	59	62	
242	46	47	48	49	50	51	52	53	53	54	56	61	
243	47	49	51	80	84	88	90	93	94	
244	4	7	9	10	11	14	80	82	84	88	88	
245	8	10	11	12	13	13	14	15	16	17	19	20	80	81	99	
246	16	17	18	19	20	21	23	26	
247	22	
256	53	57	58	
257	48	51	52	53	54	55	56	57	61	
258	47	49	50	51	53	54	55	58	82	85	87	90	92	
259	49	80	82	83	85	87	89	91	
260	9	80	88	
261	4	8	10	11	12	14	16	80	
262	5	7	9	11	11	12	13	13	14	15	15	16	17	17	18	19	19	20	21	23	81	
263	18	19	20	20	21	23	24	26	
274	56	57	
275	35	52	52	54	55	55	56	56	57	59	60	
276	46	47	48	49	50	50	51	52	53	54	58	60	90	94	
277	45	46	48	49	80	83	86	93	
278	3	7	8	9	10	13	14	15	68	87	
279	5	7	10	12	12	13	14	15	15	16	17	17	19	20	24	26	82	
280	17	17	18	18	19	20	21	22	
281	23	
289	57	
290	52	53	55	56	57	59	
291	47	50	50	51	52	53	54	55	60	
292	45	48	50	51	54	80	84	87	88	90	93	96	
293	50	80	82	83	84	87	88	
294	9	43	86	88	
295	4	7	9	10	11	12	13	14	15	16	17	18	25	
296	5	7	12	14	15	15	16	16	17	17	19	19	20	21	24	26	70	
297	18	21	22	23	23	
308	57	
309	34	48	51	52	52	54	54	55	56	57	58	60	62	
310	45	46	47	48	49	49	50	51	52	53	54	55	58	
311	44	47	49	88	
312	4	7	9	10	11	11	13	14	
313	4	7	10	11	12	13	14	15	16	17	18	19	20	21	23	70	
314	17	18	20	21	21	22	24	
323	57	
324	51	52	53	54	55	56	57	59	62	93	
325	50	51	52	54	55	59	85	86	87	89	90	92	93	96	
326	50	81	83	84	86	87	89	90	97	
327	86	96	
328	9	10	13	16	17	18	
329	3	6	8	10	11	12	14	14	15	16	16	17	18	19	20	24	26	69	
330	13	15	16	17	18	19	20	20	21	22	24	
331	23	
342	56	57	57	
343	35	51	51	52	53	53	54	55	55	56	56	57	58	59	61	
344	45	46	47	48	48	49	50	51	51	53	53	59	91	
345	9	30	43	45	47	48	
346	4	7	9	10	11	12	13	14	15	18	
347	5	7	11	13	14	15	16	16	17	18	19	21	23	25	
348	17	18	19	20	21	22	25	
356	57	
357	53	57	87	91	96	
358	51	52	55	58	60	86	87	90	91	
359	50	53	55	81	82	83	85	86	87	89	90	91	93	94	
360	54	81	82	84	85	87	89	93	
361	10	14	83	
362	3	7	9	10	11	12	13	14	15	16	17	19	20	
363	3	6	11	12	14	15	16	17	18	19	19	20	21	21	23	24	26	
364	20	21	22	23	24	
376	57	
377	48	51	52	52	53	54	55	56	57	58	59	61	
378	45	46	46	47	49	50	50	51	53	55	
379	9	44	45	48	90	
380	4	7	8	10	11	12	13	14	15	
381	6	11	12	14	15	16	16	17	18	19	20	24	
382	16	17	18	20	21	22	26	
389	92	
390	83	87	88	89	91	92	93	96	
391	55	62	82	83	85	86	87	88	88	90	91	92	93	98	
392	53	55	80	81	83	83	85	86	87	88	90	91	93	93	95	98	
393	64	80	81	83	83	85	86	89	92	
394	81	84	86	95	
395	7	10	11	12	14	15	17	20	23	
396	5	8	9	11	12	13	14	15	15	16	17	17	18	18	19	20	23	28	
397	12	15	17	18	19	20	21	22	23	24	
410	56	57	
411	33	51	52	52	53	54	55	55	56	57	57	58	60	
412	43	45	46	47	48	49	50	50	51	52	54	56	60	
413	10	44	45	46	48	49	53	
414	5	7	9	10	11	11	13	14	
415	2	7	11	12	13	14	15	16	17	19	19	22	24	82	
416	16	17	18	18	20	21	22	
421	87	91	93	
422	86	88	90	91	92	95	
423	83	86	87	88	90	91	92	94	97	101	
424	55	81	82	84	85	86	88	89	90	92	94	
425	46	80	81	81	82	84	85	86	87	89	90	95	
426	46	80	81	82	84	85	87	88	100	
427	79	80	82	85	90	
428	8	10	15	17	30	
429	7	9	11	11	12	13	14	14	15	16	17	18	
430	5	8	12	13	14	15	16	16	17	18	18	19	20	21	23	24	
431	21	22	23	23	
439	76	76	77	
444	58	
445	53	55	55	56	56	57	58	59	61	
446	47	48	49	49	50	51	51	52	53	54	55	56	59	
447	32	43	44	45	46	47	48	49	49	50	51	
448	4	6	8	10	11	12	13	14	43	49	
449	7	11	12	12	14	14	15	16	19	20	88	
450	16	17	18	20	22	93	
453	56	92	
454	87	90	92	
455	57	81	83	85	86	87	88	89	91	92	96	99	
456	81	82	83	84	85	86	86	88	89	90	92	94	96	
457	54	81	82	83	84	85	87	89	90	94	96	
458	16	18	40	52	79	80	81	83	83	84	85	87	90	95	98	
459	16	19	41	46	50	56	59	69	79	80	81	83	85	
460	21	26	42	44	46	47	48	50	68	85	
461	46	48	
462	6	8	10	13	18	
463	5	6	7	10	11	12	13	14	14	15	16	18	19	23	
464	13	15	16	17	17	18	19	20	21	22	23	25	
465	21	
470	53	54	55	
479	53	55	56	57	58	61	
480	51	51	52	52	54	54	55	56	56	59	60	
481	44	45	46	47	48	48	49	50	51	53	54	
482	9	10	14	43	45	48	
483	3	5	8	10	11	12	13	14	14	15	19	81	83	87	92	93	99	
484	13	15	16	17	21	23	83	83	85	86	88	88	90	91	93	96	
485	87	88	90	91	92	94	
486	87	88	90	91	92	96	
487	52	56	83	86	87	90	91	94	
488	54	82	84	85	86	88	89	90	91	94	
489	47	52	79	80	82	83	84	85	86	89	90	94	
490	34	66	80	81	81	82	84	85	89	
491	16	18	79	80	82	84	85	88	
492	10	13	14	16	17	18	18	19	20	44	47	57	57	68	69	79	
493	17	18	20	21	21	23	42	45	46	51	52	53	55	56	57	59	60	65	
494	21	22	24	26	33	34	43	44	45	46	47	48	48	49	50	51	52	54	61	66	
495	23	42	44	45	46	46	47	49	50	
496	9	10	13	24	45	46	48	
497	6	8	8	10	11	12	14	14	15	16	25	
498	12	13	15	16	17	18	19	20	21	22	23	
499	18	21	
513	57	58	
514	36	51	52	52	53	54	54	55	56	57	59	60	
515	33	45	46	47	48	49	50	50	51	52	54	
516	5	10	43	44	45	46	46	47	48	49	
517	5	8	10	12	15	46	81	83	
518	7	13	14	80	81	82	83	84	85	86	87	89	91	94	
519	81	82	83	84	85	86	88	89	90	91	92	94	
520	81	82	83	83	84	85	86	88	89	90	91	92	94	
521	80	81	81	82	84	85	86	87	88	89	90	92	93	95	99	
522	16	19	40	47	49	58	61	68	80	82	83	83	84	85	86	90	93	
523	9	16	17	18	20	30	41	45	46	48	66	79	81	84	
524	10	14	16	17	18	19	20	43	44	45	47	49	68	71	79	99	
525	6	9	11	12	14	15	17	19	19	20	20	21	26	42	45	47	65	
526	15	17	18	19	20	21	22	23	23	24	28	58	69	
527	20	21	22	24	25	28	35	51	52	54	55	56	57	57	60	
528	22	24	45	48	50	51	52	53	53	54	55	55	56	56	58	59	60	
529	43	44	45	46	47	47	48	49	49	50	51	52	54	
530	5	10	14	45	46	48	49	49	
531	8	8	10	11	12	12	13	14	15	15	19	23	
532	11	12	14	15	15	16	17	18	18	19	21	24	82	83	87	93	94	
533	16	17	19	21	26	
548	52	53	54	55	55	56	57	58	58	60	63	
549	31	34	36	43	47	48	49	50	51	52	53	54	54	55	56	56	57	59	60	
550	29	44	45	46	47	48	48	49	50	51	67	
551	4	41	43	45	46	47	49	
552	46	73	80	81	83	84	88	
553	40	46	48	79	80	81	82	83	84	86	91	99	
554	16	18	38	40	47	70	79	80	81	82	84	85	99	
555	8	16	17	18	19	21	43	44	47	66	69	79	80	83	84	
556	11	13	14	16	17	18	19	20	26	41	45	46	67	70	79	
557	12	14	16	17	19	20	21	22	24	26	42	45	
558	12	15	18	19	20	22	23	23	24	28	29	45	50	64	72	
559	15	20	21	22	24	25	
560	22	24	
561	23	57	
562	51	52	53	53	54	55	55	56	56	57	57	59	60	61	
563	43	45	46	47	47	49	50	51	51	52	54	54	60	
564	44	45	46	47	48	49	50	
565	5	8	10	11	14	15	
566	6	8	11	12	13	13	14	15	16	18	19	22	23	82	85	91	
567	15	16	17	18	20	21	
582	55	58	61	
583	51	52	53	53	54	55	56	57	58	59	60	
584	31	43	45	47	48	50	50	51	52	52	54	54	55	56	56	57	59	60	
585	23	31	38	44	45	47	48	48	49	50	50	51	52	53	56	57	59	
586	5	10	13	20	43	43	44	45	46	47	48	48	49	51	68	69	
587	11	14	18	19	19	20	23	28	41	44	46	49	59	64	70	80	
588	10	12	14	15	18	19	20	20	21	23	44	45	46	48	67	69	80	
589	12	14	15	18	19	20	20	21	22	23	25	45	79	
590	18	19	21	22	22	24	25	
591	22	23	24	
592	23	24	
596	34	52	53	54	55	56	56	57	58	60	61	
597	34	48	49	50	51	51	52	54	54	55	55	56	56	59	61	
598	43	44	45	46	46	47	48	49	49	50	51	53	
599	4	9	12	13	43	45	
600	6	7	9	10	11	12	14	14	15	16	18	80	82	84	89	
601	13	15	16	17	17	19	20	21	23	23	81	85	91	94	
602	17	18	
609	100	101	
617	62	
618	51	53	54	55	58	59	
619	35	45	51	54	55	61	65	
620	22	23	24	27	44	55	
621	22	23	24	54	65	
622	21	22	23	24	27	
623	22	24	25	
624	23	24	
630	53	56	57	60	
631	51	52	52	53	54	54	55	56	56	57	58	60	
632	43	45	46	47	48	49	50	51	51	52	54	
633	4	9	44	45	46	47	49	50	
634	4	7	9	10	11	11	12	13	14	15	19	24	80	100	
635	7	12	14	15	16	17	18	19	20	21	22	80	82	83	92	
636	18	21	23	27	
664	57	
665	34	52	53	54	54	55	56	56	57	58	60	
666	45	47	48	50	51	51	52	52	53	54	55	56	58	
667	3	8	44	45	46	48	48	49	50	
668	5	6	9	10	10	11	12	14	15	43	
669	7	10	11	12	13	15	15	16	19	21	23	82	86	89	92	97	
670	16	17	18	19	20	87	
699	52	53	54	55	56	57	58	58	60	61	
700	46	47	48	49	50	50	51	52	53	54	56	59	
701	43	44	45	46	47	48	49	49	50	
702	6	9	10	14	46	48	
703	4	6	7	9	11	11	12	14	15	15	17	19	81	84	88	90	103	
704	16	17	18	19	20	23	82	84	
705	18	21	
733	52	55	55	56	56	57	58	61	
734	47	48	50	51	51	52	53	54	55	56	58	60	63	
735	43	44	45	46	47	49	49	50	51	53	56	
736	10	48	
737	4	7	8	9	10	11	12	13	13	14	14	15	16	19	83	83	
738	7	11	12	14	15	16	16	17	18	19	20	21	22	82	86	89	93	93	101	
739	16	17	18	20	23	
754	2	
767	53	56	57	61	
768	48	51	52	53	53	54	55	55	56	57	58	58	60	
769	32	42	44	45	45	46	47	47	48	49	50	50	53	54	56	59	
770	9	27	40	44	45	46	47	49	50	
771	5	7	9	10	11	12	14	15	20	28	69	
772	7	10	12	13	14	15	16	17	18	18	19	21	25	82	86	
773	17	18	19	21	27	
801	55	61	
802	33	52	54	55	56	57	58	58	60	62	
803	47	48	49	50	51	52	52	53	54	55	56	57	59	
804	29	42	44	45	46	47	48	48	49	49	50	51	
805	5	6	9	10	11	13	15	44	49	
806	4	7	12	13	14	15	16	17	18	19	23	69	84	103	
807	16	17	19	20	21	26	
836	35	57	59	
837	34	52	53	54	55	56	58	59	61	
838	25	48	48	49	51	53	54	
839	9	11	23	44	45	66	69	
840	2	4	7	12	13	14	18	19	21	24	28	49	
841	20	21	22	24	
871	53	
873	14	24	
874	25	
1168	70	
1175	58	
1181	103	
1191	14	
1204	2	
1207	69	
1219	1	
1225	101	
1226	86	
1230	39	
1244	53	
1251	73	
1252	4	
1265	58	
1268	39	
1274	11	86	
1279	26	42	
1280	46	66	
1281	38	47	51	
1282	76	
1283	71	
1289	14	
1294	38	
1295	17	23	
1297	19	42	
1298	22	41	45	47	48	54	
1299	46	50	
1300	46	49	
1302	57	
1312	26	29	
1313	16	17	18	21	43	45	57	
1314	16	20	33	42	46	48	50	56	
1315	22	24	40	45	46	48	50	55	68	
1316	44	45	46	47	49	52	72	74	
1317	45	
1324	74	
1330	9	14	
1331	15	16	18	19	25	56	58	60	
1332	17	18	20	22	24	42	45	46	46	47	51	53	53	56	
1333	44	46	47	48	49	
1334	52	
1340	77	
1344	51	
1345	18	
1346	11	13	15	16	
1347	16	17	17	18	20	25	59	69	
1348	17	17	20	22	23	24	27	32	42	44	47	52	56	58	59	61	
1349	20	21	22	24	28	42	45	46	47	48	49	50	51	52	54	55	56	58	59	62	69	
1350	22	44	45	46	47	49	49	50	53	53	
1351	43	49	
1361	14	37	
1362	16	
1363	8	14	
1364	9	11	14	
1365	11	12	15	16	17	18	19	19	21	25	28	53	55	56	56	57	58	58	60	71	
1366	17	17	18	19	20	21	23	23	25	43	47	50	51	52	54	55	56	60	
1367	42	44	46	47	48	49	50	51	53	56	58	
1368	48	48	53	
1369	57	100	
1374	8	
1379	10	13	
1380	7	9	10	12	14	14	16	17	19	21	50	
1381	12	13	14	15	16	17	18	19	19	20	21	23	24	27	69	
1382	18	20	20	21	22	23	25	26	53	56	57	60	
1383	24	47	51	52	52	53	54	54	55	57	58	59	62	63	
1384	23	44	45	47	48	48	49	50	50	52	54	57	
1385	44	51	
1397	10	13	
1398	7	9	10	12	13	14	15	16	17	19	
1399	7	11	12	14	15	16	17	18	19	20	21	22	24	26	36	53	56	56	57	60	62	
1400	18	18	20	21	22	47	51	52	53	53	54	55	56	58	60	
1401	44	46	47	48	49	50	52	54	58	
1403	48	
1408	103	
1409	97	
1411	17	
1412	20	
1413	7	9	9	13	13	15	16	20	
1414	7	9	10	12	14	15	16	17	18	19	20	21	24	
1415	12	13	15	17	17	18	19	20	21	22	23	24	
1416	22	56	57	58	60	
1417	46	47	50	51	52	53	53	54	55	55	60	
1418	49	50	51	54	55	58	88	90	91	96	
1419	50	
1423	10	
1427	93	
1429	54	
1431	10	
1432	7	8	9	10	11	13	13	14	15	16	17	18	19	
1433	15	16	17	17	18	19	20	21	24	28	56	57	58	60	71	
1434	17	23	25	46	47	50	51	52	52	53	54	55	60	
1435	44	45	45	46	48	49	50	51	54	60	
1436	49	
1447	8	8	10	11	12	13	14	16	17	19	29	
1448	11	12	13	14	15	16	17	19	20	22	25	72	
1449	17	18	20	21	22	24	26	58	
1450	23	51	52	52	55	56	58	59	
1451	49	50	51	52	53	54	55	92	
1452	48	48	50	53	55	80	82	84	85	87	89	91	96	
1455	10	
1464	14	
1465	8	10	14	
1466	4	6	10	11	12	13	13	14	15	17	19	
1467	16	16	17	18	18	19	20	21	22	23	26	53	55	56	57	59	61	
1468	18	22	46	47	50	50	51	52	53	53	54	55	56	58	60	
1469	44	45	47	48	49	50	54	86	88	
1470	46	53	
1472	40	101	
1479	12	25	
1480	10	13	15	16	18	
1481	4	7	9	10	11	13	14	15	16	17	18	19	20	
1482	5	13	15	15	16	17	18	18	19	20	21	22	25	27	
1483	22	23	56	57	58	59	
1484	50	51	52	53	54	55	56	60	93	
1485	46	48	49	51	53	55	56	86	87	89	90	92	94	
1486	49	55	80	83	84	87	90	96	
1487	85	
1490	30	
1498	11	
1499	9	10	
1500	4	7	9	10	11	12	13	14	14	15	17	19	22	57	
1501	13	16	16	17	18	18	19	20	21	23	24	52	55	56	57	59	61	
1502	23	46	47	48	48	49	50	51	52	53	54	55	59	
1503	43	45	47	49	50	55	85	90	94	
1507	79	
1510	41	
1511	15	
1512	14	17	19	44	48	
1513	9	15	16	19	25	26	42	44	47	
1514	10	12	13	14	16	16	18	19	20	24	26	
1515	8	10	12	14	15	16	17	18	19	19	20	21	22	23	25	28	70	
1516	15	20	21	22	23	24	57	
1517	47	52	53	54	56	57	59	62	
1518	47	49	51	52	54	55	56	61	87	90	91	93	96	
1519	49	52	52	53	80	82	84	86	87	88	90	92	93	97	
1520	80	87	
1521	81	98	
1527	1	
1533	10	14	
1534	5	6	8	9	10	11	12	13	14	15	16	18	20	
1535	12	13	16	16	17	18	18	19	20	22	24	52	52	55	55	56	56	58	58	60	62	
1536	22	46	47	48	49	50	51	52	53	53	54	55	57	59	
1537	34	45	45	47	49	50	52	88	
1538	44	
1544	15	39	50	
1545	15	16	18	22	
1546	7	10	13	17	18	19	20	23	43	48	
1547	9	11	14	16	17	19	21	23	26	43	72	
1548	5	11	12	13	14	17	18	19	19	20	21	22	24	45	
1549	20	21	22	23	24	28	
1550	22	23	24	56	57	58	
1551	46	47	49	50	51	52	53	54	57	
1552	49	50	52	53	84	86	87	88	89	91	95	
1553	50	55	60	80	82	83	85	88	89	
1554	85	96	
1555	40	89	
1567	9	11	14	20	
1568	4	7	9	10	11	12	14	14	15	16	21	
1569	13	16	17	19	20	22	24	52	55	56	57	58	58	60	61	86	
1570	18	22	42	48	50	51	51	52	53	54	55	56	57	60	
1571	44	45	46	47	49	50	51	52	53	
1572	44	48	50	
1575	15	
1576	22	44	
1577	11	16	17	21	24	39	44	46	48	67	
1578	9	12	15	16	18	19	20	26	44	46	67	
1579	11	13	13	14	16	17	19	19	21	22	23	26	45	
1580	9	12	13	15	16	18	18	19	20	21	23	25	27	44	71	
1581	5	11	14	17	19	20	22	23	27	29	
1582	20	21	22	23	25	
1583	22	58	
1584	52	53	54	55	56	58	59	61	
1585	46	46	47	49	50	51	53	53	54	56	
1586	45	49	55	80	82	83	85	87	89	91	94	
1587	49	54	80	84	87	94	
1588	31	
1592	58	58	
1593	58	59	
1601	9	14	
1602	5	7	8	10	11	12	14	14	20	
1603	13	14	15	15	16	18	18	20	22	24	53	55	57	60	62	81	83	84	86	90	95	101	
1604	16	17	21	51	51	52	53	54	55	56	57	58	60	62	
1605	31	35	42	43	45	46	47	48	49	50	51	53	54	59	
1606	37	45	47	48	
1607	14	43	
1608	21	46	
1609	12	19	22	44	67	72	
1610	12	13	15	16	17	18	20	22	24	43	
1611	10	16	17	18	19	20	21	24	27	
1612	11	13	14	17	18	20	21	22	23	29	43	49	69	
1613	12	13	15	19	20	21	22	23	24	
1614	22	25	
1615	24	88	92	
1616	87	88	91	92	93	98	
1617	16	56	57	58	92	
1618	48	51	51	52	53	53	54	55	56	57	59	61	
1619	43	45	47	47	49	49	50	51	52	54	
1620	45	46	48	50	55	85	
1621	49	84	
1622	85	
1625	48	49	49	
1635	9	15	18	
1636	5	9	11	13	15	20	
1637	6	8	10	11	12	14	15	16	21	56	57	62	81	86	90	94	
1638	16	17	18	19	20	22	24	51	52	52	55	56	57	58	62	86	92	
1639	30	41	44	45	47	48	48	49	50	51	52	53	55	57	58	61	67	
1640	38	39	43	45	46	47	49	50	52	57	60	
1641	43	45	46	48	51	66	71	
1642	17	19	21	38	44	47	48	
1643	10	13	14	15	17	19	21	25	27	44	67	
1644	7	10	12	14	15	16	17	19	19	20	22	24	26	44	
1645	18	20	21	22	23	25	
1646	21	22	23	25	
1647	22	25	92	
1648	87	87	91	92	93	95	
1649	13	83	85	86	87	87	89	90	92	93	95	
1650	6	9	11	14	15	81	82	83	85	86	87	89	90	92	94	97	
1651	16	17	19	57	82	83	84	85	87	89	90	92	93	
1652	16	17	51	52	52	53	54	54	55	56	57	58	59	61	
1653	45	46	47	48	50	50	51	52	54	55	57	58	
1654	44	46	47	48	49	52	54	
1655	44	49	
1669	13	
1670	9	10	
1671	7	10	11	12	13	14	14	15	16	19	83	
1672	12	13	15	16	17	18	19	21	23	55	57	60	82	84	87	90	93	
1673	17	30	50	51	52	53	55	57	58	61	
1674	44	49	50	51	54	59	67	
1675	21	25	28	43	45	48	51	54	56	58	
1676	5	11	20	21	23	25	26	44	45	48	65	69	
1677	10	13	14	15	20	21	23	23	25	45	70	
1678	13	22	23	27	92	
1679	22	25	88	91	92	98	
1680	52	87	90	90	92	93	95	
1681	52	54	83	85	86	87	90	90	91	93	93	95	
1682	81	85	86	87	88	89	91	94	96	98	
1683	13	79	80	81	82	84	85	87	89	92	
1684	6	8	10	14	15	79	80	80	82	84	85	89	
1685	7	12	15	19	80	81	82	84	85	86	89	92	95	98	
1686	16	17	18	19	52	54	55	56	57	58	60	81	83	86	89	93	94	
1687	42	49	50	50	51	53	53	54	55	56	58	61	
1688	44	46	47	48	49	50	52	
1689	44	46	49	52	55	
1690	101	
1691	56	85	
1693	68	
1704	9	14	
1705	4	7	8	9	10	12	13	14	16	18	23	85	91	101	
1706	7	11	12	14	15	16	20	24	81	83	84	86	90	92	95	99	
1707	16	17	18	21	55	86	88	91	92	
1708	18	55	
1709	23	
1710	24	92	
1711	25	87	88	90	91	93	96	
1712	83	87	88	90	91	92	94	97	
1713	81	82	85	86	87	89	90	91	93	
1714	81	83	84	84	85	87	88	89	91	93	100	
1715	80	81	82	83	84	86	88	91	95	99	
1716	79	80	81	83	84	87	89	95	101	
1717	11	80	83	83	89	
1718	9	13	14	81	85	89	96	
1719	1	7	8	9	10	11	12	13	14	15	17	80	81	84	91	
1720	12	15	16	18	18	19	21	52	53	55	56	56	57	60	62	81	83	84	87	89	93	102	
1721	17	22	49	50	51	52	52	53	54	55	56	57	58	58	61	
1722	43	44	46	47	48	49	50	50	52	54	
1723	46	49	53	
1731	95	95	96	
1738	10	13	
1739	5	10	
1740	8	8	10	11	12	14	18	79	81	85	88	91	
1741	6	11	13	14	16	81	82	84	85	86	87	89	90	91	94	96	100	
1742	86	87	88	89	90	90	92	94	96	
1743	83	86	86	87	88	90	90	91	92	94	95	97	
1744	82	85	86	86	87	89	90	91	94	95	
1745	81	82	84	85	86	88	89	90	92	94	
1746	80	81	82	83	84	84	86	89	90	91	93	
1747	79	80	81	83	85	88	93	100	
1748	79	80	81	84	85	87	90	94	
1749	79	80	83	87	
1750	80	83	
1752	8	
1753	4	9	10	12	13	14	15	16	19	85	
1754	6	7	12	13	14	15	16	19	57	57	58	62	81	85	88	91	
1755	16	17	18	21	23	52	52	53	54	55	56	58	59	61	88	92	
1756	42	45	46	47	48	49	49	50	51	54	55	57	59	
1757	44	46	49	50	53	57	63	
1758	45	53	54	
1759	49	
1760	58	
1761	60	75	
1773	14	
1774	8	81	83	90	99	
1775	12	80	81	82	83	84	86	91	93	
1776	80	81	82	83	83	84	85	86	89	91	94	100	
1777	80	81	82	83	83	84	84	85	87	89	91	93	97	
1778	79	80	81	82	83	83	84	85	86	89	93	
1779	80	81	82	83	83	84	86	
1780	78	79	80	82	85	88	
1781	81	84	91	
1782	81	84	
1783	93	
1784	57	
1787	5	7	9	11	14	18	25	
1788	6	7	9	10	11	13	14	15	16	19	58	82	84	87	93	
1789	13	15	16	17	18	18	19	22	24	52	53	56	57	58	59	60	81	82	83	85	91	102	
1790	17	47	50	50	51	52	53	54	55	56	59	62	
1791	43	45	46	47	48	49	50	52	53	56	
1793	63	
1809	81	85	93	
1810	79	80	82	86	89	
1811	79	80	81	85	
1812	79	81	85	92	
1813	82	85	
1816	95	
1817	88	
1821	8	13	14	98	
1822	4	6	9	10	11	12	13	14	16	87	101	
1823	8	13	16	17	18	21	34	56	57	58	60	81	84	90	100	
1824	16	17	18	23	43	50	51	52	53	53	54	55	56	57	59	
1825	44	47	48	49	50	51	53	54	56	
1826	44	50	
1827	62	
1830	1	
1834	90	
1838	70	
1845	85	
1846	99	
1848	17	
1855	10	
1856	6	9	10	12	14	15	18	
1857	7	12	13	14	15	15	16	17	18	19	21	23	55	57	57	81	83	
1858	17	18	19	20	21	27	51	52	52	53	54	55	56	56	58	60	
1859	45	46	46	47	49	50	50	51	52	53	54	58	
1860	44	45	46	47	48	
1861	46	
1863	68	
1872	88	
1875	79	
1884	31	
1889	10	14	
1890	6	8	10	11	14	15	20	24	
1891	7	11	12	13	14	15	16	18	19	20	24	58	
1892	16	17	18	20	21	22	27	34	51	52	52	54	55	56	57	59	61	63	
1893	42	45	46	47	48	49	50	50	50	51	52	53	54	55	56	59	
1894	44	47	49	50	
1895	48	
1897	27	
1910	63	
1918	50	
1924	6	8	9	10	12	13	14	
1925	6	10	11	12	12	15	16	17	20	24	81	84	90	96	101	
1926	16	18	18	20	21	52	53	55	56	56	57	62	86	89	91	94	
1927	48	50	51	52	54	55	57	59	
1928	44	45	48	49	50	53	60	
1929	44	48	51	54	
1942	8	
1943	44	
1944	17	
1958	12	13	
1959	5	7	9	10	11	13	14	16	22	81	84	90	
1960	8	12	15	16	20	63	80	81	83	83	85	86	88	90	93	102	
1961	51	52	52	54	54	55	56	58	61	83	86	87	89	91	92	94	
1962	51	52	53	55	91	
1987	32	
1992	10	
1993	5	9	13	83	90	
1994	6	11	12	14	80	81	84	88	92	94	
1995	53	54	80	82	84	85	87	89	91	94	
1996	53	83	87	88	90	93	93	
1997	53	86	
1999	27	
2007	42	
2017	4	
2028	82	83	89	
2029	79	80	82	83	85	88	91	101	
2030	80	82	84	86	89	92	101	
2031	85	
2033	42	
2035	102	
2047	25	
2049	74	
2050	8	
2058	84	
2063	80	88	99	
2064	84	89	
2079	74	
2080	98	
2081	5	
2082	63	
2083	52	
2098	57	87	
2109	7	
2110	29	
2119	38	
2122	3	
2143	28	
2146	10	
2158	35	
2167	103	
2174	87	
2191	33	
2204	101	
2229	1	
2260	7	
2274	100	
2292	2	
