84	81	81	
120	87	90	92	95	
121	83	87	90	91	93	94	
122	83	86	87	91	93	94	
146	32	
152	52	92	
153	50	87	91	93	96	
154	82	84	85	87	89	90	94	98	
155	9	80	81	82	84	85	87	88	90	98	
156	6	12	14	81	82	83	84	85	86	89	90	97	
157	16	17	20	82	86	89	
158	18	
184	56	
185	47	51	54	
186	46	49	51	53	58	
187	50	56	59	81	83	84	86	88	88	90	95	
188	32	40	43	46	47	80	81	83	88	
189	8	17	69	79	80	
190	2	6	9	10	11	13	14	15	27	81	82	
191	12	15	16	17	19	20	82	84	
192	17	18	
214	29	
216	92	
218	51	52	58	
219	46	48	48	50	51	54	
220	82	85	88	88	90	92	94	
221	8	39	56	80	84	
222	12	15	16	19	26	34	42	46	47	48	50	53	59	79	
223	21	22	25	39	44	45	
224	2	7	9	10	11	14	
225	13	14	15	16	18	19	28	
226	17	20	22	
249	86	90	94	
250	8	18	81	84	99	
251	56	
252	43	47	49	51	53	53	55	59	
253	45	48	93	
254	9	13	63	80	82	84	89	95	
255	6	10	11	13	14	19	27	52	53	56	57	78	
256	17	18	20	21	47	48	49	50	
257	23	44	45	
258	3	6	11	13	
259	12	15	16	19	
260	18	23	
280	53	56	
281	47	50	
282	8	49	92	94	
283	10	79	81	84	87	88	91	95	
284	7	12	15	17	20	23	84	
285	52	53	57	
286	46	47	50	51	
287	44	45	87	91	98	
288	8	9	10	13	80	86	89	
289	12	15	17	19	21	24	26	52	54	56	
290	3	46	48	49	50	
291	45	88	91	97	
292	6	10	11	13	
293	12	13	15	16	16	18	20	23	
294	21	
314	48	51	52	56	
315	46	47	49	
316	8	44	85	88	90	93	
317	6	10	12	13	80	83	
318	12	15	16	17	19	26	57	
319	18	22	47	50	51	52	55	57	
320	42	45	47	48	50	
321	81	85	88	89	93	
322	3	8	10	11	12	13	14	56	83	87	
323	16	17	17	19	20	47	48	51	52	54	56	61	
324	42	45	46	47	49	
325	81	84	86	90	94	
326	4	6	8	11	12	13	14	
327	15	17	17	19	20	21	
328	22	
347	53	
348	47	52	54	59	
349	44	47	48	
350	9	81	83	86	90	
351	8	11	12	13	14	15	
352	17	18	19	21	56	57	
353	22	37	47	50	51	51	53	54	
354	42	44	45	46	48	49	
355	8	10	81	84	95	
356	5	7	10	11	12	14	15	57	71	
357	17	17	19	20	21	47	51	52	54	
358	48	92	94	
359	9	81	84	87	89	96	
360	8	11	12	13	13	14	15	16	17	18	23	
361	2	18	20	21	
381	52	55	56	
382	36	43	46	47	49	50	53	
383	45	48	92	
384	9	10	14	79	84	88	
385	5	8	11	12	13	14	15	16	16	18	19	
386	17	21	22	25	52	56	58	
387	37	48	50	51	52	53	54	
388	43	43	45	46	48	
389	9	
390	6	7	11	12	13	14	53	55	57	
391	3	17	21	23	47	51	54	
392	45	86	88	90	95	
393	7	9	10	11	13	84	
394	5	11	13	15	16	17	17	19	20	24	
395	18	21	22	
415	51	53	54	58	58	
416	46	47	49	50	
417	43	45	86	92	
418	4	7	10	11	12	14	
419	4	13	16	17	18	19	25	
420	22	53	57	
421	36	47	48	49	50	51	54	55	59	
422	41	44	45	46	46	49	
423	9	
424	7	13	14	15	25	52	55	59	
425	49	86	88	90	91	93	96	
426	9	81	84	87	88	91	93	
427	4	7	11	12	13	14	15	18	70	
428	17	19	20	21	25	
429	22	
448	58	
449	50	51	52	54	55	56	
450	34	46	47	48	49	
451	44	68	83	90	
452	5	8	10	11	14	15	
453	13	15	16	17	19	20	25	
454	52	57	
455	47	50	51	54	56	61	
456	41	45	46	47	48	49	
457	44	46	
458	5	7	12	54	96	
459	81	82	85	86	87	89	90	92	96	
460	6	9	10	13	16	79	83	84	
461	5	12	14	15	16	17	18	19	
462	17	20	22	23	24	
482	53	57	
483	50	51	54	59	
484	47	48	50	
485	43	85	89	
486	5	6	8	11	12	13	14	
487	17	20	25	26	
488	53	58	
489	51	52	54	55	56	57	
490	33	43	44	45	46	47	48	49	50	50	53	60	
491	42	44	46	47	48	
492	4	10	97	
493	10	12	13	15	19	81	82	84	85	88	
494	8	11	12	14	15	16	17	17	19	20	
495	15	17	18	19	20	21	23	
496	22	
500	36	
516	53	56	
517	36	47	49	51	54	60	
518	45	49	
519	9	91	97	
520	7	10	11	12	14	15	16	
521	17	18	20	22	
523	51	52	53	55	57	59	
524	35	46	47	48	49	50	50	51	51	54	58	
525	43	45	47	48	49	92	
526	8	90	95	
527	7	9	10	11	12	13	14	14	15	16	18	65	79	81	83	
528	11	12	15	15	16	16	17	17	18	19	20	21	
529	17	20	22	23	
534	35	35	
550	52	53	57	
551	47	48	50	51	
552	40	45	46	
553	9	14	89	
554	12	14	18	25	
555	17	21	
556	58	
557	48	51	52	53	53	55	58	
558	36	48	49	50	51	52	54	55	91	
559	43	45	47	49	82	86	88	89	91	94	
560	8	10	78	87	89	
561	4	7	10	11	12	12	13	14	14	15	24	
562	15	16	17	18	19	20	21	23	
563	22	
584	52	53	55	56	
585	47	49	50	51	52	54	59	
586	41	44	46	48	
587	10	
588	8	11	12	14	15	24	86	
589	13	16	17	19	
590	52	54	
591	36	50	51	53	54	55	56	83	87	90	91	93	96	
592	37	50	52	55	63	81	86	88	88	89	93	96	
593	36	41	42	45	47	48	49	61	78	79	80	83	85	
594	8	17	41	45	
595	5	7	8	9	10	12	14	15	22	24	28	
596	12	14	15	16	19	21	24	81	86	91	
597	16	17	20	92	
618	52	55	57	
619	48	51	52	53	54	59	
620	36	41	44	45	46	47	49	
621	9	44	
622	7	11	12	13	14	81	83	90	
623	53	83	86	87	88	89	90	92	94	
624	51	55	83	86	87	89	90	93	96	
625	42	82	83	84	85	86	88	89	
626	10	13	18	55	57	79	80	82	83	84	
627	16	17	18	19	42	44	49	50	54	56	60	64	
628	17	20	21	24	39	42	44	45	46	47	48	49	
629	4	23	44	
630	6	8	10	12	14	82	83	90	
631	13	17	20	82	86	88	89	92	
632	16	18	
652	53	57	
653	35	51	52	52	54	55	56	57	59	
654	41	43	45	47	47	49	49	50	
655	30	37	38	40	44	46	48	66	
656	5	8	11	57	66	
657	16	19	39	47	66	81	82	84	
658	16	19	40	66	80	82	84	85	88	
659	7	9	11	14	17	18	20	35	79	80	84	
660	12	14	15	17	18	19	20	
661	20	21	23	24	51	52	52	54	55	56	58	59	
662	23	25	45	46	47	48	49	50	
663	39	43	44	46	
664	6	8	10	14	
665	6	11	12	14	15	18	81	82	84	87	90	
666	17	20	92	
667	18	
682	18	
687	53	54	55	
688	50	51	52	54	55	58	59	
689	33	42	45	47	49	51	
690	4	23	33	42	43	45	48	57	62	103	
691	20	25	29	34	41	45	50	54	63	
692	13	14	19	21	22	45	69	79	
693	15	21	22	23	
694	21	22	24	25	
695	52	55	57	
696	34	47	48	50	50	51	53	54	60	
697	40	42	44	45	46	47	47	49	
698	3	8	31	38	43	
699	7	9	10	12	14	81	85	99	
700	12	13	15	16	18	80	82	84	86	88	88	90	92	96	
701	16	17	18	87	91	93	
722	55	
723	54	
724	65	
725	25	
726	24	
729	53	
730	52	53	54	55	56	58	61	
731	35	36	46	47	48	49	50	51	54	60	
732	30	40	41	43	44	45	46	47	49	
733	4	9	13	
734	8	9	10	12	14	82	83	
735	13	16	19	80	82	83	83	85	87	89	90	
736	17	83	87	91	
737	17	
764	53	55	
765	51	52	54	55	57	60	
766	35	36	42	45	46	47	48	49	50	51	54	59	
767	33	40	41	44	45	46	47	49	
768	5	10	26	38	43	48	
769	7	9	11	12	13	15	19	80	81	84	100	
770	15	16	20	81	83	84	98	
771	16	18	20	
799	52	55	
800	51	52	53	53	54	57	
801	34	49	50	59	
802	3	28	40	43	43	45	46	49	
803	5	9	25	68	
804	7	11	13	14	16	20	23	24	
805	18	20	22	
834	53	54	
835	35	54	
836	62	
837	5	
838	23	24	
839	22	
1162	24	
1174	39	
1179	8	
1207	43	
1209	65	
1217	92	
1232	38	
1233	83	
1236	53	
1237	65	
1241	37	
1242	38	
1243	48	
1245	49	
1253	14	
1265	98	
1274	38	84	
1275	16	39	
1276	17	19	40	46	48	58	66	
1277	22	39	44	47	48	58	
1278	50	62	
1279	49	
1282	24	94	
1285	30	
1287	10	
1307	13	
1308	18	26	
1309	12	17	18	20	22	35	41	66	76	
1310	13	15	19	21	34	51	53	54	56	62	
1311	18	19	21	23	24	36	41	43	43	45	47	47	48	49	52	58	
1312	22	24	26	42	45	46	49	50	58	
1314	48	
1316	5	
1317	29	49	
1318	78	
1320	99	
1323	7	
1325	2	
1337	47	
1338	19	
1341	10	15	
1342	11	14	16	68	
1343	8	11	12	14	15	16	17	19	20	
1344	18	21	23	24	54	56	58	91	93	
1345	24	37	47	49	51	52	53	55	87	89	90	92	94	
1346	43	44	45	47	48	51	58	
1355	23	
1370	84	
1371	40	
1372	28	48	
1375	10	13	20	67	
1376	8	11	15	16	17	19	22	25	
1377	18	21	24	
1378	8	83	86	89	91	
1379	11	15	50	51	53	55	59	78	80	82	83	86	89	
1380	17	43	45	47	49	51	54	82	
1381	49	
1396	4	
1403	14	21	
1404	15	18	41	
1405	21	24	24	50	56	
1406	44	48	
1408	8	14	28	
1409	10	11	13	15	15	19	56	
1410	12	15	17	19	21	23	46	50	53	
1411	21	49	87	90	93	
1412	8	79	82	85	88	
1413	5	6	11	14	17	52	53	55	58	81	85	
1414	17	20	47	48	50	54	56	
1415	45	
1416	51	
1417	4	
1419	94	
1424	11	
1437	12	15	
1438	12	14	16	19	48	52	55	
1439	17	19	22	24	43	45	48	49	
1442	8	12	18	56	
1443	11	12	14	15	16	19	27	48	51	52	
1444	17	23	24	44	50	63	
1445	79	82	83	86	93	
1446	9	14	57	66	82	87	91	93	
1447	7	12	15	17	19	47	50	51	54	55	
1448	17	20	22	25	44	45	48	48	51	
1449	90	95	
1450	58	
1456	10	
1467	71	
1468	79	
1469	21	24	
1470	39	
1471	8	10	13	58	68	
1472	11	15	17	18	20	47	50	52	54	56	
1473	17	20	22	34	45	46	49	
1474	44	90	
1475	65	
1476	7	10	12	13	15	19	23	53	57	
1477	15	16	17	19	20	27	42	46	47	50	51	52	54	60	
1478	20	22	41	44	45	46	48	
1479	93	
1480	6	8	10	13	14	52	52	56	
1481	13	16	17	19	20	25	48	50	51	53	54	56	59	
1482	18	23	44	45	46	49	91	
1483	89	
1484	89	
1485	30	
1499	14	
1501	3	
1504	6	9	
1505	11	12	14	17	21	53	
1506	13	15	16	18	19	21	47	49	51	
1507	22	44	46	48	50	92	
1508	83	89	
1509	77	
1510	7	10	11	13	14	15	16	52	55	56	
1511	12	13	16	16	18	20	42	48	50	50	52	53	55	59	
1512	22	44	49	
1513	44	87	
1514	8	10	11	14	15	16	24	48	52	56	
1515	17	18	20	21	23	47	49	50	53	57	60	
1516	44	47	49	87	90	94	
1517	85	90	
1535	57	
1538	10	
1539	7	11	12	13	14	16	28	51	52	55	56	
1540	16	16	18	22	49	50	52	
1541	23	48	86	89	92	
1543	9	
1544	4	11	12	13	14	19	53	55	
1545	17	19	21	23	48	48	49	50	54	
1546	18	43	45	98	
1547	8	11	
1548	5	6	11	13	15	16	18	19	25	48	53	58	69	
1549	20	22	24	45	46	49	52	
1550	52	80	85	89	94	
1551	62	86	
1572	9	13	15	57	
1573	7	11	12	14	14	18	18	21	26	48	50	52	
1574	17	21	40	45	46	49	
1575	84	89	99	
1576	13	83	83	
1577	13	94	
1578	5	6	6	10	12	14	15	21	52	55	58	
1579	13	16	17	19	22	23	26	34	36	43	43	50	53	
1580	18	41	45	49	
1581	9	10	53	
1582	13	19	20	24	47	49	50	52	54	55	
1583	48	90	92	94	
1584	52	83	88	93	96	
1590	49	
1594	22	
1601	32	
1605	11	
1606	8	10	12	14	25	52	56	57	
1607	12	15	16	19	47	49	50	53	
1608	22	44	46	48	
1609	44	85	90	
1612	7	9	11	13	13	15	23	55	
1613	12	15	17	19	49	54	60	84	92	
1614	16	16	17	20	22	40	44	45	46	49	57	66	
1615	24	28	46	48	50	51	55	56	
1616	45	47	49	51	53	
1617	22	78	80	83	85	88	88	91	
1618	80	83	89	
1632	70	
1638	32	
1640	8	9	11	13	15	53	56	
1641	17	20	24	48	50	51	54	
1642	18	44	50	
1643	46	62	
1645	9	
1646	9	12	14	
1647	7	11	12	13	13	14	15	16	17	18	24	35	56	81	83	88	90	
1648	16	17	19	20	23	47	51	52	55	56	
1649	18	44	46	48	48	49	50	51	53	
1650	44	50	88	91	96	
1651	81	87	97	
1652	90	
1653	48	81	
1654	88	
1670	25	
1671	31	
1673	13	21	
1674	7	11	13	15	16	18	53	57	
1675	15	17	18	20	43	47	50	55	
1676	22	45	47	49	
1677	88	
1680	10	16	19	68	
1681	6	8	9	10	11	13	13	14	15	16	19	23	52	53	56	
1682	15	15	16	17	18	19	20	21	23	42	46	47	48	49	49	50	51	53	54	56	59	68	83	
1683	21	22	44	45	46	47	49	51	
1684	45	52	79	81	85	90	94	
1685	50	82	86	94	
1691	30	30	31	52	
1695	73	
1697	58	
1707	4	
1708	3	8	10	11	52	53	54	56	
1709	16	17	19	40	49	51	
1710	18	22	43	48	51	97	
1711	50	59	
1713	9	14	23	
1714	9	11	16	18	27	
1715	4	7	9	10	12	13	14	15	16	17	19	23	24	24	52	52	53	54	55	56	69	
1716	13	17	18	20	22	24	34	37	46	47	48	49	50	51	52	54	59	93	
1717	22	41	43	44	46	48	51	54	88	
1718	48	79	
1737	26	
1740	14	
1741	14	
1742	5	8	10	12	14	15	52	54	56	57	
1743	16	18	18	20	25	42	47	48	50	54	56	62	
1744	32	44	48	52	
1745	39	43	49	
1746	7	41	
1747	9	12	14	17	18	20	68	
1748	6	9	11	12	14	15	20	23	26	
1749	4	13	21	23	24	52	54	55	92	
1750	51	52	53	55	56	60	83	86	88	89	90	92	96	
1751	40	43	45	47	48	49	50	53	83	86	87	89	91	94	
1752	39	45	46	51	
1763	51	
1774	15	
1775	13	
1776	4	7	9	11	14	20	52	56	
1777	12	13	17	18	23	34	43	48	50	52	53	59	83	87	91	
1778	17	20	28	40	43	44	45	46	49	62	
1779	10	14	34	42	46	63	66	
1780	11	14	19	26	
1781	12	15	19	21	23	57	
1782	3	20	21	
1783	23	82	87	89	91	95	
1784	7	11	14	54	56	80	81	82	84	85	89	
1785	37	48	49	50	52	53	55	58	80	81	82	84	85	89	91	
1786	16	17	32	42	44	46	48	49	52	59	
1787	41	45	
1788	49	
1807	94	
1809	9	
1810	10	13	15	
1811	8	10	11	12	14	15	17	35	52	55	82	87	91	
1812	17	22	45	87	90	92	93	
1813	93	
1814	23	52	88	91	93	
1815	23	51	87	90	92	94	
1816	85	86	89	91	95	
1817	80	81	84	86	88	93	
1818	9	14	80	83	86	88	100	
1819	7	10	11	13	15	51	52	55	59	80	81	85	88	99	
1820	16	17	19	37	43	43	45	47	48	48	49	51	55	58	92	
1821	41	45	46	47	47	49	
1822	43	48	
1823	72	
1827	47	
1829	75	
1841	24	
1844	10	
1845	10	12	13	82	85	100	
1846	7	11	81	81	83	83	85	88	90	99	
1847	86	88	90	91	95	
1848	82	87	89	90	
1849	81	83	85	86	89	
1850	24	80	82	83	85	90	
1851	81	
1852	8	8	83	
1853	5	10	11	13	14	15	17	52	54	55	89	
1854	12	15	17	20	48	50	51	52	53	55	56	59	81	83	85	87	89	
1855	16	17	19	31	36	42	45	46	47	49	51	56	87	92	
1856	42	44	49	56	
1857	40	46	48	
1879	5	12	
1880	79	81	85	88	99	
1881	79	80	82	83	86	95	
1882	79	82	84	87	90	93	
1883	78	80	87	89	94	
1886	11	
1887	5	9	86	
1888	6	11	13	14	52	54	57	80	82	86	94	102	
1889	13	16	20	48	50	51	53	57	58	82	85	86	89	91	
1890	16	17	32	39	41	44	45	46	47	49	51	65	
1891	41	43	46	48	
1892	47	64	
1908	28	
1915	80	
1916	80	
1918	96	
1921	19	
1922	8	11	13	95	
1923	10	11	14	52	54	55	56	80	81	82	83	85	89	94	98	
1924	13	18	22	35	51	52	53	56	59	82	87	89	91	
1925	43	45	47	50	52	55	55	57	62	92	
1926	43	49	
1949	103	
1955	98	
1956	8	90	
1957	10	13	81	
1958	7	11	15	80	81	83	83	87	89	98	
1959	51	82	86	88	89	91	
1960	87	91	
1967	76	
1973	49	
1983	102	
1986	86	
1987	79	
1991	12	
1992	96	
1993	80	81	83	88	91	99	
1994	81	85	89	
2008	58	
2010	96	
2013	70	
2017	72	
2020	12	
2024	98	
2028	79	85	
2061	86	89	
2062	84	
2063	89	
2069	27	
2077	75	
2078	10	
2091	19	
2103	63	
2115	34	
2116	10	
2136	102	
2146	9	
2173	97	
2174	94	
2184	11	
2195	15	
2225	4	
2251	10	
2252	9	
2255	10	
