112	42	
223	57	
225	90	92	97	
226	92	97	
227	87	90	92	97	
228	18	
242	57	
244	8	54	87	92	97	
245	11	15	18	83	87	88	90	92	94	97	
246	16	
258	87	88	92	94	97	
259	82	85	86	87	89	90	92	94	95	
260	9	47	81	82	85	86	87	89	90	91	92	94	96	
261	12	13	15	16	82	84	85	86	87	88	89	90	91	94	95	98	
262	16	18	19	87	90	91	94	97	
263	16	17	19	
276	56	60	
277	48	51	52	53	55	92	
278	8	81	86	87	89	90	92	94	97	
279	6	11	12	13	14	15	16	82	84	86	90	
280	16	17	18	19	20	25	
289	57	
290	51	53	55	56	
291	38	48	51	54	85	87	89	91	93	94	97	
292	46	53	58	62	67	81	82	84	85	86	87	89	90	93	95	
293	17	40	45	46	47	50	52	53	57	79	81	82	84	85	86	89	98	
294	10	45	46	47	48	48	49	78	79	80	81	83	83	85	86	88	
295	6	10	11	14	79	80	81	83	83	84	85	86	89	93	
296	8	11	13	13	15	16	80	82	83	85	86	88	88	89	91	94	
297	16	16	17	18	18	20	82	92	97	
309	53	56	57	
310	50	51	53	54	58	
311	46	48	49	51	54	86	87	88	90	91	94	98	
312	9	11	82	83	84	86	87	88	89	92	96	
313	7	11	12	13	15	16	17	19	20	79	81	84	
314	18	19	20	21	22	
315	23	
322	57	
323	52	54	56	92	97	
324	35	51	53	54	87	89	91	93	93	95	99	
325	14	16	39	63	81	83	83	84	85	87	88	90	
326	16	19	56	57	61	63	70	79	81	83	
327	22	23	51	52	52	54	55	56	57	58	73	79	
328	47	49	50	51	54	73	
329	9	11	13	49	79	85	88	
330	7	11	12	12	13	14	15	16	16	17	19	19	71	78	79	80	83	83	85	98	
331	13	16	17	18	18	20	20	21	22	26	
332	22	
342	58	
343	52	55	56	57	58	59	60	
344	47	48	50	51	52	52	53	54	55	59	
345	9	45	46	47	48	49	50	81	83	85	89	93	99	
346	7	9	10	11	12	13	14	15	18	79	80	82	83	84	86	89	
347	12	15	16	17	17	18	19	20	21	24	26	
348	3	18	20	22	23	24	
355	57	60	
356	54	58	
357	49	51	53	54	87	89	91	95	
358	10	49	54	80	82	83	85	86	88	90	93	98	
359	7	11	12	14	16	19	79	81	84	
360	15	20	21	24	57	74	
361	23	25	33	52	52	53	54	55	57	58	60	
362	39	51	53	92	
363	7	9	10	11	12	14	14	18	29	
364	2	12	13	13	14	15	16	17	17	19	19	20	21	23	24	
365	17	18	20	21	22	24	
377	36	53	55	56	56	57	59	60	61	
378	47	48	49	50	51	52	52	54	54	55	58	
379	8	9	45	46	47	48	49	50	84	88	94	
380	5	6	7	9	11	12	12	13	14	15	15	16	
381	16	17	18	18	20	20	22	23	
382	17	22	
389	53	56	57	59	62	
390	50	51	52	54	55	58	
391	48	49	50	82	83	85	87	89	92	95	101	
392	8	9	11	12	14	14	80	82	84	88	
393	15	18	21	24	73	
394	55	56	59	97	
395	52	53	55	88	91	92	95	98	98	
396	8	39	82	86	88	90	95	
397	4	6	9	11	12	13	14	14	15	16	17	18	19	70	
398	13	15	17	18	20	21	22	23	23	25	26	
399	22	
410	58	
411	52	57	58	59	61	
412	51	52	52	53	53	54	55	56	59	60	
413	9	45	46	47	47	49	49	50	51	
414	1	7	9	10	11	12	14	15	43	46	48	
415	3	6	11	13	14	15	16	17	19	21	25	83	87	91	95	
416	16	17	18	21	
423	55	57	58	58	60	
424	51	52	53	54	55	93	
425	10	13	48	50	80	85	87	90	92	
426	8	11	12	88	90	
427	88	91	97	
428	87	88	90	91	93	96	
429	16	40	80	81	83	86	87	89	90	95	
430	7	9	10	12	13	14	15	16	17	18	19	41	70	79	82	85	
431	6	11	12	14	15	17	19	19	20	21	23	
432	3	20	21	22	24	27	
433	22	
436	56	
445	58	61	
446	51	52	52	53	55	55	56	57	57	58	59	60	63	
447	48	50	50	51	51	54	56	58	
448	4	7	9	11	13	44	46	47	48	49	49	50	71	74	103	
449	8	9	11	12	14	15	46	81	85	86	89	91	94	98	
450	12	15	17	20	83	85	87	88	89	91	95	97	
451	16	90	92	96	
452	17	
455	93	
456	88	92	96	
457	52	55	56	59	92	95	
458	51	53	54	58	86	88	89	91	92	93	96	102	
459	83	83	86	87	90	92	96	102	
460	6	12	37	86	88	90	94	98	98	
461	16	46	82	85	86	87	89	93	96	
462	9	16	18	40	46	68	81	82	84	86	87	89	90	93	95	99	
463	10	11	13	13	14	16	17	18	19	20	43	71	79	82	84	89	
464	3	11	12	14	15	17	18	20	21	21	23	23	
465	20	21	22	24	25	74	
468	47	47	
480	52	55	57	59	61	63	
481	33	51	52	53	53	54	55	56	57	58	58	59	61	74	
482	41	45	47	49	50	51	52	56	57	69	
483	2	5	10	14	27	41	44	45	46	47	48	48	49	49	69	71	79	81	83	
484	8	8	11	12	14	15	46	47	49	80	81	82	84	85	86	89	90	93	
485	9	11	46	82	84	86	87	88	88	89	90	92	94	96	
486	12	17	87	88	89	90	92	93	96	
487	86	87	90	91	94	95	98	
488	92	93	94	96	
489	87	88	90	91	93	95	98	
490	56	85	86	87	89	91	92	95	97	
491	36	82	83	85	87	88	88	90	91	93	94	96	98	
492	46	51	53	55	81	83	83	85	86	87	88	89	90	91	92	94	98	99	
493	4	49	81	85	87	89	95	
494	15	16	17	19	60	68	80	84	
495	6	8	12	13	16	17	18	19	19	20	21	29	42	68	71	79	81	83	85	89	
496	9	11	12	14	17	18	19	20	20	21	22	26	45	70	72	79	85	
497	5	12	13	15	15	18	18	19	20	21	22	24	25	26	73	
498	22	23	24	25	73	
499	22	
515	55	60	63	
516	52	53	53	54	55	56	57	58	59	60	62	74	
517	5	29	48	49	50	51	52	54	55	56	57	58	71	
518	5	24	38	42	44	45	46	47	49	50	51	53	56	66	68	73	78	79	83	85	
519	5	11	14	45	46	47	48	48	49	70	79	80	81	82	84	85	89	
520	6	9	42	43	47	78	80	82	84	86	87	89	90	94	98	
521	46	48	78	79	81	82	83	83	84	85	86	87	88	89	90	93	95	
522	46	81	82	84	85	86	87	88	89	91	95	97	
523	17	46	82	83	85	86	87	88	89	90	95	
524	43	47	49	58	58	80	81	82	83	84	85	86	88	89	94	
525	19	41	47	49	51	54	56	58	59	66	71	78	80	81	83	84	85	87	89	100	
526	42	44	46	47	48	48	50	70	79	81	82	84	85	
527	10	14	45	46	46	49	78	82	83	86	
528	8	9	11	12	13	13	14	15	16	20	
529	12	13	16	16	17	18	19	19	21	22	24	25	
530	5	18	20	21	23	24	25	
531	22	24	
536	26	26	
541	89	89	90	
549	64	
550	34	55	62	
551	34	52	54	55	57	60	61	
552	49	51	53	54	55	56	58	58	60	61	63	
553	5	23	24	46	49	50	51	52	54	56	58	58	59	61	71	78	
554	21	23	24	28	33	44	45	48	49	50	51	53	55	56	57	58	60	64	68	79	83	
555	20	21	40	44	45	47	49	50	50	52	55	57	59	63	68	71	79	81	85	
556	19	20	22	27	41	44	45	47	48	48	49	51	58	59	67	69	72	77	78	79	81	84	85	
557	16	18	19	21	26	41	43	45	47	50	52	57	61	64	67	70	71	78	78	79	81	84	85	
558	18	20	20	23	27	28	42	44	45	49	57	59	61	65	69	71	80	82	84	
559	19	20	21	25	45	49	51	53	54	55	56	57	57	58	59	61	69	72	78	80	
560	21	23	24	27	30	45	47	48	49	50	51	52	52	54	55	56	59	63	70	
561	8	10	13	15	22	24	29	44	46	47	48	49	49	50	72	75	
562	5	7	10	11	12	14	14	15	
563	13	15	16	17	18	19	20	22	23	25	
564	17	18	21	25	
586	62	
587	25	52	54	62	
588	23	25	52	55	61	74	
589	24	25	28	50	55	62	64	
590	23	25	55	61	72	
591	21	24	25	62	
592	22	23	25	63	
593	23	25	55	59	61	
594	24	51	52	53	54	54	55	56	58	59	60	62	63	73	
595	32	45	47	48	49	50	50	51	53	
596	5	8	9	11	12	14	15	43	45	46	47	48	49	
597	12	13	15	16	20	87	91	97	
598	16	17	18	19	22	
599	17	
609	101	102	
625	25	74	
627	62	
628	53	55	55	56	57	57	58	58	59	60	62	
629	48	50	51	51	52	54	55	56	64	
630	5	7	8	13	43	45	46	47	47	49	49	50	
631	2	6	10	11	12	14	15	46	79	81	84	86	87	88	90	94	
632	8	13	14	16	17	19	21	82	87	90	91	94	97	
633	16	18	88	91	92	98	
634	17	
662	57	58	61	62	
663	51	52	53	53	54	55	56	56	57	59	60	
664	32	45	47	48	49	50	50	51	54	63	70	
665	10	12	14	27	43	45	46	47	48	48	49	50	70	72	79	85	
666	2	8	10	12	14	21	26	46	47	78	82	84	86	87	88	89	92	93	96	
667	8	12	14	15	78	81	82	85	86	87	88	89	90	91	93	94	96	
668	16	88	90	92	97	
669	88	92	
670	17	
682	23	
697	53	55	58	58	60	63	
698	31	35	51	52	53	54	55	55	56	57	58	59	60	62	
699	5	43	45	47	49	50	51	54	56	57	58	59	71	
700	4	9	27	29	43	45	46	47	48	48	49	50	69	71	79	83	
701	10	12	13	15	20	42	45	46	47	49	50	71	79	81	82	84	85	
702	6	11	14	46	47	48	79	81	82	84	85	86	88	90	94	97	
703	8	11	15	82	85	86	87	89	91	94	97	98	
704	16	18	19	87	91	97	
705	17	
728	2	
732	60	63	
733	32	53	53	55	57	60	62	
734	24	31	51	52	54	55	57	58	59	60	65	
735	5	23	25	30	49	50	51	52	54	57	59	65	70	79	
736	9	21	25	26	41	45	47	49	50	50	58	69	73	78	79	82	84	
737	9	11	13	15	20	22	28	41	44	45	47	48	50	68	72	79	80	81	84	
738	1	7	11	12	15	17	19	20	22	71	81	83	85	88	
739	18	21	
754	1	
768	62	
769	62	
770	52	55	
771	5	10	23	25	64	
772	13	22	24	
773	21	23	
831	82	
1158	89	
1166	63	
1170	10	
1183	84	
1186	81	
1214	3	
1233	27	
1234	56	
1235	46	48	
1256	84	
1261	73	
1267	26	
1274	11	
1279	9	
1285	71	
1298	88	
1304	42	
1309	22	30	
1312	37	
1318	57	
1333	46	
1334	46	
1336	43	
1340	60	
1347	44	46	48	56	
1348	46	56	
1349	46	57	
1350	49	
1353	15	
1366	16	22	57	
1367	47	
1368	48	55	
1369	50	
1378	29	
1379	74	
1380	17	21	26	35	37	
1381	18	20	37	46	49	58	63	65	66	72	
1382	19	20	33	44	47	48	49	51	57	61	70	
1383	22	31	44	46	47	48	49	51	59	70	
1384	44	46	47	49	56	
1385	46	50	
1395	68	
1398	39	
1399	14	20	41	
1400	17	19	29	56	57	59	62	
1401	18	22	44	47	48	49	51	54	
1402	49	
1403	50	
1411	18	
1412	20	
1413	11	14	17	19	41	
1414	14	16	17	19	20	21	30	72	
1415	16	17	18	19	20	22	25	52	57	60	63	72	
1416	20	21	23	24	52	55	56	57	58	58	60	62	68	72	
1417	20	22	25	27	31	44	47	50	51	52	53	54	56	57	59	71	
1418	43	46	47	48	49	50	53	67	71	
1419	47	48	50	57	59	76	
1424	81	
1430	63	
1431	25	
1432	9	14	16	
1433	11	13	15	16	17	19	39	58	
1434	16	17	21	23	24	47	56	59	61	71	
1435	21	23	46	48	49	50	50	51	53	53	54	58	74	
1436	49	56	60	
1438	43	
1445	17	
1446	9	12	14	17	18	20	27	42	
1447	10	12	14	15	17	18	19	21	26	
1448	12	15	20	21	23	25	
1449	23	24	
1450	16	22	25	53	57	58	61	
1451	23	51	52	54	55	56	57	58	60	63	
1452	47	51	52	53	53	54	57	58	
1453	45	48	49	51	54	
1459	90	
1465	9	15	
1466	9	11	14	16	18	
1467	12	15	16	17	18	18	19	20	21	57	61	
1468	17	20	21	23	23	25	47	52	53	55	58	58	61	
1469	48	50	51	54	91	97	
1470	22	48	
1471	40	
1472	22	99	
1476	17	
1478	16	
1479	11	14	16	18	22	40	43	
1480	8	10	12	14	15	17	18	19	21	26	57	73	
1481	21	22	24	53	73	
1482	91	93	95	
1483	8	10	14	87	88	89	90	93	95	
1484	8	12	15	16	17	19	58	62	82	86	87	89	95	
1485	18	21	48	52	52	55	56	58	59	61	
1486	49	50	51	52	53	54	56	62	74	
1487	48	50	
1488	62	
1499	8	12	14	24	
1500	9	10	11	14	14	18	24	58	
1501	8	13	15	16	16	17	18	19	20	21	23	25	56	57	59	
1502	22	24	47	48	50	51	52	53	54	55	56	58	
1503	45	47	49	50	53	82	86	89	93	95	
1506	17	42	
1510	22	
1512	9	12	13	18	
1513	12	13	15	16	18	19	21	25	71	
1514	21	22	24	47	52	56	58	
1515	47	48	51	54	60	91	94	
1516	18	82	86	87	88	91	
1517	9	10	12	13	14	16	18	20	72	81	83	84	85	93	
1518	7	12	17	19	20	21	24	56	57	60	70	79	81	85	
1519	22	51	52	53	55	56	60	93	
1520	49	50	52	58	83	86	88	88	90	93	93	96	100	
1521	51	
1526	68	
1533	9	22	
1534	5	7	10	11	12	13	14	15	16	18	58	
1535	12	13	16	17	18	20	22	25	52	52	53	54	55	56	57	59	60	
1536	18	21	23	48	50	51	52	54	57	58	62	67	
1537	44	46	47	48	49	51	53	82	89	
1538	44	51	57	
1539	51	
1545	10	17	
1546	7	10	12	14	15	17	18	
1547	12	15	16	17	19	20	21	22	25	58	60	
1548	22	23	44	46	47	51	52	56	61	
1549	42	44	47	49	51	66	82	86	88	
1550	9	12	14	16	41	79	81	84	86	
1551	5	11	12	15	16	18	18	19	21	24	27	57	69	
1552	20	20	22	23	25	27	55	57	59	
1553	50	52	53	54	60	87	91	95	100	
1554	50	54	80	82	85	87	90	
1555	84	
1560	93	
1561	62	
1566	13	
1567	9	24	
1568	4	6	8	9	11	12	14	15	
1569	13	15	17	18	20	24	26	56	57	62	98	
1570	17	20	22	50	51	52	53	54	55	56	58	58	59	
1571	45	48	50	51	53	53	56	61	72	
1572	31	44	47	49	50	51	57	67	73	
1573	29	44	46	49	
1574	33	46	48	
1575	47	
1577	38	47	
1578	20	
1579	8	12	14	18	46	
1580	6	11	12	14	15	16	19	21	23	42	58	
1581	13	16	17	18	19	20	21	24	43	53	59	
1582	21	22	40	47	50	51	54	59	
1583	26	43	45	48	62	71	80	
1584	11	13	14	20	22	23	26	48	57	70	
1585	20	21	24	57	71	
1586	51	53	54	55	58	74	92	95	97	
1587	55	81	83	85	86	87	88	90	92	93	96	99	
1588	53	81	84	87	89	94	101	
1595	11	65	
1601	9	14	
1602	10	11	14	15	23	
1603	8	11	12	14	15	15	16	21	62	81	86	90	93	95	
1604	16	17	21	34	55	61	88	93	97	
1605	18	48	51	52	53	54	55	56	57	59	61	63	
1606	44	45	47	49	50	51	54	56	59	68	71	
1607	28	38	41	44	46	47	48	50	58	72	
1608	35	37	47	48	53	58	
1609	46	48	49	52	71	
1610	46	73	
1611	13	18	40	46	
1612	16	18	19	21	40	47	67	70	
1613	8	9	12	13	15	16	18	20	23	24	29	39	66	
1614	6	10	11	12	14	15	16	17	18	20	21	22	23	25	26	40	45	48	70	
1615	19	21	22	24	60	72	
1616	22	23	52	58	65	76	
1617	56	58	63	
1618	23	24	55	
1619	50	52	53	55	92	97	
1620	54	60	83	85	86	87	89	91	94	97	
1621	78	79	81	83	84	86	89	91	
1622	80	85	
1629	13	81	81	81	82	
1634	21	
1636	5	13	21	
1637	6	9	11	14	21	81	85	88	101	
1638	8	13	15	63	81	82	86	87	89	90	92	95	97	
1639	18	35	55	60	62	90	91	93	96	
1640	16	25	51	53	53	54	56	57	59	61	
1641	24	26	28	49	51	52	54	56	58	58	61	64	67	
1642	21	25	39	45	48	49	50	52	55	57	59	61	68	71	
1643	20	23	27	41	44	48	50	51	55	62	66	72	
1644	15	19	21	42	45	47	49	51	66	70	
1645	8	11	14	19	21	23	26	43	50	61	64	68	71	
1646	14	16	17	18	19	20	22	25	49	72	
1647	8	11	14	17	19	20	21	22	24	27	45	72	73	
1648	12	14	17	20	21	23	24	26	
1649	1	22	25	57	
1650	47	
1651	46	49	54	56	74	87	88	91	92	96	98	
1652	54	55	87	88	91	93	94	96	98	
1653	53	82	83	85	86	87	88	89	90	92	95	98	102	
1654	79	80	82	84	86	89	93	
1655	81	
1660	8	
1671	9	86	90	93	
1672	8	10	13	14	79	81	83	84	86	89	90	97	
1673	6	10	11	12	14	15	78	81	82	85	86	87	88	90	91	95	99	
1674	17	18	88	90	92	95	
1675	62	74	92	
1676	16	24	55	61	
1677	24	32	55	60	
1678	23	24	29	
1679	13	14	15	22	24	71	
1680	12	13	22	23	25	
1681	24	
1682	58	58	92	
1683	52	55	56	57	59	
1684	48	51	52	53	53	54	59	63	97	
1685	47	49	50	82	83	85	86	87	89	92	95	
1686	55	80	81	82	84	85	86	89	91	95	98	
1687	51	53	78	79	81	84	85	88	88	
1688	79	82	83	89	
1689	96	
1691	28	29	
1692	28	
1693	35	
1697	93	
1704	47	
1705	9	83	
1706	8	78	83	88	91	97	
1707	10	12	15	79	81	83	85	87	91	94	
1708	10	13	14	81	83	84	85	87	89	92	94	98	
1709	7	11	15	16	82	86	87	88	90	92	94	97	98	
1710	12	17	88	89	91	92	94	96	
1711	87	88	90	90	92	96	97	
1712	73	91	93	95	97	
1713	87	91	92	93	95	97	
1714	87	88	91	92	94	95	98	
1715	83	86	87	88	88	89	91	92	95	96	99	
1716	6	11	15	82	86	87	88	89	91	92	93	95	98	99	
1717	16	17	19	36	52	53	55	57	59	61	85	87	88	90	92	93	96	
1718	17	51	52	53	54	55	56	58	60	
1719	45	46	47	48	49	51	56	59	79	80	83	
1720	49	54	78	80	81	83	
1721	78	82	83	98	
1722	103	
1731	93	94	
1735	47	
1736	11	
1738	8	
1739	17	
1741	82	85	103	
1742	8	9	15	79	81	85	92	96	
1743	78	79	81	83	84	85	87	90	95	
1744	8	78	80	81	83	83	85	86	89	91	96	98	
1745	8	80	81	83	84	85	86	87	89	90	93	
1746	78	81	82	84	85	86	87	88	89	90	92	95	100	
1747	81	82	85	86	87	88	90	92	96	
1748	78	81	82	83	85	87	89	91	94	
1749	13	77	79	80	81	82	84	85	87	89	99	
1750	7	9	11	14	18	79	80	81	83	83	87	89	97	
1751	7	12	13	19	61	79	80	82	84	85	86	89	94	97	98	
1752	16	16	17	19	21	52	53	54	55	56	57	59	61	84	88	88	92	
1753	44	45	48	49	50	50	52	54	58	72	75	
1754	43	44	45	46	47	48	49	51	74	
1755	46	51	57	
1756	67	
1759	58	
1764	6	7	7	
1776	6	38	87	
1777	80	98	
1778	79	81	85	88	
1779	11	79	80	82	84	100	
1780	79	79	81	83	83	85	
1781	78	80	82	83	87	
1782	79	82	85	89	91	
1783	11	79	83	84	
1784	10	12	14	78	80	95	
1785	7	10	11	12	14	15	78	79	82	84	87	88	90	93	
1786	16	17	18	19	21	23	53	55	56	57	58	61	85	87	90	96	99	
1787	31	50	51	52	53	53	54	55	57	58	59	63	
1788	44	45	47	51	52	54	56	66	71	
1789	44	47	48	48	50	51	56	72	75	
1790	44	46	48	49	51	60	73	
1791	47	
1792	57	
1795	17	
1805	4	
1810	23	
1813	87	93	
1815	79	
1817	104	
1818	11	85	
1819	6	9	10	12	14	15	82	85	
1820	7	12	13	14	15	16	21	24	63	81	85	88	89	91	94	96	
1821	17	19	34	52	54	55	57	59	60	87	92	96	
1822	52	54	55	56	57	58	60	
1823	32	45	50	51	52	54	56	59	71	
1824	25	43	49	50	52	56	59	67	71	
1825	26	44	47	49	51	56	59	
1826	43	46	47	49	56	
1836	91	
1837	55	
1852	88	95	
1853	3	11	14	
1854	8	8	10	12	14	81	83	86	90	97	
1855	11	13	15	16	19	77	81	82	85	86	87	88	90	93	93	97	99	
1856	53	92	96	
1857	16	52	54	61	64	92	
1858	25	32	54	57	58	58	60	63	
1859	51	53	54	57	61	73	
1860	23	48	49	52	56	
1861	49	
1865	85	
1873	36	
1882	37	
1887	14	
1888	4	81	83	
1889	12	78	79	81	84	85	88	92	
1890	7	9	12	14	18	78	82	84	85	86	87	89	90	94	97	98	
1891	11	82	85	86	87	88	90	91	94	96	98	
1892	87	90	92	95	97	
1893	52	53	54	55	61	92	96	
1894	52	63	73	
1910	3	
1923	80	84	89	
1924	14	79	82	83	85	88	94	
1925	80	81	82	84	85	89	
1926	78	81	82	84	85	87	88	90	97	
1927	82	86	87	88	90	94	
1928	88	89	93	96	
1941	100	
1953	55	
1959	81	84	90	
1960	79	84	
1961	79	81	84	90	
1962	82	87	
1977	37	
1982	33	
1992	25	
1994	83	
1995	85	88	
1996	27	87	
2000	31	
2047	46	53	
2061	101	
2062	26	
2066	4	
2084	2	79	
2099	75	
2143	86	
2150	12	
2160	99	
2161	18	
2162	20	95	
2168	30	
2177	11	
2181	20	
2185	11	
2203	17	
2204	13	32	
2246	8	
2273	1	
2296	104	
