118	85	86	
178	93	
179	90	92	93	94	98	
180	86	87	89	91	93	94	96	
181	16	91	96	
210	56	
211	48	51	
212	87	91	92	94	
213	9	81	83	83	84	86	87	88	89	91	92	95	
214	10	12	13	15	81	83	84	85	87	88	88	89	91	94	101	
215	12	16	17	19	82	85	87	90	
216	17	18	
218	11	
227	88	91	92	95	
228	87	88	91	92	94	96	
229	87	90	91	93	94	96	
230	16	17	19	
243	56	57	
244	48	50	52	53	54	56	
245	47	48	49	50	52	54	92	96	
246	49	81	84	86	88	89	90	91	93	94	96	98	
247	6	9	67	80	81	83	84	86	87	88	90	94	99	
248	8	9	10	11	12	13	14	15	16	17	19	81	82	84	86	
249	7	12	14	15	16	17	17	18	19	20	20	24	27	84	102	
250	18	22	
258	56	
259	47	52	55	61	
260	47	50	92	
261	83	85	86	88	89	90	92	94	96	99	
262	9	82	83	84	85	86	87	89	90	91	93	95	99	
263	7	11	12	13	13	14	16	16	82	83	84	85	87	88	89	90	100	
264	16	17	18	19	20	88	
276	57	
277	36	52	54	57	
278	47	48	48	49	50	51	52	53	55	
279	46	49	50	54	83	84	86	87	89	90	92	94	96	
280	79	81	83	83	85	87	89	90	95	
281	7	8	10	11	12	13	14	15	16	19	81	85	
282	5	11	12	13	13	14	14	15	15	16	17	18	19	19	21	24	69	
283	16	17	17	18	19	20	21	21	22	23	25	27	
284	22	
291	58	
292	52	56	58	
293	46	50	51	52	53	55	
294	48	48	50	54	82	85	87	88	90	92	93	96	100	
295	80	82	84	85	87	89	90	91	94	
296	9	10	14	80	81	82	84	85	88	89	91	94	101	
297	5	7	10	11	12	12	14	14	15	16	17	18	20	68	81	82	84	86	100	
298	15	16	17	18	19	20	20	21	84	
299	22	
310	53	56	58	
311	47	50	51	51	52	54	55	56	
312	45	46	47	48	49	50	51	52	54	55	59	90	92	96	
313	43	48	82	85	87	89	90	93	94	98	
314	9	11	16	79	81	85	86	89	
315	3	7	9	11	12	13	13	14	15	16	16	17	18	19	20	44	69	
316	5	7	11	13	14	15	16	17	18	18	19	20	20	21	22	23	25	26	
317	20	21	22	
318	23	
325	57	
326	51	52	53	54	56	60	
327	48	49	50	52	54	55	88	91	92	95	
328	49	82	84	86	87	89	90	92	93	96	99	
329	10	18	80	82	83	84	86	88	90	
330	5	9	10	11	13	14	16	19	68	82	
331	5	8	10	11	12	13	14	15	15	16	16	17	18	19	19	20	21	22	24	26	
332	18	20	21	21	22	23	24	
343	57	
344	52	53	55	57	
345	47	48	48	49	50	51	52	54	55	59	
346	46	49	50	53	83	86	88	89	90	92	94	96	
347	10	82	85	87	89	91	97	
348	8	9	10	12	13	13	14	15	16	16	18	19	65	69	
349	12	14	15	16	16	17	18	18	19	20	21	22	23	25	26	
350	3	20	21	22	23	24	26	
358	57	
359	51	53	54	56	91	
360	49	51	52	53	55	59	90	91	92	95	
361	34	49	51	82	85	87	88	89	90	92	93	95	100	
362	81	83	84	86	88	89	90	91	93	
363	6	9	10	12	13	14	19	68	85	91	
364	5	7	9	11	12	12	13	14	14	15	16	16	17	18	18	19	21	25	26	
365	5	15	17	17	18	19	20	21	22	23	23	24	26	
366	22	
377	52	56	57	
378	47	48	50	51	52	53	54	55	57	
379	45	46	47	49	50	51	54	
380	8	43	48	82	84	86	89	90	92	93	96	
381	9	10	11	13	14	67	80	84	88	
382	5	7	10	12	12	14	14	15	16	16	17	18	19	20	25	
383	16	17	18	19	20	21	22	24	
384	22	
392	56	61	91	93	96	
393	52	54	56	86	88	89	91	92	93	95	98	
394	51	53	55	82	85	86	87	88	89	91	92	94	95	99	
395	81	83	83	85	86	87	89	90	93	96	99	
396	10	29	80	83	84	86	95	100	
397	7	9	10	11	13	13	14	15	16	
398	5	8	12	13	14	15	16	17	17	18	18	19	20	20	21	22	24	28	69	
399	21	22	23	23	
404	68	68	
405	69	
411	52	56	57	
412	33	48	50	50	51	52	52	53	54	55	56	57	59	62	
413	43	43	45	46	47	48	49	50	51	53	
414	10	45	48	84	89	92	95	
415	3	6	7	9	10	11	12	14	14	15	70	83	
416	10	12	13	14	15	16	17	18	18	19	20	21	24	
417	17	17	20	21	23	24	
418	22	
423	93	
424	58	88	93	98	
425	52	87	90	91	92	93	95	
426	53	82	83	86	87	89	90	91	93	94	97	100	
427	62	81	82	83	83	84	86	87	89	90	91	94	95	
428	46	81	82	83	84	85	86	87	88	89	91	94	99	
429	79	81	83	84	85	88	89	94	
430	8	9	14	18	94	
431	4	7	8	10	11	11	12	13	14	14	15	16	18	
432	12	13	15	16	16	17	18	19	19	20	21	22	23	24	26	
433	18	21	22	
445	55	56	57	58	
446	35	47	48	49	50	51	51	52	52	53	54	55	56	60	
447	31	44	45	46	47	47	49	49	50	50	
448	9	13	43	45	49	85	89	
449	3	7	8	10	11	12	14	15	
450	11	12	14	15	16	16	18	19	21	24	
451	16	18	22	
453	93	
455	92	
456	91	93	95	
457	53	88	90	91	93	95	97	
458	56	81	83	86	87	89	90	91	93	94	96	
459	81	82	84	86	87	88	89	90	91	92	93	95	99	
460	41	50	57	80	82	83	84	85	86	88	88	89	91	95	
461	16	17	39	42	47	68	80	81	82	84	85	86	88	
462	17	18	20	38	42	44	46	46	48	81	84	85	
464	6	8	10	11	13	15	21	
465	3	5	7	10	11	11	12	14	14	15	16	17	19	25	
466	13	15	16	16	17	18	18	19	20	21	22	23	24	
467	22	
479	53	55	56	57	58	
480	34	38	48	50	51	51	52	52	53	54	55	56	59	61	
481	42	44	45	46	47	47	48	49	50	52	53	54	96	
482	43	45	
483	5	7	9	10	11	13	14	15	90	
484	7	10	11	12	14	15	16	17	19	83	86	90	92	
485	17	22	88	90	92	93	94	98	
486	88	90	91	92	95	
487	88	91	92	95	
488	87	88	90	92	93	94	
489	85	87	88	89	90	91	93	93	95	100	
490	82	84	85	86	87	88	89	90	91	92	94	97	98	
491	80	82	82	85	86	87	89	90	91	94	100	
492	67	81	82	83	84	85	86	87	88	89	91	92	95	99	
493	17	19	39	47	80	81	83	83	84	86	89	98	
494	9	11	14	16	18	18	19	21	40	43	56	57	67	81	84	86	
495	17	18	19	20	20	22	24	41	43	46	47	48	50	51	54	55	56	57	59	68	84	
496	21	21	22	23	24	32	35	40	42	44	46	47	47	48	49	49	50	
497	22	42	44	45	47	49	
498	9	10	11	13	14	
499	5	6	8	10	11	12	12	13	14	15	15	16	17	18	19	23	23	
500	15	16	16	17	18	19	19	20	21	22	23	
513	53	56	57	
514	36	50	51	51	52	53	54	54	55	56	57	58	60	
515	38	41	43	44	45	46	47	48	48	49	49	50	51	51	
516	43	44	44	45	46	47	48	49	71	
517	5	9	14	
518	7	10	12	14	81	82	84	86	87	88	90	94	99	
519	82	83	84	86	87	89	90	91	92	94	97	
520	82	84	85	86	87	89	90	90	91	93	94	95	99	
521	81	82	83	83	84	85	86	87	89	90	91	92	94	95	98	
522	82	83	84	85	86	87	89	90	91	94	97	
523	81	82	83	84	85	86	87	89	90	94	98	
524	39	80	81	83	83	84	85	86	88	89	94	
525	10	17	19	42	67	80	81	82	83	84	86	88	89	99	
526	8	12	15	16	16	17	18	18	19	20	37	40	44	48	63	67	80	81	84	85	
527	9	12	14	15	16	18	18	19	20	20	21	26	28	42	43	44	48	65	79	84	
528	10	12	15	17	19	20	20	22	23	27	45	56	57	
529	20	21	22	24	25	51	52	52	53	54	54	55	56	57	59	61	70	
530	22	23	41	43	44	46	46	47	48	48	49	49	50	50	51	51	52	54	
531	44	45	46	
532	8	9	10	11	14	
533	3	4	6	7	10	11	11	12	13	13	14	15	15	16	18	19	24	
534	16	17	17	18	19	20	21	23	26	
535	21	
547	53	
548	52	53	54	55	55	56	57	62	
549	38	43	46	47	49	50	51	51	53	53	54	55	56	56	58	58	60	62	
550	29	32	37	42	43	44	45	45	46	47	47	48	49	49	50	56	
551	3	29	37	42	44	45	46	47	48	56	67	68	
552	43	
553	3	7	39	46	47	81	82	84	85	86	88	
554	17	20	36	40	46	67	80	81	82	83	83	84	85	87	88	89	
555	16	19	41	56	80	81	83	83	84	85	88	93	98	
556	17	18	34	36	39	42	46	48	49	54	67	79	81	82	84	84	86	89	
557	16	17	19	20	39	42	43	46	47	58	65	67	71	79	81	82	83	85	
558	12	13	15	17	18	19	20	21	39	42	43	45	47	65	68	81	84	
559	10	11	13	14	15	17	18	18	19	20	21	28	40	44	64	67	80	
560	12	15	17	19	20	21	22	23	45	
561	20	21	22	24	45	65	
562	5	23	24	56	58	
563	22	23	25	51	52	53	53	54	55	55	56	56	57	60	
564	39	43	44	45	46	47	48	48	49	49	50	50	51	54	55	58	
565	41	44	45	46	47	48	
566	7	9	11	13	14	
567	2	3	6	8	9	11	12	12	13	14	15	15	16	18	19	24	
568	13	16	17	18	18	19	20	20	22	
569	21	23	
571	19	
575	97	97	98	
582	55	58	
583	51	52	53	53	54	55	56	57	60	
584	45	48	49	50	50	51	52	54	54	56	57	58	60	
585	24	32	40	42	43	44	45	46	47	48	49	49	50	51	53	56	57	59	
586	24	26	36	41	43	43	44	45	46	47	48	48	49	52	53	55	56	60	64	67	
587	18	20	22	23	28	35	41	42	44	47	48	49	59	64	68	71	83	
588	18	19	20	22	23	28	37	41	42	43	45	46	47	49	54	58	66	81	
589	13	13	18	19	20	22	24	26	42	44	45	46	49	62	64	69	81	
590	15	16	19	20	21	22	24	39	44	48	59	67	69	
591	15	20	21	22	23	23	25	27	44	55	63	
592	13	15	20	21	22	24	25	45	64	
593	20	22	23	23	24	25	45	
594	22	23	25	
595	22	25	
596	57	
597	51	51	52	53	54	55	56	57	58	59	
598	33	37	42	45	46	47	48	49	50	50	51	52	54	54	61	
599	42	44	45	46	47	48	49	54	
600	8	10	
601	7	9	10	11	12	13	13	14	15	15	19	27	
602	13	16	16	17	18	19	20	21	22	86	89	
603	18	21	23	
606	15	15	
618	53	54	55	
619	45	52	54	55	58	61	65	
620	31	45	49	55	
621	22	24	45	49	54	55	58	64	
622	23	23	24	32	45	49	53	55	59	
623	21	24	45	48	65	
624	21	23	24	25	
625	22	23	24	
626	24	
631	51	52	54	55	56	57	59	
632	43	47	48	50	51	51	52	53	53	54	55	56	58	60	
633	31	39	42	44	45	45	46	47	47	48	49	50	51	53	
634	10	13	29	43	45	46	48	
635	5	6	7	8	10	11	12	14	14	15	19	85	
636	11	12	13	14	15	16	17	17	19	20	21	84	87	94	101	
637	17	18	21	23	
665	55	56	57	
666	51	52	52	53	53	54	55	55	56	56	59	
667	32	34	42	45	46	47	49	49	50	50	52	53	54	59	
668	39	42	43	43	44	45	46	47	48	49	
669	4	6	9	10	13	14	15	70	
670	6	8	12	14	15	16	17	18	19	20	21	25	26	69	84	
671	17	19	20	21	23	27	
700	52	54	55	59	
701	35	49	50	52	53	54	59	
702	24	48	50	65	
703	4	9	24	25	26	28	44	64	
704	19	22	24	
705	21	23	
735	55	
1158	16	
1163	11	
1164	17	
1173	7	
1184	61	
1198	88	
1204	73	
1206	77	
1208	59	
1209	6	62	
1211	101	
1229	98	
1233	40	
1234	87	
1244	49	
1268	12	
1269	57	
1277	40	
1282	6	
1291	72	
1296	39	
1299	39	
1300	17	
1301	45	53	
1302	43	47	68	
1303	46	
1306	76	
1308	35	91	
1316	48	48	
1320	4	
1327	69	
1328	73	
1333	16	22	25	
1334	12	19	39	57	
1335	17	20	22	31	41	45	46	48	49	52	57	69	
1336	22	41	44	46	47	
1337	47	
1339	56	
1340	64	
1346	60	
1348	48	
1349	36	47	
1350	46	
1351	28	46	
1352	62	
1355	68	69	
1360	87	
1364	62	
1365	16	
1367	11	19	27	
1368	8	11	13	14	15	16	17	19	20	35	43	56	69	
1369	17	18	19	20	21	22	24	37	40	43	45	46	47	48	50	51	52	54	56	58	59	65	
1370	21	23	24	44	46	48	49	50	52	55	56	
1371	44	56	
1380	29	
1381	21	
1382	16	24	34	37	
1383	16	17	18	20	27	41	44	47	56	60	66	68	
1384	19	22	23	40	44	47	49	53	57	60	
1385	21	42	43	47	48	50	
1392	3	
1393	2	
1400	9	13	16	19	
1401	6	9	10	11	13	14	15	17	19	20	23	
1402	7	11	12	14	15	16	18	18	19	20	21	22	23	25	25	26	52	55	56	57	61	69	
1403	19	20	21	22	24	47	48	51	52	52	53	54	57	61	
1404	23	44	45	46	49	51	54	
1405	45	48	91	
1410	57	
1413	11	
1415	10	14	
1416	6	10	12	14	16	18	18	19	58	
1417	15	16	17	19	20	21	24	35	45	56	56	61	69	
1418	17	18	21	23	23	25	40	43	43	45	46	47	48	49	50	52	53	54	57	58	
1419	22	25	42	44	45	46	47	48	49	50	
1421	63	
1433	9	16	16	45	
1434	8	10	12	14	16	18	19	23	
1435	6	10	12	13	14	15	15	16	17	18	19	20	22	25	26	58	
1436	13	17	18	19	20	21	22	24	52	52	55	56	57	61	
1437	22	23	24	47	48	49	50	51	53	55	
1438	47	49	51	54	90	91	93	96	
1439	54	90	94	
1440	39	
1443	36	
1447	18	
1448	69	
1449	10	12	14	15	16	18	
1450	7	9	11	12	13	13	14	15	16	17	19	20	42	68	
1451	12	17	18	18	19	20	21	22	24	25	26	52	53	55	56	57	60	
1452	21	23	23	25	47	48	50	51	52	53	54	55	56	60	
1453	14	44	45	46	48	49	49	51	54	55	
1459	69	
1467	9	12	
1468	6	9	11	12	13	13	14	16	17	19	
1469	8	12	12	15	16	17	18	19	19	20	21	22	23	57	70	
1470	21	22	25	47	50	51	52	53	55	
1471	49	50	52	54	87	90	91	92	93	94	97	
1472	51	81	83	85	86	87	88	90	91	96	99	
1473	82	84	88	94	
1478	38	
1482	10	15	16	18	21	24	40	
1483	7	9	11	12	13	14	16	17	19	20	25	27	
1484	7	11	12	14	15	17	18	18	19	20	21	22	23	25	28	57	70	
1485	20	21	22	24	46	47	51	52	53	55	56	58	60	
1486	46	48	49	50	51	54	62	93	98	
1487	48	50	53	87	90	91	93	95	
1489	46	
1491	72	
1497	34	68	
1498	23	
1499	88	
1500	53	
1501	7	9	12	14	15	16	18	
1502	7	10	11	12	14	14	15	15	16	16	17	19	20	21	56	
1503	13	15	18	19	20	21	22	23	25	47	51	52	53	54	59	
1504	22	46	50	52	55	90	92	94	96	
1505	47	50	81	82	84	85	87	88	90	91	93	96	99	
1506	79	82	84	85	90	94	
1507	82	90	
1514	40	
1515	10	16	18	20	23	43	
1516	9	11	13	14	16	17	19	20	69	
1517	6	9	11	12	13	14	15	16	18	18	19	20	21	23	23	69	
1518	20	21	22	24	25	26	52	56	
1519	23	46	47	49	50	51	51	53	53	54	57	58	
1520	46	49	50	51	87	90	92	95	98	
1521	51	54	80	82	84	85	87	88	90	96	100	
1522	92	95	98	
1533	57	
1534	8	
1535	9	10	11	12	13	14	15	18	68	
1536	4	7	11	12	15	16	17	18	19	20	22	24	52	52	55	56	57	58	
1537	18	21	22	23	23	25	46	47	49	49	50	51	52	53	55	
1538	44	47	49	86	89	90	94	
1539	78	80	81	83	84	87	89	
1540	80	85	90	
1541	81	
1543	24	
1545	41	
1546	20	37	71	
1547	21	44	46	67	69	
1548	11	15	16	18	18	20	40	43	67	
1549	8	11	13	13	15	16	17	18	19	20	22	43	45	
1550	10	12	14	15	16	17	19	20	21	23	24	26	
1551	7	13	15	18	19	20	21	23	24	26	56	57	
1552	21	22	23	34	36	47	52	53	54	55	56	58	60	
1553	45	46	47	48	49	50	51	52	54	55	
1554	49	63	81	85	86	89	91	92	94	97	
1555	53	80	84	87	90	94	
1556	58	82	
1567	16	
1568	8	11	13	15	
1569	5	6	9	10	11	12	14	14	15	16	21	24	49	56	57	
1570	12	13	15	16	17	18	18	19	20	21	24	50	51	52	52	54	55	56	57	61	
1571	21	23	36	40	45	46	47	48	49	50	51	53	54	57	
1572	44	46	48	49	52	80	83	88	90	93	
1573	82	85	99	
1574	42	81	
1575	81	
1576	38	
1578	19	24	
1579	16	44	46	68	68	
1580	7	11	14	16	18	19	20	41	44	46	
1581	11	14	15	16	17	19	20	23	41	69	
1582	11	13	15	16	18	19	20	21	23	25	44	79	
1583	10	12	14	15	17	18	19	20	21	23	24	25	28	43	69	
1584	13	21	22	24	
1585	21	22	24	56	57	
1586	47	48	50	51	51	52	54	55	58	60	
1587	43	45	46	48	48	49	50	51	53	53	97	99	
1588	44	67	80	83	83	85	88	90	96	
1589	84	
1590	81	94	
1599	28	
1601	24	
1602	10	14	28	
1603	4	6	8	9	10	11	12	13	14	14	16	20	57	68	
1604	13	15	16	16	17	18	19	20	21	24	27	51	52	52	54	55	56	58	59	61	
1605	18	21	23	42	45	46	47	47	48	49	50	51	52	53	54	57	61	
1606	42	44	47	49	56	84	
1607	37	47	
1608	46	
1609	23	
1610	13	16	19	41	59	
1611	15	16	18	21	40	47	66	
1612	10	15	17	18	20	25	42	45	46	68	
1613	12	14	17	18	20	21	24	27	30	40	
1614	7	8	12	15	16	17	19	20	21	22	23	25	26	43	68	
1615	11	13	13	15	20	22	24	25	26	45	69	
1616	20	21	22	24	26	
1617	21	22	23	25	
1618	92	98	
1619	16	36	52	53	55	56	56	57	
1620	47	50	51	52	53	54	54	55	56	57	59	
1621	42	43	44	45	46	47	48	49	50	52	54	56	92	94	
1622	79	89	98	
1625	50	50	50	52	
1627	74	
1629	79	79	80	81	
1636	8	12	13	
1637	6	9	10	11	12	13	14	17	18	57	
1638	16	17	19	19	21	23	35	51	52	53	54	55	56	57	58	59	
1639	17	18	21	22	29	41	43	45	46	47	48	48	49	50	50	51	54	56	60	
1640	32	35	38	42	44	45	46	47	49	51	57	59	
1641	39	43	44	46	50	57	67	
1642	17	19	21	25	38	42	47	48	
1643	17	20	26	30	38	42	45	47	57	63	65	74	
1644	13	14	17	18	20	22	22	23	41	45	
1645	11	14	16	17	18	19	21	25	26	40	44	48	63	68	
1646	13	15	17	19	20	21	22	23	24	26	33	44	48	68	
1647	11	13	15	19	20	21	22	24	26	45	48	64	69	
1648	21	23	24	27	
1649	24	
1650	51	92	97	
1651	86	87	91	92	93	93	95	96	
1652	7	10	11	14	82	86	87	89	90	92	93	95	102	
1653	13	15	16	17	19	53	55	56	57	82	85	86	89	91	95	
1654	17	18	36	41	47	48	49	50	50	51	52	52	54	55	56	58	61	
1655	44	45	46	48	49	49	51	57	
1656	44	57	90	
1663	59	
1669	14	
1670	9	19	
1671	4	6	8	9	10	12	14	15	
1672	6	11	12	13	14	15	16	18	18	20	25	55	57	85	87	90	93	94	
1673	16	17	21	22	50	51	52	53	54	57	
1674	31	44	45	47	49	50	51	54	61	65	65	68	
1675	25	29	42	43	45	49	54	58	58	67	
1676	18	20	22	24	44	45	47	48	53	64	66	
1677	13	20	21	23	24	28	43	45	63	
1678	14	21	23	23	27	45	63	
1679	15	20	22	24	27	
1680	21	22	24	
1681	22	
1682	52	91	92	92	97	
1683	52	87	90	90	91	92	94	95	
1684	82	87	87	88	90	91	92	93	94	96	100	
1685	8	14	80	81	83	85	85	87	88	89	91	95	
1686	8	10	11	13	14	15	79	80	81	83	83	84	86	88	90	93	97	99	
1687	12	13	15	16	17	18	19	20	52	53	55	56	57	59	82	83	83	85	86	88	
1688	21	22	42	48	51	52	53	53	54	58	
1689	42	44	45	46	47	49	50	52	54	61	96	
1690	46	
1692	46	
1698	93	
1702	34	
1704	13	
1705	7	9	11	14	20	
1706	6	7	9	10	11	12	14	15	21	81	83	83	85	87	90	97	101	
1707	13	15	18	20	55	83	86	87	88	89	90	91	92	95	97	98	
1708	17	55	93	
1709	24	55	
1710	25	82	92	
1711	24	93	
1712	24	93	
1713	91	92	96	
1714	53	87	88	91	92	93	94	96	
1715	86	87	90	90	91	92	94	95	97	
1716	82	83	86	87	88	89	90	91	93	93	95	99	
1717	81	82	83	84	84	85	86	88	90	91	94	98	
1718	80	81	81	82	83	84	85	86	89	90	93	94	
1719	10	80	81	83	84	86	88	91	
1720	7	9	10	11	13	14	16	82	86	
1721	7	11	12	12	14	15	16	17	18	19	20	24	52	52	53	54	55	56	57	60	81	87	101	
1722	16	17	20	22	42	47	51	51	52	54	54	57	58	61	
1723	42	44	45	46	47	48	48	49	50	51	53	55	
1724	47	
1736	44	
1739	10	15	
1740	10	14	79	82	85	91	94	
1741	2	6	8	9	11	12	14	15	17	20	81	82	83	84	85	86	89	90	93	94	100	
1742	10	12	15	83	86	87	88	89	91	93	95	97	98	
1743	86	87	88	90	91	91	92	94	96	
1744	86	87	87	90	91	92	94	95	
1745	86	87	88	89	90	91	92	94	95	102	
1746	86	87	88	90	90	91	92	94	95	100	
1747	82	85	86	87	88	89	90	92	93	95	99	
1748	81	82	83	86	86	87	87	87	88	89	90	91	94	97	97	99	
1749	80	81	82	83	84	84	85	87	88	89	92	97	99	
1750	79	81	82	84	85	87	89	93	96	100	
1751	81	84	85	90	94	
1752	81	85	89	
1754	6	9	11	12	13	16	24	97	
1755	3	8	10	11	12	14	14	15	17	19	20	53	55	58	83	84	
1756	17	18	19	20	21	23	27	48	50	50	51	52	54	54	55	56	57	59	62	88	90	98	
1757	42	43	44	45	46	47	48	49	50	50	52	53	60	
1758	44	49	58	
1759	48	
1773	14	
1775	80	82	84	86	88	99	
1776	81	82	83	84	85	86	88	90	101	
1777	81	82	82	83	84	85	86	88	88	90	92	94	100	
1778	81	82	82	83	84	85	86	87	89	90	94	98	
1779	81	82	82	83	84	85	86	88	89	91	94	98	
1780	80	81	82	83	83	84	85	86	89	90	93	96	99	
1781	79	81	82	83	84	86	88	91	
1782	80	81	84	85	89	90	
1783	79	81	84	88	90	
1784	82	84	
1785	83	89	
1787	10	83	
1788	8	10	13	
1789	5	6	9	10	11	12	13	13	14	15	15	17	23	24	57	83	87	89	96	99	
1790	12	16	17	19	21	35	51	52	53	53	54	55	56	58	59	61	82	84	86	92	95	
1791	42	45	45	47	48	49	50	51	53	53	55	56	
1792	43	44	45	47	49	
1796	3	
1801	70	
1804	51	
1810	81	87	89	94	
1811	79	81	83	84	86	100	
1812	79	81	83	84	87	91	101	
1813	10	80	82	83	84	86	
1814	81	84	85	88	
1815	83	84	
1816	83	
1821	13	
1822	3	8	14	
1823	5	6	9	10	12	14	15	
1824	7	13	15	16	52	54	55	57	81	82	83	85	86	88	89	91	95	101	104	
1825	53	54	58	87	87	90	90	91	93	95	97	
1826	52	55	92	
1828	33	
1832	77	
1847	92	96	
1848	84	
1849	98	
1851	90	
1853	17	
1856	12	
1857	2	10	84	89	99	
1858	13	81	84	86	90	93	100	
1859	54	81	82	83	84	84	85	86	87	88	89	91	101	
1860	81	83	86	91	94	
1862	85	
1875	103	
1891	11	
1892	83	
1893	80	81	84	91	97	99	
1894	79	82	84	88	91	96	
1895	84	
1896	94	
1902	80	
1905	67	76	
1913	30	
1919	82	
1926	87	
1927	83	
1932	2	
1933	92	
1942	89	
1943	42	
1946	51	
1947	10	
1954	52	
1966	40	
1980	94	
1983	3	21	
1989	65	
1991	24	
1993	34	
1997	57	104	
2000	39	
2013	42	
2015	73	
2053	71	
2066	6	
2097	36	
2112	11	
2114	23	
2119	6	
2156	4	
2212	12	
2239	17	
