49	65	
118	87	
127	85	87	90	92	94	
152	92	
159	92	
160	86	87	88	90	92	95	
161	8	13	14	80	82	84	85	87	88	90	95	
162	16	17	20	
182	22	
191	56	
192	51	55	86	90	96	
193	82	84	85	86	87	89	90	92	95	
194	8	79	81	82	83	84	85	86	88	89	90	91	93	95	
195	7	12	12	14	15	18	79	81	83	85	89	94	
196	16	17	17	19	20	22	
214	83	87	89	90	92	94	
215	82	85	87	88	89	91	93	94	97	
216	17	92	99	
223	56	
224	53	58	
225	46	50	52	56	
226	50	52	54	81	83	84	86	88	88	92	93	
227	78	79	80	81	82	83	84	85	87	88	90	92	94	98	
228	9	10	13	77	79	80	81	83	84	86	90	96	98	
229	4	6	8	10	11	12	12	13	14	14	15	16	18	80	82	85	
230	16	17	17	18	19	19	20	21	22	23	
245	56	
246	51	
247	83	87	88	90	93	96	
248	8	80	81	82	84	86	87	89	90	92	94	97	99	
249	10	12	14	79	80	82	83	84	85	86	88	90	95	
250	16	17	19	81	83	88	98	
251	17	
257	53	56	57	
258	35	36	47	51	51	53	54	55	56	60	
259	37	42	44	46	48	48	49	50	52	60	
260	46	80	87	100	
261	79	80	81	83	85	92	98	
262	4	8	8	9	10	13	14	79	80	85	93	
263	6	7	11	12	13	13	14	15	15	16	17	18	18	20	23	80	
264	16	16	17	18	19	20	20	21	24	
265	22	
278	56	
279	48	50	51	53	54	
280	36	47	49	50	52	93	
281	46	78	80	82	85	87	88	90	97	
282	6	9	11	78	78	79	81	82	84	85	87	89	95	
283	4	6	9	10	11	12	13	13	14	15	17	19	78	79	80	82	84	100	
284	12	15	16	17	17	18	19	20	21	79	81	83	89	98	
285	17	21	
291	52	53	55	56	57	
292	38	47	48	50	50	51	52	53	53	54	55	56	60	
293	33	42	43	44	45	46	47	48	49	50	51	
294	44	82	84	95	
295	9	79	83	
296	8	9	10	12	14	
297	3	3	7	10	11	11	12	13	14	15	15	16	17	18	23	26	70	
298	16	17	18	19	19	20	21	22	23	
312	52	53	55	56	57	
313	47	49	50	51	52	54	55	58	
314	45	46	48	50	51	54	82	85	87	88	88	90	93	96	
315	66	79	81	82	84	86	87	88	90	93	
316	10	12	13	16	66	79	81	
317	4	8	10	11	12	13	14	15	16	16	17	18	18	19	20	43	68	80	
318	8	12	13	14	15	17	18	18	19	20	20	22	
319	20	22	
325	53	55	56	57	
326	34	42	47	48	50	50	51	52	52	53	54	55	56	59	
327	40	43	44	45	45	46	48	48	49	50	53	
330	3	6	9	10	12	13	
331	7	8	9	10	11	12	12	14	14	15	16	17	18	19	20	
332	3	15	17	17	18	18	19	20	20	21	22	23	
345	52	56	
346	47	50	51	52	54	
347	45	46	48	49	50	52	53	55	91	
348	50	80	82	83	85	86	90	97	
349	10	11	13	67	77	79	80	83	84	
350	8	11	12	12	14	15	16	17	17	18	19	26	
351	2	5	13	15	17	17	18	19	20	21	21	23	24	25	
352	21	22	23	24	25	26	
359	52	53	55	57	58	
360	34	47	48	49	50	51	51	52	53	54	55	56	57	60	
361	41	43	43	44	45	46	47	48	49	49	50	51	
362	45	50	
363	13	
364	8	8	9	10	14	17	85	
365	5	7	10	11	12	12	13	14	14	15	15	16	19	20	23	67	
366	17	17	18	19	20	20	21	22	25	27	
367	23	
378	56	
379	48	51	52	53	55	56	58	
380	34	45	46	47	48	49	50	51	53	54	55	
381	44	47	49	50	81	84	86	89	91	94	98	
382	10	78	80	82	83	85	88	88	92	93	
383	7	9	10	11	12	13	14	15	16	28	67	
384	8	10	12	12	13	14	15	16	17	18	18	19	20	21	22	
385	20	21	22	23	23	25	
393	52	56	
394	35	36	47	48	50	51	51	52	53	53	54	54	55	56	58	
395	42	44	45	46	47	48	49	50	51	54	93	
396	44	48	88	88	95	
398	6	8	9	10	14	14	18	94	
399	2	4	6	7	11	11	12	13	13	14	14	15	15	16	16	17	18	19	20	26	
400	16	17	17	18	19	20	21	21	23	24	
412	53	56	
413	47	48	49	51	52	53	54	55	57	58	
414	42	44	46	49	50	51	52	54	55	
415	38	45	48	50	80	82	83	86	88	92	94	
416	8	10	14	78	81	86	
417	7	9	10	11	12	12	14	14	15	16	17	18	68	68	
418	12	13	15	16	17	17	18	18	19	20	20	21	22	23	25	26	
419	20	21	22	25	
427	52	53	55	57	
428	50	51	51	52	54	55	56	60	
429	45	46	47	48	49	50	51	54	82	88	89	92	97	
430	44	54	82	85	88	90	93	93	
431	94	
432	9	10	13	13	15	
433	1	6	7	10	11	12	12	14	15	16	18	19	68	
434	16	17	17	18	19	20	21	22	23	24	27	
435	22	
446	51	52	53	56	57	58	
447	47	48	50	50	51	52	53	53	54	55	56	
448	45	46	47	49	50	51	54	86	91	96	
449	43	79	82	86	88	88	92	
450	3	8	9	10	12	14	15	68	79	84	
451	5	7	10	11	12	13	14	14	15	15	16	16	17	18	19	20	24	
452	17	18	19	20	21	21	22	24	
453	23	
460	56	87	92	
461	51	52	55	56	82	86	87	89	91	93	95	
462	49	51	52	53	54	83	86	87	89	90	91	92	94	97	
463	48	50	54	80	82	83	84	85	86	87	89	90	92	94	97	
464	78	81	83	83	85	90	
466	4	9	10	13	
467	6	8	10	11	12	12	13	14	14	15	16	16	17	19	20	24	68	
468	13	15	16	17	17	18	18	19	20	21	22	24	
479	56	
480	48	51	52	53	54	55	57	59	
481	45	46	47	49	50	51	53	53	54	55	
482	45	48	50	82	84	86	88	91	94	98	
483	9	13	67	78	82	84	87	99	
484	5	7	9	10	11	12	13	14	14	15	16	18	
485	11	12	15	16	17	17	18	19	20	21	23	24	
486	18	21	22	
490	88	
491	91	97	
492	87	88	91	93	97	
493	86	87	90	91	93	95	
494	82	83	85	86	87	88	90	91	94	97	
495	52	54	57	78	81	82	83	83	85	86	87	88	89	90	91	96	99	
496	54	78	79	80	82	83	84	85	86	88	88	90	91	95	97	
497	78	79	81	82	84	88	88	91	93	97	
498	40	48	80	
499	10	18	40	66	
500	3	9	10	11	14	18	21	23	68	
501	6	8	9	10	11	12	13	14	14	15	16	19	19	
502	15	16	17	17	18	19	20	20	21	22	24	69	
503	22	
507	87	87	
513	52	56	56	
514	35	36	46	47	49	50	50	51	52	53	54	55	56	58	
515	36	44	46	47	48	49	50	51	54	
516	43	48	79	81	83	86	88	
517	9	11	14	79	82	83	90	94	
518	6	8	10	11	12	13	13	14	15	15	16	19	21	23	
519	12	15	16	17	18	20	21	23	25	92	
520	86	88	91	92	95	
521	82	86	87	90	92	93	96	
522	86	87	88	89	90	92	96	
523	86	87	89	90	92	95	
524	82	85	87	88	89	91	92	94	97	
525	81	82	84	85	86	87	89	90	91	94	97	
526	53	80	81	82	84	85	86	87	89	90	91	95	96	
527	79	80	81	82	83	83	84	85	86	87	88	90	92	95	98	99	
528	77	78	79	80	81	82	83	84	85	87	88	90	93	
529	78	79	80	81	82	84	85	88	94	
530	16	46	68	79	80	82	84	94	
531	16	19	48	56	66	78	80	83	
532	16	17	18	18	19	20	24	26	38	41	43	43	44	46	47	50	56	58	64	66	70	
533	17	18	19	20	21	23	38	41	42	43	43	44	46	46	47	48	49	69	
534	4	6	9	10	13	19	20	21	26	28	43	68	
535	6	8	10	11	12	12	13	14	14	15	15	20	21	22	23	26	66	
536	16	17	18	19	20	20	21	22	23	
537	21	
547	51	52	53	55	56	58	
548	46	47	48	49	50	51	51	52	54	54	56	62	
549	33	38	40	42	44	45	46	47	49	50	53	
550	10	44	64	79	98	
551	5	8	10	14	
552	6	9	11	12	15	92	
553	13	80	81	83	84	85	87	88	90	92	93	96	
554	80	81	82	84	85	86	87	88	90	91	94	96	99	
555	78	80	81	82	84	84	85	86	87	88	89	90	91	95	97	101	
556	78	80	81	82	83	83	84	85	86	87	89	90	92	94	97	
557	78	80	81	82	83	84	85	86	87	88	89	90	92	94	97	
558	77	81	82	83	83	84	85	87	88	90	91	94	97	
559	78	79	80	81	82	83	84	85	87	88	90	93	96	
560	77	78	79	80	81	83	83	84	86	88	89	94	99	
561	17	40	79	80	81	82	84	89	
562	18	18	41	78	80	82	85	98	
563	40	66	79	
564	11	17	19	67	79	
565	7	9	11	12	14	15	16	17	18	18	19	19	20	26	44	64	66	
566	12	16	17	18	19	20	20	21	22	23	23	24	26	45	51	53	55	56	63	71	
567	20	21	22	24	24	25	26	42	45	47	48	49	50	51	58	
568	22	23	23	24	25	26	30	41	44	44	45	65	
569	8	11	12	14	15	22	24	
570	13	15	17	20	22	25	
580	52	
581	52	52	55	56	58	
582	35	46	47	48	50	50	51	52	52	53	54	54	55	56	57	60	
583	32	40	42	43	43	44	45	45	46	46	47	47	49	49	50	54	57	
584	30	34	38	41	42	44	45	46	46	47	48	48	49	68	69	
585	14	26	39	43	43	46	76	
586	3	98	
587	7	13	15	78	80	81	84	89	
588	8	77	78	79	80	80	81	83	85	89	100	
589	79	79	80	81	81	82	83	85	90	
590	79	79	80	81	84	89	
591	78	79	79	80	81	84	88	
592	20	41	79	80	81	82	84	85	89	
593	16	42	47	79	80	
594	16	17	18	20	37	42	43	45	46	47	51	56	62	64	68	69	79	80	
595	16	17	18	19	20	20	36	41	43	44	46	47	47	48	48	56	63	66	78	
596	17	18	19	20	21	23	26	40	42	42	43	45	46	47	63	66	69	79	
597	11	13	15	16	18	19	20	21	22	26	28	41	43	43	44	46	63	66	71	
598	8	9	11	13	14	15	16	18	19	20	20	21	22	24	26	29	65	71	
599	9	12	14	15	17	19	20	21	22	23	23	24	26	43	
600	5	20	21	22	23	24	25	52	55	
601	22	23	24	51	53	59	
602	45	
603	5	25	
604	23	25	
606	13	14	15	
609	102	
615	53	55	
616	52	53	54	54	55	58	
617	45	47	49	50	51	52	54	54	55	56	57	58	
618	33	34	36	42	44	44	45	45	47	48	48	49	49	50	50	51	52	53	54	56	58	62	65	
619	24	30	40	41	42	43	44	44	45	46	47	48	48	49	50	67	
620	24	26	31	36	39	42	43	43	44	46	47	68	
621	21	26	37	40	42	43	46	46	47	52	57	62	66	72	
622	19	20	26	41	42	46	57	68	68	78	80	83	
623	19	20	36	39	42	43	44	46	47	48	56	67	70	79	
624	17	19	20	22	26	40	42	46	47	48	71	78	
625	18	19	19	21	27	40	42	44	46	47	69	79	
626	12	15	17	19	20	20	41	43	45	47	48	62	63	66	68	78	
627	10	13	14	16	17	18	18	19	20	21	26	39	43	43	45	47	65	68	69	79	
628	10	13	14	15	16	18	19	20	21	22	24	26	41	44	47	64	
629	18	19	20	20	21	22	24	25	27	44	47	50	55	63	70	
630	15	21	22	23	23	24	25	43	45	
631	22	23	24	25	25	44	
632	22	24	25	26	
633	22	23	23	25	
650	55	
651	53	55	
652	48	49	50	51	53	54	55	55	57	58	93	
653	34	38	42	45	45	48	49	50	51	54	55	58	59	
654	28	42	44	45	45	46	48	49	51	54	55	56	63	65	67	
655	22	23	24	26	42	44	45	47	49	51	53	55	59	67	
656	20	22	23	24	41	43	44	45	47	49	52	54	57	58	63	
657	20	22	23	24	25	28	40	43	43	44	45	46	48	48	53	54	61	64	67	69	
658	14	20	22	23	23	24	27	42	44	45	46	48	49	55	60	65	
659	15	19	21	22	23	24	29	44	62	65	69	
660	15	19	21	22	23	24	25	29	43	45	49	69	
661	13	21	22	24	24	44	63	
662	12	22	23	24	25	
663	21	23	24	
686	55	
687	54	
689	52	54	
690	23	25	45	
691	24	55	
692	22	24	
693	23	25	
694	23	25	
751	65	
784	77	
1158	93	
1166	10	
1168	91	
1171	68	
1186	63	
1205	64	
1217	24	
1226	83	
1233	19	
1237	39	
1244	4	
1251	49	58	
1259	87	
1263	37	
1274	66	
1278	15	
1281	20	27	
1282	19	41	47	
1283	44	46	
1301	18	
1307	66	
1308	89	
1309	25	
1310	53	
1314	18	26	
1315	11	20	57	67	
1316	13	18	19	20	24	26	36	41	43	46	47	48	52	55	
1317	21	25	44	50	
1318	47	52	61	
1322	71	
1330	82	
1331	42	
1336	46	
1337	24	
1342	96	
1344	77	
1347	18	23	
1348	11	15	16	18	19	21	
1349	6	10	13	14	15	17	19	20	24	26	36	45	52	53	56	57	66	69	
1350	16	17	18	18	19	20	21	28	41	43	44	46	47	47	49	50	50	52	60	70	
1351	21	22	23	25	27	44	45	48	
1352	48	
1353	61	
1362	90	
1363	54	
1367	46	
1368	35	
1369	18	18	37	42	56	66	
1370	17	19	32	38	42	46	49	
1371	21	45	49	
1378	21	
1380	9	14	
1381	8	11	14	16	18	19	67	
1382	9	11	13	14	15	16	17	18	18	19	20	24	28	65	66	66	
1383	12	16	17	17	19	20	21	22	23	36	44	48	52	53	55	56	60	
1384	20	21	22	23	25	26	35	42	43	45	46	47	48	49	49	50	51	52	54	55	57	58	
1385	22	40	44	45	49	50	
1392	61	71	
1393	70	
1400	49	
1401	13	16	
1402	2	8	14	17	18	21	21	
1403	11	15	16	17	18	20	24	57	67	71	
1404	16	17	18	19	20	21	23	37	39	42	43	45	46	47	49	51	55	65	67	
1405	22	27	42	43	45	46	47	48	52	
1406	73	
1407	65	76	
1414	9	18	
1415	6	9	10	11	13	14	14	16	17	19	23	64	68	
1416	8	12	13	14	15	16	17	17	18	19	20	21	25	
1417	17	19	20	21	23	24	25	51	52	53	55	56	57	58	
1418	24	37	41	43	46	47	48	48	49	50	51	52	53	54	
1419	44	45	46	48	49	50	
1420	46	
1429	92	
1431	84	
1433	15	29	
1435	10	17	18	
1436	8	10	12	13	15	16	19	66	
1437	12	15	16	17	17	19	20	21	23	24	27	52	54	55	56	58	
1438	18	19	20	21	22	24	36	45	47	48	49	50	51	53	53	54	56	
1439	22	23	42	43	44	46	48	49	50	54	
1440	44	47	50	53	
1441	35	
1442	50	
1446	20	
1448	9	
1449	7	9	10	11	12	13	14	15	17	17	18	64	67	
1450	8	12	13	14	15	15	16	17	18	19	20	21	23	
1451	17	20	21	22	25	28	34	36	51	52	53	54	54	55	56	58	58	
1452	37	41	43	46	47	47	49	50	51	52	53	55	
1453	44	45	47	48	49	52	53	55	
1454	23	
1460	7	
1465	82	
1468	15	22	
1469	10	13	15	19	67	
1470	7	9	11	12	13	14	15	16	17	17	18	19	20	23	68	
1471	12	15	17	20	20	22	24	52	55	56	
1472	21	22	24	48	49	50	51	51	53	54	93	
1473	49	50	53	59	82	83	85	85	86	88	88	89	91	93	95	97	
1474	50	86	88	90	95	
1479	39	
1482	9	
1483	5	7	9	10	11	13	14	15	17	19	21	
1484	8	11	12	13	14	15	17	18	18	19	19	22	25	28	68	
1485	17	21	22	23	51	51	52	53	55	55	56	57	58	59	
1486	38	42	46	47	47	48	49	49	50	50	52	54	59	
1487	43	44	45	46	47	48	49	
1488	44	51	54	55	58	
1490	5	
1497	29	
1502	10	14	16	
1503	8	9	10	11	12	13	14	15	16	18	19	67	
1504	12	15	16	17	18	18	19	20	21	23	24	53	56	60	
1505	18	21	22	24	28	46	47	49	50	52	
1506	23	50	52	55	82	85	87	90	97	
1507	49	77	78	79	79	80	82	84	85	90	95	
1508	80	83	97	
1509	86	
1510	64	
1512	97	
1515	23	
1516	10	21	
1517	8	8	9	10	11	12	14	15	15	16	18	20	67	
1518	7	12	13	15	16	16	17	18	19	20	22	24	57	
1519	18	20	22	23	51	51	52	53	55	56	57	
1520	35	42	46	46	47	48	49	50	50	51	52	53	54	58	60	
1521	43	45	46	49	50	61	
1522	43	
1524	4	
1535	13	
1536	7	9	11	14	16	18	
1537	7	10	11	12	13	13	14	15	16	17	18	19	21	53	56	57	67	70	
1538	15	16	17	18	19	19	20	21	22	24	26	34	46	48	50	51	51	53	54	55	56	58	
1539	22	23	44	46	48	48	50	51	
1540	44	50	79	82	84	87	88	92	93	
1541	80	85	89	
1542	79	86	88	
1545	38	
1550	11	14	
1551	5	6	8	8	10	11	11	12	14	15	16	19	24	67	
1552	12	13	15	16	17	18	18	19	19	20	24	
1553	17	17	20	21	22	35	52	52	53	55	56	57	59	
1554	35	41	43	46	47	48	48	49	50	50	51	52	54	55	57	60	
1555	44	45	49	50	51	
1556	44	49	
1558	69	
1562	4	
1569	9	20	
1570	6	8	10	11	13	13	14	16	18	20	23	68	
1571	5	6	11	12	14	15	16	16	17	18	19	20	23	53	55	56	57	
1572	17	18	20	21	22	23	35	42	47	48	50	51	52	54	55	57	59	
1573	44	46	49	51	53	55	88	90	
1574	46	78	81	83	83	85	88	89	95	
1581	16	25	40	
1582	16	
1583	14	19	66	
1584	8	10	14	16	18	21	67	
1585	6	8	9	12	13	13	14	15	16	17	18	19	24	26	26	67	
1586	12	15	16	17	17	19	20	20	22	23	
1587	21	22	35	51	52	53	54	55	56	57	58	
1588	34	41	43	45	46	47	47	48	49	49	50	50	51	53	54	55	58	59	
1589	42	44	45	47	48	50	
1594	91	
1603	9	11	14	16	18	66	
1604	6	9	10	11	12	14	15	16	18	19	23	58	68	
1605	7	13	15	16	17	18	19	20	21	24	48	52	53	55	56	
1606	22	45	46	48	49	49	50	51	54	55	60	
1607	15	44	50	55	82	85	86	88	89	91	93	96	
1608	52	79	81	86	
1609	85	85	89	
1610	88	
1614	16	
1615	18	19	38	43	68	69	
1616	17	19	43	66	
1617	9	13	16	17	18	21	42	46	66	
1618	8	10	11	14	17	18	20	22	66	
1619	6	10	11	13	14	15	16	17	19	19	20	21	23	24	28	
1620	17	21	22	23	24	70	
1621	22	23	52	55	55	56	57	
1622	34	36	38	42	45	46	46	47	48	49	49	50	50	51	54	55	56	60	
1623	43	44	45	47	49	51	
1624	44	52	
1626	53	
1629	12	
1634	43	
1635	30	
1637	8	8	10	12	14	19	23	66	
1638	7	11	12	13	14	15	15	16	17	18	19	20	23	53	56	57	
1639	17	18	19	20	21	22	23	34	42	47	48	50	51	52	52	54	55	56	
1640	22	45	46	49	50	54	
1641	44	48	49	55	79	81	82	83	85	
1642	79	
1645	17	39	
1646	16	19	42	46	63	
1647	17	19	26	41	
1648	11	17	18	21	27	40	46	66	69	
1649	11	15	16	18	20	22	23	43	45	47	68	
1650	12	14	17	19	20	21	23	42	45	46	
1651	11	13	17	19	20	21	22	43	44	68	68	
1652	11	14	15	19	20	22	23	24	25	28	29	45	
1653	2	12	15	20	21	22	24	25	
1654	23	25	
1655	51	52	53	54	55	55	56	58	58	87	92	93	
1656	37	43	46	47	47	49	50	50	51	52	54	54	58	60	88	91	92	
1657	43	44	45	46	48	50	
1658	49	
1660	51	
1670	9	12	14	
1671	6	8	10	11	12	13	14	14	15	16	17	19	
1672	11	12	14	15	15	16	17	18	18	19	19	20	22	24	25	52	55	56	60	
1673	17	22	23	24	25	34	37	39	42	45	46	47	48	49	49	50	51	52	53	54	58	
1674	30	42	44	45	46	48	49	50	51	54	
1675	30	40	43	46	54	57	78	
1676	18	40	43	47	50	67	68	
1677	19	23	41	44	47	67	
1678	17	20	38	42	45	46	63	
1679	18	20	38	43	45	48	62	
1680	12	17	18	20	22	23	43	46	62	67	70	
1681	12	14	17	19	21	23	26	38	42	45	47	49	61	
1682	10	14	18	19	20	21	24	26	41	43	67	68	
1683	10	12	15	17	19	20	21	22	25	26	44	64	
1684	12	15	18	19	20	21	23	23	25	26	44	69	
1685	20	21	22	24	25	26	
1686	22	25	
1687	25	92	
1688	86	87	88	91	92	95	
1689	55	58	82	83	85	85	86	87	88	89	90	95	97	
1690	50	50	51	53	54	55	61	78	82	83	84	85	86	86	88	88	89	90	92	94	96	
1691	18	32	41	45	47	48	49	52	53	81	83	86	87	89	90	92	96	
1692	56	
1702	89	
1704	9	12	14	16	27	
1705	7	8	9	10	11	11	12	13	14	15	18	19	25	64	
1706	12	15	16	17	18	19	20	21	22	23	25	51	52	55	55	56	58	
1707	17	21	22	43	47	48	49	50	51	53	53	54	55	57	
1708	31	42	44	45	47	48	49	50	53	55	56	61	63	
1709	33	37	39	42	44	45	47	50	56	62	66	
1710	20	24	28	41	43	45	47	48	50	53	55	62	70	
1711	18	19	21	23	25	31	37	41	43	43	45	46	48	49	60	67	68	
1712	19	20	21	23	23	25	26	30	41	44	46	47	58	65	68	
1713	11	15	16	19	20	21	23	25	41	43	45	47	65	67	
1714	11	15	17	19	20	21	23	43	44	63	67	
1715	13	15	20	21	22	24	45	49	64	
1716	15	21	22	24	45	
1717	21	22	24	27	
1718	23	24	88	
1719	88	92	
1720	50	52	55	60	86	87	88	91	93	
1721	82	83	85	86	87	88	89	90	91	93	94	97	
1722	77	81	82	83	84	85	85	86	88	89	90	92	94	97	
1723	9	53	77	79	80	81	82	84	85	86	89	95	
1724	13	23	51	52	54	55	60	78	79	80	81	82	83	85	86	89	
1725	58	78	79	80	81	83	84	85	87	89	90	93	94	
1726	88	89	
1727	20	21	38	
1737	12	
1738	9	12	14	19	
1739	5	7	10	11	12	13	14	15	
1740	8	10	11	12	15	17	21	23	81	83	85	87	89	91	93	96	
1741	16	52	54	55	82	83	85	86	87	88	88	89	90	90	91	94	95	96	
1742	17	18	45	50	54	88	91	98	
1743	25	49	53	
1744	25	35	45	53	55	65	
1745	23	23	25	45	62	64	
1746	24	49	54	
1747	24	25	45	
1748	22	24	25	93	
1749	25	92	
1750	25	87	88	91	92	97	
1751	83	86	87	88	88	89	90	93	94	97	
1752	82	82	83	84	85	86	86	87	88	89	90	91	93	93	95	97	
1753	52	55	82	83	85	86	86	87	88	89	90	92	93	95	97	
1754	54	82	83	85	85	86	87	89	90	92	95	97	99	
1755	55	78	79	80	81	82	84	85	86	88	89	91	96	
1756	77	79	80	81	85	90	
1757	78	80	83	89	
1758	78	80	91	
1759	78	80	81	85	101	
1760	81	84	98	
1767	87	
1771	14	
1772	19	
1773	11	13	
1774	7	8	10	14	16	79	80	81	90	95	
1775	6	10	11	12	13	14	77	78	79	80	80	81	82	83	84	85	87	90	93	101	
1776	12	14	15	16	20	80	82	84	86	87	89	90	92	93	95	
1777	83	85	86	87	88	89	90	91	92	93	95	97	
1778	82	86	86	87	88	89	89	91	92	95	97	
1779	86	87	88	89	90	91	93	93	95	97	
1780	83	86	87	88	89	90	90	92	94	95	97	
1781	83	86	87	88	89	90	92	94	96	
1782	82	86	87	87	91	92	94	96	
1783	81	82	82	85	86	87	88	88	89	91	93	95	
1784	78	81	82	82	83	84	85	87	89	90	94	97	
1785	77	79	80	80	81	82	84	85	86	89	91	100	
1786	80	81	82	84	85	89	100	
1787	77	79	79	80	81	83	85	88	88	91	
1788	79	80	82	83	84	85	86	89	92	
1789	78	79	81	83	88	
1790	79	83	
1791	89	
1793	87	
1794	91	
1796	73	
1800	77	
1808	78	90	
1809	7	9	12	15	79	84	90	99	
1810	12	78	79	80	81	83	83	85	88	90	96	
1811	13	77	80	81	82	82	84	84	86	87	89	93	94	
1812	11	77	78	79	80	81	82	83	84	85	86	87	89	91	96	
1813	80	81	81	82	84	85	85	86	87	89	90	96	
1814	77	80	81	83	84	84	85	86	88	89	91	95	
1815	80	81	81	82	84	85	86	89	96	
1816	78	80	81	82	83	84	86	89	90	93	95	
1817	79	79	80	81	83	84	86	90	94	100	
1818	79	80	81	82	83	84	85	88	95	
1819	78	80	83	88	91	99	
1820	78	80	84	89	
1821	78	80	83	
1822	78	81	86	91	
1824	17	85	
1827	86	
1836	85	
1839	20	
1844	80	88	
1845	78	79	80	83	83	85	
1846	79	80	82	83	
1847	78	80	81	84	86	90	95	
1848	78	79	80	82	84	86	
1849	78	79	81	83	86	89	96	
1850	79	80	83	83	86	88	
1851	78	79	82	84	
1852	79	81	90	
1853	79	84	101	
1854	88	
1859	54	
1861	62	
1872	79	
1874	102	
1876	95	100	
1878	84	
1879	82	88	
1880	93	
1881	78	84	
1882	81	
1883	78	85	
1884	79	
1886	34	91	
1888	93	
1890	9	66	
1891	16	
1905	66	
1910	25	
1911	97	
1914	85	
1916	12	
1919	5	
1921	48	
1939	35	
1942	88	
1943	11	
1947	54	
1963	76	
1966	39	
1967	58	
1999	2	
2000	18	
2022	38	51	
2027	15	
2049	72	
2050	21	
2051	61	
2055	93	
2069	51	
2076	58	89	
2077	95	
2082	60	
2097	43	
2112	85	
2116	29	
2138	14	
2148	95	
2149	8	
2164	93	
2165	92	
2178	12	
2191	32	
2258	8	
