111	38	
158	92	
190	88	93	
191	86	88	90	92	
192	87	88	89	91	96	
193	16	87	88	89	91	95	
220	100	101	
223	51	86	88	89	92	
224	81	82	83	86	87	89	91	93	96	
225	80	82	83	84	85	87	88	89	90	91	95	100	
226	10	14	80	81	82	84	85	86	87	88	89	91	93	97	
227	12	19	80	81	82	84	85	86	88	89	90	92	94	
228	16	17	82	85	87	90	96	
229	18	
254	58	
255	53	56	
256	46	48	50	51	55	57	
257	51	53	81	82	84	85	87	89	92	95	
258	52	53	78	79	80	82	83	84	85	86	87	88	89	91	93	96	
259	79	79	80	81	82	83	84	86	89	94	
260	9	11	13	79	80	81	82	83	84	87	90	94	
261	8	10	11	12	14	15	18	80	80	81	83	83	84	86	90	97	98	
262	12	13	16	18	19	21	81	84	86	89	92	93	
263	16	17	19	
278	93	
279	87	90	92	97	
280	93	
288	56	58	
289	51	52	53	54	55	56	57	60	
290	46	48	48	49	50	51	52	54	56	92	96	
291	46	49	53	54	80	81	83	84	86	88	90	
292	79	80	81	82	84	86	90	
293	78	79	81	83	89	97	
294	19	78	80	
295	8	8	10	11	12	13	14	15	79	81	85	91	
296	7	11	12	14	15	15	16	18	20	80	81	84	89	99	
297	16	17	18	18	19	21	
311	83	86	88	89	91	92	94	
312	82	85	86	87	88	88	90	91	92	96	
313	10	14	80	82	83	84	85	87	88	88	89	90	92	95	
314	17	81	82	85	87	88	91	98	
315	17	
322	53	56	57	61	
323	47	50	51	52	53	54	55	56	57	59	
324	45	46	48	48	49	50	53	54	81	84	86	88	92	
325	64	79	82	84	87	88	97	101	
326	53	78	82	102	
327	92	
328	10	
329	5	9	10	13	14	67	
330	8	11	12	12	13	13	14	14	15	15	16	16	18	18	19	19	70	80	
331	16	17	18	19	20	21	22	23	24	
332	21	
342	56	57	
343	52	
344	48	48	51	97	
345	54	78	80	82	83	84	86	87	89	91	96	
346	9	79	80	81	82	83	84	85	86	87	88	89	91	94	
347	9	10	14	78	79	80	81	82	84	85	86	89	94	98	
348	7	11	13	14	15	16	16	18	72	80	82	84	89	97	
349	16	16	17	18	19	21	
355	57	
356	52	55	56	58	59	
357	46	48	50	51	51	52	53	54	55	56	86	97	
358	49	50	52	53	55	56	82	84	86	88	88	91	100	
359	49	79	82	84	90	95	
361	14	
362	9	14	16	29	95	
363	5	9	10	11	12	14	14	15	17	18	19	24	
364	7	11	12	13	14	15	15	16	17	17	18	18	19	20	20	24	25	27	68	
365	17	18	20	21	22	23	
376	56	57	58	60	
377	47	48	50	51	52	53	53	54	55	56	59	
378	42	44	45	46	48	49	50	51	87	90	
379	79	80	82	84	89	95	
380	78	79	81	82	83	85	93	99	
381	5	7	9	10	11	13	14	15	16	19	71	78	79	81	
382	7	11	12	13	14	14	15	16	16	17	17	19	19	20	27	69	79	
383	16	17	18	19	20	21	23	25	
389	52	56	57	
390	37	51	52	53	54	55	56	57	59	
391	44	46	47	48	49	50	51	52	53	55	56	58	85	
392	45	46	48	50	53	80	82	83	87	94	98	
393	81	86	89	
394	13	
396	9	10	14	16	20	66	
397	5	7	10	11	12	13	14	14	15	15	16	16	18	19	23	23	71	
398	13	15	16	17	18	19	20	21	21	22	23	24	
399	22	24	
410	52	56	57	58	61	
411	47	50	51	51	52	53	53	54	55	56	57	60	
412	32	43	45	45	46	46	47	48	49	49	50	51	52	56	
413	43	45	48	50	79	89	
414	8	9	11	13	79	
415	4	6	10	11	12	12	13	14	14	15	16	17	19	69	
416	12	14	15	16	17	17	18	18	19	20	20	21	22	24	
417	20	22	23	24	
423	55	56	57	58	
424	48	51	52	53	53	54	55	55	56	58	59	61	
425	45	46	46	47	49	49	50	50	51	53	54	
426	43	45	48	53	55	78	
427	52	
428	17	
429	12	16	
430	7	9	10	11	12	13	14	15	16	17	18	21	69	
431	5	7	10	11	12	13	14	15	16	17	18	19	19	20	21	25	26	69	
432	17	18	19	20	20	21	22	23	24	
433	21	23	
444	55	56	56	57	61	
445	35	47	48	51	52	52	53	54	55	55	56	58	58	60	
446	43	45	46	46	47	48	48	49	50	50	51	53	54	88	
447	44	47	49	
448	6	9	10	11	14	15	
449	4	6	8	11	12	12	13	14	15	15	16	16	17	19	20	68	
450	13	16	17	17	18	19	20	21	22	24	
451	23	
457	57	
458	35	48	51	52	53	53	54	55	55	56	56	57	58	60	62	
459	48	49	50	50	51	54	55	92	
460	43	45	49	51	90	
462	8	43	
463	9	11	13	14	16	17	18	20	70	73	
464	5	8	10	11	12	13	14	15	16	17	17	18	19	20	20	21	68	
465	12	15	18	18	19	20	21	21	23	23	24	
466	21	22	24	
478	57	60	
479	33	36	50	51	52	52	53	54	55	55	56	56	58	58	59	61	63	
480	42	45	46	47	48	49	49	50	50	51	52	53	54	
481	40	43	44	45	46	47	49	53	
482	4	7	9	10	11	12	13	14	
483	7	11	12	12	14	15	15	17	18	20	24	
484	16	17	18	19	21	22	24	87	91	92	98	
485	18	22	93	
489	88	92	
490	91	
491	56	57	88	91	93	
492	51	52	52	54	55	56	59	86	88	90	92	95	
493	49	50	51	53	55	82	85	86	87	88	89	91	92	95	
494	49	78	83	86	88	89	92	
496	9	10	12	13	16	18	67	
497	7	9	11	12	14	14	15	16	16	17	17	19	19	20	24	70	
498	11	13	15	17	17	18	19	20	21	22	23	24	25	27	
499	21	22	23	23	25	
507	85	85	86	
512	57	
513	51	52	53	54	55	55	56	57	57	59	61	
514	33	47	49	49	50	50	51	54	55	56	58	61	
515	30	39	42	43	44	45	46	47	48	48	49	49	50	
516	4	10	40	43	44	49	
517	6	8	9	10	11	12	13	14	15	19	23	26	
518	11	13	15	16	20	80	81	82	84	85	86	87	88	89	91	95	
519	17	82	85	87	89	90	91	93	96	
520	86	87	89	91	92	97	
521	83	87	88	91	92	
522	86	87	89	90	92	95	
523	63	65	83	85	86	87	89	91	92	96	
524	81	82	85	86	87	88	89	90	93	94	97	
525	53	81	82	84	85	86	87	89	90	92	97	
526	52	54	55	59	81	82	82	83	85	85	87	89	90	93	95	
527	46	50	51	53	79	80	81	82	83	84	85	87	89	96	
528	81	83	85	99	
529	9	11	14	
530	5	8	9	10	12	13	13	14	15	15	19	
531	12	15	16	17	17	18	19	20	20	21	22	23	24	25	70	
532	20	21	22	23	24	
547	55	57	
548	51	51	52	53	54	55	55	56	57	57	59	61	
549	32	38	42	45	46	47	48	48	49	50	51	52	53	54	56	58	59	61	
550	3	33	38	42	43	44	45	45	46	47	48	49	50	67	75	
551	7	10	27	42	43	44	46	79	101	
552	7	10	12	13	69	79	80	81	83	89	98	
553	7	10	14	46	80	81	82	83	84	85	88	90	96	
554	80	81	82	82	84	85	86	89	90	94	97	
555	81	82	83	83	84	85	89	90	93	97	
556	38	80	81	82	83	83	84	86	87	88	89	94	99	
557	79	80	81	82	84	85	89	97	
558	41	46	57	67	79	80	81	82	84	85	88	
559	16	17	40	43	46	48	51	56	57	61	78	78	79	80	81	83	
560	16	18	20	30	33	39	42	44	46	47	48	49	51	54	56	57	61	69	78	79	80	84	99	
561	19	37	41	43	44	45	46	47	48	48	51	55	56	61	67	70	79	80	
562	26	43	44	45	46	46	48	49	79	
563	8	9	11	13	
564	5	7	9	10	11	12	14	14	15	19	
565	12	13	15	16	17	18	20	20	22	23	25	88	91	98	
566	16	17	19	22	
582	55	62	
583	50	52	53	55	55	57	58	59	61	
584	45	49	50	51	52	53	53	54	55	56	56	57	59	61	
585	24	31	33	42	44	45	46	47	48	48	49	49	50	51	52	56	57	58	59	
586	24	37	41	44	44	45	46	47	47	48	49	49	57	66	
587	9	19	22	36	42	43	44	47	47	56	68	70	79	80	
588	19	20	21	41	43	44	47	47	49	56	57	67	71	78	79	80	
589	19	19	21	27	38	42	43	44	46	47	48	49	56	61	66	70	78	79	79	80	
590	19	20	36	40	43	44	45	46	47	48	62	69	79	79	80	
591	12	13	18	19	20	22	27	42	44	45	46	48	62	66	69	72	78	79	83	
592	11	13	15	18	18	19	20	22	43	44	47	60	70	78	80	
593	19	20	21	24	45	50	61	64	70	
594	20	22	24	43	45	48	50	51	53	54	55	56	57	58	60	62	65	
595	22	23	23	25	33	33	44	45	48	49	50	50	51	52	53	54	55	56	56	57	58	60	
596	22	24	30	37	41	42	44	45	46	46	47	48	48	49	49	50	51	72	
597	3	10	43	44	46	47	
598	5	7	8	10	12	13	13	14	15	28	
599	11	12	14	15	17	18	20	22	81	82	84	85	87	89	91	94	
600	13	16	20	82	86	87	89	91	92	94	
601	16	83	86	91	
602	18	
607	8	8	9	
618	52	55	61	
619	53	54	55	61	
620	24	45	49	51	55	59	
621	23	25	45	48	50	55	62	64	
622	21	24	25	44	45	49	53	55	58	61	
623	22	24	25	45	50	55	
624	23	23	24	50	55	63	
625	22	24	24	26	45	50	
626	21	23	24	24	
627	22	23	24	
628	25	55	57	
629	34	50	51	52	52	54	55	56	56	57	58	60	61	
630	29	40	45	47	47	48	48	49	50	50	51	52	53	54	56	57	58	60	
631	41	43	43	44	45	46	47	48	49	50	56	
632	4	8	28	39	42	44	45	46	47	48	50	69	
633	6	9	11	13	14	15	21	27	46	79	80	82	84	
634	8	10	12	14	19	22	78	80	80	81	83	84	86	89	98	
635	12	14	16	17	18	18	19	22	72	80	84	101	
636	17	20	
663	52	56	61	
664	35	50	51	52	53	55	56	57	58	61	
665	45	47	49	50	51	52	53	54	56	58	58	60	
666	24	32	41	44	45	45	47	48	48	49	50	51	53	
667	9	22	24	26	39	43	43	44	45	47	48	49	72	74	
668	5	6	9	10	11	12	13	13	14	15	17	19	21	28	44	68	79	
669	12	15	18	19	20	20	22	79	
670	20	21	23	24	
699	51	54	55	
700	49	54	63	63	
701	24	45	
702	20	24	25	
703	23	25	73	
704	23	
1177	9	
1178	10	
1185	101	
1193	29	
1208	11	14	
1212	83	
1216	8	
1226	20	
1233	17	
1238	75	
1243	68	
1244	18	
1266	16	
1268	39	
1273	31	
1277	14	
1285	68	
1289	14	
1297	60	
1309	28	
1310	27	
1313	56	
1315	67	
1316	49	
1320	13	20	
1327	46	
1345	26	
1346	16	19	36	39	67	
1347	16	20	24	28	35	37	42	45	48	48	57	62	
1348	18	44	46	47	51	57	
1349	42	43	47	
1351	58	
1358	5	
1364	47	
1379	11	13	16	17	18	21	27	29	39	
1380	16	17	18	19	21	37	43	44	47	57	69	
1381	17	19	20	21	23	24	42	45	46	48	51	54	56	57	59	61	63	69	
1382	19	20	22	24	42	43	45	46	47	48	49	50	51	54	57	59	69	
1383	22	27	42	43	44	45	46	46	48	49	50	54	
1384	44	46	60	
1385	55	
1388	74	
1391	61	
1398	39	
1400	47	
1402	72	
1411	8	16	
1412	9	12	15	16	19	
1413	10	12	14	16	16	17	19	20	23	43	68	
1414	12	15	16	17	18	19	20	21	22	24	63	65	70	
1415	19	20	21	22	23	25	28	35	48	51	55	56	57	58	59	61	
1416	22	24	34	49	50	51	52	53	54	55	56	57	60	
1417	22	36	40	44	45	46	47	48	48	49	50	51	52	54	56	60	
1418	43	45	47	49	54	
1419	48	57	
1431	6	
1432	40	
1433	18	24	
1434	26	41	47	
1435	45	46	70	
1436	45	
1443	22	
1444	20	
1445	9	16	
1446	6	8	10	11	12	13	14	16	17	19	21	
1447	11	12	15	16	17	18	19	20	21	25	69	
1448	17	18	19	20	21	23	24	
1449	22	24	58	
1450	50	51	52	52	53	54	55	57	59	61	
1451	42	45	47	48	48	49	50	51	52	53	54	58	
1452	44	45	47	49	50	51	53	54	58	
1453	45	48	
1454	49	
1458	11	
1459	11	87	
1461	7	73	
1464	98	
1466	16	19	
1467	17	19	41	44	47	58	68	
1468	17	18	19	20	26	35	41	44	47	51	56	57	61	68	70	
1469	18	21	22	25	38	41	43	44	46	47	49	50	55	
1470	43	45	47	49	
1472	49	
1475	73	
1478	10	16	
1479	8	10	14	17	23	
1480	10	11	13	13	14	15	16	17	18	19	21	25	26	70	
1481	16	17	19	19	20	22	23	24	
1482	18	21	22	
1483	58	
1484	52	53	55	55	56	57	57	60	
1485	46	47	48	49	50	51	51	52	54	54	55	56	57	59	
1486	45	46	49	50	88	93	
1487	49	
1497	10	
1499	8	
1500	10	12	14	16	18	21	69	
1501	13	14	15	16	17	17	18	19	20	21	24	57	69	
1502	17	18	20	21	22	23	26	43	45	48	51	53	55	56	57	58	60	
1503	20	22	25	26	32	43	44	45	47	48	49	49	50	51	54	57	60	
1504	23	44	45	46	48	50	54	
1506	39	
1512	8	
1513	10	11	13	14	16	18	20	
1514	5	8	9	11	12	13	14	15	15	16	16	17	18	19	20	22	24	69	
1515	15	17	18	19	20	21	22	23	23	25	
1517	57	58	
1518	34	52	54	56	58	61	
1519	45	46	47	48	49	50	51	52	53	54	58	88	
1520	49	50	52	81	83	85	87	90	
1521	52	88	
1531	13	
1533	8	10	18	
1534	6	9	11	12	13	13	14	15	16	20	23	
1535	12	13	15	16	16	17	18	19	20	21	25	57	69	
1536	18	21	22	23	24	33	51	52	53	54	55	56	58	59	61	
1537	22	47	49	49	50	51	52	54	55	
1538	49	51	53	88	90	98	
1539	47	
1544	19	
1545	9	
1546	9	12	15	24	26	
1547	6	9	10	11	13	14	15	17	19	23	
1548	7	12	13	14	15	16	16	17	18	18	19	19	20	21	23	25	73	
1549	17	20	21	22	24	
1551	53	56	57	59	
1552	51	52	53	54	55	56	58	61	
1553	47	48	49	50	51	54	55	83	84	86	87	90	92	93	98	
1554	51	55	57	78	80	83	85	89	95	101	
1555	84	
1556	60	
1566	20	23	
1567	8	10	12	13	13	
1568	7	9	10	11	12	13	14	15	15	16	
1569	15	16	16	17	18	18	19	20	21	24	36	53	56	56	58	61	
1570	18	21	23	51	51	52	54	55	56	58	
1571	45	46	47	48	49	50	52	53	55	85	88	88	97	
1572	12	47	49	53	60	78	80	82	83	84	87	92	
1573	54	82	
1580	8	11	14	
1581	6	9	10	11	12	13	14	15	17	19	
1582	7	12	15	16	17	17	18	19	19	21	69	
1583	17	17	20	22	23	
1584	56	
1585	52	55	56	58	60	
1586	49	50	51	52	53	55	56	90	91	93	96	
1587	50	51	54	77	80	81	82	84	85	87	88	90	95	
1588	79	86	89	
1589	81	85	
1592	57	
1599	35	
1600	10	13	
1601	9	10	13	15	
1602	5	6	7	10	11	12	13	14	15	15	19	22	
1603	15	16	17	18	18	19	19	21	22	24	53	55	56	56	57	59	60	
1604	21	22	35	42	47	50	51	51	52	53	54	55	57	59	62	
1605	45	46	48	49	50	52	54	61	81	83	
1606	49	80	84	99	
1608	68	
1613	14	
1614	4	7	9	15	18	22	
1615	7	9	10	11	12	13	13	14	15	15	16	17	19	21	69	
1616	11	12	15	16	17	18	18	19	20	21	23	69	
1617	17	20	21	22	57	
1618	53	57	
1619	50	51	51	52	54	55	57	86	88	91	
1620	50	51	53	57	82	83	83	84	85	86	88	89	91	93	96	
1621	54	78	79	80	82	84	86	88	92	
1622	82	83	
1626	55	55	55	
1633	23	
1634	10	
1635	9	10	
1636	4	6	9	10	11	12	13	13	14	15	18	
1637	12	13	15	16	18	19	20	23	24	43	56	57	60	61	82	86	88	91	93	
1638	17	18	20	22	34	42	47	48	50	50	51	52	53	54	55	56	58	59	92	
1639	41	43	43	44	45	46	47	48	48	49	50	53	87	
1640	31	42	45	47	49	
1641	31	42	47	
1643	57	
1644	19	
1645	41	44	47	48	61	
1646	17	19	24	43	46	59	
1647	10	16	28	40	69	
1648	9	12	14	15	16	18	18	20	24	27	40	44	48	69	
1649	5	7	9	10	11	12	14	15	17	19	20	21	25	69	
1650	12	17	19	20	22	23	23	25	58	69	89	
1651	21	22	56	
1652	47	50	51	52	53	53	54	55	57	58	
1653	49	51	53	54	80	81	82	84	85	86	88	89	90	91	93	96	98	
1654	50	78	79	80	81	82	84	85	86	88	98	
1655	80	102	
1669	10	14	18	18	
1670	5	7	9	10	12	13	14	20	84	89	
1671	7	11	12	14	15	15	16	21	55	61	79	81	83	84	86	90	97	98	
1672	16	18	18	20	51	52	54	55	55	56	57	58	60	82	85	86	88	90	91	93	95	
1673	32	45	48	49	49	50	52	53	55	56	58	61	63	
1674	31	37	39	43	43	44	45	46	47	48	49	51	56	60	72	
1675	29	43	45	46	47	49	53	
1676	21	42	44	46	56	
1677	20	24	39	45	47	63	68	
1678	17	19	21	26	40	44	47	61	61	62	
1679	14	17	19	21	24	26	42	44	46	48	60	75	
1680	16	19	21	24	43	44	46	62	69	
1681	12	14	18	19	21	24	27	45	48	70	
1682	9	11	14	18	19	21	22	24	44	65	
1683	6	10	11	13	14	15	18	18	19	20	21	22	24	
1684	20	21	23	24	56	56	57	
1685	23	36	52	52	54	55	56	59	
1686	36	45	47	48	50	51	52	53	55	57	
1687	45	46	49	54	77	78	79	80	82	83	84	101	
1688	53	78	80	82	83	89	
1689	48	88	
1697	88	89	89	93	
1702	21	
1704	4	10	
1705	7	8	9	10	12	14	17	79	81	85	89	95	
1706	7	12	13	15	17	20	52	55	77	79	80	82	83	84	87	89	92	95	98	
1707	17	19	51	52	54	55	58	59	62	82	83	86	87	88	89	90	91	93	97	
1708	50	51	55	56	60	87	92	
1709	24	45	49	50	55	56	58	61	65	
1710	21	24	26	30	44	45	49	52	59	
1711	15	20	22	24	44	45	49	60	65	
1712	14	20	21	23	24	26	45	49	63	65	
1713	14	21	22	23	26	44	
1714	22	24	65	
1715	13	15	23	24	91	
1716	4	11	15	25	87	88	90	92	96	
1717	73	85	86	88	90	91	94	97	
1718	16	19	56	57	82	85	86	87	90	91	92	95	98	
1719	47	51	51	52	53	53	54	55	56	56	58	60	93	
1720	42	44	45	45	46	46	47	48	49	49	50	52	54	56	58	
1721	36	41	44	46	48	49	79	91	
1722	48	52	62	100	
1725	51	
1733	67	
1739	5	6	9	13	84	92	
1740	9	12	14	79	81	83	86	93	99	
1741	7	10	12	15	80	81	82	83	84	85	87	89	91	99	
1742	13	15	82	85	86	87	88	90	94	97	
1743	82	83	86	87	90	91	92	95	98	
1744	86	87	88	91	92	95	97	
1745	86	87	90	91	94	96	
1746	82	85	86	87	89	90	91	95	98	
1747	83	85	86	87	90	91	94	97	
1748	82	87	88	89	91	94	96	
1749	82	83	85	86	88	90	93	
1750	80	81	83	83	85	86	89	96	
1751	7	9	11	13	78	81	81	83	84	85	86	91	93	
1752	7	10	12	13	14	18	58	80	80	81	82	83	84	85	87	88	89	93	95	
1753	16	17	19	33	51	52	53	54	56	57	58	59	62	81	83	85	87	89	90	92	97	
1754	18	45	47	49	50	51	52	54	56	60	88	92	
1755	29	42	44	45	46	47	48	49	50	51	54	57	58	91	
1756	40	43	45	46	47	48	61	72	
1757	43	45	47	49	
1773	9	
1774	4	80	100	
1775	8	11	13	78	80	82	85	98	
1776	15	79	80	81	84	86	91	94	
1777	80	81	82	84	85	88	92	96	
1778	77	78	80	81	81	82	83	84	85	92	98	
1779	78	81	82	83	83	84	86	88	94	
1780	80	81	81	82	83	84	87	88	93	
1781	77	80	81	82	84	86	90	95	
1782	79	80	81	83	85	89	92	
1783	78	79	80	82	84	88	94	98	
1784	78	79	81	83	86	94	
1785	6	10	79	80	83	87	88	99	
1786	5	8	8	9	11	12	14	15	80	81	83	
1787	12	13	15	17	20	52	55	58	79	80	82	84	86	88	90	91	96	
1788	17	21	53	54	54	55	56	57	61	85	87	88	89	90	91	94	97	
1789	45	49	51	52	55	56	57	59	88	91	93	
1790	45	48	50	51	52	53	58	61	64	
1791	45	49	51	54	60	
1799	66	
1810	80	87	
1811	78	79	81	83	89	
1812	79	82	85	89	
1813	79	82	84	98	
1814	79	81	86	
1815	78	80	82	83	
1816	78	81	84	88	
1817	78	
1820	5	10	13	82	84	89	94	
1821	1	7	8	11	14	79	80	81	83	83	87	88	96	
1822	6	11	13	15	78	80	81	83	83	84	86	87	89	92	93	
1823	52	78	81	82	83	84	85	86	87	89	90	95	
1824	52	53	55	82	86	86	88	89	90	92	93	
1825	54	82	87	88	92	
1836	81	
1843	28	
1845	85	
1847	91	
1848	88	
1853	7	13	
1854	5	
1855	4	7	12	13	81	96	
1856	79	80	85	91	99	
1857	79	80	81	84	89	93	
1858	79	80	82	83	84	90	
1859	79	81	84	
1863	15	
1874	78	
1885	102	
1888	45	
1891	79	83	84	
1892	78	81	90	101	
1893	8	79	
1895	43	
1897	40	
1899	51	
1912	90	
1915	64	
1928	92	
1931	101	
1937	70	
1942	1	
1947	71	
1948	13	30	
1953	93	
1957	21	
1963	78	
1966	49	
1976	41	82	
1983	10	
1985	62	
1995	7	
2010	59	
2015	69	
2016	101	
2020	90	
2024	4	
2037	66	
2043	24	
2044	19	
2049	47	
2050	70	
2090	3	
2145	21	
2160	3	16	
2173	18	
2184	91	
2195	101	
2202	102	
