14	100	
81	55	
90	56	
92	87	91	92	94	97	
93	16	86	87	89	90	92	94	96	
94	16	17	87	91	98	
123	56	
124	52	
125	49	51	53	87	88	90	92	95	
126	10	82	83	85	86	87	88	88	89	90	92	94	96	
127	6	9	11	14	16	78	80	81	83	83	84	85	86	87	88	89	90	92	94	96	
128	13	16	16	17	18	19	20	81	86	90	
129	17	18	19	21	
156	58	
157	52	56	57	62	
158	47	50	52	53	53	55	56	91	93	
159	47	49	50	54	81	83	84	85	87	89	91	94	99	
160	8	14	78	80	81	84	85	86	87	89	94	
161	6	9	11	12	13	14	15	16	18	79	81	83	84	85	86	89	
162	12	13	15	16	16	17	17	19	19	20	21	24	79	84	88	
163	18	20	22	
181	88	89	90	92	94	96	
182	16	21	88	91	94	97	
183	17	
190	56	57	62	
191	47	51	52	53	54	55	56	57	58	62	
192	46	47	48	50	51	52	54	57	58	86	88	91	94	
193	49	52	53	79	82	84	86	87	88	90	94	99	
194	8	11	13	14	80	82	83	85	89	93	
195	4	7	9	11	11	12	14	14	15	16	19	26	80	
196	13	16	17	17	18	18	19	20	21	21	23	24	
197	20	22	23	
212	56	
213	52	55	58	
214	50	54	87	90	91	92	94	98	
215	9	11	14	81	83	84	85	86	88	89	90	92	94	96	
216	7	12	15	16	19	80	82	83	85	86	88	89	91	94	
217	17	18	20	
224	57	57	61	
225	48	50	51	52	53	54	55	56	57	58	59	62	
226	45	46	47	49	50	50	51	54	55	85	88	89	
227	48	53	80	82	83	86	90	95	
228	4	8	10	11	15	
229	4	6	9	11	11	12	13	14	14	15	16	18	19	
230	13	15	16	16	17	17	19	19	20	21	21	22	24	
231	18	22	23	
245	57	
246	51	53	56	58	
247	46	49	51	52	53	55	87	89	91	96	
248	48	51	53	82	85	86	87	89	90	92	95	
249	6	9	10	11	14	16	79	80	82	84	85	87	89	94	
250	7	11	12	13	14	15	15	16	17	18	18	19	20	21	77	78	80	81	85	98	
251	18	20	21	22	
254	103	
257	58	
258	55	56	57	58	59	62	
259	48	50	51	52	53	53	54	55	56	59	62	
260	46	47	49	50	51	52	54	85	87	90	93	93	
261	49	80	85	90	
262	9	11	14	15	16	18	85	
263	3	6	8	10	11	12	13	14	14	15	15	16	16	17	18	19	20	26	
264	13	16	17	18	19	20	21	21	23	23	25	
279	52	55	56	57	59	
280	47	48	50	51	51	52	53	54	56	59	
281	46	47	49	50	52	53	55	83	84	86	89	91	95	
282	8	12	13	49	80	81	83	83	85	86	87	89	93	94	98	
283	6	9	10	11	12	13	14	15	16	18	78	80	83	
284	8	11	12	14	15	16	17	18	19	19	20	21	22	23	25	
285	3	18	21	22	
291	57	
292	52	55	56	57	57	59	62	
293	46	47	49	50	51	51	52	53	53	54	55	56	59	86	90	
294	46	48	49	50	55	84	87	90	
295	10	13	48	86	
296	3	6	9	11	12	14	16	18	20	
297	5	6	11	12	13	15	16	17	17	18	19	20	21	24	70	
298	17	20	21	22	23	23	25	
313	52	55	56	57	57	59	61	
314	47	48	49	50	51	51	52	53	53	54	55	58	60	
315	46	47	48	49	49	50	54	82	85	90	
316	9	11	14	79	81	84	91	99	
317	7	8	10	11	12	13	14	14	15	16	18	28	
318	1	5	12	13	14	15	16	17	17	18	19	20	21	24	
319	17	20	22	
325	56	58	
326	52	53	54	56	57	59	62	
327	47	48	49	50	51	52	52	53	54	55	58	87	91	
328	48	49	50	85	88	91	
329	9	
330	7	9	10	11	12	13	13	14	14	15	16	17	19	19	24	
331	1	12	15	16	17	17	18	18	19	20	21	21	22	23	24	
332	20	21	22	
346	57	
347	52	53	55	56	57	58	58	60	
348	47	48	50	51	52	53	53	54	55	55	60	93	
349	46	47	49	50	51	87	90	
350	9	10	11	13	15	83	91	
351	5	7	10	11	12	13	14	15	15	16	16	18	19	25	
352	7	12	15	16	17	17	19	19	20	21	22	23	
353	21	22	
359	53	57	
360	51	52	52	54	56	56	57	59	60	64	
361	47	48	48	49	50	51	52	52	53	54	55	56	58	62	63	
362	45	46	47	49	50	51	83	
363	9	10	12	13	14	16	84	
364	5	7	11	12	12	14	14	15	15	16	17	17	18	18	19	19	20	24	26	
365	17	17	20	21	22	23	24	25	
366	22	
380	57	
381	48	51	52	55	56	57	59	60	
382	47	48	49	50	51	52	53	53	54	54	55	59	
383	47	48	50	85	90	94	99	
384	8	10	11	13	13	14	15	
385	5	7	10	11	12	14	14	15	16	17	17	18	19	20	23	
386	13	16	17	18	19	20	21	22	23	25	27	
387	22	
393	57	
394	48	52	52	54	55	56	57	58	60	62	
395	48	49	50	50	51	52	53	54	55	59	87	89	
396	9	13	46	49	50	51	90	97	
397	6	10	11	12	13	14	15	16	24	
398	2	5	8	12	15	16	16	17	18	18	19	20	21	22	24	
399	20	22	23	24	
414	57	58	
415	51	52	53	55	55	56	57	58	59	60	63	
416	46	48	49	50	51	52	52	53	54	55	59	84	92	96	
417	47	49	50	54	84	88	88	
418	5	9	10	12	14	
419	5	6	8	10	11	12	13	15	15	16	17	18	19	20	24	
420	16	17	17	19	20	21	22	23	
427	57	
428	51	52	53	54	55	56	59	61	
429	46	48	49	50	51	52	52	54	55	59	92	
430	8	10	49	90	
431	6	9	10	11	12	13	13	14	14	16	
432	3	12	15	16	16	17	18	19	19	20	21	24	
433	17	18	21	22	23	
436	56	56	56	
448	57	62	
449	47	51	52	53	53	54	55	57	59	62	
450	47	49	50	51	52	53	54	55	59	86	88	89	91	96	
451	9	49	84	87	92	94	
452	5	9	10	11	13	14	96	
453	4	6	8	11	12	13	13	14	15	15	16	16	17	18	19	20	22	24	
454	16	17	18	19	20	21	22	24	
461	52	56	57	60	
462	50	51	52	53	54	55	56	58	62	
463	48	49	50	52	53	54	59	83	85	87	90	92	96	
464	10	46	48	87	89	94	
465	3	6	8	9	10	11	12	13	13	14	15	16	19	
466	12	15	16	17	19	20	21	22	24	
467	17	18	21	23	
473	82	82	83	
481	57	
482	52	55	56	57	58	59	
483	48	50	51	51	52	53	54	55	57	59	91	
484	48	48	49	50	52	53	55	83	83	85	87	89	91	94	
485	85	87	91	
486	4	8	9	11	13	14	
487	4	8	11	12	13	14	14	15	16	17	18	19	21	24	
488	17	17	19	20	21	22	24	
494	56	57	
495	52	53	54	56	58	61	
496	49	50	51	52	53	54	55	62	87	91	93	94	97	
497	37	41	51	61	81	85	87	89	90	94	97	
498	15	17	19	33	46	48	81	83	
499	7	8	10	11	12	14	15	22	44	46	46	49	69	
500	3	12	13	15	15	17	18	19	22	23	82	86	95	
501	16	17	17	19	20	21	
515	56	58	60	
516	47	48	51	52	54	56	58	59	63	
517	47	48	49	50	51	52	53	54	55	56	86	88	89	91	95	100	
518	38	48	49	52	53	81	83	85	86	88	88	90	94	
519	67	81	83	
520	3	6	8	9	11	14	15	
521	5	7	11	11	12	13	14	15	15	16	17	19	20	23	25	
522	16	17	18	19	20	21	22	24	
527	57	
528	57	60	
529	51	52	53	55	56	59	87	90	95	
530	41	48	50	51	53	55	80	82	85	87	89	90	93	95	
531	8	12	15	16	19	42	57	58	61	78	79	81	83	85	88	93	
532	19	20	20	25	26	30	38	42	52	54	67	72	
533	5	9	13	22	23	23	45	46	47	48	48	49	50	51	72	
534	5	7	10	12	12	13	14	15	15	18	26	44	46	72	79	80	82	84	99	
535	15	16	17	18	19	20	21	23	23	26	79	89	
549	53	56	57	58	59	61	
550	48	50	51	52	53	54	55	56	57	59	63	
551	42	45	46	47	48	48	49	50	52	54	56	82	84	86	95	
552	45	46	47	49	57	72	80	82	85	90	93	100	
553	43	46	49	69	89	
554	9	10	12	13	15	
555	3	6	8	10	11	12	13	13	14	15	15	16	16	19	19	21	24	
556	16	17	18	18	19	20	21	22	24	
561	57	58	59	
562	52	53	53	54	55	57	60	
563	48	49	51	54	86	87	90	92	94	
564	9	12	14	41	81	82	84	86	87	88	91	101	
565	7	11	12	15	16	17	17	18	19	20	23	69	84	
566	18	21	21	22	23	24	27	52	54	55	57	59	60	
567	9	24	30	44	47	49	50	54	64	72	
568	2	5	6	10	11	12	14	15	23	38	44	47	48	69	72	79	
569	17	19	20	21	
570	23	23	
583	53	56	57	59	61	
584	50	51	52	53	53	54	55	56	57	58	60	61	63	
585	30	43	45	48	48	49	50	50	51	52	53	54	55	56	57	57	57	58	59	60	68	
586	31	44	45	46	47	48	48	49	50	51	52	54	56	58	68	70	
587	29	44	45	46	47	48	48	49	49	69	72	
588	5	7	9	10	14	44	
589	6	8	11	11	12	13	13	14	14	15	16	17	18	19	24	
590	16	16	17	18	19	19	20	21	22	25	
595	52	56	60	90	93	
596	52	54	54	55	58	63	86	87	88	88	90	91	93	95	97	
597	8	13	41	53	81	83	83	85	87	88	89	90	93	95	99	
598	4	9	11	12	13	14	15	16	17	18	19	72	81	84	
599	12	15	16	17	18	19	20	21	22	23	24	26	
600	22	22	63	
601	53	59	
602	11	14	23	
603	25	71	
604	23	
606	13	
607	12	13	
618	55	58	61	
619	52	53	54	55	56	57	58	59	61	62	
620	24	33	48	50	51	51	52	53	54	55	56	57	57	59	60	63	
621	44	45	46	47	47	48	49	49	50	51	51	53	58	69	73	
622	9	11	13	14	43	44	45	46	47	49	49	72	
623	1	6	8	10	11	12	12	13	14	15	15	16	18	25	26	
624	16	16	17	18	19	20	21	23	23	
627	57	
628	54	88	92	
629	52	54	82	86	87	89	90	92	95	
630	52	54	82	83	85	86	87	89	90	95	97	
631	8	10	11	13	14	16	18	18	81	82	84	86	
632	5	12	13	14	15	16	17	18	18	19	19	20	21	22	23	68	
633	1	20	21	21	22	24	27	
634	23	
653	55	62	
654	52	54	55	57	57	58	60	61	62	
655	47	50	51	51	52	53	54	55	55	57	58	59	
656	3	9	44	45	46	46	47	49	49	50	65	72	
657	8	9	11	12	13	14	15	
658	13	16	17	18	20	21	86	88	92	95	
659	17	22	
660	56	
661	51	53	55	88	91	95	
662	53	54	55	62	86	87	88	89	90	92	95	97	
663	16	41	49	80	82	84	85	86	87	89	90	92	94	96	
664	8	11	13	15	16	17	19	28	43	47	69	79	80	81	83	84	85	87	89	
665	10	11	12	13	15	15	16	17	18	18	19	20	21	23	69	79	
666	5	18	19	20	21	22	24	27	
667	22	23	
688	53	56	57	60	
689	48	51	52	53	54	55	55	56	57	58	62	74	
690	8	45	46	47	48	49	49	50	51	54	
691	5	9	11	12	14	15	46	
692	8	8	11	13	14	15	17	21	81	83	86	87	88	90	94	97	
693	18	87	90	92	94	96	
694	52	55	58	88	90	91	92	96	
695	40	53	54	55	62	85	87	88	89	91	94	97	
696	13	19	42	49	67	77	79	81	82	84	85	86	88	90	94	
697	8	11	14	16	18	18	19	20	45	46	50	69	72	79	80	81	83	85	
698	8	11	13	14	15	16	17	19	20	20	21	27	29	44	69	79	
699	5	13	18	20	21	22	23	24	25	74	
700	21	23	24	
718	12	
722	56	57	60	63	
723	34	50	51	51	52	53	54	54	55	56	57	57	58	60	
724	36	39	45	46	47	48	49	49	50	51	52	54	56	58	
725	4	11	26	41	44	45	46	47	47	49	50	68	
726	5	8	9	11	13	13	15	20	23	42	44	46	47	79	81	84	86	89	94	
727	16	47	81	82	83	85	86	88	88	90	94	96	99	
728	17	42	46	67	81	83	85	86	87	88	89	90	94	97	100	
729	9	14	16	18	68	80	82	84	85	86	93	
730	10	12	13	14	15	16	17	18	19	20	21	44	79	84	
731	10	15	19	20	21	22	24	25	27	73	
732	20	22	23	24	26	
733	23	25	
756	61	
757	53	54	55	56	57	58	59	62	
758	50	52	53	54	55	56	57	58	59	60	
759	4	27	41	44	49	50	51	53	54	56	58	58	60	64	72	74	
760	5	19	22	23	27	29	41	45	46	48	48	49	51	57	61	66	69	71	79	
761	11	13	18	19	21	28	41	44	45	48	49	50	60	69	72	80	81	83	
762	10	13	15	19	20	21	22	44	48	50	68	68	71	79	80	82	84	
763	8	12	13	15	17	19	20	22	23	28	28	44	64	69	72	81	83	
764	18	21	22	24	73	
765	22	23	24	
792	60	65	
793	54	60	64	74	
794	15	23	24	54	62	74	
795	15	23	24	25	73	
796	22	23	25	
797	4	24	
798	23	75	
828	74	
1160	32	
1170	8	
1186	1	
1187	4	
1198	18	
1203	57	
1213	40	
1214	57	68	
1215	40	44	46	47	48	
1216	48	
1218	60	
1231	23	
1232	65	
1240	65	
1242	9	
1243	24	
1245	19	
1247	17	18	24	39	58	
1248	17	19	21	30	39	45	47	51	57	60	60	67	
1249	21	23	43	44	46	47	48	49	50	53	54	58	71	
1250	45	46	47	49	50	59	
1251	49	
1259	56	
1274	12	
1280	11	14	17	18	24	26	40	
1281	12	13	15	17	18	20	21	24	28	42	69	
1282	18	19	20	22	24	52	56	57	58	60	62	71	
1283	22	23	24	28	46	47	47	49	50	50	51	52	53	55	56	57	59	70	
1284	44	47	48	49	50	52	54	60	73	
1285	49	
1287	71	
1302	42	
1303	46	49	
1304	47	50	71	
1309	31	
1313	11	13	18	21	26	
1314	8	9	11	12	14	15	16	17	19	21	
1315	12	13	14	15	16	17	18	19	20	21	22	24	69	
1316	21	22	23	23	25	55	56	56	57	58	59	62	
1317	47	48	50	50	51	52	53	53	54	56	58	59	
1318	45	46	48	49	51	54	
1319	48	
1320	66	
1322	68	
1324	4	
1325	69	
1335	17	
1336	16	19	34	39	58	
1337	17	19	21	24	42	47	50	61	61	69	
1338	45	46	47	48	50	52	53	58	58	70	
1339	48	
1346	13	
1347	9	11	14	
1348	7	8	10	12	13	14	15	16	16	18	18	19	21	22	27	
1349	13	15	17	19	20	20	21	23	23	58	71	
1350	18	21	22	25	52	54	55	56	57	57	59	60	63	
1351	46	47	48	50	50	51	52	53	53	54	55	57	59	
1352	48	50	92	
1353	53	54	
1354	100	
1362	16	91	
1364	55	
1368	18	
1369	9	13	14	17	19	
1370	13	16	17	17	18	19	21	23	57	61	
1371	17	20	20	22	25	43	48	50	52	53	54	55	57	58	59	62	70	
1372	23	45	46	47	49	49	51	
1373	49	
1380	11	16	
1381	6	8	10	11	13	13	14	15	16	18	18	20	
1382	9	11	12	12	14	15	16	16	17	18	19	20	24	
1383	17	17	18	20	21	22	24	28	57	
1384	23	52	52	55	56	57	58	58	59	62	
1385	47	48	49	50	51	52	53	54	55	56	59	
1386	45	49	54	63	
1401	20	
1402	9	13	13	17	18	22	
1403	5	10	12	14	15	16	17	18	19	21	25	27	29	
1404	8	13	15	16	17	17	18	19	20	22	23	25	56	57	59	62	70	
1405	21	22	25	46	48	51	52	52	54	55	55	57	59	
1406	46	48	49	50	52	54	58	74	
1407	65	
1408	54	
1412	21	
1414	12	18	
1415	7	9	10	11	12	14	15	17	20	27	
1416	7	12	13	15	16	16	17	18	19	20	21	22	27	70	
1417	18	20	21	22	23	56	57	58	
1418	52	52	55	56	59	62	
1419	48	49	50	51	52	53	54	56	58	88	90	92	94	
1420	49	51	54	60	87	88	
1421	68	
1424	70	
1429	60	
1430	77	
1435	11	17	
1436	6	10	11	13	14	15	17	18	26	
1437	4	7	12	14	15	16	17	18	19	20	21	23	29	58	
1438	17	19	20	21	23	24	55	56	57	58	60	
1439	23	47	48	50	51	52	53	53	54	55	62	
1440	47	49	50	52	54	58	59	86	91	94	
1443	30	
1447	31	
1448	10	13	
1449	7	9	11	12	14	15	15	17	18	21	26	
1450	8	12	13	15	15	16	17	18	19	20	22	23	
1451	20	21	22	25	56	57	58	59	
1452	48	51	53	53	54	55	56	60	
1453	49	50	51	54	55	81	83	86	87	90	92	97	99	
1454	49	54	86	90	96	102	
1459	6	
1466	23	42	
1469	10	14	19	
1470	6	8	10	11	12	14	14	15	17	22	
1471	12	13	15	15	16	16	17	18	18	19	20	21	24	58	
1472	17	20	21	22	35	52	53	55	56	57	60	
1473	47	49	50	51	51	53	54	55	57	59	
1474	45	48	48	49	50	52	56	86	92	
1475	86	
1477	30	71	
1479	11	31	
1481	15	
1482	11	14	18	
1483	8	9	10	11	12	13	14	15	16	17	18	19	21	
1484	12	15	17	19	20	21	22	24	26	58	
1485	21	23	52	53	56	57	59	60	
1486	48	49	50	50	51	52	53	54	59	60	95	
1487	49	50	81	83	85	87	89	91	98	
1488	85	
1489	77	
1491	68	
1494	76	
1501	16	
1503	9	12	13	
1504	6	8	10	11	12	14	15	15	16	20	23	
1505	13	15	16	16	17	18	19	20	20	21	23	57	58	
1506	18	21	22	52	53	55	55	56	57	60	
1507	13	47	48	49	50	51	52	53	54	55	57	
1508	45	50	51	54	84	88	90	
1509	48	
1511	94	
1512	28	
1515	14	
1516	9	11	14	16	
1517	6	10	11	12	13	14	15	16	18	18	19	21	
1518	8	16	17	19	20	21	22	24	56	57	
1519	51	52	52	55	56	57	58	61	
1520	46	48	48	49	50	51	53	53	54	59	87	89	91	93	96	
1521	51	55	80	86	90	
1522	86	
1524	11	
1537	10	12	13	15	19	
1538	4	8	10	11	12	13	14	15	16	19	21	24	
1539	13	15	16	17	18	19	20	21	24	25	57	
1540	18	23	52	53	54	55	56	58	58	59	61	
1541	46	47	47	48	49	50	52	53	54	55	64	92	
1542	46	48	50	86	97	
1543	62	87	
1544	63	
1546	25	
1550	10	12	14	23	
1551	7	10	11	12	13	14	14	15	16	17	18	20	
1552	17	17	18	19	20	21	23	24	57	60	
1553	47	48	50	51	52	53	54	55	56	59	61	
1554	46	49	50	51	54	57	59	81	84	86	89	92	96	
1555	48	51	54	83	86	88	
1556	79	
1570	10	
1571	9	11	14	19	24	
1572	5	7	9	10	12	13	13	14	14	15	16	19	24	
1573	15	16	17	18	18	19	20	22	24	56	57	58	
1574	22	51	52	52	53	53	54	55	56	57	58	61	64	
1575	45	46	47	49	49	50	51	52	54	55	86	89	
1576	46	48	50	52	83	
1577	86	
1581	26	32	
1584	9	10	12	14	15	18	20	
1585	5	7	10	12	13	13	14	15	16	17	18	19	20	23	26	
1586	16	17	18	19	20	21	23	53	56	56	57	58	60	63	71	
1587	46	47	48	51	51	52	54	54	56	58	
1588	44	46	47	49	50	53	53	54	59	64	81	83	87	88	
1589	50	60	83	104	
1594	65	65	65	
1595	74	
1605	7	8	10	12	14	15	16	19	41	
1606	9	11	12	13	13	14	15	15	16	16	17	19	20	25	
1607	17	19	20	21	23	24	57	60	
1608	22	51	52	52	53	53	54	55	56	57	58	59	60	
1609	46	47	47	49	50	51	52	53	54	56	64	
1610	48	50	55	
1616	16	
1617	1	11	13	42	
1618	9	10	11	13	14	15	20	25	28	41	
1619	4	7	12	15	16	17	18	18	19	20	21	24	27	72	
1620	18	21	22	24	28	55	57	58	59	60	61	
1621	23	42	48	51	52	53	54	55	56	57	59	61	
1622	44	46	47	48	49	50	51	53	55	
1623	45	47	49	73	85	
1624	3	72	
1625	48	75	
1628	15	
1636	24	
1637	16	
1638	11	13	
1639	7	9	10	12	13	14	16	17	18	20	24	28	
1640	5	7	11	12	14	15	16	17	17	19	19	21	23	72	
1641	18	20	21	22	24	27	57	57	61	
1642	51	52	53	54	55	56	58	58	59	60	62	
1643	45	46	47	48	48	49	50	51	52	53	54	
1644	45	47	49	
1645	53	
1650	11	17	23	
1651	11	14	16	17	18	21	26	
1652	5	7	8	10	12	13	13	14	15	16	17	19	20	21	26	
1653	5	12	13	15	18	19	20	21	22	23	24	71	
1654	57	62	92	
1655	52	53	54	54	55	56	58	58	60	88	91	97	
1656	47	48	49	50	51	52	54	55	57	59	74	
1657	45	47	49	51	
1658	44	45	45	45	
1666	75	
1667	45	
1669	16	
1672	8	9	11	14	17	19	25	
1673	8	9	10	11	12	13	14	15	16	16	17	18	19	20	22	24	
1674	12	15	17	20	21	22	23	23	
1675	21	22	56	57	58	62	
1676	48	51	52	52	54	55	55	56	57	59	61	
1677	46	47	49	50	50	51	53	54	57	
1678	48	49	
1679	40	46	
1680	32	
1681	15	42	
1683	16	80	
1684	12	14	
1685	8	9	12	14	16	17	18	20	
1686	13	15	17	20	21	22	24	27	57	
1687	25	51	
1688	11	82	86	87	88	90	91	94	97	
1689	16	57	58	60	82	85	86	87	89	91	94	97	
1690	50	52	54	55	57	59	
1691	49	52	54	73	
1692	48	
1704	16	
1705	10	13	25	
1706	7	9	10	12	14	15	17	19	
1707	5	6	11	12	13	14	15	16	17	18	19	21	22	25	
1708	17	19	20	21	23	24	
1709	23	57	58	61	
1710	53	54	55	56	56	58	59	63	
1711	45	46	47	49	50	51	51	53	56	58	
1712	45	46	48	50	
1713	47	48	
1714	82	83	
1717	13	
1718	10	12	14	15	16	18	20	46	
1719	8	11	12	13	14	15	16	17	18	19	22	25	26	56	58	
1720	17	20	22	23	23	24	47	51	52	53	
1721	48	50	87	88	90	92	93	96	
1722	8	11	80	82	84	85	86	87	89	90	93	97	
1723	78	80	81	82	84	85	87	88	90	94	
1724	51	54	60	81	86	87	88	90	91	95	
1725	53	53	
1728	57	
1738	24	
1739	9	80	
1740	3	9	10	12	14	15	23	
1741	7	8	11	13	14	15	17	18	36	37	91	
1742	12	15	22	39	87	89	90	92	95	97	
1743	16	17	57	58	88	91	96	
1744	18	52	53	54	55	56	57	59	59	62	
1745	45	46	47	48	49	50	50	51	52	53	54	58	
1746	46	48	49	51	
1747	46	
1748	73	84	85	
1750	13	
1751	9	14	16	17	19	41	
1752	4	8	10	12	14	15	16	17	18	18	19	21	23	23	28	41	71	
1753	12	17	19	20	21	24	27	53	56	58	60	70	
1754	22	23	50	51	52	54	54	56	59	91	93	
1755	49	54	56	81	82	85	86	87	89	92	94	
1756	11	78	80	83	84	87	89	96	
1757	80	83	85	88	97	
1758	80	81	83	83	84	86	87	89	91	94	99	
1759	92	
1773	12	94	
1774	11	
1775	9	13	13	22	80	82	86	88	94	99	
1776	6	8	10	11	14	78	80	81	83	84	85	86	88	89	93	96	100	
1777	11	12	17	20	20	80	81	83	84	85	86	87	89	90	91	93	95	97	99	
1778	16	17	19	52	53	55	56	57	58	59	60	63	87	88	89	92	97	
1779	43	48	49	50	50	51	52	53	55	56	59	
1780	46	47	48	49	50	53	
1781	50	63	66	72	
1783	7	14	26	43	
1784	6	11	14	15	16	17	19	22	26	40	70	
1785	10	12	14	16	17	17	18	19	20	22	24	28	71	
1786	17	20	21	22	23	23	25	26	56	57	69	
1787	25	51	51	52	53	54	55	
1788	52	53	56	87	89	91	95	99	
1789	79	81	83	84	86	89	
1791	79	88	
1792	80	85	
1793	83	83	88	88	99	
1794	92	
1801	80	
1809	8	14	80	95	
1810	10	13	79	81	86	88	92	
1811	7	10	11	12	14	14	15	78	79	80	81	83	84	86	88	95	100	
1812	16	17	20	22	57	59	60	62	80	81	83	84	85	87	89	91	95	
1813	50	51	52	54	55	56	57	58	60	
1814	30	37	43	45	46	47	48	49	50	51	53	57	70	
1815	44	47	48	
1816	11	26	46	
1817	9	12	13	15	16	17	18	19	21	26	42	68	70	
1818	10	12	13	14	16	17	19	20	21	22	26	
1819	8	20	21	22	23	24	57	72	
1820	22	52	54	57	60	92	
1821	51	52	53	55	56	87	88	91	92	95	
1822	80	82	83	85	86	89	91	93	
1823	80	87	
1824	80	87	
1825	99	
1826	85	103	
1842	69	
1843	95	
1844	28	
1845	8	8	10	11	12	14	15	78	81	86	91	
1846	6	11	12	13	15	15	16	17	19	20	21	33	57	58	61	78	79	81	86	89	
1847	18	20	21	22	28	53	54	55	56	57	59	61	
1848	30	43	45	48	49	50	51	52	54	55	56	58	61	72	
1849	40	43	45	46	47	48	49	51	72	
1850	10	12	14	15	18	48	69	
1851	11	13	14	15	17	20	21	23	28	54	69	
1852	22	24	74	
1853	52	53	87	91	92	96	
1854	54	83	87	88	90	92	94	96	
1855	77	81	82	84	85	86	87	89	95	99	
1856	79	82	84	87	89	96	98	
1857	85	
1873	30	
1876	89	95	
1878	10	14	16	
1879	4	6	9	10	12	14	15	17	25	27	99	
1880	7	11	12	13	14	15	17	19	24	80	
1881	16	16	18	20	22	52	55	91	93	97	
1882	51	53	54	55	60	64	
1883	10	63	
1884	11	24	73	
1885	22	25	59	
1886	53	87	91	93	94	97	
1887	86	87	88	88	89	93	96	99	
1888	78	79	80	81	83	84	85	86	89	92	94	
1889	78	80	81	84	85	89	93	
1890	82	94	
1909	5	
1911	17	
1912	10	
1913	8	10	12	14	
1914	10	11	13	13	15	17	81	88	91	94	99	
1915	7	82	85	86	87	89	90	92	95	97	103	
1916	87	88	89	90	92	95	97	
1917	87	92	97	
1918	53	73	91	92	98	
1919	87	88	91	93	95	
1920	77	82	84	85	87	89	90	96	100	
1921	78	79	81	82	83	85	86	90	93	
1922	81	84	90	
1923	81	85	91	
1941	40	
1946	14	
1947	15	90	
1948	81	85	88	
1949	78	78	80	81	83	85	86	89	95	
1950	77	79	80	82	83	84	85	87	89	93	97	100	
1951	77	78	81	82	83	86	88	90	94	98	102	
1952	82	86	87	88	90	95	
1953	77	80	81	83	85	87	89	97	98	
1954	79	82	83	84	86	97	
1955	82	88	90	
1959	63	
1970	84	
1975	57	
1977	50	
1982	17	
1983	80	83	
1984	78	80	84	90	
1985	79	84	88	91	
1986	79	81	83	85	89	95	
1987	79	85	90	97	
1988	79	93	
1992	102	
2014	60	
2017	100	
2018	79	83	98	
2019	79	
2020	94	
2024	99	
2065	87	
2069	96	
2072	12	
2076	12	
2085	102	
2094	94	
2096	24	
2121	99	
2128	104	
2130	30	
2162	26	
2178	12	
2184	4	
2196	28	
2216	6	
2219	20	
2251	10	
