16	70	
111	37	
122	93	
123	87	88	92	94	97	
124	87	90	91	92	96	
125	16	
154	56	57	
155	48	50	52	55	57	
156	50	83	85	87	88	90	92	95	99	
157	9	81	82	84	85	86	87	89	90	91	93	95	97	
158	7	9	11	13	13	14	16	82	84	86	87	88	90	93	95	102	
159	16	17	18	19	20	82	
178	92	
179	17	93	
187	58	
188	36	56	57	58	59	60	
189	48	50	50	51	52	53	54	55	56	
190	47	49	49	50	53	81	85	89	90	
191	7	9	10	13	80	81	82	83	84	85	86	89	95	
192	7	11	12	12	14	15	15	16	16	17	19	19	20	81	82	83	84	
193	13	17	18	18	19	20	21	24	
194	21	
209	56	
211	87	91	92	95	
212	11	86	87	90	91	92	95	
213	13	16	83	86	88	92	
214	17	
221	57	
222	52	53	55	55	56	56	57	59	60	
223	49	50	50	51	52	53	53	54	55	58	91	
224	8	49	50	51	84	87	89	96	
225	10	11	12	13	14	15	16	17	19	42	44	81	84	
226	5	8	11	12	13	14	15	16	17	17	18	18	19	19	20	23	24	
227	18	20	21	22	24	
228	22	
242	57	
243	34	52	56	58	
244	46	48	50	51	53	54	90	95	
245	47	81	82	83	84	85	86	87	88	90	91	92	93	95	
246	6	8	10	11	13	81	82	83	85	85	86	88	89	90	91	92	94	99	
247	11	12	15	16	17	18	18	81	83	84	87	94	98	
248	17	17	18	20	21	
254	58	
255	56	57	
256	51	52	53	53	54	55	56	59	62	
257	49	50	51	52	53	54	54	83	86	87	90	91	93	96	
258	9	49	85	86	89	92	93	
259	5	7	10	11	12	13	14	14	15	16	17	19	23	
260	5	8	13	15	16	17	18	19	20	21	22	24	
261	21	22	23	
276	56	57	60	63	
277	51	52	53	53	54	55	56	57	58	60	
278	47	49	49	50	51	52	53	54	84	86	89	96	
279	46	48	49	81	83	84	85	88	88	90	98	
280	8	9	9	10	11	12	13	14	15	80	81	82	83	84	85	90	98	
281	7	12	13	15	15	16	17	17	18	19	20	71	83	85	
282	17	17	18	19	20	21	22	
287	8	
288	57	
289	52	55	56	57	59	63	
290	50	51	52	52	53	54	55	56	59	92	95	
291	49	50	51	53	81	82	85	86	88	89	90	92	94	
292	8	9	10	12	14	15	83	85	89	
293	5	8	10	11	12	13	14	15	16	16	18	18	19	23	
294	17	17	19	20	21	22	23	25	
295	21	
310	53	55	56	57	59	
311	50	51	52	53	54	54	55	56	58	59	61	93	
312	32	48	49	50	50	51	52	54	55	85	87	90	91	93	
313	48	49	87	95	
314	5	6	9	10	11	12	13	14	15	16	18	84	
315	7	11	12	13	14	15	15	16	16	17	17	18	19	20	21	23	26	101	
316	17	18	19	20	20	21	22	23	
321	3	4	93	
322	56	58	61	
323	53	54	55	57	61	87	90	91	92	95	
324	50	51	53	54	54	56	59	82	86	87	89	90	91	94	96	
325	10	13	82	84	85	87	90	95	
326	4	6	8	10	11	12	14	15	83	101	
327	5	7	11	12	13	13	14	15	16	17	18	18	19	20	21	24	
328	17	18	20	21	22	
343	57	61	
344	52	55	56	58	59	61	
345	49	50	51	52	53	54	55	63	87	89	92	96	
346	49	49	51	53	55	82	86	87	89	90	91	93	96	
347	10	13	67	85	93	
348	4	6	8	10	11	12	14	15	15	16	17	18	19	42	44	
349	8	12	13	14	15	16	17	17	18	19	19	20	21	22	24	
350	20	21	22	23	
354	92	95	
355	58	86	87	90	93	95	
356	56	86	88	90	91	93	94	95	
357	55	82	85	86	87	88	88	90	91	92	94	96	
358	54	82	84	85	86	87	88	90	91	92	93	98	
359	9	81	84	86	89	93	
360	6	9	10	11	13	13	14	15	93	96	
361	3	8	11	12	12	14	15	16	17	19	20	22	23	
362	16	17	18	19	20	22	24	
377	53	56	57	59	
378	47	50	52	53	54	55	56	59	
379	48	48	50	51	52	54	55	60	85	87	89	91	92	94	
380	50	84	85	86	88	90	91	95	
381	7	9	11	12	13	14	15	16	18	
382	8	11	12	13	14	15	15	16	16	17	17	19	19	20	21	69	73	
383	15	17	18	19	20	21	22	23	24	25	
386	57	92	
387	54	56	91	92	94	
388	53	86	87	89	90	91	92	94	96	
389	82	85	86	87	88	89	90	91	92	94	
390	82	83	84	85	86	87	89	90	91	94	98	
391	46	54	81	82	83	83	84	85	86	87	89	91	96	
392	40	46	81	82	83	84	86	89	
393	9	82	83	89	95	
394	4	6	8	9	11	13	13	14	15	87	
395	7	10	12	12	14	15	15	17	18	20	24	87	92	
396	16	17	17	19	21	87	91	93	
397	17	18	22	
410	57	58	63	
411	52	53	55	56	57	58	59	
412	47	48	49	50	51	52	52	53	54	56	59	
413	46	48	49	50	52	53	82	83	84	86	88	88	90	97	98	
414	9	11	82	83	85	87	89	93	
415	6	8	9	10	11	12	13	13	14	15	15	16	17	18	19	
416	12	15	16	17	17	19	20	20	21	22	24	27	
417	21	22	23	
419	54	87	90	91	93	95	
420	58	85	86	87	90	91	94	95	99	
421	53	57	82	83	85	86	87	88	89	90	92	94	97	
422	41	53	56	81	83	83	85	86	87	88	90	91	93	95	
423	42	46	48	81	82	83	84	85	87	89	91	100	
424	42	46	67	81	82	84	85	87	89	93	
425	16	18	19	42	48	56	58	58	59	66	81	84	85	
426	18	18	19	21	36	42	44	45	47	47	49	50	56	66	69	84	
427	23	26	43	44	45	46	47	48	50	
428	6	8	10	12	13	15	26	44	46	
429	2	4	7	9	10	11	12	13	14	15	17	18	23	82	83	85	93	94	99	
430	6	11	12	15	16	18	20	82	85	87	90	92	98	
431	16	17	18	20	
444	57	62	
445	35	52	54	55	56	57	57	58	60	62	
446	46	47	49	50	50	51	51	52	53	54	54	55	56	89	
447	44	46	48	48	49	49	50	63	84	87	90	94	
448	7	9	10	11	13	14	86	
449	6	8	10	11	12	13	13	14	15	15	16	18	19	21	
450	17	18	21	23	24	92	
451	53	55	58	60	91	93	96	
452	51	53	54	87	90	91	93	95	
453	81	83	85	87	88	88	89	90	92	95	
454	53	81	82	83	84	85	86	87	89	90	92	93	96	
455	81	82	82	84	85	86	88	89	94	
456	16	19	42	43	68	80	81	82	84	85	86	89	94	
457	16	17	17	19	19	42	44	48	49	60	65	81	83	
458	8	11	14	17	18	19	20	20	21	23	25	27	43	43	44	45	46	47	49	64	67	69	83	
459	13	15	20	20	21	22	26	33	44	45	56	57	58	60	62	
460	20	21	22	23	23	25	26	38	45	47	50	51	52	53	54	55	56	57	58	59	62	70	
461	22	36	43	45	45	46	47	48	49	50	50	53	54	56	59	
462	14	28	43	45	46	47	48	48	49	
463	4	7	8	10	11	14	15	44	85	89	
464	7	11	12	13	14	15	15	16	19	23	84	86	89	92	94	98	
465	12	16	17	18	20	85	87	89	91	92	94	
466	17	18	22	
479	52	53	55	55	56	56	57	58	59	61	62	64	
480	32	36	47	50	51	51	52	52	54	54	55	56	58	89	
481	44	45	46	48	48	49	50	52	53	66	85	
482	7	9	10	12	14	15	87	
483	2	7	9	11	12	14	15	
484	13	83	85	86	87	88	89	90	91	93	93	95	99	
485	85	86	87	89	90	91	92	94	
486	33	52	54	82	85	86	87	88	88	89	90	92	94	
487	40	53	54	66	80	81	83	84	85	86	87	89	91	94	
488	17	41	43	46	50	67	81	82	84	86	89	
489	9	11	13	15	16	17	19	20	41	42	45	46	48	80	81	84	
490	6	11	12	14	14	15	16	17	18	18	19	20	21	26	44	48	68	
491	15	17	19	20	20	21	23	24	25	26	45	
492	21	22	23	24	25	25	
493	22	24	25	52	57	61	
494	51	52	54	55	55	56	56	57	59	60	
495	43	45	47	49	50	51	52	53	53	54	55	56	57	58	58	59	62	63	66	
496	42	44	45	47	47	48	49	49	50	51	56	
497	4	7	11	44	45	46	47	48	49	50	
498	7	9	10	11	12	14	15	46	81	82	83	85	87	88	96	101	
499	7	10	11	12	14	17	20	81	82	83	84	86	87	89	91	94	96	
500	15	16	17	18	18	20	37	38	83	86	89	92	95	
501	16	17	38	
512	57	99	
513	52	53	55	55	56	56	57	58	59	60	62	81	
514	48	49	50	51	51	52	53	54	55	56	58	59	
515	41	43	44	45	45	46	47	48	48	49	50	50	51	53	57	
516	7	14	41	44	46	47	48	49	69	
517	1	7	9	13	39	44	46	47	69	83	84	98	
518	41	47	80	81	82	83	84	84	85	86	88	89	96	
519	81	82	82	83	84	85	87	88	89	90	93	99	
520	18	46	68	72	81	82	82	83	84	85	87	89	90	103	
521	14	16	17	19	41	43	45	47	57	68	80	82	84	
522	8	8	12	13	15	17	18	19	20	20	21	41	43	45	47	50	63	83	
523	12	14	15	18	19	19	20	21	22	23	25	44	64	
524	12	15	19	20	21	22	24	25	
525	21	22	23	24	
526	25	
528	57	58	61	
529	51	52	54	55	55	56	57	57	59	60	61	
530	33	42	47	48	50	50	51	51	52	52	53	54	55	56	57	58	60	64	
531	43	44	44	45	46	47	48	48	49	49	51	53	66	
532	4	7	9	11	24	44	46	47	49	50	
533	7	9	11	12	13	14	15	15	81	82	83	84	87	90	93	
534	8	12	14	15	16	17	19	81	82	84	85	87	88	91	95	102	
535	16	17	18	18	19	21	
547	55	58	61	
548	52	52	53	54	55	55	56	57	57	59	61	62	63	
549	31	42	45	47	48	48	49	50	51	53	54	55	56	57	59	60	62	67	
550	25	28	38	43	43	44	45	46	47	48	50	51	53	55	56	57	58	60	66	75	
551	20	22	40	43	44	45	46	47	48	48	49	51	53	57	62	64	
552	18	19	22	40	42	44	44	46	47	49	56	66	68	82	
553	8	13	13	15	19	21	42	44	45	47	48	65	72	81	83	85	
554	10	12	13	14	15	16	18	18	19	20	21	28	41	43	68	81	84	
555	12	14	15	16	17	19	20	21	22	23	24	44	55	55	70	
556	15	19	20	21	22	23	24	25	44	
557	21	23	24	25	
558	22	24	
563	55	57	60	62	
564	50	51	52	52	54	54	55	56	57	58	58	59	60	61	
565	45	47	48	49	49	50	51	51	53	54	56	
566	9	44	45	46	47	48	49	50	51	
567	8	10	11	12	13	14	46	84	
568	6	10	11	12	12	14	14	16	17	18	20	23	81	82	83	84	85	86	88	94	
569	16	17	17	18	19	19	20	21	25	
582	62	
583	53	54	55	59	61	
584	24	48	51	53	54	55	56	58	61	
585	22	24	25	45	49	50	52	54	55	56	59	62	63	
586	13	19	22	24	25	44	45	47	49	51	61	67	
587	9	15	19	21	22	24	25	65	
588	13	15	20	21	23	23	24	25	45	70	
589	21	22	24	25	
590	22	
597	57	
598	52	55	55	56	57	58	58	60	61	
599	47	50	51	51	52	53	53	54	54	55	56	57	60	
600	9	45	47	48	49	49	50	51	58	
601	5	9	10	13	15	48	
602	6	7	9	11	11	12	13	13	14	15	15	16	16	18	83	
603	15	16	16	17	18	19	19	20	21	23	23	
604	18	22	
609	98	99	100	
620	25	30	
621	25	
622	25	
631	56	58	
632	55	55	56	57	60	62	
633	50	51	52	53	53	54	55	55	56	58	61	90	92	
634	49	50	51	54	88	92	
635	9	10	11	14	50	
636	4	7	10	11	11	12	13	13	14	15	15	16	17	18	21	24	102	
637	13	16	17	17	18	18	19	20	20	21	22	23	83	
638	21	
665	56	57	59	
666	51	52	53	55	56	61	91	95	
667	50	51	52	53	54	55	60	81	85	86	87	89	90	91	92	94	
668	51	54	81	83	86	87	89	91	92	95	
669	9	10	14	15	16	
670	5	6	8	9	11	12	12	13	14	14	15	15	16	18	19	24	
671	16	16	17	18	19	19	20	21	21	22	24	
672	22	
698	56	57	61	
699	48	50	51	53	53	54	56	58	62	92	
700	49	50	51	53	54	58	81	86	87	90	91	93	94	96	
701	50	51	81	83	83	85	86	87	89	90	91	94	100	
702	51	81	82	84	86	89	
703	3	8	9	12	13	14	19	
704	5	7	11	12	12	14	14	15	15	16	17	18	18	19	21	25	44	72	
705	1	17	17	19	20	20	21	22	23	
706	22	
731	56	57	
732	51	52	55	56	58	58	62	
733	47	49	50	51	52	53	53	54	55	60	87	89	91	96	
734	49	50	52	55	62	83	83	85	86	87	89	90	92	95	
735	16	48	81	82	84	85	89	98	
736	9	41	
737	6	9	10	11	13	13	14	14	15	16	17	18	19	19	20	22	26	44	70	
738	2	5	8	10	12	12	14	15	15	17	17	18	18	19	19	20	20	21	23	24	43	
739	20	21	22	23	24	
765	36	56	56	57	59	
766	48	50	51	52	53	53	54	55	56	57	59	
767	33	45	46	47	49	50	50	51	52	54	55	81	84	86	90	95	
768	39	42	43	46	48	50	81	82	84	86	88	89	95	
769	10	14	16	18	43	48	66	69	84	
770	6	10	11	12	14	14	15	16	17	17	19	19	21	24	26	47	69	
771	8	9	12	13	13	15	15	16	17	18	19	20	20	21	22	23	24	43	
772	1	4	20	21	22	23	24	25	
773	22	
798	58	
799	56	57	60	62	
800	35	51	51	52	53	54	55	56	57	59	60	
801	41	44	45	47	49	50	51	52	53	55	56	62	63	69	
802	27	42	43	44	45	46	48	48	49	50	51	66	69	84	
803	8	9	11	13	13	14	15	17	19	19	20	21	43	43	44	45	47	48	
804	7	11	12	14	15	17	18	18	19	20	21	21	23	23	24	69	
805	20	21	22	23	24	
806	22	25	
834	52	55	
835	51	55	58	62	64	
836	24	45	50	
837	4	11	14	21	23	24	24	
838	22	23	23	24	25	
839	25	
871	25	
1165	83	
1167	23	
1174	85	
1191	49	
1196	35	
1199	23	
1200	59	
1206	76	
1210	95	
1212	48	51	
1225	41	
1228	1	44	
1234	74	
1235	18	
1244	46	
1245	46	
1246	46	50	57	
1247	71	
1251	6	64	
1260	1	
1266	59	
1268	41	
1276	17	
1277	17	
1278	16	18	18	22	58	62	
1279	17	19	21	38	41	43	43	46	47	51	56	57	70	
1280	27	44	46	47	49	52	66	69	
1281	44	48	53	
1283	56	
1284	6	10	
1287	54	
1289	85	
1291	64	
1295	41	
1301	46	
1310	17	20	
1311	10	15	18	26	
1312	16	17	18	19	21	25	42	56	57	63	
1313	17	20	21	22	23	25	28	44	52	53	56	57	59	
1314	21	45	46	48	48	49	50	52	54	
1315	45	49	53	
1316	38	
1317	57	
1318	48	94	
1320	10	
1326	101	
1331	21	
1332	19	24	42	
1333	39	46	48	
1334	38	44	47	56	59	72	
1335	6	48	50	53	
1344	9	14	17	
1345	6	9	11	12	14	15	17	19	
1346	12	13	15	16	16	17	18	18	19	19	21	24	56	57	61	
1347	17	20	21	22	25	51	52	54	55	56	58	59	
1348	47	48	49	50	51	53	55	56	
1349	49	53	53	
1351	47	
1365	6	31	
1366	42	
1367	17	18	18	19	21	38	43	46	56	58	60	
1368	20	23	24	44	47	49	51	57	60	64	69	
1369	43	45	46	48	48	49	51	54	
1370	46	56	
1371	73	
1372	59	
1374	65	
1378	10	
1379	8	9	10	10	11	12	13	14	15	16	17	19	23	26	
1380	13	16	16	17	18	19	20	20	21	24	25	55	56	57	58	58	60	
1381	21	22	48	51	53	53	54	55	56	60	
1382	13	49	50	52	54	56	83	88	90	91	93	
1383	53	83	
1385	10	
1387	39	
1397	41	
1398	33	
1399	10	14	19	
1400	11	12	13	14	15	16	17	19	24	
1401	15	16	17	18	19	20	22	24	25	27	56	56	57	59	61	
1402	21	22	24	27	43	45	48	50	51	52	53	54	55	56	59	
1403	23	43	44	45	46	48	49	50	50	51	54	
1412	10	12	15	16	19	
1413	5	8	10	11	13	14	15	16	16	17	18	19	20	23	57	58	69	
1414	17	17	20	21	22	24	34	53	55	56	59	60	
1415	22	23	47	48	49	50	51	53	53	54	58	87	90	92	93	
1416	49	51	62	81	85	86	90	93	95	98	
1417	51	
1418	97	
1419	95	
1423	88	
1426	10	
1432	17	
1433	6	9	10	13	14	16	
1434	6	10	11	12	13	14	15	16	18	19	20	21	
1435	15	17	18	19	19	20	21	23	24	56	56	57	58	59	61	
1436	18	21	22	24	48	50	51	51	52	53	54	54	55	56	59	
1437	45	48	49	49	50	53	54	65	
1438	49	53	54	
1444	15	18	46	
1445	8	14	16	26	46	
1446	9	11	12	13	14	16	18	18	19	21	44	
1447	5	8	11	13	15	16	17	18	19	20	22	23	56	56	57	59	62	70	
1448	18	20	21	22	24	47	51	52	53	54	55	55	56	57	59	62	
1449	45	46	47	48	49	50	51	54	85	88	90	99	
1450	48	55	59	90	
1451	52	87	
1452	93	
1453	12	
1464	63	
1465	19	
1466	12	
1467	6	9	10	12	13	15	17	18	
1468	7	11	12	13	13	14	15	16	16	17	19	20	24	
1469	17	17	18	19	20	21	22	24	26	56	58	58	60	62	
1470	22	33	48	50	51	52	53	53	54	54	55	56	60	
1471	49	49	50	52	54	91	
1472	50	
1473	32	48	
1476	48	
1477	15	16	20	42	
1478	2	2	2	16	26	43	46	49	
1479	9	12	14	16	18	19	22	41	69	
1480	4	6	11	12	13	14	15	16	17	18	19	20	21	24	26	44	69	
1481	17	18	18	19	20	21	22	23	25	43	55	56	57	58	59	61	
1482	22	47	51	51	52	54	55	56	59	61	
1483	45	46	48	48	49	50	51	53	53	54	84	
1484	47	50	84	90	
1486	93	
1489	17	
1492	8	
1497	40	
1499	17	
1500	9	
1501	6	10	11	13	13	14	15	16	16	18	19	20	23	
1502	8	11	12	14	15	16	16	17	18	18	19	20	21	24	56	57	
1503	20	21	22	23	52	55	56	57	59	
1504	50	51	53	53	54	55	56	87	90	91	92	94	96	
1505	50	52	82	85	87	88	90	93	98	
1508	46	66	
1509	10	
1510	11	14	16	19	26	42	44	
1511	16	17	19	22	27	41	45	48	48	69	
1512	11	14	16	18	18	20	22	41	43	44	47	68	
1513	10	12	14	17	19	20	21	23	25	26	45	
1514	8	11	13	15	17	18	18	19	20	21	23	23	24	44	
1515	21	22	24	25	35	53	57	58	61	
1516	48	50	50	51	52	52	53	54	55	56	57	59	60	62	64	
1517	44	45	46	47	49	50	50	51	52	53	55	56	59	
1518	44	46	48	50	52	
1519	46	
1533	10	18	
1534	9	11	13	15	16	20	23	
1535	6	9	10	11	12	13	14	15	16	17	18	18	19	20	24	28	
1536	17	19	20	21	22	24	56	57	59	62	
1537	21	22	25	48	50	51	52	52	53	54	55	57	58	
1538	15	48	49	50	53	58	82	85	87	88	89	90	91	95	
1539	54	81	84	85	91	94	99	
1540	49	82	94	
1541	14	42	
1542	18	19	24	42	47	50	
1543	11	15	16	17	19	25	45	
1544	6	12	13	15	16	17	19	20	21	26	42	43	46	68	
1545	13	16	18	19	20	21	22	23	45	
1546	10	14	17	19	20	22	23	25	44	49	
1547	12	15	20	21	22	23	24	
1548	21	22	23	25	
1549	57	58	60	62	
1550	52	52	54	55	55	56	57	59	61	
1551	43	45	46	47	48	49	50	50	51	53	54	56	60	
1552	44	47	48	48	49	52	53	56	59	
1553	61	
1557	31	
1559	74	
1562	3	
1565	18	
1566	20	
1567	10	13	
1568	8	9	11	12	13	14	15	16	20	23	
1569	7	12	14	15	16	16	17	18	19	19	20	23	25	56	57	58	
1570	18	20	21	22	24	28	51	52	53	55	56	57	60	
1571	33	45	46	47	49	50	51	52	54	55	56	59	87	90	95	
1572	48	50	51	54	56	80	82	83	84	85	88	89	92	95	
1573	46	82	83	91	
1574	15	16	
1575	15	16	17	19	24	26	41	44	46	68	
1576	12	14	17	18	19	20	22	24	41	44	47	65	68	
1577	9	12	14	16	17	19	20	21	24	43	44	45	47	71	
1578	13	14	15	17	20	20	21	23	24	26	
1579	21	23	24	25	74	
1580	23	25	
1581	24	
1582	44	87	91	92	93	94	96	
1583	16	17	19	62	87	92	97	
1584	52	54	55	55	56	57	59	60	62	
1585	47	51	52	53	54	55	56	57	59	66	
1586	43	44	45	46	47	48	49	50	51	53	54	
1587	43	45	48	48	49	51	
1601	9	10	13	15	
1602	7	10	11	12	14	15	15	19	21	
1603	13	15	16	17	18	18	19	20	21	23	24	57	59	61	
1604	17	21	22	51	52	53	54	55	57	58	59	60	62	
1605	32	41	45	46	47	48	49	50	50	51	52	54	55	57	60	84	
1606	41	43	45	47	49	51	67	69	80	84	
1607	9	19	40	43	43	46	48	
1608	10	12	14	17	19	21	24	26	42	46	69	
1609	11	13	14	16	17	18	18	19	20	21	22	24	69	
1610	10	15	20	21	22	24	25	44	
1611	12	21	22	23	25	
1612	22	24	56	
1613	88	90	92	95	96	
1614	55	88	89	90	91	91	92	95	96	
1615	83	86	87	88	89	90	91	92	93	94	95	97	100	
1616	6	8	10	12	14	82	83	84	85	86	87	88	89	90	91	93	95	99	
1617	12	15	16	82	83	85	86	87	88	90	91	92	93	95	101	
1618	16	18	19	55	57	60	61	92	96	
1619	35	51	52	52	54	55	55	56	56	57	58	59	61	
1620	42	44	45	48	50	51	52	53	53	54	55	56	57	58	61	
1621	40	43	44	45	46	48	49	50	51	55	59	67	
1622	44	46	49	54	
1623	49	
1635	9	11	13	17	
1636	5	6	9	10	11	12	14	14	15	17	19	
1637	12	13	15	16	17	17	18	19	20	21	24	27	57	62	
1638	17	17	21	23	52	53	54	55	57	58	59	61	
1639	43	45	50	51	52	54	55	56	58	60	63	66	
1640	26	28	42	44	45	47	48	49	51	55	56	67	
1641	8	19	21	25	44	45	47	48	64	66	
1642	10	13	14	15	19	20	21	23	23	44	49	
1643	13	20	21	24	25	
1644	22	23	24	
1645	55	56	59	88	91	
1646	52	54	87	87	90	90	91	92	94	
1647	54	81	82	83	85	86	87	89	90	91	93	97	99	
1648	81	82	83	83	84	85	85	86	88	89	90	91	93	93	98	
1649	82	82	83	84	85	85	87	90	94	
1650	9	12	15	81	82	84	85	87	89	
1651	2	6	10	11	13	14	15	16	81	82	83	83	85	87	89	93	95	100	
1652	12	13	14	15	16	18	22	82	85	86	88	88	90	91	93	94	95	100	
1653	16	17	19	55	57	60	62	92	
1654	50	51	52	53	54	55	56	58	58	60	61	65	
1655	43	45	45	46	47	49	49	50	51	52	54	55	56	
1656	43	45	46	48	48	49	51	54	59	
1657	43	56	59	
1658	70	
1660	32	
1667	8	
1669	9	12	14	79	
1670	4	7	9	10	11	12	13	14	15	17	20	
1671	12	12	15	15	16	17	18	20	21	86	88	91	92	96	
1672	17	19	21	23	70	92	
1673	62	
1675	24	54	
1676	22	24	
1677	87	92	93	96	
1678	54	87	87	89	90	90	91	92	94	95	97	
1679	53	82	83	85	86	87	88	89	90	91	93	95	99	
1680	53	81	82	82	84	85	86	87	88	90	92	94	98	
1681	80	81	84	85	89	91	93	
1682	81	83	84	86	
1683	81	84	85	
1684	5	15	82	84	101	
1685	8	8	11	14	83	85	
1686	2	10	11	12	14	14	15	20	81	82	83	83	84	86	90	95	101	
1687	13	16	17	19	22	82	83	84	85	86	88	89	91	92	94	95	102	
1688	18	22	33	54	55	55	56	57	58	58	60	61	
1689	47	51	52	53	54	55	56	57	59	
1690	43	44	45	46	47	48	49	50	51	53	55	58	
1691	45	47	49	50	
1692	59	
1693	59	
1703	9	15	23	
1704	4	8	10	11	14	87	93	
1705	7	8	10	11	12	13	13	15	16	20	82	85	86	90	94	
1706	11	15	16	82	85	86	87	88	90	91	92	94	95	96	99	
1707	86	87	87	91	91	92	95	97	
1708	87	92	93	95	97	
1709	53	55	57	88	92	93	96	
1710	53	55	87	90	91	92	93	94	95	96	
1711	82	82	85	85	86	87	88	89	91	92	94	96	100	
1712	80	81	81	82	84	85	85	86	87	88	89	91	94	101	
1713	80	81	82	84	85	86	89	94	
1714	82	84	86	89	
1715	84	
1716	99	
1717	89	
1718	14	92	
1719	6	8	90	
1720	5	10	11	14	82	85	89	94	101	
1721	6	8	10	11	12	13	13	14	15	17	21	23	81	82	82	84	85	87	90	92	96	100	
1722	16	16	17	18	18	19	20	55	57	58	61	86	87	91	95	
1723	52	52	53	54	55	56	57	59	60	63	
1724	45	46	47	48	49	49	50	50	51	52	54	55	57	
1725	45	47	48	49	51	64	
1728	17	
1731	97	98	98	
1737	7	
1738	5	10	
1739	9	13	83	83	84	88	92	94	
1740	8	12	79	81	81	83	83	84	85	87	88	90	93	94	100	
1741	11	81	82	83	83	84	85	85	86	88	89	91	93	96	100	
1742	43	82	83	85	85	86	87	88	89	90	94	96	
1743	43	81	82	83	85	85	86	87	89	90	91	92	94	96	100	
1744	81	82	82	83	84	85	86	87	88	90	91	95	102	
1745	81	82	83	84	86	89	
1746	81	83	86	89	94	
1747	86	
1748	85	
1749	83	94	
1752	16	
1754	4	7	8	11	88	
1755	6	9	10	11	13	13	14	15	16	18	20	23	82	83	86	
1756	7	12	13	15	16	18	19	20	57	58	71	81	82	83	85	93	102	
1757	17	18	22	52	53	54	54	55	56	56	57	59	60	62	
1758	13	46	47	48	49	49	50	50	51	53	53	54	55	56	58	62	
1759	45	47	49	50	58	
1766	74	
1773	88	
1774	81	101	
1775	10	81	82	84	85	86	90	93	
1776	81	82	84	85	86	89	94	101	
1777	80	81	82	84	85	86	89	94	
1778	81	82	83	84	87	93	97	
1779	82	83	96	
1780	83	
1781	84	
1787	20	
1788	11	28	42	
1789	7	9	10	11	13	13	14	15	16	17	18	19	24	42	
1790	2	7	12	13	15	16	17	18	18	19	20	22	23	25	57	58	69	84	
1791	22	52	55	56	56	57	59	
1792	45	46	47	48	49	50	50	51	53	54	55	56	58	
1793	44	48	49	51	53	58	64	
1796	72	
1797	77	
1798	4	4	4	
1799	62	
1807	28	90	
1808	83	
1810	85	90	
1811	84	96	
1812	84	
1813	90	
1819	4	
1821	15	16	18	
1822	7	8	10	12	14	15	16	17	20	68	
1823	5	9	11	13	14	15	16	17	18	18	19	20	24	44	
1824	1	15	16	17	18	19	20	21	22	24	44	57	
1825	22	23	25	53	55	55	56	57	58	58	59	61	
1826	47	48	50	50	51	53	54	55	58	60	
1827	49	50	55	
1837	25	
1845	87	
1847	63	
1848	63	
1854	12	13	
1855	9	11	14	17	24	27	
1856	6	10	12	14	15	16	17	18	18	19	20	21	23	26	43	68	
1857	8	12	14	15	17	19	20	21	22	24	26	
1858	20	21	23	23	24	56	57	61	
1859	52	53	54	55	55	57	58	60	
1860	49	50	50	51	53	54	55	88	90	92	95	
1861	49	52	97	
1876	86	
1880	23	
1884	15	65	
1885	18	
1887	13	
1888	10	15	21	
1889	6	10	11	13	13	14	15	16	17	18	19	22	23	
1890	8	11	12	14	15	16	17	17	19	20	22	24	26	
1891	21	22	23	24	58	
1892	52	57	60	
1893	51	51	52	53	54	55	60	87	88	90	91	92	94	95	
1894	51	54	59	82	84	85	86	87	89	90	91	93	94	97	
1895	55	87	88	93	
1907	81	
1910	17	
1917	41	
1918	4	
1921	14	16	19	31	
1922	6	10	12	14	15	20	
1923	7	10	11	12	13	14	15	15	16	17	19	19	21	23	25	26	
1924	13	15	17	18	20	21	22	24	26	
1925	23	53	57	60	93	
1926	51	52	54	55	61	87	90	91	93	95	
1927	51	54	82	85	86	87	88	89	90	92	93	95	99	
1928	54	81	82	83	84	85	88	89	96	
1929	84	95	
1931	76	
1937	63	
1940	77	
1945	18	
1948	98	
1955	11	17	
1956	7	9	11	12	13	14	
1957	7	10	11	12	14	15	18	92	97	
1958	87	87	91	92	94	95	98	
1959	51	53	55	87	88	90	91	92	93	94	95	
1960	55	82	83	84	85	86	87	88	89	91	93	93	95	
1961	54	81	82	83	84	85	89	93	
1962	84	87	
1963	82	
1967	26	
1974	61	
1975	62	
1978	41	
1983	16	
1987	78	
1989	10	
1990	9	
1991	13	82	86	91	
1992	81	82	82	84	85	86	87	88	90	93	95	
1993	81	82	82	83	84	84	85	86	87	89	90	91	92	96	100	
1994	80	81	83	83	84	86	88	91	
1995	84	85	89	
1996	85	
2025	83	99	
2026	80	82	83	91	95	101	
2027	81	82	84	86	
2028	81	84	89	
2029	83	84	
2035	68	
2049	47	
2059	83	
2061	102	
2065	34	
2076	77	
2082	95	
2114	52	
2158	94	
2159	32	
2161	20	
2162	99	
2163	7	
2179	20	
2185	96	
2200	102	
2219	11	
2237	102	
2240	22	
2254	14	
2256	10	
2268	101	
