49	65	
159	97	
160	16	91	
190	56	
192	87	92	96	
193	9	82	86	87	88	88	89	91	92	93	95	
194	82	86	87	88	90	91	93	94	
195	16	17	
223	56	
224	34	52	57	
225	52	55	88	90	92	97	
226	81	83	85	87	88	89	90	92	94	
227	9	14	79	80	82	83	83	84	85	87	89	90	95	99	
228	7	8	11	12	13	14	15	16	16	19	81	82	84	85	87	90	99	
229	16	17	17	19	21	26	
257	53	58	61	
258	51	52	55	56	87	88	91	92	95	
259	37	39	42	47	51	53	81	82	85	86	87	89	91	94	97	
260	47	53	80	81	83	84	85	87	89	95	98	
261	7	8	9	10	11	13	80	81	82	84	86	89	93	
262	4	7	9	10	11	12	12	14	14	15	16	18	19	20	73	81	84	98	
263	15	17	17	18	19	20	21	23	
280	91	97	
281	16	88	92	
282	18	
289	56	
290	37	52	55	56	
291	51	52	53	55	87	90	92	96	
292	41	52	54	67	81	82	83	84	85	86	87	89	90	95	98	100	
293	16	18	47	48	51	54	56	58	60	80	82	83	84	85	89	93	
294	17	20	33	41	43	43	44	45	46	47	48	48	49	80	
295	8	10	13	67	
296	2	5	6	7	11	12	12	13	14	14	15	19	21	24	
297	16	17	17	18	19	20	21	22	25	
298	23	
311	56	
312	47	51	
313	88	88	90	93	
314	10	81	82	84	85	86	87	88	89	91	92	93	96	
315	12	14	16	82	83	85	87	89	91	93	95	
316	17	92	
322	56	
323	53	54	57	60	
324	49	50	52	54	87	91	95	
325	42	51	81	83	83	84	86	87	89	90	94	98	
326	10	14	16	19	42	44	57	69	80	82	84	
327	8	13	15	18	21	22	24	34	37	47	50	51	52	55	55	56	59	70	83	
328	22	25	44	46	47	48	49	49	50	53	
329	4	9	13	45	67	
330	3	6	7	10	11	12	13	14	14	15	15	16	16	17	18	19	20	25	72	
331	13	17	17	19	20	21	22	23	24	101	
332	22	
344	58	
345	35	51	53	57	
346	34	47	50	51	52	54	
347	43	46	48	49	81	85	92	94	99	
348	9	11	14	80	81	82	83	84	86	88	90	97	99	
349	3	6	9	11	12	14	15	16	16	18	80	81	82	84	85	87	88	91	99	
350	12	13	15	16	17	18	19	20	81	84	
351	18	
355	58	
356	52	56	
357	51	52	54	55	87	91	93	96	
358	42	81	83	84	86	87	89	90	92	94	
359	9	10	13	15	16	18	19	43	44	70	80	82	84	
360	12	15	17	20	21	26	56	58	
361	22	23	23	24	48	49	51	52	53	54	55	60	
362	44	46	49	50	53	
363	3	6	10	11	13	14	
364	8	12	14	15	16	17	18	18	19	19	20	23	25	27	70	
365	21	22	24	26	
378	56	
379	50	51	52	53	54	55	56	57	58	59	
380	34	45	46	47	48	49	50	51	52	53	54	56	61	
381	44	47	49	49	87	89	
382	5	9	10	13	79	82	83	89	
383	6	8	9	11	11	12	14	14	15	16	17	17	18	19	24	26	69	79	81	83	
384	11	13	17	17	19	21	21	22	24	83	
385	20	22	
388	57	
389	35	52	55	56	
390	50	52	54	88	92	
391	67	82	83	84	85	87	88	89	91	97	
392	9	10	13	15	16	17	18	81	84	86	
393	11	12	14	15	17	18	19	19	20	21	23	27	45	
394	21	22	24	52	55	56	61	
395	46	48	49	50	51	53	54	55	58	
396	44	49	93	
397	6	8	10	11	12	14	15	19	23	
398	13	16	17	19	20	21	23	24	
399	2	
404	68	68	
412	58	
413	52	53	54	55	56	58	60	
414	47	48	49	50	50	51	53	54	
415	32	44	45	46	49	
416	7	8	10	11	12	14	14	
417	2	6	11	12	13	14	15	16	16	17	18	19	20	24	27	
418	17	18	20	21	22	23	24	
421	57	
422	53	57	
423	33	50	51	52	54	
424	43	46	49	51	53	67	85	87	89	91	94	101	
425	9	11	13	16	80	82	84	85	88	
426	5	6	8	11	12	13	15	17	18	19	20	27	43	83	
427	18	21	22	23	23	24	
428	36	52	53	54	56	58	61	
429	33	46	47	49	50	51	54	
430	49	86	
431	6	8	10	11	12	14	14	15	16	19	71	
432	17	18	19	20	21	22	25	
433	23	
444	92	
446	57	
447	35	52	53	54	55	55	56	56	57	59	
448	47	49	50	51	52	53	54	60	
449	44	48	49	90	
450	5	6	8	9	10	11	14	15	16	
451	7	11	13	14	15	16	17	19	20	24	26	
452	18	21	23	
455	56	
456	34	51	52	54	55	58	92	
457	49	49	54	87	90	92	94	97	
458	9	14	18	43	68	81	82	84	85	87	89	94	98	
459	8	11	12	14	15	16	17	19	20	21	79	
460	20	21	22	23	
461	22	57	
462	51	52	53	54	55	58	61	
463	33	44	46	47	48	49	50	
464	9	11	13	90	
465	7	11	12	15	16	18	18	19	23	69	
466	17	21	22	24	
468	46	47	
480	57	
481	52	53	54	55	56	57	60	
482	48	49	50	51	54	92	97	
483	49	90	92	96	
484	8	9	10	12	14	14	
485	1	8	12	13	15	16	17	18	19	20	26	
486	17	21	23	
488	56	
489	52	54	
490	50	53	55	85	87	90	91	95	
491	10	16	42	80	81	83	84	85	87	89	90	
492	7	11	12	14	15	16	17	18	19	20	
493	13	17	21	22	24	25	
495	56	58	
496	35	51	51	52	53	54	55	60	
497	45	46	49	50	
498	6	9	11	14	
499	12	13	15	16	18	19	20	25	
500	21	22	23	
514	46	51	53	54	
515	51	52	54	86	88	90	93	97	
516	50	52	53	81	83	85	86	87	88	90	91	92	93	96	
517	83	85	86	87	88	90	91	97	
518	5	6	8	8	10	11	12	14	14	15	17	19	
519	12	13	14	15	16	17	18	18	19	21	23	
520	17	22	
521	57	
522	51	52	54	61	
523	49	51	54	88	90	91	93	97	
524	9	81	82	84	86	87	88	90	93	100	
525	9	11	12	14	16	17	18	18	19	69	79	81	84	
526	13	15	17	18	19	21	22	24	
527	20	22	23	24	
529	57	
530	48	51	51	52	54	55	59	
531	45	47	48	49	
532	7	10	12	13	14	
533	16	17	19	20	
534	23	
546	56	58	
547	50	51	53	53	54	59	
548	33	34	36	42	46	47	49	50	51	52	55	56	57	
549	38	40	41	42	43	46	47	48	50	52	55	56	60	67	81	85	88	
550	41	42	44	46	47	48	75	80	81	83	83	84	88	
551	9	11	26	43	46	68	79	80	84	
552	7	9	11	12	13	14	14	15	19	
553	8	12	15	16	19	21	23	23	27	
554	17	18	22	57	
555	51	52	56	91	
556	50	52	53	55	87	90	91	93	96	
557	9	41	42	67	81	83	85	86	89	90	94	
558	10	11	12	13	14	16	17	18	19	43	81	84	
559	5	12	14	17	18	19	20	21	24	
560	21	22	24	
563	57	
564	35	47	50	51	52	54	55	58	
565	48	87	92	
566	7	9	11	14	15	
567	17	18	20	22	23	
571	18	19	19	
581	52	53	54	55	55	56	59	
582	50	51	54	55	58	60	63	64	
583	43	44	45	47	49	51	53	54	55	56	57	60	
584	24	33	37	42	44	45	47	47	48	48	49	50	51	52	53	54	56	58	63	
585	21	23	24	42	44	44	46	47	48	49	50	65	
586	5	7	9	10	11	13	15	25	43	
587	8	12	13	14	15	16	18	20	82	83	86	89	92	100	
588	23	52	55	56	91	93	
589	51	54	85	87	88	90	91	93	94	96	
590	9	42	48	81	82	84	85	87	88	90	95	
591	10	12	13	14	16	17	18	18	19	70	79	80	82	84	88	
592	12	15	17	20	21	23	25	88	
593	21	22	23	25	
597	53	59	
598	33	47	50	52	54	58	
599	49	83	86	89	
600	8	10	11	13	14	16	
601	17	18	20	21	23	
607	9	9	
609	99	99	100	
617	53	55	56	58	
618	36	50	51	52	52	53	54	54	55	56	57	60	
619	42	43	45	47	48	49	50	50	
620	4	9	43	44	46	48	
621	7	12	25	80	82	84	91	98	
622	16	82	83	85	86	87	88	89	90	94	98	
623	16	17	40	42	46	66	82	83	84	85	88	
624	10	12	13	14	16	17	19	20	26	44	70	80	81	83	
625	5	12	14	18	19	20	21	24	72	
626	18	20	21	22	23	23	25	89	
630	57	
631	52	52	54	55	60	
632	46	47	49	50	51	
633	9	85	88	94	100	
634	5	7	10	12	13	14	19	70	
635	18	21	22	24	
652	52	53	54	55	56	57	58	60	
653	35	42	45	48	49	50	51	52	53	54	59	
654	31	37	40	42	42	43	44	45	46	47	47	49	49	50	53	67	
655	4	9	14	18	41	42	43	47	66	
656	6	10	12	14	18	19	20	21	42	65	66	69	80	81	84	85	88	
657	9	13	14	19	19	20	21	27	44	84	
658	21	22	24	
659	2	21	23	23	25	
664	56	58	
665	35	51	52	54	54	55	56	61	
666	32	45	46	47	48	49	50	50	
667	9	13	44	84	88	94	
668	7	11	12	13	13	14	15	16	19	20	68	
669	18	20	21	23	25	
686	55	
687	52	53	54	55	55	58	62	
688	49	54	61	
689	23	44	45	
690	15	21	23	24	45	
691	21	22	24	
692	23	
698	57	
699	35	51	52	54	55	56	59	61	
700	42	44	46	47	48	49	50	
701	3	9	11	13	
702	7	11	12	15	16	17	18	19	20	24	
703	17	22	23	
732	56	
733	33	51	52	53	53	54	55	56	58	61	
734	41	45	47	48	49	
735	7	10	11	13	44	
736	2	15	16	19	20	23	25	26	
737	22	
767	55	60	
768	50	
769	43	
770	22	
803	5	
1157	99	
1160	93	
1167	9	
1169	59	
1172	68	
1176	75	
1194	25	
1195	32	
1201	28	
1218	93	
1219	79	
1238	37	
1245	67	
1247	9	
1277	12	
1283	54	
1285	68	
1286	61	
1313	48	
1314	17	37	41	48	
1315	23	42	46	59	70	
1316	46	49	
1318	97	
1319	56	
1333	71	
1338	32	
1339	53	
1347	13	14	17	42	
1348	16	17	19	20	22	28	42	46	58	61	
1349	19	20	22	41	43	44	46	47	48	51	54	61	68	
1350	21	23	44	46	48	49	54	
1351	52	64	
1353	68	
1365	91	
1372	35	
1376	20	
1380	10	13	18	20	66	
1381	9	11	13	14	17	18	18	19	21	42	68	
1382	12	14	16	17	18	19	20	21	22	24	28	35	42	56	57	61	
1383	17	20	22	23	24	26	34	42	44	46	47	48	49	50	51	52	53	54	55	56	59	61	
1384	22	23	43	45	47	49	49	52	54	
1385	49	
1400	37	47	
1413	8	16	46	
1414	10	13	13	15	17	18	19	20	21	42	43	
1415	8	8	10	12	14	15	17	18	18	19	20	21	22	24	27	
1416	13	15	21	22	23	24	34	37	53	55	56	56	57	60	
1417	21	22	34	47	48	51	51	52	54	54	56	58	
1418	44	45	48	49	51	53	55	
1419	48	
1422	58	
1424	7	
1434	19	42	
1435	19	41	48	53	56	
1436	20	23	41	44	46	
1437	48	
1438	47	
1445	18	
1446	10	15	17	18	20	67	
1447	6	10	12	14	15	17	19	22	28	
1448	7	12	14	15	17	18	19	20	22	24	45	
1449	21	22	24	93	
1450	7	12	14	52	53	56	57	58	61	86	88	89	90	96	
1451	16	17	18	28	34	50	51	52	52	53	54	55	56	91	
1452	44	45	46	48	49	50	52	54	
1453	44	48	54	
1456	58	
1459	3	
1464	15	71	
1465	62	75	
1467	13	
1468	14	17	
1469	16	17	18	20	21	24	35	37	41	43	45	57	58	
1470	17	19	20	22	23	26	42	44	46	47	49	51	54	56	62	63	70	75	
1471	44	45	47	48	49	
1473	60	
1478	9	16	
1479	9	14	18	24	
1480	9	12	13	15	16	17	18	20	
1481	11	17	19	20	22	24	
1482	23	25	51	53	92	
1483	86	87	88	89	90	92	95	
1484	7	9	10	12	13	15	16	55	56	57	61	80	81	84	85	87	102	
1485	18	19	21	48	50	50	50	51	52	53	54	55	58	59	82	85	89	98	
1486	48	49	55	88	91	96	
1487	54	
1488	54	
1499	71	
1501	4	10	14	21	
1502	9	11	13	15	20	
1503	7	11	12	14	15	16	18	19	20	23	52	55	56	57	59	
1504	17	18	19	20	21	24	26	35	45	48	50	51	53	54	57	58	63	65	
1505	44	45	46	49	50	51	54	
1506	44	48	51	
1508	60	
1511	9	
1512	9	19	41	
1513	10	12	13	15	16	16	19	19	22	43	
1514	5	8	12	18	19	20	22	23	25	26	58	
1515	4	22	25	51	54	92	
1516	85	87	89	91	94	
1517	7	9	14	81	82	84	85	87	89	98	98	
1518	3	7	11	12	17	18	20	23	34	36	56	60	85	
1519	25	47	49	50	51	54	55	57	61	
1520	48	49	51	54	81	83	84	86	87	89	90	93	96	
1521	86	90	
1523	5	
1524	89	
1527	56	
1536	7	9	10	11	13	14	15	
1537	7	11	12	13	15	15	16	18	18	19	21	24	35	53	56	58	60	
1538	17	20	21	22	48	49	50	51	53	53	54	55	56	
1539	48	49	50	55	60	87	90	93	96	
1540	88	
1544	23	
1545	16	19	27	
1546	8	10	12	14	15	16	18	21	57	
1547	8	12	17	19	20	21	22	23	24	26	34	44	56	58	70	
1548	3	22	24	50	52	55	
1549	51	55	82	86	87	90	91	96	99	
1550	80	81	84	86	88	88	93	95	
1551	8	8	10	12	14	57	81	84	88	
1552	3	7	12	15	16	17	18	20	23	53	54	56	59	
1553	18	21	47	49	50	53	54	60	
1554	23	49	79	81	84	87	90	98	
1555	84	
1568	23	
1569	10	15	
1570	4	6	8	10	11	14	15	18	20	
1571	5	7	11	13	14	15	16	17	19	20	23	23	55	57	59	
1572	18	21	32	46	47	50	51	53	53	55	56	58	
1573	45	46	48	54	83	84	85	89	
1574	55	82	88	
1578	19	
1579	8	10	12	14	16	18	20	28	
1580	7	12	14	15	16	19	20	21	24	27	61	
1581	3	22	23	33	50	51	52	54	
1582	49	53	87	88	89	91	95	
1583	63	79	82	83	85	89	97	
1584	13	84	93	
1585	8	8	8	10	11	13	14	17	56	68	
1586	16	17	18	20	22	23	26	51	52	56	58	
1587	22	46	49	50	52	53	90	93	
1588	50	62	80	84	
1590	11	
1593	58	59	59	
1595	74	74	77	
1602	100	
1603	9	
1604	9	10	12	13	14	17	
1605	7	12	15	16	18	18	19	21	34	37	52	53	55	55	57	59	
1606	17	22	46	47	48	49	50	51	54	
1607	49	60	80	86	88	95	
1608	46	49	58	100	
1610	22	
1611	19	26	
1612	9	12	15	16	19	21	
1613	6	9	11	12	14	15	17	18	19	21	24	44	57	71	
1614	3	9	22	24	52	54	55	
1615	49	50	54	57	62	87	90	91	94	96	
1616	81	82	84	85	87	89	92	93	98	
1617	81	84	88	95	
1618	4	9	13	84	
1619	4	6	10	11	14	15	18	35	57	
1620	17	21	23	26	51	53	53	54	
1621	23	46	50	53	60	86	88	88	90	93	
1622	86	90	
1636	21	
1637	10	13	16	22	41	
1638	5	10	11	13	14	16	17	18	19	46	58	
1639	8	12	15	16	17	18	19	20	21	36	42	51	52	53	54	55	56	59	71	
1640	21	23	32	45	46	47	49	50	51	52	54	56	60	90	
1641	45	46	49	
1644	13	13	
1645	10	14	16	19	
1646	10	12	13	15	17	18	19	20	21	45	58	70	
1647	20	21	22	24	51	52	56	
1648	23	50	54	93	96	
1649	81	84	84	86	89	95	
1650	82	84	
1652	10	
1653	7	10	11	13	14	15	16	25	55	56	62	
1654	3	17	18	22	46	48	50	52	55	62	
1655	51	81	87	92	95	
1656	85	
1657	39	39	39	
1660	28	
1669	13	
1670	14	18	
1671	11	14	16	17	18	19	21	26	42	45	
1672	5	7	10	12	14	17	19	20	21	23	23	25	56	57	68	
1673	13	18	20	21	22	24	25	43	51	51	52	54	55	56	58	62	
1674	23	36	40	45	46	47	48	49	50	51	52	53	
1675	46	49	55	58	90	
1678	8	12	13	17	18	21	
1679	5	11	14	15	17	18	20	45	56	71	
1680	13	20	21	22	23	25	51	52	55	57	74	74	75	
1681	49	51	53	88	97	
1682	50	55	83	86	88	90	93	95	
1683	79	83	86	89	
1684	17	
1686	8	24	
1687	4	11	13	15	17	19	23	52	60	
1688	21	47	51	53	60	
1689	45	47	49	55	84	
1690	83	
1693	82	
1694	22	
1696	11	
1701	45	
1703	11	18	
1704	7	9	11	12	13	14	15	27	
1705	7	11	13	15	17	19	22	24	
1706	7	12	15	23	25	56	57	91	92	97	
1707	16	24	48	51	51	52	53	54	55	56	57	58	88	91	92	98	
1708	33	42	46	47	48	49	49	50	52	54	
1709	40	43	48	49	
1710	9	43	46	
1711	11	16	20	42	68	
1712	6	9	11	13	14	15	18	18	19	20	27	58	
1713	12	20	21	22	24	53	56	
1714	23	24	49	51	53	54	56	88	92	96	
1715	83	85	86	89	92	93	96	
1716	80	85	88	88	101	
1717	84	91	102	
1718	93	
1720	10	
1721	5	7	11	12	15	16	17	18	20	23	52	54	55	57	58	
1722	21	47	51	53	
1723	46	49	55	83	
1725	61	
1726	72	
1728	17	
1736	14	
1737	13	
1738	10	14	21	
1739	10	13	87	92	94	
1740	9	13	81	82	84	85	87	88	89	91	95	100	
1741	7	12	15	18	34	52	53	54	55	56	57	59	62	81	82	84	85	86	88	89	90	93	96	100	
1742	16	20	37	47	48	49	50	51	53	54	55	56	59	91	
1743	31	42	44	45	46	49	
1744	14	18	48	64	
1745	9	11	14	19	20	25	44	57	85	
1746	12	21	22	24	35	52	
1747	50	52	53	91	
1748	82	85	87	89	92	94	
1749	79	81	84	88	89	
1750	30	83	
1751	88	
1752	24	
1754	10	13	24	57	
1755	4	7	11	13	16	17	18	21	24	52	55	56	61	69	
1756	22	45	47	48	49	52	53	61	
1757	92	93	
1763	11	11	53	76	
1771	10	18	
1772	5	13	
1773	5	80	83	
1774	9	79	80	82	86	
1775	5	6	9	11	13	14	15	58	79	80	81	83	84	86	89	93	
1776	12	15	18	19	21	51	52	55	61	81	82	85	87	88	90	93	93	99	
1777	17	18	22	43	45	47	49	
1778	10	45	65	
1779	23	25	53	57	93	
1780	24	52	54	57	88	90	92	97	
1781	54	83	85	87	89	90	93	99	
1782	80	82	84	85	102	
1783	80	84	
1784	98	
1786	16	
1788	3	8	9	11	13	13	14	16	18	21	24	37	56	
1789	17	18	20	25	48	51	52	56	58	68	
1790	45	48	49	50	55	60	
1807	90	
1808	10	
1809	8	10	12	15	20	85	92	
1810	7	11	13	14	14	15	55	81	82	85	89	92	102	
1811	87	90	91	92	95	97	
1812	53	88	91	92	93	96	
1813	53	87	88	90	92	96	102	
1814	82	83	84	85	86	88	89	93	94	
1815	79	81	82	84	86	90	97	100	
1818	12	
1822	2	5	7	11	12	14	17	18	23	56	62	
1823	16	17	19	20	24	26	51	52	54	56	60	
1824	45	48	48	50	52	55	
1825	89	95	
1832	99	
1838	68	
1843	11	13	
1844	10	86	89	99	
1845	81	82	85	85	86	88	89	93	95	99	
1846	81	82	84	85	86	89	90	92	98	99	
1847	82	84	86	90	
1848	62	79	81	85	
1849	82	85	
1850	87	91	
1855	8	
1856	3	4	6	10	12	14	15	18	52	57	60	
1857	20	21	48	51	52	53	74	
1858	23	50	86	89	92	98	
1859	57	65	
1868	75	
1878	83	
1879	80	81	83	85	88	
1880	79	80	82	83	85	90	
1881	85	
1882	83	
1888	10	
1889	10	
1890	6	10	12	13	15	24	55	
1891	51	54	88	
1892	62	82	84	87	89	
1893	92	
1902	67	
1913	96	
1915	102	104	
1916	93	
1919	86	
1924	7	12	
1925	81	86	92	98	
1926	41	82	85	92	95	
1939	14	
1949	89	
1951	51	
1959	82	84	
1960	86	
1974	76	
1978	25	
1984	37	
1992	18	
1993	91	93	
1996	48	
2010	54	69	
2014	95	
2015	99	
2016	26	
2025	103	
2026	3	
2027	94	
2028	7	101	
2048	41	
2056	64	
2068	76	
2085	104	
2106	11	
2120	1	
2124	17	
2131	102	
2137	19	
2153	16	
2178	10	
2224	7	
2243	4	
2250	3	
2252	13	
2257	10	
