14	100	
15	68	
86	56	
88	91	92	
89	91	92	96	
90	87	91	93	95	97	
91	16	92	95	
92	16	
119	57	
120	52	
121	50	93	96	
122	40	82	86	87	88	90	91	92	94	96	98	
123	38	83	85	86	87	89	90	92	93	95	
124	9	14	82	84	85	86	87	88	89	90	91	94	95	
125	7	10	12	13	83	84	86	87	88	88	89	91	92	94	95	97	99	
126	16	17	86	88	91	93	93	95	
127	16	17	
146	30	
147	46	46	46	47	47	47	48	
148	49	51	
153	53	55	56	57	58	
154	46	48	51	52	54	55	58	60	
155	49	50	54	83	86	88	90	91	95	
156	43	57	82	83	83	85	86	87	89	90	94	100	
157	16	17	18	18	19	20	26	35	45	56	59	82	83	83	84	88	
158	5	20	21	43	43	44	45	46	47	48	48	49	82	83	84	86	98	
159	7	8	10	11	14	46	81	82	84	85	86	89	
160	7	10	11	12	13	15	16	84	85	86	87	89	91	94	98	100	
161	16	17	18	19	21	87	91	
162	17	
186	56	58	
187	52	53	56	57	60	62	
188	46	48	49	50	51	52	54	55	91	96	
189	9	11	49	68	81	84	86	90	92	94	98	104	
190	6	11	12	13	14	15	15	16	17	18	57	85	
191	16	17	18	19	19	20	21	24	52	54	55	56	58	60	
192	25	47	48	49	50	51	52	53	54	
193	5	9	10	49	
194	7	9	10	11	12	13	14	15	82	83	84	86	89	94	
195	2	15	16	17	18	19	20	85	91	98	
196	17	20	23	
220	52	57	60	
221	48	51	52	53	53	54	55	58	60	
222	47	49	50	51	54	88	91	94	
223	9	10	14	15	82	85	88	89	91	99	
224	8	11	12	13	14	15	16	17	18	19	20	24	57	
225	21	22	23	23	25	55	56	57	59	61	
226	50	50	51	53	53	54	55	
227	9	14	31	48	49	92	97	
228	5	6	8	9	11	12	13	13	14	15	16	84	
229	13	15	15	16	17	17	18	19	19	20	21	22	24	
230	18	21	23	
254	53	54	55	56	56	57	60	62	
255	46	47	50	51	52	52	53	54	55	56	59	
256	44	45	47	48	49	50	53	85	89	101	
257	5	7	9	11	12	13	14	48	87	
258	5	8	13	15	16	18	19	21	24	57	58	61	
259	22	52	54	55	60	
260	49	50	51	53	54	83	87	92	93	96	99	
261	6	8	9	10	86	89	91	96	
262	4	7	10	11	11	12	13	13	14	15	15	16	18	19	20	69	85	
263	15	17	18	19	20	21	22	23	25	
264	22	
288	52	55	56	57	58	58	60	
289	46	48	50	51	51	52	53	54	55	60	
290	44	45	46	47	48	49	50	91	96	
291	5	7	8	10	11	13	15	
292	4	6	15	17	19	53	57	59	
293	51	52	54	55	87	91	93	96	99	
294	9	82	85	87	90	91	94	96	
295	6	9	10	11	14	15	16	18	81	84	87	88	
296	4	8	12	13	14	15	15	16	17	17	18	19	20	21	24	
297	18	20	21	22	25	
298	23	
322	53	55	56	57	58	59	61	
323	36	47	51	51	52	54	54	55	56	57	59	
324	44	45	46	47	48	49	50	53	
325	4	10	14	44	48	
326	7	84	86	88	91	94	98	
327	54	85	86	88	88	90	91	92	94	96	100	
328	8	9	41	80	84	86	87	88	90	93	
329	7	9	11	12	13	14	14	15	16	17	18	18	19	20	23	71	
330	13	15	15	16	17	18	18	19	20	21	22	24	25	26	
331	21	23	24	
351	17	
356	56	57	60	
357	51	52	53	54	55	55	56	56	57	59	60	
358	45	46	47	49	49	50	51	51	54	55	56	
359	5	44	45	47	48	
360	13	84	86	90	94	
361	8	13	19	82	83	84	86	88	90	94	
362	6	10	11	12	13	14	15	15	16	17	18	19	72	84	
363	2	5	8	12	14	15	16	17	18	19	19	20	21	22	24	26	
364	20	21	22	23	23	
379	58	
380	56	
381	52	
382	88	91	92	93	95	98	
383	11	82	86	87	89	91	92	93	95	97	98	
384	12	15	16	18	86	87	90	92	93	97	102	
385	17	19	
390	57	
391	35	36	52	53	54	55	55	56	56	57	58	59	60	62	
392	45	47	48	50	51	51	52	53	54	55	58	61	
393	44	45	46	47	48	49	50	53	
394	9	14	84	88	
395	9	10	11	12	13	14	17	18	19	43	84	85	
396	7	11	12	13	14	14	15	16	17	17	19	19	20	23	27	
397	15	17	18	19	20	21	22	24	
398	23	
405	72	72	
413	57	59	
414	50	52	54	57	59	
415	50	52	53	86	90	91	94	96	
416	82	84	85	87	88	89	90	92	93	96	
417	6	8	10	11	13	15	81	82	83	84	85	87	89	90	93	
418	11	12	14	15	16	17	17	18	19	26	82	83	85	89	
419	16	17	18	20	21	24	
424	56	58	
425	51	52	55	56	56	58	59	61	
426	47	49	50	51	52	53	53	54	54	55	
427	48	49	
428	8	10	11	14	85	
429	7	9	10	11	12	13	13	14	15	15	16	17	17	18	19	25	70	74	
430	12	14	15	16	17	18	19	20	21	22	24	
431	20	22	23	25	
446	57	
447	52	54	55	56	57	59	
448	47	49	50	51	52	53	54	55	58	61	92	94	
449	47	48	50	51	54	84	86	88	88	90	91	93	95	100	
450	9	10	13	42	81	82	83	84	85	87	90	93	101	
451	7	9	10	11	12	13	14	15	15	16	17	19	20	41	70	81	83	84	
452	12	13	15	16	17	18	19	20	20	21	22	24	84	
453	22	23	25	
458	57	62	
459	51	52	53	54	55	57	59	62	98	
460	50	51	53	54	55	86	91	93	95	
461	10	48	79	91	94	
462	7	8	10	11	12	14	15	
463	5	10	12	13	13	15	16	17	18	18	19	20	20	21	24	25	27	
464	17	21	22	23	24	
465	22	
473	78	79	
480	56	57	58	60	
481	47	52	53	53	54	55	56	59	
482	46	47	48	49	50	51	54	55	83	86	89	92	95	100	
483	8	10	42	49	82	83	85	87	90	94	
484	9	11	11	12	14	14	15	16	17	18	26	70	83	
485	8	11	12	13	14	15	16	17	17	18	19	19	20	21	24	44	
486	17	21	22	23	25	
487	23	
491	56	59	
492	52	55	56	58	
493	50	51	52	54	55	63	87	90	92	94	96	
494	38	50	52	53	85	86	87	88	90	91	93	95	97	98	
495	9	11	14	82	85	87	90	92	94	100	
496	3	6	8	8	10	11	12	13	13	14	15	17	18	20	69	
497	5	12	14	15	16	17	17	19	20	21	22	23	25	
498	17	18	22	25	
514	52	56	57	58	60	
515	47	50	51	52	53	53	54	55	56	58	61	
516	43	45	46	47	49	49	50	52	53	87	90	
517	7	8	9	10	13	14	18	44	84	89	
518	11	12	14	15	15	16	17	18	19	20	21	
519	13	15	17	20	21	22	23	24	25	
520	23	
524	56	62	
525	51	52	54	56	59	
526	50	51	53	54	55	60	87	90	91	93	94	96	97	102	
527	43	50	55	66	82	85	86	87	89	90	91	93	94	97	99	
528	16	41	54	56	64	81	83	83	85	86	88	89	90	
529	9	12	15	17	18	19	19	32	42	43	44	45	46	46	47	48	49	85	
530	6	8	9	11	12	13	14	15	15	21	24	45	48	
531	12	13	14	15	16	17	19	20	21	22	
532	17	18	19	21	23	
535	32	33	
547	58	
548	53	55	56	57	60	
549	47	50	51	52	54	54	55	58	60	
550	45	46	48	49	97	
551	6	8	9	10	11	12	14	14	18	69	
552	12	13	15	16	17	17	18	19	20	21	24	26	
553	20	21	22	24	
557	58	59	
558	51	55	56	
559	50	52	53	54	58	87	91	92	94	96	
560	42	53	67	83	85	86	87	89	90	92	94	96	101	
561	9	10	13	14	16	38	43	48	80	82	83	85	86	88	90	93	
562	14	15	16	17	18	19	20	26	44	53	55	56	56	60	62	81	85	
563	20	20	21	23	24	25	27	42	44	46	47	48	49	50	51	54	
564	7	8	9	11	13	43	44	
565	6	11	12	14	15	16	19	25	84	88	
566	16	17	18	20	21	22	24	27	
581	57	
582	55	57	59	62	
583	46	47	50	51	52	53	54	55	
584	8	10	49	50	90	92	94	
585	7	11	12	13	14	15	15	16	19	25	
586	16	17	18	20	21	22	24	
587	22	
590	58	
591	53	54	55	56	59	93	96	
592	51	52	54	60	84	85	86	87	88	91	92	94	96	98	
593	42	52	68	82	85	86	87	89	90	92	93	95	99	
594	9	11	13	16	43	81	83	84	86	89	93	
595	7	10	11	12	14	15	16	17	18	18	19	20	26	84	
596	18	20	21	21	23	24	52	55	56	57	58	60	62	
597	22	23	42	45	48	49	50	51	52	53	54	55	56	
598	3	10	38	43	45	46	46	49	49	
599	8	10	11	12	13	14	15	18	23	26	84	94	
600	16	17	19	20	21	27	
601	22	
607	9	
608	8	8	
615	56	57	
616	52	52	55	55	59	
617	46	47	48	49	49	50	51	53	55	
618	9	10	11	14	44	49	83	88	92	96	100	
619	6	12	14	15	16	17	18	19	23	
620	17	17	21	22	25	
623	53	56	59	
624	50	51	53	55	59	93	
625	50	51	54	83	85	86	88	89	91	92	95	97	101	
626	41	53	82	83	85	86	87	89	90	92	94	96	99	
627	10	12	14	16	16	17	19	41	43	71	80	82	83	85	86	88	89	100	
628	8	10	12	13	13	14	15	16	17	18	18	19	20	24	29	43	
629	17	19	20	21	22	24	
630	22	23	55	56	57	61	
631	50	51	52	53	54	55	59	
632	31	40	42	44	46	47	49	50	51	
633	8	10	11	12	14	15	43	46	48	
634	13	16	17	19	20	21	23	26	
649	57	58	
650	51	52	53	54	54	55	56	59	60	61	
651	42	45	46	47	48	50	50	51	54	
652	5	6	8	9	10	13	14	44	46	
653	12	13	15	17	19	24	
654	17	18	20	22	27	
656	56	59	
657	51	52	55	56	58	
658	51	52	53	55	86	87	89	90	92	93	95	97	99	
659	43	48	82	84	86	87	89	91	92	93	96	
660	6	10	11	12	13	14	16	17	18	26	69	81	83	83	84	85	89	93	
661	5	7	11	12	14	15	16	17	18	18	19	20	21	24	44	84	
662	3	12	15	17	20	21	22	23	24	25	
663	22	23	24	
665	52	55	
666	63	
667	5	12	14	
668	23	
669	23	
683	58	
684	52	54	54	55	57	59	60	
685	47	49	50	51	52	53	54	
686	9	11	14	42	43	45	47	48	49	
687	3	8	11	12	14	14	15	24	
688	17	22	
689	97	
690	52	59	92	96	
691	51	52	53	55	62	87	91	93	93	94	96	98	
692	9	40	43	46	50	82	84	85	86	87	89	91	95	
693	6	9	10	11	14	15	16	17	19	20	26	41	44	82	84	85	88	
694	7	10	12	13	14	15	16	17	18	18	19	20	21	23	27	29	45	
695	20	21	22	23	24	25	
696	23	
718	53	55	55	56	57	59	
719	36	51	52	54	56	59	63	
720	5	32	43	45	47	49	50	53	
721	7	8	11	14	46	48	
722	86	87	90	91	94	97	99	
723	38	41	87	88	90	91	92	93	95	97	
724	43	52	54	55	86	87	88	90	91	93	94	95	100	
725	16	38	42	46	64	82	84	86	87	89	90	94	
726	8	9	11	13	13	14	16	17	18	19	20	43	47	68	84	86	
727	11	12	14	15	17	19	20	20	22	23	24	44	
728	21	22	24	
729	22	
753	55	57	58	59	62	
754	1	34	36	47	50	51	52	53	54	59	
755	42	44	45	46	47	48	49	50	58	
756	39	43	43	45	47	48	56	59	69	83	84	88	
757	18	19	20	26	42	45	47	49	52	54	66	69	82	83	84	85	89	
758	9	14	18	20	26	40	43	45	48	49	65	67	82	83	84	89	99	
759	11	12	14	15	19	20	24	44	83	
760	13	15	18	19	21	22	23	25	
761	21	22	24	25	
762	3	
788	52	54	55	
789	52	54	55	63	
790	24	63	83	
791	24	51	54	84	
792	15	22	24	
793	23	25	
794	24	
1162	18	
1163	29	
1165	35	
1170	23	
1171	23	23	72	
1172	70	
1174	84	
1184	95	
1190	79	
1207	83	
1210	42	46	
1211	42	47	61	
1212	42	46	
1213	46	57	
1226	19	
1239	35	
1242	28	
1243	17	20	28	38	42	
1244	16	17	19	21	42	46	
1245	18	19	21	29	38	41	44	47	48	54	57	59	65	
1246	19	21	24	37	42	44	47	48	49	51	54	56	59	66	
1247	26	44	47	49	59	
1248	43	47	49	
1249	64	
1250	39	51	
1253	13	
1257	101	
1274	20	
1276	9	16	18	43	
1277	11	12	13	15	16	17	19	21	42	
1278	17	18	18	19	20	21	
1279	20	21	23	24	45	50	55	58	60	65	
1280	20	22	25	34	45	50	51	52	53	54	56	57	59	61	
1281	42	43	44	45	47	48	49	51	52	54	57	59	
1282	43	43	45	46	47	49	50	55	
1283	46	49	
1288	13	
1297	102	
1303	46	
1308	28	
1309	11	18	20	
1310	7	8	10	11	13	16	17	
1311	6	11	13	14	15	16	17	18	18	19	20	22	25	69	
1312	20	22	23	23	25	
1313	91	92	
1314	16	55	56	57	61	87	91	93	95	
1315	16	17	38	50	51	52	54	55	56	58	59	
1316	43	44	45	46	47	49	50	52	54	
1317	44	46	48	50	54	
1318	48	62	
1323	8	
1336	31	
1337	44	44	45	45	45	45	
1338	20	
1343	9	12	13	
1344	7	11	12	14	15	16	17	18	19	57	
1345	15	16	17	19	20	21	22	24	52	53	56	59	
1346	22	23	48	49	50	51	93	98	
1347	9	83	85	86	87	88	90	93	96	99	
1348	6	10	11	12	13	14	16	19	83	85	86	89	91	96	99	
1349	17	18	19	20	51	52	53	54	55	56	57	60	62	90	
1350	18	22	44	45	46	47	49	50	51	51	53	54	55	56	60	
1351	44	47	48	49	51	
1353	63	
1361	58	
1369	87	
1371	74	
1376	9	
1377	8	10	12	14	16	20	
1378	6	11	12	13	14	15	16	18	19	22	23	56	56	58	62	
1379	17	19	20	22	24	51	52	53	54	55	56	59	
1380	45	47	48	49	50	90	92	96	
1381	9	11	13	82	84	85	92	
1382	9	10	11	12	13	14	16	18	18	21	57	69	84	88	
1383	13	16	17	17	19	20	21	23	52	53	55	55	57	59	60	84	
1384	21	23	48	49	50	50	51	52	54	55	57	
1385	49	52	97	
1393	90	
1399	7	
1403	43	
1406	58	67	
1409	16	
1410	10	20	
1411	6	9	10	11	13	13	14	
1412	6	8	12	12	14	15	16	18	18	19	21	25	25	36	53	56	57	59	61	
1413	18	20	21	22	25	51	51	52	54	54	58	
1414	33	42	45	46	48	49	50	54	83	90	
1415	7	9	11	15	
1416	8	11	12	15	15	16	17	18	19	21	56	57	70	
1417	20	21	23	25	52	53	54	55	55	58	61	74	
1418	48	49	50	51	54	55	59	91	97	
1419	48	52	59	95	
1420	62	82	
1426	63	
1430	45	
1444	8	13	
1445	9	10	12	13	15	16	18	19	
1446	7	12	13	15	15	16	17	19	20	22	56	61	
1447	18	20	21	23	48	51	52	54	54	55	58	
1448	40	44	45	47	49	50	63	68	
1449	8	9	10	11	14	15	28	43	
1450	13	15	17	19	20	21	24	26	53	56	59	61	
1451	20	21	22	50	51	52	54	54	55	59	
1452	49	51	53	82	86	87	88	90	91	93	96	102	
1453	53	85	90	94	
1455	15	
1458	8	
1466	8	
1472	50	
1473	41	100	
1478	9	
1479	5	9	10	12	13	14	16	
1480	7	15	16	18	19	20	24	34	
1481	16	17	17	19	20	21	24	53	54	55	60	
1482	9	43	43	45	47	51	
1483	12	15	56	57	
1484	21	23	24	51	52	53	54	55	57	59	
1485	49	49	50	52	54	55	58	91	92	94	96	
1486	49	82	85	86	89	91	93	97	
1487	92	
1495	4	
1503	16	37	40	
1504	16	19	28	42	57	
1505	5	20	41	47	49	67	70	
1506	43	46	50	
1507	45	48	
1508	49	
1511	19	
1512	14	
1513	5	8	9	11	11	13	24	26	
1514	6	8	10	11	12	13	14	15	16	18	25	87	90	
1515	16	16	17	19	19	20	22	24	
1516	18	57	58	
1517	24	53	55	57	60	
1518	48	50	51	53	54	54	55	60	98	
1519	49	53	54	81	86	88	89	90	92	93	94	95	98	
1520	82	84	89	95	
1521	91	
1525	88	
1526	62	
1536	9	13	
1537	10	16	20	42	
1538	16	17	18	18	19	21	24	40	45	47	53	57	60	69	
1539	19	21	24	43	43	45	47	48	50	52	55	56	58	61	
1540	45	48	49	50	52	55	59	
1543	3	
1546	9	
1547	10	14	
1548	6	8	9	10	11	12	13	14	14	15	17	18	84	
1549	13	15	16	16	17	18	19	19	20	22	24	26	57	73	87	89	
1550	18	21	22	56	60	
1551	50	51	52	53	54	54	55	57	58	
1552	49	50	52	54	56	87	90	91	92	93	94	96	
1553	52	55	81	82	83	84	86	89	92	
1554	58	88	
1556	61	
1558	11	
1560	76	
1564	88	
1568	13	
1569	8	14	59	
1570	10	14	16	18	
1571	7	9	11	12	14	15	16	17	18	19	22	26	42	
1572	16	17	19	20	21	23	24	56	57	59	61	
1573	21	22	25	48	49	50	51	52	54	55	59	74	
1574	49	50	52	54	59	
1575	50	
1576	49	57	
1580	16	
1581	10	
1582	3	6	8	8	10	11	12	13	13	14	15	15	16	17	19	
1583	13	15	16	16	17	18	19	20	21	22	23	57	58	62	70	84	
1584	14	22	52	53	55	55	56	60	
1585	47	49	50	52	54	55	92	95	
1586	50	80	82	84	85	87	88	90	92	94	98	
1587	82	85	90	98	
1588	89	99	
1589	90	
1591	61	
1594	63	64	64	
1595	76	77	
1596	74	
1603	9	11	16	
1604	9	10	11	13	13	15	17	20	
1605	6	11	12	14	15	16	17	18	18	19	20	22	56	58	
1606	18	21	23	23	25	51	52	52	55	56	60	
1607	49	50	51	52	53	55	57	91	93	97	
1608	49	52	87	91	94	
1612	15	
1613	24	
1614	11	18	18	26	
1615	10	11	14	15	17	19	21	
1616	3	8	10	11	12	13	13	14	15	16	18	18	19	20	23	24	26	43	57	
1617	15	17	17	18	19	20	21	25	53	56	57	59	
1618	22	23	46	48	50	51	51	53	53	54	59	
1619	46	49	50	51	54	81	83	86	87	88	90	92	94	96	96	98	
1620	50	57	82	84	87	89	92	96	98	
1621	82	88	
1622	81	
1634	18	
1635	14	
1636	18	83	
1637	8	10	12	14	17	23	
1638	5	6	9	11	12	13	14	14	15	17	19	20	24	58	
1639	13	16	17	18	19	20	21	22	24	26	52	53	57	60	
1640	22	48	50	51	52	54	55	60	93	96	
1641	50	54	83	87	89	91	92	94	
1642	54	83	84	86	88	93	93	102	
1643	86	
1645	24	
1647	13	13	41	45	
1648	10	15	16	19	21	46	
1649	5	7	9	10	12	13	14	15	16	17	19	20	22	25	43	44	
1650	5	13	15	18	19	20	21	23	24	26	56	57	70	
1651	21	22	23	23	25	37	51	52	53	54	55	55	56	56	57	59	60	
1652	47	49	50	50	51	52	54	55	57	59	96	100	
1653	44	46	48	49	51	54	80	82	85	90	94	99	
1654	67	88	
1659	73	
1668	101	
1670	9	18	
1671	9	10	11	13	14	19	
1672	7	11	12	12	14	15	15	16	17	18	20	22	24	52	56	57	60	
1673	17	21	23	51	51	52	54	55	59	
1674	49	50	51	54	83	87	90	91	93	95	100	
1675	49	55	81	83	84	86	88	89	92	94	98	
1676	88	89	
1677	84	
1680	9	18	78	
1681	10	13	13	15	16	19	41	
1682	7	9	10	12	14	15	16	18	19	20	21	23	25	
1683	6	10	12	13	15	18	19	19	20	21	23	23	25	27	44	74	
1684	21	22	24	
1685	55	56	57	59	60	88	91	92	93	95	96	
1686	17	48	51	52	53	53	54	55	57	60	95	
1687	43	45	47	48	49	51	54	
1688	44	48	51	
1692	27	28	28	
1701	25	
1703	20	
1704	9	
1705	8	9	11	12	13	15	17	19	
1706	7	12	15	16	17	19	20	22	24	28	53	56	57	60	
1707	22	47	50	51	52	54	55	57	
1708	49	51	81	85	87	89	91	96	99	
1709	84	88	
1711	102	
1713	13	42	
1714	10	12	15	16	18	19	41	79	79	80	
1715	9	11	12	13	14	16	18	19	20	27	44	70	
1716	12	15	17	18	20	21	23	23	44	57	
1717	21	22	52	53	53	
1718	51	87	88	91	92	95	96	
1719	7	11	12	14	57	82	83	84	85	86	87	89	90	91	94	98	
1720	16	19	51	52	53	54	55	56	58	60	85	86	88	90	94	
1721	47	49	49	51	54	
1722	44	49	51	
1723	49	
1733	72	
1737	23	
1738	10	14	
1739	5	7	11	12	13	14	17	19	24	57	
1740	12	18	19	20	52	53	55	58	59	
1741	21	23	45	48	49	50	53	54	56	86	91	95	100	
1742	47	53	83	86	90	94	
1743	84	89	94	
1744	84	
1745	11	91	
1746	11	19	43	
1747	10	13	13	15	17	18	19	22	42	47	
1748	9	10	12	13	14	17	18	19	21	22	24	45	47	69	
1749	12	15	19	21	22	24	56	60	
1750	22	24	52	55	59	
1751	51	54	88	90	91	92	95	97	101	
1752	10	81	82	84	85	86	86	89	90	91	93	95	98	98	
1753	6	9	11	15	57	82	83	86	91	93	
1754	15	16	19	53	54	55	56	57	58	60	84	85	87	91	93	102	
1755	18	47	50	51	52	54	55	
1756	44	48	56	58	
1772	9	13	14	
1773	7	11	12	15	19	21	24	56	57	
1774	17	18	20	21	24	51	52	54	55	57	58	
1775	22	37	44	45	46	48	49	50	51	53	53	59	82	86	89	93	98	
1776	46	50	84	90	
1777	87	
1779	10	13	68	
1780	9	11	13	15	17	19	40	
1781	10	12	14	15	16	17	18	18	19	21	24	
1782	18	19	20	21	22	24	57	62	
1783	21	23	24	51	53	93	
1784	54	54	87	91	92	95	96	102	
1785	54	81	82	83	84	85	87	89	90	91	95	101	
1786	83	84	86	88	92	95	
1787	9	11	14	83	84	89	101	
1788	2	7	12	15	55	84	86	89	92	94	99	
1789	51	52	55	58	88	92	93	95	98	
1790	51	
1794	32	101	
1798	3	3	4	5	
1805	38	
1806	9	11	14	
1807	6	8	11	12	13	14	14	15	17	57	60	
1808	16	17	18	18	20	21	24	51	52	54	55	56	59	61	
1809	45	46	48	49	50	51	53	
1810	50	89	
1812	9	19	40	67	
1813	10	12	14	16	17	19	40	44	
1814	7	10	11	13	13	14	15	16	17	19	20	21	23	25	26	44	
1815	18	21	22	23	25	53	56	59	
1816	22	25	51	53	55	93	
1817	50	55	86	86	87	89	90	92	94	97	99	
1818	53	82	83	84	85	86	87	88	90	92	93	100	
1819	82	84	86	88	95	
1820	83	
1821	5	10	15	
1822	5	85	87	88	
1823	83	85	86	87	89	92	95	
1824	83	
1828	91	
1838	7	
1840	8	11	
1841	6	11	12	13	14	15	17	57	
1842	17	19	21	33	52	52	54	55	57	59	88	
1843	41	52	53	61	
1844	41	43	45	47	48	50	59	67	
1845	21	39	43	44	48	
1846	9	11	15	17	19	24	26	43	47	
1847	6	10	11	13	14	16	18	19	20	25	
1848	18	20	22	24	56	
1849	22	51	53	54	55	58	93	95	
1850	55	56	87	89	91	92	94	96	99	
1851	53	81	82	83	84	86	89	91	93	
1852	59	82	84	86	88	93	99	
1853	94	
1854	7	85	92	
1855	14	
1856	93	101	
1857	83	84	86	93	
1858	88	
1860	71	
1874	9	13	
1875	9	11	14	25	
1876	15	55	83	84	85	87	90	93	97	99	
1877	16	18	20	23	52	55	93	
1879	11	14	21	24	45	49	64	
1880	11	14	20	22	
1881	21	23	23	25	
1882	52	55	57	58	93	96	97	
1883	53	82	87	89	90	91	93	94	96	100	
1884	81	82	84	85	86	88	90	92	95	
1885	81	84	87	90	
1886	86	
1887	85	
1890	91	
1891	73	
1892	102	
1901	60	
1909	5	9	14	
1910	6	9	11	13	15	84	86	92	98	
1911	15	86	88	90	93	95	
1913	93	
1914	92	93	97	
1915	55	88	95	98	
1916	82	86	88	88	89	91	93	95	99	
1917	82	83	84	86	88	91	98	
1918	84	88	
1925	12	
1939	85	
1944	12	13	83	
1945	8	15	82	84	86	93	103	
1946	86	88	88	90	92	93	95	99	
1947	83	87	90	91	94	99	
1948	82	83	86	87	90	92	95	
1949	82	84	85	87	90	93	96	
1950	81	84	85	87	92	98	
1951	85	89	98	
1952	85	
1954	102	
1955	99	
1957	60	
1962	4	
1966	68	
1977	11	
1979	88	91	
1980	81	83	85	87	100	
1981	81	84	85	88	92	96	101	
1982	83	85	89	
1983	84	86	94	
1984	85	
1985	85	91	
1991	99	
1994	32	
1996	21	
2007	9	
2009	90	
2014	83	93	
2015	84	
2016	83	89	
2017	83	
2020	99	
2031	3	
2044	52	
2046	54	
2047	90	
2049	85	
2054	93	
2055	104	
2081	51	
2100	27	
2178	97	
2198	3	22	
2215	8	
2217	9	
2263	12	
