48	61	
112	41	
138	77	
147	26	28	
155	88	
156	87	91	
157	88	91	
158	93	
188	86	88	89	91	
189	82	83	85	86	87	88	89	90	92	93	98	
190	83	84	85	86	87	88	89	90	91	93	97	
191	81	82	84	85	86	87	87	89	90	92	94	97	
192	82	85	86	87	88	89	91	92	96	
193	82	86	87	88	90	92	95	
194	87	92	98	
210	82	87	90	92	
211	82	86	87	89	91	92	95	
212	16	87	90	
220	52	88	92	
221	82	86	87	88	89	90	93	95	
222	81	82	83	84	85	86	87	89	91	94	96	
223	80	81	81	82	84	85	86	88	89	91	95	
224	13	78	79	80	80	81	82	84	85	85	87	88	90	94	
225	10	78	79	80	81	82	83	83	84	85	89	91	95	
226	6	10	13	78	80	81	81	82	83	84	85	86	88	88	90	97	
227	7	11	15	80	80	82	82	84	84	86	87	88	89	90	95	
228	8	81	83	83	84	85	87	88	89	90	92	94	97	
229	17	82	86	90	91	93	
241	57	
242	56	
243	46	53	92	
244	80	81	83	84	86	87	89	91	
245	9	14	80	81	81	82	83	84	85	86	87	89	90	91	94	97	
246	12	16	17	19	80	82	84	87	90	93	99	
247	17	20	
253	35	47	52	58	87	
254	51	52	54	82	83	84	85	87	89	90	92	95	
255	55	56	78	79	80	81	82	83	83	85	86	88	89	91	96	
256	47	53	79	80	81	82	84	85	89	94	
257	39	47	78	78	79	80	81	83	85	
258	37	43	46	68	79	80	81	83	89	100	
259	36	43	46	70	78	79	80	81	85	
260	7	9	12	14	46	78	79	80	84	
261	6	10	12	14	78	79	80	81	82	84	85	90	93	99	
262	7	9	11	12	14	15	17	78	79	80	81	82	84	85	86	89	96	
263	7	12	13	15	16	16	18	18	80	81	83	84	85	87	88	90	96	98	
264	16	17	20	
275	57	58	
276	50	51	53	54	56	59	
277	46	47	48	49	51	54	88	92	
278	78	79	81	82	84	85	87	89	101	
279	6	8	10	11	12	14	68	78	78	79	80	81	83	85	89	
280	2	7	11	12	13	15	16	17	18	19	77	78	79	81	97	
281	17	18	19	21	
285	56	
286	34	48	52	53	55	56	58	
287	47	49	50	52	54	55	87	90	98	
288	49	51	53	55	80	81	82	84	86	87	88	90	95	
289	66	78	79	80	81	84	85	94	
290	13	17	18	19	47	61	67	78	79	80	
291	16	17	19	20	43	44	45	46	47	48	50	57	60	63	69	79	
292	17	18	19	20	20	23	27	29	42	44	45	47	48	48	50	52	56	57	59	60	70	79	
293	18	20	21	23	26	42	43	44	45	46	47	48	48	49	50	56	59	69	78	
294	1	21	27	43	43	44	45	46	47	49	71	79	
295	7	79	
296	4	8	9	10	12	14	79	80	85	90	
297	8	10	11	12	13	14	15	16	17	19	69	79	80	81	
298	16	17	17	18	18	19	20	21	
309	55	56	56	57	
310	33	43	47	50	50	51	52	53	53	54	55	59	
311	44	46	47	48	49	50	51	55	87	
312	8	44	48	79	80	83	84	100	
313	7	9	10	10	12	13	14	15	18	68	79	82	83	99	
314	2	6	8	12	13	14	15	15	16	16	17	18	19	19	21	27	79	96	
315	17	17	20	22	23	25	
319	52	53	56	57	59	
320	33	47	50	51	52	53	54	54	56	58	58	
321	45	46	48	50	51	53	54	82	84	86	88	89	98	
322	50	79	80	82	84	86	89	
323	10	14	67	79	84	
324	6	8	10	11	13	13	15	15	16	17	18	19	19	20	70	
325	12	16	17	18	19	19	20	21	21	23	25	27	28	72	
326	21	22	23	24	25	45	52	55	56	57	60	
327	24	35	45	49	50	51	52	53	54	55	56	60	
328	45	47	48	49	50	53	
329	8	44	49	
330	4	8	9	10	12	14	16	19	68	
331	5	7	9	11	11	12	13	14	15	15	16	16	17	18	18	19	19	20	21	23	26	71	
332	18	19	20	20	21	22	25	
343	52	56	57	58	58	60	
344	34	36	48	50	51	52	52	53	54	54	55	56	59	60	
345	31	44	45	46	46	47	48	49	49	50	54	
346	9	44	78	86	
347	5	7	8	9	10	11	13	14	15	68	70	80	
348	1	6	11	12	13	14	15	16	16	17	18	19	19	21	23	70	96	
349	16	17	18	20	21	22	25	27	
352	57	
353	51	52	53	55	56	57	58	
354	32	35	45	47	48	49	50	51	52	54	55	
355	44	47	49	51	53	79	81	83	85	92	95	
356	8	11	13	78	79	81	84	90	
357	6	9	10	11	12	13	14	15	17	19	69	
358	7	10	11	12	13	14	15	15	16	17	17	18	18	19	20	21	24	25	69	
359	18	21	22	23	24	57	
360	34	51	52	56	59	
361	49	50	51	52	53	54	55	58	87	89	92	97	
362	49	50	82	85	87	88	90	92	93	
363	9	11	15	18	67	
364	4	7	10	11	11	12	14	14	15	16	16	17	18	19	70	
365	5	12	13	15	16	17	18	19	20	21	21	23	24	25	71	
366	21	22	23	
376	79	
377	53	56	57	59	
378	43	47	48	50	51	51	52	53	53	54	55	58	61	
379	33	41	44	45	46	47	48	49	50	
380	8	44	85	
381	4	6	8	9	10	11	12	13	14	15	67	
382	1	6	11	12	13	14	15	15	17	18	19	20	23	70	
383	16	17	18	20	21	22	
386	57	58	
387	36	51	52	52	53	54	55	56	56	57	60	
388	33	36	44	45	46	47	48	49	50	50	51	52	53	54	55	59	
389	43	45	46	48	84	
390	9	11	84	
391	2	7	8	10	11	12	13	14	14	15	18	
392	3	6	12	13	15	16	17	19	20	21	23	23	25	87	92	
393	18	22	53	56	88	
394	51	52	54	55	87	89	91	94	
395	50	53	55	81	83	85	86	87	88	90	92	96	
396	66	78	81	82	84	85	89	
397	8	9	10	11	12	14	15	16	18	19	67	
398	5	6	11	12	13	14	15	16	17	17	18	19	20	21	22	24	26	72	
399	20	21	22	23	23	25	
400	22	
411	52	55	56	57	60	
412	33	43	48	50	50	51	52	52	53	53	54	54	55	56	57	58	59	62	
413	42	44	45	46	47	48	48	49	50	50	54	
414	8	44	85	
415	3	6	8	9	10	11	12	14	14	
416	6	10	11	12	13	14	14	15	15	16	17	18	19	20	21	24	68	
417	17	17	19	20	21	22	25	
418	22	
420	57	
421	48	50	51	52	52	53	54	54	55	56	57	58	60	62	
422	41	43	44	45	46	47	47	48	49	49	50	51	52	54	55	58	
423	42	44	45	46	47	48	49	50	
424	10	48	
425	1	5	6	8	9	10	11	12	13	14	15	90	
426	6	8	12	12	15	16	18	21	58	81	83	86	89	91	95	
427	51	52	53	55	81	82	84	86	87	89	90	92	94	97	
428	51	54	81	82	83	84	85	86	87	89	90	91	95	
429	65	66	77	78	79	80	82	83	83	84	86	88	
430	8	9	11	13	15	16	18	29	44	67	80	101	
431	4	6	11	12	13	14	15	15	16	17	18	18	19	19	20	26	69	
432	13	18	18	19	20	21	21	22	24	26	
433	22	23	
445	53	55	56	57	58	60	
446	34	36	50	50	51	52	52	53	54	55	55	56	57	59	62	
447	31	44	45	46	46	47	48	48	49	49	50	50	51	
448	43	45	47	49	
449	4	6	8	8	9	10	11	12	14	15	67	69	
450	1	6	11	12	12	13	14	15	15	16	17	19	20	23	
451	16	17	18	19	21	22	
455	51	52	54	55	55	56	57	57	58	60	
456	34	46	47	49	50	50	51	51	52	53	54	55	56	56	58	58	60	
457	42	44	45	46	47	48	48	49	50	
458	44	
459	6	9	11	14	101	
460	6	12	79	81	85	88	91	97	
461	1	55	79	80	81	82	83	84	85	86	88	90	96	
462	32	66	79	80	82	83	84	86	89	93	
463	6	9	10	13	13	15	16	17	18	19	44	69	79	
464	5	7	10	11	12	13	14	15	16	17	18	18	19	20	21	22	23	69	
465	12	15	18	19	20	21	22	23	24	27	
466	22	
473	80	80	81	
479	55	56	57	61	
480	36	51	52	52	53	53	54	55	55	56	57	58	60	61	
481	45	46	47	47	48	49	50	51	52	53	54	55	
482	38	43	44	45	46	48	50	
483	3	7	9	10	11	14	14	
484	6	8	11	11	12	13	13	14	15	15	16	17	19	24	26	80	88	93	96	
485	16	17	18	19	20	22	24	26	87	88	92	94	
486	17	93	
489	55	57	58	
490	35	51	51	52	53	53	54	55	56	59	61	
491	48	48	49	50	51	52	54	87	93	
492	44	46	49	
494	15	79	85	
495	9	13	18	28	78	79	81	84	90	
496	8	10	11	13	15	16	17	19	20	26	78	79	83	
497	10	12	14	15	15	16	17	17	18	18	19	20	20	23	68	
498	4	12	15	18	20	21	22	22	24	25	26	
499	21	22	23	24	
513	56	57	
514	51	51	52	53	54	54	55	56	56	57	59	60	
515	36	40	42	45	46	47	48	49	49	50	51	51	53	54	56	59	
516	42	43	44	45	46	47	49	49	
517	4	9	12	14	45	
518	7	9	10	11	13	13	14	15	16	20	80	84	87	92	
519	11	12	15	16	18	19	21	80	81	82	84	86	87	88	90	91	95	
520	17	85	86	87	89	90	92	96	
521	83	85	86	87	89	91	92	
522	86	87	89	90	92	97	
523	52	55	57	82	85	86	87	89	91	93	96	
524	51	51	52	53	54	55	57	60	82	85	86	87	88	89	91	93	93	96	
525	50	51	53	55	56	80	82	83	84	85	86	87	89	90	92	
526	46	49	82	85	89	
528	12	13	
529	9	10	11	13	15	18	25	
530	5	6	8	10	11	12	13	14	15	15	16	19	23	27	73	
531	5	12	15	16	17	18	19	21	21	22	24	25	88	91	
532	22	23	
535	31	31	32	
548	52	53	54	55	56	57	58	61	
549	38	42	46	47	49	50	51	52	52	54	54	55	56	56	57	59	60	61	
550	33	36	43	44	45	45	46	46	47	48	48	49	49	50	
551	5	44	45	46	
552	5	6	8	9	10	12	13	14	79	
553	11	15	22	79	80	81	84	85	87	89	93	97	99	
554	7	11	79	80	81	82	83	84	85	87	88	88	89	91	93	96	
555	78	80	81	82	83	84	85	86	87	88	88	89	90	94	97	99	
556	80	81	82	83	83	84	85	86	88	88	89	90	92	95	
557	55	77	78	79	80	81	82	83	83	84	85	86	88	89	91	96	
558	52	54	55	81	82	83	83	84	85	87	88	90	92	96	
559	51	67	77	79	80	81	82	84	89	98	
560	16	18	43	47	48	49	56	58	59	66	78	79	
561	17	18	19	40	42	44	45	46	47	47	49	67	69	
562	26	41	44	45	46	49	
563	5	6	9	11	13	
564	6	8	8	10	11	12	14	15	17	18	
565	11	13	15	17	20	22	25	82	85	87	90	91	95	
566	17	18	21	88	91	
582	57	62	
583	50	51	52	52	54	55	56	57	58	60	62	
584	42	45	46	47	47	48	49	49	50	50	51	52	53	54	56	57	58	60	
585	4	30	37	40	42	43	43	44	45	46	46	47	48	48	49	49	50	56	
586	42	44	46	70	
587	8	13	15	41	46	78	80	
588	7	78	78	79	80	80	81	83	
589	6	78	79	80	80	81	82	84	95	
590	77	78	79	79	80	82	84	
591	18	41	47	78	79	79	80	81	84	88	
592	16	19	47	67	78	79	80	81	83	85	
593	10	14	16	17	18	19	43	43	45	46	64	70	78	79	84	
594	7	12	14	15	17	18	19	19	20	27	45	47	50	52	56	57	63	68	71	
595	18	19	20	20	21	22	24	25	26	31	34	42	44	45	46	47	48	48	49	50	51	52	53	54	55	56	57	59	69	
596	22	22	24	30	38	41	43	44	44	45	46	46	47	48	49	50	51	
597	44	46	
598	7	9	11	13	14	85	
599	7	9	10	11	12	14	15	18	22	79	80	81	82	83	84	86	88	91	95	
600	13	15	16	17	20	80	81	82	83	85	86	88	89	91	95	
601	16	17	18	19	93	
617	52	54	55	57	
618	34	50	51	51	52	53	54	55	57	58	59	61	
619	43	45	46	48	49	50	51	52	53	54	55	56	57	59	61	
620	23	31	37	42	43	44	45	45	46	47	47	48	49	50	52	53	56	57	58	61	63	
621	25	32	42	43	43	44	45	46	47	47	48	49	50	57	60	70	
622	22	37	40	42	44	46	47	49	57	59	67	69	78	
623	18	19	20	42	43	43	44	46	47	48	51	62	70	78	80	
624	5	17	19	21	39	42	44	46	47	49	61	66	69	72	79	
625	9	12	14	16	18	18	19	42	43	46	48	65	66	69	73	79	80	
626	6	9	11	13	14	15	17	18	18	19	19	20	21	28	43	45	64	67	69	72	79	
627	10	13	14	15	17	18	19	20	21	21	24	43	72	
628	17	19	21	22	23	23	24	27	52	55	57	58	61	
629	22	22	24	49	50	51	52	52	53	54	55	55	56	57	58	59	60	63	
630	33	43	45	45	46	47	48	48	49	49	50	50	51	54	56	59	
631	32	41	43	43	44	45	46	47	47	48	49	
632	4	6	8	14	40	44	47	48	
633	4	9	10	11	14	15	79	81	85	
634	7	10	11	12	13	14	15	17	18	20	79	80	81	82	84	85	87	90	94	99	
635	16	17	17	20	21	81	85	87	89	92	97	
636	18	
652	52	55	
653	35	52	54	55	56	58	59	61	63	
654	45	48	49	50	52	53	53	54	57	60	62	
655	23	25	30	42	43	44	45	47	49	50	55	58	60	63	
656	21	24	43	44	45	47	49	51	54	57	61	72	74	
657	18	20	21	23	23	25	26	42	44	45	46	48	48	51	62	63	70	
658	9	13	19	21	22	23	24	44	45	61	69	
659	10	15	18	20	21	22	23	24	43	49	68	
660	13	15	19	20	21	22	24	25	26	45	
661	22	23	24	25	
662	22	24	
663	52	53	55	56	57	62	
664	35	45	48	50	50	51	52	53	54	55	56	57	58	58	60	62	
665	37	39	42	45	46	47	48	48	49	50	51	52	54	56	
666	42	43	44	45	46	46	47	49	50	51	63	
667	5	7	8	10	14	44	49	
668	2	5	7	8	10	10	11	12	13	13	14	15	18	68	79	80	86	
669	7	10	11	12	15	16	17	19	20	23	79	80	82	84	
670	17	18	19	20	
689	55	
690	45	
691	15	23	23	
692	25	
693	23	24	
694	22	
698	52	54	55	56	57	58	
699	47	50	50	51	52	53	54	55	56	56	58	59	60	61	64	
700	36	38	43	44	45	46	47	47	48	48	49	49	50	54	
701	44	45	46	48	49	
702	4	8	9	10	10	12	13	14	
703	7	10	12	12	15	15	16	16	17	18	19	20	21	68	79	
704	16	17	19	20	22	24	
733	51	52	53	54	54	55	56	57	58	58	60	62	
734	36	45	47	48	49	49	50	51	52	53	54	60	
735	31	43	45	45	46	48	49	
736	5	8	9	10	11	13	14	18	25	43	68	
737	5	7	12	13	13	14	15	16	17	19	19	20	21	24	26	
738	18	19	20	21	22	23	24	
767	51	52	55	56	58	60	
768	47	50	51	52	53	54	55	61	
769	31	42	43	44	45	46	47	48	49	
770	5	6	8	9	10	11	12	13	14	67	
771	2	12	15	16	17	19	20	21	24	
772	21	23	25	
801	55	56	60	
802	34	48	50	52	53	55	59	63	
803	44	49	
804	6	11	13	14	15	19	68	
805	21	22	24	26	
806	21	23	
838	23	
892	33	
1001	2	
1157	89	
1168	9	
1192	24	
1208	13	
1232	42	
1235	46	
1239	18	
1245	60	
1246	9	
1249	76	
1250	47	
1260	43	
1287	70	
1293	16	
1301	80	
1302	29	31	
1307	22	
1311	26	47	59	
1312	42	46	
1313	42	46	56	
1314	26	48	
1316	10	66	
1317	49	55	
1322	50	
1331	64	
1332	47	
1333	39	
1341	77	
1342	19	75	
1343	18	
1344	16	19	43	43	47	51	67	
1345	16	17	18	19	21	27	31	41	42	45	47	52	56	62	
1346	19	20	38	43	44	46	47	48	56	60	68	
1347	19	22	24	39	42	44	46	48	51	59	69	
1348	26	28	42	44	47	50	58	71	
1349	36	42	44	47	48	72	
1351	12	
1352	75	
1355	61	
1364	8	
1365	29	
1366	17	20	29	42	47	61	71	
1367	18	20	42	45	47	49	62	73	
1368	45	51	71	
1369	49	
1375	19	
1376	15	16	22	29	
1377	11	14	16	17	19	44	46	67	70	
1378	12	15	16	18	18	19	20	23	43	44	46	63	67	71	
1379	17	18	19	20	21	23	24	26	43	45	48	57	60	
1380	20	21	23	24	44	50	53	53	57	59	63	68	
1381	20	21	23	23	25	37	42	43	45	48	49	51	53	55	57	58	60	62	64	72	
1382	20	22	24	33	42	43	44	45	46	47	48	49	50	51	55	56	58	58	61	69	
1383	32	39	42	43	44	45	46	47	49	50	53	58	60	
1384	22	41	43	45	46	47	48	50	53	57	68	
1385	44	49	
1386	49	
1398	17	19	
1399	11	15	19	57	
1400	16	17	18	19	22	26	27	34	37	43	48	56	59	65	70	
1401	18	21	23	24	26	44	45	46	47	49	50	54	58	70	
1402	39	43	45	46	48	51	
1405	56	
1407	16	
1409	9	14	16	20	25	26	
1410	9	11	13	14	16	17	18	19	25	29	44	67	69	
1411	10	12	14	15	16	17	18	19	20	21	24	
1412	12	15	17	19	20	21	22	24	27	
1413	20	21	23	23	24	92	
1414	23	25	55	87	88	92	
1415	25	53	53	55	87	87	91	
1416	25	50	52	55	56	58	58	60	64	87	92	
1417	23	25	33	44	45	47	49	50	51	53	53	55	56	57	59	61	
1418	24	27	42	44	45	46	47	48	49	50	52	54	57	59	
1419	43	45	47	48	49	51	
1420	30	48	60	
1422	55	61	
1426	5	
1432	11	13	
1433	7	10	12	14	15	16	17	25	57	58	
1434	13	15	16	17	18	19	20	21	22	26	52	53	55	56	58	59	62	69	
1435	20	21	22	23	23	44	45	46	47	47	49	49	50	50	51	54	57	80	
1436	43	43	45	48	51	
1441	18	
1442	9	15	16	
1443	10	12	13	14	16	17	18	20	23	72	
1444	8	9	11	12	14	15	16	17	19	20	22	25	27	70	
1445	13	15	20	21	22	23	24	25	27	72	
1446	22	24	88	92	
1447	82	82	85	85	86	87	88	89	90	92	94	
1448	81	82	83	84	85	86	87	89	90	93	95	
1449	12	14	81	81	82	83	83	84	85	86	87	88	89	91	93	96	
1450	58	81	82	83	84	85	86	88	90	94	
1451	16	17	35	52	53	53	54	55	56	57	59	
1452	35	47	50	51	52	54	55	59	
1453	44	44	45	47	48	49	50	52	54	55	
1456	62	
1463	28	
1464	72	
1465	10	
1466	10	12	13	15	16	
1467	6	8	10	11	12	14	14	15	16	17	18	20	24	69	
1468	13	14	15	16	16	17	17	19	19	20	21	24	35	51	52	53	54	55	56	57	58	59	61	72	
1469	18	22	23	25	33	37	42	45	46	47	49	49	50	51	52	53	53	54	58	79	
1470	44	45	48	50	
1471	48	
1476	8	8	10	12	14	16	
1477	6	10	11	12	13	14	15	16	18	18	19	20	22	25	26	
1478	13	15	17	18	19	20	21	22	24	26	56	57	61	
1479	22	23	24	46	50	52	54	55	56	
1480	49	52	53	82	86	87	89	
1481	78	79	80	81	82	83	84	86	89	96	
1482	78	79	79	80	81	82	84	86	89	99	
1483	8	10	14	17	78	79	80	81	82	84	86	88	
1484	6	10	11	12	14	15	16	17	18	20	78	79	80	84	99	
1485	13	16	17	19	20	34	52	52	55	56	57	59	
1486	23	46	49	50	50	51	52	53	54	55	59	87	90	
1487	45	48	49	52	82	85	86	88	89	91	98	
1488	61	
1491	7	
1492	69	
1496	73	
1499	8	
1500	3	9	20	
1501	6	8	9	10	11	12	13	13	14	15	16	19	23	57	67	
1502	13	15	16	17	17	18	19	20	20	22	24	26	34	52	53	55	55	56	57	58	59	
1503	21	23	43	45	46	47	49	49	50	51	52	54	55	80	
1504	44	45	47	48	50	56	88	
1505	44	
1509	8	19	
1510	9	10	12	13	14	
1511	7	10	11	12	13	15	15	16	17	18	18	19	21	27	56	57	69	
1512	17	18	19	20	21	23	24	27	34	52	54	55	56	57	58	60	73	
1513	23	44	46	48	48	49	51	52	53	54	56	
1514	45	49	54	57	78	80	81	82	83	85	101	
1515	77	78	80	82	83	
1516	12	79	81	84	102	
1517	7	9	10	11	13	15	17	19	21	71	80	
1518	7	11	12	15	16	17	18	19	20	21	23	25	27	56	58	68	79	
1519	18	21	22	24	50	51	52	53	55	56	58	
1520	49	50	51	52	54	82	85	87	88	89	91	94	99	
1521	49	77	79	81	82	83	85	
1528	12	
1534	6	9	
1535	4	6	8	9	10	10	11	12	13	13	14	14	15	17	19	58	68	
1536	13	15	16	17	18	18	19	20	21	23	26	34	36	52	52	53	54	55	55	56	57	59	60	68	
1537	22	46	47	49	49	50	51	52	54	55	58	60	
1538	44	45	46	48	50	
1540	98	
1543	9	14	19	
1544	5	7	8	10	11	12	13	14	15	18	20	26	
1545	12	13	14	15	16	16	17	18	19	20	21	23	26	56	57	60	70	
1546	17	21	22	35	51	52	53	53	54	55	57	59	61	
1547	42	44	45	46	47	49	50	51	53	54	57	59	
1548	43	45	46	48	48	50	53	
1549	43	43	64	67	
1550	10	12	14	15	16	17	19	24	66	
1551	7	8	10	11	13	13	14	15	16	17	18	19	20	44	57	70	
1552	18	19	20	21	21	23	24	52	55	56	57	59	71	
1553	22	23	49	50	51	52	54	55	61	86	87	87	89	91	93	97	
1554	49	52	54	62	78	81	82	83	83	84	85	87	89	93	95	
1555	61	79	81	84	94	
1556	84	
1559	69	
1567	10	
1568	9	11	13	15	
1569	3	7	10	11	11	12	13	14	15	15	17	19	57	68	
1570	12	15	16	17	18	18	19	20	21	22	23	51	51	52	53	55	55	56	57	58	60	
1571	22	42	45	46	47	48	50	50	51	52	53	54	57	59	
1572	42	44	46	49	50	51	53	
1577	12	14	
1578	3	4	6	8	10	11	12	13	13	14	15	16	19	26	
1579	11	12	16	17	19	20	21	23	28	91	96	
1580	17	18	21	22	34	38	52	53	53	54	55	56	57	58	60	
1581	30	34	36	43	45	46	47	47	49	49	50	51	52	54	55	58	
1582	42	44	45	46	48	48	50	63	
1583	8	10	10	14	23	41	44	46	69	
1584	10	11	13	13	14	17	18	18	19	20	56	68	70	
1585	8	15	20	20	21	23	24	34	53	56	
1586	22	23	24	50	51	52	54	59	91	92	97	
1587	52	53	78	81	82	83	84	85	86	87	89	97	
1588	77	79	80	82	84	88	
1589	81	88	93	
1598	73	
1602	6	9	11	14	
1603	5	7	10	11	12	12	14	14	15	17	18	25	26	
1604	12	13	15	16	16	17	19	20	21	24	26	34	52	53	55	55	56	57	59	60	62	69	
1605	17	21	22	42	46	47	48	49	50	50	51	52	53	54	55	57	58	61	
1606	42	44	45	46	48	50	54	
1612	4	8	8	9	11	12	14	16	
1613	7	10	11	12	13	14	14	15	17	19	25	81	84	90	95	
1614	16	16	17	18	20	21	23	55	57	71	81	96	
1615	50	51	53	55	57	59	62	63	
1616	42	44	45	47	49	51	
1617	12	24	44	56	65	
1618	13	15	20	22	23	25	53	
1619	22	25	50	51	51	52	53	54	59	86	87	88	91	
1620	53	54	57	82	84	85	86	87	88	90	91	95	
1621	77	79	80	82	84	90	95	
1622	79	84	
1623	60	
1625	51	
1630	13	
1634	3	72	
1636	9	
1637	5	7	8	9	10	11	13	14	14	15	16	19	
1638	13	15	16	17	18	19	21	26	34	52	52	55	56	57	58	59	60	81	85	90	92	95	
1639	17	18	20	21	23	41	43	45	47	48	49	50	50	51	52	53	54	55	57	59	62	
1640	33	42	44	45	46	48	49	49	50	52	54	
1641	43	44	46	50	
1642	57	
1643	26	46	
1644	41	
1646	4	9	12	14	16	18	21	43	67	
1647	7	9	11	11	12	13	14	15	16	17	19	21	68	79	84	
1648	13	16	17	18	19	20	21	22	25	80	
1649	18	23	
1650	36	56	58	60	
1651	25	36	48	51	53	55	57	
1652	46	49	50	52	54	55	57	
1653	49	51	53	55	78	80	81	82	84	85	86	89	94	
1654	50	78	79	80	81	82	83	84	86	96	
1655	79	89	
1656	36	36	83	
1657	85	93	
1667	23	
1669	11	13	
1670	9	18	
1671	5	7	9	10	11	13	14	15	18	
1672	7	11	12	13	14	14	15	16	19	21	55	57	58	61	80	86	89	91	96	
1673	16	16	17	20	21	23	34	50	51	51	52	53	54	55	56	57	59	61	82	88	93	95	
1674	29	42	44	45	45	46	47	48	48	49	50	50	51	53	54	58	59	
1675	30	36	42	44	45	47	49	
1676	19	42	43	47	48	58	
1677	20	42	46	48	67	70	
1678	18	18	20	42	44	46	61	64	
1679	11	14	18	22	41	45	73	
1680	8	10	11	14	16	18	20	23	44	67	68	
1681	5	6	10	11	13	13	14	15	16	16	17	18	19	20	22	23	25	70	
1682	15	17	20	21	22	24	71	
1683	22	23	93	
1684	53	55	56	56	57	59	
1685	43	48	50	51	52	53	54	55	55	58	59	
1686	42	44	46	48	48	49	50	51	52	54	
1687	44	46	79	80	83	101	
1688	50	78	80	
1690	35	52	
1691	63	
1693	68	
1702	25	
1704	9	
1705	8	10	13	14	92	
1706	6	7	9	11	12	13	13	14	15	16	18	21	26	79	81	83	86	88	93	
1707	16	16	17	18	20	21	26	35	51	52	54	55	57	59	61	80	82	84	86	87	89	91	92	96	
1708	17	22	35	48	49	49	50	51	53	55	56	58	60	
1709	41	43	43	44	45	49	50	55	58	59	62	65	
1710	23	42	44	45	47	49	50	53	55	56	61	67	73	
1711	19	21	24	42	43	45	46	47	49	58	58	62	66	71	
1712	17	18	20	21	22	25	27	30	41	43	43	44	47	49	71	
1713	12	15	19	20	21	23	24	44	45	46	49	64	67	72	
1714	10	13	14	20	21	22	23	26	43	63	
1715	12	15	20	21	22	23	25	26	69	93	
1716	22	24	88	92	
1717	18	82	85	85	86	87	89	90	91	93	95	97	
1718	52	55	56	57	62	81	82	83	85	86	86	87	90	91	92	93	
1719	34	47	48	51	52	52	53	54	55	56	57	59	61	
1720	39	43	44	45	46	47	48	48	49	50	51	53	55	56	58	62	
1721	39	43	45	46	48	48	52	56	
1722	44	50	
1724	62	
1727	19	
1728	16	16	17	
1733	76	
1737	17	
1739	5	8	11	19	
1740	9	10	11	13	14	15	18	79	87	93	94	
1741	7	11	13	15	19	78	79	80	82	84	85	87	89	90	91	96	
1742	16	20	54	83	85	87	88	89	90	91	94	97	
1743	17	55	65	88	91	92	
1744	25	45	51	62	
1745	22	23	25	
1746	25	65	
1747	23	23	25	56	
1748	24	90	92	
1749	53	82	85	86	88	89	90	92	96	
1750	81	82	83	84	85	86	88	89	90	92	93	97	
1751	6	8	10	13	78	80	81	82	83	83	84	85	86	89	98	
1752	7	12	14	15	16	79	80	81	82	84	85	86	89	91	95	
1753	16	16	17	19	51	52	54	55	56	57	58	58	60	81	85	86	88	89	90	92	94	97	
1754	17	45	47	50	50	51	52	53	55	56	56	58	59	60	
1755	40	43	44	45	46	47	47	48	49	50	50	52	54	56	
1756	40	44	45	46	47	48	58	
1757	45	49	
1759	49	
1773	10	
1774	5	9	12	14	80	89	
1775	5	9	11	13	15	20	79	81	84	86	92	
1776	7	8	10	12	13	15	78	79	80	82	84	85	87	89	92	95	
1777	12	15	16	81	82	83	84	85	86	88	90	91	94	96	
1778	17	82	85	86	87	89	90	91	95	98	
1779	83	85	86	87	88	89	91	93	93	95	
1780	82	83	85	86	87	88	89	90	92	95	98	
1781	54	82	83	85	86	87	88	89	90	93	96	
1782	53	55	81	82	83	84	85	86	87	88	90	91	93	94	
1783	77	79	80	81	82	83	84	85	87	89	
1784	77	79	80	80	81	82	84	85	
1785	9	79	79	81	85	88	
1786	7	9	10	11	13	14	15	79	81	84	91	
1787	11	12	13	15	17	21	23	78	79	80	82	83	85	86	89	90	92	96	
1788	16	18	19	53	54	55	56	57	58	58	60	87	90	91	92	96	
1789	33	45	47	49	50	50	51	52	53	55	56	57	59	62	
1790	42	43	44	45	46	47	48	49	50	51	52	54	59	85	
1791	44	48	48	50	
1805	16	
1807	25	
1808	3	
1809	5	10	14	84	
1810	10	14	79	80	84	90	
1811	7	9	12	14	79	80	80	81	82	83	84	88	88	91	96	
1812	8	77	78	79	79	80	81	82	83	84	85	86	88	90	93	94	
1813	80	81	81	82	83	84	85	86	87	88	90	99	
1814	54	77	80	81	83	84	84	85	86	88	90	96	
1815	78	80	80	81	82	83	84	85	87	88	92	93	
1816	55	77	79	80	81	83	84	86	89	97	100	
1817	78	79	81	83	94	99	
1818	79	80	83	
1819	10	78	84	
1820	5	9	11	14	83	83	91	
1821	7	8	9	11	12	13	14	15	20	79	80	81	83	84	88	89	
1822	11	12	15	16	55	56	58	77	81	82	84	85	86	88	90	92	95	
1823	16	18	18	35	36	50	51	52	53	54	55	57	60	83	86	87	90	92	96	
1824	45	48	49	50	51	52	53	55	59	
1825	44	45	49	50	53	53	
1826	44	47	48	
1839	17	
1841	84	
1844	3	83	
1845	78	80	84	
1846	79	80	81	85	89	
1847	79	80	81	84	88	89	96	98	
1848	78	79	80	81	84	87	89	
1849	79	80	82	84	
1850	78	80	85	
1851	79	
1852	88	90	99	
1853	13	30	
1854	5	
1855	5	6	10	13	14	79	
1856	6	8	10	11	12	14	15	78	79	81	84	86	89	93	98	
1857	13	15	15	16	18	19	36	51	52	53	54	55	55	56	58	59	61	79	80	81	84	86	89	91	95	
1858	18	47	50	51	51	53	54	55	61	91	
1859	45	46	48	49	51	55	58	87	
1861	1	
1863	8	
1878	25	86	
1880	79	
1881	78	84	
1882	80	84	
1883	80	
1884	65	
1885	83	
1889	9	14	84	
1890	4	6	8	10	11	14	81	
1891	6	11	12	13	15	16	18	19	23	52	54	55	57	58	78	80	81	83	90	
1892	18	21	42	47	49	50	51	53	55	59	81	85	88	92	97	
1893	46	48	50	61	82	84	87	90	
1895	86	
1897	74	
1898	3	
1913	41	
1923	11	
1924	9	11	14	19	95	
1925	6	8	10	11	12	16	19	24	53	61	79	90	
1926	50	51	54	59	80	85	87	88	90	97	
1927	54	80	83	85	87	93	101	
1944	22	92	
1945	98	
1958	5	8	11	15	
1959	13	52	83	85	89	
1960	53	79	81	82	83	85	87	89	93	
1961	81	86	
1962	84	
1966	3	
1974	27	76	
1980	86	
1982	99	
1990	74	86	
1993	81	89	
1994	79	81	84	90	93	
1995	80	84	
2019	62	
2020	102	
2021	25	
2022	25	
2028	79	
2041	5	
2044	60	
2048	42	
2049	30	
2059	73	
2061	80	
2062	46	
2117	87	
2119	12	
2127	5	
2129	7	
2146	29	
2201	97	
2237	1	
2267	100	
