14	89	90	91	
79	91	92	96	
80	87	90	91	92	95	97	
81	87	88	90	91	93	94	96	
82	17	93	
110	57	
111	36	37	47	
112	51	97	
113	8	82	85	86	87	89	90	91	93	94	96	
114	10	80	82	83	84	85	86	87	88	88	89	90	92	93	95	97	
115	6	10	12	13	15	80	81	83	84	86	87	87	89	90	94	96	
116	16	17	18	81	83	86	87	89	90	97	
117	17	20	
144	48	52	
145	46	49	50	51	52	54	55	
146	47	48	50	86	87	89	90	92	93	96	
147	80	82	84	85	86	88	88	90	91	95	
148	79	80	81	82	84	85	86	91	
149	7	8	10	11	12	14	18	67	79	80	80	81	82	84	85	88	89	93	99	
150	7	10	11	12	13	14	15	16	16	17	18	19	20	21	27	80	81	84	
151	18	20	21	
177	53	56	
178	47	48	49	50	51	52	54	55	56	
179	46	47	49	50	51	52	53	54	93	
180	44	46	49	81	83	85	87	89	91	95	
181	78	81	83	83	85	87	90	98	
182	10	13	20	78	80	84	100	
183	3	4	8	9	10	11	12	13	14	14	15	16	16	17	18	19	68	70	79	80	
184	3	11	12	13	15	16	17	18	18	19	20	21	23	23	
185	18	21	22	24	
211	52	55	56	58	
212	46	48	49	50	51	51	52	53	53	54	55	57	
213	44	45	46	47	49	49	51	54	86	88	90	92	96	
214	49	81	83	86	89	91	94	
215	10	78	82	90	99	
216	5	7	9	10	11	13	14	15	19	66	
217	5	7	10	11	12	13	13	14	15	16	16	17	18	19	20	21	24	
218	15	17	18	19	20	21	22	23	25	
219	23	
244	57	
245	47	51	52	53	53	55	56	
246	46	47	48	48	49	50	51	52	54	55	58	
247	44	49	51	53	81	85	87	90	95	
248	49	82	85	87	88	90	94	
249	9	12	13	
250	5	7	8	10	11	11	12	14	14	15	16	18	19	19	20	71	
251	4	12	13	15	16	17	18	19	19	20	21	22	23	28	70	
252	21	22	
253	3	
278	53	56	57	
279	35	47	48	49	50	51	51	52	54	55	56	57	58	
280	42	44	46	47	49	49	50	51	53	55	
281	44	45	46	49	83	84	92	93	
282	8	80	85	96	
283	5	6	8	9	10	11	13	13	15	18	24	65	
284	5	7	11	12	13	13	14	15	15	16	17	18	19	20	21	24	
285	16	17	18	19	21	22	23	23	27	
286	22	
312	52	53	56	58	
313	36	46	47	50	51	51	52	54	55	56	57	
314	43	44	45	46	47	48	49	49	50	51	53	
315	41	44	48	48	89	
316	10	86	91	
317	7	9	10	11	12	13	14	66	
318	6	8	10	11	12	12	14	15	15	16	16	18	19	20	23	
319	13	16	17	18	19	20	21	
324	92	98	
325	90	92	95	97	
326	87	91	93	93	97	
327	17	88	92	
346	52	53	55	56	57	
347	43	47	48	50	50	51	51	52	53	54	55	56	58	
348	40	41	43	44	45	46	46	47	49	49	51	53	
349	44	46	48	94	
350	7	10	
351	4	6	8	9	10	11	12	14	15	16	19	
352	7	10	12	12	13	14	15	16	16	17	19	19	20	22	23	27	70	
353	17	18	20	21	22	
355	56	
357	47	52	88	91	95	
358	82	85	87	88	88	90	91	92	94	97	
359	78	81	82	85	86	87	88	89	90	91	93	94	97	
360	9	13	15	83	85	86	87	88	88	89	90	91	95	
361	11	17	86	87	89	90	92	94	96	99	
362	16	86	87	89	91	96	
363	17	
380	52	54	56	58	
381	47	48	50	50	51	51	52	53	54	55	56	58	60	
382	34	36	41	43	45	46	47	47	49	49	50	52	53	55	
383	39	42	44	45	46	48	
384	9	13	72	
385	3	6	8	9	10	11	12	13	14	15	16	18	
386	10	12	12	14	15	16	17	18	20	22	23	
387	16	17	19	22	
389	52	56	59	
390	47	50	51	52	53	56	
391	46	49	51	86	88	90	92	95	100	
392	80	81	83	84	85	87	88	89	90	92	94	96	
393	5	6	9	79	81	82	84	85	86	88	89	96	
394	11	14	80	81	81	82	84	85	86	87	89	92	93	98	
395	8	8	10	12	14	16	19	78	81	82	83	83	84	85	86	88	88	89	91	94	98	
396	11	13	15	16	17	19	82	83	85	87	90	
397	16	17	18	20	
404	66	66	
414	52	
415	51	52	54	54	55	56	57	58	61	
416	42	44	45	47	47	48	49	50	50	51	52	53	54	55	56	57	58	60	
417	38	41	43	43	45	45	46	47	48	49	49	
418	40	71	
419	1	3	8	10	11	13	14	25	
420	6	8	10	11	12	14	15	16	19	87	89	92	95	
421	13	16	17	20	82	86	87	90	92	95	
422	17	57	
423	50	51	51	52	53	53	55	56	57	
424	46	47	48	48	49	50	51	53	54	
425	49	78	82	84	86	90	92	95	
426	79	81	82	84	86	90	
427	9	78	79	80	83	88	96	
428	5	10	79	81	84	89	100	
429	4	7	8	9	10	11	12	13	14	16	18	18	67	79	80	82	84	85	
430	10	12	13	14	15	15	16	16	17	18	19	20	22	25	79	84	99	
431	17	19	20	21	
438	65	
449	52	55	57	
450	47	48	49	50	51	52	53	53	54	55	56	57	59	
451	34	37	42	44	45	45	46	47	47	48	49	49	50	60	
452	36	39	41	43	43	44	45	46	46	47	49	72	
453	5	8	29	73	
454	2	6	9	10	11	13	14	80	82	84	86	89	98	
455	10	12	13	14	16	80	81	82	84	85	86	88	88	90	91	94	98	99	
456	15	16	17	53	55	57	81	85	86	87	88	90	91	93	96	
457	50	50	51	52	53	54	55	56	62	88	90	93	
458	47	48	49	51	53	58	88	90	91	94	97	100	
459	45	82	85	87	88	88	90	92	95	
460	79	88	89	
461	80	85	
462	9	12	13	16	89	
463	5	7	9	10	11	12	14	14	15	16	17	18	18	19	20	25	68	
464	2	12	13	14	15	16	17	18	19	20	21	22	23	24	26	70	
465	21	
484	52	52	54	55	55	56	57	
485	47	49	50	51	51	52	53	54	55	56	57	58	59	61	
486	36	40	42	43	44	45	46	46	47	47	48	49	49	50	51	56	
487	5	31	36	39	41	43	44	45	46	47	48	65	71	
488	10	14	46	69	
489	6	9	10	12	13	14	79	80	81	84	86	
490	1	12	56	79	80	81	83	83	84	85	87	88	89	91	93	97	99	
491	51	52	53	54	81	82	85	86	87	89	90	92	95	99	
492	51	54	81	83	84	85	87	87	89	90	91	92	93	96	
493	81	83	84	86	89	92	96	99	
494	87	
495	15	
496	8	9	11	12	14	16	20	66	
497	1	5	8	10	12	13	14	15	15	16	16	17	18	18	19	20	21	24	25	
498	13	17	17	21	21	23	23	27	
518	55	
519	51	53	54	55	56	58	60	
520	45	48	50	50	51	52	54	54	56	57	58	60	
521	32	38	42	44	45	45	46	47	47	48	48	49	50	56	57	
522	25	31	36	40	42	43	44	45	46	47	49	50	67	71	
523	3	9	26	38	43	72	79	
524	12	79	80	84	86	
525	38	51	54	79	80	81	83	84	85	87	89	90	99	
526	80	81	82	84	85	87	89	91	94	
527	78	81	85	89	
528	66	79	
529	9	11	13	18	
530	5	7	9	10	11	12	13	14	15	18	27	
531	5	12	13	15	15	16	17	17	18	19	20	21	21	23	23	25	27	
532	21	22	
534	34	34	35	
554	52	54	55	56	58	61	
555	34	48	49	50	51	51	52	53	54	55	56	57	60	
556	37	42	43	43	44	45	47	48	49	50	50	51	53	55	56	57	59	62	
557	31	37	39	41	42	44	44	45	46	47	47	49	49	50	56	58	70	
558	5	24	33	37	40	42	43	46	47	48	51	69	72	
559	20	32	36	39	42	45	46	47	61	68	71	79	80	83	
560	21	39	44	47	50	70	78	80	83	
561	41	44	69	
563	9	10	
564	5	6	7	9	10	11	12	13	13	14	15	18	
565	7	11	13	14	15	16	17	19	20	21	24	
566	16	17	18	20	22	
589	51	53	55	58	
590	50	51	52	54	55	56	61	
591	33	42	44	45	47	48	49	50	51	54	57	59	61	
592	25	38	41	43	44	45	47	48	49	50	52	54	55	56	57	59	61	
593	25	30	38	41	42	44	45	47	48	49	50	51	52	55	56	57	59	65	68	71	
594	23	24	32	35	38	40	42	43	43	44	45	46	46	47	48	49	49	50	52	56	58	61	66	72	
595	21	23	24	26	30	37	40	42	44	45	46	46	47	48	48	49	67	70	
596	22	44	46	71	
597	5	8	14	
598	4	6	8	10	11	12	14	15	23	
599	10	11	12	13	13	14	15	16	17	19	20	24	87	90	
600	16	17	18	19	21	25	
601	18	
625	55	
626	53	54	
627	51	52	55	57	59	
628	24	33	44	47	48	50	51	52	52	54	55	56	56	57	59	60	
629	38	39	42	43	43	44	45	46	47	47	48	48	49	49	50	51	53	55	56	60	
630	32	37	40	42	44	44	46	47	48	49	72	
631	4	44	66	
632	3	7	9	10	12	13	15	
633	4	7	9	10	11	12	14	14	15	16	17	24	81	83	83	85	88	89	100	
634	12	13	16	16	17	18	18	19	20	21	24	81	97	
655	25	
657	16	18	
662	52	54	55	56	58	60	
663	33	45	47	48	49	50	50	51	52	53	54	55	57	60	62	
664	36	41	43	44	44	45	46	47	47	48	48	49	49	50	
665	31	38	41	44	44	45	46	47	48	49	73	
666	4	8	10	13	44	70	
667	5	7	9	11	11	12	13	14	15	15	23	80	87	99	
668	12	13	14	15	16	18	19	21	25	83	85	87	89	90	92	95	
669	16	18	22	88	90	92	
670	17	
691	15	
696	52	58	
697	50	51	52	53	53	54	55	55	56	57	61	
698	41	45	47	47	48	49	50	50	51	54	56	56	59	61	
699	31	35	39	41	42	43	44	45	46	46	47	48	49	50	58	68	
700	30	38	41	43	44	46	48	
701	2	5	8	8	10	11	14	71	
702	9	11	12	13	14	15	21	80	82	84	86	88	90	96	99	
703	12	14	16	81	85	87	88	89	91	95	99	
704	17	83	87	91	92	95	98	
705	17	
732	50	51	52	53	53	54	55	56	58	60	
733	35	45	47	48	48	49	50	51	52	54	56	57	60	62	
734	29	33	37	40	42	43	44	45	45	46	47	48	49	50	56	58	68	
735	5	24	29	37	39	41	42	43	44	46	46	48	67	73	
736	7	11	13	24	70	80	83	
737	7	8	10	14	79	81	82	83	85	86	89	93	98	
738	9	11	12	13	15	18	80	81	82	84	85	87	88	89	90	91	94	96	
739	15	16	16	17	18	26	81	83	85	87	89	94	
740	17	
767	52	53	55	57	
768	45	51	52	53	53	54	55	56	58	59	
769	33	42	44	45	46	47	48	48	49	50	51	52	54	56	57	60	63	
770	24	28	33	37	39	41	42	43	44	45	46	47	48	49	50	59	72	
771	9	14	20	23	33	40	42	43	46	68	68	73	78	79	84	
772	5	6	8	9	11	12	14	14	15	20	21	27	29	38	70	79	80	81	84	
773	12	13	15	18	18	19	20	21	26	71	80	
774	22	
802	55	
803	50	52	54	61	
804	45	50	60	
805	45	48	61	63	
806	3	11	23	24	44	75	
807	23	24	
1163	38	
1170	30	
1171	67	
1173	103	
1177	10	
1187	68	
1193	2	
1200	37	
1202	36	
1203	47	
1211	12	
1214	77	
1218	98	
1222	2	
1233	38	
1234	38	48	
1235	16	18	19	41	44	
1236	18	19	21	31	36	38	42	45	47	48	60	66	70	
1237	22	41	50	58	73	
1238	46	
1241	8	
1244	85	
1246	9	
1247	99	
1248	24	
1266	18	
1267	11	14	
1268	11	14	17	18	27	38	39	41	58	68	
1269	12	16	17	18	19	20	22	23	33	38	41	45	47	52	55	57	60	64	67	73	
1270	17	19	20	21	25	27	37	42	43	45	46	47	48	50	51	54	56	63	
1271	21	23	24	41	43	45	46	47	48	49	57	69	
1272	43	43	46	52	
1273	49	76	
1275	78	
1300	10	13	
1301	10	13	15	16	
1302	7	9	11	12	13	14	15	16	17	18	19	20	23	39	
1303	12	15	17	18	19	20	21	22	24	27	52	55	57	62	72	
1304	18	21	22	24	45	48	50	53	53	55	57	61	
1305	25	43	44	45	46	47	49	49	50	52	54	
1306	44	49	57	61	93	
1307	50	
1311	8	
1312	48	
1327	66	
1334	9	11	14	
1335	9	11	12	13	13	14	16	18	18	19	22	26	
1336	7	10	11	12	14	15	15	16	16	17	18	19	20	22	23	25	
1337	13	17	18	20	21	22	24	52	53	55	56	
1338	23	46	48	49	50	51	52	54	55	56	
1339	45	47	49	50	51	53	55	88	91	93	96	
1340	51	87	89	92	97	
1342	32	
1347	14	
1356	3	
1357	1	
1367	16	
1368	9	12	15	20	
1369	5	7	9	10	11	12	13	14	15	16	17	18	19	67	
1370	12	13	16	17	17	18	19	20	21	24	56	57	
1371	18	21	22	48	50	51	52	53	54	55	57	
1372	46	47	49	49	51	53	
1373	45	46	49	54	81	83	85	86	88	89	90	92	96	
1374	79	82	83	87	90	
1375	6	52	
1385	9	
1401	10	19	
1402	6	9	10	12	13	15	16	19	21	24	
1403	4	7	9	10	11	12	14	15	16	17	18	18	19	20	23	
1404	13	15	16	17	17	19	20	22	23	25	52	53	58	
1405	22	46	47	49	50	51	52	54	55	56	
1406	44	46	49	50	52	54	87	90	92	95	
1407	49	79	81	83	85	87	90	92	95	
1408	82	86	
1410	76	
1421	66	
1431	36	
1434	10	
1435	8	12	25	
1436	9	10	11	12	14	15	17	25	
1437	7	12	15	16	16	17	19	19	21	24	26	56	
1438	17	18	20	21	22	24	48	52	53	53	54	55	56	58	
1439	42	47	47	49	50	51	52	54	55	59	
1440	44	47	48	50	54	81	84	86	89	99	
1441	47	79	86	90	
1442	83	
1443	17	
1445	37	
1446	46	
1447	47	
1453	16	
1454	80	
1469	10	15	16	
1470	5	7	10	11	12	13	13	14	15	16	18	21	67	
1471	8	12	12	14	15	16	17	17	18	19	20	22	53	56	
1472	18	20	22	23	37	48	50	51	52	53	54	55	56	58	
1473	43	45	46	47	48	49	49	50	52	
1474	44	47	49	49	51	78	84	92	94	
1475	81	84	91	
1476	50	
1478	18	33	
1479	19	38	39	
1480	16	18	21	42	46	51	57	69	
1481	19	22	29	36	39	42	47	49	71	
1482	22	40	48	49	
1483	38	47	64	
1484	32	
1487	8	
1503	10	
1504	1	5	6	8	8	9	10	11	12	13	14	15	25	
1505	12	13	15	15	16	16	17	19	20	21	26	56	
1506	17	18	20	21	23	50	51	52	53	53	54	55	56	61	
1507	42	44	46	47	48	49	50	51	52	54	
1508	44	48	48	50	54	59	86	88	
1509	46	59	
1512	32	37	
1513	7	12	14	16	18	20	36	42	67	73	
1514	16	17	19	20	21	24	26	32	35	36	40	43	46	48	51	57	59	64	
1515	18	20	21	23	25	39	42	45	46	47	49	52	53	56	60	65	70	
1516	21	23	23	38	41	43	45	46	48	49	51	58	64	67	69	
1517	25	28	40	43	46	47	49	51	58	64	73	
1518	43	49	53	68	
1525	14	
1537	10	13	20	
1538	4	7	9	10	11	14	15	
1539	7	7	11	12	13	14	15	16	20	23	52	55	57	87	91	101	
1540	16	17	19	21	38	50	51	52	53	53	54	56	59	62	88	
1541	41	44	46	47	48	48	49	50	54	56	60	
1542	37	40	43	45	47	49	84	
1546	10	12	14	
1547	7	9	11	12	14	15	16	18	18	19	20	23	24	28	
1548	13	15	16	17	17	19	20	20	21	22	24	44	63	64	68	
1549	21	22	24	33	43	45	48	49	51	52	54	56	58	61	
1550	22	25	35	42	44	45	47	49	50	51	53	54	55	56	
1551	23	23	41	44	46	47	48	48	49	50	55	58	
1552	44	45	47	49	51	54	
1566	72	
1568	87	
1572	5	6	9	11	14	24	
1573	1	6	7	10	10	11	12	13	14	15	17	52	57	81	83	86	90	97	
1574	13	15	16	17	18	20	23	50	51	52	53	53	55	57	60	82	85	87	88	90	93	97	
1575	17	36	40	42	44	45	48	49	50	50	51	53	54	57	60	
1576	33	37	39	42	44	45	46	48	49	50	51	
1577	42	43	45	47	53	59	68	
1578	47	
1579	9	14	
1580	5	6	9	10	12	14	15	16	17	18	20	67	
1581	11	12	13	14	15	15	16	16	17	19	20	21	22	23	26	
1582	18	19	20	21	22	24	
1583	51	52	55	56	57	
1584	50	51	52	52	53	55	59	
1585	47	48	49	50	51	52	53	55	56	
1586	45	46	50	55	92	95	
1588	45	
1590	33	
1606	8	13	
1607	6	10	11	13	13	14	16	26	82	83	90	
1608	6	8	11	12	14	15	16	52	53	54	55	58	80	81	82	83	85	86	88	90	91	93	97	100	
1609	16	18	19	21	51	52	54	55	56	58	60	87	88	90	91	96	
1610	18	32	41	42	44	45	46	47	48	48	49	49	50	50	52	54	55	56	60	
1611	33	39	42	44	45	46	47	48	49	52	61	68	69	
1612	25	31	39	43	44	46	49	75	
1613	11	14	25	41	64	66	70	
1614	8	9	10	11	13	14	15	16	17	19	20	21	25	26	68	
1615	1	8	12	13	15	17	18	19	20	21	23	24	26	
1616	20	21	22	24	
1617	52	53	58	
1618	46	47	48	49	50	51	52	53	54	55	
1619	45	46	49	50	52	87	92	96	
1620	48	57	87	91	96	
1621	81	
1624	47	47	47	
1625	49	
1628	87	
1640	4	11	
1641	10	21	88	98	
1642	7	8	10	12	14	15	79	80	83	84	86	92	
1643	12	13	15	15	16	52	55	80	81	82	84	85	87	88	89	90	91	94	96	99	
1644	16	17	35	51	52	53	55	57	59	87	88	91	96	
1645	14	16	18	35	42	45	47	49	51	52	54	60	
1646	25	37	38	42	43	44	46	47	48	50	62	67	
1647	9	20	27	29	44	
1648	5	7	10	11	13	14	15	16	18	19	21	23	24	70	
1649	13	21	22	24	26	
1650	53	57	
1651	48	50	51	52	54	55	56	
1652	43	44	46	47	49	49	50	51	52	53	55	56	59	
1653	49	50	57	81	83	85	86	89	90	93	95	
1654	51	79	82	84	86	90	95	
1655	53	
1659	58	
1660	33	
1676	5	8	8	11	81	89	
1677	2	9	11	12	13	15	78	79	80	82	84	85	88	90	94	
1678	7	11	12	14	16	18	53	55	80	81	82	84	85	87	88	89	90	92	93	95	97	100	
1679	16	18	51	54	60	87	88	89	90	91	95	97	
1680	16	25	
1681	10	13	16	24	64	
1682	14	21	23	25	
1683	22	
1684	53	55	56	57	
1685	36	48	50	51	52	52	53	54	55	59	
1686	42	44	46	49	49	50	52	54	56	
1687	45	48	78	82	85	89	
1688	48	80	85	89	
1698	101	
1699	102	
1701	45	
1710	11	
1711	5	10	14	22	79	85	96	
1712	6	10	12	14	78	79	80	81	83	84	86	
1713	6	8	10	11	12	14	15	78	80	81	83	83	84	86	87	89	90	94	
1714	14	86	87	88	89	90	91	93	93	95	101	
1715	17	87	88	90	91	93	97	
1716	70	92	95	98	
1717	18	88	97	
1718	52	55	56	56	58	
1719	37	47	47	48	50	51	51	52	53	54	55	56	
1720	42	43	44	45	46	47	48	49	51	53	
1721	43	44	47	49	
1722	64	85	
1723	89	
1724	44	
1726	24	
1727	22	23	23	
1729	11	
1731	96	96	96	
1739	31	
1743	99	
1745	9	83	
1746	8	79	85	88	93	
1747	2	9	13	14	79	81	85	90	97	98	
1748	2	10	12	15	78	80	81	82	84	85	87	90	96	98	
1749	10	13	14	16	77	81	81	83	85	86	87	89	91	95	100	
1750	11	15	81	82	83	85	86	87	88	89	90	91	94	96	
1751	10	13	15	82	83	86	87	88	89	89	91	93	95	97	
1752	16	19	52	56	57	86	87	89	89	90	92	95	
1753	16	17	48	50	50	51	52	53	53	54	55	56	57	59	
1754	37	38	42	44	44	45	46	47	48	49	49	50	51	
1755	44	45	47	48	50	53	
1756	44	74	
1765	98	
1769	80	
1771	24	
1777	42	
1781	4	8	12	82	
1782	9	79	81	84	88	93	
1783	78	79	80	82	84	86	88	97	
1784	9	13	79	80	81	82	83	84	86	88	95	99	
1785	6	9	10	11	14	77	79	80	80	81	82	84	85	87	89	90	94	100	
1786	7	12	13	14	15	15	16	19	53	82	84	85	86	87	88	89	91	95	98	
1787	16	16	17	18	20	51	51	52	53	54	54	55	56	58	60	86	88	90	91	96	
1788	42	45	46	47	48	50	52	54	55	56	
1789	41	43	44	45	46	47	48	48	49	50	53	55	
1790	44	50	
1791	49	
1795	39	
1815	89	
1816	89	
1817	78	
1818	17	78	80	86	94	
1819	10	79	83	84	
1820	7	9	10	11	12	13	14	79	80	82	83	85	87	88	97	99	
1821	12	13	15	16	18	19	21	51	52	53	55	55	56	57	80	81	82	83	85	86	87	89	90	94	98	101	
1822	16	17	19	35	37	48	50	51	52	52	54	54	56	58	60	88	91	96	
1823	33	41	43	44	45	46	47	47	49	50	51	53	55	
1824	39	45	47	48	51	68	
1825	39	44	48	
1826	46	
1828	50	
1831	76	
1833	55	
1834	90	
1838	77	
1840	100	
1849	6	
1850	103	
1853	13	
1854	5	6	9	10	13	15	79	85	
1855	7	9	11	12	14	17	52	78	79	80	82	83	85	87	89	95	
1856	8	13	18	22	50	51	51	53	53	54	56	57	61	80	81	82	85	87	89	91	93	93	96	99	
1857	16	17	49	50	51	53	55	57	59	87	89	91	92	98	
1858	32	37	41	45	47	48	48	49	50	52	56	
1859	23	31	37	41	43	43	45	47	49	52	57	59	63	67	71	
1860	42	47	49	
1861	46	71	
1863	66	
1883	3	4	4	
1884	104	
1885	85	
1887	100	
1888	8	14	84	96	101	
1889	1	10	13	80	85	90	
1890	7	10	12	13	15	80	81	83	83	85	87	88	90	97	99	
1891	7	12	16	52	54	55	81	83	84	85	86	87	88	89	91	94	98	
1892	16	18	50	51	53	54	56	57	60	63	87	88	90	91	95	97	
1893	16	24	43	44	45	47	48	49	50	52	57	59	
1894	43	44	45	46	48	49	51	73	
1895	49	
1896	49	
1905	59	
1911	22	
1922	1	
1923	11	83	
1924	5	13	14	79	81	84	96	
1925	8	9	10	14	17	78	79	80	81	82	84	85	89	97	
1926	7	12	14	15	53	78	81	82	84	85	87	89	92	95	100	
1927	51	51	52	54	55	57	86	87	88	89	90	91	93	95	97	
1928	45	49	50	55	87	88	89	90	91	95	97	
1929	52	91	
1931	42	
1944	85	94	
1958	89	
1959	4	6	10	80	83	88	
1960	11	79	80	83	86	
1961	78	80	81	83	83	84	86	89	96	100	
1962	53	78	82	85	87	89	91	97	99	
1963	82	88	89	96	
1966	21	28	
1973	11	66	
1978	2	
1993	88	
1994	81	83	
1995	79	82	84	
1996	79	80	82	84	86	88	92	
1997	79	85	
2025	52	
2028	99	
2029	90	101	
2030	85	92	
2031	84	
2033	103	
2047	60	
2049	55	
2052	68	
2055	1	
2075	59	
2081	101	
2086	1	
2105	97	
2109	10	
2121	3	
2135	36	
2152	2	
2179	8	34	
2249	9	
2275	13	
