84	73	
112	38	
118	74	
145	33	
152	79	
156	88	91	96	
157	91	
158	92	96	
186	94	95	
187	57	
188	52	56	
189	49	90	92	95	
190	9	86	87	89	90	91	93	93	95	101	
191	9	86	87	88	88	90	91	92	93	95	97	101	
192	11	83	87	89	90	91	93	93	95	97	
193	87	88	90	91	93	94	96	
194	16	91	92	94	97	
195	16	
219	6	
221	52	56	57	59	
222	46	47	51	52	53	54	56	
223	45	46	47	48	49	51	85	87	88	90	95	98	
224	11	46	49	78	79	80	81	83	83	85	86	87	88	89	91	95	98	
225	78	80	81	82	83	85	86	87	88	89	91	94	
226	8	12	13	80	81	82	84	85	86	87	88	89	90	91	96	100	
227	8	10	15	81	82	83	84	85	86	87	88	89	90	91	94	97	98	
228	7	11	13	14	16	82	85	86	87	88	89	91	92	94	96	98	
229	13	16	16	19	87	89	92	94	98	
230	17	
249	24	93	
250	21	21	22	23	
255	52	55	56	57	58	59	60	62	
256	50	51	52	53	53	54	54	55	56	56	57	58	59	63	
257	44	45	46	47	47	49	49	50	51	51	53	53	56	61	71	83	86	
258	44	45	46	46	48	49	50	80	81	84	85	88	99	
259	79	80	81	83	85	87	88	94	
260	6	9	79	80	81	84	85	87	88	90	
261	9	10	79	80	81	82	84	85	86	88	94	
262	7	9	10	11	12	13	14	15	16	19	79	80	82	83	85	86	88	88	89	97	
263	7	12	14	15	16	17	18	19	80	82	84	86	87	89	92	96	
264	16	17	18	20	
281	91	
282	91	93	96	
283	86	87	90	92	95	
284	86	87	90	91	92	94	96	
285	83	87	88	90	92	94	96	
286	16	87	90	92	96	
287	16	
290	51	52	53	54	55	56	56	57	58	58	59	61	63	
291	47	48	49	50	50	51	52	52	54	54	55	56	59	
292	42	44	45	46	46	47	48	48	49	50	53	56	59	69	73	
293	44	46	49	55	69	80	84	
294	78	81	84	
295	9	13	78	80	85	95	
296	2	4	6	10	11	14	78	80	83	87	93	96	
297	6	8	10	11	12	12	14	14	15	16	17	19	80	81	84	86	89	91	
298	16	17	17	19	20	21	90	
299	18	
312	56	
313	92	96	
314	88	91	92	95	
315	87	88	89	90	92	93	95	
316	82	85	86	87	88	88	89	90	91	95	100	
317	46	48	80	82	83	84	85	86	87	88	89	93	95	98	
318	46	81	82	83	84	85	86	87	88	89	90	91	93	96	98	
319	8	10	12	13	15	81	82	84	86	87	89	90	91	94	96	99	
320	6	12	14	16	18	82	86	87	88	88	89	90	92	93	95	97	99	
321	16	19	87	88	89	91	93	96	
322	17	
324	52	57	60	62	
325	51	52	52	53	54	55	56	56	57	58	58	59	60	61	
326	45	46	47	48	49	49	50	51	51	52	53	54	57	60	71	75	
327	43	43	44	45	46	46	47	48	49	51	54	68	72	
328	101	
329	5	
330	8	9	11	13	19	30	85	
331	7	9	10	11	12	12	13	14	15	16	16	18	19	20	79	81	84	99	
332	12	15	16	17	18	18	19	20	20	21	23	24	26	
345	58	
346	47	52	96	
347	51	53	53	83	87	90	91	94	96	
348	81	83	85	86	87	88	89	90	91	94	97	98	
349	16	19	28	42	58	80	81	82	84	85	86	89	89	93	99	
350	17	18	18	19	20	33	35	43	45	46	49	52	56	57	60	64	70	79	80	81	83	83	85	86	
351	19	20	21	26	28	43	45	48	49	51	53	54	56	57	58	70	79	80	81	85	
352	22	45	45	47	47	49	50	51	51	70	72	79	80	84	
353	4	7	10	44	45	46	48	48	49	50	72	79	80	82	83	85	87	88	
354	7	9	10	12	14	79	80	81	82	83	84	85	86	89	90	92	94	
355	7	11	12	14	15	17	18	81	82	84	85	87	88	90	93	
356	16	17	17	19	21	
359	52	55	57	58	60	62	
360	48	50	51	51	52	52	53	54	55	56	56	57	58	59	62	
361	45	46	47	49	49	50	51	52	53	55	
362	43	45	46	48	49	51	64	
363	11	15	
364	4	6	9	10	12	14	15	16	18	
365	8	11	11	12	13	13	14	15	16	16	17	18	19	20	22	24	
366	16	17	19	20	21	22	23	24	26	
378	57	
379	47	51	52	55	56	58	
380	46	47	49	51	52	54	87	90	92	93	97	
381	48	81	82	85	86	87	89	90	91	93	96	
382	7	9	11	14	16	29	34	40	79	81	83	84	85	87	89	
383	6	11	12	14	15	16	16	17	18	19	19	23	70	78	80	84	
384	18	21	22	23	57	73	78	
385	22	23	23	52	54	55	56	56	57	58	59	60	62	64	73	
386	47	49	50	51	51	53	53	54	55	57	60	72	
387	9	45	47	48	49	50	51	
388	9	10	11	13	14	48	79	80	84	88	
389	7	10	11	12	13	14	15	15	16	17	17	18	19	20	78	80	84	86	
390	13	16	17	18	18	20	20	21	23	24	27	
393	56	57	58	60	63	
394	51	52	52	53	54	55	56	57	59	61	
395	47	48	48	49	50	50	51	53	54	55	56	61	
396	48	49	50	54	
397	10	13	25	
398	7	8	10	11	12	14	14	15	16	19	20	
399	12	13	13	14	15	16	17	17	18	19	19	20	21	23	23	25	28	70	
400	18	20	21	22	
412	55	57	58	61	
413	48	51	51	52	53	54	55	56	59	62	
414	46	48	49	50	51	53	55	86	90	95	
415	7	8	10	14	80	82	84	85	89	93	
416	7	10	11	12	13	13	14	15	15	16	17	18	19	20	71	79	82	
417	12	15	17	17	19	20	21	22	23	24	
418	22	57	
419	52	55	56	57	58	59	61	
420	50	51	52	52	53	54	55	60	
421	49	49	50	53	
422	5	7	9	10	11	13	13	14	19	84	
423	7	10	12	13	14	15	16	16	17	18	19	20	20	22	24	27	
424	18	20	21	23	
427	53	57	58	62	
428	51	51	52	54	55	56	57	59	60	
429	46	48	49	50	51	51	52	53	54	64	
430	49	53	
431	9	10	
432	4	6	7	9	10	11	12	13	13	14	15	15	16	18	19	23	
433	16	17	17	18	19	19	20	21	22	24	25	
434	17	22	
446	52	53	56	57	58	59	61	
447	47	48	51	51	52	53	54	55	55	56	59	
448	46	47	49	49	50	54	64	83	87	90	92	93	
449	8	8	10	11	12	13	14	81	85	88	
450	7	11	12	13	14	15	16	16	17	19	20	24	26	
451	18	20	22	23	
452	56	58	
453	52	54	55	56	57	61	
454	49	50	51	52	53	54	55	90	92	96	
455	9	14	39	49	64	87	90	92	95	
456	5	7	10	11	12	13	14	14	15	16	17	18	19	28	70	
457	12	13	16	17	18	19	20	20	21	22	24	25	
458	22	
460	58	
461	52	56	57	60	
462	50	51	52	53	53	54	55	56	57	59	62	92	
463	49	50	51	54	92	95	
464	9	49	
465	9	10	12	14	
466	3	7	10	11	12	13	14	14	15	16	17	18	19	20	24	
467	13	15	16	17	17	18	19	20	21	22	25	
468	23	
480	52	56	56	57	58	59	60	62	
481	47	48	50	51	52	53	53	54	55	55	
482	8	45	46	47	48	49	50	84	87	91	
483	5	6	9	10	11	12	13	14	15	86	93	
484	8	11	12	13	14	15	16	17	18	19	
485	16	17	19	21	23	
486	52	55	56	58	60	
487	50	51	52	53	54	92	95	
488	51	53	81	85	86	87	88	90	91	93	94	
489	8	9	10	11	14	15	17	19	82	84	86	88	
490	5	8	12	13	14	15	15	16	16	17	18	18	19	20	21	24	26	
491	20	21	22	23	24	
492	23	
494	56	58	
495	51	52	55	56	57	63	
496	50	51	52	53	54	61	88	91	93	95	
497	47	49	52	54	60	82	85	87	88	88	90	91	93	94	96	99	
498	9	15	90	
499	9	10	11	13	14	15	16	19	
500	3	5	6	7	10	11	12	13	14	15	16	16	17	19	19	22	24	
501	12	16	17	17	18	18	20	21	22	23	24	41	
513	58	
514	52	53	55	56	56	57	58	59	60	62	
515	37	43	47	48	50	51	51	52	52	53	54	55	56	59	
516	44	45	46	47	48	49	49	50	51	53	85	
517	7	8	10	11	14	15	46	70	81	
518	7	11	12	13	14	15	15	16	19	90	92	96	
519	18	22	91	93	98	
520	51	53	54	88	92	93	93	96	
521	50	54	59	82	85	86	87	88	89	90	91	92	94	97	98	
522	10	16	80	82	83	85	86	87	89	99	
523	4	6	8	11	12	13	14	14	15	16	17	18	18	19	20	70	81	84	
524	13	16	17	18	19	20	21	21	23	24	
525	22	23	
528	53	56	58	58	98	
529	52	54	57	63	87	90	91	93	95	97	
530	46	51	53	55	82	85	86	88	89	91	95	97	99	
531	37	39	46	47	49	55	80	82	83	85	86	99	
532	8	18	45	46	48	49	87	90	
533	5	6	8	10	11	12	14	15	18	19	
534	6	11	12	13	13	14	15	16	16	17	18	19	20	22	24	26	69	
535	17	19	20	21	21	22	25	26	
548	55	56	57	58	58	59	
549	37	48	50	51	52	52	53	54	55	55	56	57	58	59	59	61	
550	44	45	46	47	48	49	49	50	51	53	56	71	
551	4	10	13	43	45	46	46	47	48	50	69	73	
552	8	11	12	15	80	82	83	86	90	96	100	
553	81	83	86	87	88	90	91	92	94	96	
554	54	81	82	85	86	87	88	89	90	91	92	94	96	98	99	
555	8	19	81	82	84	85	86	87	89	90	94	
556	9	10	11	13	13	14	16	17	19	20	29	70	80	84	
557	12	15	16	17	18	19	20	21	22	23	25	72	
558	22	23	24	
560	57	
561	56	93	
562	53	54	83	87	88	90	91	92	93	96	
563	36	40	55	59	81	83	83	85	86	87	88	88	90	91	93	95	
564	16	30	42	52	53	57	60	67	81	82	83	85	86	89	94	
565	16	17	18	19	20	21	32	36	42	45	47	49	50	56	58	61	70	71	84	
566	9	13	15	16	18	19	20	21	22	25	27	30	44	45	47	49	50	68	70	72	75	
567	6	10	11	12	13	14	14	15	17	18	19	20	21	23	24	39	44	45	46	49	68	70	72	
568	12	14	19	20	20	21	22	23	24	27	70	
569	21	22	
582	58	62	
583	51	52	55	55	57	57	59	60	62	
584	34	49	50	51	52	52	53	53	54	55	56	57	57	58	59	60	73	
585	8	41	43	45	46	47	48	48	49	49	50	50	51	52	54	56	57	58	67	69	
586	2	42	43	44	45	46	46	47	48	48	49	50	57	70	
587	45	46	47	79	81	82	84	86	89	90	98	
588	78	78	79	81	82	83	83	85	86	87	89	91	95	
589	8	9	11	12	13	14	17	78	80	81	82	84	86	89	98	
590	5	7	10	12	12	14	15	16	17	18	20	21	24	25	
591	22	25	
592	92	98	
593	87	91	92	96	
594	87	90	91	92	94	96	
595	53	83	86	87	88	88	89	90	91	93	94	96	98	99	
596	16	41	80	82	83	85	85	87	87	88	89	90	94	96	99	
597	6	9	12	14	16	17	18	19	26	41	45	68	71	79	81	82	84	85	87	89	100	
598	6	12	14	16	17	18	19	20	20	21	23	27	34	45	69	72	79	82	84	
599	17	20	21	22	24	25	52	62	64	73	
600	20	22	23	23	25	50	
601	20	22	23	25	
602	22	24	
603	23	
609	101	101	102	
617	58	61	
618	52	53	54	55	56	58	59	61	
619	34	50	52	53	54	54	55	55	56	56	57	58	59	61	62	74	
620	25	36	42	44	45	47	49	50	50	51	52	54	55	56	56	57	58	68	68	74	
621	27	30	44	45	46	46	47	47	48	49	49	50	52	57	70	78	80	84	
622	3	11	13	43	44	46	47	48	49	69	79	80	81	84	
623	5	8	8	10	11	14	15	46	87	
624	11	13	14	15	17	88	91	96	
625	86	87	89	90	91	95	
626	82	87	88	89	90	92	94	96	
627	81	83	85	86	87	88	89	90	91	92	94	97	99	
628	43	47	81	82	84	85	86	87	88	89	90	93	95	98	
629	8	17	42	46	78	79	81	82	83	84	85	86	87	89	90	
630	9	11	13	13	14	16	17	17	19	19	20	68	71	80	81	83	84	86	
631	11	12	14	15	17	18	19	20	21	22	23	24	27	44	72	83	
632	18	21	22	23	23	24	
633	22	25	
643	1	2	2	
653	54	55	57	58	60	62	
654	51	52	53	53	54	55	56	57	58	58	59	60	62	73	
655	31	35	42	48	50	50	51	52	53	54	54	55	56	56	57	58	59	61	67	73	73	
656	36	41	44	44	45	46	47	47	49	49	50	51	57	59	68	70	
657	5	14	42	43	44	45	46	47	47	48	49	56	71	
658	7	10	21	26	41	46	47	48	70	82	85	89	101	
659	19	40	46	81	83	85	86	87	88	89	94	98	
660	37	41	46	48	58	67	81	82	84	85	86	86	89	90	93	95	101	
661	16	18	19	20	34	42	45	48	50	61	67	69	78	80	81	82	84	85	86	88	89	
662	10	17	18	19	20	20	26	39	44	45	47	50	69	71	80	81	83	83	84	85	88	
663	7	9	10	11	13	13	14	16	18	18	19	20	20	22	23	27	42	44	45	49	67	69	70	79	81	84	
664	11	12	14	15	17	19	20	21	22	23	25	28	70	
665	21	22	24	
666	23	
688	58	61	
689	33	53	54	55	56	57	59	61	
690	24	50	51	52	53	54	55	55	56	56	57	59	60	61	67	72	74	
691	24	25	29	37	42	45	47	48	49	50	51	52	54	56	57	59	61	66	72	
692	2	19	22	29	44	45	47	48	49	50	53	55	56	58	62	66	68	71	
693	13	19	20	22	26	41	43	44	45	46	48	48	49	50	59	67	69	71	80	81	84	
694	8	8	11	14	15	18	18	19	20	22	27	28	40	44	45	48	49	61	69	72	79	80	82	83	85	88	
695	10	12	14	15	16	19	20	20	21	22	24	25	45	69	71	79	81	
696	11	15	17	19	21	22	23	24	24	26	63	72	
697	22	23	24	25	72	73	
698	2	21	23	25	
699	23	
723	55	
724	55	61	
725	25	51	55	61	
726	24	55	61	72	73	
727	14	20	23	23	24	54	74	
728	14	21	24	72	
729	21	23	24	25	
762	25	
797	74	
1158	27	
1161	23	
1162	97	
1164	22	
1167	32	
1188	73	
1202	71	
1208	53	
1235	32	
1236	23	51	
1237	9	
1240	71	72	
1241	73	
1243	14	14	
1249	56	
1251	67	
1264	30	
1267	28	
1268	40	
1271	28	
1277	44	
1278	33	
1279	43	46	50	
1280	46	56	69	
1282	8	
1287	81	
1292	1	
1294	3	
1309	19	27	
1310	41	
1311	18	39	
1312	20	39	45	46	47	51	56	71	
1313	26	33	42	44	47	48	70	
1314	41	47	49	52	69	
1315	46	48	50	
1317	48	70	96	
1318	69	
1327	70	
1328	16	
1335	42	
1336	98	
1342	97	
1343	14	26	
1344	18	
1345	15	16	18	19	20	23	36	43	45	58	61	
1346	18	19	19	21	22	24	26	53	57	60	72	
1347	21	22	23	28	29	37	41	43	45	46	48	48	50	53	55	56	57	58	61	66	69	73	
1348	30	34	44	45	46	47	49	51	55	57	58	61	67	70	
1349	20	23	24	41	44	46	47	48	48	49	51	54	57	59	71	
1350	44	45	46	47	48	49	51	71	
1351	44	46	
1355	70	
1360	1	
1365	2	
1372	57	
1373	46	
1374	9	
1375	58	
1376	14	
1378	8	10	11	13	14	15	
1379	8	11	13	14	15	16	16	18	19	20	21	23	25	29	
1380	16	17	18	20	21	22	24	55	60	65	72	
1381	23	24	30	53	54	57	59	60	62	72	
1382	22	24	28	45	49	51	52	55	56	57	58	60	70	
1383	23	23	32	45	48	49	50	52	53	54	55	56	57	58	60	62	64	69	73	
1384	21	25	43	44	45	47	48	49	49	50	51	52	54	55	56	57	59	68	72	
1385	36	44	46	47	49	50	52	59	70	74	
1386	49	
1387	53	
1402	17	
1403	45	85	
1404	41	45	46	52	
1405	27	39	46	72	
1406	19	20	20	20	38	38	45	46	48	49	57	59	64	66	
1407	27	46	58	79	
1408	46	49	
1409	26	
1411	8	11	13	
1412	6	8	10	11	12	14	15	
1413	7	11	12	13	15	16	18	19	23	24	93	
1414	16	17	19	21	23	24	
1415	18	
1416	60	74	
1417	53	54	55	56	56	57	58	59	61	
1418	43	48	49	50	51	52	54	55	56	58	58	61	
1419	45	46	47	47	49	51	52	53	56	58	71	
1420	4	44	46	48	49	51	
1421	52	65	
1435	16	19	
1436	41	47	
1437	16	18	18	20	41	71	
1438	16	19	21	46	49	56	62	67	70	
1439	17	19	21	23	23	39	43	49	55	57	58	71	
1440	21	25	42	44	47	49	51	53	56	58	58	62	68	71	
1441	22	36	42	45	47	49	50	53	53	56	57	67	71	
1442	26	44	46	47	48	50	51	
1443	44	46	49	71	
1444	46	
1446	7	9	11	15	22	
1447	3	7	8	10	11	12	13	13	14	15	17	80	90	
1448	12	15	15	16	17	18	20	87	89	92	98	
1449	16	17	22	
1451	55	57	59	61	
1452	51	53	53	54	55	56	57	58	59	62	
1453	45	46	47	48	49	50	51	51	52	54	55	72	
1454	49	50	54	
1455	48	
1456	87	
1458	68	
1468	40	
1469	9	16	18	20	26	29	41	
1470	12	15	16	17	19	21	46	69	
1471	10	13	14	16	18	18	20	21	23	23	45	69	
1472	19	20	20	22	25	72	
1473	21	23	25	61	64	
1474	17	21	23	24	32	53	55	58	59	61	
1475	21	23	24	32	50	51	53	54	56	57	59	60	62	
1476	22	43	43	45	47	48	48	49	50	51	52	55	56	57	58	60	69	73	
1477	45	46	47	49	50	51	55	61	
1478	46	49	
1480	10	16	
1481	5	6	8	10	11	13	14	15	81	84	89	94	
1482	6	11	12	13	14	15	17	18	23	79	80	82	84	86	88	89	90	94	
1483	16	17	19	22	87	88	90	91	95	98	
1484	18	
1485	58	
1486	51	52	52	53	54	55	55	56	57	59	60	61	
1487	47	49	50	50	51	52	54	55	56	
1488	48	50	52	
1500	76	
1502	9	12	14	17	18	20	
1503	9	11	13	13	15	16	17	19	20	23	45	
1504	11	18	20	21	22	23	24	56	70	
1505	22	23	25	
1506	25	49	91	93	97	
1507	10	87	90	91	92	95	97	
1508	13	17	88	90	91	94	95	98	
1509	16	17	56	57	58	60	63	
1510	18	50	51	52	53	54	55	57	59	60	73	
1511	45	47	48	49	50	51	52	53	55	57	58	66	72	73	
1512	49	50	
1513	29	55	
1515	9	13	
1516	7	9	10	11	14	15	16	19	80	82	84	86	91	94	
1517	8	11	12	13	15	15	16	17	18	19	21	81	82	85	86	89	90	93	97	
1518	16	17	19	21	27	
1519	57	60	
1520	51	52	53	54	55	56	58	58	59	61	
1521	47	48	49	50	51	52	53	54	55	88	92	
1522	49	
1524	2	
1531	14	
1534	14	
1535	10	13	15	18	
1536	8	8	9	10	12	13	14	15	16	19	22	23	
1537	3	12	16	17	18	18	19	20	21	24	26	56	
1538	21	23	25	46	51	52	56	
1539	48	87	91	92	93	95	
1540	78	82	83	85	86	88	89	90	92	95	99	
1541	10	81	82	83	84	85	86	88	89	96	
1542	8	8	10	11	12	13	14	16	19	81	82	85	87	89	91	93	
1543	12	16	17	18	18	19	60	87	88	91	94	
1544	18	48	51	52	54	55	55	57	58	60	61	
1545	47	49	49	50	52	53	54	55	57	
1546	50	
1549	11	27	97	
1550	3	7	9	10	12	14	15	82	84	91	105	
1551	7	10	11	12	13	13	14	15	16	17	18	19	22	80	83	84	87	88	
1552	16	17	19	20	21	22	27	86	88	
1553	53	56	57	61	
1554	46	47	49	50	51	52	53	54	55	57	58	98	
1555	48	49	50	51	53	55	82	86	88	89	91	95	
1556	55	65	
1558	59	
1568	9	14	
1569	9	10	12	13	15	
1570	7	10	11	12	14	15	16	18	18	19	21	25	28	57	
1571	18	20	21	22	53	55	56	57	58	61	74	
1572	15	23	47	49	50	51	52	54	58	93	97	
1573	47	51	55	80	82	84	85	86	88	90	99	
1574	79	80	82	84	86	88	93	
1575	8	14	79	80	82	85	88	93	
1576	5	6	9	10	11	12	13	14	16	19	20	79	81	84	
1577	12	15	16	17	18	19	20	21	24	56	57	62	79	80	83	
1578	18	22	48	51	51	52	53	54	55	56	58	
1579	49	51	54	90	92	94	
1583	11	15	18	94	
1584	6	9	10	12	14	15	
1585	5	6	8	10	11	12	13	13	14	15	16	17	18	18	19	22	25	26	
1586	16	17	17	20	21	22	57	
1587	23	48	52	53	55	56	56	57	58	59	61	
1588	46	46	47	49	50	50	51	52	54	54	55	56	58	59	89	93	
1589	46	48	51	66	82	84	86	89	94	
1590	81	84	91	95	
1591	35	67	
1594	21	
1601	15	85	
1602	8	13	19	
1603	5	9	10	12	13	14	15	16	18	
1604	7	11	12	14	15	16	17	18	19	21	57	62	
1605	18	20	22	23	47	47	51	52	55	56	58	58	60	
1606	11	45	46	48	49	50	53	55	82	85	87	88	92	95	
1607	46	48	55	80	83	86	89	
1608	40	87	
1609	9	11	14	16	19	22	24	
1610	7	10	11	12	14	15	16	17	18	18	20	21	24	26	29	57	72	83	
1611	13	20	21	22	24	52	53	55	57	59	
1612	23	49	50	52	54	55	56	59	88	90	92	93	96	
1613	49	53	85	87	89	92	95	
1614	82	91	
1617	10	14	41	
1618	9	10	11	14	15	16	18	20	42	
1619	6	8	11	12	13	14	15	16	17	19	19	20	22	24	28	69	
1620	17	18	21	22	23	58	62	
1621	52	55	56	57	58	59	60	62	
1622	47	48	48	49	50	51	52	53	54	56	86	91	94	
1623	49	50	55	81	84	90	93	
1624	51	89	
1636	10	15	77	
1637	5	7	9	9	10	12	14	15	16	25	
1638	13	15	15	16	17	18	19	20	21	25	26	53	56	57	58	59	61	
1639	17	18	21	22	23	50	51	51	52	54	55	56	57	59	61	
1640	36	43	44	45	46	47	48	49	50	51	53	53	55	60	85	
1641	46	48	52	73	85	101	
1642	14	19	41	49	69	
1643	8	9	11	12	13	14	16	18	18	20	24	26	39	
1644	8	12	17	18	19	20	20	21	24	56	62	
1645	21	22	52	53	54	55	58	58	
1646	49	51	54	85	86	87	89	90	91	95	98	
1647	52	55	81	83	85	88	89	
1648	91	
1649	16	
1650	9	13	19	43	
1651	8	11	13	15	16	20	26	
1652	5	9	11	12	14	15	16	17	18	19	20	21	23	26	
1653	7	11	12	13	14	15	17	18	19	20	20	22	24	25	70	
1654	22	24	56	57	61	
1655	51	52	53	53	54	55	56	57	58	59	
1656	47	49	50	50	52	54	55	57	60	90	97	
1657	49	87	88	
1658	78	
1668	23	
1670	8	11	14	
1671	4	6	9	11	12	13	14	15	17	21	26	
1672	12	13	15	15	16	17	18	18	19	21	24	35	57	58	61	
1673	7	17	18	22	51	52	52	54	55	56	57	59	60	
1674	29	41	44	45	47	49	50	51	51	53	53	54	56	73	
1675	8	41	44	46	48	49	68	
1676	8	10	12	14	15	18	19	21	24	39	45	46	49	67	68	73	
1677	11	12	15	15	16	18	19	19	20	22	24	57	72	
1678	23	23	25	52	53	55	57	59	61	
1679	48	50	51	53	54	55	87	90	91	95	97	
1680	49	80	82	83	84	86	88	89	92	94	
1681	42	50	57	82	84	92	93	
1682	14	
1683	17	18	46	
1684	10	15	16	20	41	45	70	
1685	6	9	11	13	14	15	16	18	19	20	22	26	
1686	13	14	15	17	18	19	20	21	22	24	28	
1687	23	23	25	49	
1688	56	57	60	
1689	52	54	55	57	58	62	
1690	49	51	53	55	59	87	88	90	92	94	97	
1691	54	87	
1694	68	
1702	58	
1704	9	
1705	6	9	11	14	15	16	
1706	6	7	12	13	15	17	19	21	24	92	97	
1707	16	17	20	22	52	53	55	55	57	58	59	61	88	92	
1708	18	30	50	51	54	56	58	60	
1709	11	14	43	45	50	66	68	72	
1710	12	14	19	21	24	25	28	57	70	
1711	21	22	24	25	47	52	56	58	69	
1712	22	46	49	51	52	53	55	93	95	
1713	46	48	51	54	82	83	85	86	88	89	90	91	93	98	
1714	55	84	86	90	
1715	12	41	46	49	66	
1716	8	14	17	20	41	46	
1717	10	14	17	19	25	26	38	46	66	69	
1718	11	13	14	15	16	18	19	20	22	25	27	45	72	
1719	11	12	14	15	19	21	22	23	28	69	
1720	22	23	25	74	
1721	87	91	91	92	95	97	
1722	87	89	90	91	92	93	94	95	97	
1723	52	55	87	88	89	90	91	92	93	94	96	98	
1724	53	54	62	82	83	84	86	88	88	89	91	93	95	
1725	83	93	99	
1727	86	
1731	94	95	95	95	96	
1738	10	14	104	
1739	4	8	11	17	21	
1740	6	9	10	11	13	14	15	80	84	86	88	89	95	101	
1741	7	12	13	15	18	20	81	82	85	86	87	89	90	91	92	94	95	101	
1742	16	91	93	
1743	16	17	23	
1744	24	56	57	59	61	74	
1745	36	47	50	51	52	53	53	54	56	58	61	
1746	32	45	46	48	48	49	50	52	54	59	82	86	91	
1747	41	44	47	49	52	57	59	79	81	83	84	86	
1748	17	18	20	31	37	39	45	47	49	69	83	87	
1749	15	16	19	21	43	46	50	59	66	70	84	
1750	11	14	16	18	19	20	23	26	32	42	43	49	65	70	
1751	10	12	14	15	18	18	19	20	22	23	24	50	69	73	
1752	5	15	20	21	22	24	71	
1753	22	24	53	53	91	92	96	
1754	88	89	90	91	93	94	95	
1755	78	82	83	85	86	86	87	88	89	90	92	94	96	
1756	78	80	81	82	84	85	86	87	88	89	89	90	92	94	99	
1757	77	78	81	81	82	85	85	86	88	89	89	91	94	
1758	81	83	84	86	89	92	
1759	83	86	89	93	
1764	55	
1771	18	
1774	7	10	14	21	80	84	89	93	
1775	7	10	12	13	15	78	78	79	81	82	84	85	87	88	90	94	98	
1776	7	9	11	12	14	15	78	82	86	87	89	90	91	95	98	
1777	13	16	17	87	88	91	92	95	97	
1778	16	18	19	35	58	60	62	
1779	50	51	52	53	54	55	57	59	60	62	
1780	45	49	50	51	53	53	55	58	61	70	79	84	
1781	28	44	45	48	49	59	71	
1782	12	14	17	19	20	21	44	50	58	65	69	72	
1783	14	19	21	22	23	26	62	70	
1784	20	21	22	23	56	
1785	5	22	24	25	52	56	59	
1786	50	52	53	55	59	88	91	92	95	98	
1787	54	86	87	88	89	90	92	94	99	
1788	81	83	85	86	87	88	89	91	99	
1789	79	80	81	83	84	85	87	89	
1790	78	79	80	82	83	84	87	89	99	
1791	79	80	82	84	86	89	93	
1792	85	89	
1793	49	
1807	23	
1808	83	84	
1809	13	79	82	84	89	100	100	
1810	8	10	12	14	79	80	81	83	85	87	88	90	93	99	
1811	8	9	10	11	13	13	14	15	16	81	82	84	85	86	88	88	89	91	94	96	99	
1812	16	21	83	86	87	90	90	91	93	93	95	96	
1813	16	18	91	92	97	
1814	55	62	
1815	25	
1816	23	24	
1817	23	74	92	
1818	25	91	92	93	96	
1819	52	87	90	91	92	95	97	
1820	55	87	89	90	91	94	97	
1821	79	80	81	82	83	85	86	89	91	95	98	
1822	58	79	81	84	86	89	97	99	
1823	79	
1826	62	83	
1841	25	
1842	26	
1843	100	
1844	9	80	83	94	
1845	5	9	12	13	78	79	80	82	83	84	86	90	98	
1846	7	8	10	11	14	17	78	79	80	81	82	84	85	86	88	88	89	90	91	95	100	
1847	10	12	83	86	87	88	89	90	91	92	94	96	101	
1848	90	91	91	93	94	96	97	
1849	41	91	92	95	97	
1850	90	91	92	95	96	
1851	87	87	89	89	90	91	93	95	97	100	
1852	78	82	86	87	87	89	89	90	91	95	99	
1853	81	82	84	85	85	86	88	89	89	90	95	99	
1854	79	80	82	84	85	87	89	91	95	
1855	79	82	84	87	89	
1856	86	
1859	2	
1860	61	
1861	88	
1872	4	
1878	85	
1879	13	80	88	
1880	3	79	81	84	86	
1881	11	78	79	80	82	84	85	87	89	90	93	96	100	
1882	80	81	82	85	86	87	88	88	89	91	92	94	96	
1883	80	81	82	86	87	88	88	89	90	91	93	94	98	
1884	81	82	83	85	86	86	88	88	89	90	91	93	98	99	
1885	79	80	81	82	84	85	86	87	88	91	95	
1886	79	80	81	82	83	85	86	89	91	93	
1887	78	80	81	83	84	86	89	
1888	80	83	90	
1890	99	
1904	95	
1905	22	
1907	75	79	
1912	93	
1913	92	
1914	85	
1915	78	82	85	90	
1916	78	79	81	83	84	88	89	
1917	79	80	82	83	85	90	
1918	79	80	81	84	87	89	95	
1919	81	83	86	90	
1920	80	89	
1921	83	
1922	84	
1943	88	
1945	95	
1951	85	
1952	84	
1953	84	
1954	84	
1955	105	
1958	76	
1965	45	
1977	5	
1978	76	
1979	8	
1981	16	
1982	60	
1984	70	87	
1986	84	
2000	27	
2012	6	
2016	98	
2024	70	105	
2033	92	
2048	17	
2067	22	
2068	28	
2077	10	
2084	2	
2090	85	
2092	61	
2098	83	
2101	17	
2109	12	
2122	3	6	86	
2134	28	82	
2137	28	
2145	9	
2146	37	
2181	10	
2191	100	
2215	4	
2224	10	
2252	5	
2265	101	
2281	3	
