16	70	
21	92	
54	87	89	92	96	
55	86	87	88	91	95	
56	16	
86	56	
87	48	50	51	55	
88	82	86	87	89	90	93	95	
89	7	10	11	13	14	77	80	82	84	85	87	88	89	93	
90	16	16	17	18	84	96	
91	17	
119	57	
120	52	54	57	
121	48	49	50	51	53	90	93	94	
122	49	79	81	82	84	86	87	89	90	92	98	
123	6	8	9	10	11	12	14	15	15	16	18	77	79	80	82	83	84	89	
124	2	13	15	16	17	17	18	19	20	25	80	83	
125	17	22	
145	35	
152	58	
153	52	53	56	57	
154	46	47	50	51	52	54	55	57	60	87	97	
155	49	50	54	81	84	86	87	88	90	92	98	
156	6	8	10	11	14	79	81	82	84	85	87	89	
157	6	10	11	12	13	14	14	15	16	17	19	19	23	27	79	
158	2	13	15	16	17	18	19	20	21	22	25	
159	23	
175	34	
186	56	58	
187	51	52	54	56	62	
188	47	49	50	51	52	53	54	62	83	85	87	90	92	93	
189	10	49	80	82	83	85	86	88	89	91	97	
190	7	9	10	11	12	13	14	14	16	18	68	80	
191	8	11	12	15	15	16	17	17	19	19	20	21	23	25	
192	2	18	21	22	24	
220	51	52	56	57	62	
221	46	48	49	50	51	52	53	54	55	60	98	
222	49	50	53	81	83	85	87	90	93	
223	6	9	10	14	16	79	81	83	85	
224	3	6	7	10	11	12	13	14	15	15	16	16	17	19	19	20	21	25	28	71	
225	13	15	17	18	19	20	21	22	23	24	
226	21	22	
250	98	101	
253	57	
254	51	52	54	57	59	
255	47	49	50	51	51	53	54	82	87	88	90	94	
256	49	82	85	86	88	89	91	98	
257	6	8	9	10	11	12	14	14	18	83	
258	13	15	16	16	17	17	19	20	21	24	27	
259	18	21	22	
287	52	56	
288	50	51	52	53	53	54	55	56	58	91	
289	47	48	50	51	54	82	84	86	87	89	92	93	
290	8	10	80	82	84	85	90	95	
291	4	7	8	10	11	11	12	13	14	14	15	16	16	17	19	23	78	
292	13	15	16	16	17	18	19	20	20	21	26	
293	18	23	
320	56	
321	51	52	53	53	55	57	59	
322	49	50	51	54	56	60	86	87	89	91	94	
323	49	79	81	83	84	86	87	89	90	97	99	
324	6	8	10	11	13	15	80	82	83	86	89	
325	1	5	6	11	12	12	13	14	15	16	16	17	18	19	20	23	25	
326	16	17	17	20	21	22	23	
354	53	56	57	59	
355	49	51	52	54	55	56	59	87	89	91	97	
356	47	48	50	51	53	80	83	84	86	87	89	91	94	98	
357	10	78	79	81	83	84	86	89	93	
358	8	9	10	11	11	14	14	
359	7	11	12	13	14	15	16	18	18	19	20	24	
360	16	16	17	19	21	22	24	
383	87	88	90	92	96	
384	87	88	90	91	96	
385	17	87	88	90	
387	53	56	58	
388	48	51	52	53	54	56	61	92	
389	47	49	51	52	54	58	83	86	87	89	90	96	
390	50	56	80	81	83	84	85	87	88	90	93	
391	14	46	47	49	66	80	85	
392	5	6	8	10	11	14	15	18	
393	7	9	10	11	12	13	13	14	15	15	16	19	24	87	93	94	
394	16	17	18	19	21	92	
395	16	18	23	
414	58	
415	53	56	
416	45	46	47	49	51	
417	83	84	86	88	89	92	95	
418	10	14	78	81	82	84	85	86	87	89	89	91	92	93	95	
419	7	11	16	82	85	86	87	89	91	93	97	
420	16	16	17	
421	51	52	56	58	60	
422	47	49	50	51	52	53	54	87	88	91	95	
423	35	41	49	50	54	81	83	85	86	88	89	90	92	93	98	
424	16	19	35	40	56	59	78	80	82	85	89	
425	17	19	20	29	42	44	46	47	48	49	49	50	67	70	73	
426	9	10	14	21	25	41	43	44	46	70	
427	7	9	10	11	12	13	14	15	77	79	83	84	99	
428	6	11	12	14	15	17	18	21	81	86	87	89	91	93	95	
429	17	88	91	95	
430	16	
449	52	53	55	56	56	57	59	62	
450	43	46	47	47	48	49	50	50	52	53	54	
451	44	46	48	79	82	85	
452	7	9	10	11	13	18	76	77	79	80	81	82	83	84	85	88	99	
453	6	7	10	11	12	14	14	15	16	17	18	19	76	77	78	80	81	83	85	
454	18	20	22	52	56	57	
455	51	52	53	55	62	92	
456	48	50	53	55	82	84	85	87	88	89	91	93	96	
457	9	14	65	68	78	80	82	85	87	
458	8	11	12	15	16	17	19	19	20	26	35	54	55	56	57	58	60	62	71	
459	21	22	23	24	25	27	36	43	45	48	50	50	51	53	53	54	55	56	59	
460	3	22	33	42	43	44	45	46	47	48	49	49	50	66	68	71	
461	5	6	9	11	13	44	46	69	80	
462	3	7	10	11	14	15	23	77	78	80	82	83	85	86	88	90	95	100	
463	8	11	13	14	15	16	77	80	81	83	83	85	86	87	88	89	90	92	93	96	101	
464	16	17	19	85	87	92	
465	17	
482	57	
483	51	52	53	55	56	57	57	59	61	
484	43	46	47	48	49	50	51	52	53	54	54	59	
485	44	45	46	49	50	86	89	
486	3	8	8	10	11	13	14	79	84	
487	6	11	12	14	15	16	17	19	20	23	26	79	83	
488	17	21	22	53	54	57	60	86	95	
489	51	52	54	55	85	87	88	90	96	
490	10	78	80	82	83	85	86	87	89	93	98	
491	8	9	10	11	12	13	13	14	15	16	17	19	26	41	80	84	
492	5	12	15	16	17	18	19	19	20	21	22	23	24	26	57	58	
493	22	51	52	53	55	55	56	57	59	61	63	
494	34	43	44	45	47	48	49	50	51	51	53	53	54	56	58	63	66	
495	41	43	44	45	46	47	47	48	49	49	50	71	
496	9	11	13	44	46	47	70	78	85	
497	4	7	8	10	11	14	14	77	78	79	81	83	85	87	90	94	100	
498	12	13	14	15	16	17	18	19	78	79	81	85	86	88	89	91	95	99	
499	16	17	18	20	
501	42	
507	85	85	86	
516	58	
517	51	52	53	55	56	56	57	60	
518	45	46	47	47	49	50	50	51	52	53	54	55	59	
519	44	45	46	48	49	53	
520	5	7	9	10	11	14	
521	7	11	12	13	15	16	20	88	92	96	
522	51	52	55	84	86	87	88	90	91	94	97	
523	50	81	83	83	85	86	87	88	90	93	93	98	
524	8	10	11	13	15	80	82	83	85	87	93	
525	5	7	11	12	13	13	14	15	16	17	17	18	19	19	20	21	23	26	
526	15	17	21	21	22	24	
527	22	53	55	
528	51	52	53	54	55	55	56	57	57	58	59	61	
529	44	45	47	47	48	49	50	50	51	52	54	55	57	59	65	66	
530	4	42	44	45	46	47	48	49	49	50	50	70	
531	4	9	11	13	13	14	44	72	78	81	100	
532	6	8	10	11	12	13	14	15	16	17	18	78	79	81	83	85	87	90	95	101	
533	12	16	16	17	17	19	20	22	81	85	98	
534	18	
550	57	
551	51	52	53	54	55	56	57	57	58	61	
552	46	47	48	48	49	50	50	51	53	54	56	58	
553	43	45	46	47	47	48	48	49	67	96	
554	4	10	46	48	49	95	
555	7	12	77	81	84	86	90	95	
556	2	78	79	81	83	84	85	86	87	88	89	92	94	
557	10	30	78	80	81	83	84	85	89	
558	7	10	11	11	12	13	13	14	15	15	16	17	18	20	70	81	
559	3	12	13	15	15	16	17	18	18	19	20	20	22	24	28	
560	17	21	23	
562	52	55	55	56	57	60	
563	46	47	48	51	51	52	53	54	55	55	56	57	58	60	63	
564	44	45	46	47	49	50	50	53	55	
565	5	9	14	
566	7	9	10	11	12	14	14	15	19	80	83	
567	13	15	16	16	17	17	18	18	19	20	21	22	80	102	
568	21	23	
584	57	
585	52	52	53	55	55	56	56	57	57	59	61	
586	46	47	47	48	49	49	50	50	51	52	53	54	54	55	56	59	
587	45	46	49	49	90	93	
588	5	49	95	
589	79	81	85	
590	10	13	20	79	80	82	84	90	99	
591	6	9	11	12	14	15	16	16	19	20	43	79	88	
592	5	8	10	11	12	13	14	15	15	16	17	17	18	19	19	20	21	23	26	28	
593	13	15	18	19	20	21	22	23	
596	52	55	56	57	58	63	
597	48	50	51	52	52	53	54	55	56	61	
598	45	46	49	50	51	54	91	
599	8	10	13	48	68	
600	3	5	6	10	11	11	12	13	14	15	15	16	17	18	19	20	25	26	
601	13	16	17	18	19	19	20	21	21	22	24	
602	22	
609	101	101	102	
619	52	55	55	56	56	57	59	61	
620	45	46	47	48	49	50	51	51	52	53	54	55	59	
621	43	44	45	46	47	48	49	50	56	58	90	
622	84	
623	42	46	
624	8	9	11	13	15	18	18	78	
625	6	8	10	11	11	12	13	14	15	16	17	17	19	20	24	26	
626	12	16	17	17	18	18	19	20	20	21	22	24	
627	20	22	23	
630	51	52	55	56	57	58	
631	47	49	50	51	52	53	54	55	62	92	94	
632	8	49	50	83	86	88	90	91	96	
633	9	10	11	14	15	16	39	
634	5	7	10	12	12	13	14	15	15	16	16	17	18	19	20	21	22	23	24	27	68	
635	2	17	20	22	22	23	25	
652	58	
653	51	52	54	55	56	56	57	60	62	
654	42	46	47	48	50	50	51	51	52	53	54	54	55	56	57	58	61	
655	42	44	45	46	47	50	51	53	
656	32	38	41	46	48	
657	10	16	18	18	39	46	66	70	
658	7	9	10	11	12	14	14	16	17	18	19	22	43	69	
659	6	12	13	14	15	16	17	17	18	19	20	20	21	22	23	26	43	72	
660	3	21	21	22	24	27	
663	48	56	
664	37	46	50	51	52	53	54	60	
665	46	48	50	51	53	55	82	84	86	88	89	90	92	95	
666	10	13	48	63	67	78	80	82	85	86	89	95	
667	5	6	8	10	11	12	13	14	15	15	16	17	18	19	25	28	71	
668	12	15	17	18	19	20	21	22	24	
669	3	21	23	
687	52	54	55	56	57	58	59	61	
688	31	35	48	49	50	51	52	53	53	54	55	57	60	
689	40	42	44	45	47	49	50	51	55	56	62	65	66	68	70	
690	9	19	26	43	45	47	48	50	56	60	66	71	
691	9	11	14	17	19	19	20	22	27	40	43	44	47	49	66	68	72	
692	4	6	9	11	13	13	14	15	17	19	20	21	21	23	23	25	26	44	68	72	
693	17	20	21	22	23	
694	22	
696	56	
697	37	48	50	52	53	54	55	56	58	58	
698	44	47	49	50	51	54	63	95	
699	39	44	49	66	80	83	84	85	
700	4	7	9	10	11	12	13	14	15	16	18	19	44	45	66	68	80	84	
701	12	14	15	15	17	18	19	20	21	23	23	28	71	
702	20	21	22	22	24	
722	52	54	55	58	59	63	64	
723	35	45	50	55	
724	14	20	23	28	45	60	63	69	
725	21	22	24	25	
726	22	24	
727	1	22	25	
730	56	57	60	
731	51	52	54	55	56	58	62	
732	42	44	45	48	49	54	61	68	
733	10	13	27	42	44	72	
734	4	8	12	15	18	20	21	22	23	25	26	68	
735	21	22	25	
736	23	
766	65	
767	23	
1168	85	
1170	33	
1172	72	
1176	42	47	
1189	82	
1191	33	
1195	50	
1196	28	
1209	16	38	
1210	17	20	56	59	
1211	21	43	45	46	47	49	51	59	68	71	
1212	44	46	50	
1213	56	
1231	34	
1239	24	37	39	
1240	10	
1241	74	
1242	4	11	
1243	9	11	14	18	18	24	39	
1244	15	16	17	18	19	21	24	26	42	52	57	60	
1245	20	21	22	25	45	46	47	48	49	50	53	53	55	61	69	
1246	47	49	51	60	
1249	78	
1261	22	
1266	18	
1270	71	
1276	19	23	28	
1277	8	9	11	12	13	14	15	16	17	18	19	20	23	58	
1278	15	17	18	19	19	20	21	52	53	55	55	58	59	62	
1279	20	21	23	46	47	48	49	50	51	52	54	55	
1280	51	59	
1297	37	
1300	21	
1302	31	
1309	10	20	28	
1310	9	10	13	13	15	16	17	
1311	5	7	10	11	12	14	15	16	17	18	19	20	21	29	57	70	
1312	18	20	21	23	24	46	47	51	52	54	54	55	58	61	
1313	49	50	51	53	55	86	88	89	91	93	96	
1314	52	87	91	
1316	5	
1324	69	
1329	27	
1340	55	
1342	12	
1343	10	12	15	
1344	7	9	11	13	13	15	16	17	19	20	
1345	5	15	17	18	19	20	21	23	23	25	27	47	51	52	56	58	
1346	21	22	46	49	50	51	54	55	58	90	92	
1347	38	48	54	58	80	82	83	85	86	88	90	
1348	84	
1351	79	
1368	47	62	
1373	92	
1377	8	8	10	12	13	15	17	20	
1378	6	10	11	12	14	15	15	16	17	18	19	21	24	28	56	57	
1379	17	20	21	22	24	47	48	50	51	52	53	55	58	
1380	47	50	51	53	58	82	87	88	89	91	94	
1381	79	81	84	86	
1382	84	92	
1383	84	
1387	2	
1395	72	
1405	17	
1406	102	
1408	30	
1409	18	
1410	8	12	15	16	86	
1411	6	9	10	11	12	13	13	14	15	16	17	19	23	23	57	
1412	12	15	16	17	18	19	20	21	23	51	52	56	58	59	
1413	21	22	45	46	47	48	49	50	51	51	53	53	55	
1414	51	55	66	78	79	81	83	84	85	89	92	
1415	49	66	80	84	92	
1416	88	
1426	79	
1429	63	
1440	104	
1442	18	
1443	9	
1444	8	9	11	14	18	19	21	28	
1445	6	11	12	13	13	13	14	15	17	18	18	19	20	23	23	25	57	
1446	17	21	22	24	48	51	52	52	53	54	55	55	56	57	58	60	
1447	22	46	49	49	50	52	54	55	92	
1448	46	48	55	82	87	90	
1449	81	85	
1473	30	
1477	7	9	11	13	18	19	24	
1478	4	6	9	11	12	14	15	16	17	19	24	40	
1479	8	12	13	16	17	18	19	20	21	22	24	57	58	60	72	
1480	21	22	24	43	46	47	50	50	51	52	54	54	56	59	62	
1481	45	46	48	49	51	53	85	87	89	96	
1482	48	53	
1483	97	
1484	66	
1494	78	
1504	29	
1505	39	44	
1506	30	46	
1507	53	
1508	50	
1511	7	9	10	12	14	17	19	
1512	6	10	12	13	13	14	15	16	17	18	19	20	21	24	58	71	
1513	17	18	20	21	22	23	23	25	53	56	57	60	
1514	22	46	47	48	50	51	51	52	54	55	56	57	59	
1515	43	45	46	47	49	50	54	56	59	81	83	
1516	44	52	53	83	
1517	50	
1518	50	
1538	15	
1539	16	18	19	38	40	43	57	61	67	
1540	18	21	29	43	47	49	52	60	67	71	
1541	43	47	49	
1542	30	
1544	8	10	12	14	19	22	
1545	7	9	10	12	13	13	14	15	16	16	18	18	19	21	
1546	12	15	17	17	19	20	21	23	24	25	26	
1547	21	22	25	55	57	59	63	
1548	36	51	52	53	53	55	56	57	58	60	62	
1549	36	43	44	45	46	47	48	49	50	51	52	54	59	71	
1550	43	45	46	48	50	72	73	
1552	46	48	74	
1554	11	56	
1565	74	
1571	12	
1572	6	11	13	14	16	
1573	16	16	18	18	19	21	23	28	53	56	56	58	59	61	
1574	17	20	21	24	41	43	45	46	47	49	50	52	54	56	68	68	72	
1575	22	43	45	45	46	47	48	50	54	63	71	
1576	45	49	73	
1577	13	14	
1578	7	9	11	12	13	14	15	16	19	20	25	30	
1579	7	11	12	14	16	17	18	19	20	21	22	23	25	69	
1580	21	22	93	
1581	87	88	89	90	91	93	93	95	
1582	16	51	52	54	55	55	56	56	58	58	60	63	87	91	97	
1583	18	36	40	45	48	49	50	51	52	53	54	56	57	61	66	
1584	43	44	45	47	49	49	51	54	59	66	71	
1585	40	43	45	46	47	48	50	52	54	71	
1586	46	61	69	
1594	65	65	65	
1595	73	
1600	74	
1605	11	14	19	
1606	7	9	10	11	12	14	15	21	
1607	12	13	15	16	17	18	19	20	22	24	53	55	56	57	58	59	62	
1608	18	20	21	23	25	47	50	50	51	52	53	54	56	60	
1609	45	47	48	49	50	52	53	
1610	39	44	49	
1611	6	10	13	13	15	16	17	18	20	40	
1612	7	11	12	13	14	15	16	17	18	19	20	22	24	26	28	57	69	
1613	20	21	23	23	25	47	50	51	53	56	
1614	50	87	88	89	90	92	95	
1615	8	8	10	11	13	77	80	81	82	83	84	86	87	89	91	95	
1616	12	15	16	19	55	58	78	80	81	82	84	85	86	88	88	90	91	93	93	96	
1617	16	17	18	51	52	55	56	56	57	59	61	83	87	91	93	
1618	17	42	48	50	51	52	53	55	56	58	58	60	67	72	
1619	42	44	45	46	47	47	48	49	50	51	53	58	66	71	
1620	44	46	49	50	54	72	
1621	33	49	70	
1632	73	
1634	59	
1636	10	
1639	6	11	13	
1640	4	6	8	9	10	11	14	15	19	25	
1641	8	12	12	13	15	16	17	19	20	23	25	52	56	57	59	
1642	17	18	21	22	43	47	50	51	52	53	54	55	57	58	60	
1643	42	44	45	46	47	48	49	50	54	73	
1644	10	13	38	
1645	7	11	12	13	14	16	17	19	20	25	
1646	8	15	17	18	20	21	22	23	23	48	53	56	58	62	
1647	21	22	47	49	50	51	53	54	91	
1648	77	80	82	84	85	86	88	88	90	92	96	98	
1649	4	6	9	14	79	80	83	83	85	
1650	7	9	11	12	14	16	19	76	77	79	80	82	84	86	90	97	
1651	13	15	17	58	77	78	81	82	84	85	86	88	90	93	95	99	
1652	16	17	18	19	33	51	52	53	53	54	55	56	57	59	61	88	
1653	47	47	50	51	52	54	55	56	57	58	60	
1654	42	44	45	46	47	48	49	50	52	53	55	60	69	
1655	45	48	52	70	
1657	40	41	
1658	46	63	76	
1672	12	
1673	9	13	20	
1674	6	9	10	11	11	13	14	15	16	19	22	
1675	2	8	8	12	13	14	15	16	17	18	19	20	24	53	55	56	57	61	
1676	17	18	20	21	22	30	42	47	48	50	51	52	54	55	58	62	
1677	31	41	44	46	47	49	59	72	
1678	7	9	11	14	19	41	45	49	66	68	
1679	7	13	14	15	18	20	22	23	52	56	58	
1680	21	22	24	46	48	49	50	50	51	52	53	55	56	
1681	46	50	53	54	82	85	86	88	89	90	92	93	96	
1682	8	80	82	84	86	92	96	
1683	11	80	87	88	102	
1684	11	13	80	84	91	
1685	2	8	10	12	14	15	16	77	79	81	83	85	87	88	102	
1686	15	16	19	57	58	61	78	81	82	85	87	89	92	94	98	
1687	16	17	18	23	50	51	51	52	54	55	56	57	59	61	
1688	44	45	47	48	50	51	52	54	
1689	44	45	49	51	53	56	
1694	32	
1697	89	89	89	
1706	16	
1707	6	9	
1708	4	7	8	9	10	11	12	13	14	15	17	21	
1709	1	7	13	15	16	17	19	20	24	63	
1710	16	17	18	20	21	22	54	55	58	59	
1711	30	49	53	63	
1712	10	14	24	44	49	56	57	69	
1713	20	22	24	48	51	51	52	55	56	58	
1714	23	47	49	50	50	52	53	54	87	90	92	96	
1715	49	60	80	81	84	85	88	90	95	
1716	79	84	89	
1717	80	98	
1718	9	14	
1719	3	5	8	10	11	13	17	80	85	
1720	7	10	11	12	13	14	15	16	17	18	20	57	79	81	84	
1721	16	17	17	19	20	21	27	51	52	52	54	54	55	56	56	57	58	60	85	
1722	46	47	50	51	51	53	53	54	60	
1723	45	49	
1724	54	63	
1725	37	
1731	76	
1732	13	
1736	84	
1741	9	14	
1742	4	6	8	9	10	11	12	13	14	15	24	39	40	41	
1743	7	12	13	14	15	15	16	17	17	18	19	20	23	
1744	17	17	21	22	
1746	52	53	57	59	
1747	48	48	50	51	52	54	55	92	
1748	50	52	53	59	81	82	86	87	89	90	92	94	
1749	79	81	83	86	
1750	79	85	
1752	13	40	
1753	3	8	10	11	13	15	16	
1754	4	6	11	12	14	15	16	18	18	19	20	22	25	56	57	79	
1755	13	13	17	17	21	23	23	47	51	52	52	55	56	59	79	83	
1756	48	49	50	51	53	55	58	87	90	92	94	98	
1757	51	56	65	
1761	73	
1771	91	
1775	11	25	40	
1776	3	7	9	10	11	12	14	14	15	19	
1777	8	11	12	13	14	15	16	17	17	19	20	22	23	27	
1778	17	18	20	22	
1779	56	57	
1780	48	50	51	52	53	53	54	55	56	59	
1781	49	50	51	54	55	86	88	89	91	95	
1782	51	54	59	78	80	81	84	85	87	89	91	
1783	78	85	
1785	11	
1786	9	19	
1787	2	6	9	10	11	13	14	15	16	17	18	19	23	25	40	
1788	7	11	12	13	15	15	17	19	20	22	24	28	56	59	68	
1789	21	22	50	51	52	53	54	57	58	
1790	48	50	55	81	82	85	86	87	89	91	94	
1791	80	82	83	86	88	
1794	85	
1808	9	
1809	8	13	
1810	5	6	9	10	11	13	13	14	15	16	19	
1811	7	11	12	12	15	15	16	16	19	20	24	
1812	18	22	88	92	
1813	51	53	57	91	
1814	50	52	54	56	86	87	88	89	90	92	94	97	
1815	49	52	54	80	81	82	84	85	86	89	91	93	
1816	80	83	83	84	87	91	95	
1817	85	102	
1818	13	
1820	10	12	13	15	16	22	
1821	8	10	11	12	14	15	16	18	19	20	22	27	56	
1822	18	19	20	21	22	23	51	52	54	55	56	60	
1823	22	49	50	52	54	55	55	82	86	87	89	91	93	95	
1824	78	80	82	84	85	86	89	
1825	81	100	
1838	26	
1840	10	
1841	23	
1843	9	
1844	7	9	10	11	13	13	14	18	
1845	7	12	12	14	15	91	97	
1846	82	85	86	87	88	89	90	91	92	94	95	97	
1847	55	85	86	87	88	89	90	90	91	93	93	95	97	
1848	53	78	81	82	84	85	86	88	89	90	91	94	98	
1849	53	77	79	81	84	85	87	88	92	
1850	79	
1851	77	86	
1853	10	13	16	19	23	
1854	8	9	11	12	14	15	16	19	
1855	5	13	15	20	22	24	52	
1856	51	54	59	87	91	93	93	95	
1857	55	77	80	81	82	84	85	86	89	90	93	
1858	78	81	83	87	89	94	100	
1859	92	
1869	90	
1872	89	
1878	4	11	14	
1879	82	84	86	88	90	96	
1880	76	77	78	79	80	81	82	83	84	85	86	87	89	94	
1881	76	77	78	79	80	81	83	83	85	86	88	89	92	95	
1882	77	79	81	83	83	84	85	88	89	94	
1883	80	83	87	93	
1884	90	
1886	9	
1887	10	13	14	
1888	4	7	
1889	87	89	90	94	
1890	77	81	82	83	84	85	86	89	91	96	98	
1891	79	81	84	86	88	
1898	87	
1909	103	
1911	68	
1913	80	84	95	
1914	79	82	84	90	
1915	78	80	91	
1916	78	81	95	
1921	12	
1923	76	80	81	84	85	88	93	98	
1924	79	81	84	85	
1925	78	82	84	101	
1926	93	
1932	32	
1945	99	
1947	84	95	
1948	79	
1949	92	
1957	78	84	94	
1958	79	87	91	
1959	6	
1961	84	90	
1973	38	
1981	66	
1982	46	
1991	84	
2010	5	
2012	4	
2024	93	
2027	50	
2028	98	
2030	58	
2042	39	
2054	93	
2061	89	
2092	57	
2109	9	
2166	11	
2182	12	
2199	10	27	
2216	8	
2247	7	
2264	100	
