158	88	92	
159	88	92	
160	92	
190	87	91	
191	86	87	89	91	94	
192	83	86	87	89	91	94	
193	82	83	85	86	87	89	90	94	
194	82	83	85	86	88	88	89	91	92	95	
195	16	83	87	92	
216	87	91	
217	86	87	88	88	90	92	97	
218	82	85	87	91	96	
222	56	
223	56	88	91	
224	81	82	83	86	87	89	90	94	
225	81	82	84	85	88	89	93	
226	46	69	80	81	82	84	85	
227	8	13	79	80	84	
228	12	13	15	80	81	83	84	85	89	94	
229	16	18	82	85	87	89	96	
230	17	
248	36	60	
249	88	91	97	
250	82	83	85	86	87	88	89	91	92	93	
251	6	9	10	13	68	81	82	83	85	86	87	89	91	95	
252	14	15	16	17	80	81	82	83	85	
253	17	18	
255	36	57	
256	51	54	60	88	92	
257	53	53	82	86	87	89	91	94	
258	80	81	83	84	85	89	97	
259	17	18	18	19	43	47	51	56	58	78	79	80	
260	20	28	36	44	48	48	50	56	60	79	
261	20	22	27	43	44	45	46	47	48	49	75	79	
262	5	7	8	10	11	14	15	44	78	80	
263	7	12	13	13	14	15	16	16	17	19	23	70	80	81	84	85	93	
264	16	17	18	20	
281	56	58	60	
282	55	88	91	98	
283	34	53	53	55	82	85	86	87	89	90	92	93	
284	80	81	82	83	84	85	87	88	89	99	
285	7	9	10	11	14	14	16	17	18	19	79	80	84	85	
286	7	12	13	15	16	17	19	19	20	69	80	
287	18	21	22	
288	36	57	
289	52	55	56	60	
290	49	51	52	53	55	83	86	87	89	91	
291	80	82	82	83	85	88	
292	8	9	11	13	14	14	15	16	17	18	19	73	79	80	
293	17	21	23	26	52	57	
294	21	22	24	34	36	50	50	51	52	53	55	58	59	61	
295	22	44	45	46	47	48	49	50	50	
296	4	7	9	10	13	44	49	
297	4	8	11	11	12	14	15	16	16	18	19	69	79	80	84	
298	17	17	19	20	21	22	24	26	
314	56	91	
315	52	54	57	59	83	87	88	89	90	92	94	
316	52	54	55	82	83	83	85	86	87	89	90	92	94	
317	79	81	82	83	84	85	87	88	
318	6	9	10	13	15	16	18	78	79	81	83	
319	4	7	10	11	12	14	15	15	17	17	19	19	
320	18	20	21	21	22	23	24	
321	22	24	57	
322	36	55	57	61	
323	46	49	51	52	53	55	88	92	
324	49	81	82	85	86	88	89	94	
325	6	9	11	13	14	15	16	18	73	80	
326	5	13	15	16	17	17	19	20	22	23	27	
327	22	24	53	56	57	
328	50	51	52	53	54	55	55	56	59	
329	46	48	49	50	86	88	90	92	
330	8	9	11	13	45	67	
331	1	5	7	10	11	12	12	14	15	16	17	18	19	19	21	25	26	71	
332	17	20	21	21	22	23	26	
346	57	
347	36	56	92	
348	34	55	56	61	83	86	87	88	88	90	91	93	94	
349	52	55	80	81	82	84	85	86	87	89	90	95	
350	16	80	80	81	82	84	85	88	
351	6	9	11	13	15	16	17	18	45	68	79	80	83	
352	6	10	11	12	13	14	15	17	18	18	19	20	20	21	
353	4	15	19	20	21	22	22	23	25	26	
354	21	22	23	24	28	
355	56	57	
356	47	52	54	55	59	
357	33	49	50	53	55	86	88	89	
358	8	9	14	80	82	84	87	
359	10	12	13	14	15	16	17	18	19	19	20	23	70	
360	21	22	23	24	27	57	
361	52	56	57	60	
362	51	52	52	53	54	55	62	86	87	89	91	93	
363	81	82	84	86	87	89	91	96	
364	6	9	10	11	13	14	15	16	17	19	73	84	
365	2	12	14	15	16	17	18	19	20	21	23	24	27	
366	21	22	
379	56	58	
380	52	55	56	86	88	91	92	
381	52	54	59	83	85	86	87	89	90	91	93	94	
382	54	80	81	82	84	85	86	88	89	
383	10	14	16	47	67	78	79	81	82	83	84	
384	7	9	11	12	13	14	16	17	18	18	19	20	45	71	78	80	
385	7	11	14	15	18	19	20	20	21	24	69	
386	15	21	22	22	23	24	26	
387	21	22	24	
388	58	
389	52	53	56	60	
390	46	48	50	51	52	54	58	
391	8	45	46	49	82	83	85	88	
392	6	9	11	11	13	14	14	15	19	82	
393	13	17	17	18	20	20	21	24	37	
394	22	23	56	57	
395	51	52	54	55	87	91	93	97	
396	32	53	82	84	86	87	89	90	
397	8	10	13	80	81	83	84	
398	11	12	14	15	16	17	18	19	20	21	68	
399	20	21	22	23	24	25	28	
400	23	
412	57	
413	51	57	61	
414	50	53	55	82	85	87	89	90	94	
415	51	53	67	80	81	82	83	84	85	86	88	90	
416	8	10	14	16	18	78	78	80	81	82	84	
417	9	11	11	13	14	15	16	17	17	19	19	20	69	79	
418	11	13	15	17	18	19	19	20	21	22	23	27	28	
419	21	22	22	23	24	25	
422	57	
423	34	37	51	52	53	54	55	56	59	
424	46	47	50	51	52	54	
425	8	9	48	79	84	
426	7	10	11	12	13	14	15	15	16	92	
427	18	21	22	24	25	58	59	87	91	92	
428	34	52	54	87	88	90	91	93	95	
429	54	82	82	84	85	86	87	88	89	91	
430	9	14	16	79	81	82	83	84	89	
431	8	10	11	12	14	14	15	16	17	18	18	19	70	79	
432	2	13	15	18	19	20	20	21	23	24	28	
433	22	23	25	
445	57	58	
446	35	36	48	51	52	55	56	60	
447	32	35	45	46	47	49	50	52	54	55	58	
448	46	49	53	55	80	82	84	86	88	90	93	
449	8	10	11	14	79	80	81	83	85	
450	11	12	13	14	15	15	16	16	17	18	18	19	20	70	80	
451	13	15	17	19	20	21	22	22	23	24	28	
452	21	22	23	24	25	
453	23	
456	57	
457	37	50	51	52	53	54	55	56	57	59	61	
458	45	46	48	49	50	51	
459	9	13	45	86	89	
460	5	6	12	80	86	90	
461	53	59	80	81	82	84	85	86	87	88	89	90	93	96	
462	55	81	82	84	85	86	89	90	95	
463	9	14	16	19	46	71	78	80	83	85	
464	7	10	11	13	14	15	16	17	18	18	19	20	69	79	
465	5	13	20	20	21	23	24	27	
466	22	22	24	25	27	
470	54	54	55	
479	56	57	
480	51	52	52	54	54	55	57	59	61	
481	43	45	46	47	48	49	50	51	53	54	55	89	
482	9	11	43	48	66	80	85	93	
483	5	7	10	11	12	13	14	15	15	16	18	19	65	72	80	
484	12	13	15	16	17	18	18	19	20	21	22	24	26	
485	21	21	22	23	23	25	
490	57	
491	51	52	53	54	55	56	57	59	61	
492	33	45	47	48	49	50	51	54	58	88	91	93	
493	44	86	88	91	
494	8	80	84	90	93	99	
495	33	79	80	81	83	85	92	
496	6	9	11	14	16	16	17	18	19	45	71	79	80	81	83	
497	10	12	14	15	16	17	17	19	19	20	23	71	79	
498	4	13	18	20	21	22	24	25	28	
499	22	23	24	25	26	
500	22	37	38	
501	42	43	
502	43	
513	56	57	
514	35	43	48	50	50	51	52	53	53	54	55	55	56	58	61	
515	32	45	46	46	47	49	49	50	51	
516	4	9	10	13	69	87	88	
517	7	11	12	12	14	15	15	16	19	20	24	71	
518	17	18	19	21	22	23	24	26	93	
519	22	
523	93	
524	57	88	90	92	
525	35	51	51	52	53	53	54	55	56	58	58	61	86	87	88	90	91	93	94	
526	47	50	51	54	83	84	86	87	88	89	90	92	96	
527	45	46	49	82	83	86	87	88	
528	9	14	83	
529	6	8	10	11	13	13	14	15	78	80	83	
530	12	14	15	16	17	19	20	23	27	
531	17	18	20	21	22	23	24	25	27	92	
532	21	22	23	25	
547	53	55	56	58	60	
548	33	35	48	50	51	52	52	54	54	55	56	60	
549	38	43	44	46	47	47	49	49	50	
550	5	9	10	11	13	44	
551	6	8	10	11	12	13	14	15	16	19	23	72	
552	16	17	20	22	83	86	87	91	93	98	
553	16	47	87	88	92	96	
554	87	88	90	91	93	95	
555	86	87	90	91	
556	83	87	88	89	91	92	94	
557	82	86	87	89	90	91	
558	80	82	84	86	87	89	90	91	97	
559	51	53	54	55	56	58	80	81	82	83	84	85	87	89	96	
560	16	37	43	46	47	50	51	54	57	62	67	78	80	81	82	84	85	
561	18	19	33	37	42	44	46	47	48	48	50	56	66	81	
562	12	42	44	45	46	48	
563	4	7	8	9	11	12	13	15	20	
564	6	10	11	12	14	15	18	21	24	26	85	
565	12	15	16	19	21	24	82	86	87	89	91	93	
566	87	90	91	
567	17	
571	21	21	22	
581	57	61	
582	35	50	51	52	53	53	54	55	55	56	57	58	58	60	62	
583	37	42	44	45	46	47	48	48	49	50	50	54	
584	4	30	43	44	44	45	46	46	47	48	49	
585	6	8	9	11	12	14	
586	6	11	13	15	80	81	82	84	85	87	88	90	95	
587	10	81	81	82	83	84	86	87	89	90	93	97	
588	81	82	83	84	85	86	87	89	90	97	
589	81	81	82	83	84	85	86	88	89	91	93	
590	81	82	82	84	85	86	89	90	94	
591	17	55	79	80	81	82	83	83	84	85	88	93	
592	17	19	43	46	47	55	79	80	81	83	
593	10	13	16	17	19	43	44	46	47	72	78	79	80	84	
594	15	18	19	20	44	47	50	52	54	57	68	79	
595	19	20	21	22	23	34	44	45	47	48	48	49	50	51	51	54	56	57	59	62	
596	21	22	24	31	36	39	42	43	45	45	46	47	47	48	48	49	49	50	59	
597	3	9	15	21	22	25	41	43	44	44	46	47	69	
598	6	10	12	14	21	79	98	
599	3	7	9	11	13	15	19	79	80	81	82	83	84	86	89	99	
600	6	13	13	15	80	81	82	84	85	86	88	90	93	
601	17	18	81	82	86	88	89	91	94	
602	16	
616	52	53	55	56	58	62	
617	48	50	50	51	51	52	53	54	56	58	60	61	
618	33	42	45	45	47	48	49	49	50	50	56	
619	29	37	41	43	43	44	45	46	46	47	48	
620	19	43	43	46	47	73	79	80	83	
621	15	19	26	39	43	44	46	46	70	79	80	81	83	
622	18	18	19	41	46	47	71	78	78	79	80	81	82	83	
623	16	19	43	43	47	47	68	72	80	81	84	98	
624	18	19	19	26	40	44	47	78	79	80	83	99	
625	10	12	14	17	19	19	43	45	47	48	73	79	80	81	
626	12	13	15	16	18	18	19	20	21	44	47	50	65	72	79	
627	7	17	19	20	21	21	78	
628	21	22	23	24	55	75	
629	21	22	23	23	25	50	51	52	53	55	57	62	
630	25	45	47	49	50	50	51	52	53	54	57	59	62	74	
631	23	24	32	42	44	45	47	48	49	50	56	59	64	67	
632	24	31	36	38	42	44	44	45	46	47	48	48	49	50	
633	9	20	22	41	43	44	46	47	78	79	
634	9	11	12	14	15	20	23	46	78	79	80	83	100	
635	7	11	13	14	15	18	18	20	80	81	83	83	85	
636	16	17	20	
651	35	51	52	54	55	62	
652	35	49	50	51	52	54	55	56	59	63	
653	45	48	49	50	51	61	63	
654	22	44	45	47	49	50	51	52	61	76	
655	19	21	22	22	23	44	45	49	50	51	62	64	74	
656	20	22	23	24	26	44	45	47	48	50	51	63	65	
657	20	21	22	23	27	45	45	48	50	59	78	
658	15	20	21	22	23	28	44	45	48	48	50	65	73	
659	15	21	22	23	23	30	45	64	
660	20	21	22	23	25	95	97	
661	22	23	25	
662	24	
664	51	52	54	55	
665	50	51	53	53	54	57	59	63	
666	45	49	50	50	51	53	55	56	61	63	
667	22	23	24	45	47	48	49	50	74	
668	5	8	22	23	43	44	45	48	49	64	78	
669	5	7	10	11	14	15	18	20	21	48	68	79	
670	13	20	21	22	25	27	69	
687	55	
688	24	54	
689	25	54	
691	23	24	
692	25	
693	24	
694	100	
700	51	53	54	
701	24	50	52	
702	25	49	75	
703	4	22	23	
704	22	24	
720	102	
753	3	
1158	101	
1160	79	
1168	18	
1170	50	
1172	28	
1177	12	
1182	76	
1186	100	
1195	25	
1204	58	
1206	11	72	
1208	43	
1212	70	
1225	28	
1226	99	
1244	12	
1247	54	
1255	17	
1258	89	
1259	99	
1273	60	
1277	13	
1282	49	
1283	52	69	95	95	95	97	
1289	79	
1302	47	
1312	18	41	50	70	
1313	46	
1314	46	
1315	47	
1316	46	
1322	8	
1339	46	49	56	
1345	18	18	27	
1346	16	20	47	
1347	16	17	19	46	72	
1348	18	20	23	24	27	37	40	43	46	48	48	58	61	69	
1349	19	20	43	44	47	48	50	54	73	
1350	21	27	43	44	46	47	50	73	
1355	65	
1365	36	
1366	28	
1371	16	16	
1372	17	19	37	43	47	
1373	19	47	
1374	44	46	50	53	
1379	12	16	20	
1380	13	14	17	18	20	21	24	27	48	69	
1381	20	21	26	52	92	
1382	20	21	22	24	45	52	62	
1383	21	22	25	34	50	51	55	57	58	61	88	91	
1384	21	21	23	23	40	44	45	46	47	48	49	50	53	55	56	
1385	44	45	46	48	50	
1386	44	73	
1395	32	
1398	64	
1402	18	
1403	19	
1405	11	17	18	24	69	
1406	13	15	15	16	17	19	21	37	43	46	50	57	62	70	
1407	20	21	22	24	43	45	46	47	48	48	50	51	54	57	
1408	22	44	47	50	
1411	8	17	
1412	9	11	14	17	19	28	77	
1413	10	12	15	17	18	18	20	23	57	69	
1414	18	21	22	23	
1415	22	87	91	
1416	8	12	25	83	85	87	90	92	93	
1417	13	14	16	36	53	55	56	57	60	63	82	85	90	96	
1418	16	17	18	25	47	49	50	51	53	54	56	58	
1419	43	44	46	47	48	49	51	56	
1420	44	51	
1425	64	
1432	64	
1434	18	
1437	23	75	
1438	9	11	14	17	20	68	
1439	10	12	13	15	17	18	18	19	21	24	
1440	8	17	20	21	22	23	25	26	51	52	55	56	58	58	62	
1441	21	22	23	24	27	49	50	51	53	54	55	88	91	93	
1442	45	50	86	89	91	
1444	3	19	
1445	11	16	18	23	45	
1446	7	9	11	12	14	15	16	17	19	20	58	69	
1447	19	20	22	23	26	48	56	
1448	22	25	51	53	87	88	89	91	
1449	81	82	83	85	87	90	
1450	10	13	79	80	81	85	
1451	6	8	9	10	11	12	14	15	17	53	55	56	57	63	79	80	82	84	
1452	16	17	18	19	20	21	24	26	34	48	51	52	53	54	59	80	
1453	41	44	45	46	47	48	49	50	54	58	
1455	61	88	
1463	62	
1466	12	
1469	26	
1470	18	18	47	
1471	9	12	14	17	19	22	26	45	66	68	
1472	7	9	11	13	14	15	17	18	18	19	20	23	24	28	45	71	
1473	13	15	18	19	20	22	24	57	
1474	21	22	24	52	53	54	55	56	60	87	88	89	91	93	97	
1475	51	54	55	82	85	86	88	89	90	92	
1476	64	81	83	84	86	89	
1478	11	
1479	7	10	12	14	18	19	
1480	8	17	18	19	21	22	27	35	53	56	58	59	
1481	21	22	24	50	51	54	93	
1482	50	54	81	83	84	86	93	
1483	81	84	
1484	10	18	70	83	84	
1485	4	8	10	11	13	13	14	15	16	17	18	19	21	35	53	57	61	69	
1486	15	18	20	21	22	24	47	50	50	51	53	54	55	58	61	80	
1487	49	50	83	86	87	88	90	93	97	
1488	48	
1490	31	
1501	19	26	
1502	13	
1503	8	13	17	
1504	11	14	15	16	18	18	19	47	71	
1505	9	12	14	15	16	17	19	20	21	22	26	43	68	
1506	20	21	22	23	27	56	92	
1507	22	24	25	53	54	55	56	87	88	89	90	91	94	
1508	54	82	83	84	85	87	89	91	
1509	55	79	82	83	85	
1510	44	80	
1512	10	15	17	
1513	7	12	13	14	15	16	17	19	20	21	36	56	73	
1514	18	20	21	22	23	24	28	34	46	52	53	56	58	
1515	48	51	55	83	87	88	90	
1516	64	80	82	85	89	
1517	10	18	43	46	83	
1518	6	9	11	13	14	15	17	18	20	57	
1519	5	7	17	20	21	22	23	27	35	52	56	57	60	73	
1520	21	22	25	33	50	51	52	53	55	61	88	91	
1521	50	54	81	82	84	86	89	
1522	87	90	
1528	8	9	
1529	86	
1534	18	
1535	14	
1536	10	13	17	18	68	
1537	8	10	12	14	15	16	17	19	20	
1538	12	14	15	16	17	18	19	19	20	21	23	24	57	71	
1539	20	21	22	23	24	26	52	56	59	92	
1540	24	52	54	57	58	86	87	89	90	92	
1541	54	81	82	82	84	85	86	89	91	94	
1542	57	79	80	82	86	93	
1543	79	84	
1544	85	
1545	11	14	17	
1546	6	9	11	14	17	57	
1547	7	12	13	15	16	17	18	19	19	21	22	24	56	59	
1548	21	22	23	25	43	46	49	51	53	54	59	
1549	42	46	49	79	81	82	84	88	89	
1550	85	
1551	10	12	13	15	16	17	19	70	
1552	7	12	15	17	18	19	20	21	23	36	57	72	
1553	18	21	22	25	27	35	51	52	56	59	88	
1554	50	52	53	55	82	85	86	89	91	93	
1555	52	78	80	82	84	86	88	94	
1559	24	
1568	26	
1569	8	11	14	
1570	11	13	13	15	16	17	18	19	20	21	44	69	
1571	8	12	14	17	18	19	19	20	21	23	25	44	56	58	69	74	
1572	21	22	23	23	25	34	56	61	88	91	93	
1573	22	53	53	55	56	61	83	85	85	86	88	88	89	90	94	
1574	80	81	82	83	84	85	87	89	
1575	66	79	81	82	84	89	
1576	82	
1578	83	101	
1579	2	12	13	100	
1580	8	10	12	14	15	16	19	24	37	56	57	
1581	13	16	16	17	19	20	21	24	26	34	47	51	51	52	55	59	
1582	22	22	42	43	45	47	48	49	54	59	
1583	9	18	47	48	81	
1584	9	11	13	15	16	19	20	28	44	46	67	70	
1585	5	12	13	14	18	18	19	20	22	56	57	
1586	21	23	24	26	51	52	58	61	91	93	
1587	23	24	32	51	54	83	86	87	89	90	93	97	
1588	51	54	57	79	80	82	83	85	87	88	
1589	82	
1601	13	
1602	10	14	18	71	
1603	7	9	11	12	13	14	15	16	18	27	
1604	11	12	15	16	16	17	19	20	22	25	27	56	58	61	73	
1605	21	22	23	25	26	48	52	56	60	87	
1606	23	25	32	50	52	53	55	82	83	85	87	88	88	90	92	
1607	52	80	81	82	84	85	87	92	93	
1608	79	80	81	84	
1609	81	85	89	
1611	102	
1613	9	15	
1614	5	6	10	11	12	14	15	16	19	21	25	57	
1615	17	18	19	20	21	24	34	50	51	53	54	55	59	69	
1616	22	40	43	45	45	46	48	49	50	63	
1617	44	45	47	63	
1618	12	20	21	24	26	28	57	61	70	
1619	21	22	25	51	52	56	88	
1620	33	52	53	55	85	86	88	90	92	97	
1621	55	79	81	82	84	85	88	91	
1622	61	80	84	
1625	51	51	51	52	
1632	74	
1635	13	
1636	9	13	
1637	7	8	10	11	12	14	15	16	20	36	56	57	
1638	13	16	17	18	18	19	20	22	24	33	52	53	56	61	71	
1639	22	23	46	48	50	51	54	59	88	89	92	95	
1640	49	53	62	81	82	84	85	88	90	
1641	56	80	82	83	87	
1642	82	85	
1644	15	
1647	11	14	17	19	
1648	6	8	10	11	12	13	14	15	16	18	20	25	
1649	2	12	16	17	19	20	21	22	23	25	26	52	54	69	
1650	22	37	45	50	58	64	
1651	24	45	49	57	
1652	23	34	50	52	53	54	55	56	60	
1653	51	54	82	83	85	86	87	89	90	94	
1654	54	80	81	83	84	85	87	
1655	78	80	87	
1656	84	
1657	40	40	41	97	
1660	68	
1667	23	
1670	10	13	13	
1671	5	6	8	10	11	12	13	14	15	16	19	22	27	56	57	59	61	
1672	15	17	18	19	20	21	22	24	25	27	41	47	47	51	52	53	54	55	59	71	
1673	31	44	46	48	48	50	52	54	61	84	
1674	44	78	80	83	
1676	28	
1678	19	19	66	
1679	14	
1680	17	19	47	
1681	9	11	14	17	18	20	23	72	
1682	6	8	10	11	12	13	13	14	15	17	19	20	21	23	72	
1683	1	12	15	17	18	19	19	20	21	22	23	27	
1684	21	22	53	55	56	57	59	61	
1685	33	34	42	45	47	50	51	52	54	55	56	58	
1686	45	47	48	49	51	54	
1687	37	44	46	54	79	80	81	84	
1688	44	46	79	81	85	
1690	34	34	34	84	96	
1691	87	
1693	13	
1703	60	
1704	8	10	13	16	
1705	7	10	11	11	12	14	14	15	16	18	21	52	53	57	61	
1706	16	17	19	20	21	23	23	25	34	36	47	48	50	50	51	52	54	55	57	58	60	91	
1707	34	43	44	45	46	46	47	49	50	65	
1708	41	45	46	50	
1709	42	45	49	
1710	20	26	28	43	46	
1711	18	20	43	47	50	66	
1712	10	17	20	27	30	42	46	47	68	
1713	15	16	18	19	21	44	47	67	
1714	12	14	16	18	18	20	21	28	44	75	
1715	11	13	15	15	18	19	21	23	24	27	44	49	70	
1716	7	12	14	15	21	22	24	26	
1717	21	22	25	86	87	90	92	94	
1718	35	52	54	55	56	57	60	63	82	83	85	86	87	88	89	90	91	93	
1719	17	35	47	48	50	51	51	52	53	54	57	59	62	87	88	91	92	
1720	31	42	43	44	45	46	46	47	49	49	51	54	60	
1721	42	44	46	48	48	56	62	78	
1722	46	47	50	
1723	99	
1724	52	
1726	44	
1728	16	16	17	
1729	64	
1736	8	
1738	8	11	14	
1739	5	6	9	11	12	14	16	21	25	
1740	12	13	17	20	24	51	52	53	53	54	55	56	62	80	82	84	86	89	91	93	99	
1741	16	17	21	36	37	37	45	47	49	50	51	55	58	86	88	90	91	93	
1742	30	39	44	45	47	48	48	49	52	55	58	63	63	
1743	20	22	43	43	45	47	49	62	69	
1744	19	21	23	44	47	48	50	62	65	74	
1745	19	20	22	26	44	45	48	49	62	
1746	13	14	20	21	23	23	44	50	75	
1747	14	22	25	45	49	
1748	22	23	24	27	57	84	93	
1749	23	24	86	88	89	90	92	
1750	24	83	86	87	89	90	93	97	
1751	10	14	81	82	83	84	85	87	88	91	94	
1752	7	11	14	15	53	79	80	81	82	84	85	86	89	93	98	
1753	16	35	51	51	53	54	55	57	60	63	81	82	84	85	86	87	89	90	92	93	96	
1754	16	17	50	51	53	54	56	57	58	61	87	89	91	92	
1755	32	35	45	47	48	48	49	50	52	57	61	81	92	
1756	25	37	39	43	44	46	47	49	51	60	74	
1757	43	45	46	48	52	
1761	40	
1762	15	
1769	4	
1773	9	11	13	
1774	7	10	12	14	15	18	79	80	82	92	101	
1775	20	54	80	81	82	84	85	87	89	91	95	
1776	50	52	55	87	89	91	92	93	98	
1777	23	86	87	90	91	92	
1778	25	73	87	88	89	90	91	
1779	23	23	75	84	87	88	90	91	93	
1780	23	25	86	87	88	89	90	91	95	
1781	23	25	58	59	83	85	87	89	90	93	94	
1782	82	85	86	88	88	89	91	
1783	78	80	81	82	84	85	86	89	
1784	80	81	82	84	85	88	93	
1785	79	80	81	85	89	
1786	4	9	15	80	82	84	87	89	94	98	
1787	6	10	11	12	14	79	79	80	81	83	85	88	92	
1788	8	13	54	81	82	84	86	87	88	90	91	95	
1789	16	51	52	55	57	58	59	62	82	83	86	86	88	88	89	90	91	94	
1790	50	51	53	53	55	56	60	63	74	87	91	
1791	45	49	50	60	88	
1792	44	48	54	
1807	10	15	
1808	4	9	15	79	90	100	
1809	6	9	12	15	78	79	80	83	84	87	89	
1810	78	80	81	82	83	84	86	88	89	93	
1811	78	82	82	84	85	86	88	90	98	
1812	80	81	82	83	84	85	87	89	95	99	
1813	81	82	85	86	87	89	93	
1814	78	81	82	84	84	85	87	92	94	101	
1815	81	81	82	84	85	88	
1816	81	82	84	86	100	
1817	79	81	83	
1818	78	80	85	
1819	82	83	
1820	81	
1821	13	14	79	81	85	88	
1822	7	9	15	80	81	83	83	85	88	
1823	6	12	78	79	80	81	83	84	85	91	
1824	34	51	52	54	59	80	81	82	84	85	86	88	89	90	94	
1825	52	54	58	61	82	83	85	85	86	89	91	93	
1838	69	
1841	18	
1842	4	
1843	79	
1844	79	81	83	100	
1845	79	80	81	83	85	91	99	
1846	78	79	80	82	86	
1847	79	81	83	87	90	95	
1848	79	80	83	84	
1849	79	81	84	
1850	79	82	84	
1851	67	97	
1852	87	
1854	89	
1856	79	91	
1857	79	82	88	
1858	55	79	80	82	85	
1859	79	80	83	84	89	
1875	3	
1878	85	
1880	98	
1881	84	
1882	89	
1884	100	
1887	64	
1889	85	
1892	79	
1893	80	88	
1894	84	
1902	70	
1923	44	
1925	87	
1930	73	
1939	33	
1956	56	
1957	63	
1960	10	
1978	76	
1988	87	
1994	23	87	
1996	10	
1998	58	
2002	71	
2010	76	
2011	68	
2013	69	
2016	86	
2024	92	
2025	63	
2041	71	
2045	50	
2058	37	45	
2059	63	
2082	50	
2084	74	
2086	9	
2093	102	
2094	43	
2109	7	
2131	83	
2153	10	
2172	100	
2181	12	
2184	90	
2201	97	
2210	98	
2258	10	
2260	10	
2269	6	
2278	98	
