47	56	
54	87	90	92	
55	86	87	90	92	96	
56	88	90	92	97	
57	87	90	92	
58	16	
84	78	
87	50	91	97	
88	81	83	85	86	87	88	89	91	92	95	
89	80	82	83	86	87	88	88	89	91	92	96	
90	7	9	82	83	84	85	86	87	88	89	90	91	92	94	97	
91	10	15	81	83	84	86	86	87	88	89	90	92	95	98	98	
92	16	19	81	82	86	87	88	90	91	94	99	
93	17	19	
118	58	
119	51	52	54	
120	46	49	51	54	
121	48	81	85	87	89	91	95	
122	8	80	81	82	84	85	87	88	90	92	95	
123	78	79	81	82	84	85	86	89	91	98	
124	8	79	80	81	82	84	85	86	87	89	96	
125	9	11	15	19	79	80	81	82	84	85	86	88	88	90	94	
126	7	10	12	13	13	14	16	17	18	80	81	82	83	84	85	87	89	90	96	98	
127	16	17	17	19	20	23	25	84	
152	52	56	58	
153	47	48	50	51	51	52	53	55	56	57	
154	40	45	46	47	49	50	52	54	
155	45	46	80	84	87	91	96	
156	79	80	82	84	85	88	88	97	
157	17	78	79	80	83	88	93	98	
158	5	8	79	80	84	89	94	
159	5	8	9	11	14	17	78	79	80	83	
160	4	6	7	9	10	11	12	13	14	15	15	16	16	17	18	19	79	80	82	84	87	100	
161	15	16	17	17	19	20	20	22	82	
162	22	
186	53	57	
187	47	49	50	51	51	52	54	55	59	
188	41	44	45	45	46	46	47	48	49	49	50	51	54	59	
189	43	47	83	84	92	
190	46	79	86	
191	36	87	
192	84	
193	5	9	10	12	18	18	83	101	
194	3	7	8	10	11	11	12	13	14	14	15	16	18	69	79	100	
195	16	16	17	18	19	20	21	22	25	
196	22	
220	51	51	52	53	55	57	
221	34	42	47	47	48	49	50	50	51	51	52	53	54	55	56	59	
222	40	42	44	45	46	47	49	49	50	54	
223	44	49	91	
224	84	
226	13	16	20	36	38	40	68	
227	9	13	15	16	16	17	19	20	21	26	
228	2	5	6	7	8	10	11	12	13	14	14	15	18	19	20	22	25	26	70	
229	13	15	16	16	17	19	20	20	21	22	24	
230	18	22	
244	88	91	
245	83	86	87	89	90	92	93	96	
246	86	87	90	92	96	
247	17	19	92	
254	51	52	53	55	56	57	
255	34	36	43	47	47	48	49	50	50	51	51	52	54	54	56	59	
256	41	43	44	45	45	46	47	47	49	49	50	53	
257	37	44	48	63	
259	10	14	28	63	
260	8	11	12	13	13	14	15	16	18	20	42	61	69	
261	4	13	16	17	18	19	19	20	22	24	25	32	39	44	70	
262	8	10	11	13	14	15	18	19	21	22	24	70	
263	3	19	20	22	24	
264	22	
275	56	
276	47	51	
277	46	50	95	
278	82	85	86	87	89	91	92	94	97	
279	8	11	13	80	82	84	85	86	87	88	88	89	90	91	93	97	99	
280	10	12	15	16	78	80	81	82	83	84	85	86	87	88	90	91	94	97	
281	17	81	82	86	87	88	88	89	91	92	95	
282	17	86	88	90	98	
283	18	
288	52	53	55	56	58	
289	47	47	49	50	51	51	52	53	54	55	56	60	
290	39	42	44	45	46	46	47	48	48	49	49	50	51	53	58	
291	40	43	45	
293	8	10	11	13	15	
294	5	6	7	11	12	14	14	15	16	18	19	
295	13	16	17	17	18	19	20	21	22	23	25	26	45	
296	5	13	24	
297	24	
309	48	52	56	
310	47	48	49	50	52	54	55	59	
311	46	49	89	94	
312	81	83	83	85	86	89	92	
313	3	11	79	80	81	82	83	84	86	91	94	
314	5	8	9	11	13	14	16	79	80	81	82	84	85	87	89	94	101	
315	9	11	13	15	18	79	80	81	82	84	85	86	88	89	91	97	99	
316	6	10	12	14	15	16	17	19	80	81	82	83	85	86	90	93	
317	16	17	18	19	21	
322	52	53	57	
323	35	37	43	47	48	50	51	52	52	54	55	56	57	59	
324	34	36	41	43	44	45	46	47	48	49	49	50	53	58	59	61	
325	41	44	45	46	47	49	
327	6	9	10	14	
328	6	7	11	11	12	13	13	14	15	16	17	18	25	
329	16	17	18	19	20	22	88	91	
330	11	13	87	92	
331	16	19	
343	50	51	52	54	55	56	57	
344	35	43	46	47	47	48	49	50	50	51	52	53	56	59	61	
345	39	42	44	45	46	46	47	49	51	
346	80	84	
347	5	78	80	84	
348	5	11	67	80	81	85	94	
349	5	7	9	11	13	13	14	15	16	19	26	78	78	79	80	82	84	
350	7	11	12	12	14	15	16	16	17	18	18	19	20	21	26	69	79	80	
351	18	20	21	23	
357	51	52	53	54	55	56	57	60	
358	34	41	43	45	46	47	47	48	49	50	50	51	54	55	57	59	61	
359	38	41	43	44	45	46	47	48	54	
360	64	
361	8	10	
362	7	11	12	13	14	15	16	18	25	90	
363	10	16	21	80	82	86	87	89	90	92	93	96	98	
364	6	10	11	13	15	16	81	82	85	87	89	90	95	
365	16	16	17	18	19	20	25	81	
377	51	52	52	54	57	
378	34	46	47	47	48	48	49	50	50	51	53	54	60	
379	42	44	45	46	48	49	50	53	91	95	
380	44	91	95	
381	76	
382	5	9	10	14	
383	4	6	7	9	10	11	12	13	14	14	15	15	16	18	
384	7	12	13	15	16	17	17	19	20	21	22	23	24	
385	21	22	
391	52	55	57	
392	34	37	47	48	49	50	51	51	52	53	54	54	55	56	57	59	61	
393	36	41	42	43	44	45	45	46	46	47	47	48	49	50	51	54	
394	43	45	46	48	
396	5	7	8	12	85	98	
397	9	12	80	81	82	84	87	89	97	99	
398	7	10	11	11	12	13	14	15	15	16	19	20	80	81	82	83	85	87	88	91	97	
399	16	17	18	19	19	20	23	24	
400	22	
411	51	52	53	54	55	56	58	
412	46	47	48	49	50	50	51	52	54	55	
413	44	45	46	47	48	49	50	53	58	83	86	87	88	91	93	95	
414	87	88	91	94	
415	100	
416	6	8	9	10	12	14	
417	3	7	10	11	12	12	13	13	14	14	15	15	16	17	18	19	24	
418	15	16	17	17	18	19	20	20	21	22	25	
419	23	
425	52	57	
426	47	50	51	51	52	53	54	55	57	60	
427	40	42	45	46	47	47	48	49	50	51	53	56	59	
428	43	44	46	47	48	
429	43	
431	8	9	13	79	83	84	
432	5	6	7	8	10	10	11	12	13	13	14	15	15	18	23	79	84	
433	12	16	16	17	17	18	19	20	20	21	25	
434	23	
444	55	56	58	
445	46	47	48	51	52	53	53	54	56	
446	45	46	47	48	49	50	51	54	55	57	
447	44	48	48	49	53	81	85	87	89	92	97	
448	80	83	83	85	89	94	101	
449	11	15	
450	8	9	11	13	14	
451	2	5	6	7	10	11	12	12	14	14	15	15	16	18	19	24	
452	13	15	16	17	18	18	19	20	21	22	24	
459	53	
460	48	51	52	53	54	55	57	91	
461	47	48	49	49	51	54	56	83	87	88	90	91	92	93	97	
462	44	49	88	91	92	98	
465	4	8	10	
466	6	7	9	10	11	12	13	13	14	15	15	17	18	19	25	83	
467	2	12	13	15	16	17	17	19	19	20	21	22	
468	18	21	23	
478	51	52	53	57	
479	35	43	47	48	49	50	50	51	52	53	54	55	58	58	60	
480	40	43	44	45	46	46	47	48	49	49	50	52	
481	45	52	82	84	90	
482	49	68	79	82	86	94	
484	4	7	8	9	10	12	14	17	
485	6	7	10	11	12	12	13	14	15	15	16	19	23	
486	16	17	17	18	18	20	20	22	
491	92	
492	87	91	93	
493	52	55	87	88	88	89	90	92	94	97	
494	52	53	55	82	85	86	87	88	89	90	92	93	96	101	
495	50	53	53	78	81	82	84	85	86	87	88	89	90	91	93	96	
496	81	82	85	86	88	89	90	93	94	
497	83	86	
498	14	
499	8	10	14	68	
500	2	3	6	7	10	11	11	12	13	13	14	14	15	16	18	22	24	
501	12	15	16	16	17	17	19	19	20	21	22	23	
502	22	
512	52	53	55	56	58	
513	35	47	47	48	49	50	50	51	51	52	53	54	55	56	57	59	
514	37	38	41	42	45	46	46	47	48	48	49	50	
515	33	44	47	
516	54	
518	4	6	9	10	13	
519	7	8	10	11	11	12	13	13	14	15	17	19	24	27	88	
520	12	15	16	17	19	21	22	82	85	87	90	91	93	96	
521	86	87	90	91	92	95	
522	87	88	89	91	92	96	
523	87	88	89	90	91	93	97	
524	52	83	87	88	90	91	92	94	97	
525	55	83	85	86	87	90	91	92	96	
526	52	53	82	83	85	86	87	88	88	89	90	91	95	97	98	
527	55	80	81	82	84	85	86	87	88	89	90	91	93	96	
528	55	78	78	79	80	81	82	84	85	86	87	88	89	93	94	100	
529	79	80	81	82	83	85	86	88	90	
530	38	79	80	82	84	99	
531	38	68	
533	8	9	13	15	
534	4	7	10	11	12	12	13	14	14	15	17	21	23	
535	13	15	16	16	17	18	18	19	19	20	21	24	
536	17	22	
546	52	57	
547	35	48	49	50	51	51	52	53	54	55	56	57	59	61	
548	35	38	40	42	44	45	46	46	47	48	48	49	49	50	51	56	59	
549	32	38	40	42	43	44	45	46	49	
550	74	74	
552	6	10	13	
553	6	8	10	12	14	15	82	83	93	
554	13	15	17	79	80	81	83	84	86	87	88	88	89	90	92	94	97	99	
555	80	81	82	83	84	85	86	87	88	88	89	90	91	93	96	99	
556	80	81	82	84	85	86	87	89	90	91	92	95	97	101	
557	79	81	82	82	84	85	86	87	89	90	90	92	96	
558	52	82	83	84	86	86	88	89	90	91	92	94	97	
559	55	78	80	81	82	83	84	85	86	88	88	89	90	92	94	98	100	
560	54	78	79	80	82	83	84	85	86	88	89	90	93	
561	37	79	80	81	82	83	85	87	89	92	97	
562	79	80	83	83	85	90	
563	16	18	37	38	47	66	79	80	
564	19	26	34	36	39	42	46	56	66	
565	18	19	20	23	37	38	40	43	47	
566	13	26	71	
567	5	9	10	15	22	
568	5	6	7	8	10	10	11	12	12	13	14	15	15	16	23	69	
569	3	13	15	16	16	17	17	18	18	19	20	20	21	22	25	
570	18	23	23	25	
571	23	
579	47	
581	51	52	52	53	54	57	
582	34	35	42	43	47	47	48	49	50	51	51	52	54	55	56	57	58	59	61	
583	34	36	38	40	42	44	45	45	46	46	47	47	48	49	50	54	58	58	61	66	
584	31	39	41	43	44	46	47	48	48	49	75	
585	28	36	41	46	73	
586	9	
587	11	14	90	93	
588	78	79	80	81	82	84	86	90	
589	4	79	79	80	80	81	82	83	84	86	90	95	98	
590	78	78	79	80	81	82	83	85	88	88	90	
591	78	79	80	81	82	83	85	86	88	91	
592	78	78	79	80	81	83	83	85	86	88	89	
593	16	78	79	80	81	83	84	85	87	
594	17	38	79	80	82	85	103	
595	37	79	82	84	
596	17	19	24	34	38	39	40	46	62	79	
597	12	13	16	17	18	18	19	20	28	34	36	40	42	46	59	62	71	
598	15	16	17	19	19	20	22	24	27	28	33	36	39	41	46	48	50	51	57	58	60	62	68	
599	18	21	22	22	24	25	34	36	37	39	41	42	44	45	46	47	47	49	50	52	54	56	58	58	60	67	69	
600	21	22	23	24	28	31	36	39	41	44	45	46	47	48	
601	4	10	13	23	25	26	29	39	43	72	
602	5	7	8	9	10	11	12	12	14	14	15	19	23	
603	13	15	16	16	17	19	19	20	21	24	
604	17	18	22	
615	55	
616	48	50	52	53	53	55	56	57	
617	34	36	42	45	46	47	48	49	50	50	51	52	54	55	57	58	59	61	
618	30	35	36	38	39	40	42	43	43	44	45	45	46	47	48	48	49	49	50	51	53	56	57	59	
619	31	37	39	41	44	46	47	49	56	59	70	
620	26	28	36	41	43	46	70	
621	71	
622	39	70	79	82	85	
623	38	79	81	84	
624	79	98	
625	31	36	42	78	79	
626	15	37	38	57	63	79	80	
627	16	17	18	23	34	36	39	40	47	60	67	72	80	
628	16	17	19	20	26	34	37	38	39	40	42	44	46	59	62	68	72	79	
629	8	11	14	17	18	19	20	21	23	23	26	35	39	41	62	65	66	71	
630	8	11	12	13	14	15	17	19	20	21	21	24	26	35	40	63	65	67	71	
631	12	14	17	19	20	21	22	23	24	24	25	40	44	
632	21	22	23	23	24	44	48	51	53	55	59	69	74	
633	22	24	25	43	44	45	48	49	50	51	52	54	55	57	58	58	60	
634	25	32	34	37	40	41	43	44	45	46	47	48	48	49	50	59	61	73	
635	30	39	41	44	65	68	72	
636	1	5	8	9	10	11	12	13	14	15	22	24	26	66	
637	2	13	15	18	19	20	21	22	25	71	
638	21	23	
650	52	
651	48	50	52	53	53	55	57	59	
652	34	41	45	47	49	50	51	52	52	54	56	57	60	62	
653	30	33	35	36	39	41	42	43	44	45	46	47	48	48	49	50	50	51	56	57	58	59	61	
654	24	37	38	39	41	42	43	44	45	46	47	48	48	49	50	53	57	58	
655	27	30	36	38	38	40	42	43	46	47	60	69	
656	24	36	40	47	51	54	69	72	
657	21	36	39	46	61	73	
658	20	38	39	42	46	60	66	
659	15	17	19	21	26	30	36	39	46	63	67	84	
660	9	11	14	17	18	19	20	21	35	38	39	40	43	46	62	68	71	
661	11	13	14	15	16	18	19	20	21	22	24	27	40	43	61	63	66	71	
662	13	14	15	18	19	20	21	22	23	23	24	26	31	33	39	43	43	45	49	61	
663	11	14	19	20	21	22	24	25	45	75	
664	15	21	23	23	24	45	
665	23	25	
667	52	54	
668	45	50	61	
669	44	45	48	
670	5	23	
671	25	
686	52	53	54	58	
687	33	48	51	52	54	57	61	
688	35	36	42	45	45	46	48	49	50	51	53	53	55	57	59	61	
689	24	32	34	37	40	42	43	44	45	46	47	48	49	49	50	51	55	56	57	59	61	74	
690	24	25	31	33	37	39	40	42	44	45	46	47	48	48	49	51	58	61	71	
691	20	23	24	25	26	36	38	39	42	44	46	50	59	62	68	70	
692	9	13	14	20	22	23	26	35	40	43	63	66	70	
693	11	13	14	15	16	18	19	20	21	22	23	26	27	40	43	62	70	
694	8	9	12	14	15	17	19	20	21	22	23	24	25	69	
695	15	21	22	23	24	25	43	
696	24	45	74	
697	25	
704	3	
722	51	53	55	
723	35	49	50	52	61	
724	24	34	42	43	45	47	48	51	60	63	
725	24	40	43	44	45	
726	24	25	42	45	75	
727	22	24	
728	25	
1157	16	
1158	32	
1161	53	
1163	87	
1168	13	
1171	13	
1179	38	
1180	47	51	69	
1182	70	
1188	85	
1191	33	
1195	32	
1200	43	
1202	21	
1204	58	100	
1205	11	
1208	36	
1209	17	33	
1210	18	19	35	36	40	45	
1211	22	34	38	41	47	48	60	
1212	21	23	47	73	
1213	47	61	70	
1214	70	
1240	80	
1241	31	
1242	9	15	16	19	40	68	
1243	16	18	20	23	26	35	38	39	60	66	
1244	16	17	18	20	21	24	37	40	44	46	48	48	58	61	
1245	20	21	22	23	29	34	37	41	43	46	48	52	54	57	60	69	75	
1246	19	21	24	26	35	37	39	41	44	46	48	50	52	57	60	69	
1247	22	24	29	40	44	46	48	50	71	
1248	38	43	
1250	48	
1275	9	21	
1276	9	12	19	20	38	
1277	7	10	12	13	14	15	16	17	18	18	19	21	28	35	43	62	71	
1278	13	15	17	18	18	19	20	20	21	23	24	34	41	47	62	
1279	20	21	22	23	25	34	39	42	44	47	50	51	53	55	56	58	61	
1280	21	24	33	36	41	42	44	45	46	47	48	49	50	51	53	55	56	59	61	
1281	23	25	37	40	42	44	45	46	46	47	48	49	50	52	59	
1282	43	45	47	51	62	74	
1295	63	
1299	40	
1301	50	92	
1309	9	14	20	
1310	7	9	10	11	13	14	16	17	19	
1311	6	8	10	11	12	14	15	15	16	17	18	19	20	22	24	72	
1312	17	17	19	20	21	22	24	73	
1313	22	25	45	52	58	
1314	36	48	50	51	52	53	53	54	55	56	60	
1315	36	40	42	43	44	45	46	47	48	48	49	50	51	54	60	
1316	42	44	45	46	49	50	
1317	41	54	
1320	66	
1322	71	
1324	4	
1334	48	
1341	25	
1343	9	15	19	
1344	7	8	10	11	12	14	15	19	23	67	
1345	12	13	14	15	15	16	16	17	18	19	20	21	
1346	17	20	21	22	23	
1347	53	
1348	47	51	52	52	54	55	56	57	
1349	42	43	46	47	47	48	48	49	49	50	51	53	55	60	
1350	38	44	45	49	51	55	
1351	44	51	
1352	38	
1356	4	
1365	27	39	
1366	39	
1367	26	50	
1368	59	69	
1372	22	
1375	18	
1377	12	
1378	6	8	9	10	11	12	13	14	15	17	18	28	
1379	8	11	12	13	14	15	16	17	18	19	20	21	24	
1380	17	17	21	22	23	
1382	50	51	52	53	55	57	
1383	47	47	49	50	50	51	53	55	59	83	86	87	89	90	91	93	94	97	
1384	43	44	45	47	48	50	53	87	91	92	95	
1385	44	92	
1398	38	
1399	22	37	
1400	17	18	37	40	46	
1401	17	22	33	40	44	47	49	71	
1402	36	38	45	46	
1403	71	75	
1407	58	
1408	18	
1411	13	
1412	7	9	10	10	11	13	14	18	21	
1413	6	8	11	12	15	15	16	17	18	19	20	24	
1414	17	17	20	21	22	57	
1415	46	47	50	53	
1416	44	52	52	54	55	92	93	
1417	50	51	53	54	60	81	82	83	84	85	86	88	88	91	
1418	46	48	80	81	83	84	85	86	88	89	94	101	
1420	56	
1432	14	17	
1433	11	13	15	16	19	24	39	
1434	15	16	17	19	20	21	24	34	36	38	41	47	51	55	56	59	62	63	67	
1435	18	19	20	21	22	23	25	26	34	36	38	40	42	43	45	46	47	48	49	51	55	58	58	67	
1436	22	25	26	29	37	38	41	44	46	47	49	57	74	
1437	25	42	45	47	64	70	
1438	26	52	
1439	64	
1443	26	26	
1445	9	16	19	
1446	5	6	8	9	10	11	13	14	15	19	
1447	7	11	12	13	15	15	16	17	19	23	24	81	
1448	16	17	18	19	20	22	36	52	53	54	55	56	59	
1449	41	46	46	47	48	49	50	52	57	59	
1450	41	44	52	86	89	
1451	36	48	51	54	57	79	80	84	88	
1452	66	79	80	82	84	100	
1453	55	67	
1454	92	
1457	102	
1466	10	13	14	20	
1467	7	9	11	12	13	14	15	16	18	22	25	65	
1468	12	14	15	16	16	17	17	18	19	20	21	23	25	43	51	53	57	69	
1469	17	20	21	22	24	27	37	42	45	46	47	49	50	51	53	54	57	58	60	
1470	23	33	33	36	40	42	43	44	46	47	48	48	50	51	57	58	62	
1471	24	41	44	45	47	49	73	
1472	43	48	53	
1477	25	
1478	80	
1480	8	9	11	12	13	14	17	
1481	2	7	10	11	12	14	15	16	18	18	20	23	58	81	87	89	
1482	16	17	17	19	20	21	48	51	52	53	54	55	56	82	85	93	98	
1483	37	40	42	45	46	47	48	49	49	50	51	54	59	
1484	32	41	44	45	46	49	57	84	
1485	39	46	48	50	63	83	
1486	26	43	45	46	
1489	1	68	
1500	8	11	15	
1501	6	10	10	11	13	13	14	15	16	19	67	
1502	8	13	15	16	17	17	19	20	21	23	
1503	18	20	21	23	51	52	54	58	61	
1504	43	45	47	48	49	50	52	53	55	
1505	44	45	46	47	48	49	50	53	55	
1506	43	45	47	48	91	
1513	8	16	29	
1514	4	10	14	
1515	5	6	8	9	10	11	12	13	14	15	16	18	20	23	81	85	
1516	8	12	15	16	16	17	18	19	20	24	51	52	52	54	55	56	58	81	81	86	89	92	
1517	17	21	34	36	42	48	49	50	50	52	54	59	61	
1518	30	35	38	38	40	43	43	45	46	49	50	53	56	58	59	
1519	35	37	42	47	48	48	49	51	55	56	63	71	
1520	22	27	43	44	47	49	50	69	
1525	87	
1533	26	
1534	10	16	19	
1535	4	7	9	10	10	11	13	13	14	14	15	16	18	21	
1536	8	12	12	15	15	16	16	17	19	19	21	27	72	
1537	17	18	20	21	23	51	52	53	54	55	56	60	
1538	42	46	47	48	48	49	50	51	53	54	55	56	
1539	44	47	50	88	95	
1540	50	82	86	88	91	95	
1541	49	
1548	13	16	
1549	3	8	9	10	11	12	13	14	16	80	94	99	
1550	6	8	11	12	13	15	16	17	18	19	20	53	80	82	83	86	88	101	
1551	16	17	18	19	20	22	50	51	55	60	
1552	35	37	43	45	48	50	51	54	57	59	
1553	41	43	43	45	46	47	48	49	49	50	51	53	54	58	59	61	
1554	40	44	45	46	47	48	49	53	
1555	43	46	51	
1558	103	
1560	67	67	67	68	
1567	10	
1568	9	12	14	16	
1569	5	7	9	10	11	12	13	14	15	16	17	18	20	23	68	
1570	12	15	16	17	17	19	19	20	21	23	71	
1571	18	21	52	52	53	54	55	56	57	59	
1572	40	42	45	46	46	47	49	49	49	50	51	52	53	54	57	58	
1573	44	45	46	48	54	94	
1574	46	78	84	89	
1575	84	90	
1580	21	41	
1581	81	
1582	8	
1583	5	8	9	10	12	14	15	16	19	88	
1584	7	10	11	12	12	13	13	14	15	16	17	18	19	21	81	
1585	17	17	18	19	21	22	
1586	51	52	52	55	56	57	59	
1587	40	43	45	46	46	47	48	49	49	50	51	51	52	53	54	59	
1588	40	44	45	46	48	54	58	
1589	55	
1601	10	15	
1602	7	9	11	12	12	13	14	19	
1603	4	7	10	11	12	14	14	15	16	17	18	18	19	20	21	23	69	
1604	13	17	17	20	21	22	24	58	
1605	23	36	47	48	51	52	52	53	54	55	57	60	
1606	37	41	42	45	46	47	48	48	49	50	51	53	54	59	
1607	44	45	46	53	87	91	95	
1608	83	
1609	85	
1614	16	19	
1615	12	16	19	39	
1616	4	9	14	16	20	36	39	71	
1617	4	10	11	14	16	18	18	20	26	29	41	66	69	
1618	5	8	10	11	12	13	14	15	16	17	18	18	19	20	22	24	
1619	17	19	20	21	22	25	80	
1620	38	51	52	53	54	55	56	57	
1621	37	42	45	46	46	47	48	50	50	51	53	54	55	59	
1622	43	43	44	45	46	48	49	55	
1623	48	
1625	71	
1634	14	22	38	
1635	9	13	
1636	4	6	8	9	10	11	13	14	15	17	20	
1637	11	12	12	14	15	16	17	17	19	20	21	24	
1638	17	17	18	20	21	22	24	53	57	
1639	50	51	52	52	53	54	54	55	56	57	59	
1640	39	42	45	45	46	46	47	48	48	49	50	50	51	55	60	
1641	36	40	43	44	47	49	53	
1642	94	
1643	49	
1644	36	
1646	2	39	
1647	17	36	38	
1648	8	10	13	16	18	18	20	24	34	39	47	62	
1649	10	13	16	19	21	24	27	35	36	38	42	43	62	71	
1650	14	16	18	19	20	22	25	39	42	61	71	
1651	5	8	9	12	13	15	18	19	20	21	23	24	26	26	71	
1652	5	12	14	18	20	21	22	24	
1653	21	23	25	
1654	51	51	52	52	55	56	58	
1655	36	42	46	46	47	48	49	50	50	51	52	53	54	55	57	
1656	42	43	44	45	46	48	48	50	54	
1669	8	14	
1670	3	6	9	10	11	12	14	15	19	
1671	11	12	13	14	15	15	16	17	19	20	22	24	91	
1672	16	17	18	19	20	22	
1673	33	37	50	51	51	52	53	54	54	56	58	59	
1674	35	36	40	42	45	46	46	47	48	48	49	49	50	51	51	53	55	57	60	
1675	30	36	39	41	44	45	46	49	56	62	
1676	34	36	39	47	50	57	60	67	
1677	20	25	26	36	39	43	46	68	
1678	19	21	29	38	38	41	43	46	49	61	
1679	21	38	41	48	61	75	
1680	12	14	18	19	21	38	40	71	
1681	10	15	17	19	20	23	25	27	37	41	65	70	
1682	10	13	14	17	19	20	21	23	25	28	35	39	42	61	64	67	71	
1683	10	12	15	17	19	20	21	22	23	23	26	39	43	65	
1684	10	13	13	18	19	20	22	24	63	71	
1685	22	22	23	24	
1686	4	22	25	
1688	52	54	55	56	58	60	
1689	41	43	46	47	48	49	50	51	53	53	54	55	57	
1690	40	44	45	47	49	50	54	
1691	44	50	
1692	32	56	
1703	11	14	
1704	3	7	8	10	11	14	15	23	
1705	7	9	10	10	12	13	14	15	19	80	82	86	89	93	97	98	
1706	13	16	17	19	20	21	77	82	85	87	88	89	91	93	94	
1707	17	18	23	51	51	52	54	55	56	58	93	
1708	33	41	46	47	48	49	50	51	54	56	59	
1709	36	39	41	43	43	44	45	47	48	50	56	59	61	64	
1710	24	26	31	37	39	41	44	46	48	49	51	56	59	61	66	71	75	
1711	21	24	31	36	39	42	43	47	51	55	57	59	63	71	
1712	19	21	22	23	25	26	28	35	38	38	40	42	43	47	50	58	60	62	68	
1713	15	18	20	22	25	29	35	38	40	43	45	48	60	63	71	
1714	14	19	21	23	25	35	40	60	71	
1715	10	15	18	20	21	23	24	41	44	64	69	
1716	13	15	21	23	24	73	
1717	21	23	24	
1718	24	
1720	88	92	
1721	87	88	90	91	92	93	96	98	
1722	16	52	53	54	55	56	57	87	89	89	90	91	92	96	
1723	46	47	47	48	49	49	50	51	52	54	55	60	91	93	
1724	41	43	44	45	46	47	48	48	49	54	
1725	44	
1726	51	
1727	21	21	21	
1734	95	
1737	10	
1738	9	11	13	15	
1739	5	7	9	11	12	14	15	16	81	84	90	
1740	8	10	11	12	13	14	15	17	19	79	80	83	84	85	87	89	91	96	98	
1741	16	17	19	53	85	86	87	89	90	91	96	
1742	16	17	51	92	
1743	45	50	
1744	44	49	62	
1745	23	25	43	45	49	62	
1746	24	35	44	45	48	74	
1747	23	25	43	43	45	49	62	63	
1748	15	23	25	45	
1749	25	
1750	25	
1751	92	93	
1752	87	90	91	92	97	
1753	83	86	87	89	90	91	93	94	96	
1754	8	83	86	87	88	88	89	90	91	94	96	
1755	81	82	83	84	85	86	86	87	89	90	91	96	
1756	7	10	12	13	51	52	52	54	55	56	57	80	81	82	84	86	87	88	89	90	90	92	95	98	99	
1757	16	19	33	46	47	47	50	50	51	51	53	53	54	57	59	82	83	86	87	89	90	91	93	96	
1758	43	44	44	46	47	48	51	86	87	90	92	94	
1759	97	
1763	78	
1772	12	
1773	4	8	11	85	92	
1774	6	9	11	13	14	15	78	79	80	82	85	89	95	
1775	8	11	12	14	15	17	78	80	81	82	83	83	84	86	87	88	90	92	93	96	99	
1776	17	82	86	87	89	90	91	94	97	
1777	16	18	18	87	91	92	
1781	56	
1783	88	91	92	
1784	86	87	88	90	91	92	94	97	
1785	51	55	56	82	86	87	88	89	90	91	92	96	98	
1786	52	54	83	85	86	86	87	88	89	90	91	93	94	97	
1787	78	80	81	82	84	85	86	88	88	89	90	93	98	
1788	80	81	82	84	85	87	88	90	93	93	
1789	9	78	79	80	81	83	84	85	90	97	
1790	9	10	12	13	15	53	78	78	79	80	80	81	83	84	88	93	
1791	7	15	51	52	54	55	56	79	80	81	82	84	85	87	88	89	91	97	99	
1792	45	49	54	82	84	86	87	88	88	89	90	92	94	97	101	
1793	55	89	95	
1806	13	
1808	10	15	79	
1809	7	8	10	12	15	79	79	81	85	87	89	91	99	
1810	6	9	11	12	14	15	80	81	81	82	83	85	86	88	89	91	93	
1811	11	13	14	15	17	18	81	82	84	85	86	88	88	89	90	92	95	98	98	
1812	82	86	87	88	89	90	91	92	93	95	97	
1813	88	90	92	
1814	92	
1815	52	84	87	90	92	96	
1816	55	86	87	88	89	90	91	95	97	
1817	55	82	82	84	85	86	87	87	89	89	90	92	94	97	101	
1818	54	80	81	82	84	85	85	86	87	89	90	94	
1819	11	78	79	80	81	82	83	84	84	85	86	89	90	94	
1820	80	81	82	83	84	85	87	88	91	
1821	79	80	81	82	83	85	91	
1822	78	80	83	83	85	88	
1823	10	79	82	89	
1824	4	9	80	84	
1825	78	80	81	83	83	86	
1826	56	80	81	82	83	84	85	87	89	91	101	
1827	83	84	87	88	96	
1833	99	
1834	91	
1838	77	
1842	89	
1843	15	79	84	
1844	8	8	10	13	79	80	82	84	89	95	98	
1845	8	11	15	17	79	80	80	81	83	83	84	85	86	89	96	
1846	6	9	10	12	15	78	79	80	81	82	82	83	84	85	86	88	89	91	93	
1847	13	55	82	85	86	87	88	89	89	90	91	92	94	96	98	
1848	54	83	86	87	87	89	89	90	90	91	93	93	95	98	99	
1849	54	82	83	84	85	86	87	88	88	89	90	93	94	97	100	
1850	55	78	81	82	83	83	84	85	87	88	89	90	93	97	100	
1851	77	79	80	81	82	83	84	86	89	97	
1852	78	78	79	80	81	83	83	85	87	88	97	100	
1853	79	80	81	84	89	99	
1854	78	79	81	86	90	
1855	80	86	
1856	36	
1858	2	
1859	80	85	
1860	78	81	84	89	
1861	79	
1875	94	
1878	4	18	
1879	78	80	82	86	88	95	
1880	7	9	15	79	80	81	84	86	88	94	99	
1881	78	79	80	81	83	83	84	86	90	94	100	
1882	77	80	81	82	83	84	85	86	87	88	90	
1883	79	79	80	81	84	85	87	89	91	
1884	79	80	82	84	85	90	
1885	79	80	83	84	86	
1886	79	93	
1887	83	98	
1890	85	
1891	86	
1896	40	
1912	94	
1914	79	85	
1915	78	80	88	
1916	79	80	81	83	93	99	
1917	81	83	
1918	80	87	90	
1919	100	
1924	65	
1931	43	
1933	95	
1937	96	
1949	102	
1951	84	
1954	85	
1971	4	
1974	87	
1977	9	
2020	73	
2026	89	
2027	47	
2034	55	
2044	31	
2045	89	
2054	73	
2063	13	
2076	8	
2082	54	
2097	37	
2101	96	
2110	95	
2111	40	
2120	1	
2135	14	
2139	99	
2148	94	
2151	14	
2153	102	
2161	21	
2170	93	
2211	11	
2229	21	
2230	93	
