160	88	91	93	
161	86	87	89	90	91	93	94	97	
162	16	85	87	88	90	92	95	
163	16	18	
191	56	
192	51	54	57	93	
193	85	87	88	90	92	95	
194	81	82	85	86	88	89	90	91	92	95	98	
195	9	11	14	81	82	83	85	86	87	88	88	89	90	92	95	97	
196	6	11	12	13	15	16	18	78	80	81	83	84	86	87	89	92	94	97	
197	17	17	19	20	87	89	
224	53	56	
225	50	52	57	
226	48	50	52	54	87	90	93	97	99	
227	49	52	54	80	81	83	84	85	86	87	89	90	92	94	97	
228	78	80	81	82	83	85	86	87	89	91	94	99	
229	9	10	13	68	77	78	80	81	82	84	85	
230	6	7	9	11	11	12	14	15	15	16	17	17	18	19	20	77	79	80	84	89	
231	13	17	17	18	18	19	20	21	22	83	
232	23	
257	56	58	
258	51	52	54	57	
259	47	49	50	51	53	54	91	95	
260	48	48	50	55	80	82	84	85	87	88	88	90	91	96	
261	77	79	80	82	83	84	85	86	88	91	95	
262	11	14	19	68	79	81	84	85	98	
263	7	10	11	12	14	14	15	16	16	17	18	18	19	23	28	42	79	84	
264	1	8	11	12	13	14	15	15	16	17	18	19	19	20	21	24	25	70	
265	18	21	22	23	25	27	
266	23	
291	52	53	56	60	
292	47	47	49	50	51	52	54	55	
293	44	46	48	48	50	51	54	82	85	86	88	91	94	
294	80	81	82	84	85	86	90	93	93	96	
295	8	79	80	84	89	
296	10	12	13	14	14	16	17	19	20	68	
297	4	8	10	12	13	14	15	16	16	17	18	18	19	20	20	24	27	69	
298	4	17	20	21	21	22	23	24	
299	21	22	
325	51	52	53	54	55	56	57	58	60	
326	42	45	46	47	48	49	49	50	51	51	53	54	55	
327	44	46	49	81	84	88	89	92	95	
328	16	31	68	79	80	84	85	89	
329	6	8	10	12	13	14	15	16	18	18	19	42	68	83	
330	4	9	11	12	14	14	15	16	17	17	18	19	20	20	22	23	24	26	71	
331	12	18	20	21	21	22	23	24	27	43	72	
332	21	22	25	
353	87	90	92	98	
354	87	91	93	97	
358	57	
359	51	52	52	53	54	55	56	57	58	61	
360	48	49	49	50	51	52	54	59	92	
361	49	82	84	87	90	96	
362	8	10	12	13	14	68	81	85	
363	6	10	12	12	14	15	15	16	17	17	19	19	20	21	22	27	73	
364	5	13	15	17	18	19	19	20	21	22	22	23	24	
365	22	24	
385	48	51	
386	87	90	92	93	97	
387	13	78	81	82	84	86	87	88	88	90	91	94	
388	7	11	14	16	78	81	83	84	85	87	88	88	89	91	96	
389	16	17	18	19	85	
392	56	60	
393	49	51	51	52	53	54	60	88	92	
394	48	49	50	51	53	83	87	88	90	91	94	96	99	
395	8	10	14	84	86	89	91	93	
396	5	6	11	11	12	14	15	15	16	16	17	18	23	69	
397	13	15	16	17	18	19	20	21	21	23	24	25	28	69	
398	22	23	25	
418	51	52	54	
419	49	50	52	53	88	91	
420	49	51	82	84	85	87	89	91	95	
421	9	11	13	77	79	81	82	84	85	86	88	90	94	99	
422	6	8	10	11	12	13	14	15	16	16	18	19	77	79	81	82	84	101	
423	17	18	19	20	21	79	
424	23	
425	53	56	
426	50	51	53	55	91	
427	49	51	55	83	85	86	88	90	91	95	99	
428	46	80	82	84	85	86	87	88	89	90	92	94	
429	7	11	12	13	14	16	80	81	83	85	87	88	
430	8	11	12	14	15	16	16	17	18	18	19	20	21	24	28	28	70	
431	20	21	22	23	23	24	
432	22	
450	56	
451	52	55	56	
452	48	50	51	52	54	55	60	88	91	
453	46	49	51	52	53	58	82	86	88	89	91	93	94	96	
454	48	80	81	83	84	86	87	88	90	94	
455	6	8	9	11	12	13	14	15	16	18	65	79	81	84	
456	7	11	12	14	14	15	16	16	17	18	18	19	20	20	68	78	
457	20	21	22	23	25	27	
459	49	51	52	54	57	88	91	93	97	
460	50	52	54	85	86	87	89	90	92	94	97	
461	35	41	50	59	80	81	83	84	85	86	87	89	93	97	99	
462	13	17	18	39	43	47	67	79	81	83	85	98	
463	3	6	8	8	10	11	12	14	14	15	19	21	23	81	
464	13	15	16	17	18	18	19	20	21	22	24	
465	21	22	23	24	
484	53	56	58	
485	50	51	52	55	60	92	
486	47	49	50	51	53	53	55	59	82	86	87	90	92	94	
487	38	39	46	48	49	77	80	81	83	84	85	86	90	
488	8	10	13	14	78	80	82	85	88	
489	6	10	11	12	14	15	15	16	18	19	80	
490	3	13	17	17	20	20	21	22	23	24	27	
491	22	52	
492	52	55	86	88	90	92	95	
493	49	52	54	83	85	86	87	89	90	92	95	
494	38	58	66	77	80	82	84	85	86	87	89	90	94	
495	7	13	14	15	16	17	19	20	45	48	56	62	65	78	80	82	84	
496	18	19	20	21	22	26	28	31	40	44	45	47	49	67	69	
497	3	6	10	11	14	15	20	22	23	23	25	43	67	71	
498	13	17	19	20	22	24	25	26	
499	22	
517	52	57	
518	47	51	52	54	58	
519	49	50	54	55	57	87	88	90	92	96	
520	41	45	51	53	55	56	57	61	67	81	84	85	89	
521	17	19	29	43	44	47	49	67	69	79	81	
522	9	22	44	45	46	48	64	67	69	72	78	
523	4	7	11	12	13	14	14	15	21	22	24	43	70	73	
524	21	23	24	53	93	
525	52	55	87	90	92	96	
526	54	82	85	86	87	88	89	90	91	94	96	
527	13	16	80	81	82	84	85	86	88	88	90	94	99	
528	7	9	11	12	14	15	16	17	17	18	19	40	69	78	79	81	83	85	
529	18	19	20	20	22	23	25	28	53	59	69	78	
530	21	22	23	24	31	41	45	48	49	50	74	
531	12	14	25	45	
532	14	18	22	23	
550	57	
551	51	52	55	
552	48	49	50	54	87	91	92	96	
553	10	14	81	83	85	87	89	91	95	
554	16	19	58	71	79	81	83	
555	18	21	24	27	52	
556	8	22	23	25	49	
557	25	
558	54	87	90	92	95	
559	40	55	77	81	83	85	86	87	88	89	91	94	97	
560	10	16	18	41	67	77	78	80	81	82	83	84	85	89	99	
561	7	9	11	12	13	14	15	16	17	18	19	20	38	65	69	73	79	80	84	
562	6	13	15	17	20	21	21	24	27	
563	21	22	23	23	25	
564	34	
565	4	
567	23	
583	57	
584	46	52	56	
585	47	49	50	51	52	53	55	87	90	93	98	
586	49	85	86	88	88	90	91	94	97	
587	6	10	12	14	79	81	82	84	85	87	88	90	92	96	
588	13	17	23	88	
589	52	55	56	88	91	93	96	
590	51	86	87	91	92	96	
591	82	86	87	90	93	93	96	
592	16	38	67	77	79	81	83	83	85	86	88	94	
593	10	11	14	16	17	18	19	39	77	79	80	82	84	85	
594	7	9	11	12	13	14	15	16	17	18	19	20	69	72	78	80	
595	4	11	19	20	21	21	23	23	25	27	
596	22	23	23	25	
616	56	
617	52	56	
618	46	48	49	50	51	52	53	54	57	
619	46	49	51	54	81	83	85	86	89	
620	8	81	82	83	85	86	87	89	90	94	
621	6	8	10	12	14	15	79	80	82	84	86	89	97	
622	86	87	88	89	91	93	96	
623	53	83	85	86	87	87	89	90	92	95	98	
624	81	82	84	85	86	87	89	91	94	98	
625	8	14	16	18	39	68	80	81	83	84	85	
626	10	12	13	14	16	17	18	19	20	43	43	68	70	78	80	88	
627	8	10	12	14	15	17	17	18	19	19	20	21	24	26	70	79	
628	15	17	19	20	21	22	24	25	71	
629	22	23	24	
650	56	58	
651	35	51	52	53	54	55	56	57	60	
652	34	42	47	48	48	49	50	50	51	53	54	55	56	57	59	
653	37	39	42	44	45	46	47	47	48	48	49	50	51	78	
654	45	46	50	79	80	82	83	85	94	
655	11	39	47	78	80	84	
656	17	37	78	78	80	82	83	84	85	91	95	
657	16	18	20	38	43	66	78	78	79	80	82	84	85	87	89	
658	11	13	15	16	17	18	19	20	66	68	68	78	79	80	81	82	84	
659	7	10	12	14	15	16	17	18	18	19	20	20	22	26	43	65	72	79	
660	10	13	14	15	19	20	20	21	22	23	24	27	28	45	68	
661	15	20	21	22	24	25	
662	23	25	
685	51	52	55	55	56	57	60	
686	34	37	48	50	51	51	52	53	53	54	54	55	56	57	58	58	60	
687	31	36	42	44	45	46	47	48	49	50	50	51	52	54	56	57	63	68	
688	31	37	41	43	44	45	46	47	48	48	49	56	62	67	68	72	
689	19	19	23	34	41	43	45	46	47	49	51	53	60	67	70	
690	2	11	18	19	20	21	38	40	43	45	47	63	66	69	79	
691	6	10	11	13	14	15	17	18	19	20	20	22	63	67	68	73	79	83	
692	4	10	13	13	14	15	17	19	20	20	21	22	24	26	45	70	
693	20	21	22	23	23	24	26	71	
694	22	24	25	
720	53	54	55	59	
721	51	53	54	58	61	64	
722	30	51	54	59	63	64	
723	23	23	24	32	35	45	55	59	65	72	
724	13	20	21	23	24	25	45	64	70	
725	9	15	21	22	23	24	24	25	64	73	
726	5	22	23	23	24	
758	24	
1161	58	
1186	97	
1197	70	
1204	55	
1209	101	
1210	13	
1226	1	
1234	18	
1238	7	
1240	30	
1241	96	
1249	51	
1254	17	
1260	37	70	
1266	81	
1271	75	
1281	28	
1282	47	52	
1283	46	66	
1284	59	
1289	79	85	85	
1302	22	
1314	44	
1315	16	20	40	
1316	17	18	19	22	31	40	47	51	55	58	66	68	
1317	19	21	24	32	41	44	46	48	49	51	51	66	71	
1318	21	43	44	46	47	49	61	71	
1323	79	
1325	86	
1334	64	
1336	92	
1337	17	
1343	26	
1347	13	25	
1348	11	14	17	18	20	
1349	11	14	17	19	20	43	58	66	68	
1350	16	17	18	18	19	20	22	23	33	35	38	52	54	55	56	57	58	60	68	70	
1351	18	20	21	22	23	25	39	43	45	47	47	48	49	50	51	53	53	55	57	60	66	73	
1352	25	27	43	45	46	47	48	49	50	56	72	
1353	44	51	
1359	76	
1368	22	
1373	47	
1375	8	
1379	14	
1380	18	
1381	11	14	16	19	24	68	
1382	10	12	13	15	16	17	18	18	19	23	29	67	
1383	8	10	12	15	16	17	17	18	19	20	21	24	26	28	44	72	
1384	19	20	21	22	24	51	52	55	56	57	
1385	22	23	24	25	48	50	51	52	53	55	59	62	
1386	45	47	48	50	53	92	97	
1387	45	49	55	
1389	67	
1406	26	
1412	74	
1413	21	30	
1414	8	13	19	
1415	10	12	13	15	16	17	18	19	71	
1416	8	10	12	14	15	16	17	17	18	19	20	21	23	23	68	
1417	15	20	21	22	24	26	56	
1418	23	24	50	51	52	55	56	
1419	49	51	52	54	55	57	91	92	95	
1420	50	54	57	83	86	88	89	90	94	97	
1421	54	91	
1429	91	
1436	63	
1445	33	
1447	9	16	
1448	8	10	12	14	16	23	27	
1449	9	10	12	13	13	14	15	16	17	18	20	25	73	
1450	15	17	18	19	20	21	22	24	26	56	
1451	21	22	23	24	51	53	54	56	
1452	48	49	51	52	54	91	93	
1453	50	82	85	86	87	88	90	91	95	98	
1454	78	79	81	82	85	86	89	93	
1455	81	86	
1459	87	
1466	35	
1475	46	
1476	64	
1478	44	
1480	14	
1482	7	8	10	11	13	14	18	19	
1483	11	12	15	15	16	17	18	18	19	20	22	23	25	56	
1484	20	21	22	24	27	53	56	
1485	48	49	50	51	53	54	57	93	97	
1486	50	58	83	85	86	87	88	90	91	95	99	
1487	78	79	81	82	83	85	86	89	92	95	
1488	61	78	80	85	95	
1489	80	
1490	6	80	
1491	67	
1494	69	
1508	16	21	36	40	43	
1509	17	20	25	42	46	51	56	61	71	
1510	26	45	46	47	48	53	68	
1511	43	51	
1514	16	69	
1515	11	14	16	19	28	
1516	8	9	10	11	12	13	14	15	16	17	19	20	67	71	
1517	12	12	15	16	17	18	19	20	21	23	25	27	57	
1518	22	23	47	50	51	53	54	55	57	
1519	49	50	54	56	83	87	88	88	89	90	92	94	96	
1520	48	78	78	80	81	83	84	85	87	89	94	99	
1521	79	81	85	89	
1540	42	
1541	11	13	18	18	
1542	17	18	19	21	43	45	56	58	
1543	17	18	19	20	22	23	25	42	47	48	50	52	54	56	58	60	64	66	68	
1544	44	46	47	49	50	51	53	54	71	
1545	45	46	50	65	74	
1548	18	
1549	7	10	11	14	16	17	19	21	27	
1550	5	8	10	11	13	14	15	15	16	17	18	18	19	20	21	57	69	
1551	20	21	22	23	24	47	50	51	52	54	55	56	
1552	23	45	47	48	51	53	53	87	89	90	92	94	97	
1553	49	61	77	80	81	82	84	85	86	89	92	94	
1554	80	82	85	90	95	
1555	79	
1556	66	
1561	69	69	69	71	
1564	78	
1570	34	
1573	15	
1574	15	42	
1575	8	9	11	13	14	15	17	19	66	
1576	7	14	15	16	17	18	18	19	20	21	23	23	56	57	58	72	
1577	20	21	22	24	25	26	47	47	50	51	52	54	55	60	69	
1578	23	44	45	47	48	49	50	54	57	
1579	49	64	
1581	7	17	39	
1582	6	9	11	13	15	16	18	19	24	
1583	9	11	14	15	16	16	17	18	20	21	23	70	
1584	13	18	20	21	22	23	25	26	52	55	57	60	70	
1585	21	22	25	46	47	48	50	51	53	53	54	
1586	44	47	49	53	55	82	85	87	88	90	92	95	
1587	51	78	80	82	84	85	90	
1589	88	
1602	43	
1608	9	12	13	15	17	18	20	43	66	
1609	6	9	11	12	14	15	16	17	18	19	20	21	23	24	58	68	70	
1610	13	15	18	20	21	23	24	25	26	52	52	53	57	62	
1611	22	23	46	47	49	50	50	51	52	54	55	
1612	45	46	48	50	59	86	87	91	93	98	
1613	37	45	59	
1614	15	16	20	38	
1615	11	14	16	17	19	21	24	67	
1616	8	9	11	12	13	15	17	18	19	20	21	71	
1617	4	12	15	18	19	20	21	22	25	27	53	57	69	
1618	22	23	24	51	52	54	55	56	58	92	
1619	48	49	49	50	52	53	55	61	88	92	
1620	44	49	80	83	84	87	89	93	
1621	79	89	
1622	85	
1636	48	
1637	64	
1639	10	
1640	42	
1641	9	11	15	17	19	
1642	6	11	13	13	14	15	16	17	18	19	20	21	24	28	68	
1643	8	12	15	20	22	23	24	56	
1644	21	22	24	51	52	53	53	54	55	58	74	
1645	42	47	48	50	51	52	55	57	
1646	50	81	83	85	87	89	93	
1647	48	85	
1648	9	11	14	16	19	21	25	41	44	72	
1649	4	8	11	12	15	16	17	20	22	23	25	68	
1650	22	24	25	69	
1651	23	24	87	92	97	
1652	52	53	54	57	87	88	90	91	94	98	98	
1653	53	55	81	82	84	85	86	89	90	92	95	
1654	49	80	82	86	
1655	49	55	
1657	87	
1658	12	
1670	28	
1673	8	15	
1674	10	14	17	20	
1675	7	9	11	12	13	15	17	18	19	21	25	71	
1676	12	15	20	22	25	
1677	23	87	91	93	97	
1678	37	52	53	53	54	55	57	61	87	88	88	89	90	92	94	95	97	
1679	46	48	49	50	83	86	87	88	90	93	96	
1680	10	32	37	41	44	79	83	
1681	11	14	15	16	19	23	28	43	65	67	70	
1682	10	12	14	15	18	20	21	24	56	72	
1683	3	21	22	23	24	51	52	55	71	
1684	22	24	50	52	53	88	90	92	95	98	
1685	81	83	85	86	87	88	90	93	97	
1686	77	79	80	81	83	83	85	86	90	93	98	
1687	52	55	77	78	80	81	83	84	86	88	93	98	99	
1688	82	87	
1689	97	
1692	60	
1695	67	
1697	11	
1707	6	14	17	19	41	
1708	8	10	12	14	15	16	17	19	
1709	17	18	19	21	23	46	52	69	
1710	22	49	
1711	81	82	84	85	86	88	90	
1712	12	17	19	36	68	76	77	79	80	81	83	84	84	85	89	100	
1713	16	17	19	46	66	77	80	82	84	88	
1714	12	17	18	20	40	43	65	66	66	73	
1715	13	15	19	21	24	27	70	
1716	22	24	51	52	54	
1717	23	51	54	86	87	91	92	93	95	97	
1718	53	78	82	83	84	85	86	87	89	90	93	94	
1719	79	80	82	84	86	89	97	
1720	78	80	87	
1721	79	84	89	
1722	88	93	
1723	40	
1737	29	
1738	21	
1740	9	23	
1741	10	12	13	15	16	17	18	20	42	57	67	71	
1742	3	7	16	17	17	19	20	21	23	24	42	48	52	53	55	56	57	58	67	
1743	20	21	22	25	36	42	46	47	49	50	56	58	66	73	
1744	42	45	46	48	85	99	
1745	9	14	18	42	69	78	80	84	98	
1746	5	10	12	14	15	16	19	20	22	24	69	79	88	
1747	15	17	20	22	24	56	69	79	
1748	22	25	56	70	74	
1749	23	51	52	53	55	92	
1750	52	54	87	88	90	91	94	96	
1751	76	77	81	83	85	86	87	88	91	94	
1752	79	80	82	84	86	92	
1753	79	85	
1754	80	
1755	85	92	
1756	84	94	
1764	92	
1771	79	
1773	9	23	
1774	10	12	14	15	16	18	
1775	10	12	13	14	16	17	19	20	22	24	27	57	69	
1776	16	17	18	19	20	21	22	23	24	35	52	53	55	57	59	
1777	22	23	25	41	45	47	49	50	54	59	66	
1778	23	26	34	41	44	45	47	48	59	64	68	71	
1779	10	13	15	19	24	26	44	64	67	73	
1780	2	3	15	21	22	23	65	70	
1781	21	22	23	24	52	
1782	54	88	91	93	96	
1783	52	54	81	83	85	86	87	89	90	92	94	97	99	
1784	22	77	80	82	83	83	84	85	87	89	94	
1785	79	80	83	85	90	
1786	82	
1787	87	
1807	8	12	14	
1808	9	10	11	14	15	
1809	7	11	12	13	15	19	23	
1810	16	16	17	19	20	22	23	23	25	55	
1811	54	
1812	45	
1813	23	53	
1814	25	88	91	92	95	98	
1815	51	53	86	87	89	90	91	93	95	
1816	77	81	82	84	85	86	88	90	93	94	97	99	
1817	78	80	81	83	83	84	86	88	
1818	79	80	84	87	94	
1819	80	
1824	81	
1837	30	76	
1841	10	14	
1842	5	8	10	13	15	24	
1843	6	9	10	11	12	13	14	15	83	90	98	
1844	12	17	78	83	86	86	87	89	90	92	95	98	
1845	87	88	90	90	91	95	96	
1846	86	87	88	90	90	91	92	93	95	96	
1847	55	86	87	88	89	90	91	92	93	95	97	
1848	55	82	83	85	85	86	88	89	89	90	92	94	98	
1849	76	78	80	81	83	84	85	85	87	88	91	97	99	
1850	79	80	81	84	85	
1851	78	80	96	100	
1852	79	83	
1856	100	
1862	82	84	
1876	9	
1877	9	11	15	88	
1878	12	77	79	81	82	84	85	87	88	90	
1879	78	80	81	82	83	83	84	85	86	87	88	89	90	92	93	96	98	
1880	77	78	80	81	82	83	84	85	85	86	88	88	90	94	
1881	76	77	80	81	82	85	86	87	89	91	93	95	
1882	78	78	80	81	84	85	87	89	92	
1883	79	85	89	
1884	80	84	89	
1885	83	
1895	61	
1911	85	
1912	79	93	
1913	77	79	80	81	84	87	88	
1914	78	79	81	83	85	
1915	78	80	84	90	
1916	80	84	
1917	84	
1922	36	
1943	20	
1946	86	88	
1947	84	
1948	78	
1949	80	
1951	87	
1961	26	
1973	12	
1979	99	
1980	63	
1981	103	
1991	29	
2008	84	
2065	90	
2103	26	
2104	97	
2111	50	
2133	10	
2135	12	
2146	13	
2165	10	
2180	11	
2187	7	
2204	13	
2214	9	
2254	11	
2255	9	
