16	73	
45	68	
46	69	
50	73	
179	93	
186	96	
192	91	
193	86	87	91	95	
194	91	
195	17	
210	57	
211	48	
212	88	92	95	
213	11	14	84	86	87	89	91	96	
214	17	18	91	
225	54	88	89	90	92	96	
226	82	85	87	88	89	90	92	94	96	
227	7	9	13	81	82	84	86	86	88	88	89	91	93	95	98	
228	14	16	81	85	86	87	88	90	92	94	96	98	
229	16	16	17	20	
243	57	
244	52	56	
245	47	50	54	
246	49	85	87	90	92	95	
247	6	9	11	15	78	79	81	83	85	89	95	
248	13	15	16	17	18	18	19	26	70	85	
249	24	
251	16	
256	56	
257	48	51	53	59	
258	47	50	52	55	58	87	96	
259	52	81	82	84	86	87	89	91	93	94	97	
260	77	79	80	82	83	84	86	87	89	90	94	101	
261	9	11	13	78	79	80	81	82	83	84	99	
262	6	7	10	11	12	13	14	15	16	19	77	79	81	82	83	84	86	88	99	
263	16	17	17	18	19	20	21	83	85	
277	57	
278	51	52	52	55	56	59	
279	46	47	48	49	50	87	92	97	
280	9	14	80	83	84	86	89	95	
281	8	10	12	14	15	16	17	18	19	69	80	83	
282	18	18	20	20	22	
283	23	
285	15	
290	52	53	56	57	60	
291	46	47	50	51	52	53	54	55	
292	47	48	50	55	81	85	87	89	92	94	98	
293	9	80	81	83	84	85	86	87	88	90	97	
294	78	80	82	83	
295	4	9	13	79	92	
296	6	7	10	11	12	13	14	14	23	78	91	103	
297	12	16	16	17	18	18	19	20	24	
298	22	
311	55	56	58	
312	47	50	51	52	53	54	
313	48	50	86	89	92	95	
314	8	10	12	14	79	82	85	89	93	
315	5	12	13	15	16	17	17	19	20	24	69	
316	20	21	23	
323	58	
324	51	52	53	55	56	56	57	60	
325	46	47	49	50	51	52	54	55	59	
326	43	45	46	48	49	53	80	84	87	91	97	
327	78	81	85	91	93	
328	21	88	89	
329	9	89	
330	6	7	9	10	11	12	13	13	14	15	15	16	16	17	18	19	84	
331	2	13	16	17	18	19	20	21	22	23	24	
332	22	
344	58	
345	48	52	53	55	56	
346	46	47	49	50	51	54	
347	9	13	44	49	80	83	86	88	91	94	
348	5	7	10	12	14	15	16	19	83	
349	13	16	17	17	18	19	20	21	23	25	27	
350	22	
357	58	
358	48	51	52	55	56	56	57	59	62	
359	42	46	47	48	49	50	50	52	53	54	55	57	58	61	
360	44	46	49	84	91	
361	5	15	83	89	
362	15	17	29	81	84	101	
363	6	9	10	12	13	14	16	18	18	19	20	70	
364	7	10	11	12	13	14	15	16	17	18	19	19	20	21	24	27	70	
365	1	17	21	22	23	23	25	
378	56	57	
379	48	50	51	51	52	54	55	56	60	
380	46	47	49	50	88	93	96	
381	9	10	14	81	83	86	88	92	
382	5	7	11	12	13	14	14	15	16	16	18	19	69	
383	17	18	19	20	21	23	24	
391	56	58	61	
392	52	53	54	55	56	61	
393	48	49	50	51	52	53	53	54	58	88	91	94	
394	48	48	49	83	86	88	89	91	94	99	
395	8	10	14	67	86	
396	7	9	11	12	14	15	16	17	19	20	27	28	42	43	67	72	
397	10	12	13	13	15	15	16	17	18	18	19	20	21	21	24	25	29	72	
398	3	15	21	22	23	24	25	
399	22	
404	66	66	67	
411	58	
412	52	53	56	57	
413	46	48	49	50	51	53	54	55	59	
414	46	49	82	85	87	90	92	95	
415	4	8	10	11	12	13	14	16	65	81	85	101	
416	7	12	14	15	16	17	18	19	20	20	23	25	69	
417	2	18	20	22	24	
424	58	
425	52	56	
426	50	51	52	53	53	54	55	57	59	88	91	
427	49	50	54	82	84	86	87	89	91	93	94	97	99	
428	48	83	85	86	89	92	95	
429	7	9	11	11	14	15	16	
430	8	9	11	12	13	14	15	15	16	17	18	18	19	20	21	23	71	
431	5	13	15	17	19	20	21	22	23	25	
432	21	23	24	
445	56	57	
446	48	51	52	52	56	60	
447	47	49	50	51	53	92	
448	8	10	48	81	84	87	89	92	99	
449	5	6	10	11	12	14	15	16	17	18	19	69	
450	16	18	20	22	23	25	26	
457	58	
458	57	93	
459	51	52	54	87	91	92	95	97	
460	47	51	54	60	82	85	87	88	89	91	93	93	95	98	
461	38	45	46	48	50	53	78	80	81	83	83	86	89	
462	8	43	70	79	82	85	88	
463	4	7	8	10	11	12	13	14	14	15	19	24	26	70	
464	4	13	15	15	16	17	18	19	20	20	21	22	23	24	
465	21	22	25	
469	52	52	
470	54	
479	56	57	
480	48	51	52	53	54	55	61	
481	49	83	86	90	92	95	101	
482	7	9	10	12	13	14	80	83	84	87	91	99	
483	12	15	16	16	17	19	20	25	69	
484	18	20	22	23	
491	56	91	97	
492	53	55	86	87	88	90	91	92	96	99	
493	55	58	62	82	83	85	86	87	88	89	90	94	97	
494	16	17	18	40	43	46	48	49	53	55	56	57	58	61	67	77	79	81	82	84	85	100	
495	19	20	27	30	40	42	43	45	46	47	48	49	50	53	68	70	78	81	
496	22	23	27	29	42	44	44	45	46	47	48	49	71	79	
497	5	6	8	9	11	12	13	14	15	43	71	
498	8	12	13	14	15	16	17	18	20	21	23	24	
499	17	20	22	
513	48	51	53	55	56	57	58	
514	46	47	48	49	50	51	54	
515	9	45	81	83	85	87	89	91	95	
516	7	9	11	12	14	15	16	81	
517	3	13	16	17	18	20	21	23	25	
522	92	
523	57	87	90	92	97	
524	51	53	55	87	88	89	90	92	95	97	
525	82	85	86	87	88	90	92	93	96	
526	8	48	77	80	81	82	83	84	86	87	89	94	100	
527	9	11	14	15	17	18	18	19	20	41	43	46	69	78	80	81	84	
528	12	17	19	20	21	26	56	57	69	79	
529	21	22	24	34	50	51	52	53	54	55	56	59	61	
530	23	43	45	46	46	47	48	49	49	50	50	73	74	
531	8	10	14	44	46	
532	2	7	11	12	13	14	15	16	18	81	85	90	94	
533	16	16	17	19	21	23	
546	57	
547	51	52	52	54	55	56	59	60	
548	42	46	47	48	49	50	50	53	
549	8	10	14	44	82	86	
550	4	7	11	12	13	14	15	15	16	17	18	19	73	
551	17	19	20	22	23	24	
555	88	91	93	96	
556	83	86	87	89	91	92	95	101	
557	78	82	83	84	85	87	88	88	89	90	94	96	
558	16	43	54	68	78	82	83	84	85	86	89	90	93	
559	9	16	17	19	43	66	77	80	81	82	84	85	88	
560	11	12	14	15	17	18	19	20	26	65	69	71	79	81	84	
561	13	15	18	20	20	22	23	25	27	69	78	
562	22	24	57	
563	23	35	51	52	55	55	56	57	57	59	61	
564	34	46	47	48	48	49	50	50	53	54	
565	3	42	44	45	46	47	49	
566	4	6	8	10	11	12	14	15	82	84	
567	13	16	17	19	20	22	24	85	87	88	93	97	
568	18	22	
580	57	
581	50	51	52	53	54	55	55	56	58	60	
582	42	45	46	47	47	49	51	54	
583	8	10	13	43	45	46	
584	10	11	12	14	15	
585	16	21	23	87	88	89	91	95	
586	87	88	90	92	96	
587	87	88	90	92	97	
588	58	83	86	87	88	90	91	94	97	
589	52	54	81	82	84	86	87	88	89	90	92	94	97	101	
590	16	40	48	77	80	81	82	84	85	87	88	90	94	98	
591	9	16	17	18	19	38	43	43	46	66	69	77	79	80	81	84	86	
592	11	12	14	17	19	20	44	69	72	77	79	81	84	
593	13	15	18	19	20	21	25	26	29	44	68	79	
594	15	21	22	23	24	
595	22	24	
597	52	55	56	57	58	60	
598	34	48	50	51	52	53	53	54	55	60	
599	41	45	46	47	48	49	49	
600	10	11	13	15	43	72	
601	8	11	12	14	15	19	23	79	82	85	87	90	97	
602	16	17	18	18	20	86	
614	57	
615	35	51	52	53	54	55	55	56	58	59	63	
616	34	47	48	49	50	50	51	53	56	
617	5	8	37	40	42	43	43	44	45	46	47	47	48	49	49	66	
618	9	12	14	27	36	42	44	46	47	66	70	
619	19	22	56	79	81	82	84	85	93	98	
620	19	41	46	56	67	82	83	84	86	89	99	
621	18	40	47	52	81	82	84	85	94	
622	39	43	46	47	51	59	67	68	78	80	81	82	83	84	85	86	93	
623	16	19	42	44	46	68	72	80	81	83	84	85	
624	8	12	13	14	18	19	20	21	26	42	44	65	69	79	81	84	
625	11	14	17	19	20	20	22	24	69	78	
626	15	19	21	22	23	24	24	
627	21	22	24	
631	57	58	
632	52	53	54	55	55	56	57	60	
633	42	45	45	46	47	48	48	49	51	54	
634	5	9	41	44	45	46	49	
635	6	8	11	12	13	14	14	15	80	84	89	93	
636	12	16	17	18	18	19	20	84	88	89	94	
637	22	
649	53	55	
650	33	51	52	54	55	56	58	58	60	65	
651	45	47	49	50	52	54	56	62	
652	5	28	44	48	49	50	58	59	67	75	
653	22	24	41	44	45	49	53	57	61	64	78	
654	20	22	42	44	47	48	50	58	60	66	69	79	
655	18	20	22	23	28	41	44	45	47	49	55	72	78	80	
656	11	14	19	21	24	27	35	44	63	71	79	
657	15	19	20	22	24	26	44	64	70	79	
658	15	21	22	23	25	
659	22	24	25	
666	52	54	55	56	57	58	61	
667	36	48	50	51	51	52	53	54	55	
668	4	42	43	45	45	46	47	48	48	49	
669	6	7	9	10	11	14	15	
670	8	13	15	16	19	20	24	80	84	87	
671	16	18	19	21	
686	55	74	
687	24	54	74	
688	25	
689	23	24	65	
690	24	
700	53	57	61	
701	50	51	51	52	53	54	54	56	58	61	
702	40	46	47	48	49	50	51	
703	3	6	8	9	13	15	43	66	75	
704	12	14	15	16	16	18	19	84	
705	17	20	21	23	26	
735	51	52	54	55	57	59	62	
736	42	47	48	49	53	
737	11	43	45	73	
738	5	12	13	19	20	24	26	69	
739	21	23	
769	55	
772	24	
933	96	
1157	46	
1159	16	
1165	58	
1166	21	
1171	14	
1202	41	41	
1203	27	27	
1204	60	
1206	77	
1213	37	
1220	1	
1231	48	
1236	22	73	77	
1242	12	
1269	25	
1278	29	29	
1285	43	
1299	36	
1309	30	
1313	42	
1314	49	98	
1316	46	48	67	
1320	8	
1334	19	41	47	
1335	46	70	
1337	60	
1343	27	
1347	16	26	36	41	
1348	17	22	30	36	47	48	
1349	22	43	43	46	47	56	64	67	69	
1350	23	46	50	55	
1355	99	
1358	1	
1361	69	
1364	34	
1368	16	17	18	20	26	41	56	59	
1369	20	22	42	44	46	48	49	54	72	
1370	45	71	
1380	20	40	67	
1381	13	13	16	18	19	20	39	46	
1382	17	18	19	20	21	24	43	43	45	46	47	51	57	59	65	67	69	
1383	18	21	22	23	26	39	42	44	46	47	48	49	50	52	54	56	58	67	71	
1384	21	25	27	41	44	45	46	47	49	50	56	63	72	
1385	45	46	48	
1396	79	
1399	15	
1401	10	12	13	15	16	19	58	
1402	17	21	23	51	57	68	
1403	21	23	45	46	49	51	52	53	
1404	49	
1411	18	
1413	18	
1414	8	10	12	14	15	16	18	19	20	70	
1415	11	13	15	16	17	18	19	20	20	23	23	25	65	70	
1416	21	22	23	25	50	53	55	56	57	70	73	
1417	22	47	50	51	52	54	55	56	58	61	
1418	42	45	46	48	48	49	50	53	
1419	46	49	57	
1425	60	
1433	19	
1434	9	14	20	
1435	7	11	12	14	15	16	17	19	24	56	57	
1436	17	18	20	21	24	26	46	47	50	51	52	53	55	56	61	
1437	23	47	49	56	87	92	94	
1438	52	53	90	
1441	13	
1442	13	
1446	20	
1447	7	9	11	14	15	16	
1448	6	11	12	14	15	16	17	19	20	24	27	55	
1449	13	17	18	20	21	22	24	26	46	
1450	23	24	53	56	57	58	
1451	50	51	52	53	53	54	55	56	60	
1452	45	46	47	48	49	50	51	55	
1453	43	48	51	53	
1456	85	
1467	15	
1468	9	11	13	19	24	
1469	6	11	16	17	19	21	25	52	56	59	
1470	21	22	46	48	50	51	53	
1471	52	81	85	88	89	96	
1472	81	
1476	17	
1477	18	
1479	30	
1480	10	
1481	7	8	10	11	13	14	15	17	24	
1482	12	15	15	16	16	17	18	18	19	20	21	24	57	63	68	
1483	18	21	23	24	
1484	56	57	58	67	
1485	47	50	50	51	52	53	54	55	56	57	60	
1486	48	49	50	53	56	88	96	
1487	48	64	
1496	90	
1501	9	14	24	
1502	9	10	12	13	14	15	17	19	19	56	57	68	
1503	12	15	16	17	18	19	21	24	50	51	52	54	59	
1504	21	23	45	46	48	49	51	55	
1505	45	59	79	82	85	93	
1508	60	95	
1514	3	10	14	
1515	7	9	10	11	12	13	14	15	16	18	20	25	
1516	6	12	15	15	16	17	17	18	19	20	21	24	
1517	17	20	22	23	56	
1518	52	58	
1519	49	50	51	52	53	54	57	92	97	
1520	36	51	81	83	86	87	89	90	93	95	
1521	55	87	
1523	36	54	
1525	13	
1532	49	
1534	14	16	18	
1535	8	
1536	5	6	10	11	12	13	13	14	15	17	18	21	57	
1537	17	19	20	22	24	46	48	50	51	52	53	54	55	59	
1538	23	46	49	56	87	90	93	94	
1539	56	80	91	94	95	
1540	38	87	103	
1542	93	
1547	25	
1548	5	11	14	17	
1549	8	9	10	11	12	14	15	16	17	18	18	19	20	70	
1550	8	11	12	13	15	16	17	18	19	20	21	23	24	27	56	70	
1551	21	23	48	51	52	56	
1552	47	50	52	53	55	88	90	92	95	96	
1553	21	51	53	82	85	86	86	88	89	90	93	93	95	101	
1554	55	78	80	81	83	84	85	87	89	91	93	
1555	83	84	99	
1568	8	18	
1569	10	11	13	57	
1570	3	7	11	12	14	15	17	18	18	19	20	24	52	55	56	61	68	
1571	21	22	24	47	49	51	52	53	55	57	60	
1572	50	81	84	86	87	89	91	100	
1573	87	89	
1574	15	48	98	
1579	39	
1581	9	15	16	18	29	
1582	4	9	11	13	15	16	18	22	24	44	70	
1583	5	7	8	10	11	12	13	14	15	16	17	17	19	20	21	24	58	69	
1584	18	21	22	23	24	52	53	56	60	71	
1585	23	46	48	50	52	54	
1586	46	50	53	55	81	82	85	87	89	90	93	96	
1587	52	54	77	78	79	80	82	83	84	86	87	88	100	
1588	79	82	85	
1589	81	
1592	56	56	57	
1593	59	
1601	29	
1602	10	13	18	
1603	7	10	12	14	15	16	19	25	58	
1604	13	17	18	20	21	24	47	51	52	54	56	61	69	
1605	22	49	50	54	87	90	94	
1606	48	49	55	78	81	83	86	91	99	
1607	87	
1608	91	
1609	20	
1613	16	24	41	
1614	17	19	67	70	
1615	7	10	12	14	16	17	18	20	22	27	44	66	
1616	8	10	11	13	14	15	17	18	19	20	22	26	70	
1617	2	13	15	19	20	21	22	23	25	57	57	
1618	22	25	51	51	52	53	53	54	55	57	59	92	
1619	40	45	46	47	48	49	50	50	52	55	
1620	44	46	48	48	50	77	79	80	82	84	88	93	
1621	79	84	
1622	82	
1627	82	
1629	79	79	79	
1635	27	
1636	9	11	
1637	6	10	12	13	15	16	16	17	18	19	23	57	59	
1638	17	20	21	25	46	47	49	51	52	54	
1639	45	48	49	82	86	89	92	93	
1640	46	82	84	91	
1644	17	
1646	14	16	22	
1647	10	16	17	20	27	67	
1648	11	13	14	15	16	17	18	18	19	21	24	29	44	71	
1649	6	12	14	22	24	71	
1650	24	
1651	12	86	87	90	92	93	95	98	
1652	16	51	52	52	54	54	55	56	58	59	61	82	86	87	88	89	91	92	94	96	
1653	17	36	47	51	52	53	55	57	62	86	87	89	91	96	
1654	44	46	48	48	49	51	55	
1655	45	
1657	84	
1667	14	
1669	9	14	
1670	10	12	13	15	18	24	56	57	
1671	12	16	17	19	20	21	25	52	53	53	55	58	58	
1672	22	23	44	46	48	49	50	52	54	
1673	35	79	82	85	88	93	
1674	52	
1677	43	
1678	16	18	22	38	38	
1679	14	16	21	44	47	70	
1680	11	13	18	19	21	29	43	70	
1681	7	11	13	15	18	20	22	24	28	44	69	
1682	8	22	23	25	
1683	22	24	51	54	91	92	96	
1684	82	87	88	89	91	93	96	99	
1685	11	14	77	80	81	82	83	85	86	88	88	92	97	
1686	7	7	12	14	57	58	77	78	79	80	81	82	83	84	85	89	94	99	
1687	16	16	18	20	50	50	51	53	54	55	57	60	78	79	81	83	83	85	86	88	89	95	
1688	40	44	45	47	49	51	53	
1689	44	47	48	51	
1693	72	
1703	10	14	58	
1704	5	7	10	11	12	13	14	15	16	18	18	24	56	58	
1705	13	16	16	17	19	20	22	24	25	36	47	48	50	51	52	54	55	56	58	59	
1706	43	45	47	49	51	54	77	
1707	36	43	46	52	56	80	85	88	
1708	44	
1709	42	58	
1710	24	30	42	49	67	
1711	11	15	17	18	20	40	68	
1712	12	14	17	18	19	21	26	43	45	67	71	
1713	11	14	17	19	20	21	22	25	26	45	49	65	73	
1714	10	15	21	23	25	65	71	
1715	22	23	25	53	55	61	88	91	
1716	55	87	90	92	94	96	
1717	82	84	85	87	89	92	95	
1718	80	81	83	84	85	88	90	95	
1719	10	79	80	84	
1720	6	9	11	14	57	78	80	86	88	100	
1721	8	12	13	16	19	21	24	50	51	52	53	54	54	55	56	57	58	79	81	85	91	95	95	102	
1722	17	17	42	47	48	50	51	61	
1723	44	46	47	49	54	74	
1728	16	
1735	18	
1737	8	14	
1738	5	6	10	11	12	15	16	19	24	57	
1739	16	18	19	21	23	51	52	53	54	58	59	
1740	30	41	43	44	45	46	47	48	49	50	66	
1741	28	42	44	46	47	49	57	59	67	76	
1742	18	22	44	46	51	67	
1743	13	19	21	24	42	45	47	63	65	68	71	
1744	9	12	14	16	19	21	24	45	68	
1745	4	9	12	13	15	18	20	21	24	26	45	
1746	11	22	24	
1747	57	87	91	
1748	53	90	91	95	97	
1749	55	82	86	87	89	92	94	
1750	77	80	81	82	83	85	86	88	90	95	101	
1751	78	80	82	83	85	
1752	78	83	
1754	10	12	15	84	98	
1755	7	11	12	14	15	18	21	24	29	53	55	60	80	85	88	
1756	17	19	20	49	50	51	54	55	56	59	86	89	
1757	41	43	45	46	47	48	49	50	54	58	63	
1758	45	47	61	73	
1759	56	
1762	14	15	15	
1764	93	
1769	42	
1771	15	29	
1772	4	7	8	10	12	14	16	18	
1773	12	13	21	24	53	55	60	80	86	89	91	95	
1774	16	18	51	52	55	61	87	90	92	97	
1775	51	93	
1776	15	23	
1777	14	24	63	
1778	24	93	
1779	23	24	52	88	90	92	96	
1780	14	25	87	87	89	90	91	95	96	
1781	82	85	87	89	90	93	99	
1782	77	80	81	83	84	86	87	89	91	95	
1783	78	79	81	83	85	87	91	99	
1784	79	80	85	
1785	79	89	96	99	
1787	92	
1788	5	10	13	
1789	5	7	8	10	11	13	14	15	82	86	89	98	102	
1790	12	16	20	22	52	53	54	55	56	57	58	60	80	83	84	87	88	93	101	
1791	42	44	45	47	48	50	51	52	54	
1792	44	47	57	
1797	48	
1798	79	
1806	8	12	
1807	10	12	14	79	82	83	87	89	101	
1808	7	12	77	80	82	84	85	87	89	94	
1809	82	86	87	90	92	95	99	
1810	87	91	94	97	
1811	87	89	92	95	
1812	82	86	87	89	90	93	95	
1813	82	83	86	87	89	91	94	99	
1814	78	81	83	84	84	85	86	89	92	94	100	
1815	78	80	81	82	84	86	89	99	
1816	79	80	87	95	
1817	79	84	
1818	83	
1822	10	92	
1823	6	8	10	12	13	15	
1824	6	12	14	15	17	19	22	24	53	55	56	57	59	78	81	86	91	95	
1825	17	20	51	52	54	55	56	
1826	43	45	46	49	51	56	
1827	49	68	
1828	77	
1841	82	
1842	77	79	80	83	89	97	
1843	77	78	80	81	83	85	89	98	
1844	78	80	82	84	86	89	96	
1845	79	81	82	84	85	88	89	99	
1846	79	80	81	84	85	89	
1847	79	81	85	89	
1848	79	81	85	89	
1849	80	87	
1850	31	85	
1852	58	
1853	83	
1854	1	82	
1856	14	
1857	9	14	
1858	6	9	10	12	12	13	14	16	22	24	55	56	81	86	89	103	
1859	17	20	47	51	53	53	54	58	83	86	88	88	91	93	99	
1860	49	
1876	84	91	
1877	82	
1878	87	
1879	78	82	
1880	78	84	
1881	81	83	
1882	90	
1889	9	
1891	9	15	
1892	12	14	
1893	52	53	78	82	86	88	90	95	
1894	82	86	88	90	92	96	
1896	89	
1902	93	
1905	21	
1906	9	
1908	14	
1912	84	
1926	5	
1927	80	83	84	87	94	
1928	81	84	86	
1929	51	93	
1945	12	
1946	51	62	
1947	48	
1950	96	
1957	44	
1960	71	
1961	80	
1962	84	
1963	90	
1977	24	
1980	4	
1982	94	
1984	45	
1993	87	
1996	87	
2013	24	67	
2017	86	
2032	50	78	
2037	54	
2039	103	
2046	16	
2052	11	
2055	1	
2062	17	
2064	28	
2066	28	
2078	19	
2084	38	
2091	22	
2104	59	
2113	32	
2121	82	
2122	7	
2138	54	
2145	88	
2151	36	
2160	7	
2177	8	
2178	30	
2183	1	
2203	17	
2206	4	
2243	3	
