48	58	
84	83	
118	84	
145	34	
146	32	
147	88	92	
148	87	91	
149	87	92	
150	87	
151	88	
179	88	
180	85	86	87	89	91	95	
181	82	86	87	89	90	92	94	97	
182	81	82	85	86	87	88	88	89	90	93	94	96	
183	78	81	83	85	85	86	87	88	89	90	92	94	96	
184	81	83	85	86	87	88	88	90	91	94	96	
185	83	86	87	88	89	91	94	97	
186	87	91	
211	57	
212	52	
213	48	82	85	87	90	92	93	96	
214	78	80	81	83	83	85	86	87	88	89	91	93	97	99	
215	76	77	79	80	81	82	83	84	85	86	88	89	91	94	97	
216	9	77	78	78	79	80	81	82	84	84	86	89	98	
217	10	77	79	80	82	84	85	99	
218	77	78	78	79	80	81	83	83	85	94	
219	7	7	10	12	14	77	79	80	81	83	84	85	86	94	
220	7	16	81	82	84	85	86	87	88	89	91	94	98	100	
221	17	81	83	85	86	87	88	90	91	94	96	
222	18	87	92	
244	56	58	
245	46	48	51	53	54	56	
246	46	48	49	50	51	52	54	56	87	89	93	98	
247	50	77	79	81	82	84	85	87	89	91	95	
248	58	77	79	80	81	84	86	89	91	94	
249	11	16	18	61	67	76	78	78	80	84	
250	16	17	17	19	19	20	21	30	35	38	41	43	44	47	48	49	57	59	61	70	79	
251	20	20	21	26	42	43	44	46	47	48	49	50	56	58	67	69	72	78	80	
252	19	20	22	27	29	40	41	44	45	46	47	48	49	68	70	79	
253	10	20	21	26	42	44	46	78	79	
254	7	10	12	14	78	78	80	81	84	88	94	
255	8	10	12	14	76	77	79	80	81	83	84	85	89	90	94	97	
256	13	15	16	17	19	78	81	83	85	86	87	88	90	93	95	
257	17	18	88	
278	53	56	
279	46	47	50	51	51	52	54	55	56	58	
280	46	48	50	51	52	53	81	83	85	87	88	91	97	
281	49	78	79	81	82	84	85	89	95	101	
282	8	9	11	13	79	81	83	
283	6	10	11	12	12	14	14	15	16	17	18	19	23	70	
284	16	17	17	18	19	20	21	21	22	24	25	26	28	65	
285	4	22	23	23	24	51	52	55	57	58	62	
286	24	33	34	45	47	48	50	51	52	53	54	56	57	58	58	60	73	
287	5	23	29	40	42	43	44	45	46	46	47	48	48	49	50	51	56	67	73	
288	42	43	44	45	46	46	48	
289	5	7	8	10	12	13	15	77	78	80	84	
290	6	9	11	12	13	14	18	78	79	80	82	84	85	88	88	90	96	
291	12	16	17	20	80	81	85	86	87	89	91	94	97	
292	16	18	93	
311	57	
312	48	51	52	52	54	55	56	57	59	
313	42	44	46	47	47	49	50	51	52	53	55	
314	44	46	48	50	54	79	81	84	
315	80	82	86	90	
316	7	8	10	11	12	13	14	15	16	
317	7	10	12	12	13	14	15	15	16	16	17	18	19	20	21	23	26	
318	17	18	19	20	21	22	26	
319	23	
320	52	53	54	55	56	57	58	59	
321	35	36	47	49	50	51	52	53	54	55	56	56	59	61	
322	42	44	45	46	47	47	48	48	49	49	50	74	
323	4	10	44	45	46	
324	7	10	11	12	14	15	79	80	83	85	
325	1	8	10	11	13	13	15	17	18	77	78	80	81	83	83	84	86	86	88	89	91	94	97	
326	17	19	82	84	85	86	88	88	89	95	
327	17	
345	57	
346	48	51	52	52	53	53	54	55	56	57	59	
347	41	44	45	46	47	48	49	49	50	51	51	53	54	55	56	62	
348	41	43	44	45	46	47	49	
349	10	44	
350	6	8	8	9	10	11	12	13	14	15	16	18	
351	12	13	14	15	16	17	17	18	19	20	22	24	
352	17	20	21	23	
354	53	58	
355	51	52	52	53	54	55	56	56	57	59	61	
356	36	42	46	47	48	49	50	51	51	52	54	58	
357	44	44	46	46	48	49	63	
358	5	10	14	100	
359	6	8	9	11	12	14	15	76	79	80	82	84	87	97	
360	8	10	11	13	13	14	15	16	17	18	18	20	77	79	81	82	83	85	90	93	
361	16	17	17	19	82	98	
380	52	53	54	55	55	56	57	58	61	
381	47	47	49	50	50	51	52	53	53	54	57	59	62	
382	40	44	45	46	46	47	48	48	49	49	73	
383	10	13	43	44	
384	6	8	9	10	11	12	14	15	18	
385	6	8	12	13	13	14	15	16	17	19	20	22	25	88	96	
386	16	17	20	23	
389	51	52	53	55	56	56	58	59	
390	48	49	50	51	51	52	53	53	54	56	59	
391	44	45	46	47	48	49	50	51	
392	4	44	46	48	
393	7	8	10	11	12	13	14	78	
394	1	5	6	7	10	11	12	12	14	14	15	16	17	18	19	78	79	85	
395	16	17	17	18	19	20	21	23	
396	23	
414	52	55	57	58	
415	36	51	52	52	53	54	55	55	56	56	57	59	60	
416	42	44	45	46	46	47	48	48	49	50	50	51	53	58	
417	32	40	44	45	46	49	
418	7	9	10	11	12	14	
419	3	7	10	11	12	13	14	15	16	20	82	84	86	88	91	95	
420	16	17	18	19	20	23	87	88	93	
423	52	54	56	57	58	60	
424	35	46	47	48	50	51	51	52	53	53	54	54	55	56	59	
425	45	46	47	49	49	50	54	
426	33	43	
427	8	9	10	12	13	14	15	18	
428	2	7	9	11	12	12	14	14	15	16	17	19	19	21	23	26	
429	2	13	16	17	18	18	19	20	22	24	
449	51	52	52	54	55	56	57	59	62	
450	46	47	48	49	49	50	51	52	53	54	55	56	58	60	
451	31	36	38	42	43	44	45	45	46	47	47	48	49	
452	5	9	10	14	44	46	
453	5	6	7	9	11	11	12	13	14	15	25	77	78	80	85	
454	9	11	12	14	15	16	18	18	21	23	80	82	84	85	87	88	90	93	96	
455	17	82	86	87	88	88	90	92	95	
456	87	92	
457	51	52	53	54	56	57	
458	47	49	50	51	52	54	55	57	59	
459	44	46	48	49	51	54	86	92	95	
460	48	97	
461	5	6	8	10	11	13	13	14	16	68	
462	5	6	10	11	12	13	14	15	16	17	18	19	20	23	
463	16	17	18	19	20	21	22	24	
483	52	55	57	62	
484	50	51	52	52	53	54	55	55	56	56	57	59	60	62	
485	36	45	45	46	47	48	48	49	50	50	51	53	56	59	
486	41	43	43	44	45	46	46	47	48	49	68	73	
487	1	3	6	9	12	14	28	44	46	69	
488	6	10	12	15	23	77	79	80	82	83	85	
489	7	11	13	14	77	78	78	80	81	82	83	84	85	87	89	92	94	97	
490	78	81	82	83	85	86	86	88	88	89	91	94	97	98	
491	52	53	55	56	82	83	85	87	88	88	90	93	94	97	
492	48	50	51	52	54	55	58	85	86	87	88	89	90	92	93	96	
493	49	81	83	84	86	87	88	90	92	94	
494	9	14	82	84	88	93	
495	7	8	10	11	12	13	13	14	15	16	17	18	20	
496	3	11	12	14	15	16	16	17	18	18	19	19	20	21	22	24	26	
497	20	21	22	23	25	
518	53	55	57	
519	48	50	51	52	54	55	56	57	59	62	
520	35	44	45	47	48	49	50	51	53	56	56	58	62	74	
521	40	43	44	45	46	47	48	49	50	56	71	
522	10	43	44	46	49	79	
523	10	14	77	79	80	83	85	
524	11	15	78	79	80	82	83	84	85	87	89	93	97	
525	51	53	54	55	77	78	79	80	82	84	85	86	87	89	90	92	95	
526	50	53	77	78	79	80	81	82	83	84	85	86	87	89	91	93	95	
527	78	79	80	82	84	86	87	89	94	
528	7	8	9	11	13	14	82	
529	4	6	9	11	12	12	13	14	15	16	20	24	
530	15	16	17	18	18	20	21	22	23	24	
531	16	21	87	
553	53	54	57	
554	48	51	52	54	55	56	56	57	59	61	
555	41	45	46	47	48	48	49	50	50	51	52	53	54	56	59	
556	31	40	42	43	44	45	46	46	47	48	49	74	
557	13	41	45	49	
558	79	80	84	
559	77	78	78	79	80	82	83	85	
560	76	77	79	80	82	83	85	89	95	98	
561	9	66	77	79	81	84	
562	9	11	15	
563	7	8	10	11	12	13	14	15	16	21	25	
564	13	15	17	19	21	25	82	85	86	88	89	91	97	
565	81	82	85	86	87	89	90	92	94	97	
566	82	86	87	88	90	92	95	
567	87	90	92	96	
568	88	91	
588	52	54	55	56	57	58	58	61	
589	34	47	47	49	50	51	51	52	53	54	55	56	57	59	61	
590	28	41	43	44	45	46	47	47	48	49	50	51	54	56	58	58	61	67	73	
591	31	39	42	43	44	45	46	47	47	48	49	51	56	57	71	
592	21	36	39	41	44	45	46	47	48	49	56	62	69	72	
593	20	23	26	38	40	43	43	45	46	47	49	57	59	68	70	
594	19	21	41	44	46	47	48	48	50	69	79	
595	20	23	26	38	43	44	46	47	49	69	
596	6	9	21	26	37	41	69	
597	3	6	10	13	14	25	67	79	
598	8	8	12	13	15	18	79	80	81	83	84	86	
599	10	15	76	77	78	79	80	81	82	83	84	85	86	88	89	94	
600	7	11	14	16	77	80	81	82	83	84	85	86	86	89	90	93	94	97	101	
601	16	81	82	84	85	87	88	88	90	91	95	98	
602	17	82	85	86	86	87	89	91	92	94	96	
603	16	85	86	88	88	90	93	95	
604	16	
622	53	
623	50	52	54	55	58	60	
624	30	34	50	52	54	55	57	60	
625	24	45	48	49	50	52	54	55	56	59	62	65	
626	24	25	32	38	43	45	45	47	48	50	51	53	55	56	57	58	61	71	
627	21	23	24	42	43	45	47	49	50	53	55	57	58	60	63	65	71	
628	21	22	23	25	41	44	45	46	47	48	50	51	52	55	56	57	59	61	69	
629	21	22	24	27	30	41	43	43	45	45	47	47	48	49	50	51	54	56	57	59	69	72	
630	21	23	32	40	43	44	45	45	46	47	48	48	49	51	56	57	58	64	68	68	70	
631	20	21	23	24	26	39	42	44	45	46	47	47	49	58	70	72	
632	4	21	21	23	26	31	39	41	43	44	46	46	47	48	49	68	68	70	78	
633	9	22	26	41	43	46	71	79	80	83	
634	10	12	13	46	76	77	78	79	80	82	84	89	
635	8	11	16	77	78	78	79	81	82	83	84	86	89	94	
636	9	13	13	18	77	78	79	80	81	82	83	84	85	87	88	93	95	
637	6	11	13	17	77	80	81	83	83	84	85	86	87	89	91	95	99	
638	17	81	83	84	85	86	87	88	89	90	92	93	96	
639	18	86	87	89	91	94	97	
640	87	
658	55	
660	51	64	
661	25	55	61	
662	24	25	45	51	54	55	61	73	
663	24	29	45	50	54	61	
664	23	25	29	33	45	50	52	54	57	59	63	
665	23	24	48	49	50	51	52	53	53	54	55	56	57	58	61	
666	22	24	32	43	44	45	46	47	48	49	49	50	51	51	52	57	58	58	73	
667	3	22	23	27	32	41	43	44	45	45	46	47	48	48	49	50	56	57	63	67	69	72	
668	5	27	39	41	43	44	45	46	47	48	49	50	69	71	
669	4	20	22	26	37	38	42	44	46	47	49	67	68	71	79	
670	5	11	13	21	28	46	47	67	77	79	80	81	83	99	
671	8	8	11	14	46	76	77	78	79	80	82	84	85	
672	10	13	13	18	77	78	79	80	81	83	84	85	86	89	94	99	
673	8	11	15	77	80	82	83	83	84	85	86	87	88	89	92	94	97	
674	16	17	78	83	84	87	94	
675	18	
699	51	54	55	57	61	
700	50	54	55	57	62	
701	30	49	50	52	53	53	55	57	58	60	63	
702	23	23	25	31	45	49	50	51	53	54	55	56	57	58	60	
703	23	29	37	42	44	45	46	47	48	49	50	51	52	54	56	57	60	66	
704	4	22	24	29	43	44	45	46	47	48	48	49	56	71	
705	4	22	39	41	44	46	47	48	49	78	
706	7	8	11	13	15	20	26	40	44	46	46	69	73	79	99	
707	6	9	10	11	12	13	14	15	18	77	78	79	80	81	84	85	
708	7	12	14	15	16	16	17	18	19	19	21	68	78	
709	17	20	23	
735	55	
736	53	55	
737	51	52	54	55	56	57	59	
738	23	45	47	50	51	51	52	53	55	56	57	59	61	63	
739	25	32	45	47	48	49	50	54	58	67	74	
740	8	23	23	26	30	40	43	45	46	48	48	49	64	71	
741	4	9	10	11	13	14	20	21	23	26	44	69	73	78	
742	13	15	18	19	20	21	22	24	71	
743	22	23	
772	54	
773	54	59	
774	65	74	
775	5	23	24	
776	22	24	25	
888	94	
954	100	
967	99	
1161	38	
1166	64	
1171	66	
1173	91	
1183	70	
1211	10	
1213	9	
1220	59	
1223	88	
1234	25	
1244	12	
1264	17	
1267	36	
1270	25	
1274	86	
1301	16	
1302	40	
1303	43	46	
1304	43	48	50	
1305	28	36	42	
1308	67	
1309	10	
1311	10	26	54	
1315	78	
1319	79	
1321	2	
1332	15	
1334	21	
1335	16	21	
1336	16	18	19	41	45	47	
1337	16	18	18	19	21	37	39	47	51	53	56	58	61	65	67	70	
1338	19	20	23	42	43	45	47	48	49	50	56	66	
1339	20	23	28	39	44	45	46	47	49	55	56	59	65	70	73	
1340	21	28	38	39	43	43	45	47	49	52	54	68	
1341	45	46	48	48	70	
1342	43	46	51	
1343	46	46	
1348	10	
1352	8	
1361	76	
1362	81	
1366	97	
1368	10	13	16	19	
1369	11	14	16	17	19	20	24	27	39	70	
1370	12	16	17	18	19	20	21	25	27	28	43	45	47	62	65	66	68	
1371	18	20	21	21	23	23	25	45	49	53	60	70	
1372	22	23	25	26	45	48	50	53	56	58	61	88	
1373	22	23	28	28	44	48	50	50	52	54	56	58	61	91	93	
1374	22	24	31	37	44	45	49	51	54	57	58	61	88	93	
1375	22	23	24	42	45	46	47	48	49	51	53	58	58	
1376	22	24	28	30	37	39	44	46	47	49	54	67	70	
1377	44	46	47	49	
1378	44	46	66	
1383	61	
1386	5	
1396	69	
1399	22	63	
1401	10	17	19	
1402	6	9	11	12	14	17	19	20	23	26	68	
1403	7	10	11	13	13	15	16	17	17	18	19	20	21	23	56	
1404	15	17	18	19	20	22	24	
1405	21	23	25	92	
1406	73	82	85	86	87	89	90	94	96	
1407	78	82	83	85	86	87	88	89	91	94	
1408	52	54	55	82	83	85	85	86	88	88	91	95	
1409	16	25	50	52	54	55	57	59	83	85	86	87	89	90	95	
1410	16	18	31	45	47	49	51	52	53	55	57	59	62	88	
1411	23	24	40	43	43	44	46	46	47	48	48	49	50	52	56	69	74	
1412	27	44	46	47	51	70	74	
1413	44	48	
1414	54	
1416	66	
1434	19	
1435	9	12	14	16	18	52	
1436	6	9	10	11	12	14	15	16	17	18	19	21	27	70	
1437	13	16	17	19	19	20	21	23	23	25	52	56	57	
1438	21	22	24	46	48	51	52	53	53	55	57	
1439	45	46	49	82	86	88	90	91	95	
1440	76	79	80	82	83	84	86	90	94	99	
1441	76	77	79	80	81	84	85	90	96	99	
1442	10	76	77	79	80	81	84	88	
1443	7	9	11	13	14	53	76	77	79	80	82	84	86	91	93	
1444	13	16	19	46	51	53	54	55	56	57	59	61	82	85	87	90	93	96	
1445	17	32	34	37	42	45	47	48	50	50	51	52	54	56	58	60	87	
1446	42	43	44	45	46	47	47	49	49	50	53	55	58	
1447	39	44	46	47	49	66	72	74	
1451	81	
1461	6	
1468	13	
1469	7	9	10	11	14	15	20	
1470	7	12	13	14	15	15	16	17	18	18	19	21	23	56	57	
1471	17	18	20	21	22	24	51	52	53	54	
1472	23	46	47	48	48	49	50	52	54	56	58	
1473	43	47	50	77	79	81	82	83	85	86	95	
1474	78	81	84	
1475	79	88	
1476	4	80	83	
1477	7	9	12	14	78	
1478	7	10	11	12	13	14	17	57	77	79	81	83	84	85	89	
1479	12	16	16	17	19	20	48	51	52	53	54	55	56	57	59	61	80	84	87	90	
1480	17	18	22	30	41	45	47	48	49	50	51	53	53	55	57	59	60	
1481	41	43	44	46	47	48	48	49	50	56	59	68	
1482	42	43	45	46	47	49	72	
1483	74	
1501	16	
1502	10	15	21	
1503	7	8	10	11	12	14	15	25	
1504	6	7	11	12	13	14	15	17	18	20	25	56	57	86	91	96	
1505	16	17	19	21	23	25	51	52	52	54	55	56	58	88	
1506	43	45	46	47	48	48	49	50	51	54	
1507	45	47	49	51	53	80	
1508	52	
1510	10	88	
1511	9	14	85	
1512	4	6	8	10	11	14	15	80	99	
1513	7	12	13	14	15	16	18	18	19	21	58	78	80	83	88	
1514	16	17	17	19	20	22	34	48	51	52	53	55	56	57	59	61	
1515	42	45	46	46	47	48	48	49	50	51	54	56	58	59	61	74	
1516	17	44	44	46	47	49	51	72	
1517	44	48	48	
1524	32	
1525	95	
1536	15	
1537	4	7	9	11	14	
1538	6	7	10	11	12	13	13	14	15	22	79	83	91	
1539	12	15	16	16	17	19	20	50	51	52	53	53	54	55	56	57	58	60	79	81	86	94	
1540	18	36	45	46	47	49	50	50	51	53	55	58	61	
1541	43	45	46	47	48	51	
1542	45	
1543	45	
1545	93	
1546	7	9	10	12	13	15	16	51	93	
1547	1	7	9	10	11	12	13	14	15	16	18	18	19	21	23	78	84	95	
1548	16	17	17	18	19	20	21	53	56	57	57	60	80	
1549	47	48	49	50	51	51	52	53	55	57	59	
1550	19	43	44	46	47	49	50	51	54	
1552	49	
1554	58	
1555	66	
1570	4	
1571	11	24	
1572	4	8	8	9	10	11	13	13	14	15	17	78	88	
1573	12	13	14	15	17	17	19	22	35	51	52	52	55	56	57	59	62	78	80	85	86	88	89	92	94	
1574	16	17	18	21	42	47	48	49	50	50	51	52	54	55	57	58	88	
1575	41	43	44	45	46	47	47	49	50	51	73	
1576	39	44	49	51	68	
1577	60	
1579	13	24	
1580	6	9	11	13	17	
1581	4	7	9	10	11	12	14	15	16	16	17	19	20	28	58	
1582	13	16	17	18	19	19	21	22	25	52	53	55	56	57	61	
1583	18	22	46	47	48	49	50	51	52	53	55	56	61	
1584	43	44	46	48	49	51	54	58	
1585	48	
1586	53	64	72	
1596	5	
1605	9	14	
1606	5	8	10	11	14	14	84	88	
1607	3	7	11	12	13	14	14	15	16	18	52	53	55	55	57	79	81	84	86	91	95	99	
1608	16	17	18	21	50	50	51	52	54	55	56	57	58	60	82	85	86	87	88	89	91	93	97	
1609	32	37	42	46	47	47	49	50	51	52	55	56	
1610	28	34	43	44	45	46	47	48	48	50	56	58	72	
1611	40	45	47	71	
1612	49	
1613	15	39	44	66	
1614	7	8	10	11	13	14	16	19	20	25	
1615	6	10	11	12	14	14	15	16	17	19	20	21	23	26	58	
1616	17	18	19	20	21	22	48	52	53	54	55	56	62	
1617	23	46	47	49	50	50	51	54	55	58	
1618	46	48	50	53	87	89	92	94	
1619	50	87	
1626	12	
1629	65	
1635	28	
1640	5	9	15	
1641	5	6	9	10	12	14	79	84	89	
1642	8	12	15	17	21	35	46	53	54	55	77	78	80	81	83	83	83	84	86	87	90	93	96	
1643	16	18	18	50	51	54	57	58	62	63	82	83	86	87	89	90	93	93	95	98	
1644	30	42	45	50	51	53	56	59	63	68	88	
1645	23	30	37	39	42	44	45	46	48	48	50	52	54	57	59	67	67	68	
1646	3	30	42	44	45	46	48	49	50	68	70	
1647	16	19	23	39	45	70	
1648	7	9	11	12	13	14	20	22	23	40	69	
1649	8	11	12	13	15	16	17	18	19	20	22	23	56	56	69	
1650	21	22	24	25	26	47	51	51	52	53	54	54	55	58	
1651	43	45	46	47	48	49	50	51	53	55	58	
1652	46	48	52	55	56	77	82	84	90	100	
1653	52	82	
1656	42	58	
1659	89	
1663	88	
1665	99	
1668	57	
1671	5	
1674	5	
1675	6	12	14	83	
1676	8	8	11	14	76	78	80	85	89	97	
1677	6	11	12	13	15	16	76	78	79	80	81	82	84	85	86	88	90	96	
1678	16	17	18	20	32	51	53	53	55	57	62	77	82	86	87	90	97	
1679	17	24	32	47	49	50	51	55	56	59	62	
1680	21	24	28	36	42	43	44	45	46	47	48	49	50	59	66	
1681	10	21	23	25	41	44	45	47	49	65	68	71	84	
1682	4	8	10	12	14	15	17	19	21	23	24	27	44	65	
1683	11	13	19	20	21	22	24	53	56	57	58	70	
1684	21	23	42	47	50	51	51	52	53	54	55	56	58	59	
1685	43	44	45	46	46	47	48	49	50	51	55	67	84	
1686	43	46	49	52	62	80	
1687	43	47	58	
1689	46	
1690	46	
1697	88	88	89	
1704	13	
1707	86	
1709	7	15	84	
1710	5	9	78	84	
1711	7	9	10	12	14	19	79	86	96	
1712	7	10	11	12	13	14	15	17	19	76	78	79	80	84	86	90	96	
1713	16	17	18	19	21	87	90	92	
1714	18	24	53	88	
1715	24	88	
1716	3	24	73	
1717	22	25	52	57	62	
1718	34	48	50	51	52	53	54	55	56	57	58	60	
1719	42	45	46	47	47	49	50	51	52	53	56	59	
1720	28	31	41	43	45	47	48	48	50	57	59	68	70	
1721	39	44	46	48	51	
1722	26	29	38	44	46	47	49	60	69	
1723	48	67	
1724	47	
1725	44	
1727	64	
1743	24	
1744	4	
1745	6	9	11	14	21	79	84	
1746	2	5	7	8	10	11	13	14	15	20	82	84	86	88	91	96	
1747	11	13	14	21	79	81	82	84	85	86	88	89	90	94	
1748	82	88	89	91	93	95	97	
1749	82	83	85	86	87	89	90	93	94	96	
1750	82	86	86	87	89	90	92	94	97	
1751	86	87	88	90	92	97	
1752	16	35	52	53	54	57	61	87	87	89	90	92	
1753	34	45	49	50	52	53	55	56	57	58	61	88	91	93	
1754	44	45	45	48	50	51	53	54	56	57	58	61	93	
1755	24	26	30	37	41	43	45	46	47	49	50	51	55	56	57	58	62	68	70	74	
1756	22	30	37	41	43	45	46	47	48	48	49	54	56	60	72	
1757	23	29	41	44	45	46	47	48	49	51	53	56	58	67	70	
1758	22	24	39	44	46	48	57	72	
1759	26	39	44	47	64	70	
1760	47	
1778	20	
1779	10	
1780	5	11	13	78	81	86	
1781	7	9	15	77	78	79	81	84	87	94	
1782	11	77	78	78	79	80	81	83	84	85	88	91	94	
1783	13	15	76	77	78	78	79	80	81	82	84	85	86	89	91	96	
1784	8	77	79	80	81	82	83	83	84	85	86	89	91	94	
1785	8	11	15	76	77	79	80	81	82	83	83	84	85	86	88	88	89	91	93	
1786	81	82	84	85	85	86	88	88	89	91	93	95	99	
1787	78	81	82	83	85	86	87	88	88	89	90	92	94	97	
1788	55	86	87	88	89	90	91	94	96	
1789	16	51	52	57	60	83	86	87	89	90	92	96	
1790	25	30	45	50	51	52	54	56	59	62	64	92	
1791	24	28	42	45	49	50	52	54	56	57	58	61	88	
1792	22	24	32	42	44	45	47	48	49	51	54	56	58	58	61	69	
1793	40	43	44	45	46	47	49	51	55	62	66	68	72	
1794	25	27	42	44	46	47	48	50	58	72	
1795	27	45	46	48	50	70	
1796	43	46	69	
1797	63	
1798	92	
1803	74	
1813	4	
1815	2	78	81	85	
1816	79	81	83	
1817	79	85	89	
1818	77	78	79	81	84	86	90	100	
1819	10	77	78	79	82	84	95	98	
1820	77	78	78	79	80	82	83	85	87	
1821	8	9	76	77	78	78	79	80	81	82	84	85	90	
1822	6	9	11	13	13	15	75	76	76	78	79	80	81	84	85	86	88	90	94	
1823	7	12	15	76	77	78	80	81	82	84	85	86	87	88	90	94	
1824	78	81	82	84	85	86	86	87	88	89	90	92	94	96	
1825	54	82	83	85	86	86	87	89	90	94	96	
1826	16	25	34	52	54	57	59	61	91	92	97	
1827	17	25	35	49	50	51	55	56	58	59	88	92	
1828	22	28	34	36	41	44	45	46	47	49	50	51	53	53	55	56	57	63	
1829	23	27	43	45	46	47	47	48	49	50	55	71	88	
1830	43	46	49	60	
1833	63	
1835	75	
1842	51	
1847	7	
1848	13	
1850	81	
1851	78	
1852	79	84	
1853	79	88	
1854	81	85	99	
1855	80	
1856	13	80	83	88	89	
1857	15	17	77	79	81	85	
1858	8	10	14	76	77	79	79	80	83	84	89	
1859	7	9	11	15	16	76	77	79	80	81	83	84	85	86	89	94	98	
1860	12	14	77	79	80	81	83	84	85	86	87	89	91	95	
1861	16	53	55	57	58	62	78	81	82	85	86	87	88	90	92	94	97	
1862	17	52	54	55	56	59	87	88	91	92	95	
1863	45	48	50	51	52	53	55	93	
1864	44	49	54	57	73	
1874	10	15	60	
1882	32	
1888	47	47	
1890	14	
1891	80	95	
1892	79	83	89	
1893	12	78	80	
1894	5	10	14	78	79	81	85	89	93	100	
1895	6	8	10	12	14	76	78	79	80	81	84	85	88	89	95	
1896	12	53	54	55	76	77	79	81	82	84	85	86	87	89	90	93	94	98	
1897	52	54	55	81	81	82	85	86	87	89	90	92	95	97	
1898	82	87	92	96	
1906	10	36	
1908	8	
1919	70	
1928	14	78	82	86	96	
1929	80	84	
1930	77	78	80	84	
1931	76	77	78	79	80	82	83	85	88	92	97	
1932	79	81	85	
1934	67	
1942	32	
1952	99	
1958	64	
1960	11	
1963	98	
1964	79	83	93	
1965	78	81	
1966	79	
1968	90	
1970	103	
1979	3	
1981	3	
1991	74	
1998	26	
2009	67	
2028	11	
2033	59	
2041	55	
2053	79	
2059	28	
2064	25	74	
2067	66	
2079	36	
2093	86	
2101	53	
2103	17	
2113	36	
2119	80	
2133	86	
2158	37	
2191	8	
2196	18	
2219	10	
2229	97	
