145	34	
173	42	
220	100	
252	91	
253	88	
263	92	
264	88	
284	88	91	97	
285	87	91	93	95	
286	83	86	87	88	89	90	91	94	97	
287	7	82	86	87	88	89	91	93	94	96	
288	87	89	92	
294	56	92	
295	88	91	
296	82	86	87	89	91	93	94	98	
297	82	83	85	86	87	88	89	90	92	95	
298	82	83	85	86	87	89	91	92	94	96	
299	16	87	88	89	91	95	
300	18	
317	56	87	90	92	94	
318	81	82	85	86	87	88	89	90	91	93	93	96	
319	80	81	82	83	85	86	87	88	89	91	92	95	
320	8	78	79	80	81	82	84	85	86	87	89	89	91	93	95	
321	10	12	78	80	81	82	83	83	85	85	86	88	91	95	
322	6	11	13	13	15	80	82	83	84	85	86	88	88	89	91	93	95	99	
323	17	82	85	86	87	88	90	91	94	
324	17	
327	88	91	
328	82	86	87	88	90	91	93	95	
329	82	85	86	87	88	89	90	91	93	93	96	
330	78	80	81	82	84	85	86	87	88	89	91	95	
331	78	79	80	81	82	84	85	86	87	89	90	92	93	96	
332	7	9	11	14	80	81	82	84	85	86	88	90	94	97	
333	12	15	16	78	80	81	82	83	85	86	87	89	91	93	93	96	
334	16	17	20	88	
335	17	
348	57	
349	57	92	
350	51	53	53	87	88	89	91	93	96	
351	80	81	83	83	85	86	87	88	89	91	92	94	96	100	
352	54	77	78	79	80	82	83	84	85	88	89	90	96	
353	66	77	79	80	81	83	83	85	86	89	96	99	
354	10	79	80	81	83	83	84	88	
355	4	9	12	14	78	79	80	81	84	
356	6	9	10	12	14	15	78	79	80	81	82	84	85	87	89	98	99	
357	6	11	12	14	15	16	79	80	81	82	83	84	85	86	87	89	90	94	96	
358	13	16	17	18	82	84	86	87	89	90	92	94	97	
359	87	89	90	92	95	
360	87	88	89	90	92	95	
361	53	54	83	85	86	88	89	91	92	93	95	98	
362	55	80	81	83	84	85	86	87	89	90	91	93	95	
363	55	78	79	80	82	83	84	85	87	89	90	95	
364	79	80	81	83	83	84	86	88	94	
365	9	78	79	80	81	84	91	
366	4	6	9	11	13	15	18	38	78	79	80	82	83	
367	6	8	9	11	11	12	13	14	15	16	18	19	20	28	79	80	81	84	
368	13	16	17	17	18	19	20	21	81	83	
382	51	54	56	93	
383	51	52	53	54	56	81	85	87	88	90	92	95	
384	52	54	78	80	81	83	84	85	86	86	87	89	90	92	95	
385	37	52	55	78	80	81	82	83	84	85	86	87	89	91	96	
386	43	79	81	83	86	
387	17	19	40	43	47	48	56	58	67	79	
388	42	46	49	78	80	
389	5	12	46	72	79	83	
390	10	14	79	81	83	
391	8	9	11	12	14	15	19	78	79	80	81	84	86	92	98	
392	12	78	79	81	82	83	83	85	86	87	88	89	92	94	97	
393	80	81	82	83	84	86	86	88	88	89	90	92	94	96	
394	52	55	80	81	82	83	84	85	86	87	88	89	90	92	93	95	
395	55	78	81	82	83	84	85	86	87	89	90	95	
396	53	78	80	81	82	83	85	86	89	
397	77	79	80	81	83	89	94	
398	20	78	79	
399	9	13	17	18	39	
400	9	10	13	14	16	17	18	19	39	43	43	69	80	
401	7	10	11	12	13	13	14	15	15	16	17	18	19	20	21	22	24	71	78	80	
402	3	18	20	21	22	23	24	28	
403	22	
404	67	
414	57	
415	48	52	53	55	56	59	
416	46	50	51	52	54	87	91	
417	48	51	54	80	81	83	83	85	86	88	88	89	92	95	
418	54	79	80	81	84	85	89	96	
419	31	39	67	78	80	82	85	
420	8	12	13	15	16	17	18	19	33	40	58	60	65	79	
421	18	18	19	20	21	25	42	43	45	46	47	50	51	52	57	60	69	
422	22	23	25	42	44	45	46	47	48	48	49	50	
423	44	47	
424	5	11	100	
425	5	8	13	13	78	81	83	
426	5	79	80	82	84	86	90	
427	78	79	79	80	81	82	83	85	89	
428	79	80	81	83	84	85	87	89	92	
429	79	80	82	84	85	87	89	94	
430	17	37	40	47	80	84	
431	8	17	34	38	42	85	
432	10	13	16	17	19	35	41	68	
433	11	14	15	16	17	18	18	19	20	21	25	39	42	43	46	48	65	69	
434	8	11	12	13	14	17	18	19	20	21	21	23	24	27	44	68	
435	5	11	14	15	19	20	21	21	22	24	25	28	
436	2	22	23	24	
438	65	65	
448	52	55	56	57	59	
449	46	47	50	51	51	52	54	54	55	57	60	
450	47	49	50	51	53	54	81	83	85	88	89	94	
451	78	80	82	84	86	91	98	
452	78	80	83	89	
453	7	9	11	12	13	14	15	16	18	19	
454	8	12	14	15	16	17	17	18	19	20	21	22	24	43	52	56	57	68	
455	21	22	23	24	25	48	49	50	51	52	53	54	55	56	58	60	
456	45	47	48	49	50	51	53	73	
458	93	
460	2	78	
461	79	83	91	100	
462	78	81	85	
463	13	17	36	78	
464	17	19	37	41	66	70	
465	10	12	15	16	16	17	18	19	20	25	32	40	42	44	47	65	67	70	
466	9	11	13	13	14	17	17	18	19	20	20	21	22	23	25	26	43	43	71	
467	5	10	12	14	15	18	18	19	20	21	22	23	24	26	
468	4	15	20	21	22	23	24	
469	24	
481	56	57	
482	51	52	53	54	56	57	58	59	
483	41	45	46	47	48	48	49	49	50	51	52	53	54	
484	44	45	47	49	50	52	59	83	87	91	93	
485	79	83	83	86	89	
486	8	10	83	100	
487	6	10	11	12	13	13	14	14	15	16	17	18	19	20	28	
488	2	17	18	19	20	21	22	24	25	53	55	56	59	
489	23	48	49	50	51	52	53	54	55	59	96	
490	45	49	50	52	54	60	83	87	88	90	91	95	
491	48	
492	48	
494	37	83	
495	20	38	85	
496	16	20	33	40	67	
497	10	14	16	17	18	18	19	27	41	43	44	47	
498	6	10	11	12	13	14	15	16	17	17	18	19	20	21	22	24	26	42	44	68	
499	11	13	14	17	18	19	20	20	21	22	24	25	
500	5	15	20	21	22	23	24	36	37	
501	23	23	
515	57	
516	36	51	52	53	53	54	55	56	58	59	60	
517	45	46	47	48	48	49	49	50	51	52	54	54	
518	43	44	45	48	49	50	83	92	
520	4	7	9	10	11	13	15	
521	8	11	12	13	14	15	16	16	17	19	19	21	24	56	59	68	
522	18	21	22	23	25	47	50	51	52	53	55	56	58	
523	44	46	47	48	49	51	52	54	55	89	
524	45	49	62	80	82	84	86	94	
525	46	80	83	89	94	
527	16	19	40	
528	14	38	42	46	66	69	
529	10	15	16	18	18	21	37	40	43	48	71	
530	11	12	13	15	17	17	18	19	20	21	25	35	41	44	64	69	
531	11	12	14	15	17	19	20	20	21	22	23	23	27	43	65	
532	13	14	19	20	21	22	23	23	24	26	45	
533	22	24	
534	23	
535	30	30	32	
549	57	
550	37	50	51	52	52	54	55	55	56	56	58	59	
551	45	46	47	47	48	49	49	50	51	53	54	60	
552	43	44	45	48	92	
553	9	
554	4	6	10	11	12	13	14	14	18	24	
555	12	13	14	15	16	17	18	19	20	21	24	26	34	52	53	56	57	58	58	61	
556	21	22	23	37	41	43	47	50	50	51	53	54	55	56	57	59	
557	32	38	41	42	43	44	45	46	46	47	48	49	50	51	56	57	61	
558	30	36	41	42	44	46	47	48	48	66	69	72	80	
559	18	20	31	35	37	39	42	46	47	59	70	
560	11	13	20	22	37	40	43	44	47	59	67	70	
561	9	16	18	19	20	33	34	41	42	45	47	71	
562	9	11	13	14	15	17	18	19	20	21	22	23	34	39	42	43	70	73	
563	10	12	13	14	15	17	19	19	20	21	24	42	43	45	65	70	
564	13	14	15	18	19	20	21	22	23	24	25	45	71	
565	21	22	23	24	25	
566	22	
583	56	58	
584	51	52	52	53	53	54	55	56	57	59	61	
585	42	45	46	47	47	48	48	49	49	50	51	51	52	53	54	62	
586	40	43	44	45	46	48	49	
587	9	44	
588	6	8	9	10	11	12	14	15	20	
589	7	11	12	13	15	15	16	17	20	21	52	87	90	98	
590	16	17	18	21	23	33	51	52	54	55	57	61	87	92	
591	42	45	49	50	52	53	56	60	
592	25	31	37	41	44	44	48	48	49	51	55	58	60	63	
593	19	22	24	41	42	43	44	45	47	49	50	59	63	72	
594	14	19	20	22	24	26	42	44	45	47	49	70	
595	12	14	19	20	21	22	23	24	26	45	65	71	
596	15	20	21	22	24	45	
597	20	22	23	24	25	
598	21	23	25	
618	52	52	53	54	55	55	56	57	58	61	
619	34	37	42	46	47	49	50	51	51	52	53	54	54	55	56	58	59	61	
620	42	43	44	45	45	46	46	47	48	48	49	49	
621	9	28	43	45	46	
622	9	11	12	13	14	
623	1	8	9	11	12	14	15	80	82	84	86	90	94	
624	6	10	12	14	17	18	81	82	84	85	86	87	88	90	93	95	
625	16	82	86	87	89	90	
626	16	
627	24	45	
628	24	
629	22	24	
630	25	
652	52	55	56	57	
653	50	51	51	52	53	53	54	55	55	56	57	59	60	61	
654	32	33	41	42	45	46	47	48	48	49	50	50	51	52	54	57	59	62	
655	37	39	41	42	43	44	45	46	47	48	48	49	59	71	
656	5	11	26	41	43	46	68	68	71	
657	4	7	10	12	15	79	80	100	
658	7	9	11	13	13	15	16	20	79	80	81	82	84	85	99	
659	7	10	12	14	15	16	18	80	81	83	84	85	89	95	
660	16	17	17	19	
661	18	
687	35	52	54	55	55	61	
688	34	50	51	52	53	54	55	56	58	59	61	
689	28	34	38	40	42	44	45	47	48	48	49	50	51	52	53	55	56	57	60	
690	24	29	37	41	43	43	44	45	46	47	48	48	49	50	58	62	71	
691	19	22	24	33	37	40	42	44	45	46	47	49	66	69	
692	4	8	10	12	14	18	19	22	26	40	43	46	69	72	78	80	
693	6	10	11	12	13	14	14	15	16	19	19	20	23	26	43	70	78	79	
694	16	18	19	20	21	22	24	
722	52	58	
723	50	52	54	58	62	
724	48	49	51	53	55	61	
725	24	31	43	44	45	49	59	
726	5	9	22	23	24	43	44	48	65	
727	12	14	21	23	24	
728	22	24	
761	25	
1187	3	
1233	59	
1241	20	
1242	9	
1246	1	
1250	32	
1254	16	
1267	37	
1271	29	
1297	52	
1302	94	
1307	38	
1309	20	
1310	58	
1313	10	
1316	4	
1319	2	11	
1320	23	
1324	71	
1334	53	
1336	28	
1337	83	
1351	49	
1362	83	
1365	49	
1378	52	
1381	67	
1399	41	
1406	36	
1407	38	
1408	46	
1409	73	
1411	28	
1415	67	
1416	32	
1417	37	
1418	43	48	
1419	43	47	57	
1422	53	
1431	82	
1438	37	
1439	17	38	
1440	17	19	24	42	
1441	17	20	25	37	38	42	47	53	58	
1442	18	20	42	46	51	63	69	
1443	21	36	41	44	46	48	49	70	
1444	26	36	43	47	63	71	
1447	31	
1449	28	37	41	
1450	37	
1451	16	19	42	68	
1452	16	17	19	20	26	36	39	42	47	49	56	60	64	
1453	19	21	32	40	43	44	47	49	56	59	70	
1454	20	23	30	40	45	46	47	48	54	58	72	
1455	23	44	46	49	53	56	70	
1456	49	
1458	13	
1469	38	
1472	13	24	43	67	
1473	17	18	37	41	47	
1474	12	14	17	19	21	37	41	44	47	72	
1475	17	18	18	19	20	22	24	32	41	44	46	53	57	60	63	66	68	
1476	17	19	20	22	23	25	30	35	36	41	43	43	45	47	48	48	50	51	55	56	58	59	61	63	71	
1477	22	24	29	36	40	42	44	46	46	47	49	50	52	53	56	58	59	69	
1478	22	40	42	43	45	47	48	49	50	56	71	
1479	42	44	46	50	58	70	76	
1480	37	71	
1481	26	45	49	
1482	18	38	
1483	11	16	19	40	
1484	12	15	17	18	20	26	37	40	45	66	
1485	12	14	16	17	18	19	21	23	23	35	41	44	70	
1486	16	17	19	19	20	22	24	26	42	44	46	48	52	56	58	60	64	69	
1487	21	22	24	26	28	37	42	44	45	46	48	48	50	51	53	54	56	58	60	65	70	
1488	21	22	24	33	41	44	46	47	48	49	50	51	52	57	59	71	
1489	43	44	46	47	49	50	65	70	
1490	44	51	
1491	48	
1504	40	
1505	15	16	19	37	41	47	
1506	8	9	11	14	15	16	18	19	26	35	41	68	
1507	10	12	14	15	17	18	19	20	22	24	27	39	43	65	69	
1508	11	13	14	15	16	18	18	19	21	22	24	70	
1509	15	19	20	22	23	25	44	48	
1510	22	23	24	51	52	53	55	57	59	62	
1511	22	23	31	43	45	49	50	51	53	54	56	56	57	58	61	
1512	24	31	35	38	39	42	43	44	45	46	47	49	50	51	52	54	56	58	59	60	
1513	25	28	36	42	44	45	46	47	48	49	51	53	54	56	69	
1514	41	44	46	48	50	62	67	72	
1515	18	21	37	39	43	45	63	67	
1516	11	14	16	20	23	37	43	
1517	9	12	14	16	18	18	19	21	24	32	35	41	67	68	
1518	12	15	16	17	19	20	21	24	41	44	
1519	13	14	18	19	20	21	22	25	26	43	72	
1520	20	21	23	24	52	
1521	22	24	51	52	53	54	55	56	57	58	60	
1522	11	34	45	48	49	50	50	51	52	54	55	56	58	60	
1523	44	45	47	49	50	51	54	58	
1524	44	48	51	54	
1534	75	
1535	13	
1538	12	14	19	34	39	
1539	9	9	12	14	16	17	18	20	23	38	42	68	68	
1540	9	11	12	14	15	16	17	19	20	21	22	41	46	
1541	12	14	15	19	20	21	23	24	
1542	22	23	24	
1543	23	87	90	92	96	
1544	86	87	90	93	97	
1545	16	52	53	54	57	
1546	50	51	52	53	53	55	57	59	61	
1547	25	32	38	41	42	44	45	47	49	50	51	60	
1548	36	42	43	45	47	48	48	50	53	53	58	61	72	
1549	9	19	22	25	27	33	41	43	45	46	48	58	69	
1550	10	12	14	17	19	20	22	24	41	43	45	46	64	70	
1551	1	5	11	12	13	15	17	18	20	21	22	24	45	69	
1552	20	21	22	23	24	45	
1553	23	24	
1554	58	
1555	53	55	57	92	
1556	51	52	52	54	54	55	88	91	92	96	
1557	48	49	51	54	82	85	86	87	89	90	93	93	93	95	
1558	90	
1560	66	
1561	73	
1564	99	
1568	9	
1571	11	13	19	
1572	8	10	12	14	15	16	18	21	24	
1573	8	8	11	12	13	14	15	16	17	18	19	20	21	24	68	
1574	13	15	17	20	21	22	24	26	56	
1575	21	23	25	
1576	51	53	87	90	92	95	
1577	9	78	81	82	83	85	86	87	88	89	91	93	97	
1578	7	10	12	14	79	81	82	83	83	84	85	87	89	
1579	16	16	17	18	19	82	90	
1580	53	55	
1581	50	51	55	61	
1582	25	32	44	45	48	49	63	
1583	14	24	44	
1584	22	24	
1585	21	23	23	25	89	
1587	93	
1588	53	55	87	90	91	92	
1589	50	51	53	54	55	57	83	85	86	87	89	90	91	93	94	96	
1590	51	54	80	81	82	85	86	87	88	89	90	92	95	
1591	53	80	81	82	83	84	85	87	89	
1592	80	85	89	
1595	73	74	
1604	9	
1605	8	10	12	13	14	19	
1606	8	10	11	12	13	14	15	16	17	19	22	25	28	
1607	12	15	17	18	19	20	21	22	24	56	
1608	22	23	52	53	56	58	
1609	46	47	49	51	52	54	92	
1610	49	80	82	83	85	86	87	88	90	95	98	
1611	9	16	77	79	80	82	84	90	97	
1612	7	9	11	12	13	13	14	15	16	16	19	78	79	
1613	12	16	17	18	19	20	21	24	26	71	80	
1614	18	22	
1620	88	93	
1621	53	54	55	82	83	86	87	87	88	89	90	92	94	
1622	52	55	78	81	81	82	84	85	86	87	88	88	89	91	95	99	
1623	79	80	81	82	83	84	86	87	88	91	97	
1624	46	78	79	81	82	83	84	87	89	92	95	
1625	81	83	85	
1626	86	
1633	77	
1638	9	
1639	6	6	9	10	11	13	14	15	16	19	28	
1640	8	11	12	13	14	15	15	16	16	17	18	19	22	72	
1641	17	17	19	20	21	23	24	53	56	57	58	
1642	23	47	50	51	52	54	54	57	59	
1643	47	48	49	50	53	88	90	92	95	
1644	79	80	82	85	87	88	92	95	
1645	7	8	10	11	13	14	18	40	80	
1646	6	10	12	13	14	15	16	17	18	19	20	21	80	
1647	13	18	19	20	20	21	23	23	26	
1652	57	92	
1653	54	55	57	83	86	87	88	90	91	92	95	
1654	50	52	53	55	81	82	83	86	87	88	88	89	91	94	96	
1655	55	78	79	80	81	82	83	84	85	86	89	90	94	96	99	
1656	36	55	78	79	80	81	83	85	87	91	94	
1657	79	80	82	82	85	89	
1658	45	78	81	85	
1659	85	
1672	3	9	
1673	7	8	9	10	11	13	13	14	16	19	
1674	1	7	11	12	13	14	15	16	17	18	19	19	21	22	26	
1675	18	20	21	23	52	52	55	56	58	
1676	46	47	48	49	50	51	52	53	54	59	
1677	45	47	49	80	82	84	86	89	92	95	
1678	10	12	18	78	82	85	
1679	7	9	11	13	14	15	15	16	17	19	23	
1680	2	12	13	15	17	18	18	19	20	21	24	
1681	21	23	
1684	91	93	
1685	53	55	57	87	87	89	90	91	93	95	98	
1686	52	54	56	81	82	82	85	86	86	87	88	89	91	92	94	95	97	
1687	52	54	78	80	81	82	82	84	85	86	86	88	89	91	93	95	99	
1688	79	79	80	81	82	84	84	86	88	89	90	95	
1689	79	81	83	85	
1690	35	35	78	82	84	
1705	5	
1706	11	13	
1707	4	8	9	10	11	12	13	14	17	19	24	
1708	7	11	12	13	15	16	17	17	18	20	26	56	57	
1709	17	17	18	20	21	22	51	52	53	53	54	55	57	59	
1710	41	46	47	49	50	51	53	55	
1711	44	48	80	85	89	
1712	8	10	11	14	
1713	7	10	11	13	13	14	19	23	97	
1714	15	16	24	86	87	90	91	95	
1715	86	87	88	89	90	92	94	96	
1716	82	86	87	88	90	91	93	94	96	
1717	85	86	87	88	90	91	93	93	95	97	
1718	53	53	55	59	82	82	85	85	86	87	88	88	89	90	91	95	97	
1719	78	81	82	82	83	84	85	86	87	88	89	91	95	
1720	79	80	81	82	83	84	86	89	97	
1721	79	79	80	83	84	86	
1722	78	80	83	86	97	
1725	86	88	
1736	56	
1738	96	
1740	9	14	
1741	5	7	9	10	11	12	14	14	15	25	
1742	7	12	13	15	16	17	18	19	21	53	58	92	
1743	16	17	20	21	22	51	51	52	54	54	55	56	57	58	59	61	88	
1744	42	45	46	47	47	48	49	50	51	55	57	
1745	36	39	43	44	45	47	48	50	53	73	
1746	5	70	
1747	5	7	10	12	15	79	84	
1748	11	13	15	77	80	81	82	83	84	84	85	88	92	93	98	
1749	77	78	79	80	81	82	83	84	85	87	89	92	94	100	
1750	80	81	82	84	85	86	87	89	90	95	
1751	77	80	81	82	83	83	84	85	86	88	89	95	
1752	78	79	80	81	82	83	84	85	87	90	93	97	
1753	77	79	80	81	83	84	86	94	
1754	79	80	82	84	87	89	94	
1755	79	96	
1757	85	
1767	95	
1774	8	15	
1775	2	4	9	10	12	13	15	
1776	7	11	12	13	13	14	15	16	19	23	25	80	83	84	89	
1777	13	16	17	18	18	20	26	35	52	54	55	57	60	81	82	84	85	87	90	97	
1778	17	33	37	46	47	49	50	51	52	53	55	56	57	58	58	61	
1779	42	44	44	45	46	47	48	48	49	50	57	61	
1780	40	43	44	45	46	47	49	50	72	
1781	47	
1782	78	80	
1783	77	79	80	82	83	85	90	
1784	78	79	80	81	82	83	85	90	93	
1785	78	78	79	80	81	84	91	95	99	
1786	78	80	84	
1787	80	83	
1792	42	
1793	28	
1805	54	
1807	38	
1808	12	
1809	10	13	14	54	
1810	6	8	10	11	12	13	14	79	82	88	97	
1811	8	12	13	15	15	18	80	81	83	84	86	87	88	90	92	93	95	
1812	18	52	54	62	82	83	86	86	87	88	89	90	91	93	95	
1813	34	49	50	52	54	55	56	58	59	62	92	
1814	44	45	46	47	49	50	51	52	53	56	58	60	
1815	45	46	48	48	49	75	
1818	79	82	86	
1820	83	
1822	87	
1844	8	8	11	14	92	
1845	8	10	12	13	15	79	80	81	84	85	87	91	
1846	6	10	12	14	15	16	77	79	80	80	81	82	84	85	86	89	91	93	97	98	
1847	55	82	85	86	87	88	88	89	90	91	94	95	
1848	51	52	53	54	58	60	83	86	88	88	89	90	91	92	94	96	
1849	49	51	53	86	87	90	92	93	97	
1850	96	
1852	81	
1854	84	
1869	96	
1879	5	10	79	82	83	
1880	12	78	79	81	84	93	
1881	78	78	79	80	82	83	85	86	91	93	
1882	52	55	78	79	80	81	83	84	85	87	89	91	95	
1883	80	81	83	84	86	89	91	
1884	61	88	89	
1896	28	
1897	55	
1900	55	
1914	71	79	90	
1915	79	86	89	98	
1916	79	80	83	
1917	80	83	89	
1918	88	
1919	73	
1935	99	
1944	84	
1950	83	
1960	89	
1977	61	
1978	70	
1979	100	
1980	4	
1984	17	101	
1999	18	
2007	5	
2011	2	81	
2030	27	
2044	2	
2050	7	
2062	67	
2063	28	
2068	51	
2080	33	
2100	26	
2101	20	
2102	25	
2120	98	
2130	17	
2134	28	
2137	21	
2140	11	
2143	91	
2178	33	
2195	100	
2211	18	
2220	7	
2225	9	
2228	22	
2230	102	
2236	25	
