12	12	
16	70	
118	76	76	77	77	77	
152	78	80	
186	88	
219	88	92	95	
220	87	91	92	
221	90	
250	88	90	92	98	
251	87	89	90	91	93	95	97	
252	83	84	86	87	88	88	89	91	92	93	96	
253	82	85	86	87	89	90	91	94	98	99	
254	12	81	82	84	85	87	89	90	91	92	94	97	
255	8	12	82	83	85	86	88	89	90	91	93	96	
256	83	87	90	92	95	
282	92	
283	53	54	87	90	91	93	93	97	
284	82	83	84	85	86	87	88	89	90	91	92	93	95	
285	37	67	78	80	82	83	83	85	86	87	88	89	95	
286	16	18	36	37	81	82	83	84	85	86	89	102	
287	17	19	41	67	68	80	81	84	85	
288	5	9	26	79	81	82	83	85	100	
289	9	10	13	14	80	81	82	84	85	93	100	
290	6	11	13	14	15	19	81	82	83	84	86	88	90	101	
291	17	17	19	
292	18	
314	52	57	
315	50	52	54	
316	50	51	54	87	88	89	91	92	95	
317	37	50	53	59	81	83	84	85	87	88	88	89	90	95	
318	16	18	34	37	39	41	46	59	67	79	81	82	84	85	
319	6	11	13	15	16	17	18	26	39	41	47	66	79	80	
320	7	11	14	18	19	20	21	28	33	42	52	55	57	58	78	80	
321	20	21	22	23	34	37	41	43	44	45	46	47	49	50	51	60	
322	21	22	41	44	46	48	
323	5	9	13	79	
324	6	8	11	12	14	14	15	18	80	81	84	98	
325	16	17	17	20	21	25	84	
326	18	
347	52	
348	47	51	52	53	
349	47	49	51	55	91	94	
350	37	39	67	81	82	84	86	87	89	91	94	
351	9	12	14	41	79	80	82	84	86	
352	10	11	12	13	15	16	17	18	18	19	20	21	23	28	33	69	79	
353	12	14	17	19	20	21	22	23	27	44	
354	22	24	44	51	52	55	56	
355	3	22	24	47	49	50	51	53	54	60	
356	44	45	47	48	49	93	
357	4	6	9	11	13	87	91	
358	4	6	8	10	11	11	12	14	15	15	16	16	18	24	27	
359	17	17	19	20	21	22	23	
380	56	
381	47	50	51	52	53	55	58	59	
382	47	48	48	49	50	53	54	
383	45	81	86	89	91	93	
384	6	9	10	13	18	41	80	82	84	85	89	
385	8	11	12	14	15	15	16	17	17	19	20	26	
386	12	18	20	21	22	24	26	
387	22	
388	51	52	55	60	
389	46	48	48	50	51	53	54	
390	83	91	93	95	
391	6	8	10	11	13	86	89	
392	6	10	11	12	13	14	15	16	16	17	18	19	20	27	69	
393	18	20	21	22	23	23	
414	53	56	57	
415	47	50	51	52	54	55	59	
416	40	44	45	46	47	48	49	50	54	
417	8	43	65	87	89	95	
418	6	7	9	10	11	12	13	14	79	
419	12	16	16	17	18	18	19	20	21	24	
420	22	
421	52	57	
422	46	47	50	51	52	53	53	54	55	56	
423	46	47	48	49	50	93	94	
424	9	30	83	84	87	88	90	91	96	
425	6	7	8	10	11	11	12	13	14	15	16	18	80	83	88	100	
426	3	12	13	15	17	18	18	19	20	24	27	
427	22	
431	92	
432	88	90	92	
433	86	88	91	92	96	
434	92	
435	88	90	92	
436	83	87	88	91	95	
437	16	92	
439	73	74	
448	53	57	
449	36	47	48	49	50	51	51	52	54	54	55	56	58	
450	41	43	43	45	46	47	48	49	
451	8	10	94	
452	7	9	10	11	12	13	14	14	15	16	
453	13	15	16	17	18	19	20	21	23	24	
455	51	52	53	53	55	57	
456	46	47	49	50	51	52	54	92	
457	85	87	89	91	95	
458	9	11	81	85	87	88	91	94	
459	7	11	12	13	13	14	15	16	19	
460	21	23	
461	90	92	
462	88	90	92	97	
463	87	88	91	93	94	96	
464	86	87	90	91	94	96	
465	82	83	86	87	89	90	91	95	
466	81	82	84	85	87	89	90	91	93	95	98	
467	80	82	82	85	86	87	88	89	90	91	94	97	
468	81	82	85	86	87	88	89	90	91	94	96	99	
469	10	82	84	86	87	89	90	91	94	97	98	
470	12	14	81	82	83	84	86	87	89	90	93	95	99	
471	12	16	17	18	19	81	83	85	89	
472	18	
482	52	53	56	58	
483	48	49	50	51	51	52	54	55	56	60	
484	38	41	42	44	45	46	47	48	49	50	
485	8	
486	4	6	7	9	11	12	14	14	
487	13	15	16	17	19	20	23	25	82	
488	52	57	
489	48	51	51	52	54	55	57	92	
490	47	49	50	54	87	89	91	92	95	
491	79	81	83	84	86	87	89	91	93	93	97	
492	7	10	12	14	80	83	85	88	91	
493	7	11	13	15	17	98	
494	18	23	82	85	86	88	88	90	92	94	97	
495	81	82	84	86	87	88	89	90	92	95	101	
496	36	66	81	82	85	86	89	91	93	95	
497	36	58	81	81	82	83	85	86	89	90	94	101	
498	16	18	37	56	80	81	82	83	84	86	88	93	
499	32	38	39	42	57	71	79	80	81	84	88	
500	9	20	36	46	70	79	80	80	82	84	88	
501	20	28	37	80	81	83	99	
502	66	72	80	81	82	83	84	86	94	101	
503	8	17	18	38	38	66	79	80	81	82	83	85	86	89	
504	5	6	8	10	11	12	13	14	15	16	17	18	19	80	81	84	100	
505	13	16	17	18	19	20	21	26	
517	50	51	52	53	53	54	55	56	58	58	
518	34	40	42	45	46	47	48	49	50	
519	38	41	44	45	48	
520	6	9	10	14	
521	12	13	80	81	83	84	85	89	92	94	102	
522	52	53	54	82	85	87	89	91	93	95	
523	47	48	50	51	52	54	86	88	89	90	91	94	
524	47	48	50	80	81	83	84	86	87	88	89	92	94	98	
525	37	39	79	81	84	86	89	91	
526	11	16	19	28	37	40	83	
527	12	17	18	19	36	37	40	47	58	66	69	81	85	
528	16	17	18	19	21	27	30	37	39	41	47	57	67	80	80	82	83	85	
529	17	19	21	33	34	36	39	41	46	47	57	78	79	80	82	83	85	
530	14	16	18	18	20	21	26	30	38	38	40	42	46	56	59	66	68	78	80	83	88	
531	13	19	20	22	30	37	40	41	46	61	79	98	
532	6	17	19	20	21	32	35	38	40	45	47	49	58	58	70	79	81	
533	20	21	23	29	35	41	43	43	45	47	50	52	54	57	64	79	
534	20	21	23	24	29	39	41	44	47	48	48	49	51	54	57	58	61	65	
535	19	21	23	24	33	38	40	42	43	45	46	48	49	60	
536	9	20	22	24	32	35	38	41	43	61	67	69	79	
537	10	13	15	19	20	21	26	44	
538	4	7	13	14	18	19	21	22	23	24	25	27	
539	22	23	23	
551	52	54	55	56	
552	33	35	43	47	48	49	50	51	53	55	56	57	58	61	
553	34	36	39	41	43	44	45	46	47	48	49	60	
554	29	39	42	70	
555	7	11	81	101	
556	51	53	55	80	81	82	84	85	88	90	99	
557	49	54	80	81	82	83	84	86	87	89	90	93	98	
558	83	84	86	88	89	
559	8	10	45	81	83	
560	10	13	14	17	19	25	35	43	44	71	
561	12	15	16	17	19	21	24	39	42	48	
562	14	17	18	20	21	22	23	29	33	41	45	47	
563	15	19	21	22	24	40	43	45	
564	21	23	24	43	45	48	60	
565	14	22	24	25	32	43	
566	22	23	25	44	47	53	55	
567	24	44	53	
568	22	45	50	60	
569	45	50	
570	25	45	
571	4	21	
572	23	
586	52	54	55	58	
587	34	42	45	47	49	50	51	53	55	57	62	
588	34	38	41	43	44	45	45	47	47	48	50	51	56	57	59	
589	30	34	37	40	42	45	46	47	48	49	51	53	55	56	60	68	
590	29	37	39	40	43	45	46	47	49	56	60	66	79	
591	19	23	30	36	37	38	39	42	56	59	68	78	79	83	
592	12	13	20	21	36	38	39	41	49	60	78	81	85	86	
593	10	13	15	17	18	19	20	27	39	66	69	
594	7	9	10	12	14	15	17	19	19	20	23	24	27	29	65	
595	12	13	15	17	19	20	20	22	24	
596	21	23	25	
621	55	
622	45	48	49	51	53	55	
623	35	43	45	48	49	51	53	55	55	57	59	
624	23	34	42	44	45	47	48	49	50	54	60	
625	24	38	41	43	43	44	45	47	49	59	62	
626	21	23	24	25	26	30	42	44	45	47	60	
627	3	11	15	21	22	24	28	44	
628	5	19	21	23	23	24	
629	22	24	
660	93	95	
693	8	
727	4	5	
1162	28	
1167	76	
1170	29	
1171	67	
1206	54	
1210	70	
1212	6	
1217	91	
1245	53	
1249	33	
1265	26	
1269	30	
1274	74	74	74	74	75	75	75	
1275	75	
1278	70	
1281	10	
1282	85	
1283	71	
1298	65	
1306	29	
1307	10	
1311	14	
1315	33	
1320	60	
1326	80	
1328	2	
1334	27	
1337	16	46	
1340	40	
1343	20	
1359	2	
1370	80	
1372	18	36	
1373	58	
1374	17	21	40	47	
1375	17	20	39	46	57	
1376	26	41	46	70	
1377	47	
1378	69	
1379	21	
1389	9	
1398	36	
1400	77	
1405	34	37	39	
1406	17	19	22	26	40	
1407	15	17	19	21	24	38	41	60	65	70	
1408	17	19	20	32	35	39	46	51	54	57	60	68	
1409	18	19	20	23	23	26	35	36	40	43	43	46	49	52	56	
1410	20	21	26	29	37	40	43	46	47	48	51	56	58	65	
1411	22	33	37	40	46	49	68	69	
1412	46	
1413	69	
1414	18	
1416	69	
1429	69	
1435	40	
1436	24	
1437	16	34	38	
1438	12	16	36	
1439	10	12	15	16	18	19	20	23	33	39	
1440	13	13	15	16	17	19	20	21	23	32	35	41	44	60	64	69	
1441	21	22	24	43	44	
1442	21	23	25	55	64	93	
1443	23	52	54	92	96	
1444	34	37	45	50	51	54	56	57	58	87	91	97	
1445	40	42	43	45	46	47	47	48	49	50	54	
1446	44	46	49	51	53	57	59	
1447	44	
1449	51	70	
1470	15	
1471	9	17	19	25	38	
1472	11	13	14	16	17	18	19	23	26	65	
1473	8	11	12	13	15	16	17	19	19	21	23	26	44	
1474	20	22	23	93	
1475	52	54	87	91	92	95	
1476	88	89	90	92	94	97	
1477	9	82	83	85	87	88	90	94	
1478	6	11	12	14	52	53	55	57	82	83	84	85	87	89	96	
1479	16	17	19	42	46	47	47	49	50	51	54	58	59	85	
1480	43	45	47	48	
1481	45	
1495	73	
1502	42	
1503	16	
1504	9	14	19	38	
1505	6	8	10	12	14	15	16	18	20	27	67	
1506	12	15	17	19	20	22	23	
1507	22	24	50	53	54	92	93	
1508	52	86	88	89	90	92	94	
1509	80	81	83	83	85	86	88	90	94	98	
1510	24	80	81	82	83	84	86	89	91	
1511	79	81	82	85	90	94	
1512	7	9	11	12	13	14	15	17	20	55	56	81	
1513	15	17	18	19	20	21	23	26	43	46	47	50	51	53	54	55	56	81	83	
1514	45	48	50	93	
1518	58	
1519	1	
1529	101	
1537	10	
1538	10	12	13	15	
1539	8	11	12	14	15	16	18	18	19	24	52	57	58	
1540	17	21	22	24	47	49	51	52	53	
1541	48	51	55	83	86	87	88	90	91	96	
1542	56	80	81	83	86	90	
1543	78	80	84	88	
1544	9	80	84	
1545	8	10	12	14	16	18	56	
1546	5	7	11	12	14	14	16	17	18	19	20	25	28	52	54	55	56	
1547	18	21	22	23	24	43	44	47	50	50	51	53	56	
1548	43	45	49	51	53	87	89	91	97	
1549	95	
1552	36	
1554	30	
1555	57	68	
1556	32	
1569	91	
1572	5	8	8	10	11	12	13	14	56	57	
1573	12	13	15	15	16	17	18	19	21	36	47	48	49	50	52	54	55	
1574	17	21	23	44	47	49	51	
1575	79	81	84	89	94	
1576	79	82	83	
1578	8	11	84	
1579	4	8	10	11	12	13	14	16	17	18	19	22	28	56	
1580	15	17	19	20	21	22	24	46	47	48	51	52	53	54	61	
1581	22	45	46	48	49	51	54	91	96	
1582	45	48	80	84	86	89	95	
1583	84	
1584	27	36	
1585	36	
1586	17	18	41	76	
1587	19	26	33	36	38	43	49	70	
1588	18	21	36	40	46	57	68	
1589	19	23	31	37	40	46	65	
1590	21	21	32	37	43	46	56	58	
1591	19	23	29	40	48	70	
1592	39	46	56	56	57	
1593	73	
1602	35	
1606	5	8	9	10	11	12	14	15	16	51	52	53	56	
1607	12	13	15	17	18	19	21	23	47	47	48	49	50	51	54	61	
1608	17	22	41	44	45	46	48	48	58	
1609	35	85	88	
1610	38	
1611	83	
1612	6	8	10	12	14	16	22	40	52	71	
1613	4	6	11	12	13	14	15	16	17	18	19	19	21	24	28	51	52	55	56	
1614	17	18	21	23	25	34	40	46	47	48	50	51	52	54	56	58	
1615	37	38	42	44	46	48	49	60	
1616	33	42	46	58	60	80	84	
1617	34	39	48	56	67	70	
1618	17	19	36	38	42	45	47	63	
1619	11	13	17	18	21	23	39	42	58	
1620	17	19	21	23	26	35	37	38	42	46	61	69	
1621	17	18	19	21	23	27	41	45	47	52	55	56	58	68	
1622	20	21	25	27	31	37	39	42	43	47	49	57	58	63	
1623	21	23	25	31	33	39	42	43	46	49	57	61	65	
1624	20	22	23	33	39	42	46	50	56	57	
1625	21	25	39	42	45	46	47	48	50	51	54	56	63	
1626	22	23	40	44	46	46	48	52	55	
1627	44	46	52	
1632	93	
1640	5	8	9	10	11	14	20	53	54	55	57	
1641	12	13	15	19	23	35	37	48	50	50	52	53	55	56	59	85	
1642	16	18	22	41	45	46	49	50	60	
1643	30	39	44	46	
1644	69	
1645	5	7	9	11	14	18	
1646	6	9	11	13	14	15	17	19	20	21	58	65	
1647	7	12	13	15	16	17	18	19	19	21	22	25	27	35	51	52	55	57	
1648	18	21	22	23	34	38	40	43	44	45	46	46	47	48	49	50	53	54	57	60	
1649	30	34	41	43	44	47	48	48	50	57	60	66	
1650	24	35	39	41	47	58	61	
1651	14	20	23	27	35	40	42	44	46	48	63	
1652	14	21	25	42	44	58	
1653	21	23	23	25	45	63	
1654	13	24	
1655	24	91	
1656	45	90	92	98	
1657	97	
1658	24	53	54	74	92	
1659	25	45	47	50	51	52	54	59	92	
1660	45	48	50	55	87	90	91	92	96	
1661	92	
1671	80	
1672	77	
1673	9	
1674	5	9	10	13	14	16	21	55	
1675	7	11	12	14	15	16	20	34	50	51	54	55	57	59	81	83	85	92	97	
1676	16	18	22	34	42	44	45	46	47	49	50	53	85	87	88	91	92	95	
1677	37	39	42	44	46	68	
1678	20	26	31	35	41	65	
1679	7	10	12	14	15	16	19	39	69	
1680	7	9	11	12	13	13	14	15	17	18	19	20	21	22	24	71	77	78	89	
1681	21	22	25	51	54	55	
1682	49	51	54	
1683	44	45	49	85	91	93	
1684	45	88	91	92	95	
1685	87	90	91	95	98	
1686	87	90	92	97	
1687	86	87	89	90	93	94	96	
1688	83	86	87	91	92	94	98	
1689	83	86	87	88	90	93	96	
1690	11	82	83	83	85	86	87	88	90	91	93	
1691	81	82	86	88	88	89	90	94	97	
1692	51	55	85	86	87	89	90	91	94	98	
1693	53	55	86	87	89	91	93	93	95	
1694	54	81	82	84	86	88	88	90	
1695	86	89	
1706	24	
1707	8	
1708	5	9	
1709	5	6	8	11	12	14	52	55	82	92	
1710	12	15	55	80	81	83	83	85	88	89	91	95	99	
1711	17	18	33	44	86	88	90	92	97	
1712	9	16	42	44	
1713	11	13	15	17	18	20	23	24	
1714	21	22	24	56	
1715	51	
1716	47	50	54	92	97	
1717	54	83	84	86	88	89	91	96	
1718	81	82	83	84	85	87	89	91	95	98	
1719	81	82	83	84	85	88	88	89	91	94	
1720	81	82	83	84	86	89	92	94	101	
1721	79	80	81	83	84	85	87	89	98	
1722	80	82	84	85	87	88	97	
1723	79	81	82	84	86	89	95	
1724	78	79	80	84	87	87	90	101	
1725	79	80	82	84	90	94	
1726	80	81	82	83	85	87	90	96	
1727	79	80	81	83	85	88	88	91	100	
1728	79	80	83	84	87	99	
1729	84	
1735	9	
1741	84	
1742	83	
1743	9	13	91	
1744	10	14	43	80	82	87	
1745	8	10	12	15	16	81	82	83	84	86	89	95	
1746	7	9	11	13	14	18	83	85	86	88	90	91	94	97	
1747	5	15	86	87	90	91	93	94	97	
1748	51	53	90	91	92	95	97	
1749	51	53	54	58	83	86	87	89	90	91	93	94	96	
1750	51	82	82	85	86	87	89	90	91	92	94	96	
1751	80	82	85	86	88	89	91	93	96	
1752	79	80	83	83	85	90	93	
1753	79	82	83	86	
1754	80	83	86	
1755	80	94	
1756	79	87	98	
1757	83	86	
1758	85	
1759	89	
1760	79	84	93	
1761	81	84	
1764	97	
1767	95	
1771	8	53	
1775	15	
1777	4	
1778	5	7	10	
1779	5	10	81	83	83	
1780	10	80	81	82	84	86	95	
1781	10	80	81	83	83	85	87	89	
1782	80	81	81	83	83	84	85	86	88	89	89	90	90	94	
1783	80	80	81	82	84	84	85	87	88	90	99	
1784	79	80	81	82	83	84	85	88	89	91	96	
1785	79	81	83	86	90	
1787	80	
1788	84	
1791	93	
1797	90	
1800	87	
1812	83	
1813	90	99	
1814	82	84	
1815	80	83	86	
1816	80	81	84	88	
1817	78	79	82	83	87	102	
1818	80	82	84	87	
1819	84	
1820	83	
1836	86	
1838	18	
1844	102	
1846	13	
1848	101	
1849	9	
1850	85	
1851	22	98	
1854	101	
1857	38	
1864	96	
1877	70	
1878	82	
1880	87	
1890	93	
1901	67	
1907	69	
1913	2	
1917	42	
1924	75	
1934	54	
1935	57	
1942	94	
1943	20	
1946	5	
1948	79	
1961	24	
1973	44	
1975	68	
1981	75	
1991	51	
1999	55	
2017	101	
2070	11	
2080	55	
2153	91	
2197	101	
2203	23	
2212	21	
2255	11	
2256	13	
