231	87	90	92	97	
232	87	90	91	93	96	
233	16	
252	87	90	92	
253	87	91	93	96	
263	92	
264	87	89	91	96	
265	82	85	86	88	88	90	95	
266	7	11	12	14	17	80	81	84	85	88	94	
267	17	18	19	20	
284	87	
285	87	89	92	95	
286	83	85	86	87	88	89	90	91	93	94	97	99	
287	7	80	82	84	85	87	88	88	89	91	95	
288	16	18	86	87	89	91	93	96	
296	52	54	88	93	
297	37	55	83	86	87	90	92	95	
298	37	80	81	83	84	85	86	89	90	93	
299	10	13	16	18	78	79	81	84	85	
300	7	10	12	14	15	16	17	19	20	69	80	83	
301	3	17	19	21	22	24	
317	50	
318	50	53	83	86	88	89	91	92	93	95	
319	81	82	84	85	87	89	90	94	97	100	
320	9	78	78	80	81	82	84	85	86	89	
321	6	9	11	12	14	15	79	80	81	83	83	84	85	87	89	94	98	
322	6	12	14	16	17	80	82	84	86	87	88	90	95	
323	16	16	17	18	20	
329	51	54	88	92	95	
330	49	54	82	86	87	89	91	95	
331	43	68	80	81	83	84	85	87	89	94	
332	8	11	13	16	17	19	78	80	84	
333	12	14	15	17	18	19	20	70	
334	4	20	21	22	25	
335	22	23	25	
350	48	50	52	54	
351	47	49	51	54	56	87	89	91	95	
352	36	40	42	48	53	56	58	66	77	80	82	84	85	87	88	89	91	95	101	
353	27	33	40	42	46	48	77	78	80	81	84	
354	8	71	79	81	83	
355	9	10	13	15	27	71	78	80	81	
356	7	9	11	12	13	13	14	15	17	18	79	81	83	84	86	
357	16	16	17	18	19	20	21	22	88	
358	22	
361	53	56	59	92	
362	51	55	57	87	90	92	95	
363	35	36	50	54	82	86	87	89	91	94	98	
364	43	43	78	80	81	83	84	85	100	
365	6	9	11	12	14	15	17	19	69	78	80	
366	12	15	18	19	20	21	22	24	25	70	
367	21	23	23	25	
382	53	56	
383	47	50	51	53	55	56	
384	46	49	50	55	
385	8	80	82	84	85	87	89	92	93	
386	10	16	48	52	54	56	57	59	67	78	79	80	85	
387	17	18	19	20	35	41	43	44	45	47	48	49	50	51	53	65	
388	23	25	38	42	44	45	48	
389	4	8	9	11	14	66	
390	5	6	7	11	12	13	13	14	15	15	16	19	23	27	80	
391	16	17	17	18	19	20	20	21	
392	23	
394	53	93	
395	51	87	88	89	91	95	
396	42	82	85	86	87	88	90	94	96	99	
397	10	16	18	77	79	80	82	84	
398	9	12	14	15	17	19	21	26	43	69	
399	14	20	21	22	24	
400	21	23	24	25	
416	56	57	
417	46	48	49	50	51	52	53	54	
418	43	48	87	88	91	93	95	
419	9	14	81	84	86	98	
420	7	12	13	14	15	16	17	19	20	26	56	57	68	72	83	
421	19	20	21	22	24	28	33	42	45	47	47	49	50	50	51	53	54	55	59	
422	40	43	43	44	45	48	49	74	
423	5	9	11	13	15	67	
424	8	12	13	13	14	15	15	16	19	20	23	28	
425	18	20	21	22	24	
427	51	54	88	93	98	
428	49	86	87	90	92	96	98	
429	42	67	78	80	82	85	86	90	93	
430	9	11	14	17	18	41	78	78	80	81	84	
431	10	12	13	15	17	18	19	21	26	72	
432	15	20	21	22	24	
433	21	23	
449	56	
450	47	51	52	54	
451	46	49	50	53	92	
452	81	84	86	88	89	92	96	
453	7	9	11	12	13	14	16	82	84	
454	12	15	17	18	20	21	24	52	56	
455	3	22	23	47	49	50	51	53	54	59	
456	44	45	45	48	
457	4	8	8	10	13	
458	12	15	16	19	24	
459	23	
460	51	55	58	88	91	96	
461	39	54	82	85	86	87	89	92	95	
462	35	39	43	66	77	80	81	85	86	88	94	
463	10	12	13	15	16	17	18	19	26	79	83	
464	12	14	15	20	21	
465	20	21	23	24	
466	25	
483	52	58	
484	46	48	49	51	52	53	54	
485	44	49	87	89	91	93	95	
486	9	14	80	82	83	85	87	90	98	
487	4	7	11	12	14	15	16	17	19	27	69	
488	18	20	21	22	24	52	53	55	
489	46	47	49	50	51	54	
490	43	69	70	88	89	92	95	
491	9	10	82	86	88	90	97	
492	6	11	13	15	86	87	91	93	96	
493	17	51	53	86	87	88	89	90	92	94	96	
494	43	81	83	86	87	89	93	97	
495	10	13	16	19	39	78	79	81	84	86	88	
496	7	12	13	15	16	17	18	19	20	26	71	79	83	
497	14	19	20	21	24	
498	22	24	
516	56	
517	47	49	51	52	53	54	55	
518	39	44	46	48	49	51	
519	45	80	83	85	88	91	
520	6	9	10	12	14	67	79	81	84	86	88	93	98	
521	8	11	12	13	15	16	17	17	19	20	24	
522	18	23	48	50	51	52	53	55	56	58	
523	46	47	49	49	51	54	93	
524	45	49	74	83	85	87	90	92	98	
525	10	13	79	82	84	86	91	95	
526	7	11	15	19	80	82	83	85	87	88	94	
527	10	16	17	19	42	47	79	80	81	83	85	86	
528	10	15	16	17	18	18	38	69	77	78	80	81	85	
529	7	11	13	15	18	19	20	27	72	
530	20	21	23	24	
531	22	24	
550	52	53	56	
551	36	46	47	48	49	50	51	52	53	55	57	59	
552	41	42	44	45	46	47	49	
553	9	81	
554	6	10	11	12	13	14	79	83	
555	2	12	15	16	19	21	56	88	91	97	
556	22	50	50	51	52	53	54	55	60	92	97	
557	37	45	46	47	48	49	50	52	86	87	90	92	95	
558	29	42	43	80	82	85	87	88	91	
559	9	14	16	39	42	68	79	
560	10	11	13	14	15	16	17	18	19	20	39	67	71	78	80	
561	3	7	9	11	12	15	17	18	18	19	20	21	26	71	78	80	84	
562	15	17	20	21	22	23	25	
563	21	22	24	
571	21	21	22	
584	52	55	58	
585	37	47	48	49	50	51	51	52	52	53	54	54	55	56	57	58	60	
586	30	35	36	42	43	44	45	46	47	47	48	49	50	53	
587	28	37	39	41	43	44	45	46	71	
588	7	8	10	13	72	
589	10	12	15	16	18	38	53	56	80	82	85	
590	17	20	34	46	48	50	52	54	55	57	78	80	82	83	85	88	96	
591	17	39	42	44	66	77	81	82	83	85	
592	11	14	17	19	38	42	44	47	60	63	67	72	80	84	
593	8	9	12	14	17	19	20	21	42	43	45	63	71	
594	5	11	12	14	17	19	20	21	22	24	25	27	69	
595	13	19	21	22	23	23	24	
596	22	25	
608	6	
618	53	
619	52	53	54	55	55	56	58	
620	42	44	45	47	48	48	49	50	51	54	55	57	60	
621	32	38	40	42	43	44	44	45	46	47	49	49	62	67	
622	41	44	57	63	
623	14	18	20	23	26	38	42	43	47	52	69	
624	15	19	20	22	41	60	68	68	79	
625	14	17	19	20	22	33	41	43	45	48	63	79	
626	6	15	19	21	24	29	44	
627	15	19	21	22	23	24	
628	22	24	
629	23	
653	55	
654	53	54	55	
655	45	50	55	59	
656	25	44	45	51	65	74	
657	24	44	48	63	74	
658	22	23	25	45	
659	24	
660	22	24	74	
1175	98	100	
1208	10	
1209	59	
1213	48	
1235	32	
1242	100	
1256	88	
1276	29	
1279	10	
1306	45	
1311	9	
1312	66	
1314	12	
1317	48	
1319	3	
1321	48	
1337	63	
1338	27	
1341	53	
1343	8	
1355	48	
1357	68	
1373	17	37	
1374	46	
1375	26	
1377	72	
1380	27	
1385	14	41	
1386	18	18	29	39	47	
1387	16	19	39	42	45	47	68	
1388	23	28	40	47	54	
1389	54	
1398	76	
1404	17	
1405	20	27	
1406	23	25	
1407	37	45	
1408	43	46	50	71	
1409	57	
1410	39	
1412	56	
1413	30	
1418	18	42	
1419	11	16	
1420	10	13	14	16	18	19	21	53	56	71	
1421	17	19	20	22	23	43	45	48	49	50	52	54	57	59	68	
1422	44	47	50	
1429	41	
1433	76	
1438	46	
1439	16	
1440	16	19	42	
1441	16	17	18	19	22	28	36	41	43	52	56	61	67	69	
1442	17	18	19	21	25	34	38	40	42	46	47	48	50	57	61	
1443	21	41	44	46	50	68	
1444	40	44	53	69	
1451	17	42	
1452	11	15	16	18	26	41	68	
1453	9	12	14	16	17	18	19	22	23	28	
1454	15	20	21	23	51	52	
1455	22	24	51	53	59	92	
1456	53	61	86	88	90	94	
1473	12	17	19	41	
1474	9	12	14	16	17	18	21	24	68	71	
1475	12	16	17	18	19	20	23	44	51	52	57	62	
1476	17	19	20	22	23	25	26	42	43	45	47	49	50	52	54	57	59	69	
1477	22	24	32	39	42	43	43	45	46	47	48	48	49	50	53	56	60	
1478	42	42	44	47	50	54	
1482	17	39	
1483	39	
1484	16	
1485	7	10	16	17	19	45	68	70	
1486	10	13	14	16	18	18	19	21	
1487	13	21	22	24	52	
1488	22	51	54	86	88	91	96	
1489	54	82	86	88	89	91	94	99	
1490	79	80	82	86	93	
1491	87	
1503	24	55	
1506	12	16	19	
1507	7	9	11	13	13	15	16	19	21	25	
1508	11	12	13	14	17	20	21	23	25	72	
1509	15	22	23	25	57	91	
1510	23	35	50	51	52	54	54	55	56	60	87	92	96	
1511	16	40	42	45	46	48	48	49	49	50	52	53	57	59	
1512	39	43	45	46	49	50	81	
1513	50	53	
1515	23	
1517	13	21	39	67	
1518	10	13	16	17	18	20	42	
1519	7	11	14	21	23	23	27	57	71	
1520	21	25	52	53	
1521	25	51	54	87	88	90	91	97	
1522	83	86	89	94	
1523	78	79	81	84	95	
1524	78	81	88	94	
1525	81	84	
1526	58	
1530	76	
1538	16	
1540	8	9	12	13	14	18	21	56	
1541	8	12	15	16	17	19	20	23	25	26	46	
1542	18	22	24	93	
1543	81	85	87	88	90	93	
1544	7	11	12	14	15	19	52	53	54	55	56	77	81	82	84	85	87	88	92	94	
1545	17	19	43	46	47	48	49	50	50	52	54	55	59	87	92	98	
1546	44	46	49	51	92	
1549	14	16	26	
1550	8	15	18	29	68	70	70	
1551	9	12	13	15	16	18	18	19	22	45	
1552	11	19	20	21	24	72	
1553	3	22	51	
1554	53	54	86	87	91	95	
1555	80	81	85	86	90	95	
1556	80	82	85	88	95	
1557	82	87	88	
1562	98	
1569	87	
1573	8	17	
1574	6	9	10	11	13	14	15	16	17	19	53	57	
1575	13	18	19	20	22	23	47	50	54	
1576	85	86	89	95	
1577	9	14	78	80	84	87	90	95	
1578	7	11	12	14	15	16	51	52	55	78	78	80	84	86	89	
1579	13	18	20	42	46	47	50	51	53	55	79	82	84	89	
1580	46	50	54	85	86	88	89	92	95	
1582	66	70	
1583	8	13	16	20	42	
1584	9	11	13	14	15	16	18	19	20	27	72	
1585	6	13	15	19	21	22	23	70	
1586	24	50	53	55	91	95	
1587	86	88	89	91	95	
1588	78	80	82	85	87	90	94	
1589	79	82	83	88	
1590	78	84	88	
1592	89	
1600	36	
1602	60	
1605	26	
1606	10	
1607	10	12	14	17	18	57	
1608	8	12	15	16	17	19	20	21	25	47	50	52	53	69	
1609	23	43	49	51	
1610	77	80	81	85	86	88	93	
1611	9	78	82	84	
1612	3	6	11	12	14	16	17	19	52	54	55	56	61	83	
1613	18	19	21	37	40	43	46	48	48	50	54	59	81	
1614	32	79	82	83	
1615	81	
1616	11	13	15	17	18	21	27	30	66	
1617	7	11	14	15	17	17	18	19	22	44	
1618	3	8	21	23	24	51	
1619	54	87	97	
1620	54	78	82	84	86	87	89	92	93	97	99	
1621	77	79	80	83	85	91	
1622	80	85	
1626	7	
1639	19	
1640	9	14	
1641	11	12	14	16	20	25	52	53	57	
1642	17	18	20	21	22	24	43	45	47	49	50	52	55	
1643	45	46	49	49	92	94	
1644	45	79	82	84	89	
1645	3	9	12	14	
1646	7	13	15	16	18	18	19	20	21	35	43	52	59	68	
1647	2	17	19	20	21	23	24	27	30	38	39	41	42	45	46	47	48	49	50	54	61	
1648	41	44	46	48	70	
1649	8	8	11	15	26	28	44	65	66	68	
1650	13	15	22	27	71	
1651	22	23	24	52	54	88	93	
1652	87	91	96	
1653	81	82	84	85	88	91	94	
1654	79	81	84	87	
1655	79	83	
1656	81	
1657	88	
1672	11	13	
1673	22	
1674	6	9	11	13	13	14	16	18	20	24	56	
1675	5	7	12	14	15	16	17	18	20	24	37	47	51	52	54	55	58	58	68	
1676	18	20	21	22	24	42	44	45	47	48	49	55	
1677	42	56	88	
1678	9	
1679	9	12	13	14	15	16	17	18	66	
1680	3	7	7	11	12	14	15	16	17	19	20	21	25	51	52	53	53	54	55	56	57	
1681	17	18	20	21	23	24	42	45	47	48	49	50	54	56	61	
1682	43	44	47	
1683	44	52	
1684	51	54	92	
1685	54	82	87	89	93	96	
1686	78	79	80	82	84	86	89	94	
1687	78	80	85	89	
1688	85	
1692	23	
1702	31	
1707	7	8	16	
1708	9	10	11	12	14	15	17	26	52	56	58	
1709	8	13	16	17	19	21	25	49	50	51	53	54	58	61	
1710	17	18	21	22	40	42	43	44	45	46	48	49	50	52	53	
1711	30	40	43	45	46	54	55	
1712	5	9	14	71	
1713	5	6	9	11	12	13	15	17	18	20	26	70	
1714	8	12	15	16	17	19	21	22	24	
1715	21	22	52	53	88	91	92	97	
1716	50	52	54	87	90	91	95	96	
1717	53	85	86	87	91	93	94	96	
1718	78	82	84	85	87	88	90	96	
1719	77	79	81	83	84	88	
1720	80	85	
1721	103	
1724	83	
1728	16	16	
1737	15	
1739	14	
1741	11	
1742	5	7	9	10	11	13	14	15	
1743	5	7	12	13	14	15	16	18	19	23	51	52	53	54	55	56	58	61	86	92	
1744	17	20	35	45	47	49	50	52	54	83	87	88	91	96	
1745	43	45	48	63	92	
1746	9	14	63	
1747	6	12	14	15	24	
1748	1	24	90	91	95	
1749	52	54	82	83	86	87	88	89	90	92	94	96	
1750	77	81	82	83	83	84	85	86	88	89	91	93	96	
1751	76	77	80	81	83	85	86	90	
1752	79	83	83	87	96	
1753	88	
1754	86	
1756	90	
1762	15	15	
1765	65	
1776	7	12	22	
1777	2	4	6	8	9	10	11	13	14	79	82	84	87	89	
1778	54	77	80	81	83	84	86	87	89	91	94	97	
1779	86	87	88	88	89	91	94	96	
1780	87	89	91	97	
1781	86	90	95	
1782	78	81	82	85	86	89	90	94	98	
1783	76	78	78	79	80	81	84	85	87	90	
1784	78	79	80	82	84	88	89	
1785	79	83	83	89	100	
1787	83	
1798	5	
1804	24	
1810	10	14	19	
1811	14	80	100	
1812	77	78	80	82	84	86	88	
1813	77	79	81	82	83	84	85	87	91	95	
1814	81	83	83	84	86	89	
1815	81	84	87	89	95	
1816	79	81	84	89	94	
1817	81	84	
1818	58	79	85	
1833	15	
1839	15	
1840	29	
1844	4	
1846	79	
1847	80	85	
1848	78	80	87	
1849	80	83	
1850	78	84	
1853	94	
1872	25	
1880	2	
1881	50	84	96	
1908	101	
1915	8	
1923	62	
1926	91	
1932	86	
1941	24	
1959	84	
1971	5	
1976	4	54	
1981	9	
1993	34	
2000	53	
2013	13	
2028	102	
2041	54	
2047	54	
2049	67	
2052	69	
2082	54	
2084	2	
2085	15	
2089	79	79	
2094	17	
2099	38	
2110	94	
2115	89	
2120	9	
2123	78	
2135	3	
2148	11	
2150	12	
2161	38	
2174	6	
2177	24	
2178	102	
2181	21	
2187	102	
2193	17	
