84	83	
146	30	31	
152	91	92	
185	91	93	
186	87	90	92	
187	87	91	97	
188	93	
217	90	92	93	95	
218	86	87	90	91	92	93	95	
219	82	85	86	87	88	90	91	92	94	98	
220	81	82	84	86	87	88	89	89	90	91	93	94	98	
221	8	12	14	16	81	82	84	86	87	89	90	91	93	93	98	
222	17	86	90	92	
223	17	
248	8	10	56	
249	51	
250	53	88	90	91	92	94	96	
251	86	87	88	89	90	91	94	96	
252	81	82	83	84	85	86	87	88	88	89	90	91	94	96	101	
253	8	80	82	83	84	85	86	88	88	89	91	94	100	
254	8	12	80	81	82	83	84	86	88	89	91	95	
255	7	10	11	12	13	14	80	81	81	82	84	85	87	88	90	92	
256	7	11	12	14	15	16	17	18	21	81	83	84	85	86	88	91	99	
257	16	17	19	
281	56	
282	48	51	52	
283	49	50	51	55	88	92	95	
284	49	81	82	84	86	87	89	90	91	92	94	96	
285	35	38	38	79	81	82	83	84	86	87	89	90	93	98	
286	16	35	37	41	43	47	48	50	58	80	81	82	84	85	86	
287	17	19	29	39	42	47	80	81	84	
288	9	40	80	82	83	
289	9	10	11	13	14	80	81	83	98	
290	7	10	11	12	13	13	14	15	15	16	17	18	19	21	81	83	84	88	101	
291	16	17	18	19	20	22	24	84	
292	18	
314	56	
315	51	52	
316	47	49	50	51	52	54	87	91	93	
317	49	51	53	85	87	88	89	90	91	93	95	
318	38	39	80	82	84	85	86	88	88	89	90	95	
319	10	13	15	34	40	68	80	81	84	
320	8	12	15	16	17	18	18	19	20	27	38	41	43	45	46	47	51	52	54	57	58	64	84	
321	21	21	22	24	42	44	45	46	48	48	49	51	53	64	
322	22	23	45	
323	5	9	13	14	
324	7	8	11	12	12	13	14	15	16	16	19	19	23	28	85	
325	16	17	18	19	20	20	22	24	
348	51	53	53	57	
349	49	51	52	55	91	93	94	
350	37	48	49	52	54	58	83	85	87	88	89	90	91	93	94	98	
351	81	82	83	85	86	87	89	90	93	101	
352	10	11	13	16	18	19	29	38	63	81	83	84	
353	8	11	12	13	14	15	17	17	18	19	19	20	44	56	57	
354	19	20	21	23	24	26	37	47	48	50	51	51	52	53	54	55	56	
355	22	23	24	43	44	45	46	47	48	49	50	
356	45	78	
357	7	8	9	10	12	13	15	16	
358	6	11	11	12	13	14	14	15	16	16	17	17	18	19	20	23	25	
359	17	18	19	20	21	22	
380	56	
381	51	52	54	56	
382	47	48	50	51	52	54	56	91	93	
383	38	48	50	82	84	86	88	88	90	91	92	94	
384	66	80	82	84	85	86	87	89	90	99	
385	8	9	11	14	16	17	19	40	79	80	83	83	84	
386	7	9	11	12	13	14	15	16	17	18	18	19	20	20	23	
387	13	15	20	21	22	24	25	52	56	57	
388	47	50	51	52	52	53	54	55	59	
389	47	48	49	92	95	
390	90	95	
391	3	6	8	9	10	11	12	14	14	16	19	
392	12	13	14	15	16	17	18	18	19	20	21	21	23	24	
393	21	22	25	
396	92	
397	87	91	92	95	
398	87	88	91	91	93	93	95	
399	86	88	90	91	92	94	96	
400	16	88	90	92	94	
401	17	91	93	
413	56	
414	51	52	56	
415	47	49	51	52	54	
416	44	48	49	50	54	82	85	87	90	91	93	96	
417	81	83	83	85	86	89	90	95	99	
418	6	9	10	13	19	79	81	83	85	
419	7	10	11	12	14	15	16	17	18	18	19	20	23	65	
420	15	18	20	21	22	23	24	
421	22	51	52	53	57	
422	47	48	50	50	51	54	55	93	95	
423	49	88	89	91	92	94	96	
424	9	10	13	67	77	83	86	89	93	
425	8	9	10	11	12	13	14	14	15	16	17	18	18	19	20	23	26	
426	3	13	15	20	21	21	24	
428	93	97	
429	91	92	94	96	
430	87	88	90	91	92	94	98	
431	81	82	84	86	87	87	89	90	91	94	95	99	
432	81	83	83	84	85	86	87	88	89	90	91	94	96	
433	7	9	13	15	82	84	85	85	86	88	89	90	91	92	93	97	
434	12	13	16	19	82	82	85	86	87	88	89	90	91	93	94	97	101	
435	16	85	86	87	88	90	91	97	101	
436	16	17	92	
438	64	65	65	
447	52	56	57	
448	37	47	48	50	51	52	54	55	
449	45	46	47	49	50	51	53	55	
450	45	80	84	86	89	91	93	97	
451	8	10	14	79	80	82	84	86	88	
452	6	10	11	12	13	14	14	15	16	17	17	18	19	20	23	25	26	
453	13	15	18	20	21	22	24	25	
454	23	50	51	53	55	56	59	
455	47	48	50	51	53	55	92	
456	49	82	86	87	89	91	92	94	97	
457	9	80	82	83	85	86	89	90	93	95	
458	5	7	9	10	11	12	13	14	15	17	18	19	86	
459	5	12	15	21	22	24	
460	23	93	95	
461	86	87	89	90	91	93	94	
462	82	85	87	88	89	90	91	92	94	96	
463	82	84	85	86	87	88	89	90	90	91	93	94	95	
464	36	81	82	84	85	86	87	88	89	91	93	96	99	
465	36	67	80	81	82	84	85	86	89	90	
466	79	80	81	82	83	84	86	89	93	
467	8	10	13	80	81	81	83	83	84	85	86	88	90	94	
468	7	9	11	13	46	81	82	83	83	84	85	87	89	91	95	
469	7	10	11	12	13	15	17	19	81	82	83	83	84	86	87	88	89	93	95	
470	16	16	17	18	18	19	20	22	84	102	
473	80	81	81	
481	56	
482	46	47	48	50	50	51	52	53	54	55	56	
483	41	43	45	46	47	48	49	96	
484	9	79	84	89	91	95	
485	5	6	8	9	10	11	12	13	14	81	86	
486	12	15	16	17	17	18	19	20	22	24	
487	22	25	51	53	
488	49	50	51	52	54	
489	49	50	52	54	86	87	90	91	93	94	98	99	
490	48	79	81	84	85	87	89	90	91	95	
491	9	10	12	14	78	80	82	84	85	87	88	92	
492	4	7	10	12	13	14	15	25	88	
493	91	92	94	97	
494	83	86	87	88	89	91	92	94	96	
495	37	81	82	83	83	84	85	86	88	88	89	90	91	95	99	
496	37	81	82	84	85	86	87	89	90	94	101	
497	16	18	29	34	37	39	43	47	49	57	61	66	79	80	81	82	83	85	89	101	
498	16	17	19	20	33	36	40	42	46	47	50	57	59	79	81	82	83	85	
499	19	20	22	38	39	41	42	43	47	48	48	50	80	83	
500	21	21	32	43	44	47	56	80	
501	22	33	81	
502	8	10	12	14	80	82	84	
503	5	7	9	10	11	12	12	13	14	14	15	16	18	81	82	83	84	86	89	
504	12	16	16	17	18	19	19	20	22	84	
505	18	21	23	
515	52	53	54	55	56	57	
516	35	36	46	47	47	48	49	50	51	51	52	53	54	55	59	
517	41	43	45	45	46	46	49	49	98	
518	9	43	79	88	91	
519	4	7	9	10	11	12	13	14	14	15	16	
520	13	15	16	17	19	20	21	22	24	53	
521	50	51	53	55	93	
522	48	50	51	52	54	59	86	88	88	90	91	92	93	95	
523	50	80	82	83	84	86	87	88	89	90	91	95	
524	79	82	83	85	86	88	88	90	94	
525	8	11	14	83	85	100	
526	3	12	15	16	83	87	91	94	
527	38	81	82	83	84	85	86	88	89	94	
528	37	42	80	81	82	83	84	85	86	88	89	94	
529	16	40	79	80	81	82	84	85	
530	6	9	13	15	16	17	18	19	27	28	42	79	80	83	85	
531	11	13	13	15	16	17	18	19	20	21	22	23	34	39	42	45	46	52	56	63	67	80	
532	19	20	21	22	24	27	42	44	47	49	52	53	54	55	56	57	58	63	
533	21	23	23	24	35	40	42	44	45	46	47	48	48	50	51	51	53	54	55	57	
534	21	23	25	39	42	44	45	45	46	46	47	48	49	63	
535	31	42	44	49	
536	9	10	14	39	
537	1	5	6	7	9	10	11	12	13	13	14	14	15	16	17	18	18	19	
538	12	15	16	17	18	19	20	21	21	23	24	
539	22	
549	51	52	53	55	57	
550	37	46	47	48	49	49	50	51	51	54	55	58	
551	40	42	44	45	46	47	48	49	
552	8	13	67	76	89	98	
553	5	7	11	12	14	15	
554	15	16	19	22	53	56	83	86	88	91	93	96	
555	48	50	51	53	55	82	86	87	88	89	91	91	93	94	96	
556	48	52	53	81	83	83	85	87	89	90	91	94	
557	79	81	82	83	84	85	89	94	
558	80	84	
559	13	38	57	66	
560	5	11	20	34	38	41	43	46	47	82	
561	12	15	16	17	18	18	19	25	34	38	40	42	47	61	81	84	88	
562	17	18	19	20	21	28	34	40	42	44	48	62	64	80	84	
563	11	13	14	17	19	20	21	26	33	40	43	45	61	65	80	
564	8	10	12	14	16	18	18	19	20	21	23	23	44	64	
565	12	20	21	22	23	24	52	
566	22	51	52	54	56	57	
567	25	45	46	47	48	48	50	50	51	52	54	54	55	57	60	64	
568	35	40	43	44	45	46	47	49	49	54	
569	8	40	45	
570	9	11	12	13	14	17	19	64	
571	2	4	7	11	12	13	14	15	15	17	18	19	20	21	23	24	
572	15	18	20	21	22	24	
573	23	
583	52	53	55	56	58	
584	34	47	48	50	50	51	51	52	53	54	55	56	57	59	82	
585	33	37	40	42	43	43	45	45	46	47	47	48	49	49	50	50	
586	40	41	41	42	44	46	
587	5	7	10	12	43	
588	7	13	52	81	82	82	84	85	90	96	103	
589	52	55	81	82	82	84	85	86	87	89	90	92	95	
590	36	80	81	84	85	88	89	94	
591	17	36	59	80	84	89	
592	16	18	18	35	37	39	41	45	47	68	84	
593	9	11	14	16	17	19	20	40	
594	6	10	11	12	13	14	15	17	18	18	19	20	21	34	65	67	
595	13	17	18	19	20	20	21	23	23	24	26	35	44	45	47	63	
596	20	21	22	24	43	43	45	65	
597	22	23	24	65	
598	21	23	23	25	
600	51	52	53	54	56	
601	34	41	46	47	50	51	51	54	54	58	
602	39	42	44	45	46	48	
603	9	11	13	64	
604	5	7	9	11	12	14	15	15	16	19	20	23	24	26	
605	18	20	21	22	23	24	27	
606	2	15	25	
609	99	100	100	
618	50	51	52	52	53	53	54	55	57	58	
619	37	41	44	45	46	47	49	50	50	51	53	53	54	59	
620	36	40	41	43	43	44	44	45	46	46	47	48	49	50	59	
621	31	37	38	41	45	46	47	48	77	
622	55	60	66	80	81	84	
623	35	58	63	80	82	83	84	85	
624	19	39	41	45	47	48	62	67	79	83	83	
625	12	16	17	18	18	19	20	29	40	41	43	43	47	58	62	
626	6	9	11	13	13	14	16	17	19	19	20	21	23	23	40	
627	11	15	16	18	18	19	20	21	22	24	26	43	65	
628	13	15	17	20	21	22	23	24	25	28	45	
629	21	23	23	
634	53	55	58	
635	35	47	48	50	52	54	55	
636	41	44	45	46	
637	4	7	10	14	27	29	63	76	
638	12	15	21	23	24	
652	52	55	57	
653	50	51	52	53	53	54	54	55	56	57	62	
654	34	40	43	44	45	47	48	49	50	50	51	52	53	54	55	56	57	58	62	
655	30	34	36	39	40	41	43	44	44	45	46	46	47	48	49	50	59	66	
656	25	35	37	38	40	41	42	44	46	46	48	58	
657	10	20	26	45	
658	6	8	10	11	12	13	14	15	19	20	23	24	
659	12	15	16	20	21	22	24	25	
660	13	18	21	22	24	25	
661	22	24	
662	23	24	
670	64	
687	55	
688	35	51	53	54	55	
689	43	45	51	52	54	55	57	59	
690	32	35	43	44	45	47	48	50	59	65	
691	23	24	30	37	40	44	45	46	48	65	
692	11	14	24	25	36	41	46	
693	18	21	26	41	46	
694	7	11	22	39	
695	12	14	17	19	
723	53	55	
724	51	54	61	
725	47	51	55	62	
726	44	62	
727	43	61	
728	12	23	
729	22	25	
754	2	
1158	26	
1162	31	
1167	72	
1172	39	
1180	12	
1183	98	
1194	28	
1195	32	
1196	41	
1198	7	
1210	5	
1236	53	
1241	73	
1247	68	
1248	83	
1277	11	38	
1284	8	
1287	15	
1295	27	
1301	18	33	
1303	37	
1305	37	
1306	47	
1307	37	
1308	49	80	
1309	39	
1311	63	73	
1313	69	
1337	28	
1339	17	
1340	17	19	37	39	
1341	22	37	42	59	
1342	21	36	41	48	67	
1343	47	49	
1344	6	
1345	72	
1349	10	61	
1351	13	24	
1364	46	57	
1368	18	
1369	17	
1371	37	
1372	28	68	
1373	16	17	19	38	38	44	46	
1374	11	17	18	20	25	37	41	44	62	
1375	17	18	19	20	21	26	36	41	45	46	47	48	51	55	58	67	
1376	19	20	21	23	25	26	33	37	39	41	43	45	46	47	49	51	53	58	67	
1377	22	42	44	47	48	
1378	42	
1382	18	
1390	54	
1401	65	
1405	10	18	29	40	
1406	10	12	13	15	16	19	21	35	42	
1407	11	13	16	17	19	20	21	41	62	65	
1408	13	15	17	18	19	20	21	22	23	25	44	53	55	
1409	15	18	19	21	22	24	43	48	51	52	53	54	55	57	59	
1410	21	22	24	34	42	43	45	47	47	48	49	50	52	54	58	59	63	
1411	22	25	38	41	43	43	44	45	46	47	48	50	52	53	
1412	41	44	47	50	
1418	23	
1419	67	79	
1422	50	68	
1423	71	
1426	70	
1437	15	16	39	
1438	14	16	
1439	9	11	13	15	17	18	20	25	27	
1440	7	10	12	14	15	16	17	19	20	21	22	24	
1441	12	15	18	19	20	21	22	23	24	27	
1442	22	24	92	
1443	52	55	57	87	90	91	93	94	96	
1444	34	36	50	51	52	53	54	55	57	59	88	91	95	
1445	38	41	42	44	45	45	46	46	47	48	48	49	49	50	51	53	61	
1446	44	45	47	49	51	54	
1450	72	
1455	68	
1461	68	
1470	40	
1471	8	41	
1472	9	11	14	16	17	19	
1473	6	9	11	12	14	15	16	17	18	19	21	
1474	12	13	15	17	19	20	22	24	56	
1475	21	23	92	97	
1476	87	88	89	89	91	92	94	95	
1477	7	10	81	82	83	84	85	87	89	90	
1478	8	13	15	16	17	19	51	52	53	54	55	55	56	58	81	83	85	86	
1479	17	17	21	42	46	46	47	49	49	50	51	53	55	57	
1480	42	43	45	48	54	
1481	48	
1483	13	39	
1486	5	
1487	49	
1504	13	
1505	8	11	13	15	17	18	20	
1506	10	12	13	14	16	17	18	19	21	29	43	64	
1507	8	14	15	17	20	21	23	23	25	52	
1508	22	25	50	52	53	91	92	93	95	
1509	83	85	86	87	88	89	90	93	94	95	
1510	76	80	81	83	84	85	86	89	90	91	
1511	8	8	10	11	14	16	80	82	84	89	101	
1512	4	6	12	13	15	16	17	19	21	52	54	55	56	59	82	86	
1513	17	18	21	22	45	46	47	49	50	51	53	55	
1514	45	46	49	53	88	90	92	93	96	
1519	20	37	65	
1520	27	57	
1523	83	
1525	14	
1528	3	
1534	48	
1536	45	
1537	11	16	23	
1538	10	13	15	17	41	68	
1539	7	10	11	13	13	14	15	16	17	18	19	20	25	65	
1540	7	12	17	18	20	21	23	24	51	52	55	
1541	22	23	48	50	54	92	93	95	
1542	50	54	82	83	86	88	89	89	91	94	
1543	79	80	82	84	85	86	89	91	
1544	10	80	82	84	88	
1545	3	6	8	9	11	12	13	14	16	18	19	52	56	66	84	
1546	12	15	15	16	17	18	19	19	20	24	26	47	50	51	52	53	54	
1547	21	22	44	46	48	50	52	54	91	93	94	
1548	37	47	49	81	84	86	90	91	94	
1549	37	
1550	77	
1551	16	39	61	77	
1552	17	20	38	39	42	47	51	57	
1553	16	17	19	24	31	37	41	46	57	67	
1554	18	21	28	34	38	40	45	46	47	48	57	
1555	21	36	43	46	48	49	
1556	22	41	43	46	63	66	
1557	57	
1559	9	
1568	81	
1571	9	12	13	
1572	6	10	11	14	15	16	17	18	20	24	
1573	8	12	13	15	16	17	19	20	21	24	47	51	52	
1574	21	22	25	47	49	50	51	53	53	59	92	96	
1575	49	83	85	86	87	89	89	90	92	94	
1576	80	81	84	86	90	94	
1577	8	14	80	84	89	
1578	9	11	14	17	18	19	28	68	
1579	3	7	10	11	12	15	16	17	18	19	20	20	22	24	52	53	55	56	
1580	20	21	22	24	46	47	48	50	50	51	52	54	
1581	49	54	86	88	89	90	91	93	98	
1582	66	79	84	86	88	91	
1583	41	46	59	78	84	
1584	17	20	36	42	62	77	
1585	12	16	18	19	21	34	39	43	
1586	12	15	16	17	18	19	21	26	35	39	39	42	46	56	62	
1587	16	19	20	22	25	34	39	42	44	47	49	52	54	57	59	63	
1588	18	18	20	21	22	23	35	36	39	42	44	46	47	49	51	53	54	56	60	
1589	20	22	25	36	38	41	43	44	46	47	48	50	52	56	58	68	
1590	23	24	26	28	37	39	44	46	48	48	50	56	
1591	44	47	
1592	44	
1593	62	62	62	63	
1594	63	
1595	77	77	77	
1604	10	
1605	6	9	11	12	13	14	15	25	
1606	7	11	12	14	15	16	16	17	18	20	25	51	52	
1607	20	22	23	24	46	48	48	49	51	54	
1608	50	54	59	86	88	89	90	91	94	
1609	49	79	80	82	84	85	87	88	90	
1610	11	79	83	85	
1611	9	11	13	15	15	16	18	19	
1612	10	12	13	14	15	16	17	17	19	20	21	24	53	57	65	
1613	8	18	19	20	21	22	24	25	36	42	46	47	49	50	51	54	60	
1614	1	36	44	46	49	51	53	59	
1615	29	35	38	41	44	79	81	83	85	90	
1616	18	35	37	42	47	60	84	
1617	14	17	19	41	
1618	12	14	17	18	19	20	22	24	38	42	45	64	
1619	12	14	16	18	19	20	22	23	25	28	45	62	64	
1620	7	11	14	18	19	21	22	23	43	
1621	20	22	24	25	45	55	64	
1622	22	23	25	45	50	52	54	56	58	59	
1623	23	25	41	43	44	45	47	49	50	51	52	53	54	56	58	61	63	
1624	33	36	38	41	43	44	45	49	49	50	52	54	56	
1625	42	44	45	47	48	49	55	83	
1626	46	
1629	79	
1638	10	14	19	
1639	7	9	10	11	12	13	14	15	18	52	57	
1640	12	15	16	16	17	18	19	21	42	46	47	48	50	51	52	53	55	56	
1641	17	21	22	44	46	48	50	53	53	95	
1642	44	80	82	84	85	87	89	95	
1643	37	39	43	79	84	86	90	
1644	10	14	19	84	
1645	7	9	10	12	13	13	14	17	18	19	21	24	26	39	67	
1646	5	6	15	16	17	19	19	20	21	22	24	26	48	51	52	55	59	
1647	21	22	23	25	38	39	42	44	46	47	48	49	50	51	53	55	57	58	
1648	29	41	44	47	55	
1649	35	38	43	44	47	59	63	79	
1650	12	15	18	20	22	42	64	66	
1651	12	15	18	19	20	21	23	24	45	65	
1652	13	15	21	23	24	45	63	
1653	21	23	25	92	
1654	25	91	92	97	
1655	86	87	90	91	92	94	95	
1656	16	36	83	87	88	90	90	92	93	95	
1657	16	17	20	51	51	52	53	54	55	56	57	87	
1658	42	43	43	45	46	47	48	49	50	51	52	54	56	
1659	41	44	44	45	46	47	49	50	52	54	75	93	
1660	77	
1663	83	84	84	87	
1669	23	94	
1672	8	72	
1673	4	7	9	9	10	11	13	13	14	15	16	19	22	24	51	52	53	55	57	
1674	13	15	16	17	18	18	19	20	21	23	35	41	43	47	48	50	51	51	53	54	
1675	22	41	45	46	48	49	51	55	60	
1676	41	45	80	
1677	9	14	40	
1678	9	10	13	13	15	16	17	19	20	21	23	23	41	
1679	10	12	13	14	15	16	16	17	19	20	21	23	53	
1680	17	20	21	22	24	51	52	54	55	58	60	
1681	22	35	43	47	48	50	53	58	62	
1682	44	45	50	63	
1683	11	44	61	
1684	22	25	
1685	23	24	92	93	
1686	88	91	92	
1687	63	86	87	88	89	90	92	93	95	97	
1688	82	83	84	85	86	87	88	89	90	91	93	93	
1689	9	14	81	82	83	84	84	86	87	88	90	94	101	
1690	10	12	14	16	35	35	81	82	83	84	85	86	87	89	91	94	
1691	13	16	17	19	52	53	55	56	81	82	86	88	89	94	101	
1692	18	22	47	49	50	50	51	52	54	55	59	
1693	44	48	50	50	52	54	87	91	92	94	96	
1694	51	91	
1705	48	
1706	9	13	16	
1707	5	7	9	10	11	12	13	14	15	16	19	51	52	54	55	56	57	
1708	2	12	16	17	19	20	35	36	47	48	48	49	50	51	52	53	54	58	61	86	
1709	17	18	21	23	31	33	39	42	43	45	46	48	49	
1710	38	45	46	
1711	10	12	13	14	19	24	39	67	
1712	8	10	11	12	14	15	17	18	19	20	21	24	
1713	13	18	20	21	21	22	24	
1714	23	
1716	93	
1717	86	87	91	92	94	95	
1718	86	86	87	91	92	93	93	95	98	
1719	52	83	85	86	87	89	90	91	92	94	
1720	82	85	85	86	87	89	90	91	94	97	98	
1721	80	81	82	83	84	85	86	89	90	95	
1722	79	81	82	84	85	86	90	101	
1723	12	81	82	84	85	91	95	
1724	5	7	8	10	11	12	14	15	16	18	80	81	82	84	84	85	
1725	13	15	15	16	17	19	20	23	51	52	53	55	56	60	80	82	84	
1726	48	49	51	53	54	55	88	89	90	91	93	94	95	
1727	50	80	81	83	86	87	88	89	91	93	94	96	
1728	83	90	
1729	82	
1732	61	
1736	16	
1740	11	
1741	4	7	8	10	11	12	14	15	53	
1742	12	13	15	15	17	19	21	51	54	55	58	59	82	84	86	89	93	95	101	
1743	16	17	19	21	35	47	48	53	60	87	91	93	
1744	9	13	18	42	43	63	64	76	
1745	9	12	13	15	22	24	
1746	12	21	22	24	25	
1747	92	
1748	92	
1749	50	54	88	90	91	92	93	95	
1750	86	87	88	90	91	92	93	94	96	99	
1751	81	82	83	85	86	87	88	89	91	94	96	99	
1752	81	81	82	83	84	85	86	88	89	92	95	
1753	80	81	82	83	84	85	86	88	90	94	99	
1754	80	81	82	83	84	85	87	89	94	
1755	80	82	83	85	88	
1756	80	87	91	
1757	9	13	85	89	
1758	6	10	12	14	16	52	56	
1759	17	21	49	51	53	53	83	87	92	98	
1760	50	81	83	84	86	87	89	91	93	94	
1761	79	81	84	86	89	91	
1762	89	
1765	102	102	102	
1774	8	
1775	4	9	11	14	18	
1776	6	8	10	11	12	13	14	15	18	29	30	82	84	86	90	103	
1777	11	12	15	16	22	82	83	84	85	86	88	89	90	92	94	98	
1778	16	17	20	88	92	
1779	25	
1780	93	
1781	51	86	87	89	90	91	92	93	95	
1782	54	83	86	86	87	90	91	92	93	94	
1783	55	80	81	82	83	84	85	85	86	87	89	90	91	93	95	99	
1784	49	79	81	81	82	83	84	85	86	88	89	90	97	100	
1785	79	80	81	83	84	86	89	92	
1786	81	83	85	88	
1787	79	81	83	86	
1788	82	84	
1791	12	13	84	
1792	8	11	88	
1793	53	82	85	87	89	92	94	
1794	54	80	81	83	84	86	89	91	96	
1795	83	83	87	88	
1805	17	
1806	92	
1807	38	
1809	10	13	
1810	10	85	93	
1811	3	7	9	10	12	13	14	15	81	82	82	84	85	87	90	96	
1812	7	12	13	15	22	81	82	83	85	86	87	89	90	92	93	95	
1813	49	51	54	87	88	90	90	91	92	93	94	95	
1814	49	56	86	87	87	90	91	93	95	
1815	80	81	82	84	85	86	88	99	
1816	47	49	55	81	81	82	84	84	86	88	94	99	
1817	58	78	80	81	84	
1818	52	80	81	83	84	
1819	80	
1820	67	85	
1821	98	
1827	81	84	87	93	
1828	81	85	89	
1839	61	
1843	4	
1844	5	10	13	
1845	4	9	15	16	82	83	85	
1846	12	15	80	81	82	82	84	86	88	90	94	
1847	8	81	82	83	84	85	86	88	89	90	91	95	
1848	81	82	84	85	86	87	89	90	91	93	95	
1849	52	55	79	83	88	91	96	
1850	45	49	84	
1851	54	92	
1852	91	
1854	85	
1861	51	83	
1863	38	
1874	59	
1879	91	
1880	2	19	81	85	
1881	10	13	80	81	83	85	87	94	
1882	80	82	83	84	86	89	
1883	83	85	89	95	
1884	86	90	94	
1885	89	
1886	90	
1890	101	
1892	57	
1906	40	
1910	60	
1913	25	92	
1916	84	
1917	89	95	
1918	82	83	89	98	
1919	85	89	
1920	88	
1922	83	
1952	93	
1959	37	86	
1963	31	
1964	70	
1965	37	
1984	53	
1985	89	
2016	97	
2018	95	
2019	99	
2020	98	
2036	53	
2038	65	
2042	101	
2045	100	
2054	7	
2055	32	
2076	94	
2079	60	
2083	82	99	
2095	43	
2102	65	
2105	64	
2147	98	
2150	4	
2160	45	
2190	99	
2217	100	
2221	12	
2227	21	
2239	23	
2256	9	
2259	101	
