48	61	
112	39	
138	73	
147	27	28	
183	17	
231	88	
252	88	
263	93	
264	87	89	91	
265	85	86	87	89	90	92	93	96	
266	82	83	86	87	89	90	93	96	
267	17	
286	87	88	89	91	93	94	
287	81	86	87	89	90	92	93	96	
288	16	83	85	87	88	89	90	92	96	
289	18	87	91	
291	58	58	
292	58	60	
295	92	
296	83	87	88	89	91	95	
297	82	83	85	87	88	89	90	91	93	97	
298	10	80	82	83	83	85	86	87	88	89	91	93	97	99	
299	10	78	80	81	82	83	84	85	86	88	90	95	
300	7	10	12	13	14	16	18	81	82	84	95	
301	16	17	18	19	21	
302	22	
317	58	
318	87	91	93	
319	82	86	87	89	91	93	93	97	
320	81	82	83	83	85	86	87	89	100	
321	11	79	80	81	82	83	84	85	89	95	
322	7	10	13	80	81	82	84	85	87	89	90	95	98	
323	8	13	16	80	81	82	83	85	86	89	90	92	95	
324	17	18	19	
327	87	91	93	
328	82	86	87	88	88	90	91	93	94	97	
329	36	82	85	87	87	89	90	91	94	97	
330	80	82	83	84	85	86	89	94	97	
331	17	39	46	48	50	79	80	81	82	84	85	86	89	
332	17	39	68	79	81	84	
333	6	9	11	13	14	16	17	18	19	45	66	79	80	84	
334	4	6	11	12	14	15	15	16	17	18	19	19	20	23	26	44	78	
335	17	20	21	22	24	
336	23	
349	57	
350	52	
351	52	87	89	91	96	
352	55	81	83	85	86	87	89	90	92	96	100	
353	31	53	56	57	77	79	81	82	83	84	86	89	
354	16	17	18	41	43	43	45	47	48	49	51	66	78	79	81	
355	20	26	41	44	46	47	48	49	79	80	
356	2	9	11	13	15	27	43	79	80	84	
357	6	8	10	11	12	13	14	15	19	79	80	82	84	87	89	97	
358	13	16	17	18	20	21	92	
359	88	92	
360	86	87	89	90	92	94	
361	83	85	86	87	88	90	91	96	
362	80	81	82	83	85	86	89	98	
363	42	50	66	79	81	82	84	85	89	93	
364	14	17	18	19	45	47	50	52	58	61	68	78	79	80	84	
365	16	18	19	21	32	42	43	45	47	49	66	79	80	
366	10	13	14	15	18	19	21	22	23	27	42	44	45	64	68	74	80	
367	10	12	14	15	17	20	21	22	23	23	25	26	
368	20	22	22	23	24	
369	22	24	
383	52	56	58	
384	50	52	55	59	92	
385	50	55	81	82	83	85	86	87	88	89	92	94	
386	10	79	80	82	84	89	
387	7	11	14	15	16	17	18	19	45	79	80	
388	18	20	21	22	26	45	51	52	53	54	54	55	56	58	59	60	62	
389	22	23	23	25	43	45	46	47	48	48	49	50	51	
390	5	8	44	46	48	
391	7	10	11	12	14	14	15	80	82	84	92	95	
392	2	8	22	81	83	84	86	87	88	89	91	95	98	98	
393	81	82	85	86	87	89	90	92	94	96	
394	80	81	82	84	85	86	88	90	95	98	
395	78	80	81	83	84	85	100	
396	13	14	16	17	17	18	19	29	44	47	50	78	79	80	83	
397	12	13	15	17	19	20	21	44	45	69	78	79	
398	15	18	20	21	22	24	27	28	45	72	
399	21	23	24	25	
400	23	23	25	
401	1	5	24	
404	68	68	
405	70	
416	57	
417	46	49	50	52	54	59	
418	48	50	53	81	83	84	86	88	89	90	93	96	
419	13	68	81	82	83	85	89	
420	8	10	12	14	15	16	16	17	18	19	79	
421	13	17	19	20	20	21	24	26	58	
422	22	23	24	51	52	52	54	55	55	56	59	
423	43	45	47	48	48	49	50	50	51	52	53	59	
424	44	47	48	50	
425	4	8	10	12	14	87	89	
426	8	17	79	80	81	83	84	85	87	88	90	97	
427	16	18	28	43	67	78	79	80	81	81	83	84	85	89	
428	11	14	16	17	19	20	41	44	46	48	80	84	
429	7	11	12	13	14	15	16	18	18	20	21	26	28	44	72	79	
430	14	17	20	21	22	24	28	29	
431	15	20	22	23	23	25	
432	23	24	
449	57	
450	48	50	51	53	53	55	56	60	
451	46	47	49	50	51	54	
452	44	67	80	82	85	87	92	
453	6	8	9	10	11	13	14	15	16	17	19	78	80	84	
454	5	12	15	17	18	19	20	21	22	23	24	26	
455	21	22	58	
456	51	52	53	54	55	55	56	57	60	
457	48	48	49	50	50	51	54	55	58	
458	39	45	47	49	88	91	
459	6	13	18	46	67	73	85	
460	7	11	14	16	16	17	18	19	20	26	42	44	66	79	80	
461	8	9	11	13	13	15	16	17	18	19	20	26	28	72	79	
462	12	15	17	19	20	21	21	23	24	26	65	
463	4	22	23	24	
464	23	24	
470	55	55	55	
483	53	56	58	
484	47	51	51	52	54	55	60	
485	45	46	47	49	49	53	87	88	91	
486	9	11	14	30	79	82	83	86	
487	7	11	12	14	15	16	17	19	20	
488	18	20	21	23	24	
489	56	57	
490	35	51	52	53	54	55	56	61	87	89	91	93	97	
491	49	50	54	81	82	86	87	88	90	92	93	
492	9	18	66	81	83	85	90	
493	6	9	11	13	13	14	15	16	17	18	19	20	23	29	72	
494	12	14	18	19	20	21	22	23	24	43	
495	3	20	21	22	23	24	26	
496	22	24	28	
516	57	72	
517	52	55	56	
518	46	48	49	51	52	53	54	55	59	
519	8	49	80	83	83	86	89	92	97	100	
520	6	8	10	11	13	14	
521	11	13	17	17	19	20	23	25	
522	56	
523	52	86	87	88	89	91	95	
524	34	51	54	81	83	84	86	87	88	88	90	91	96	
525	8	13	68	77	79	80	81	83	83	84	86	89	101	
526	10	12	14	15	16	16	17	18	18	19	20	44	79	84	
527	11	13	15	19	20	20	21	24	27	
528	21	22	23	23	25	
535	32	32	
550	56	58	
551	51	52	53	54	55	56	60	
552	41	45	46	47	48	49	50	
553	9	44	46	48	80	83	85	88	
554	7	11	12	13	13	14	15	18	85	90	96	
555	3	17	21	24	57	87	90	91	93	95	
556	82	86	87	89	90	92	93	96	
557	53	78	79	81	82	83	83	84	85	87	88	89	91	93	
558	9	66	79	80	82	83	84	85	
559	7	9	10	11	12	14	15	16	17	18	18	19	72	79	80	
560	5	13	15	16	17	18	18	20	20	21	
561	21	22	23	25	
584	57	58	
585	51	51	52	52	53	53	54	55	55	56	56	57	60	62	
586	42	45	46	47	48	48	49	50	50	52	53	
587	9	40	44	45	46	48	
588	7	10	12	14	80	84	
589	80	81	82	83	84	86	87	88	90	92	96	99	
590	78	79	81	82	83	83	84	86	88	89	92	94	
591	14	16	19	79	80	81	83	84	99	
592	7	9	10	11	12	13	14	15	16	17	17	18	19	20	43	70	79	80	
593	12	14	15	17	18	19	20	20	21	24	26	
594	2	21	22	23	23	25	
595	22	
609	98	99	99	
619	34	52	54	55	55	56	57	58	59	62	
620	36	45	47	48	49	50	51	52	53	53	54	55	56	59	62	
621	30	33	33	41	43	44	45	45	46	46	47	48	49	49	50	51	67	
622	37	41	44	46	47	49	
623	46	69	80	81	84	
624	10	13	16	19	43	43	68	79	80	84	98	
625	7	10	11	12	13	14	15	16	17	18	18	19	19	27	78	
626	8	12	15	16	17	19	19	20	21	22	23	25	
627	5	18	20	21	22	22	24	
628	22	
654	52	53	53	54	55	55	57	58	58	60	
655	29	35	45	47	50	51	51	53	54	54	55	56	59	61	
656	24	29	41	43	43	44	45	46	47	49	50	51	55	58	63	67	
657	9	24	40	43	44	45	46	48	48	67	
658	6	9	11	12	13	14	16	19	20	23	26	44	65	67	
659	5	12	14	15	18	19	20	21	22	24	44	
660	20	21	22	23	24	25	27	
688	55	
689	33	52	54	55	58	62	
690	45	50	54	63	
691	24	
692	23	23	24	26	
693	21	23	25	
694	99	100	
727	2	
1161	17	
1166	26	
1169	59	
1171	13	
1205	63	
1208	21	
1220	75	
1225	37	
1227	39	
1228	40	
1230	38	
1250	40	
1268	42	
1274	13	
1277	12	28	
1289	80	
1302	30	
1304	77	
1308	51	
1309	31	
1311	12	26	
1312	42	
1322	72	
1338	20	
1345	64	
1350	89	
1352	47	
1354	10	
1355	3	
1357	66	
1360	69	
1362	17	
1380	88	
1385	38	71	
1386	7	
1387	47	
1391	60	
1395	72	
1406	21	
1407	41	46	
1408	56	
1410	39	
1415	57	
1416	69	70	70	70	
1417	46	66	
1418	21	
1419	16	18	69	
1420	17	18	20	25	41	45	48	48	54	56	62	67	
1421	21	25	30	40	43	44	47	50	53	54	56	58	
1422	42	45	47	48	50	
1424	12	
1432	2	
1441	17	19	25	41	
1442	16	17	19	39	45	47	52	56	61	67	72	
1443	18	19	21	23	28	36	41	43	45	47	49	56	
1444	42	43	45	46	47	49	63	
1445	47	49	
1450	9	18	76	
1451	18	23	31	48	
1452	11	14	16	18	19	40	43	47	66	71	
1453	11	14	17	18	20	23	23	27	29	44	
1454	15	17	19	20	21	23	45	50	53	56	57	58	62	
1455	20	22	24	27	28	45	50	51	53	54	56	61	
1456	23	24	44	45	48	48	49	50	52	55	59	
1459	75	
1470	39	
1472	16	21	55	
1474	12	14	17	19	
1475	8	11	15	17	19	21	24	44	68	
1476	16	17	18	19	21	24	44	53	57	60	
1477	20	21	23	25	30	45	50	51	53	54	57	59	61	64	
1478	21	23	24	39	42	44	45	46	47	49	50	51	55	56	59	
1479	27	32	41	44	45	46	47	49	50	53	56	
1481	16	
1482	17	20	
1483	14	16	18	21	40	44	47	
1484	15	16	19	21	27	44	68	69	74	
1485	6	11	14	16	18	19	20	22	43	66	
1486	5	6	12	14	14	15	17	19	20	21	23	24	26	
1487	11	15	21	22	24	26	
1488	22	24	25	53	55	59	88	92	
1489	50	51	53	54	55	58	86	87	91	93	94	
1490	52	82	89	92	95	
1497	16	
1506	10	16	
1507	11	14	16	19	24	67	
1508	6	10	12	13	15	17	19	20	24	27	45	
1509	4	6	11	14	15	21	22	24	27	93	
1510	22	24	87	91	92	96	
1511	25	53	54	55	57	58	61	86	87	89	92	95	
1512	16	17	25	33	43	51	52	53	54	57	59	62	
1513	31	42	44	45	46	47	48	49	50	52	54	
1514	41	45	46	58	66	
1515	18	39	46	63	
1516	10	13	17	19	22	24	44	
1517	11	15	17	18	19	20	21	25	26	43	88	
1518	12	20	22	24	45	73	
1519	13	23	23	25	92	
1520	88	90	92	
1521	83	85	86	87	88	89	91	93	95	
1522	45	55	82	86	87	88	89	91	95	
1523	54	81	81	82	83	84	86	88	89	91	95	
1524	80	81	83	83	87	88	92	
1527	59	
1532	22	
1538	13	
1540	10	12	14	16	18	20	23	
1541	13	14	15	17	19	20	25	70	
1542	22	23	23	27	51	52	93	
1543	22	51	82	87	89	90	97	
1544	9	13	81	82	84	85	88	89	96	
1545	9	11	14	18	53	58	80	82	84	85	87	88	98	
1546	13	16	17	19	20	33	51	52	53	54	55	56	58	59	63	81	97	
1547	18	22	40	42	45	47	48	50	51	53	57	
1548	26	38	42	44	47	50	68	
1549	9	12	15	18	20	27	64	
1550	10	13	15	20	21	23	25	45	65	72	
1551	21	23	23	
1552	22	25	86	88	89	90	92	95	
1553	82	84	85	86	89	91	94	97	
1554	82	83	84	85	87	89	92	97	
1555	79	80	81	84	85	87	91	96	
1556	79	80	81	82	83	85	87	90	
1557	57	78	79	80	83	85	
1558	80	86	
1559	83	
1560	61	66	66	67	
1561	72	72	72	73	
1570	34	
1572	13	28	
1573	6	9	14	
1574	4	7	9	11	12	13	15	16	17	18	20	24	26	56	68	
1575	5	18	19	20	21	24	25	26	47	52	53	55	
1576	49	51	86	87	90	97	
1577	80	81	83	84	86	88	93	
1578	79	80	84	87	
1579	5	8	8	9	11	12	14	15	16	20	78	80	99	
1580	7	13	14	15	16	17	18	18	19	20	21	54	57	60	81	
1581	17	20	21	22	27	50	51	54	62	
1582	44	45	49	62	90	
1583	24	88	92	
1584	24	53	53	87	92	94	97	
1585	82	87	90	92	94	97	
1586	80	81	83	85	87	89	97	100	
1587	77	79	80	81	83	85	88	89	97	
1588	79	80	82	85	
1589	7	80	86	
1590	79	85	
1591	80	
1600	77	
1606	8	14	21	
1607	9	10	12	14	15	18	57	
1608	7	12	15	16	17	19	20	21	24	51	53	54	57	60	
1609	3	23	48	49	51	52	55	88	91	97	
1610	80	81	83	84	86	91	
1611	79	83	93	
1612	11	14	85	
1613	4	7	9	10	11	13	14	15	17	18	20	25	44	
1614	7	11	12	15	16	17	17	20	21	22	25	28	69	98	
1615	22	23	51	56	88	92	
1616	52	53	56	86	87	89	90	92	94	97	
1617	83	85	86	88	89	90	92	93	96	
1618	82	86	88	88	90	94	
1619	77	79	80	82	83	84	86	89	92	95	
1620	80	81	87	91	98	
1621	81	86	
1622	80	
1626	10	
1639	29	
1640	6	9	14	18	
1641	5	7	10	11	12	14	15	16	19	23	56	57	60	
1642	16	17	20	21	23	46	47	50	52	53	55	61	
1643	45	49	52	53	82	86	87	90	93	96	
1644	45	66	79	82	88	99	
1645	14	43	
1646	8	11	14	15	16	17	18	19	26	72	
1647	4	10	11	12	13	14	15	16	17	18	19	20	25	26	28	72	
1648	17	20	21	23	25	52	57	
1649	50	51	56	85	86	87	88	89	90	93	93	96	
1650	78	81	82	83	84	86	87	89	91	93	96	
1651	77	79	80	81	82	84	87	92	
1652	78	80	83	88	92	
1653	79	
1654	85	
1657	41	88	
1671	66	
1673	14	19	
1674	6	9	10	13	15	16	18	20	
1675	7	11	12	14	16	17	18	19	23	42	52	53	56	58	68	
1676	3	17	20	21	25	47	49	50	51	55	
1677	42	45	50	79	81	83	86	90	
1678	14	17	19	40	67	
1679	9	14	17	18	20	25	26	40	45	
1680	9	11	13	14	17	19	20	21	23	45	56	68	
1681	20	21	24	26	50	51	52	55	61	
1682	49	51	86	88	89	90	92	94	97	
1683	78	78	79	80	81	83	85	86	88	89	
1684	79	80	82	83	85	87	92	
1685	79	
1686	84	
1687	83	
1690	33	34	
1692	81	
1702	34	
1706	24	
1707	13	14	
1708	8	9	10	11	13	14	16	19	56	58	
1709	4	8	16	17	18	19	21	24	34	36	50	51	52	53	54	59	70	
1710	17	20	21	22	42	44	45	46	47	49	50	61	
1711	10	19	26	43	44	54	
1712	9	12	14	16	18	20	26	41	68	71	
1713	10	13	15	16	17	19	20	21	22	24	45	58	
1714	21	22	24	50	51	52	55	56	
1715	22	23	49	50	52	53	55	86	87	88	89	90	92	96	
1716	78	80	82	84	85	87	89	
1717	79	81	84	92	
1718	81	
1719	90	
1725	20	
1737	26	
1741	9	14	
1742	4	7	9	10	11	12	14	15	19	
1743	13	15	15	17	19	21	24	51	53	54	55	60	62	87	92	
1744	16	17	20	22	51	53	61	
1745	9	14	27	28	43	45	65	
1746	12	21	24	58	
1747	22	24	25	51	52	55	
1748	49	51	53	88	89	90	92	95	
1749	54	77	78	80	81	82	84	85	87	91	
1750	80	82	83	88	91	94	99	
1751	81	84	101	
1772	59	
1775	17	
1776	3	7	9	11	14	
1777	7	9	10	11	13	13	14	15	18	23	55	81	85	89	93	96	98	
1778	15	16	17	18	20	82	83	85	87	88	90	91	96	
1779	58	88	91	93	
1780	24	51	52	53	55	87	91	
1781	49	51	53	54	55	85	86	87	89	90	92	94	98	
1782	80	81	82	83	84	85	87	89	91	98	99	
1783	79	81	84	
1784	80	
1785	82	
1791	41	
1796	67	
1809	9	
1811	5	8	9	10	12	14	15	80	82	84	89	
1812	7	11	12	14	78	78	79	81	82	84	86	89	90	95	
1813	52	82	85	86	87	88	89	90	91	95	98	
1814	52	54	83	85	85	86	87	88	89	90	93	95	100	
1815	55	80	80	81	82	83	84	86	89	
1816	78	80	82	84	95	96	96	97	
1817	79	
1821	20	
1835	92	
1841	100	
1842	63	
1844	7	
1845	3	11	
1846	12	79	81	85	88	97	
1847	79	81	82	83	84	86	89	91	99	
1848	79	80	81	82	84	85	87	88	90	93	
1849	79	81	84	87	89	
1850	85	
1869	76	
1878	10	
1879	4	
1880	4	
1881	78	80	84	
1882	78	81	84	
1883	80	83	101	
1884	85	
1885	102	
1914	55	90	
1915	11	90	
1919	12	
1931	27	
1943	44	93	
1947	9	
1950	72	
1958	58	
1961	88	
1962	43	
1966	97	
2013	68	
2029	23	
2037	64	
2062	56	
2066	26	
2069	63	
2070	86	
2075	54	
2076	58	
2078	36	
2086	16	
2089	21	
2105	86	
2111	8	
2112	10	
2134	25	
2165	28	
2190	2	
2201	28	
2214	10	
2218	3	
2246	9	
2256	7	
2275	5	
