181	25	
182	22	
183	18	88	
184	88	91	
216	86	87	91	
217	82	85	86	87	89	90	92	94	
218	82	83	85	86	87	89	91	93	95	
219	85	87	88	89	91	94	
220	83	87	90	92	
229	88	91	
230	88	93	
231	88	
249	51	87	89	92	
250	81	82	84	85	86	87	89	90	92	93	97	
251	77	80	81	82	83	83	85	86	87	88	89	92	93	97	
252	6	10	13	78	79	80	81	82	83	84	85	86	87	88	89	92	96	
253	17	80	81	82	83	85	86	87	89	90	92	94	98	
254	6	12	81	82	84	85	87	88	89	90	92	95	
255	16	81	84	87	89	92	
256	16	18	
262	86	87	89	92	97	
263	81	83	85	86	87	89	90	95	100	
264	78	81	82	84	86	87	88	89	90	92	98	
265	16	82	84	86	87	88	89	91	94	
266	17	
281	53	57	59	
282	51	53	55	57	62	
283	49	51	52	55	80	82	84	85	87	89	92	98	
284	50	77	78	80	81	82	83	83	84	85	86	88	90	96	
285	10	77	78	79	81	84	86	89	
286	6	11	14	78	79	80	81	83	84	92	
287	6	9	78	78	79	80	81	83	83	85	87	88	97	
288	6	10	11	13	15	79	80	81	82	83	84	86	88	91	94	100	
289	8	12	15	16	17	18	18	79	81	83	85	90	100	
290	16	17	20	22	
294	52	56	57	61	
295	51	54	87	90	93	
296	50	81	82	83	85	87	88	89	91	
297	14	77	79	80	81	82	83	84	85	86	88	90	92	93	
298	7	9	11	14	79	80	81	82	84	85	86	89	96	
299	6	11	14	16	78	79	80	81	83	83	84	86	95	
300	16	16	17	19	82	85	
301	18	
314	56	58	
315	52	55	56	57	61	
316	48	49	50	51	52	53	53	55	82	86	87	88	90	92	95	
317	49	51	55	78	80	82	83	83	85	86	87	90	96	
318	79	80	81	85	90	
319	79	82	83	99	
320	80	90	
321	11	13	79	82	94	
322	6	8	9	10	11	14	15	79	80	82	84	89	100	
323	2	8	11	12	13	14	15	16	16	18	19	78	79	81	83	88	
324	16	17	18	19	20	23	
327	56	
328	54	56	57	60	82	86	87	88	90	92	96	
329	51	52	53	54	57	59	81	82	84	85	86	87	88	89	91	92	96	
330	9	49	77	81	82	84	85	87	90	95	
331	11	79	80	88	
332	9	10	13	16	18	18	38	78	79	82	
333	6	7	10	11	12	13	14	14	15	16	16	17	18	19	28	69	79	80	
334	17	18	18	19	20	21	79	
347	57	
348	52	56	58	61	
349	47	50	51	52	54	57	87	92	
350	49	50	52	53	53	55	81	82	83	83	85	86	87	88	90	97	
351	48	51	77	79	80	82	84	86	88	95	
352	79	86	90	100	
353	79	
354	5	
356	7	9	10	11	14	15	80	
357	5	7	8	11	12	12	13	13	14	15	15	16	18	19	79	80	89	94	99	
358	13	16	17	17	18	19	20	21	23	26	
359	18	
360	57	88	
361	52	57	85	87	89	91	93	94	
362	36	54	56	81	83	84	85	86	87	88	90	91	96	
363	53	55	78	78	80	81	82	84	85	86	88	88	89	91	94	
364	43	77	79	80	81	83	84	86	88	93	
365	6	9	11	14	16	19	41	78	
366	5	6	9	10	12	13	13	14	15	16	17	18	18	19	20	21	24	27	40	45	69	79	
367	6	11	13	13	14	15	17	18	19	20	21	21	22	24	
368	21	22	23	25	
369	23	
381	53	57	
382	47	50	51	52	54	55	56	58	58	62	
383	47	48	50	50	51	52	53	55	57	81	84	86	89	93	
384	49	50	78	80	82	84	86	88	90	95	
385	79	80	84	
388	86	
390	4	6	9	10	12	14	17	
391	4	6	7	9	11	11	12	13	13	14	15	15	16	17	19	20	26	81	
392	17	17	18	19	20	20	21	23	
393	57	
394	51	53	55	82	86	87	90	91	94	
395	52	54	81	82	83	84	85	86	87	88	88	90	91	97	
396	80	81	82	84	85	86	90	93	
397	8	40	79	80	81	85	
398	9	11	13	14	16	18	19	39	79	
399	7	10	11	12	13	14	15	16	16	17	19	19	20	26	46	71	
400	6	11	13	15	17	18	19	20	20	21	22	24	25	
401	18	20	22	23	23	25	
415	53	55	56	57	58	58	60	
416	47	48	51	52	53	54	55	56	58	59	
417	46	49	50	52	53	55	81	83	83	85	87	88	91	
418	48	51	79	81	84	87	
419	79	84	
420	31	42	57	
422	47	
423	102	
424	4	8	9	10	11	12	13	14	16	19	
425	7	10	11	12	12	14	14	15	15	16	17	19	20	
426	17	18	19	20	22	56	90	93	94	100	
427	51	53	53	57	82	83	85	86	88	88	90	92	94	
428	52	55	80	82	83	83	85	86	87	88	88	89	91	93	95	
429	54	77	79	80	81	82	83	84	85	86	87	89	96	
430	10	46	78	80	81	83	
431	10	12	13	15	16	18	41	79	
432	8	9	11	12	14	15	16	16	17	18	19	19	21	69	
433	3	6	12	13	16	17	18	19	19	20	21	21	22	24	
434	21	22	23	23	25	
439	73	74	
448	58	
449	52	53	55	56	57	60	
450	47	48	48	49	50	51	52	54	54	55	56	58	83	86	90	
451	45	47	48	50	53	81	82	85	87	93	
452	31	42	54	80	83	101	
453	16	
454	16	17	18	20	43	57	58	70	
455	20	22	44	45	46	47	48	50	69	
456	43	48	
457	11	
458	4	7	9	10	11	13	13	14	20	26	
459	7	12	12	15	17	18	20	22	24	92	
460	22	54	57	81	82	84	86	87	89	90	93	
461	50	52	54	80	81	82	84	85	86	87	89	92	
462	79	80	82	84	85	87	89	
463	37	68	78	80	
464	6	9	11	15	16	17	19	21	
465	7	10	11	12	12	14	14	15	16	17	18	18	19	23	44	69	
466	12	14	15	16	17	18	19	20	20	21	22	23	24	
467	20	22	23	23	25	
482	56	57	
483	51	51	52	53	53	54	55	56	56	58	58	60	62	
484	46	47	49	50	50	51	52	53	54	56	86	88	89	
485	45	47	48	49	51	53	82	85	87	91	
486	82	83	
487	10	12	14	16	58	
488	13	17	18	18	19	20	25	45	55	55	56	57	60	69	
489	21	23	25	48	50	51	52	53	55	
490	45	47	49	54	
491	11	
492	4	8	10	12	14	15	
493	8	12	82	87	89	
494	53	54	77	80	81	83	84	85	87	89	90	97	
495	77	79	80	82	83	85	87	88	92	
496	10	18	42	79	82	83	99	
497	9	12	13	15	16	19	24	41	68	
498	9	11	12	14	15	16	16	17	18	18	19	19	20	21	23	26	41	45	
499	5	11	13	14	15	17	19	20	20	21	22	24	25	
500	20	21	22	23	24	37	37	
501	23	40	
516	56	57	61	
517	47	50	51	51	52	53	53	54	55	56	58	61	
518	46	48	48	49	50	51	52	54	58	81	84	86	87	91	93	
519	49	81	85	90	
520	10	
521	6	8	10	11	12	13	14	15	16	16	18	20	23	
522	17	21	22	24	25	52	55	56	58	59	62	
523	23	47	49	50	51	53	55	92	
524	49	
526	4	11	22	
527	79	86	
528	78	78	80	81	85	90	
529	17	47	79	81	83	
530	6	9	11	13	13	14	45	68	
531	7	10	11	12	13	14	15	15	16	16	17	18	18	19	19	20	21	22	45	
532	5	12	15	17	19	20	20	21	22	23	23	24	
533	21	22	24	
534	22	25	
541	92	93	
549	58	
550	52	53	55	56	57	59	61	
551	46	47	48	50	50	51	52	54	55	58	
552	44	47	49	50	53	59	82	84	87	91	
553	46	50	80	83	86	89	
554	5	6	9	11	12	13	15	
555	8	11	12	15	17	20	24	
556	1	22	51	53	54	55	57	59	83	87	90	92	94	
557	50	52	54	82	86	87	88	90	
558	86	
560	3	
561	100	
562	41	80	
563	8	10	12	16	18	42	70	78	
564	7	8	10	11	12	13	14	14	15	16	16	17	18	18	19	20	26	45	69	
565	12	13	15	17	18	18	19	20	20	21	22	23	24	25	26	
566	20	21	22	25	
583	58	
584	52	53	55	55	56	56	57	58	59	60	
585	46	47	48	49	50	50	51	51	51	52	53	53	54	55	55	56	61	
586	44	45	46	48	48	49	50	55	81	86	
587	80	85	
588	8	10	13	
589	8	15	82	90	96	
590	53	54	58	78	80	81	82	84	86	88	90	98	
591	78	80	81	82	83	85	95	
592	83	83	
593	17	
594	41	
595	16	19	49	73	
596	7	10	12	14	16	16	18	20	39	43	
597	8	9	11	12	13	13	14	15	16	17	18	18	19	19	20	26	43	44	68	
598	5	12	14	15	17	18	18	19	20	20	21	22	23	24	25	
599	21	22	23	24	
600	23	
617	58	
618	34	52	52	53	54	55	56	56	57	58	59	61	
619	47	48	50	51	52	52	53	54	54	55	59	
620	31	41	43	44	45	46	46	47	48	48	49	50	53	58	
621	44	46	47	49	
622	11	45	95	
623	57	
624	47	79	82	85	
625	55	79	94	
627	23	41	46	
628	14	16	20	39	42	47	66	
629	7	8	10	11	14	16	17	19	22	24	42	45	70	
630	11	12	13	13	14	15	16	16	17	18	18	19	20	21	24	69	
631	12	15	18	19	20	21	22	23	23	24	25	
632	21	22	23	23	25	
652	35	52	53	55	56	57	58	60	
653	50	51	52	52	53	54	55	55	56	57	58	58	59	60	
654	31	41	45	47	48	49	50	50	51	52	53	55	56	57	59	65	70	
655	30	42	43	44	45	46	47	47	49	49	50	52	53	55	58	69	
656	25	31	38	43	44	46	48	48	49	58	
657	31	39	44	46	47	
658	16	21	37	41	46	48	70	79	
659	20	46	64	66	83	
660	9	17	20	39	45	46	
661	9	12	13	15	16	17	19	20	39	43	47	65	68	
662	10	12	14	16	17	18	18	19	19	20	21	23	40	44	45	70	
663	7	9	11	12	13	14	14	17	18	19	20	20	21	23	44	69	
664	12	15	17	19	20	21	21	22	24	25	
665	22	23	24	
687	55	55	57	59	
688	51	52	53	53	55	55	56	56	58	59	61	
689	25	33	41	47	48	49	50	51	51	52	53	54	55	56	57	58	62	
690	24	26	40	43	44	45	47	48	49	50	52	54	56	58	58	60	
691	19	20	27	32	40	43	43	45	46	47	49	50	52	53	56	60	69	
692	16	19	19	21	22	40	44	45	46	47	48	49	50	55	56	59	68	72	
693	8	14	16	18	19	20	22	28	41	43	44	45	47	48	49	68	68	71	
694	9	12	14	15	17	19	19	20	22	24	44	45	47	48	64	72	
695	10	12	14	15	17	19	20	20	21	22	24	25	26	44	65	70	
696	13	14	18	20	21	22	23	23	24	25	45	
697	4	15	20	21	22	24	25	
698	23	25	
699	23	
722	54	59	
723	52	53	54	59	
724	51	54	55	59	65	
725	22	24	25	26	51	54	55	59	62	65	
726	21	22	24	25	26	45	49	54	61	
727	21	23	23	24	25	27	45	51	54	
728	12	22	23	24	26	64	
729	21	22	23	24	
730	25	
731	23	
1164	13	
1182	57	
1207	9	18	
1235	47	
1246	56	
1248	52	
1251	37	89	
1275	55	
1303	27	
1310	51	61	
1317	34	
1325	2	69	
1332	8	
1338	20	
1339	40	47	57	
1340	46	
1342	46	
1347	12	28	
1352	49	
1360	3	
1362	86	
1363	78	
1371	18	21	
1372	16	19	38	44	
1373	19	36	38	44	46	48	48	56	60	70	
1374	21	44	46	48	50	54	57	72	
1375	40	44	46	50	58	
1376	41	46	49	
1377	46	49	
1379	25	
1383	36	73	
1384	45	79	
1385	10	42	46	
1386	48	70	
1387	43	56	
1388	70	
1396	37	
1400	93	
1404	21	
1405	6	12	13	16	18	21	24	27	68	
1406	16	17	18	20	21	44	57	
1407	19	20	21	23	24	40	43	46	47	49	51	56	60	63	64	66	69	
1408	20	21	22	24	41	44	45	46	48	49	50	53	56	58	58	
1409	22	24	27	42	44	46	49	52	54	56	58	61	64	66	
1410	21	23	44	46	47	47	48	50	51	54	
1411	44	46	49	50	65	67	
1412	49	
1416	68	
1418	17	19	23	38	39	45	58	58	
1419	18	19	20	23	23	44	46	47	48	50	52	55	57	69	
1420	21	42	43	45	46	47	49	51	57	59	64	67	
1421	23	45	46	48	49	50	53	68	
1422	50	56	
1436	14	
1437	16	
1438	10	13	13	15	17	24	
1439	7	9	11	12	14	16	17	18	19	23	69	
1440	13	15	16	17	17	19	20	21	22	23	25	45	
1441	20	21	22	23	24	26	51	52	55	58	59	
1442	22	24	31	45	47	51	54	56	57	60	65	
1443	23	24	31	33	45	48	49	51	52	53	55	56	57	57	59	62	
1444	25	44	46	47	48	49	50	51	52	53	55	56	59	69	
1445	44	45	46	47	48	48	49	50	51	
1446	46	49	56	
1450	26	43	
1451	8	10	12	14	15	17	46	
1452	15	16	16	18	19	20	21	43	57	70	
1453	17	18	19	20	21	23	24	34	52	56	57	58	59	65	72	
1454	21	22	25	26	45	48	50	51	52	54	55	56	69	
1455	23	25	43	45	48	50	51	52	53	57	58	
1456	45	48	49	51	
1470	14	
1471	8	21	38	
1472	9	11	12	14	15	16	17	18	19	27	40	69	
1473	7	11	12	13	14	15	16	17	18	19	20	21	24	70	
1474	13	17	19	20	21	22	25	
1475	22	23	
1476	54	57	
1477	33	52	53	54	55	56	57	58	59	60	63	
1478	48	49	50	51	52	52	54	54	55	56	57	59	62	
1479	43	45	46	47	48	48	49	50	51	53	55	56	
1480	43	63	
1481	49	
1482	12	41	66	
1483	19	
1484	10	14	16	18	20	40	
1485	6	8	10	11	14	15	16	17	19	20	24	40	69	
1486	11	13	13	14	15	16	17	18	19	19	20	22	24	26	70	
1487	18	20	22	23	24	52	55	56	57	60	
1488	18	22	51	52	53	54	54	55	57	58	60	87	91	
1489	48	49	50	51	54	55	83	86	88	91	
1491	54	
1493	71	75	
1499	37	
1504	8	14	
1505	10	12	14	15	16	19	22	68	
1506	5	8	10	11	13	14	15	16	17	18	18	19	21	
1507	8	11	13	15	15	17	18	19	20	21	22	23	25	
1508	21	22	24	
1511	53	55	56	57	57	59	61	
1512	51	52	53	54	54	55	56	57	58	59	61	
1513	45	45	46	47	48	48	49	50	51	52	54	55	58	
1514	45	46	49	55	
1515	25	39	
1516	8	16	
1517	10	12	13	15	16	17	19	21	42	
1518	7	8	11	15	16	17	18	19	20	20	22	24	27	38	
1519	10	13	13	15	17	18	20	21	22	23	24	27	44	
1520	20	21	22	24	58	
1521	23	52	53	55	56	87	91	
1522	51	52	54	55	57	62	82	84	85	87	88	90	92	94	
1523	54	77	80	81	82	84	85	89	94	
1524	22	81	84	
1531	100	
1537	9	14	21	
1538	10	14	23	
1539	8	9	10	11	12	14	15	16	17	18	25	
1540	11	12	13	14	15	16	17	18	19	20	21	22	23	
1541	18	19	20	21	23	24	
1542	23	
1545	34	56	57	58	61	
1546	51	52	52	53	54	54	55	57	59	62	
1547	45	46	47	48	50	51	52	53	54	56	63	
1548	43	48	50	53	
1549	14	65	
1550	7	9	11	14	16	17	19	20	42	45	
1551	10	12	13	13	14	16	17	19	20	21	27	69	
1552	8	8	12	14	17	18	19	19	20	21	23	24	
1553	18	21	22	25	56	
1554	51	52	54	55	56	58	87	88	90	92	
1555	52	54	56	59	81	82	85	86	87	88	90	92	94	
1556	52	53	78	80	81	82	83	84	86	88	
1557	79	80	83	85	89	
1559	59	
1561	71	72	72	
1568	21	
1569	34	
1571	8	21	
1572	9	10	12	13	13	14	
1573	5	7	10	11	12	12	13	14	15	16	16	17	18	19	20	25	
1574	13	15	17	17	19	20	21	22	25	27	
1575	22	23	
1577	88	92	
1579	53	56	57	58	60	
1580	47	51	52	52	54	55	55	57	59	62	
1581	46	47	48	49	49	50	51	53	54	
1582	44	46	48	67	
1583	6	9	12	14	15	16	19	24	39	45	
1584	7	10	12	13	14	15	16	18	19	20	21	26	
1585	8	12	14	15	18	19	20	21	22	23	24	27	43	
1586	21	22	24	56	
1587	23	47	51	52	54	88	90	91	
1588	50	52	53	55	81	82	83	85	86	87	89	92	94	
1589	59	77	78	79	81	82	83	84	86	88	91	
1590	55	79	81	83	85	88	93	
1591	83	
1592	74	89	
1595	67	78	78	
1605	11	
1606	5	8	8	9	11	11	13	13	14	15	17	23	
1607	12	12	14	15	18	18	19	20	21	25	69	
1608	17	20	21	22	23	24	
1610	87	90	91	
1611	81	82	85	86	91	95	
1612	16	17	88	
1613	53	56	57	59	62	
1614	33	36	47	51	52	53	53	54	55	56	59	61	
1615	17	44	47	48	49	51	55	88	
1616	7	10	14	40	44	48	68	70	
1617	7	9	11	13	14	15	16	17	18	19	24	26	
1618	12	13	15	17	17	19	20	21	22	24	
1619	22	23	24	56	57	
1620	52	53	54	55	55	57	59	86	87	92	
1621	51	54	55	81	82	84	85	86	87	89	90	92	95	
1622	54	63	77	78	79	80	82	84	86	89	
1623	79	81	84	87	
1624	39	79	92	
1629	15	78	
1636	33	
1638	25	
1639	9	12	13	16	
1640	4	8	8	10	11	12	14	14	15	16	17	20	
1641	12	13	15	16	17	18	18	19	20	23	24	69	
1642	18	21	22	23	56	60	
1643	46	50	52	55	92	
1644	10	81	82	83	84	85	86	88	89	91	96	
1645	7	11	13	14	15	16	52	79	80	81	84	
1646	16	17	19	20	98	
1647	53	56	57	60	
1648	31	48	51	52	54	55	56	59	
1649	8	43	45	46	48	49	50	
1650	10	12	14	19	45	70	
1651	12	15	20	21	23	24	57	69	
1652	21	22	24	57	63	
1653	50	52	54	57	86	87	90	91	92	
1654	12	50	52	54	55	55	81	82	82	85	86	87	88	90	94	97	
1655	5	54	78	78	79	80	81	83	84	85	90	95	
1656	79	81	84	90	94	
1657	80	
1667	7	
1671	17	
1672	9	
1673	5	6	9	10	13	14	19	
1674	5	7	9	10	11	12	13	13	14	15	16	16	18	18	19	20	22	23	
1675	12	15	17	18	18	19	20	21	23	25	56	57	
1676	22	48	51	52	53	54	59	
1677	46	47	49	50	82	84	88	
1678	7	10	77	78	79	80	82	84	
1679	8	11	12	14	15	16	17	19	78	
1680	13	17	17	19	20	
1681	23	
1682	54	61	
1683	53	
1684	24	
1685	24	57	60	
1686	48	50	52	53	54	55	57	87	88	91	92	
1687	50	52	54	78	80	81	82	83	84	85	85	86	87	88	90	96	
1688	56	78	79	80	81	82	83	84	86	89	91	94	
1689	79	80	88	
1690	81	85	
1691	80	
1704	28	
1707	8	9	10	11	13	13	14	15	17	19	
1708	5	7	11	12	13	15	16	16	17	18	18	19	22	74	
1709	2	17	17	18	19	20	21	22	24	53	56	57	59	
1710	22	51	53	54	55	58	
1711	29	40	44	46	47	48	49	50	54	
1712	8	9	10	14	39	44	46	48	70	
1713	7	12	13	15	16	19	20	71	
1714	17	18	20	21	22	23	26	
1718	56	
1719	52	53	54	55	57	60	86	87	88	90	91	92	95	
1720	50	51	53	55	82	82	84	85	86	87	88	89	90	95	
1721	53	79	80	81	82	84	86	89	95	
1722	78	81	84	89	
1723	84	
1739	13	
1740	8	15	
1741	5	6	9	10	11	13	13	14	15	15	18	
1742	8	12	13	15	16	16	17	19	19	21	22	23	
1743	17	18	20	21	22	25	
1744	53	54	55	58	61	
1745	49	51	
1746	9	11	14	20	23	44	48	64	70	
1747	13	15	21	24	
1748	21	23	
1751	53	56	59	
1752	12	51	52	53	55	58	85	86	87	88	89	90	91	97	
1753	51	55	78	81	82	83	84	84	85	86	87	89	91	95	
1754	53	79	80	81	82	83	84	86	88	95	
1755	78	80	83	
1763	8	9	9	
1765	99	100	101	
1774	11	14	19	
1775	3	8	9	10	11	12	13	14	15	18	24	
1776	12	13	14	15	16	16	19	20	21	24	91	
1777	16	17	18	18	20	22	83	86	87	88	89	91	92	
1780	25	
1781	24	
1783	88	93	
1784	56	86	87	90	91	
1785	51	53	55	58	82	83	85	86	87	88	90	91	92	93	
1786	51	55	56	60	82	83	84	85	86	88	89	91	93	
1787	54	78	78	79	80	82	84	86	89	
1788	78	80	82	84	97	
1789	79	84	97	
1791	99	
1798	61	
1802	92	
1803	47	
1804	78	
1808	14	
1809	5	8	8	10	11	12	13	15	
1810	6	9	11	12	13	15	20	24	79	81	84	86	89	91	94	
1811	12	17	81	82	82	84	85	86	88	89	90	94	98	
1812	16	17	19	81	82	85	86	88	89	90	91	93	93	
1813	88	90	92	93	
1814	86	87	90	91	93	
1815	87	88	91	92	
1816	87	88	90	91	92	
1817	58	82	84	85	86	87	87	89	90	91	97	
1818	54	81	82	83	83	84	85	86	87	88	88	89	91	94	98	
1819	55	59	78	79	80	81	81	82	84	84	85	86	88	88	90	95	
1820	78	79	80	81	83	83	84	86	
1821	79	81	87	
1822	93	
1824	102	
1842	14	
1843	5	9	
1844	9	12	15	16	81	83	
1845	7	9	10	11	13	13	14	78	79	80	81	82	83	85	86	92	94	
1846	11	13	16	79	80	81	82	83	85	86	88	89	90	91	96	
1847	12	82	83	84	85	86	87	88	89	90	91	92	96	
1848	81	82	83	84	85	86	87	88	89	89	90	92	95	
1849	81	82	84	85	86	86	87	89	90	93	94	
1850	81	82	82	84	85	86	86	88	88	90	92	94	
1851	78	81	81	82	83	84	85	89	92	93	97	
1852	77	78	79	80	80	82	83	84	85	87	89	
1853	79	80	81	82	84	94	
1854	79	
1859	100	
1874	63	
1878	79	
1879	5	8	11	14	78	80	90	
1880	11	78	79	80	83	85	
1881	77	78	78	79	80	81	84	86	89	
1882	77	78	79	80	81	84	85	87	89	
1883	78	78	79	80	80	82	83	84	86	89	92	
1884	78	78	79	80	81	82	83	84	86	90	
1885	78	79	80	82	83	85	88	
1886	79	
1887	79	87	
1888	86	93	
1892	102	
1893	64	
1903	83	
1905	63	
1912	89	
1914	78	82	84	
1915	80	84	89	
1916	78	80	83	93	
1917	80	83	
1918	79	81	
1919	80	90	
1920	84	
1921	84	
1922	79	
1927	2	
1948	94	
1958	9	
1960	15	16	
1963	2	
1978	100	
1984	19	
2012	52	
2021	40	
2034	94	
2042	89	
2046	56	
2057	64	
2059	1	
2118	37	
2133	83	
2151	11	
2177	30	
2195	6	
2204	89	
2223	9	
