153	88	92	
154	92	
184	93	
185	88	90	92	96	
186	83	86	87	88	89	91	92	96	
187	82	85	86	87	89	90	91	93	94	98	
188	82	85	86	87	89	90	91	92	96	
189	16	82	86	87	90	92	94	
190	17	
217	92	
218	83	85	87	88	88	90	92	
219	81	83	84	85	86	87	89	90	92	94	
220	80	81	82	84	85	86	87	88	89	90	91	93	95	102	
221	9	78	79	81	82	83	84	85	86	87	88	89	96	
222	9	11	14	80	81	82	83	83	84	85	86	88	90	95	
223	12	14	17	80	81	82	84	85	87	89	90	93	96	
224	16	17	18	19	82	87	
249	56	
250	52	54	56	92	
251	49	51	53	54	87	88	88	90	92	94	
252	79	81	82	83	84	85	86	87	89	90	92	94	97	98	
253	36	41	66	78	79	80	82	84	85	88	90	95	
254	43	46	48	67	78	79	80	81	84	
255	4	10	46	67	79	80	81	
256	4	6	8	10	11	14	78	79	81	84	89	100	
257	7	9	11	12	13	13	14	15	16	78	79	80	82	83	85	90	
258	16	16	17	18	18	19	82	85	98	
259	22	
282	57	
283	50	52	54	57	
284	50	52	53	82	86	87	88	89	90	91	93	94	
285	50	54	59	79	81	82	83	85	86	88	89	91	94	
286	67	78	80	81	82	84	85	88	
287	16	18	42	44	47	53	57	58	61	67	79	81	83	
288	17	18	20	21	42	44	45	46	47	49	50	51	52	54	56	59	78	
289	20	21	22	26	32	41	43	43	44	45	46	46	47	48	49	50	
290	6	9	11	13	44	48	79	
291	5	6	7	8	10	11	11	12	14	15	15	16	79	81	
292	13	14	15	16	17	18	19	20	20	
293	17	18	22	
297	92	
298	88	91	
299	93	
315	57	
316	51	52	54	92	
317	50	52	53	53	55	82	86	87	89	91	93	94	
318	50	52	79	81	82	84	85	86	87	89	90	92	96	98	
319	13	79	80	82	83	85	89	94	99	
320	7	8	10	11	14	17	18	67	71	79	84	
321	10	12	13	15	16	17	18	18	19	19	20	22	57	
322	20	20	21	22	23	24	25	26	48	50	51	52	53	54	54	55	56	59	61	
323	22	23	24	43	44	45	46	47	49	49	50	51	
324	9	44	
325	8	8	10	11	12	13	14	14	15	
326	3	13	15	15	16	16	17	18	18	19	20	21	22	23	
327	22	
329	92	
330	87	88	90	92	
331	82	85	87	88	88	89	91	92	94	
332	7	82	84	86	87	88	89	90	92	93	97	99	
333	81	83	86	87	89	90	92	97	
334	17	
348	57	
349	52	54	56	
350	48	48	50	51	52	54	55	82	86	88	89	90	92	96	
351	50	52	54	78	79	81	82	83	84	85	86	88	88	89	91	97	99	
352	8	77	80	82	83	84	86	89	94	
353	9	10	12	13	16	79	81	83	
354	7	10	11	12	13	14	15	16	17	17	18	18	19	20	69	
355	5	8	15	18	19	20	21	22	23	25	27	52	56	58	
356	21	22	47	50	51	52	53	54	55	55	56	60	
357	44	47	49	50	51	54	87	96	
358	9	29	
359	2	5	6	7	9	10	11	12	13	13	14	14	15	16	17	18	19	20	
360	12	14	15	17	17	19	19	20	21	22	24	26	
361	22	
362	52	92	
363	52	87	89	90	92	95	
364	81	82	83	84	85	86	87	89	90	92	94	97	98	
365	79	80	82	82	83	84	86	87	88	89	92	94	98	
366	6	10	14	16	79	80	81	82	83	84	86	89	95	
367	8	11	12	14	15	16	17	19	79	81	82	84	85	89	94	
368	13	17	17	18	19	20	
369	22	
381	56	58	
382	48	51	52	54	57	
383	46	48	49	50	51	52	54	57	
384	50	51	54	78	80	82	83	85	86	88	89	91	96	
385	79	80	82	83	84	86	88	90	93	
386	9	10	14	16	18	66	79	84	
387	6	8	10	11	12	13	14	14	15	16	17	17	18	19	20	24	26	
388	3	13	15	17	18	20	21	21	22	23	24	
389	21	22	23	23	51	52	55	56	57	59	
390	47	49	50	51	52	53	54	62	
391	45	48	50	81	86	88	89	92	93	
392	4	6	9	10	11	13	14	29	87	91	
393	4	7	11	12	12	13	14	15	16	16	17	19	19	
394	17	18	20	21	22	23	23	
395	52	53	55	56	60	92	
396	52	55	86	87	89	90	92	95	
397	52	53	81	82	84	85	87	88	90	92	94	
398	36	43	46	79	80	81	82	84	85	88	90	
399	8	17	18	43	47	78	79	81	84	85	
400	8	9	11	14	16	71	78	80	81	84	85	
401	5	7	11	12	13	14	14	15	16	16	17	18	18	19	19	20	68	79	80	
402	13	17	20	20	21	23	28	
403	22	
415	56	57	
416	46	48	51	52	52	54	55	56	57	59	
417	46	47	49	50	51	53	55	62	86	88	88	90	92	94	
418	45	49	80	82	85	87	90	93	94	
419	9	13	14	67	79	82	85	
420	8	10	11	12	13	14	15	16	17	18	19	20	
421	12	15	17	18	19	20	20	21	22	23	24	26	
422	18	21	22	25	56	58	
423	50	51	52	53	55	56	57	
424	47	49	50	51	53	55	87	90	92	96	
425	9	48	81	83	86	87	89	91	96	
426	7	9	10	11	11	13	14	15	16	84	
427	3	7	11	12	15	16	17	19	20	24	92	
428	3	87	91	92	94	
429	52	53	83	87	88	89	90	91	93	94	
430	52	53	55	80	81	83	83	85	86	87	88	89	90	95	
431	62	67	77	79	80	81	83	84	86	88	97	98	
432	10	16	17	41	44	47	49	60	67	79	84	
433	9	14	16	17	18	18	19	20	21	26	42	44	45	46	48	64	71	
434	6	10	11	13	14	15	16	17	19	20	20	21	22	26	44	70	
435	2	5	8	12	13	14	15	18	19	20	21	21	22	23	24	26	
436	21	22	23	23	
448	57	
449	52	53	57	
450	46	48	48	49	50	51	52	54	55	61	
451	44	46	49	50	80	82	84	86	88	89	93	95	
452	9	67	80	82	84	87	89	
453	4	7	9	11	12	13	13	14	14	15	16	17	19	79	
454	5	8	10	12	12	14	15	15	16	17	17	18	18	19	20	21	22	23	24	26	
455	20	21	22	24	56	
456	52	56	61	
457	49	50	51	52	53	54	55	58	87	93	98	
458	49	50	81	83	86	87	88	90	92	95	
459	8	80	82	83	85	87	89	91	95	
460	4	6	10	11	13	13	14	85	91	
461	1	7	80	82	87	89	91	96	
462	53	55	81	82	85	86	87	88	89	90	92	94	97	101	
463	78	79	80	81	82	84	84	86	87	89	90	91	96	99	
464	10	19	66	78	79	81	82	84	89	
465	8	10	13	13	14	16	17	18	26	44	70	79	84	
466	11	13	14	16	17	18	19	20	20	21	23	27	44	
467	14	15	18	19	20	21	22	24	26	65	
468	20	21	23	23	24	46	47	
469	1	22	24	
482	56	57	
483	48	51	51	52	53	53	54	55	56	57	58	61	
484	45	46	47	47	49	50	50	51	53	54	55	91	94	
485	44	49	80	84	86	91	
486	8	10	14	79	81	84	
487	5	7	10	11	12	13	14	14	15	16	17	19	
488	13	16	17	18	18	19	20	21	22	24	
489	21	23	56	
490	50	51	53	54	55	61	92	
491	49	50	52	54	55	82	86	87	89	91	98	
492	50	81	82	84	85	86	88	89	91	93	95	
493	80	82	84	88	
494	8	12	15	82	85	
495	16	80	82	83	85	88	90	
496	16	46	67	78	78	80	81	82	83	85	89	
497	10	16	17	18	44	79	80	82	84	
498	6	9	10	12	13	13	14	15	16	17	17	18	19	19	21	42	45	70	
499	5	11	12	14	15	17	19	19	20	21	21	23	26	69	
500	15	18	20	21	22	23	23	25	27	
501	22	23	41	42	42	
516	56	58	
517	35	47	50	50	51	52	52	53	54	55	56	
518	43	44	46	47	48	49	50	51	53	83	86	88	91	94	
519	45	49	80	84	87	88	92	96	
520	5	7	8	9	11	14	92	
521	7	10	11	12	13	13	14	16	19	25	
522	17	18	20	22	23	25	90	92	
523	51	52	55	57	61	87	88	90	92	
524	49	50	51	52	54	55	83	86	87	88	90	91	93	94	
525	48	50	55	79	81	83	84	85	87	88	89	90	92	94	
526	79	80	82	83	85	88	
527	79	89	
528	42	46	67	72	
529	10	17	19	46	80	
530	9	12	14	16	17	18	19	44	64	69	80	
531	10	12	13	13	14	15	16	17	18	18	19	20	21	21	22	26	44	65	68	
532	12	14	15	19	19	20	21	22	23	24	25	27	
533	21	22	23	24	
534	22	23	
541	89	89	90	
550	51	52	55	56	58	60	
551	46	48	49	50	51	52	53	53	54	55	56	
552	45	46	48	49	50	52	82	86	88	89	90	93	95	
553	82	84	86	91	97	
554	4	9	11	13	13	84	
555	5	7	9	11	12	13	14	15	19	82	85	89	
556	80	81	82	85	86	88	88	89	91	92	97	
557	53	54	55	57	80	81	82	83	85	86	87	89	90	91	94	
558	50	55	81	82	84	85	86	88	88	89	90	92	97	
559	53	77	78	80	81	83	84	87	92	
560	82	88	
561	17	40	46	
562	9	12	14	17	18	19	73	
563	10	11	13	14	15	16	17	18	19	22	40	44	70	
564	11	12	14	15	17	17	18	19	20	20	21	23	24	27	45	
565	5	18	19	20	21	22	23	24	25	27	
566	22	23	25	
583	57	
584	51	52	52	54	55	56	58	60	
585	37	42	45	46	47	48	48	49	50	50	51	52	52	53	54	55	56	
586	44	47	49	50	53	83	85	
587	38	47	81	85	89	
588	3	8	37	84	
589	10	13	14	36	46	68	80	99	
590	37	79	80	81	82	84	
591	52	66	78	79	80	81	81	83	84	88	96	100	
592	41	48	79	80	81	83	84	85	
593	67	79	84	98	
594	11	13	16	18	19	30	44	65	68	
595	8	11	14	16	17	17	18	19	20	21	41	43	44	48	65	
596	10	11	13	14	15	17	18	19	19	20	21	23	44	48	65	69	
597	12	13	15	17	19	19	20	21	22	23	23	24	27	70	
598	2	20	21	22	23	24	25	
599	23	
607	11	12	12	
617	53	57	
618	33	51	51	52	52	53	54	55	55	56	57	58	61	
619	36	40	43	45	47	47	48	49	49	50	51	52	53	54	58	67	
620	41	43	44	45	46	47	48	49	51	57	59	63	67	
621	10	28	37	39	43	44	46	47	58	
622	12	17	18	19	37	42	45	46	47	53	56	58	61	63	68	
623	17	19	19	21	24	42	43	44	46	47	48	49	51	56	58	62	68	68	
624	3	19	20	21	22	37	39	43	43	44	45	46	47	48	48	49	51	56	79	
625	19	20	22	41	43	45	47	48	49	57	60	66	69	79	
626	15	16	18	19	20	21	39	43	43	44	45	46	47	48	51	63	69	78	
627	9	11	14	17	18	19	20	38	44	45	47	66	69	
628	10	12	13	14	15	16	18	18	19	20	21	23	27	43	45	64	66	69	
629	13	15	17	19	19	20	21	22	23	24	26	45	
630	15	20	22	22	23	24	25	
631	22	24	25	
632	22	
651	58	
652	51	52	53	54	55	55	56	57	60	
653	32	45	47	49	50	51	52	54	55	56	58	60	
654	28	42	43	44	45	46	47	48	49	50	62	63	
655	14	23	41	43	44	47	60	65	68	
656	8	12	15	17	19	20	22	23	25	44	55	58	58	65	70	
657	17	19	20	21	22	23	23	24	33	45	49	50	54	55	61	63	
658	21	22	24	25	44	45	47	49	50	53	55	59	62	65	
659	22	23	23	24	44	45	49	55	61	69	
660	14	19	21	22	23	24	45	50	60	65	
661	14	20	21	22	24	24	25	26	45	
662	5	14	20	22	23	23	24	
663	20	22	23	24	
664	23	
687	54	
688	64	
689	24	64	
690	23	25	
691	22	24	
694	25	
696	24	
754	2	
1170	33	
1174	67	
1190	70	
1192	98	
1204	84	
1205	36	
1209	61	
1227	46	
1233	40	
1237	67	
1242	12	
1243	89	
1250	50	
1252	99	
1265	65	
1273	27	46	
1277	48	
1278	70	
1280	30	
1283	8	
1284	72	
1285	28	
1289	3	
1307	36	48	
1308	57	
1309	27	
1310	27	38	46	48	56	66	
1312	59	
1313	94	
1322	50	
1330	78	
1335	17	
1336	38	
1340	17	
1341	18	19	42	44	48	67	
1342	17	18	20	38	45	47	52	56	58	59	68	
1343	19	21	37	41	43	45	47	49	67	
1344	21	28	42	44	46	48	50	58	
1345	41	45	46	48	71	
1351	12	
1355	50	
1364	38	
1365	37	
1372	15	22	
1373	19	45	
1374	13	14	17	19	44	
1375	6	15	16	18	19	20	21	23	45	46	49	62	68	
1376	16	17	18	18	19	20	21	23	25	26	35	43	45	48	49	56	58	60	70	
1377	19	21	22	24	43	45	47	49	51	53	53	55	56	60	
1378	21	22	24	41	44	45	46	47	48	48	49	51	54	57	59	71	
1379	22	42	43	44	46	47	48	49	53	56	
1381	48	58	
1390	70	
1391	69	
1392	3	82	
1393	99	
1403	85	
1406	12	15	16	19	24	
1407	9	12	13	15	16	17	18	19	24	
1408	10	12	14	15	16	17	18	19	20	24	29	43	68	
1409	12	14	15	18	20	21	22	23	25	
1410	21	22	24	93	
1411	22	23	25	51	52	54	55	56	57	58	61	87	92	93	
1412	24	45	47	49	50	50	51	52	53	54	55	56	57	59	
1413	43	44	46	48	48	49	49	50	52	56	
1414	44	49	
1415	44	49	
1419	11	43	
1423	8	
1429	37	
1430	36	
1432	38	
1439	11	19	24	76	
1440	7	10	12	14	16	18	19	20	44	
1441	8	9	11	12	15	16	17	18	19	20	21	23	23	57	
1442	20	21	22	24	
1443	21	23	88	91	93	96	
1444	8	83	85	86	88	88	89	91	95	98	
1445	12	14	16	18	53	55	57	57	81	82	83	84	85	86	87	88	89	95	
1446	16	17	50	51	51	52	53	53	54	55	56	59	87	92	
1447	43	44	45	46	47	48	49	50	51	52	54	59	
1448	45	46	49	
1451	46	
1452	17	20	41	
1453	46	60	
1454	40	44	46	54	72	
1456	52	
1461	69	
1468	37	
1469	62	
1472	8	14	16	19	45	
1473	10	12	13	15	17	19	68	
1474	8	9	11	12	14	15	16	17	18	18	19	21	23	56	69	
1475	13	17	19	20	20	22	25	51	53	56	59	
1476	22	23	25	49	50	52	61	87	90	92	97	
1477	80	81	83	84	85	86	89	90	97	
1478	79	80	81	82	84	85	86	90	
1479	8	9	10	11	15	19	58	78	79	80	81	
1480	16	16	17	18	19	21	50	51	52	53	53	54	55	57	60	80	81	84	99	
1481	21	43	44	45	46	48	49	49	51	52	54	60	63	93	
1482	51	59	
1485	19	
1486	17	18	20	24	40	44	46	56	
1487	17	19	21	31	43	44	46	48	49	52	53	57	59	
1488	20	22	42	45	46	47	48	49	51	56	59	70	
1489	23	26	44	45	46	47	50	55	
1490	45	47	
1492	67	
1505	6	11	15	18	
1506	10	12	14	16	17	18	21	24	70	
1507	6	10	11	13	13	14	15	16	17	18	19	20	24	28	44	57	
1508	12	15	17	20	21	22	24	52	
1509	22	23	25	49	51	52	53	54	56	62	87	91	92	
1510	49	78	82	83	84	85	86	88	89	91	95	
1511	79	81	82	84	86	88	95	
1512	9	11	15	80	85	98	
1513	5	9	10	12	13	14	15	16	17	18	19	26	56	58	
1514	13	17	17	18	19	20	22	24	46	48	51	52	52	54	55	57	
1515	23	45	47	49	50	54	56	83	86	87	88	89	92	97	
1516	45	86	96	
1517	8	
1518	10	14	24	67	
1519	10	13	15	16	18	19	20	23	27	43	44	
1520	11	15	16	17	18	18	19	21	23	25	27	35	58	65	
1521	17	19	20	22	24	25	35	45	47	49	51	53	54	55	56	57	58	60	65	
1522	20	21	22	23	25	44	45	47	48	49	50	51	53	54	56	58	60	65	
1523	43	44	48	48	49	50	58	
1524	43	52	54	
1531	15	
1534	39	
1535	36	
1539	7	10	12	13	15	17	25	
1540	8	10	11	12	14	15	16	17	18	19	20	21	
1541	15	17	19	20	21	23	24	56	72	
1542	22	23	23	25	46	49	50	51	52	53	53	55	92	
1543	49	51	81	82	84	85	86	87	88	89	91	96	
1544	77	79	80	81	83	84	85	88	93	
1545	79	83	86	
1546	9	11	14	16	19	58	84	
1547	5	8	11	12	13	14	15	16	17	19	19	20	56	57	
1548	17	18	20	21	22	23	25	41	45	46	47	50	52	54	55	59	
1549	45	48	49	50	53	79	81	84	89	
1550	45	67	79	85	89	95	
1551	10	14	18	39	44	66	
1552	9	11	14	15	17	19	20	
1553	11	12	14	15	16	17	18	19	20	22	24	69	85	
1554	12	20	22	23	24	
1555	21	23	23	25	52	55	56	92	
1556	50	51	51	53	53	54	55	58	92	
1557	48	50	86	87	89	91	95	
1565	44	
1567	72	
1572	6	6	8	11	13	
1573	9	10	11	12	13	14	15	16	18	18	20	23	
1574	7	11	12	14	15	16	17	19	20	21	52	56	68	
1575	18	21	22	23	25	46	48	50	51	52	53	53	55	56	59	
1576	46	49	51	53	55	82	86	87	88	91	95	
1577	79	80	81	83	86	89	93	
1578	79	83	86	88	95	
1579	9	14	16	26	81	103	
1580	5	7	9	11	12	13	15	16	17	19	23	56	57	
1581	4	12	13	15	16	17	18	18	19	20	21	23	47	51	52	53	56	57	60	
1582	20	21	22	36	39	44	45	46	47	48	49	50	52	53	55	56	60	
1583	42	43	45	47	48	88	
1584	14	27	39	45	68	69	
1585	8	9	11	14	15	16	18	18	19	23	26	43	45	49	
1586	10	12	14	15	16	17	19	20	21	23	28	57	68	
1587	12	14	15	19	21	22	23	92	
1588	21	22	25	53	87	90	91	96	
1589	51	52	54	55	85	86	87	88	89	91	92	94	97	
1590	52	53	82	82	86	87	88	88	89	90	92	93	96	
1591	79	81	82	83	83	85	86	89	94	
1592	80	
1597	74	
1603	87	
1605	9	21	
1606	9	11	12	13	14	
1607	5	7	10	11	12	14	15	16	17	18	19	20	23	56	57	69	
1608	13	15	17	17	19	20	21	22	24	25	48	51	52	52	53	54	56	59	
1609	23	47	49	50	51	52	54	59	90	92	94	
1610	49	54	79	81	82	84	85	87	89	95	
1611	78	81	83	
1612	8	14	
1613	8	10	14	17	19	67	
1614	6	9	11	12	13	13	14	15	16	17	18	19	20	21	23	23	25	27	
1615	15	18	20	21	22	24	26	51	52	54	57	58	60	
1616	22	23	30	43	44	45	46	47	49	50	52	53	62	
1617	41	44	45	47	48	59	
1618	10	15	20	45	64	67	69	
1619	11	13	14	18	20	21	23	24	26	45	64	
1620	21	23	24	52	56	
1621	13	22	54	86	87	88	90	91	92	96	
1622	54	78	81	82	83	85	86	87	88	89	91	93	
1623	79	80	81	82	83	84	85	87	89	91	95	
1624	77	79	79	80	81	83	84	86	89	91	94	
1625	79	81	84	88	89	
1626	30	79	89	
1628	20	
1629	78	78	79	79	
1636	12	
1639	8	
1640	6	8	10	11	12	14	15	17	19	
1641	11	12	13	15	16	17	19	20	23	23	25	53	56	56	57	61	
1642	17	18	20	21	22	25	42	46	47	48	50	51	52	53	53	54	57	58	
1643	43	44	45	46	47	49	50	55	82	86	89	
1644	46	50	79	81	84	89	96	
1646	8	11	14	17	18	20	67	
1647	8	10	11	13	13	14	15	16	17	18	19	21	23	26	
1648	12	14	15	16	17	17	19	19	20	21	24	
1649	22	23	24	51	55	
1650	50	54	64	
1651	45	63	
1652	24	56	
1653	22	52	53	55	87	88	91	92	
1654	52	54	83	87	88	89	90	92	93	95	
1655	55	78	79	80	81	82	83	84	86	88	89	92	95	
1656	36	36	79	80	81	82	84	87	88	92	96	
1657	78	80	81	85	89	
1658	45	45	79	83	
1659	85	
1660	91	
1662	17	
1667	53	
1672	12	
1673	8	10	14	16	19	23	
1674	6	8	9	10	11	12	14	14	15	16	17	18	19	20	23	
1675	12	13	15	15	16	17	19	19	21	24	52	53	56	57	57	59	
1676	18	21	22	23	38	43	46	47	48	49	50	51	52	53	55	57	61	
1677	32	44	46	47	49	50	54	66	80	
1678	40	44	46	48	60	
1679	9	13	16	39	45	
1680	3	9	10	12	14	15	16	18	18	19	22	24	
1681	8	11	13	13	15	15	16	17	18	19	20	21	24	69	84	
1682	21	22	23	24	25	
1683	22	
1684	56	
1685	52	57	91	92	
1686	52	54	57	82	86	87	90	91	93	96	
1687	52	54	78	82	83	84	85	86	87	88	89	90	93	96	
1688	78	79	80	81	82	83	84	85	86	87	89	91	98	98	
1689	79	80	82	84	
1690	35	35	80	
1691	57	83	86	
1692	86	
1702	72	
1706	11	
1707	8	10	12	14	16	18	
1708	4	6	9	11	11	12	14	15	16	16	17	19	20	
1709	15	16	16	17	18	19	19	21	23	25	52	54	55	55	56	57	60	
1710	18	21	23	48	51	52	53	54	55	57	59	
1711	29	41	44	45	46	47	49	50	54	55	57	62	
1712	40	43	44	47	49	69	
1713	11	14	19	22	24	27	43	45	46	64	66	70	
1714	4	8	11	12	14	16	17	18	19	21	22	24	43	
1715	13	15	19	20	21	22	24	
1716	21	23	57	
1717	88	
1718	51	53	53	87	87	90	92	93	96	
1719	52	82	83	85	85	86	88	88	89	90	92	94	98	
1720	80	81	82	83	83	84	85	86	86	88	90	93	97	99	
1721	79	80	81	82	83	85	90	95	
1722	79	82	85	95	
1723	79	88	
1724	85	
1726	93	
1731	64	
1735	31	
1740	9	14	17	
1741	5	6	9	11	12	13	14	15	16	
1742	7	10	11	12	14	15	16	16	17	19	20	21	23	25	
1743	17	18	19	20	21	22	23	25	
1744	51	54	55	59	62	
1745	51	53	63	92	
1746	24	33	
1747	11	13	24	
1748	23	23	25	
1749	22	24	92	
1750	57	87	91	92	96	
1751	52	53	55	56	82	86	87	88	88	89	91	93	93	95	97	
1752	52	80	81	82	83	83	84	85	86	87	88	88	89	90	91	94	97	
1753	77	79	80	81	82	84	85	86	88	89	94	
1754	79	80	81	84	86	88	
1755	78	80	85	88	
1756	81	
1763	10	10	10	
1774	8	13	18	
1775	9	10	11	13	14	15	
1776	2	11	12	13	14	15	15	16	18	19	20	22	24	93	
1777	18	22	87	88	90	91	93	95	
1778	83	86	87	88	88	89	90	91	94	96	
1779	83	85	86	87	88	88	89	90	91	93	96	
1780	82	83	85	86	86	87	88	89	90	91	93	95	97	
1781	86	86	87	89	90	91	93	97	
1782	83	86	87	90	91	93	93	95	
1783	51	55	82	82	85	86	87	88	88	89	90	91	93	96	
1784	81	82	84	85	86	87	88	88	89	90	92	94	
1785	77	79	80	80	81	82	83	84	85	87	89	90	
1786	79	80	81	84	85	93	
1787	78	80	84	
1788	83	
1791	94	
1794	22	
1808	10	
1809	5	9	11	12	14	15	
1810	7	12	15	80	81	85	89	92	
1811	80	81	82	83	84	85	86	88	89	90	92	95	100	
1812	77	80	80	81	82	84	85	86	87	88	89	90	93	93	
1813	79	80	81	82	83	84	85	86	87	89	93	
1814	7	79	80	81	83	83	84	85	87	89	96	
1815	80	80	81	82	83	83	84	85	87	90	95	
1816	77	80	81	82	83	83	84	86	88	90	95	
1817	79	80	81	82	83	84	85	89	95	
1818	78	79	80	81	82	83	84	85	86	90	98	
1819	79	81	83	86	94	
1820	78	83	83	87	
1821	78	
1824	98	
1837	60	
1843	5	9	15	
1844	80	82	84	89	
1845	78	79	80	81	84	85	87	92	101	
1846	78	80	80	82	83	87	
1847	79	81	84	89	96	
1848	78	80	85	
1849	79	80	82	85	
1850	79	80	83	84	87	89	95	99	
1851	78	80	82	85	89	
1852	79	83	89	
1853	94	
1854	37	
1856	83	
1871	54	
1873	61	
1878	92	
1879	78	81	83	
1880	78	
1882	84	
1886	83	89	
1887	85	
1889	10	93	
1890	94	
1910	98	
1914	52	85	100	
1915	88	
1917	83	
1923	44	
1930	45	
1936	76	
1940	75	
1945	71	
1954	7	81	
1964	32	
1977	24	
1980	43	
1982	85	
1984	96	
2017	64	
2048	2	
2053	11	
2061	82	
2078	10	
2084	23	
2100	64	
2101	25	
2110	26	
2113	8	
2119	8	
2124	93	
2143	31	
2146	27	
2149	12	
2181	35	
2213	4	
2263	12	
2269	98	
