49	64	65	
50	77	
113	43	45	
148	83	
183	93	
185	92	
186	94	
214	93	
215	91	93	95	
216	88	90	92	93	94	97	
217	87	90	91	92	95	
218	82	86	87	89	90	92	93	97	
219	87	88	89	90	93	
220	82	87	91	92	93	96	
221	83	87	88	90	91	94	98	
222	88	90	91	93	93	97	
223	17	92	
247	51	
248	49	87	90	92	94	98	
249	82	83	86	87	88	89	91	94	97	99	
250	41	81	82	83	84	85	86	89	90	95	
251	17	39	43	48	51	66	81	83	84	85	88	
252	18	19	40	47	58	58	66	72	80	81	83	84	88	
253	28	39	42	44	46	47	50	81	83	85	98	
254	27	28	40	46	47	49	67	80	81	84	88	104	
255	7	9	43	81	82	84	
256	10	13	13	81	82	84	85	87	89	
257	83	86	87	88	90	92	94	
258	16	18	88	92	
279	57	
280	48	51	52	53	55	58	
281	48	49	54	87	92	94	
282	42	66	81	82	85	86	88	90	94	96	
283	10	16	19	41	79	80	82	84	88	
284	7	10	12	14	16	18	19	19	21	71	79	80	
285	13	15	18	19	20	21	26	44	52	55	
286	21	22	25	30	52	55	57	
287	22	25	50	51	52	54	55	56	58	60	65	
288	23	29	45	49	50	51	54	56	57	60	
289	32	42	44	45	47	49	50	73	80	
290	5	27	44	46	48	49	71	81	83	
291	8	9	11	12	13	15	28	69	81	82	83	84	89	99	
292	15	20	82	84	86	88	89	91	95	
293	16	17	19	
312	56	
313	47	51	53	55	56	60	
314	46	48	49	50	51	54	93	
315	39	81	86	88	89	91	94	
316	10	12	14	16	18	79	81	84	88	
317	11	13	14	15	16	17	18	19	20	
318	15	19	21	22	24	27	
319	21	22	
322	52	55	58	
323	35	51	52	53	53	54	56	57	59	
324	36	42	45	47	48	49	51	67	
325	5	8	13	44	45	46	48	
326	7	11	12	13	14	81	83	83	85	90	93	100	
327	12	16	18	20	87	89	91	96	
346	57	59	
347	47	49	50	51	52	53	54	
348	48	88	90	92	97	
349	8	11	13	80	82	83	85	90	
350	3	11	12	13	14	16	17	19	69	
351	15	17	18	19	20	22	23	25	
357	56	57	
358	48	51	52	53	54	56	58	60	
359	42	45	46	49	
360	7	10	11	13	
361	8	11	12	15	16	85	87	90	94	
362	17	17	19	
379	57	
380	47	51	52	53	55	57	
381	35	46	49	49	51	53	
382	82	85	87	89	91	95	
383	7	10	11	13	14	69	
384	12	15	16	18	19	20	23	
385	22	
391	58	
392	48	51	52	54	55	59	62	
393	45	46	47	49	50	51	
394	4	8	10	44	
395	6	11	12	13	14	15	18	82	83	85	
396	16	17	19	20	21	
404	66	67	
413	55	56	58	
414	50	51	52	53	54	
415	45	46	47	49	50	
416	9	10	81	85	89	
417	7	11	12	13	13	14	15	16	17	19	
418	15	17	18	20	21	22	25	26	
425	57	
426	35	48	50	51	52	54	54	55	59	
427	46	49	
428	5	9	11	43	48	
429	7	11	12	13	14	15	17	19	23	
430	16	18	20	21	
438	65	
447	52	55	56	57	
448	47	50	51	52	53	54	55	59	
449	31	46	48	49	63	
450	6	10	11	14	
451	8	12	13	15	16	18	23	
452	17	19	21	
459	56	
460	48	51	52	54	55	59	
461	49	91	
462	9	11	14	
463	3	12	14	15	17	19	20	25	27	71	
464	17	21	23	
481	56	57	
482	47	51	51	53	54	56	60	
483	42	45	46	47	48	49	50	
484	10	11	13	
485	8	11	12	15	
486	16	17	18	20	22	
493	51	53	
494	51	91	93	
495	82	84	86	88	90	91	93	94	101	
496	8	10	12	14	16	
497	12	15	16	18	18	20	23	
515	57	
516	34	51	52	53	54	57	58	61	
517	42	47	49	50	
518	5	9	44	49	
519	7	10	11	13	14	15	
520	13	16	20	93	
521	17	
524	92	
526	92	
527	55	88	90	92	95	
528	81	83	85	87	88	90	91	92	95	99	
529	7	8	11	13	80	82	84	86	87	88	89	91	95	
530	4	11	15	18	88	92	
531	87	90	92	
532	87	92	96	
533	87	88	90	91	94	
534	33	87	88	91	93	94	
535	32	33	87	90	92	98	
536	86	87	90	92	93	95	
537	86	88	91	93	94	98	
538	17	19	92	
550	52	55	56	58	60	
551	48	50	51	53	
552	42	45	46	47	48	
553	7	10	14	
554	7	12	14	82	83	86	88	88	90	95	
555	83	86	87	90	91	92	94	97	
556	87	91	92	97	
557	88	90	92	96	
558	86	88	90	91	92	94	
559	82	86	87	89	90	91	92	94	96	
560	37	47	53	58	82	86	87	89	90	91	94	96	101	
561	46	50	82	83	84	86	87	89	90	94	101	
562	10	39	47	80	82	83	84	85	86	88	89	99	
563	9	12	13	16	18	39	43	46	56	71	79	81	83	84	
564	4	6	10	15	18	19	20	26	38	40	46	69	82	84	99	
565	10	20	46	48	81	82	85	88	98	
566	14	37	46	81	82	84	85	88	
567	82	83	84	85	86	89	93	99	
568	42	72	80	81	82	84	85	86	87	89	99	
569	16	42	80	82	83	84	85	89	
570	16	82	85	86	89	100	
571	8	8	10	12	13	15	18	18	19	19	69	81	84	85	89	
572	15	16	18	19	20	68	
585	51	52	53	54	55	56	58	60	
586	43	48	50	51	53	57	
587	29	36	40	43	45	46	47	48	49	56	
588	3	10	36	41	46	47	48	81	
589	11	46	70	80	81	82	83	84	86	88	
590	66	81	82	84	85	86	88	89	93	96	
591	16	19	37	39	46	57	81	82	84	85	86	89	93	
592	16	18	42	46	47	49	57	81	82	85	86	89	98	
593	36	39	43	48	56	62	66	80	81	82	84	85	86	89	101	
594	17	18	20	41	47	51	53	58	58	61	79	80	81	83	84	89	
595	16	19	20	26	35	40	44	47	49	79	80	83	85	
596	11	15	18	19	20	26	39	43	52	54	56	59	64	72	75	79	
597	5	19	21	23	24	26	43	48	50	59	64	67	
598	20	21	22	24	27	43	44	48	51	54	57	58	64	67	
599	22	24	28	47	50	52	53	56	58	59	64	80	
600	21	22	23	26	32	36	39	44	49	50	58	61	
601	19	21	43	43	45	48	48	50	80	
602	20	21	26	33	42	45	48	57	59	64	81	84	
603	12	17	19	20	22	26	45	64	80	
604	11	18	21	22	45	63	71	79	
605	4	10	12	15	21	22	23	28	
606	20	22	23	
619	55	
620	35	53	54	55	63	
621	51	52	54	56	58	58	61	
622	39	45	48	49	50	51	52	53	57	60	
623	4	24	27	36	40	42	43	45	47	48	
624	13	21	27	28	43	45	48	49	55	59	79	81	83	
625	14	19	20	52	54	58	63	64	70	81	83	
626	17	18	20	21	22	26	41	44	49	62	70	80	
627	15	19	21	22	27	43	45	79	
628	15	20	21	23	24	26	53	65	
629	22	23	24	64	
630	15	23	24	65	
631	23	24	55	
632	24	
634	54	
635	25	54	64	
636	23	24	
637	23	
638	25	
639	5	
655	55	
656	52	54	
657	65	
658	24	55	64	
659	22	24	
660	22	24	
661	24	
720	102	
1161	17	
1171	10	41	
1172	68	
1178	69	
1198	58	
1201	39	
1203	87	
1210	102	
1217	57	
1231	39	
1232	50	
1234	26	
1235	46	
1237	54	59	
1240	79	
1246	94	
1252	8	
1255	100	
1257	88	
1269	40	
1279	65	
1289	99	
1296	38	
1299	39	
1301	39	
1303	53	
1304	86	
1305	67	
1306	50	
1307	44	67	
1309	29	
1312	74	
1316	13	
1318	4	
1330	37	
1332	38	
1336	29	
1338	16	47	
1339	17	28	46	66	
1340	42	44	47	
1341	36	48	
1342	25	43	46	
1343	39	46	
1345	12	54	
1346	20	
1349	13	70	
1370	38	67	83	
1371	15	16	17	19	26	29	38	43	44	46	57	68	
1372	17	18	20	42	46	51	54	56	64	
1373	19	21	24	50	63	67	
1374	19	20	28	28	44	49	55	56	58	
1375	20	22	44	51	53	57	59	65	
1376	20	22	26	42	43	49	53	54	56	
1377	22	36	40	47	48	49	51	67	69	
1378	22	29	43	46	51	56	59	78	
1379	38	44	47	50	
1384	31	
1392	83	
1399	24	49	
1400	1	
1402	1	
1403	11	14	16	41	
1404	7	11	13	15	16	17	19	25	61	68	69	
1405	14	18	19	21	23	
1406	15	24	65	
1407	23	25	54	93	
1408	88	90	92	98	
1409	88	91	
1410	23	53	54	57	92	
1411	25	52	53	54	56	58	60	
1412	24	36	42	45	50	51	
1413	26	44	46	48	49	50	
1414	44	46	59	
1417	31	
1419	80	
1423	47	
1431	16	
1432	21	
1436	13	67	
1437	8	9	11	13	15	16	19	
1438	14	15	17	18	18	19	21	24	
1439	21	22	25	50	93	98	
1440	87	91	94	97	
1441	87	90	93	97	98	
1442	83	86	90	
1443	82	87	90	95	
1444	8	10	83	86	89	97	
1445	7	12	15	16	82	86	87	89	92	94	
1446	17	51	52	54	55	56	58	58	60	87	90	92	95	
1447	17	47	50	52	54	
1448	42	44	47	48	50	59	
1449	49	
1450	5	50	
1452	10	
1454	69	
1458	4	
1469	16	
1470	8	8	11	13	15	17	19	57	
1471	12	13	14	15	16	17	19	20	22	47	52	
1472	3	20	21	23	24	49	
1473	49	54	83	85	86	89	90	94	
1474	56	81	82	84	85	87	89	93	
1475	80	83	89	
1476	79	82	85	
1477	80	84	
1478	81	84	93	
1479	11	80	81	84	87	101	
1480	7	12	14	52	81	83	86	89	
1481	17	52	53	54	57	60	85	87	90	93	95	
1482	16	17	41	45	46	48	50	52	54	
1483	44	46	50	58	
1484	48	
1489	66	71	
1494	6	
1496	76	
1503	10	
1504	8	11	12	14	15	17	19	24	
1505	5	17	20	21	24	47	51	52	55	
1506	49	87	90	93	93	98	
1507	80	81	84	88	88	99	
1508	56	80	86	94	
1509	83	88	
1510	93	
1511	17	
1513	14	83	
1514	14	81	86	88	97	
1515	6	8	11	12	14	15	19	33	52	53	55	62	80	81	83	83	85	90	101	
1516	16	17	18	19	50	51	58	62	
1517	43	46	48	48	49	51	
1522	52	
1524	9	33	44	
1526	9	
1531	13	
1535	99	
1536	11	
1537	7	8	10	12	14	15	16	18	56	
1538	5	15	16	17	18	19	48	51	53	55	56	58	
1539	21	23	47	50	53	98	
1540	59	81	84	86	89	
1541	85	98	
1543	25	
1544	81	
1545	20	
1546	79	
1548	10	13	
1549	6	9	10	11	13	15	53	56	81	89	
1550	13	17	18	20	48	51	53	54	55	58	
1551	23	46	49	51	
1552	49	
1554	27	
1558	69	
1560	72	
1566	41	
1570	10	16	
1571	7	11	12	13	14	16	19	24	56	58	61	
1572	16	17	18	20	24	47	51	52	54	
1573	22	45	46	49	88	91	96	
1574	80	83	93	
1575	100	
1580	37	
1582	10	17	
1583	6	10	11	13	14	15	19	57	
1584	13	17	19	21	50	52	53	55	84	
1585	22	48	51	55	91	95	
1586	48	49	
1587	93	
1602	32	35	
1604	10	
1605	4	7	11	12	14	14	21	23	57	
1606	16	17	19	47	48	50	51	53	54	
1607	43	48	83	84	
1608	89	
1614	37	
1615	15	
1616	17	43	
1617	8	12	14	15	17	18	52	56	
1618	13	17	20	22	25	47	49	51	53	86	
1619	43	49	83	83	85	88	90	95	
1620	57	
1622	68	
1623	65	
1625	29	
1626	54	54	54	55	
1638	4	8	13	13	
1639	5	6	11	12	13	15	52	52	55	57	60	
1640	16	17	18	20	24	51	53	
1641	41	43	45	46	48	50	54	
1642	49	61	
1648	21	42	
1649	14	20	41	
1650	8	10	14	17	19	23	39	56	76	
1651	15	19	21	46	47	50	51	54	61	70	
1652	23	45	46	49	51	53	57	61	
1653	44	46	48	83	87	95	
1654	44	
1655	52	
1656	48	57	71	
1657	46	69	
1658	41	47	
1660	46	
1667	27	
1672	8	14	
1673	9	11	13	14	16	19	56	
1674	16	20	51	53	53	54	56	58	82	86	89	92	
1675	18	29	41	47	50	
1676	43	45	47	49	
1677	41	
1678	41	57	
1679	16	51	
1680	15	19	29	43	44	56	62	66	
1681	21	37	38	
1682	9	13	16	19	22	42	45	71	
1683	8	10	14	16	17	19	21	24	39	58	64	
1684	13	16	17	18	19	21	52	56	60	69	
1685	18	20	21	22	24	30	44	48	50	51	53	53	55	56	58	
1686	22	30	40	44	47	49	51	56	62	67	
1687	41	43	50	54	57	60	
1688	27	42	45	49	53	57	67	
1689	20	22	28	30	39	43	45	48	50	
1690	19	21	42	47	51	56	60	60	
1691	18	21	26	29	48	52	56	59	67	
1692	20	22	27	27	27	28	42	44	48	50	52	56	61	
1693	20	22	25	27	45	47	50	
1694	53	
1695	75	
1696	69	
1698	66	
1704	84	
1706	12	
1707	5	5	8	11	18	20	
1708	11	12	33	52	54	58	61	82	84	87	88	92	99	
1709	17	20	51	53	54	56	62	
1710	17	31	43	45	56	58	
1711	21	24	38	42	45	47	49	53	
1712	19	26	35	40	46	48	62	70	
1713	12	16	19	23	41	43	47	49	58	
1714	15	16	18	18	20	23	25	41	45	61	
1715	15	16	19	21	28	45	
1716	11	13	20	22	23	26	43	63	68	
1717	11	14	19	21	23	25	
1718	22	24	54	55	
1719	22	25	54	88	92	96	
1720	54	92	
1721	54	65	93	
1722	54	
1723	24	55	65	
1724	24	65	
1725	55	
1726	25	52	55	
1727	21	23	50	54	58	
1729	86	
1737	9	
1740	15	
1741	20	
1742	7	10	12	15	85	
1743	13	14	15	16	18	83	85	87	90	94	
1744	54	60	65	88	92	
1745	16	24	35	53	54	63	93	
1746	23	64	
1747	23	25	55	64	
1748	24	92	
1749	23	92	
1750	5	24	91	93	
1751	88	90	91	98	
1752	86	87	88	89	90	91	94	96	
1753	82	86	87	88	89	90	93	94	96	
1754	86	88	88	89	91	94	
1755	86	87	90	92	95	
1756	87	91	94	97	
1757	88	91	93	93	97	
1758	86	87	91	93	94	97	
1759	87	90	93	
1760	83	92	93	96	
1761	87	92	93	98	
1762	83	
1764	6	
1769	69	
1775	77	
1777	7	10	11	82	85	92	93	
1778	7	10	12	14	82	85	87	90	94	99	
1779	7	12	85	87	88	90	92	95	
1780	87	90	91	97	
1781	87	90	92	95	
1782	7	83	87	92	94	
1783	82	83	85	87	89	90	93	98	99	
1784	83	85	86	88	90	96	98	
1785	81	82	83	85	86	89	91	93	
1786	81	82	83	84	86	89	93	99	
1787	79	80	81	83	85	86	90	
1788	81	82	84	85	88	90	
1789	80	81	83	85	91	
1790	8	80	82	85	94	
1791	81	82	84	85	90	
1792	82	84	86	89	
1793	81	82	84	85	90	99	
1794	81	83	85	89	
1795	81	84	85	
1798	4	5	5	
1812	11	81	84	
1813	11	80	81	84	86	89	
1814	82	84	85	86	88	88	91	93	100	
1815	81	82	84	86	89	
1816	81	84	87	89	89	95	
1817	80	82	84	88	93	
1818	80	82	84	86	89	
1819	80	85	93	
1820	80	84	90	
1821	82	83	
1822	85	
1823	82	84	
1824	84	88	95	
1825	84	
1826	84	
1827	84	
1828	82	99	
1829	83	
1841	95	
1846	10	89	
1847	5	84	90	
1848	81	84	88	
1849	81	84	87	98	100	
1850	82	83	
1851	10	91	
1853	100	
1854	89	
1855	83	
1860	86	89	
1862	89	
1874	80	
1876	102	
1878	79	
1886	10	
1894	101	
1900	76	
1903	67	
1906	68	
1914	21	
1918	98	
1922	97	
1924	1	
1934	66	
1945	70	
1958	99	
1961	98	
1965	37	
1968	13	
1970	79	
1986	87	
1987	8	
2005	79	
2015	100	
2026	63	
2029	84	
2035	17	
2043	77	
2053	99	
2059	86	
2066	54	
2067	23	80	
2106	80	
2115	13	
2139	92	
2145	30	
2175	96	
2181	10	
2182	10	
2188	11	
2190	35	
2195	3	
2224	12	
2249	11	
