47	56	
48	58	
79	48	
118	83	84	
181	24	
182	19	
212	21	22	
252	91	92	
283	57	93	
284	92	93	95	
285	9	87	89	91	92	93	96	102	
286	10	13	14	85	87	88	88	89	91	92	94	97	99	
287	16	18	90	92	94	
288	17	
315	57	
316	54	93	
317	56	58	86	87	89	90	92	95	99	
318	47	51	56	58	82	85	86	88	88	89	91	95	98	
319	9	46	49	81	83	83	85	86	88	89	91	94	99	
320	6	8	10	11	12	13	15	81	82	83	83	84	85	87	89	90	93	101	
321	12	14	15	16	17	19	82	84	86	88	91	99	
322	17	18	19	20	
348	57	
349	52	87	91	97	
350	82	86	88	89	91	93	95	101	
351	42	53	56	57	59	80	82	83	84	85	88	90	98	
352	18	20	33	45	46	48	49	50	52	53	54	58	70	81	83	83	84	
353	8	45	46	47	49	50	66	80	84	
354	9	10	11	14	81	84	88	100	
355	7	11	12	13	14	15	15	16	17	18	18	19	20	70	81	83	
356	17	18	20	21	22	27	
357	23	
380	56	
381	52	55	56	58	
382	50	51	53	92	97	
383	46	81	83	85	87	89	90	93	96	
384	9	12	14	18	57	69	81	83	83	85	86	89	98	
385	15	19	20	27	52	56	56	57	59	80	
386	21	25	47	48	50	51	51	52	53	54	55	
387	46	49	50	77	
388	5	6	8	8	10	11	12	13	13	14	14	15	18	
389	12	15	16	17	18	18	19	20	20	21	23	24	28	
390	20	21	22	
413	58	
414	53	56	
415	51	54	59	92	
416	32	50	53	86	87	89	91	95	
417	9	11	13	14	16	29	81	85	88	
418	12	15	17	18	19	20	57	
419	21	22	24	52	55	56	58	58	61	
420	48	50	51	52	53	54	55	
421	9	13	49	
422	6	8	10	11	12	14	14	15	16	17	19	68	
423	13	17	18	20	20	21	23	24	27	
424	22	
432	92	
433	93	97	
447	56	57	59	
448	47	50	52	54	59	
449	8	48	84	87	89	90	92	94	98	99	
450	11	14	81	83	84	85	87	90	
451	13	15	16	17	19	20	
452	22	23	25	56	57	
453	48	51	53	54	55	59	
454	49	50	54	90	92	
455	9	10	14	16	
456	11	13	14	15	16	16	17	19	19	21	25	
457	20	21	22	
461	92	
462	92	98	
463	88	92	97	
464	87	93	95	
465	87	88	90	91	93	94	97	
466	83	86	88	90	91	92	93	94	97	
467	12	86	88	89	90	91	93	95	97	
468	12	15	16	87	91	93	96	
469	16	
480	57	
481	53	56	59	61	
482	43	46	47	48	50	51	52	53	
483	8	10	13	41	45	46	49	82	84	86	89	
484	10	11	12	14	15	15	16	20	69	
485	16	17	18	19	20	21	25	
486	52	56	57	59	61	
487	47	48	49	50	51	52	53	54	55	
488	9	45	46	49	82	85	87	90	93	96	
489	3	7	11	12	13	14	15	87	
490	16	17	18	20	22	24	
491	23	
493	92	93	96	
494	87	89	90	91	93	94	96	
495	10	82	85	86	87	88	89	90	91	92	94	96	100	
496	83	86	88	89	91	92	93	93	95	97	102	
497	37	46	82	85	86	87	89	90	91	92	93	95	97	101	
498	46	47	57	81	83	86	87	88	89	91	94	96	98	
499	46	57	81	82	84	85	86	87	89	91	94	96	
500	43	46	46	47	50	80	81	82	84	85	87	89	91	100	103	
501	7	9	10	14	46	47	82	83	83	84	85	86	89	89	91	101	
502	6	11	12	14	15	16	19	82	83	84	85	86	88	89	90	92	95	99	
503	16	17	18	19	20	
507	86	87	87	
514	57	
515	36	53	54	54	55	56	57	59	60	
516	30	47	50	51	52	53	54	
517	9	41	44	47	49	70	
518	5	7	12	13	14	15	19	24	69	
519	18	20	22	58	
520	52	53	54	55	56	57	59	
521	47	48	49	50	51	52	54	55	
522	9	13	40	44	46	48	49	82	85	
523	8	10	12	13	14	15	83	95	
524	90	91	93	95	98	
525	86	88	90	92	95	
526	83	86	88	90	91	92	95	96	
527	40	53	56	82	87	88	89	90	91	95	97	99	
528	39	43	46	48	66	81	82	83	84	85	86	88	88	89	90	95	99	
529	18	42	46	47	49	66	80	81	82	84	85	86	88	89	93	100	
530	16	18	42	45	47	49	52	59	66	71	80	81	82	84	85	86	89	101	
531	17	19	20	22	42	44	47	49	57	58	60	70	80	81	82	83	84	85	88	100	
532	15	19	20	21	27	44	49	51	57	59	66	69	80	81	84	85	89	
533	20	21	26	35	43	45	47	49	51	55	56	57	58	60	65	72	80	81	83	85	
534	20	21	23	27	44	47	49	50	51	52	53	55	56	59	79	81	83	
535	8	10	13	21	27	43	45	47	48	49	68	71	80	84	
536	6	10	11	11	12	13	14	15	16	19	20	27	44	81	83	84	
537	17	18	19	20	20	22	84	
538	18	22	
549	61	
550	51	54	
551	64	
552	13	23	
553	22	57	
554	33	52	53	54	55	56	56	57	59	60	61	
555	48	50	51	51	52	52	54	54	55	56	57	58	60	
556	40	42	43	45	45	46	47	49	49	50	57	67	70	
557	2	4	6	13	15	27	42	44	45	46	47	48	48	49	66	71	81	84	88	
558	20	27	41	44	46	57	82	84	85	89	90	102	
559	42	47	50	57	69	81	82	83	85	86	89	90	93	95	98	
560	16	18	43	46	49	61	70	81	82	84	85	87	89	90	93	99	
561	17	19	43	45	46	49	57	58	60	67	69	81	82	83	84	85	89	
562	10	14	17	18	19	20	43	45	47	48	50	55	57	60	67	71	79	81	84	
563	11	13	15	18	18	19	20	22	45	50	61	80	83	
564	15	20	20	22	25	27	45	50	59	
565	18	19	21	22	23	24	25	26	65	72	83	
566	21	23	23	25	55	
567	22	24	53	54	57	61	
568	23	23	25	51	54	
569	31	45	48	64	66	
570	4	7	11	13	14	17	21	103	
571	19	21	23	25	
572	23	
588	55	60	
589	51	53	54	55	56	58	59	61	
590	50	51	53	54	55	56	57	59	60	
591	24	26	32	45	50	51	54	57	59	70	
592	18	22	36	44	45	48	50	53	59	66	71	80	83	
593	14	19	20	23	43	45	48	48	50	59	64	66	70	80	83	
594	14	18	20	22	43	62	65	71	80	83	
595	19	20	21	22	24	26	80	83	
596	20	22	23	23	25	26	
597	21	22	24	25	26	73	
598	23	25	
599	23	
601	55	
603	23	
604	24	
605	25	
607	11	11	12	
624	54	
625	55	64	
626	24	54	
627	22	23	25	
628	23	25	
629	22	23	
642	3	
643	3	3	
686	94	
1172	28	
1190	99	
1191	9	
1192	79	
1200	35	
1204	60	61	
1207	56	
1208	27	
1218	105	
1219	63	
1222	63	
1241	77	
1244	52	
1245	21	
1250	35	63	
1274	86	88	
1280	96	
1289	91	
1292	3	
1293	77	
1297	37	
1303	26	
1311	68	
1317	35	
1319	5	9	
1338	22	
1341	55	
1345	50	
1349	48	48	95	
1350	103	
1353	31	104	
1367	24	
1370	22	37	
1379	84	
1382	32	
1391	54	
1393	5	
1397	102	
1405	22	48	
1406	18	
1407	20	42	45	46	53	57	
1408	41	45	46	47	49	
1409	47	49	
1411	52	
1426	76	
1434	6	
1438	48	
1439	18	21	24	39	
1440	7	12	14	17	19	20	42	45	58	69	
1441	17	19	20	21	42	51	53	55	56	57	58	59	65	66	69	
1442	21	23	24	26	42	45	46	47	47	50	52	54	60	
1443	45	46	47	48	50	53	68	
1449	25	
1463	38	
1468	2	24	
1470	14	
1471	15	16	19	
1472	10	14	17	19	23	
1473	8	12	15	16	18	18	20	26	70	
1474	10	12	14	15	17	19	21	23	24	
1475	17	19	20	22	24	52	56	57	59	60	62	
1476	22	23	51	51	52	53	54	55	56	59	61	
1477	44	47	48	49	50	51	53	55	62	
1478	45	49	
1479	56	
1480	27	
1481	82	
1501	74	
1504	9	13	16	29	
1505	10	14	16	17	19	21	
1506	6	9	12	13	15	18	20	21	23	
1507	15	21	23	93	
1508	10	24	91	98	
1509	7	13	17	24	56	57	58	59	
1510	18	47	51	52	53	54	54	55	61	
1511	47	48	49	51	59	
1513	67	
1521	31	
1524	31	
1525	13	
1527	10	
1530	69	
1537	9	14	19	
1538	9	11	14	16	19	
1539	13	15	17	18	19	21	24	
1540	25	52	60	92	
1541	87	91	95	
1542	4	7	8	10	13	15	58	83	86	89	92	94	
1543	15	16	17	18	19	34	53	55	56	57	59	62	
1544	18	46	48	50	51	52	54	55	60	
1545	47	49	55	55	82	87	89	92	93	98	
1547	61	
1549	28	58	
1553	33	43	
1554	46	51	
1555	47	
1560	66	66	103	
1562	70	
1568	23	
1570	9	41	
1571	10	12	14	16	17	19	
1572	5	7	13	15	17	19	21	25	46	
1573	22	25	50	54	92	
1574	53	86	88	89	91	94	98	
1575	6	13	83	85	86	89	93	100	
1576	4	7	10	12	14	15	19	81	86	
1577	13	17	18	19	21	52	53	56	59	
1578	23	48	49	50	52	55	87	91	92	94	98	99	
1579	41	81	86	90	
1581	49	62	
1582	48	
1583	48	
1585	46	51	
1586	18	40	46	58	60	
1587	40	47	50	56	
1588	18	22	47	52	57	60	67	70	
1589	43	46	48	50	
1590	43	46	50	
1593	53	
1594	65	65	65	
1601	39	
1603	8	24	
1604	9	11	14	16	
1605	12	16	17	18	19	21	57	70	
1606	22	25	47	49	50	52	55	
1607	51	87	88	90	94	101	
1608	81	82	83	85	87	89	100	
1609	9	12	16	18	81	84	90	
1610	7	11	13	14	15	16	17	19	20	56	62	69	
1611	21	23	23	27	46	47	51	52	53	54	57	61	
1612	16	49	52	54	82	84	86	87	89	90	92	95	
1613	44	85	97	
1614	24	97	
1615	16	24	29	40	
1616	17	18	39	47	49	55	64	66	
1617	15	20	37	39	44	47	50	58	
1618	18	18	21	26	31	38	45	46	49	56	58	69	
1619	14	19	21	43	43	46	48	72	
1620	13	16	18	20	23	27	41	48	56	61	65	67	70	75	
1621	19	21	24	43	45	48	56	57	60	67	73	
1622	18	20	22	23	26	45	48	51	53	56	57	59	62	68	72	
1623	21	25	27	31	43	45	49	50	52	53	55	57	58	62	67	
1624	45	46	47	48	50	51	55	
1625	45	48	
1634	52	
1635	20	73	
1637	9	15	19	
1638	7	11	12	14	15	20	51	57	
1639	5	16	17	19	20	22	51	52	53	54	55	57	58	62	
1640	22	23	45	50	52	54	
1641	48	82	83	85	90	
1642	9	13	85	
1643	10	11	14	16	18	53	57	58	
1644	13	16	17	19	20	21	25	55	56	58	60	
1645	18	21	23	43	46	47	51	52	53	54	56	
1646	45	47	49	50	54	57	61	81	84	84	87	88	99	
1647	41	44	46	48	53	86	
1648	14	16	42	
1649	16	18	19	21	46	65	66	70	
1650	17	19	21	23	44	52	55	57	61	70	
1651	15	18	20	21	23	25	45	49	51	55	56	59	70	
1652	13	19	21	23	26	44	45	49	51	60	65	69	
1653	15	19	21	23	25	60	65	
1654	10	21	23	23	
1655	21	22	23	24	
1656	22	24	33	53	61	
1657	24	51	52	54	55	56	59	60	
1658	45	50	51	52	53	55	58	65	
1659	45	48	49	52	55	
1660	51	
1671	8	14	54	
1672	4	10	11	12	13	14	18	
1673	52	55	61	96	
1674	52	54	63	91	95	
1675	86	91	
1676	10	
1677	7	9	10	11	13	13	14	15	21	23	
1678	16	17	18	19	20	21	53	54	55	56	58	61	
1679	21	23	30	48	49	51	53	54	58	61	65	
1680	30	43	45	47	49	51	56	72	
1681	8	21	24	44	49	64	68	
1682	12	13	18	20	21	23	43	45	49	64	70	
1683	12	14	19	20	22	23	26	70	
1684	21	22	24	26	
1685	21	22	24	
1687	24	91	93	97	
1688	92	96	
1689	87	88	90	91	93	94	96	
1690	7	87	88	90	91	92	93	95	98	
1691	54	55	57	58	62	90	91	97	
1692	33	51	52	54	55	93	97	
1695	78	
1697	90	90	90	91	
1705	12	
1706	2	5	6	12	
1707	2	82	86	87	90	92	94	102	
1708	83	84	86	90	92	93	
1710	8	12	
1711	4	6	9	10	12	13	14	15	20	
1712	8	12	15	17	18	20	23	
1713	55	62	91	92	
1715	14	24	
1716	24	
1717	23	
1718	88	91	93	96	
1719	86	87	91	92	93	95	98	
1720	86	87	89	90	92	93	96	101	
1721	82	85	86	87	88	89	90	92	95	99	
1722	82	86	87	88	89	90	92	93	95	99	
1723	82	83	85	87	89	91	91	98	
1724	10	80	81	82	84	86	87	89	90	
1725	81	82	84	85	87	89	90	93	
1726	86	88	89	90	92	95	
1741	81	83	87	90	98	
1742	82	85	88	101	103	
1745	7	11	14	17	
1746	8	8	11	14	16	81	82	84	86	89	91	93	96	98	
1747	12	15	16	81	83	85	86	87	88	89	90	93	93	96	98	
1748	91	92	94	96	
1749	88	90	91	94	96	
1750	87	91	92	95	97	102	
1751	83	86	87	88	89	91	94	96	98	
1752	81	82	85	85	87	88	89	91	94	98	
1753	81	82	84	85	86	87	88	90	93	96	
1754	81	82	84	85	86	88	90	96	100	
1755	80	81	83	83	84	86	89	
1756	80	82	83	86	89	
1757	79	81	84	87	88	
1758	6	85	102	
1759	80	83	87	93	98	
1760	80	82	84	85	87	90	
1761	86	96	
1763	8	
1764	7	8	
1766	69	
1773	18	
1776	85	89	
1780	80	83	85	89	95	
1781	5	80	81	84	87	89	
1782	81	82	84	85	87	89	90	93	95	100	
1783	80	81	82	84	85	87	89	92	94	102	
1784	80	81	82	84	85	87	88	90	94	
1785	80	81	82	84	85	89	92	95	
1786	81	83	85	89	100	
1787	79	81	83	85	
1788	83	83	86	89	
1789	81	
1790	95	
1791	4	
1792	12	83	97	
1793	83	
1794	86	96	100	
1797	88	
1808	43	
1809	88	
1815	83	
1816	81	83	87	
1817	80	82	84	
1818	80	84	86	
1819	86	90	
1820	84	
1821	94	
1822	11	
1827	98	
1828	84	
1829	73	
1834	68	
1838	20	
1849	52	83	
1850	49	86	
1851	89	
1852	83	
1866	64	
1888	22	72	
1891	81	
1897	99	
1914	94	
1917	41	
1919	38	
1943	91	
1952	5	36	
1982	70	
1983	71	
1989	93	
1993	72	
2009	38	48	
2016	100	
2018	6	41	
2074	99	
2093	35	
2149	10	
2173	97	
2174	6	
2225	5	
2257	7	
