48	1	
111	37	
112	43	
148	88	91	93	98	
149	87	91	93	95	
150	87	90	91	93	97	
151	87	89	91	92	94	98	
152	91	93	97	
180	87	91	93	
181	88	89	90	91	94	98	
182	46	83	86	87	89	90	91	94	96	
183	82	83	84	85	86	87	88	90	91	94	95	98	
184	7	8	80	81	82	85	85	87	88	88	89	90	94	102	
185	10	13	14	46	82	83	84	86	87	88	88	89	91	93	95	
186	11	14	17	82	86	87	89	91	94	97	
187	86	87	89	90	91	92	93	95	
188	17	87	90	91	93	97	
189	17	
211	62	
212	54	88	92	97	
213	54	86	87	90	91	93	93	97	
214	34	46	81	83	86	87	88	89	91	96	98	
215	42	45	46	48	50	57	58	61	69	82	83	85	86	89	
216	18	18	29	42	44	47	50	56	57	58	68	81	82	83	84	85	88	
217	19	21	33	43	44	45	47	48	50	53	56	59	68	80	81	83	85	88	98	
218	6	18	20	21	29	41	44	45	46	48	48	50	56	57	58	67	70	79	80	81	82	83	84	99	
219	4	10	15	20	21	29	37	43	44	46	47	49	66	80	81	82	84	85	103	
220	11	20	21	44	46	46	47	48	49	70	81	82	83	84	86	88	
221	9	12	15	46	80	81	83	84	85	86	88	88	89	95	98	
222	7	11	12	13	15	81	82	84	85	86	87	88	90	91	95	
223	16	18	21	86	88	91	92	95	
224	17	
243	57	
245	46	48	51	53	54	
246	49	82	85	87	89	90	92	93	97	
247	16	18	82	83	84	85	87	88	
248	11	14	16	17	17	18	19	29	43	81	84	
249	15	20	21	23	61	64	80	83	
250	20	22	24	26	34	45	50	54	
251	23	23	45	50	54	59	65	
252	22	23	25	53	55	57	60	65	
253	22	24	45	51	52	53	54	55	56	57	58	59	62	
254	2	3	23	24	43	45	46	47	48	48	49	50	51	58	60	
255	5	9	42	44	45	46	47	48	49	49	50	69	80	
256	7	8	10	11	12	14	15	80	81	83	85	89	100	
257	6	12	13	14	15	16	17	19	81	83	84	85	87	90	
258	17	17	18	20	
277	56	57	62	
278	47	50	51	52	54	55	59	
279	47	48	50	54	85	87	89	91	93	98	
280	9	10	14	80	82	83	84	85	88	
281	6	11	13	14	15	16	17	17	18	19	20	26	69	80	
282	5	17	19	20	21	23	25	
283	22	23	25	
287	53	55	57	59	
288	50	51	51	52	53	54	54	55	55	56	57	58	59	61	
289	44	45	47	47	48	49	50	51	
290	4	7	9	10	11	13	43	45	48	
291	7	10	11	12	13	14	15	16	16	19	24	26	81	85	98	
292	16	17	18	19	20	21	27	
310	57	
311	48	52	53	54	56	58	61	
312	46	47	49	50	52	54	55	
313	43	49	81	83	84	86	88	89	90	93	97	
314	4	6	8	9	11	13	14	15	16	17	18	68	80	
315	13	15	16	17	18	19	20	21	23	27	
316	21	22	24	
321	56	57	61	
322	52	52	54	55	57	59	61	
323	47	49	50	53	91	
324	9	13	14	
325	2	3	8	11	12	14	15	16	17	18	19	68	84	
326	17	18	21	22	23	
344	57	58	
345	51	52	53	54	55	60	
346	44	46	47	49	49	50	54	
347	8	10	44	80	85	
348	12	13	15	16	17	18	19	20	23	69	
349	17	18	21	22	24	27	
355	53	56	59	
356	51	53	54	55	58	
357	50	54	86	88	90	92	94	97	101	
358	7	8	10	11	12	14	15	87	92	
359	12	13	14	15	16	16	17	18	19	20	24	27	
360	17	21	22	
378	56	57	61	
379	36	50	51	52	54	54	55	56	58	60	
380	9	32	44	45	46	48	49	50	
381	10	11	13	15	71	80	83	
382	2	5	12	15	16	17	19	20	21	23	71	
383	22	27	
388	57	61	
389	51	52	54	56	92	
390	52	54	82	86	88	89	90	92	93	95	99	
391	9	13	81	83	83	84	86	87	89	90	94	
392	3	7	8	10	11	12	13	14	15	15	16	17	18	19	69	81	
393	12	15	16	17	18	18	19	20	21	22	23	27	69	
394	21	22	
413	52	55	58	61	
414	50	
415	5	12	14	44	72	
416	20	22	24	
421	52	56	
422	52	55	88	91	92	97	
423	52	53	83	86	87	89	92	93	97	
424	40	82	84	85	86	89	91	94	100	
425	8	9	11	12	14	15	16	17	18	19	20	71	80	82	84	
426	4	8	12	13	14	15	17	18	18	19	20	25	44	71	
427	21	22	23	24	
447	55	
450	3	
454	58	91	93	
455	52	53	87	89	90	91	92	93	97	
456	42	47	55	58	82	85	86	87	89	91	92	94	96	
457	16	30	81	82	84	85	87	89	93	
458	8	10	11	12	13	14	15	16	17	18	19	19	20	45	69	79	80	82	83	84	86	88	
459	12	15	18	19	20	21	22	24	26	70	
460	21	22	23	25	
461	23	
473	82	82	
485	57	
486	56	
487	51	53	54	91	96	
488	52	82	84	86	87	89	90	92	94	98	101	
489	81	82	84	85	86	87	88	90	91	94	102	
490	10	14	16	19	68	69	70	71	80	81	82	83	84	85	88	
491	8	9	11	12	14	15	17	18	18	19	20	26	29	43	71	80	84	
492	4	12	14	18	19	20	21	22	23	23	24	25	
493	22	23	
507	84	
518	56	
519	52	53	56	58	
520	46	47	48	50	51	
521	51	53	82	84	85	86	88	88	89	90	92	94	97	
522	80	82	83	83	84	85	86	88	88	89	91	93	95	
523	7	9	11	14	16	17	18	19	26	80	81	82	83	84	
524	11	13	14	15	16	17	18	19	20	21	27	80	83	
525	13	15	20	21	22	23	24	
526	23	24	
552	57	57	60	
553	38	51	52	53	54	55	56	57	58	60	61	
554	44	46	46	47	48	49	50	50	51	52	54	83	
555	41	43	45	46	48	50	79	81	83	85	90	
556	9	11	14	79	81	84	85	
557	8	9	11	12	14	15	15	17	19	
558	14	15	16	17	18	21	22	24	93	
559	16	18	22	25	92	
586	57	61	
587	50	51	52	52	53	54	55	55	56	57	58	59	60	62	
588	31	42	47	48	49	50	51	51	53	53	54	55	56	57	57	60	
589	30	40	44	45	45	46	47	48	49	50	56	67	68	80	
590	4	8	11	40	42	43	44	45	46	47	48	48	49	70	
591	5	9	11	13	14	15	22	23	41	46	69	93	
592	6	9	11	13	14	16	83	89	90	95	
593	12	17	86	88	90	92	95	
594	87	91	92	97	
595	16	92	
621	55	61	
622	50	52	54	55	57	58	60	62	
623	45	50	51	52	53	54	55	56	57	59	61	
624	23	24	31	43	45	47	48	49	50	51	51	53	53	56	57	59	68	
625	5	25	41	44	45	47	48	49	50	68	
626	7	8	11	13	23	26	40	44	45	46	47	48	49	81	82	84	88	
627	11	15	44	46	47	80	81	82	83	84	85	89	99	
628	7	11	14	81	82	84	85	86	87	88	89	90	94	97	101	
629	7	11	16	82	83	85	86	87	88	89	90	92	93	96	
630	86	88	90	91	92	93	96	
631	18	88	91	92	95	98	
632	92	97	
633	88	92	
634	92	
657	52	55	60	
658	33	52	54	55	58	59	61	
659	24	50	52	53	53	54	55	56	57	59	60	
660	24	32	37	42	45	47	48	49	50	51	52	53	54	56	56	57	58	63	
661	25	29	37	42	45	47	48	49	49	50	56	67	70	
662	3	9	42	44	44	46	48	49	50	71	80	81	83	83	84	86	
663	9	11	20	36	39	44	46	46	71	80	81	82	84	85	86	88	99	
664	9	13	15	47	82	83	84	85	86	89	99	
665	12	81	82	85	86	87	89	90	91	94	97	
666	9	14	86	87	88	90	91	92	93	95	
667	9	13	83	85	86	87	88	89	90	91	92	93	95	98	
668	10	15	82	86	87	89	90	91	93	94	98	100	
669	16	86	87	90	91	93	94	97	
670	91	92	94	
671	92	
693	55	60	
694	52	54	55	58	60	
695	25	48	52	53	54	57	58	60	
696	23	24	45	51	53	54	55	56	57	59	61	64	66	
697	4	23	25	27	36	42	45	47	48	50	51	54	56	57	59	80	
698	4	22	26	28	36	42	44	45	46	48	48	49	51	56	57	58	59	67	70	80	84	
699	22	41	44	45	46	47	49	57	73	81	82	83	84	
700	20	27	39	43	43	45	46	47	48	48	56	68	69	79	80	81	82	83	84	85	88	98	
701	9	21	39	45	46	47	48	49	80	80	81	83	84	85	98	
702	8	12	14	26	44	46	47	81	82	83	84	85	86	88	89	
703	10	81	82	84	85	86	87	89	90	95	
704	6	10	12	15	81	82	83	84	86	87	88	89	90	91	92	94	96	98	
705	12	15	18	82	86	88	88	90	91	92	94	97	99	
706	16	18	88	92	97	
729	55	
730	54	60	
731	52	55	61	
732	51	54	55	58	58	60	
733	23	24	25	45	51	53	53	54	55	57	59	62	65	
734	24	45	48	48	50	51	54	56	57	58	60	80	
735	23	23	25	27	29	44	46	47	49	50	51	52	53	56	57	58	58	61	64	68	80	
736	21	30	40	43	44	45	47	48	48	49	50	56	57	68	80	
737	6	9	22	42	44	45	46	47	47	49	49	80	81	83	
738	9	11	14	21	44	46	47	48	69	80	80	81	84	88	101	
739	6	9	11	12	13	15	18	44	81	82	83	83	84	85	86	89	90	95	101	
740	11	15	19	82	83	85	86	88	89	91	94	97	
741	16	17	18	20	
768	55	
769	55	61	
770	25	34	51	52	53	55	56	57	59	61	63	
771	24	25	35	50	51	53	53	54	56	57	58	59	
772	4	24	25	39	44	45	48	48	49	50	64	66	68	
773	8	10	21	25	28	30	42	44	45	46	48	49	73	81	
774	6	10	11	12	13	14	15	17	18	20	22	26	45	68	69	81	82	84	
775	19	20	21	23	26	88	
805	52	55	
806	24	55	59	
807	4	25	53	64	
808	23	25	
809	3	23	24	
1157	17	
1163	26	
1171	68	
1183	8	101	
1197	29	
1212	9	
1233	55	
1235	46	
1236	50	
1249	70	
1271	37	42	48	
1272	27	47	57	
1273	38	
1274	48	49	
1275	66	
1276	43	52	
1277	46	
1279	28	
1280	67	
1287	24	57	
1290	8	
1297	20	
1299	44	
1302	17	25	41	46	
1303	1	17	43	47	60	
1304	17	20	27	37	43	47	51	58	66	
1305	18	19	21	25	38	43	45	47	50	58	65	
1306	21	45	47	49	56	61	67	
1307	43	43	45	46	47	48	50	53	58	
1308	36	38	47	49	57	
1309	46	
1310	46	56	
1312	97	
1314	103	
1335	14	17	18	20	39	
1336	16	19	21	48	68	
1337	12	14	16	18	18	19	21	23	34	65	
1338	15	17	19	20	21	44	55	60	
1339	20	21	23	24	45	52	55	56	58	60	65	70	
1340	20	22	25	26	28	45	51	55	56	61	73	
1341	21	23	24	32	37	45	49	50	52	53	55	57	58	
1342	22	24	44	45	50	52	56	57	60	65	66	
1343	21	24	41	43	45	49	50	55	60	66	
1344	44	47	48	49	52	
1345	68	
1346	47	
1350	101	
1362	39	
1367	16	20	41	
1368	11	13	16	19	23	27	29	43	46	
1369	11	15	18	19	20	
1370	9	13	14	21	23	25	70	
1371	14	23	25	
1372	15	23	25	92	97	
1373	24	88	90	91	92	95	97	
1374	55	87	88	90	91	95	97	
1375	55	87	88	90	91	92	93	95	
1376	24	52	57	58	60	
1377	16	17	25	32	36	51	52	54	55	56	57	60	
1378	23	25	43	44	45	46	47	48	48	49	50	52	53	57	
1379	45	46	47	49	
1380	46	
1381	55	81	
1385	6	
1389	44	
1395	24	
1396	104	
1399	42	
1400	11	18	19	
1401	8	11	13	14	16	19	22	24	53	
1402	12	15	17	20	21	68	
1403	20	21	23	24	
1404	53	87	95	
1405	87	89	90	92	96	
1406	82	85	86	88	88	89	92	94	
1407	82	85	86	88	89	90	94	
1408	81	82	84	84	85	87	89	92	93	
1409	4	8	81	82	84	84	86	88	89	92	97	98	
1410	9	11	12	14	15	82	84	86	89	90	93	93	97	
1411	13	16	52	53	55	56	57	58	60	86	88	90	91	93	94	97	
1412	17	18	43	48	50	50	51	52	54	55	56	59	
1413	45	46	48	49	50	51	55	
1414	54	65	
1416	96	
1425	9	
1434	9	11	14	18	21	
1435	7	11	13	14	15	17	18	19	22	57	68	74	
1436	18	20	21	23	25	48	50	51	53	54	
1437	20	23	52	90	91	95	
1438	82	86	89	92	93	99	
1439	80	81	83	83	85	89	92	
1440	79	80	83	85	100	
1441	79	81	83	85	94	
1442	80	82	84	91	
1443	79	81	83	86	
1444	5	9	11	14	19	79	81	83	86	88	
1445	7	10	11	12	13	14	15	16	18	57	58	61	80	81	82	84	85	90	
1446	16	17	21	51	52	52	53	54	55	56	58	59	
1447	45	46	48	48	49	50	51	53	55	
1454	18	
1467	11	23	
1468	7	10	11	13	13	15	16	57	
1469	8	12	17	18	19	21	22	24	52	53	55	58	71	
1470	22	48	50	54	
1471	48	53	81	82	85	86	88	90	93	
1472	81	83	89	99	
1473	83	90	
1474	83	
1475	90	
1476	85	
1478	10	13	17	20	27	83	
1479	5	7	11	12	15	16	19	22	27	53	57	61	80	88	
1480	17	18	20	21	23	26	47	50	51	52	54	57	59	61	82	86	
1481	22	44	46	49	50	52	53	63	88	91	
1482	49	
1486	90	
1489	33	
1492	102	
1497	13	
1500	23	
1501	9	11	14	16	
1502	6	11	13	14	15	16	19	23	57	60	
1503	18	19	21	24	50	51	54	55	56	
1504	23	50	53	86	89	91	94	
1505	79	81	85	91	94	
1506	53	91	
1509	77	
1511	12	13	
1512	10	13	14	16	19	
1513	4	8	12	14	15	16	17	18	19	20	21	56	59	62	
1514	20	21	23	47	50	51	52	54	55	58	
1515	49	55	58	58	87	90	97	
1521	30	
1526	13	
1535	9	11	13	
1536	7	11	12	15	16	19	52	55	61	
1537	22	25	52	59	88	93	
1538	51	80	82	84	86	88	91	98	100	103	
1539	81	
1540	85	
1541	40	
1544	12	13	16	20	40	
1545	10	14	16	17	19	25	40	
1546	6	9	11	12	14	15	16	17	18	19	20	25	26	57	70	
1547	13	15	18	20	21	22	23	25	27	52	55	56	59	
1548	22	51	53	54	55	59	91	92	97	
1549	50	81	84	86	89	92	94	
1550	90	
1557	3	
1568	15	19	
1569	9	15	
1570	5	
1571	54	81	82	85	87	89	93	96	100	
1572	82	84	88	88	
1574	38	94	
1576	20	39	46	77	
1577	11	14	16	19	46	
1578	8	11	13	16	19	20	38	45	72	
1579	10	12	14	17	18	19	19	21	22	24	26	57	68	
1580	20	21	22	24	
1581	22	51	52	53	55	61	91	93	95	98	
1582	53	82	85	87	88	89	90	92	94	98	102	
1583	63	82	84	86	89	
1584	85	89	
1589	18	30	33	
1590	80	
1604	86	
1605	81	84	86	89	
1606	80	87	94	
1607	95	
1608	21	41	
1609	19	47	
1610	12	14	17	19	22	39	46	68	70	
1611	8	11	14	16	18	19	20	21	25	28	
1612	10	12	14	15	17	19	20	22	23	25	57	69	
1613	21	22	24	51	53	57	
1614	53	55	56	90	91	92	97	
1615	82	83	85	86	88	88	90	91	95	
1616	80	81	84	85	87	89	93	
1617	81	86	
1620	87	
1621	32	
1624	71	
1629	4	
1639	81	84	
1641	24	
1642	7	
1643	8	12	15	16	17	18	19	22	28	70	
1644	10	13	14	17	18	19	20	22	24	43	68	
1645	5	21	22	24	25	45	56	66	
1646	22	24	49	52	54	57	93	
1647	2	5	23	52	54	90	91	92	96	
1648	82	83	84	85	86	88	90	91	93	97	102	
1649	80	82	84	85	98	
1650	80	83	87	
1651	48	99	
1657	41	41	42	43	
1667	34	
1673	92	
1674	10	
1675	8	13	17	
1676	9	11	13	14	16	19	25	
1677	9	12	15	16	17	18	18	19	20	21	24	25	69	
1678	21	22	23	27	47	53	61	
1679	22	25	47	49	51	52	64	65	
1680	48	53	86	88	89	90	94	98	100	
1681	61	81	82	83	84	85	88	88	88	90	92	96	
1682	53	54	80	81	84	87	88	92	93	
1683	80	84	96	101	
1684	83	
1686	97	
1691	71	
1709	10	13	14	
1710	7	9	10	12	13	14	14	19	24	
1711	13	15	16	16	17	19	21	22	23	25	53	56	58	60	
1712	21	22	51	52	53	54	55	56	58	59	
1713	34	36	41	44	45	46	47	49	50	51	53	54	56	
1714	43	44	45	46	48	48	50	56	82	83	85	
1715	41	46	48	50	70	79	81	
1716	39	83	83	
1717	46	96	
1718	45	48	
1722	53	
1725	69	
1727	33	
1730	56	
1736	28	
1742	9	19	
1743	5	8	11	
1744	7	8	9	10	11	12	13	14	15	
1745	12	15	17	20	87	90	92	93	95	98	
1746	52	54	55	57	58	59	61	87	87	90	91	92	93	95	97	
1747	17	51	52	54	55	56	57	59	92	
1748	43	44	45	49	50	51	53	54	56	57	59	62	
1749	27	41	45	47	48	49	51	56	60	67	
1750	43	44	45	46	47	48	50	53	56	61	
1751	42	46	47	48	
1752	46	49	55	
1753	44	
1754	37	49	
1755	58	
1760	87	
1765	99	99	100	102	
1777	12	90	
1778	4	11	15	57	
1779	8	11	14	16	81	82	84	85	86	89	92	94	
1780	8	10	11	13	15	16	81	81	82	83	84	85	85	87	88	89	92	94	100	
1781	16	55	61	83	86	87	89	90	92	94	98	101	
1782	53	54	56	61	93	97	
1783	16	32	51	54	57	58	61	
1784	22	25	32	51	53	53	56	57	58	58	61	
1785	22	25	31	36	44	47	48	49	51	55	56	58	62	73	
1786	23	28	43	45	46	48	48	49	50	53	56	
1787	23	40	43	45	47	49	57	
1788	23	37	41	44	46	47	49	52	57	73	
1789	21	45	46	47	49	69	
1790	33	37	40	44	47	49	60	
1791	49	
1792	59	
1793	49	54	
1794	47	
1795	86	
1809	18	
1810	40	
1811	79	
1812	5	92	
1813	12	81	83	84	87	90	
1814	4	9	80	81	84	85	89	99	
1815	8	11	80	81	82	84	85	88	91	98	
1816	10	12	14	82	84	85	87	88	89	91	94	97	100	
1817	13	17	86	87	90	91	93	95	
1818	55	88	91	92	97	
1819	52	54	56	60	64	92	
1820	16	24	51	54	57	58	65	
1821	30	50	52	54	56	58	60	63	
1822	21	23	24	30	44	51	55	56	58	62	68	
1823	20	22	25	37	45	48	49	51	53	55	57	
1824	22	26	43	45	48	49	50	52	54	56	57	61	63	66	
1825	23	27	41	43	45	47	49	52	58	
1826	41	44	46	47	49	51	71	
1827	45	46	48	49	58	
1828	46	51	
1830	58	
1847	87	
1848	83	92	
1849	13	82	83	85	88	
1850	5	13	80	82	84	85	90	
1851	8	10	13	81	82	84	85	87	89	100	
1852	10	15	82	85	86	87	89	90	91	94	
1853	11	13	17	85	86	87	88	89	90	91	94	
1854	87	92	94	97	
1855	87	91	92	96	
1856	24	74	93	
1857	24	53	54	55	60	64	92	
1858	16	23	52	54	57	59	62	
1859	31	51	52	54	55	56	58	58	61	
1860	21	23	24	29	42	45	48	48	49	51	54	57	
1861	25	30	41	44	47	49	50	52	54	56	
1862	42	44	46	47	48	50	
1863	47	49	52	
1869	86	90	
1872	77	
1873	100	
1880	94	
1884	85	89	101	
1885	80	84	87	
1886	13	79	80	81	83	84	87	89	94	102	
1887	5	80	81	83	83	84	86	90	98	
1888	9	81	82	84	85	87	89	92	96	
1889	11	14	81	82	83	84	85	87	88	89	92	94	99	
1890	9	45	83	84	85	86	89	91	95	99	
1891	9	12	15	83	84	85	87	89	90	92	94	98	100	
1892	13	86	87	87	89	90	92	93	95	98	
1893	16	53	55	88	90	91	92	95	98	
1894	16	51	53	54	55	57	58	59	62	64	88	92	
1895	49	50	52	54	56	60	
1896	50	51	53	54	57	67	
1897	44	48	50	
1898	57	
1903	68	
1913	38	
1919	85	
1920	83	
1921	86	88	99	
1922	80	83	87	
1923	79	80	82	85	91	
1924	15	79	80	82	84	85	89	94	102	
1925	14	80	82	83	84	85	89	
1926	8	81	82	83	83	84	86	89	
1927	10	12	14	81	82	84	85	86	89	91	95	
1928	7	12	85	86	88	89	91	94	96	
1929	54	55	87	90	91	93	94	97	
1930	51	52	54	59	87	91	
1943	6	
1947	104	
1952	8	12	
1955	84	
1958	89	
1959	85	89	
1960	80	85	91	101	
1961	10	14	81	83	86	89	
1962	82	83	85	87	87	91	
1963	80	81	82	84	85	87	88	90	
1964	82	84	86	88	89	93	98	99	
1967	45	
1974	95	
1978	29	
1980	94	
1982	15	
1986	25	
1991	87	
1993	88	
1995	83	
1996	83	86	93	
1997	80	84	101	
1998	79	81	83	86	94	94	
2001	76	
2003	65	
2024	93	
2028	10	91	
2029	15	
2030	85	
2031	83	
2033	66	84	90	
2035	49	
2038	91	
2047	62	78	
2067	86	
2069	78	
2088	103	
2090	57	
2098	20	
2120	14	
2138	89	
2154	39	
2156	37	
2166	98	
2212	12	
2220	10	
2255	12	
2258	10	
