16	70	
50	76	
80	48	
112	39	40	
118	83	84	
138	76	
146	28	32	
151	93	
153	88	93	
179	36	
184	90	92	
185	86	88	89	90	92	93	95	
186	11	14	83	85	87	88	89	90	92	94	94	
187	15	82	86	87	89	90	92	95	
188	16	87	90	91	97	
189	18	
214	31	31	31	32	33	
216	52	
217	86	87	89	91	92	94	
218	81	82	83	84	86	87	88	88	89	91	92	93	95	99	
219	80	81	83	83	85	86	87	88	89	90	91	95	100	
220	81	82	83	84	85	86	87	88	89	90	91	92	94	100	
221	7	10	11	13	80	82	83	84	85	86	87	89	90	91	93	96	99	
222	7	12	15	16	17	18	81	83	84	85	87	89	94	
223	16	17	19	21	
229	88	91	93	
230	86	88	91	92	93	98	
231	16	83	87	90	92	95	
248	57	
249	51	52	54	57	
250	49	51	52	55	87	88	89	90	92	94	
251	37	52	57	81	82	83	85	86	87	89	90	91	94	96	98	
252	67	80	81	82	83	83	84	85	86	89	94	100	
253	46	51	80	81	82	84	85	
254	3	6	9	46	79	80	81	84	89	98	
255	7	9	10	11	12	13	14	80	81	82	84	89	
256	3	7	10	11	12	13	13	14	15	16	16	17	19	20	72	80	82	85	93	
257	16	17	18	19	20	21	
260	57	
261	56	
262	51	92	
263	85	87	89	92	99	
264	81	82	84	85	86	87	89	90	92	94	
265	7	10	11	14	18	82	84	85	87	88	90	97	
266	16	17	19	20	
281	56	58	
282	53	55	56	58	60	
283	50	51	53	54	55	87	92	95	
284	49	51	54	66	80	81	83	83	84	85	87	89	90	95	98	
285	58	60	68	80	81	83	85	86	89	94	
286	16	16	17	18	19	43	45	47	51	52	55	56	58	58	60	70	80	81	84	
287	18	19	20	21	24	27	32	42	44	44	45	46	47	47	48	48	49	49	50	55	56	73	
288	27	44	45	46	48	81	83	98	
289	5	7	9	10	11	12	13	14	
290	4	6	8	10	11	12	13	14	14	15	16	17	18	18	19	20	22	23	
291	17	18	19	20	20	21	24	
294	56	58	
295	52	54	57	92	
296	51	52	53	55	87	89	91	93	96	
297	50	80	82	83	85	86	88	88	89	91	95	98	
298	5	6	9	10	12	13	80	80	81	83	84	86	89	98	
299	6	7	10	11	12	14	15	15	16	17	18	18	19	20	69	80	81	83	84	
300	3	17	18	19	20	21	22	
301	22	
314	57	
315	52	56	59	
316	51	52	53	54	55	56	58	92	
317	49	50	51	54	55	81	83	84	86	87	89	90	92	95	
318	79	81	82	84	86	88	90	93	
319	6	8	10	11	12	14	14	15	16	69	79	84	
320	8	16	17	18	18	19	20	20	21	23	25	45	52	53	55	55	56	56	57	58	59	61	63	
321	22	23	23	24	32	45	47	47	49	50	51	51	52	54	55	56	59	
322	32	43	44	45	46	47	48	49	50	
323	4	8	9	10	11	14	14	15	
324	7	8	11	12	13	13	14	15	16	16	17	18	19	22	25	26	73	84	
325	16	17	18	18	19	20	21	22	23	
327	56	58	
328	52	54	56	58	62	
329	51	52	53	55	85	88	91	93	95	
330	49	51	53	81	82	83	85	86	87	89	90	92	95	
331	9	14	79	82	83	84	86	90	93	
332	7	9	10	11	12	13	14	15	16	17	18	18	19	27	69	
333	12	15	15	16	17	18	19	20	20	21	23	24	
334	20	21	22	23	23	
348	57	61	
349	48	51	53	54	56	59	
350	50	51	53	54	85	87	89	90	92	94	
351	48	81	82	84	86	87	88	90	92	95	101	
352	7	9	10	12	14	82	84	
353	7	11	12	13	13	14	15	16	17	17	18	19	19	20	21	23	26	69	
354	18	20	21	22	25	52	56	57	57	58	60	62	
355	23	47	49	50	51	52	52	53	54	55	56	58	60	
356	32	45	47	48	48	49	50	51	
357	5	9	10	12	14	44	
358	4	6	8	10	11	12	12	13	14	14	15	16	17	18	19	23	
359	16	17	18	20	21	22	25	
361	56	58	58	92	95	
362	52	53	55	62	86	88	90	91	92	94	97	
363	51	53	54	82	84	85	87	89	90	91	94	
364	10	14	16	80	81	83	84	85	86	89	95	
365	7	8	10	11	12	13	14	15	16	18	19	71	81	
366	5	11	12	15	15	16	17	18	19	19	20	21	22	24	25	27	70	
367	18	21	22	23	24	25	
381	56	57	
382	52	53	54	55	56	57	59	63	
383	47	49	50	51	52	54	58	91	98	
384	48	50	82	83	84	85	87	88	90	95	99	
385	6	9	10	16	79	80	82	83	85	
386	8	9	10	11	12	13	14	15	15	16	16	17	18	19	19	20	69	
387	4	13	18	19	20	21	22	23	24	
388	53	55	56	57	57	59	61	63	
389	48	50	50	51	52	54	55	55	56	59	
390	45	48	49	49	50	53	
391	5	8	9	10	13	
392	2	3	7	10	11	12	13	14	15	15	16	17	18	18	19	20	21	24	26	71	
393	21	22	23	23	
394	87	90	92	94	
395	53	83	86	87	89	90	92	94	97	
396	53	55	59	81	82	84	85	86	87	89	90	94	96	
397	33	43	45	46	47	49	67	79	81	82	83	85	88	94	98	
398	7	9	11	14	14	16	18	20	80	
399	4	6	8	10	12	13	13	14	15	15	17	18	18	19	20	21	23	26	69	
400	5	17	20	20	21	22	23	25	26	
401	22	
415	56	57	61	
416	52	53	54	56	58	60	63	
417	47	48	50	50	52	53	54	58	84	86	88	91	95	
418	8	13	49	79	81	83	85	90	93	
419	7	9	11	12	14	14	15	16	19	69	
420	5	7	12	14	15	16	17	17	18	19	20	21	21	23	24	27	
421	20	21	22	24	57	
422	52	53	55	56	57	58	60	
423	47	49	50	51	51	52	54	55	58	
424	8	46	48	50	88	91	96	
425	5	6	8	10	11	11	13	14	15	
426	4	6	13	15	17	19	21	24	93	
427	52	54	86	88	89	91	92	94	
428	54	82	85	86	87	89	90	91	93	94	97	99	
429	80	81	82	84	85	86	87	88	90	94	
430	13	15	16	17	19	28	34	43	44	46	60	68	69	79	80	81	84	85	
431	15	17	18	18	19	20	45	47	50	67	79	83	
432	4	7	8	10	11	13	14	17	18	20	21	22	23	26	43	45	
433	12	15	17	19	20	21	22	24	26	
434	21	23	
448	58	
449	53	55	56	57	60	
450	46	47	48	49	51	51	52	53	54	55	59	97	
451	49	50	82	84	86	87	88	90	93	
452	6	9	10	11	13	14	18	82	83	89	
453	2	5	7	10	11	12	13	14	15	15	16	17	17	18	19	20	20	23	25	27	68	
454	20	21	22	24	26	
455	23	56	58	
456	51	52	54	55	56	57	58	59	61	
457	48	49	50	51	52	53	54	55	92	
458	9	48	50	82	86	89	95	
459	6	11	12	15	86	
460	2	8	18	87	90	92	96	
461	80	81	82	83	84	85	86	87	89	90	93	94	98	99	
462	31	80	81	83	84	85	86	87	88	89	91	95	
463	8	9	11	12	14	15	16	17	18	19	69	79	80	83	84	
464	13	14	15	16	17	18	19	19	20	21	22	24	
465	15	20	21	21	22	24	25	26	
466	5	23	24	
467	22	23	
482	56	57	58	61	
483	47	50	51	52	53	54	55	57	60	62	
484	47	48	50	51	52	54	55	85	87	89	91	93	
485	9	48	82	84	85	87	89	93	94	103	
486	7	10	11	12	13	14	15	16	18	68	
487	13	15	16	17	18	19	20	21	24	
488	22	23	
489	56	58	61	
490	51	52	53	54	55	57	60	72	88	92	
491	50	51	53	54	55	81	85	87	89	91	96	
492	50	80	85	87	88	90	95	
493	80	83	97	
494	19	82	83	85	90	
495	9	16	18	80	81	82	83	85	89	
496	9	11	12	14	16	16	17	18	19	19	21	26	42	45	48	68	69	80	84	
497	3	7	11	12	14	15	15	16	17	18	19	20	20	21	24	27	
498	13	20	21	22	23	24	25	
499	22	23	
501	43	
502	43	
515	58	
516	52	56	57	60	
517	46	47	49	50	51	52	52	53	54	55	58	
518	45	47	49	50	51	54	82	84	86	88	89	90	94	
519	9	10	11	13	82	84	89	
520	5	6	8	10	11	12	12	13	14	15	15	16	17	19	19	70	
521	17	17	18	19	20	21	22	23	25	26	
522	56	58	59	
523	50	52	53	53	55	57	92	
524	49	51	51	53	54	55	73	76	82	86	87	89	90	93	94	
525	50	53	54	63	82	83	85	85	87	89	90	92	93	98	
526	82	83	85	90	94	
527	14	46	
528	8	10	14	15	17	18	44	71	79	
529	10	11	13	14	15	16	16	17	19	19	21	25	26	29	40	43	45	69	
530	5	11	13	14	15	17	18	18	19	20	21	22	23	24	
531	15	19	21	22	23	23	25	
532	22	25	
549	57	
550	51	52	53	55	56	56	58	58	59	61	
551	46	47	48	49	50	50	51	52	53	55	
552	43	45	46	49	82	84	88	90	98	
553	7	8	10	11	12	13	14	15	82	84	88	
554	2	11	12	14	15	15	16	17	19	19	24	70	
555	17	18	21	22	23	56	
556	52	55	56	57	59	
557	52	53	53	55	87	89	90	91	93	94	
558	51	54	79	81	84	85	87	89	90	91	95	
559	51	55	68	80	81	83	83	84	88	91	94	
560	9	20	68	81	
561	8	10	12	14	15	16	17	19	41	43	47	72	
562	7	10	11	13	13	14	15	15	16	17	18	19	20	21	22	27	44	69	
563	12	15	18	18	19	20	20	21	22	24	26	
564	21	22	23	24	25	
565	22	
583	57	58	
584	52	52	53	55	55	56	56	57	57	59	60	62	
585	45	46	47	48	49	49	50	50	51	51	52	53	53	54	55	
586	10	43	45	47	48	49	87	
587	5	7	9	10	11	12	13	14	16	
588	8	11	12	13	14	15	16	19	21	24	
589	18	22	53	56	88	90	91	92	97	
590	52	54	56	61	82	85	87	89	90	92	93	95	
591	53	53	55	79	81	82	83	84	85	86	87	88	89	91	95	
592	81	82	83	84	85	87	89	94	
593	16	19	41	45	47	69	79	81	88	
594	8	10	11	12	13	14	15	16	17	18	19	21	45	70	
595	7	11	12	14	15	16	17	19	19	20	21	22	23	25	26	43	69	
596	15	18	19	20	21	22	23	24	
597	21	23	24	
598	23	
617	57	
618	52	52	53	54	55	56	57	57	58	59	61	
619	42	46	47	48	49	50	51	52	53	53	54	54	55	58	62	
620	44	45	45	46	46	47	49	49	
621	5	6	8	9	11	14	44	49	
622	6	12	15	82	85	86	89	91	93	100	
623	53	82	83	84	85	85	86	87	88	89	90	92	94	
624	38	80	81	82	83	84	85	86	88	88	89	91	93	95	100	
625	16	68	79	80	81	82	84	85	86	88	93	
626	8	11	13	15	16	44	80	81	84	
627	9	11	12	14	15	16	17	17	18	18	19	20	26	42	44	70	
628	11	13	14	15	16	17	18	18	19	20	21	23	23	25	70	
629	13	17	20	21	22	22	24	
630	22	23	24	
652	51	52	53	54	55	56	57	57	58	58	60	61	
653	31	48	50	51	51	52	53	53	54	55	56	57	59	60	
654	32	44	45	46	47	48	49	49	50	51	52	54	56	
655	8	44	45	46	48	49	
656	2	80	82	83	85	88	98	
657	17	80	81	82	84	85	87	89	96	98	
658	13	16	18	42	48	66	80	81	82	84	85	
659	10	14	16	17	19	20	41	45	46	69	80	84	
660	7	10	11	13	13	14	15	16	17	18	18	19	19	20	45	69	
661	4	7	12	14	15	17	19	20	21	21	23	23	24	27	44	
662	5	21	22	23	24	25	
663	22	25	
686	53	55	56	57	58	59	97	
687	34	37	51	52	53	54	55	55	56	56	57	59	60	62	
688	31	44	45	47	47	48	48	49	50	50	51	52	54	55	56	58	
689	29	42	44	45	46	46	47	48	49	50	51	
690	45	46	47	70	
691	9	20	81	83	
692	6	9	11	13	13	14	16	17	18	19	20	23	27	46	68	70	80	84	
693	8	11	12	14	15	17	17	19	20	20	21	23	26	
694	12	15	18	19	20	21	22	24	24	25	45	
695	22	23	25	
721	52	53	54	55	56	57	58	59	60	62	
722	30	34	43	47	49	50	51	51	52	54	55	56	56	57	59	60	
723	28	43	45	46	47	48	49	49	50	51	53	55	56	68	74	
724	9	30	42	44	45	46	47	48	49	50	64	66	72	
725	6	9	10	11	12	13	14	15	16	19	21	25	44	45	48	69	
726	10	12	14	15	15	16	18	18	19	20	20	21	22	24	28	28	68	71	
727	12	15	19	20	21	22	23	23	24	
728	24	
755	58	
756	52	54	55	58	60	65	
757	32	34	51	54	55	60	
758	9	24	45	51	53	58	
759	10	12	14	22	24	25	28	45	
760	5	12	15	20	22	23	23	24	
761	22	
793	24	
1157	93	
1172	72	
1173	36	
1181	46	
1194	22	
1204	68	
1206	13	
1208	34	
1210	37	
1213	44	
1214	48	
1227	41	
1233	20	42	
1236	29	52	
1238	44	
1240	79	
1244	37	
1261	98	
1267	36	
1268	42	
1273	43	
1274	25	86	
1275	46	
1278	90	
1279	21	
1280	95	
1282	37	
1293	19	
1297	40	
1300	17	
1302	30	
1305	42	
1306	19	
1307	37	47	49	58	
1308	44	47	
1309	46	47	50	58	
1310	44	46	
1312	60	
1317	39	
1318	24	
1323	4	
1327	102	
1336	86	
1338	16	46	
1339	16	43	46	
1340	16	18	19	25	42	47	
1341	17	19	20	26	42	45	47	51	57	60	69	
1342	20	21	41	45	46	48	49	51	56	57	60	67	69	
1343	20	22	25	40	44	46	47	49	51	55	59	66	
1344	27	44	47	49	50	
1346	91	
1347	17	
1350	41	
1351	48	51	
1352	46	
1353	46	
1354	62	
1355	61	
1356	53	
1362	87	
1368	41	
1369	48	
1370	29	29	30	30	30	
1372	11	17	21	29	40	
1373	9	12	14	17	18	19	22	
1374	11	14	16	17	18	18	19	20	22	23	43	49	70	
1375	16	17	18	19	20	21	22	24	45	50	58	61	
1376	20	21	22	25	27	36	45	50	52	54	56	57	59	
1377	21	23	24	28	45	46	47	49	50	51	52	54	55	58	
1378	44	45	46	47	48	49	50	52	53	59	
1379	45	47	
1382	21	
1383	80	
1384	16	
1385	16	18	21	46	68	
1386	19	21	27	41	43	46	48	49	56	58	
1387	44	46	49	61	68	
1388	46	48	56	
1405	8	12	16	19	
1406	9	11	13	14	15	16	17	19	20	22	41	69	
1407	11	13	14	15	16	18	19	20	21	23	23	70	
1408	14	18	19	20	21	22	23	25	
1409	4	21	22	24	25	
1410	22	24	53	54	55	56	56	57	58	59	60	63	73	
1411	47	48	49	50	51	52	52	53	54	55	57	60	
1412	37	44	45	46	47	48	48	49	50	52	53	55	
1413	28	49	
1415	26	
1416	17	
1417	10	16	
1418	11	14	16	18	20	
1419	16	17	19	19	21	26	42	60	70	
1420	18	20	21	23	24	26	44	48	49	51	52	53	54	56	57	58	60	62	
1421	22	27	44	45	48	48	49	50	51	53	55	61	
1422	50	
1425	56	
1437	43	
1438	11	14	17	
1439	8	9	10	11	14	16	19	25	
1440	6	11	13	14	15	16	17	18	19	20	21	22	25	57	
1441	21	22	23	24	
1442	23	25	87	88	90	91	92	95	
1443	12	83	86	87	89	90	91	93	95	
1444	16	17	20	53	56	57	57	59	60	62	88	92	
1445	32	48	50	51	52	52	54	54	55	56	58	60	
1446	44	46	47	48	48	49	50	51	52	53	54	61	
1447	44	
1448	55	
1450	9	
1451	10	13	67	
1452	7	10	12	13	14	14	16	17	19	20	22	27	
1453	12	16	17	18	19	20	21	22	23	45	56	58	59	
1454	21	22	24	51	51	52	54	55	56	61	
1455	49	51	53	55	57	91	97	
1456	54	
1463	39	
1466	102	
1470	15	
1471	14	
1472	8	11	14	17	19	
1473	9	10	11	13	13	15	16	17	18	18	19	22	25	26	57	69	
1474	13	17	19	20	22	24	56	60	
1475	22	49	51	53	55	86	88	91	92	96	
1476	9	13	81	82	85	86	87	89	91	94	99	
1477	6	9	10	12	13	14	15	16	80	80	81	82	84	85	87	89	95	99	
1478	12	15	16	17	19	37	56	57	58	60	82	84	86	90	102	
1479	17	18	20	23	33	47	48	51	52	53	53	54	55	55	56	57	59	62	
1480	45	46	47	48	49	50	51	54	59	
1481	45	48	64	
1482	19	44	55	
1483	23	47	
1484	6	10	16	24	46	68	
1485	7	8	10	12	14	15	16	17	18	18	20	24	72	
1486	11	13	14	15	15	16	17	18	18	19	20	21	24	45	57	68	
1487	21	23	23	25	51	52	54	55	56	58	
1488	50	52	53	54	59	87	90	91	95	
1489	50	53	81	83	85	86	89	90	94	
1494	8	
1496	76	
1497	8	
1499	2	
1501	38	
1502	11	
1503	39	
1504	10	
1505	9	13	14	16	18	21	
1506	6	9	11	13	14	15	16	17	19	21	58	72	
1507	5	7	13	15	17	17	18	19	20	22	24	26	56	
1508	22	24	50	52	53	54	55	58	93	
1509	50	55	81	82	85	86	87	89	90	94	
1510	8	79	80	82	84	88	89	91	
1511	6	9	10	12	14	14	79	81	85	93	
1512	6	8	12	13	15	16	16	19	23	56	56	57	58	60	62	81	84	87	89	
1513	17	18	20	22	52	53	55	56	57	59	
1514	44	46	47	48	49	50	51	52	54	55	
1515	42	45	59	
1516	41	
1517	12	16	17	18	20	41	68	
1518	6	9	11	13	14	17	19	21	23	26	31	49	71	
1519	11	13	13	15	17	18	18	19	21	22	24	26	43	69	
1520	5	20	21	22	23	25	55	57	59	62	81	
1521	50	51	53	53	54	55	88	91	93	96	
1522	34	50	54	83	85	86	88	89	92	94	
1523	54	79	81	85	89	94	
1524	89	
1525	99	
1534	38	
1538	9	13	15	
1539	9	11	12	13	14	16	18	19	24	
1540	7	11	12	15	16	17	17	19	20	21	22	23	37	56	57	69	
1541	21	22	24	48	52	53	54	55	56	61	
1542	49	50	52	55	86	89	90	93	96	
1543	51	79	80	82	83	85	87	89	98	
1544	8	81	85	
1545	9	12	13	15	16	
1546	6	8	12	13	14	15	17	19	20	23	57	58	60	80	84	84	101	
1547	17	18	20	21	22	25	46	48	52	54	55	56	57	60	
1548	45	46	48	49	50	52	53	55	88	89	96	
1549	45	46	64	
1550	10	13	15	16	18	20	45	71	
1551	10	13	14	16	17	19	20	21	24	45	71	
1552	9	12	14	15	18	20	21	22	24	44	49	
1553	22	24	57	59	
1554	51	52	53	53	54	55	60	92	
1555	51	55	58	82	85	86	88	89	90	95	
1556	53	59	81	82	84	85	88	88	
1557	81	85	
1572	8	9	11	13	15	18	
1573	5	7	9	10	11	12	14	15	17	18	19	56	57	
1574	13	15	17	18	19	20	22	23	25	52	52	54	56	59	90	
1575	22	49	50	51	53	54	56	88	90	92	97	
1576	49	52	53	81	83	83	85	87	88	92	
1577	80	88	100	
1578	8	16	29	
1579	5	8	9	11	12	14	15	16	18	19	
1580	7	13	15	15	16	17	18	19	19	20	22	24	26	56	57	59	61	70	
1581	18	21	22	24	32	34	36	46	48	50	51	52	53	55	62	
1582	43	44	45	47	49	50	84	
1583	9	12	14	18	39	48	65	67	69	
1584	9	11	12	14	15	16	19	20	22	23	27	44	
1585	20	21	22	24	27	69	
1586	23	25	92	
1587	55	83	86	87	89	90	91	95	
1588	52	54	55	58	82	83	85	87	88	89	90	90	93	94	96	100	
1589	80	82	83	84	86	89	92	94	
1590	80	84	97	
1605	10	14	
1606	6	6	9	11	12	14	15	16	20	58	
1607	4	7	12	13	14	15	16	17	18	19	21	22	24	27	35	52	56	57	60	68	
1608	20	22	22	23	25	46	48	50	51	52	53	53	54	58	61	
1609	49	51	82	86	87	89	90	93	97	
1610	50	54	79	81	84	86	93	
1612	6	8	11	24	
1613	5	6	9	10	11	13	13	14	15	16	18	18	19	24	
1614	12	15	16	16	17	19	20	21	22	24	34	55	57	61	
1615	21	23	50	52	54	55	56	59	
1616	44	45	49	64	66	
1617	11	13	15	24	43	45	49	57	
1618	20	22	25	52	56	58	59	
1619	23	50	52	53	53	55	88	
1620	83	85	86	88	89	91	93	94	97	98	
1621	80	81	82	83	84	85	88	89	90	97	98	
1622	80	81	82	84	85	86	90	
1623	79	81	84	87	89	
1624	85	89	
1625	14	28	
1634	33	
1638	9	
1639	5	9	11	14	16	22	
1640	7	10	11	12	13	14	15	16	17	18	19	56	57	
1641	16	17	18	19	20	22	24	52	53	56	57	58	60	
1642	23	37	46	47	48	49	51	52	53	55	62	96	
1643	44	46	50	54	80	81	83	83	84	86	89	91	
1644	84	91	
1645	13	82	84	
1646	7	9	11	14	15	16	17	19	20	44	
1647	6	9	11	12	13	13	14	15	16	17	18	19	20	22	23	28	81	
1648	3	16	17	18	19	20	21	22	23	25	
1650	57	73	
1651	25	52	53	55	56	
1652	51	52	54	58	87	91	93	95	98	
1653	53	53	55	82	83	85	86	88	89	90	91	93	93	95	
1654	80	80	81	83	84	85	87	91	
1655	57	80	83	85	
1656	80	83	
1657	84	
1672	6	8	13	19	68	
1673	8	10	11	13	14	18	20	
1674	6	11	12	14	14	15	16	16	17	18	19	20	21	22	23	56	56	57	61	
1675	19	20	22	24	47	51	52	52	54	55	55	56	59	
1676	23	44	46	47	48	49	50	52	54	86	89	93	94	
1677	47	80	85	88	
1678	9	16	19	
1679	10	14	17	18	70	
1680	8	10	11	13	13	14	16	17	19	20	22	24	55	
1681	6	10	12	14	15	16	17	18	19	20	21	22	24	25	26	
1682	21	22	23	25	57	
1683	57	
1684	52	53	55	93	
1685	52	54	56	60	86	87	89	90	91	92	93	95	
1686	54	80	81	82	83	84	85	87	89	90	92	94	97	
1687	79	80	81	83	83	84	86	90	100	
1688	82	87	100	
1689	83	103	
1693	32	
1702	9	
1703	75	
1704	2	
1706	9	23	
1707	5	7	9	11	12	13	13	14	15	16	17	19	24	
1708	8	12	13	16	16	17	18	18	19	20	25	53	56	57	58	58	60	70	
1709	17	18	20	21	23	46	47	50	51	52	53	54	55	57	59	
1710	43	44	46	48	49	50	52	53	82	86	90	
1711	48	86	
1712	10	13	17	43	44	70	
1713	7	8	10	12	13	14	15	16	18	18	20	24	27	71	
1714	12	13	15	16	17	18	18	19	20	22	23	69	
1715	20	21	22	24	26	56	74	80	
1716	22	
1717	52	53	54	55	56	58	87	88	91	93	95	
1718	51	54	58	82	83	85	86	86	87	89	90	91	94	97	
1719	80	81	82	83	84	85	86	88	89	92	99	
1720	80	81	82	84	85	89	
1721	80	87	91	
1722	97	
1724	59	
1727	21	22	22	
1736	23	
1740	5	8	11	14	16	
1741	4	6	9	10	11	12	13	14	15	16	19	25	
1742	13	16	17	17	19	19	20	22	24	34	53	55	56	57	58	58	59	60	62	
1743	18	21	22	47	50	51	51	52	53	54	55	56	59	60	
1744	38	44	45	46	47	48	48	49	50	52	63	63	66	81	
1745	43	45	46	
1746	4	8	8	11	13	14	15	16	18	19	20	25	43	70	
1747	11	13	13	14	15	17	19	20	21	23	24	43	70	
1748	21	22	23	23	25	56	
1749	22	53	56	59	92	
1750	52	54	59	87	88	90	92	95	
1751	53	81	82	84	85	86	87	89	90	92	94	97	98	
1752	79	80	81	82	83	84	85	87	89	91	93	95	
1753	80	81	83	84	89	98	
1754	82	84	
1755	86	
1756	83	
1765	77	
1767	86	
1771	43	
1774	5	11	13	
1775	4	8	10	11	12	13	14	15	18	20	23	26	
1776	12	15	15	16	17	18	19	20	21	23	34	57	61	
1777	18	21	22	51	52	54	54	55	57	59	61	
1778	42	44	45	46	49	50	54	56	
1779	4	10	13	15	25	26	28	44	48	48	65	69	
1780	11	14	15	18	19	20	22	24	44	72	
1781	20	21	23	24	25	56	59	
1782	22	25	54	
1783	51	53	58	83	86	86	88	90	91	92	93	96	100	
1784	53	56	59	81	82	82	84	85	86	87	89	90	92	93	96	99	
1785	79	80	81	82	84	85	86	88	90	
1786	81	83	86	92	
1787	80	84	88	
1788	32	
1803	8	
1807	9	85	
1808	9	14	
1809	5	6	8	10	11	12	14	15	19	
1810	7	12	13	14	15	15	16	19	82	87	91	93	
1811	16	17	18	18	20	23	
1814	23	25	61	
1815	51	52	55	58	88	90	91	93	
1816	53	54	62	83	85	86	87	89	90	91	93	94	96	
1817	80	81	82	83	84	85	86	88	90	95	
1818	80	81	82	83	84	85	87	89	
1819	79	83	86	
1820	84	
1821	8	
1823	8	
1830	19	
1842	9	
1843	3	8	10	12	13	15	
1844	7	9	10	11	12	13	14	15	18	18	82	84	87	91	94	
1845	13	15	16	17	18	20	23	24	82	85	87	91	92	94	
1846	17	57	
1847	56	59	
1848	51	53	55	88	90	91	92	95	
1849	53	53	55	82	83	85	86	87	89	90	92	98	
1850	80	81	82	84	85	86	87	89	91	100	
1851	80	81	83	85	89	94	
1852	81	84	
1853	81	86	
1859	57	
1876	18	
1877	9	13	19	
1878	5	7	9	10	12	14	15	19	82	85	91	
1879	7	10	12	13	13	15	20	81	82	84	85	87	88	90	91	92	94	99	
1880	53	83	86	87	87	89	90	90	91	93	93	95	97	
1881	51	52	54	88	90	91	92	94	96	98	
1882	53	54	60	81	82	84	85	86	87	89	90	92	93	95	98	
1883	79	80	81	83	84	85	88	88	90	96	99	
1884	79	81	83	85	91	99	
1885	81	84	
1890	42	97	
1892	3	
1894	4	
1897	37	
1912	4	11	14	
1913	7	9	11	13	15	81	82	83	85	87	88	91	94	98	
1914	80	81	81	82	83	84	84	85	87	88	89	91	100	
1915	80	81	82	83	83	84	85	86	88	89	90	92	94	102	
1916	79	80	82	84	85	89	91	95	
1917	83	86	96	
1918	85	
1943	9	
1946	93	
1947	82	84	
1948	78	79	80	81	84	93	101	
1949	79	81	82	84	95	98	
1950	79	81	83	88	88	
1957	3	
1961	1	
1974	97	
1981	91	
1982	87	
2012	56	
2019	96	
2041	68	
2045	90	
2075	37	
2089	14	
2108	89	
2114	37	
2123	2	
2126	7	
2134	52	
2146	96	
2175	97	
2180	18	
2184	11	
2187	5	
2189	8	
2222	9	
2225	99	
2227	14	24	
2254	10	
