47	56	57	
79	47	
110	52	
118	92	
146	28	29	
150	88	91	93	98	
151	10	87	88	90	91	92	95	98	100	
152	13	86	90	91	91	92	94	96	
153	87	92	93	97	
154	18	92	
181	58	
182	51	57	93	
183	53	87	90	91	93	95	97	
184	82	83	85	86	87	89	90	91	92	94	97	
185	10	81	82	84	85	86	87	89	90	91	93	93	95	98	
186	10	12	13	82	83	84	85	86	87	88	90	91	92	96	98	102	
187	7	10	15	82	85	86	88	88	90	91	92	95	97	100	
188	13	16	18	82	85	87	88	90	91	92	95	100	
189	16	17	
213	57	
214	56	57	
215	51	52	54	55	56	63	
216	50	52	54	57	87	91	92	95	102	
217	52	53	81	83	84	85	87	88	88	89	90	91	93	95	99	
218	80	81	82	84	85	86	87	89	90	91	94	100	
219	43	80	81	82	83	84	85	87	88	89	
220	4	6	10	46	80	81	84	84	85	87	88	89	92	99	100	100	
221	9	11	13	13	15	80	81	82	83	84	85	87	89	90	93	100	
222	8	10	11	12	14	15	16	19	81	82	84	85	86	88	90	95	98	
223	13	16	17	18	19	21	23	83	93	96	
224	17	
247	56	57	
248	51	52	56	59	
249	49	51	52	53	55	90	91	97	99	
250	48	51	53	54	59	81	82	84	85	86	87	88	89	90	92	94	96	99	
251	36	61	67	81	82	84	85	87	89	91	99	
252	16	17	19	43	45	47	52	57	59	68	81	83	85	
253	20	26	44	45	46	47	48	49	52	56	81	84	
254	44	46	47	71	80	83	
255	5	9	10	13	81	82	84	89	98	
256	1	5	7	8	10	11	11	12	14	14	15	16	18	21	81	82	84	86	88	95	99	
257	13	15	16	17	17	19	19	21	23	86	88	
258	16	18	22	
280	56	58	
281	52	56	57	62	
282	48	50	51	52	53	55	56	58	
283	49	51	53	55	81	83	84	85	87	88	90	91	93	97	102	
284	10	48	80	82	83	83	85	85	87	88	89	92	94	99	
285	11	15	16	17	17	19	20	61	68	81	84	103	
286	16	17	18	19	20	20	21	25	27	35	45	45	47	51	53	55	56	56	57	58	59	61	70	78	
287	20	21	22	44	45	46	47	48	48	49	50	50	51	53	54	56	57	59	
288	43	44	45	46	47	48	48	49	50	
289	4	7	9	13	25	44	46	
290	5	6	8	9	10	11	12	13	14	15	17	18	19	
291	1	7	12	13	15	16	17	18	19	20	21	22	23	27	84	
292	17	18	20	21	
297	93	
298	92	96	
299	17	
314	56	57	63	
315	48	50	51	52	53	54	55	56	57	59	62	
316	48	50	50	51	52	54	87	89	91	93	93	96	100	
317	50	81	84	86	87	89	90	93	93	97	
318	7	8	9	11	13	15	80	81	85	90	
319	7	11	12	13	15	15	16	17	18	18	19	20	24	69	
320	18	19	20	21	22	22	23	24	25	55	56	57	58	60	
321	23	25	33	37	48	49	50	51	52	53	53	54	55	56	57	59	60	63	
322	44	46	47	49	49	50	51	54	
323	9	14	48	
324	4	6	8	10	11	12	13	13	14	15	15	16	19	23	83	
325	11	15	16	17	17	18	19	20	20	21	24	27	
326	18	23	
328	56	
329	88	93	97	
330	87	91	92	94	96	
331	9	83	86	88	89	90	91	93	94	97	
332	11	83	85	86	87	88	90	91	92	93	95	98	100	
333	13	17	83	86	87	90	92	93	94	96	100	
334	16	91	92	96	
335	16	17	
347	57	
348	53	55	56	57	59	
349	46	47	49	50	51	52	54	58	93	
350	46	49	50	52	53	81	82	84	85	87	88	90	91	95	
351	9	13	81	84	85	87	89	92	
352	8	10	10	11	12	13	14	14	15	16	16	18	19	26	71	
353	5	8	12	15	16	17	17	18	19	19	20	21	21	22	24	25	26	
354	22	23	25	56	56	57	59	
355	50	51	52	53	53	54	55	56	57	58	59	62	
356	45	47	48	48	49	50	51	52	54	
357	6	8	9	44	49	
358	4	7	9	10	11	11	12	13	13	14	15	15	16	19	23	
359	7	12	15	16	17	18	20	21	22	24	
360	93	
361	57	92	
362	87	91	92	94	97	
363	83	87	88	89	90	92	93	94	96	
364	81	82	85	86	87	88	89	90	92	93	95	99	
365	81	82	84	85	86	87	89	90	91	92	94	97	99	
366	6	10	14	81	82	84	85	86	88	89	92	93	
367	7	9	11	14	16	19	81	82	83	84	85	86	87	88	89	91	94	96	98	101	
368	7	10	11	12	13	15	16	17	18	18	19	69	82	83	84	85	87	88	90	100	
369	17	19	20	21	
381	56	57	60	
382	35	47	51	52	53	54	54	55	56	57	58	60	
383	47	49	50	50	51	52	53	54	60	91	
384	48	49	80	83	84	85	88	88	90	95	102	
385	6	8	9	10	12	14	80	83	86	
386	5	7	10	11	12	12	13	13	14	15	16	17	18	19	20	69	
387	17	18	20	20	21	22	24	28	
388	56	57	58	60	
389	47	49	51	51	52	53	54	55	56	57	59	61	
390	45	46	47	48	49	50	51	51	53	
391	6	9	45	46	48	50	
392	5	6	8	9	11	11	12	14	15	15	19	
393	7	12	13	15	17	21	23	83	86	92	96	
394	87	90	91	93	95	98	
395	57	86	88	90	91	92	94	97	100	
396	54	83	84	86	87	88	88	89	91	92	94	95	97	101	
397	81	82	84	85	86	89	90	92	94	98	99	
398	80	81	82	83	84	85	86	88	89	91	95	99	
399	16	37	41	46	80	81	83	84	85	89	
400	8	10	15	17	18	40	46	82	83	84	86	88	98	
401	8	9	10	11	12	13	14	15	16	19	20	69	80	81	82	84	100	
402	11	12	15	15	16	17	18	19	19	20	21	22	24	26	70	84	
403	3	20	21	22	25	27	
415	56	56	57	59	61	
416	34	46	48	51	52	53	53	54	55	56	57	58	60	62	
417	46	48	49	50	51	53	54	55	85	88	89	90	95	101	
418	31	49	82	86	90	94	
419	7	8	9	11	14	14	15	84	104	
420	7	11	12	13	14	15	15	16	17	18	18	19	20	21	25	26	71	
421	18	20	21	22	22	24	26	
422	53	56	57	57	58	61	
423	34	51	51	52	52	54	54	55	56	57	59	61	
424	45	46	47	49	50	51	52	53	54	55	
425	46	48	50	
426	7	8	10	11	13	14	15	86	95	
427	3	12	82	85	86	89	90	92	93	96	99	
428	83	85	86	87	88	89	90	91	92	95	98	100	
429	81	82	84	85	86	87	88	89	90	91	92	93	96	100	
430	47	80	81	83	84	85	86	88	89	91	96	100	
431	80	81	83	84	85	87	89	
432	14	16	19	45	81	83	87	
433	16	17	18	19	20	22	29	42	45	47	51	64	68	72	84	89	
434	9	12	14	16	17	18	19	20	21	21	23	26	44	45	47	49	51	64	68	
435	5	7	9	10	11	13	14	14	15	17	19	20	21	21	22	24	27	44	45	68	
436	5	13	15	18	19	20	21	21	22	24	25	28	
437	23	
444	90	
448	58	
449	35	52	53	56	57	58	60	
450	46	47	48	50	50	51	52	54	54	55	62	
451	46	48	49	51	53	84	87	90	94	
452	10	85	89	97	
453	4	6	8	9	10	11	12	14	14	15	18	19	20	
454	8	11	12	13	14	15	15	16	16	17	18	18	19	20	21	22	24	27	
455	20	21	22	23	
456	53	56	57	60	
457	49	50	51	52	53	54	55	55	56	58	58	60	62	
458	49	50	51	52	54	91	
459	49	
460	5	12	94	
461	81	82	83	85	87	88	92	97	103	
462	81	82	84	85	86	89	91	94	98	
463	16	80	81	83	83	84	85	89	91	95	102	
464	16	18	20	46	67	81	84	
465	12	14	16	17	18	19	22	29	40	43	45	47	49	65	68	70	84	
466	7	10	12	13	14	16	17	18	19	19	20	21	29	44	45	70	
467	8	10	12	13	14	15	17	19	19	20	21	21	23	23	25	44	49	68	83	
468	9	20	21	22	22	23	24	
469	4	22	23	24	
470	22	24	
482	57	58	
483	35	36	52	52	53	54	55	56	57	57	59	60	
484	46	47	48	49	50	51	51	52	53	54	54	55	58	
485	45	46	48	48	49	50	54	84	87	89	95	
486	8	14	83	88	90	
487	6	9	10	11	12	13	14	15	15	17	19	26	
488	2	12	16	17	18	19	20	21	23	24	26	
489	18	22	23	57	
490	52	53	55	57	58	61	
491	50	51	52	54	55	58	91	93	97	
492	51	54	86	87	88	90	91	93	94	97	99	
493	91	
494	66	
495	17	18	84	91	
496	19	26	47	84	88	
497	7	10	17	18	20	43	46	69	82	88	
498	7	10	11	13	14	15	16	17	17	18	19	19	20	21	22	26	41	44	69	83	
499	11	13	13	15	19	20	20	21	22	23	23	24	28	45	50	65	
500	14	19	20	21	22	22	23	24	25	26	
501	2	21	22	24	25	
502	22	24	
516	57	58	
517	51	52	53	54	55	56	57	59	61	
518	46	47	47	49	50	50	51	52	52	53	54	55	58	
519	45	46	48	49	51	85	91	95	
520	9	11	13	83	
521	9	10	11	12	14	15	15	16	18	19	
522	8	13	16	17	20	21	22	23	23	
523	53	56	57	59	
524	51	52	53	54	55	57	88	91	93	95	
525	50	51	53	55	81	84	85	86	88	88	90	91	93	95	
526	55	81	83	83	85	86	87	89	90	95	
527	31	86	102	
528	14	48	
529	17	67	84	
530	9	12	13	15	16	17	18	18	19	20	26	43	44	45	46	49	50	65	69	
531	7	10	11	12	13	14	15	15	17	18	19	19	20	21	21	22	23	27	44	69	
532	14	15	17	19	20	21	21	22	24	25	27	45	
533	22	23	25	73	
534	23	23	
541	88	88	89	
550	57	
551	35	52	52	53	54	55	55	56	56	57	57	58	59	61	
552	46	47	48	49	50	50	51	52	54	55	57	59	
553	8	44	45	46	47	48	49	
554	9	10	11	13	48	
555	5	7	9	10	11	12	13	14	15	15	16	19	20	23	26	
556	17	21	22	25	57	
557	52	54	56	60	92	95	
558	50	52	53	54	85	87	89	90	91	93	95	99	
559	55	80	81	82	83	85	86	89	90	92	94	99	
560	81	84	86	89	93	100	
562	9	12	14	17	18	19	67	69	
563	6	9	11	12	13	13	14	15	16	17	18	19	19	20	28	43	45	69	
564	12	14	15	17	18	19	20	20	21	22	23	24	27	
565	20	21	22	23	23	24	25	
566	22	24	
570	24	24	25	
584	57	58	
585	51	52	52	53	54	55	56	56	56	57	58	58	60	61	
586	45	46	47	47	48	49	50	50	51	51	52	53	54	54	55	56	58	
587	42	44	44	45	45	46	47	49	49	51	
588	9	11	14	
589	7	9	11	12	13	15	19	
590	53	57	82	86	87	90	92	94	97	
591	52	54	82	83	84	85	86	88	89	90	91	93	94	96	100	
592	52	54	81	82	84	85	86	87	88	90	91	95	98	
593	48	81	82	83	85	87	88	98	
594	12	46	85	
595	8	10	12	13	15	17	20	69	
596	7	10	11	12	14	15	15	16	16	17	17	18	18	19	20	20	22	24	27	45	68	70	
597	13	18	19	20	21	22	22	24	25	26	29	
598	20	21	22	23	23	25	74	
599	24	
618	57	
619	53	54	55	56	57	57	58	60	61	
620	36	46	47	50	50	51	51	52	53	54	55	56	59	
621	37	44	45	46	46	47	48	49	50	50	52	
622	15	45	48	
623	2	4	7	11	85	
624	46	81	82	84	85	86	89	92	94	101	
625	47	55	59	81	82	83	84	85	86	88	89	91	95	99	
626	55	81	82	84	85	103	
627	9	17	46	68	
628	9	11	13	15	16	18	19	20	26	44	47	67	
629	8	10	11	12	14	14	15	16	17	18	19	19	20	21	23	28	29	43	45	69	
630	2	13	15	17	18	19	20	21	21	22	24	25	
631	22	23	24	
652	58	
653	35	52	55	55	56	57	57	59	61	
654	48	51	51	52	52	53	54	55	55	56	57	57	58	59	62	
655	31	42	44	45	46	47	49	49	50	51	52	53	54	56	59	66	71	
656	38	42	44	44	45	46	47	48	49	50	56	57	59	67	
657	16	19	20	37	39	44	45	46	48	49	56	56	57	60	83	
658	18	19	19	21	34	43	43	44	45	46	47	48	48	49	51	57	66	68	70	81	83	
659	18	20	22	38	44	45	46	47	48	48	51	62	64	71	81	84	
660	9	14	18	19	42	44	45	47	49	68	
661	10	11	14	15	16	19	20	26	68	68	
662	8	8	11	12	13	14	15	15	16	17	18	18	19	20	20	21	22	23	27	
663	5	11	13	15	19	20	21	22	22	23	24	25	26	
664	21	22	25	
688	35	51	52	54	55	56	58	59	60	
689	48	50	51	52	54	55	60	68	
690	44	45	49	50	58	59	67	
691	19	20	23	23	26	44	49	52	56	57	59	61	65	
692	21	21	22	23	24	25	45	50	51	52	54	55	56	59	69	
693	22	23	24	26	45	46	47	48	49	50	51	54	63	72	
694	13	21	24	43	45	47	48	64	
695	4	7	9	11	13	14	16	20	22	23	23	24	73	
696	16	18	19	21	22	23	24	27	
697	21	23	
723	54	
724	25	
725	24	
726	24	51	53	55	57	59	62	
727	32	51	60	
728	23	45	49	66	
729	12	13	19	25	26	44	56	66	
730	20	23	56	67	
731	22	49	
734	11	44	
735	26	83	
761	55	
763	5	
767	24	
768	24	
1162	45	
1175	75	
1183	93	
1199	42	
1201	68	
1204	28	60	
1205	11	
1207	28	50	
1211	37	
1219	100	
1225	12	
1226	46	
1229	58	
1237	54	
1239	46	
1240	12	
1242	50	
1246	39	
1249	56	
1250	64	
1267	54	
1269	26	69	
1271	18	46	
1272	22	
1273	26	48	49	
1274	44	
1275	49	66	
1276	50	
1282	10	
1295	56	
1301	33	35	
1302	42	
1305	20	67	
1306	16	18	18	20	22	28	40	43	45	47	50	
1307	20	22	26	40	44	45	47	48	50	53	55	56	57	58	60	63	66	70	
1308	22	25	26	31	44	45	46	47	48	49	51	56	
1309	43	45	46	48	49	68	
1310	43	45	46	49	58	68	
1311	48	48	
1313	91	
1319	44	
1322	5	
1323	15	
1337	18	
1338	8	11	14	16	19	
1339	12	14	15	16	18	18	19	21	23	43	45	68	
1340	16	17	18	19	21	24	26	45	51	57	59	65	
1341	20	21	22	23	34	44	45	48	50	53	55	57	58	58	60	69	
1342	21	22	23	40	44	48	49	51	52	55	56	57	58	60	
1343	22	23	32	44	45	46	48	49	50	51	53	54	55	57	59	67	
1344	43	44	46	47	49	50	51	
1345	49	54	
1347	56	
1351	16	
1363	6	
1370	9	13	16	
1371	9	15	17	19	45	68	
1372	10	11	13	14	15	16	16	17	18	19	20	25	26	
1373	7	11	12	14	15	16	17	19	19	20	22	24	
1374	18	20	21	22	23	23	24	
1375	23	24	25	55	58	
1376	24	35	52	55	56	56	57	58	60	65	75	102	
1377	25	50	51	51	52	53	54	55	57	59	
1378	45	46	46	47	48	49	51	52	53	55	59	
1379	43	45	47	48	50	
1382	53	
1383	10	60	
1388	56	
1390	8	
1403	14	
1404	9	18	25	
1405	10	11	13	14	15	17	18	20	25	68	
1406	8	10	11	13	13	15	17	17	19	20	22	23	24	27	70	
1407	20	21	23	23	25	27	
1408	22	92	
1409	91	92	97	
1410	16	56	57	62	
1411	51	52	53	54	55	55	56	57	58	60	
1412	45	46	47	48	49	49	50	51	52	53	54	55	57	
1413	45	46	49	50	52	55	64	
1414	49	56	
1415	26	
1417	33	
1418	37	48	
1419	44	61	
1420	46	
1421	44	46	
1437	10	14	29	
1438	9	11	12	14	15	16	17	18	68	71	
1439	5	6	8	10	11	12	13	13	14	15	16	17	18	19	20	21	24	25	57	
1440	17	20	21	23	23	25	
1441	22	48	51	53	98	
1442	86	87	89	90	90	91	93	95	97	98	
1443	10	12	13	82	83	85	86	87	88	89	90	91	94	96	100	
1444	12	16	18	57	63	86	88	89	91	94	97	101	
1445	52	53	54	55	56	57	58	59	62	
1446	46	46	48	49	50	50	51	52	53	53	54	55	57	58	62	
1447	49	50	55	
1448	48	
1452	17	20	26	40	52	67	
1453	17	19	45	46	48	56	59	
1454	20	43	43	46	47	48	51	55	69	
1455	42	46	48	49	52	
1456	47	51	62	
1459	57	
1463	28	69	
1464	70	
1469	13	
1471	9	10	15	17	19	
1472	7	9	10	12	13	14	15	16	17	18	19	21	69	
1473	7	12	13	14	15	16	17	18	19	19	21	22	24	56	57	60	69	
1474	22	23	25	46	51	52	53	53	54	55	57	59	
1475	48	50	54	86	87	90	91	92	93	95	98	
1476	81	81	83	83	84	85	86	88	88	90	93	
1477	7	9	11	12	14	80	81	82	84	85	87	89	92	96	102	
1478	6	8	11	12	13	14	15	16	18	18	22	26	57	58	81	82	83	85	86	91	93	100	
1479	16	17	20	21	35	52	53	54	55	56	58	59	62	92	
1480	46	47	48	49	50	51	52	54	55	56	
1481	44	47	49	51	55	63	64	91	
1482	46	62	
1483	46	
1484	16	19	
1485	17	18	19	42	44	46	68	
1486	14	17	18	20	21	26	41	45	48	49	58	67	69	
1487	17	19	21	22	28	37	44	47	50	53	57	58	60	66	
1488	19	21	23	24	30	44	46	47	48	48	50	51	52	55	56	58	59	63	
1489	22	29	44	45	46	47	48	49	50	52	55	56	60	70	
1490	23	43	45	46	47	49	51	57	
1491	45	49	51	
1502	19	
1503	41	
1504	12	14	22	
1505	7	10	11	12	14	15	16	18	20	
1506	8	11	12	13	14	16	17	17	18	19	20	22	25	36	56	57	58	69	
1507	18	20	21	23	23	25	28	52	54	56	57	84	
1508	46	47	48	49	50	52	53	54	55	60	91	94	
1509	49	53	81	82	84	84	85	87	88	90	94	
1510	80	85	87	90	98	
1511	9	10	13	15	84	
1512	2	7	10	11	12	14	15	16	17	18	19	57	58	83	83	89	
1513	16	17	19	20	21	22	23	36	53	55	56	57	59	60	84	
1514	45	46	46	47	49	50	50	51	53	54	55	56	57	58	
1515	32	41	45	46	49	52	62	
1516	30	47	48	62	66	
1517	16	20	41	47	67	
1518	8	10	12	13	16	18	18	19	22	23	43	44	46	
1519	14	15	17	18	19	21	22	24	28	69	
1520	15	17	19	20	21	22	24	45	49	69	
1521	20	21	23	24	25	51	55	58	59	62	72	
1522	22	23	23	25	50	51	53	54	55	56	57	58	59	63	
1523	50	51	52	54	55	56	59	61	
1524	47	48	50	51	52	54	56	59	
1525	49	
1527	56	
1538	4	10	15	
1539	8	9	10	11	12	13	15	16	17	18	20	25	
1540	7	12	15	16	17	19	20	21	22	23	24	56	57	58	61	69	
1541	22	23	33	47	51	52	53	54	54	55	56	57	60	
1542	45	46	47	48	49	49	50	51	55	56	90	96	102	
1543	45	49	79	82	83	85	89	103	
1544	10	83	98	
1545	5	8	10	12	14	16	84	
1546	5	7	9	10	12	13	13	14	15	16	17	19	21	24	57	
1547	16	16	17	19	20	21	22	25	55	57	58	58	60	
1548	23	31	45	46	47	48	50	51	52	53	54	56	58	59	62	
1549	43	45	46	47	49	50	54	66	
1550	10	19	28	40	43	45	47	49	60	
1551	10	13	14	18	18	20	21	45	46	66	68	
1552	10	13	15	17	18	19	20	21	22	23	25	43	69	
1553	13	15	19	21	22	24	25	29	68	
1554	23	24	25	
1555	25	57	58	63	
1556	52	55	56	57	61	
1557	48	50	51	52	53	53	55	58	
1558	50	90	92	
1567	96	
1569	48	
1570	14	
1571	22	
1572	4	8	10	12	13	15	
1573	5	6	8	10	11	12	12	13	14	15	16	17	18	19	20	
1574	12	15	16	17	19	20	21	23	23	25	28	35	53	55	56	56	59	61	70	
1575	22	47	50	51	52	53	54	54	55	56	60	
1576	47	48	49	50	52	54	56	86	89	93	96	
1577	41	46	54	90	
1579	4	7	9	11	13	15	16	21	
1580	4	7	11	12	13	14	15	16	17	18	19	21	24	26	
1581	16	16	17	20	21	22	24	27	35	52	57	59	63	
1582	22	50	51	53	54	56	60	
1583	30	43	45	48	50	
1584	9	15	20	24	45	49	64	
1585	12	13	15	19	21	22	24	69	91	
1586	21	22	24	26	
1587	23	23	25	57	
1589	88	91	92	95	97	
1590	53	54	55	57	88	91	91	93	94	95	97	
1591	52	53	55	86	87	88	89	90	91	92	93	94	97	
1592	80	83	86	88	89	91	93	96	
1593	87	
1595	59	
1605	4	8	15	
1606	5	8	10	11	12	14	15	16	23	
1607	6	9	11	12	13	13	14	15	16	18	19	19	21	23	25	26	57	
1608	3	17	18	20	21	22	24	25	35	52	53	55	56	57	58	60	
1609	47	50	51	52	53	54	55	56	58	
1610	45	46	48	50	51	54	56	61	82	85	87	89	92	
1611	48	105	
1613	6	9	11	13	15	17	20	25	26	28	
1614	5	7	9	10	11	12	14	14	15	16	17	18	19	20	21	22	23	69	
1615	18	20	21	22	24	26	
1616	22	
1617	24	
1618	24	
1619	25	57	
1620	58	
1621	56	88	91	92	96	98	
1622	55	87	88	90	91	92	94	95	98	
1623	53	82	83	86	87	89	89	90	92	93	95	97	
1624	82	82	83	84	85	86	87	89	90	91	94	97	103	
1625	81	82	83	84	85	86	87	89	90	97	
1626	80	82	84	88	91	
1627	84	
1637	37	83	
1639	10	13	
1640	5	7	9	10	11	14	14	17	
1641	7	11	12	13	15	16	17	18	18	19	20	22	23	24	57	69	
1642	17	21	22	52	53	54	55	57	58	58	59	61	
1643	45	47	48	48	49	50	51	52	53	54	56	
1644	44	47	49	51	80	84	89	
1645	45	46	50	94	
1646	10	15	18	21	44	
1647	6	9	10	11	12	14	15	16	17	19	19	26	70	
1648	5	6	11	13	14	15	16	17	18	18	19	20	21	22	24	25	26	
1649	21	22	23	27	
1652	57	
1653	57	92	
1654	53	53	87	90	91	92	97	
1655	82	82	85	86	87	89	90	90	92	93	95	97	
1656	55	81	82	82	84	85	85	86	88	89	90	91	93	96	
1657	80	82	83	84	85	86	87	88	90	92	97	
1658	80	82	83	85	87	91	93	
1659	82	84	85	89	97	
1661	20	
1662	75	
1663	56	85	85	85	85	
1672	10	
1673	10	21	
1674	5	6	8	9	10	11	12	13	13	14	15	17	19	20	23	
1675	2	8	12	13	14	15	16	16	17	18	18	19	20	23	25	56	57	58	70	
1676	18	21	22	36	51	52	54	55	55	56	57	60	
1677	45	46	47	49	50	50	51	53	54	56	61	96	
1678	46	49	50	54	60	67	86	89	94	
1679	68	
1680	6	9	11	12	14	15	16	19	20	23	29	44	68	
1681	7	9	11	13	13	14	15	16	17	19	20	21	24	
1682	1	15	18	21	22	23	23	24	
1683	22	
1685	57	93	
1686	53	54	55	57	88	91	92	96	97	
1687	54	86	87	87	88	89	90	91	92	94	95	96	98	103	
1688	53	81	82	83	83	84	85	85	86	88	88	89	90	92	94	99	
1689	80	81	82	83	84	85	87	88	92	97	
1690	80	82	83	84	86	90	94	
1691	81	84	88	
1692	86	
1694	45	
1696	71	
1707	6	9	18	
1708	3	7	9	10	11	11	12	13	14	15	15	16	
1709	8	12	16	17	18	19	19	21	24	57	57	60	
1710	17	18	21	22	52	54	55	56	57	58	60	
1711	37	42	45	46	47	48	48	49	50	51	53	55	67	
1712	44	46	48	49	
1713	10	12	14	15	18	27	43	67	
1714	7	9	11	12	14	15	16	17	18	19	20	22	23	
1715	4	12	15	17	19	20	21	22	23	25	
1716	22	24	
1717	57	
1718	52	53	54	55	60	
1719	52	86	87	88	90	90	91	92	94	96	101	
1720	82	84	85	85	86	87	89	90	91	93	95	
1721	80	81	82	82	83	84	85	85	87	89	90	92	93	100	
1722	81	82	84	85	86	89	95	99	
1723	81	83	86	
1724	84	
1726	23	23	
1727	23	93	
1738	99	
1740	31	
1741	9	11	14	
1742	5	6	9	10	11	12	13	13	14	15	19	21	40	40	41	
1743	2	8	13	14	15	15	16	17	18	18	19	20	23	23	25	58	
1744	17	18	22	52	54	55	57	59	60	63	
1745	30	47	49	50	51	53	54	60	
1746	13	43	44	45	48	48	50	69	
1747	5	8	9	11	13	14	18	20	24	45	68	
1748	12	14	15	20	21	22	23	25	27	
1749	2	21	22	25	
1750	36	56	62	
1751	51	52	53	54	55	56	61	
1752	50	52	54	62	85	86	87	89	90	91	91	93	93	95	96	100	
1753	58	81	82	83	84	84	85	86	87	89	90	92	93	95	98	
1754	80	82	83	84	85	86	89	95	100	
1755	80	82	83	85	89	
1756	81	90	
1757	82	85	
1765	100	100	100	101	
1774	14	
1775	9	13	81	
1776	4	6	8	10	10	11	14	14	15	19	23	27	
1777	7	11	12	13	15	16	16	17	19	20	24	83	
1778	16	17	20	22	55	
1779	52	54	62	
1781	13	15	21	24	
1782	21	22	24	56	90	91	
1783	57	
1784	53	54	55	57	60	91	92	97	
1785	51	52	54	87	88	90	91	92	93	95	97	103	
1786	81	83	84	85	86	88	88	89	91	98	99	
1787	79	81	82	84	86	88	91	
1788	83	83	86	89	96	
1791	9	
1794	83	
1809	11	13	
1810	8	8	10	11	14	15	
1811	6	10	11	12	13	14	15	16	18	24	83	86	89	91	93	97	100	
1812	16	87	90	92	93	95	97	
1813	92	93	97	
1814	88	91	92	93	95	96	97	
1815	92	93	98	
1816	56	97	
1817	52	53	54	57	58	88	91	92	96	
1818	55	85	86	87	88	89	90	91	92	94	96	100	
1819	54	80	81	82	83	83	84	85	85	86	87	89	90	91	93	95	101	
1820	48	80	82	83	85	87	90	96	
1822	52	
1823	48	
1824	54	
1826	3	17	
1844	5	8	10	13	16	
1845	8	10	11	13	14	20	82	85	86	88	94	
1846	8	81	82	83	84	85	86	87	88	89	90	91	93	94	97	100	
1847	86	87	88	88	89	90	91	92	94	96	100	
1848	10	13	13	82	83	86	86	88	88	89	90	91	92	95	100	
1849	83	86	87	87	89	90	91	95	102	
1850	61	82	86	89	90	93	93	95	99	
1851	51	53	56	60	83	84	85	87	89	90	92	94	99	
1852	49	54	81	82	83	83	84	85	86	89	90	
1853	80	82	84	89	
1854	86	
1857	75	
1861	83	
1863	68	80	
1870	82	
1871	28	
1873	102	
1879	5	
1880	81	82	84	85	87	89	
1881	80	81	83	83	85	86	88	89	91	93	95	99	
1882	5	10	14	80	81	83	83	84	86	89	93	
1883	11	79	80	81	83	84	85	86	89	90	93	98	
1884	81	82	83	84	86	88	90	92	97	101	
1885	81	82	84	86	88	89	92	97	
1886	81	87	92	
1887	84	
1892	104	
1896	46	
1903	66	
1912	87	
1913	86	88	94	100	
1914	81	84	
1915	81	85	91	
1916	82	88	102	
1917	87	91	97	
1918	83	84	86	88	91	95	
1919	83	84	86	90	
1920	87	92	
1921	96	
1948	98	
1951	84	
1952	85	
1953	86	90	93	
1954	86	100	
1957	58	
1982	103	
1987	84	
1990	98	
1991	90	
1999	42	
2018	19	
2024	72	
2033	68	
2045	78	
2049	76	
2058	98	
2069	66	
2085	8	96	
2089	7	
2111	10	18	
2115	98	
2124	101	
2135	79	
2167	87	
2178	9	
2187	14	
2215	93	
2228	7	
2229	3	16	
2240	105	
