12	13	
49	65	
112	40	
118	84	
181	24	93	
182	92	
183	88	90	92	
184	87	88	90	91	93	94	98	
185	88	89	91	98	
214	92	
215	87	88	91	95	
216	78	82	86	86	87	90	91	92	94	95	
217	13	14	82	84	86	86	87	89	89	90	92	94	97	100	
218	80	81	83	85	85	86	87	89	90	91	95	98	
219	11	14	82	84	85	86	87	88	89	90	92	93	96	
220	17	86	87	88	89	91	93	94	98	102	103	
221	16	17	
246	52	
247	51	
248	51	87	90	91	93	94	96	
249	56	78	81	83	84	85	86	87	89	91	93	95	99	
250	1	77	78	79	81	82	83	83	84	85	86	88	90	94	98	
251	76	78	79	80	82	84	85	86	89	95	
252	8	77	78	79	80	82	84	85	86	88	94	
253	8	10	12	14	77	78	80	81	83	83	84	85	87	89	95	
254	7	11	12	12	14	15	16	17	80	81	83	83	85	86	88	89	90	96	
255	16	17	18	19	20	87	
256	18	
279	53	56	
280	46	50	51	53	55	56	
281	49	50	87	90	91	94	97	98	
282	40	48	58	78	80	82	84	85	86	88	88	90	95	
283	16	18	38	41	47	52	56	57	58	59	68	79	80	82	84	85	99	
284	18	19	20	22	26	33	34	40	44	45	46	47	49	51	52	54	56	59	67	71	79	84	
285	21	23	28	30	41	43	43	44	45	46	47	47	48	49	50	70	80	83	
286	5	21	42	44	46	47	48	49	69	72	79	81	83	
287	3	6	8	9	11	14	78	79	85	94	
288	7	10	11	12	13	14	14	15	17	19	19	21	78	79	81	84	93	
289	2	12	15	16	17	18	18	19	20	21	28	
290	22	
299	88	90	92	97	
312	56	
313	46	48	51	52	54	
314	47	49	50	51	53	58	88	92	97	
315	49	79	81	83	84	85	86	88	90	92	94	
316	8	10	11	14	16	18	68	78	80	81	83	85	
317	11	13	14	15	16	17	18	19	20	26	57	71	74	78	
318	20	21	23	23	27	48	51	52	52	54	54	55	56	57	59	63	
319	22	24	46	47	49	50	50	51	53	54	59	
320	44	45	46	48	49	
321	7	9	10	11	13	18	44	
322	3	7	10	11	12	13	14	14	15	15	16	17	18	19	20	68	80	
323	17	17	18	19	20	21	22	23	
324	23	
330	52	
331	50	92	
332	9	86	88	89	91	94	97	
333	13	82	85	86	87	89	90	91	94	97	
334	16	17	18	88	
345	58	
346	51	52	54	57	
347	47	49	50	51	52	54	55	
348	44	46	48	83	85	87	90	92	94	
349	9	10	14	18	80	82	85	87	88	
350	4	10	12	13	14	15	16	17	17	19	19	21	
351	18	21	22	23	24	28	57	
352	23	34	48	51	52	53	54	55	56	58	
353	37	42	45	46	47	48	48	49	50	51	52	53	55	
354	44	49	94	
355	8	9	10	11	14	15	18	
356	2	5	6	11	12	13	14	15	15	16	16	17	19	19	20	23	24	27	71	
357	17	18	20	21	22	23	23	
363	91	
364	52	54	56	87	90	92	95	
365	50	86	87	88	90	91	93	95	
366	10	81	83	85	86	87	89	91	93	96	
367	7	10	11	12	13	14	15	16	18	19	77	78	80	81	83	83	85	86	88	94	
368	12	16	17	17	19	84	
369	18	22	
379	53	57	
380	51	52	53	54	55	56	59	
381	45	46	47	48	49	50	50	
382	8	10	44	48	81	85	90	
383	6	9	10	11	12	13	14	14	15	16	18	69	78	84	
384	5	12	16	17	19	20	21	24	25	
385	21	22	57	
386	48	50	51	52	53	53	54	55	56	57	58	62	
387	42	45	46	47	48	48	49	50	50	54	
388	9	42	43	45	
389	5	6	8	8	10	11	11	12	13	14	14	15	16	19	
390	13	15	16	17	17	18	19	19	20	21	22	24	69	
391	21	23	
395	91	93	
396	87	89	90	92	93	96	
397	86	87	89	90	92	93	95	98	
398	82	84	85	86	87	88	90	91	92	94	96	
399	80	82	83	84	85	86	87	88	88	90	92	95	98	98	
400	9	13	39	66	79	81	82	84	85	87	89	93	
401	5	6	8	9	11	11	12	13	14	15	15	16	17	18	19	28	29	79	80	102	
402	12	16	17	18	19	20	20	21	23	25	80	
403	23	
413	56	57	
414	51	51	52	53	54	55	57	58	60	
415	42	45	46	47	49	50	53	
416	9	11	14	44	
417	8	11	12	13	13	14	15	16	18	20	24	26	
418	17	19	20	21	22	24	
419	57	
420	48	51	52	52	54	55	56	59	
421	46	48	49	49	50	53	54	92	
422	9	10	13	44	64	87	93	95	
423	7	10	11	12	14	15	15	16	19	20	26	
424	18	20	21	22	23	24	
427	87	92	
428	87	90	92	94	96	
429	82	87	88	89	90	92	95	
430	78	80	81	83	85	86	87	88	88	89	91	93	94	99	
431	41	57	77	78	80	81	82	83	84	85	86	87	88	90	93	
432	39	48	77	79	80	82	83	84	85	86	88	94	
433	9	13	19	41	69	77	79	80	82	84	85	90	
434	9	10	12	14	15	16	17	19	20	39	67	70	78	80	84	
435	5	6	11	12	13	14	14	15	17	18	18	19	20	21	23	26	72	
436	17	20	21	21	22	23	25	
447	58	
448	48	51	52	53	53	54	55	57	59	61	
449	43	46	47	49	49	50	
450	10	11	14	93	
451	4	8	11	13	15	15	16	18	
452	17	21	23	
453	55	56	
454	46	48	49	50	51	52	53	55	60	
455	50	87	89	91	96	
456	7	10	11	13	14	65	83	87	
457	11	12	14	15	16	17	18	19	20	21	24	26	
458	23	
460	87	92	94	
461	53	82	85	86	87	88	89	90	91	94	97	99	
462	37	78	82	85	86	87	88	89	91	92	93	95	98	
463	77	79	81	82	83	84	85	86	87	88	89	91	94	98	
464	16	33	36	41	46	59	77	79	81	82	84	85	99	
465	14	16	17	18	18	19	34	41	44	46	51	56	59	61	64	66	69	76	79	81	84	
466	15	16	17	19	20	21	22	26	29	35	40	43	44	44	45	46	48	48	50	58	60	67	68	70	72	79	80	83	
467	8	11	13	15	18	19	20	21	21	23	29	39	43	45	45	48	58	64	66	70	71	79	83	
468	9	11	12	14	15	16	18	19	20	21	22	23	24	64	69	72	78	
469	13	15	20	21	22	22	24	24	
470	22	24	
481	56	58	
482	51	52	55	56	60	
483	39	43	45	47	48	48	49	
484	4	8	10	
485	12	13	15	18	24	
486	16	17	21	56	
487	51	52	53	55	56	59	
488	47	49	50	51	92	96	
489	9	48	80	83	84	86	88	89	92	93	
490	3	7	10	12	12	14	14	15	16	18	73	82	86	
491	13	17	17	19	20	21	24	56	
492	52	
493	50	51	87	91	93	95	
494	50	78	83	85	86	87	88	90	91	94	96	99	
495	41	76	78	80	81	83	83	84	85	86	87	89	89	91	94	
496	16	18	28	38	40	43	62	66	77	79	81	82	83	84	86	88	
497	8	14	16	17	18	19	35	43	45	68	68	76	78	79	81	83	
498	10	11	12	14	15	16	17	18	19	20	21	22	28	41	65	70	78	
499	11	13	15	18	19	20	21	21	23	24	24	64	72	103	
500	14	21	22	23	23	24	64	70	
501	22	24	25	39	39	40	
502	4	22	23	24	45	
503	25	
516	51	52	54	55	56	57	59	
517	43	45	47	48	49	50	53	63	
518	10	44	47	48	
519	8	11	12	14	15	
520	17	18	20	57	87	
521	51	52	53	55	56	
522	46	48	49	50	53	90	
523	8	10	67	82	85	87	92	
524	4	6	11	12	13	14	15	15	16	17	18	19	73	74	76	
525	18	20	21	21	22	52	56	
526	50	51	53	55	91	93	96	
527	49	50	53	82	86	87	88	89	90	91	95	98	
528	41	76	80	81	82	84	85	86	88	90	93	
529	9	11	13	15	16	17	18	28	41	63	68	72	79	80	84	
530	12	13	14	15	16	17	19	19	20	21	24	29	45	68	70	79	
531	12	14	15	18	18	20	21	21	22	23	24	45	64	71	
532	14	20	21	22	24	25	
533	22	24	
534	23	24	
550	52	55	57	58	
551	47	50	51	53	54	65	
552	41	44	45	46	46	48	
553	7	9	11	14	
554	13	15	55	56	80	82	84	86	88	89	90	94	97	98	
555	17	51	52	53	54	60	87	90	93	96	
556	45	48	86	89	91	92	93	
557	8	10	11	13	14	15	16	80	84	
558	15	16	17	18	19	20	21	24	53	57	69	
559	21	22	50	51	53	92	
560	49	51	55	82	85	86	87	89	90	92	95	
561	10	13	77	79	81	82	84	85	86	87	89	90	94	
562	6	10	11	13	14	15	16	19	42	65	78	80	82	83	85	88	
563	11	12	14	15	16	17	18	19	19	20	23	27	69	78	
564	13	15	17	18	19	20	21	22	23	25	27	
565	21	22	23	25	
571	20	20	20	
584	53	55	56	58	
585	48	50	51	51	52	52	54	54	55	56	57	59	
586	42	45	46	47	48	49	49	50	
587	9	13	39	43	45	46	48	67	68	74	
588	8	11	14	15	55	57	78	79	80	82	84	
589	47	50	51	53	81	82	84	86	87	88	90	92	95	
590	13	80	82	84	85	87	88	90	91	95	
591	5	6	8	11	12	14	15	19	84	87	88	94	
592	22	24	51	52	55	92	
593	48	50	51	55	83	87	90	91	95	
594	8	78	78	80	81	83	85	86	88	90	94	
595	8	10	11	12	14	15	16	17	18	41	77	79	80	82	83	85	
596	11	13	13	14	15	16	17	17	18	19	20	21	26	29	69	79	
597	18	19	20	21	22	23	23	24	
598	21	22	
609	100	100	101	
619	52	54	55	55	57	61	
620	35	50	51	52	53	55	56	57	58	60	
621	3	37	40	43	44	45	46	47	48	49	50	51	56	58	68	72	
622	28	37	42	44	46	47	48	48	49	52	55	56	73	
623	46	46	48	50	70	77	79	81	83	84	98	
624	9	11	79	81	83	83	85	86	88	94	101	
625	7	11	12	14	15	83	86	
626	17	20	35	53	55	83	86	91	95	
627	40	67	78	79	81	83	85	86	87	88	89	94	
628	6	9	11	14	16	17	18	29	41	44	65	66	68	80	81	83	85	
629	5	7	10	11	13	14	15	16	17	18	18	19	21	23	70	
630	12	15	17	19	20	21	22	23	24	
631	22	25	
648	7	
653	55	
654	55	62	
655	50	51	52	53	54	55	56	57	58	60	62	
656	33	37	40	43	44	45	46	47	48	49	50	51	52	53	53	54	56	58	59	61	
657	30	42	44	45	46	46	47	48	48	49	66	70	
658	37	41	43	45	57	66	71	79	
659	5	7	12	15	17	19	43	47	83	
660	17	18	19	21	38	39	43	46	49	67	68	78	80	82	84	88	
661	7	8	10	11	13	14	16	18	19	20	26	67	79	81	84	
662	11	12	13	14	15	16	18	19	20	20	21	23	26	30	45	70	78	
663	7	18	20	21	21	22	24	25	
664	23	25	
689	53	54	55	56	57	60	
690	51	52	52	54	54	55	56	59	60	
691	33	34	37	41	43	45	46	47	49	50	51	53	56	60	67	
692	14	26	37	42	44	45	47	49	59	71	
693	13	15	18	19	21	24	27	43	45	47	60	64	68	72	
694	9	12	15	19	20	21	22	23	25	64	67	70	
695	13	15	20	21	22	23	24	27	63	
696	22	23	24	
697	22	
724	52	53	54	55	61	
725	60	
726	14	45	53	65	
727	15	21	24	65	70	
728	23	25	
729	23	
1166	50	
1168	8	
1170	34	
1171	67	
1175	94	
1184	16	
1202	63	
1209	31	
1218	4	
1223	70	
1235	22	76	
1239	27	
1246	8	
1268	43	
1269	92	
1271	64	
1273	72	
1274	29	87	
1303	26	
1304	38	
1307	63	
1310	8	
1315	95	
1318	4	
1319	81	
1335	37	49	84	
1336	26	
1337	37	40	46	
1338	18	19	47	56	62	71	76	
1339	16	20	25	30	37	39	44	47	52	69	
1340	30	44	46	48	49	67	
1341	40	43	46	48	
1342	52	
1344	55	
1348	79	
1350	66	
1352	4	
1357	61	
1358	2	
1363	81	
1368	19	
1369	15	19	
1370	20	40	66	
1371	14	16	17	18	20	24	39	
1372	17	18	19	21	24	40	44	47	52	57	59	69	
1373	18	20	41	44	48	50	53	55	56	58	59	65	68	70	
1374	19	21	23	24	26	29	38	40	44	46	47	49	51	55	56	57	60	72	
1375	21	22	23	42	44	46	47	49	50	51	55	70	
1376	28	45	46	48	49	70	
1382	31	
1390	59	
1398	38	
1403	10	14	16	18	18	41	
1404	11	14	15	16	17	19	20	68	68	
1405	13	15	16	18	19	20	21	23	23	25	27	45	64	
1406	15	20	22	23	25	27	33	65	
1407	20	22	24	34	58	60	63	
1408	20	22	23	24	51	52	53	54	56	57	60	65	
1409	22	24	42	44	45	46	47	48	48	49	50	51	52	53	55	57	60	64	68	
1410	41	44	45	46	47	49	50	57	60	
1411	45	46	48	
1413	21	
1417	31	59	
1420	47	
1422	48	
1424	12	
1431	76	
1435	16	
1436	8	12	13	15	17	20	
1437	11	13	15	16	17	19	20	68	
1438	14	15	18	19	20	21	25	
1439	22	23	25	88	93	96	
1440	86	87	90	91	93	93	95	
1441	12	16	82	86	87	89	90	91	93	95	98	
1442	16	17	19	54	55	56	56	57	86	88	89	95	
1443	17	47	48	49	50	51	52	53	53	54	55	57	62	
1444	44	45	46	47	48	49	50	52	
1446	49	
1449	74	
1453	36	57	
1454	32	46	
1455	43	46	49	
1456	48	
1457	59	
1459	60	
1468	13	
1469	9	13	
1470	10	12	13	15	16	18	19	67	
1471	12	15	17	18	20	21	23	24	51	53	
1472	21	23	24	48	51	92	
1473	78	82	85	86	87	89	90	94	97	
1474	8	77	80	82	84	85	86	88	90	99	
1475	9	11	13	14	77	79	80	81	83	84	86	88	93	
1476	8	12	15	16	17	18	20	53	55	56	57	77	80	81	84	86	
1477	17	21	22	46	47	50	51	52	53	53	54	55	58	
1478	44	47	48	49	50	55	59	91	94	
1479	55	56	
1481	69	
1484	34	39	
1485	19	37	
1486	23	
1487	11	14	18	19	37	
1488	17	19	21	25	28	42	47	48	52	55	57	58	60	65	71	
1489	18	22	41	44	46	47	49	50	54	70	
1490	45	48	69	
1492	72	
1497	80	
1500	45	
1503	8	9	11	12	14	17	29	
1504	7	12	13	15	16	17	18	19	22	25	56	
1505	18	20	22	23	24	46	48	49	50	52	53	
1506	23	51	83	86	87	88	90	92	95	100	
1507	76	79	81	83	83	85	88	88	95	
1508	8	79	82	84	88	
1509	5	6	9	10	11	13	14	15	16	19	57	78	81	87	102	
1510	12	13	15	15	16	16	17	19	20	23	26	52	52	55	57	59	78	
1511	18	20	22	23	46	47	49	50	52	53	55	56	
1512	49	51	54	82	85	86	88	90	92	94	
1513	51	82	
1514	39	
1515	23	
1517	47	
1518	4	16	25	41	
1519	17	19	26	39	46	58	66	
1520	11	17	19	27	40	45	67	
1521	7	10	11	13	14	15	17	18	20	22	24	39	56	58	67	
1522	13	17	19	19	20	21	22	23	25	27	51	51	52	54	55	56	57	59	65	
1523	22	42	43	45	46	47	48	49	50	52	54	59	
1524	45	47	48	50	
1526	1	
1532	10	
1534	1	
1536	6	9	14	
1537	7	8	10	11	12	13	14	15	19	57	
1538	15	16	17	18	19	21	47	50	51	52	53	55	56	
1539	21	23	46	49	50	88	91	97	
1540	50	62	80	82	85	88	89	100	
1541	79	83	87	98	
1542	9	17	80	
1543	6	9	10	11	12	14	15	17	18	24	58	
1544	13	15	16	17	20	21	26	48	52	52	54	55	57	61	104	
1545	21	23	46	48	49	51	54	56	91	93	96	
1546	21	49	78	80	82	84	86	88	91	
1547	82	88	
1548	65	
1549	21	39	
1550	19	
1551	7	9	16	18	37	38	46	66	
1552	17	18	20	37	42	44	72	
1553	11	14	16	17	19	20	23	23	27	42	62	69	
1554	11	13	15	16	18	19	20	22	24	26	29	45	70	
1555	11	14	15	19	21	22	24	26	44	57	68	
1556	21	22	23	25	48	50	51	52	53	54	55	58	72	
1557	46	48	49	50	52	53	92	
1558	48	
1560	66	
1565	70	
1566	59	
1570	9	14	
1571	7	11	12	13	14	15	16	19	24	55	56	
1572	15	16	17	19	21	25	47	52	54	56	58	
1573	23	45	46	49	53	86	90	94	
1574	80	85	93	
1576	8	11	13	19	
1577	6	10	11	14	14	15	17	18	25	57	
1578	15	16	20	21	23	27	46	48	50	51	52	53	54	57	62	
1579	50	83	87	88	90	91	93	95	
1580	46	48	80	85	90	96	
1582	19	39	
1583	12	20	40	47	
1584	9	12	15	16	18	19	31	40	69	
1585	13	14	16	18	19	20	22	23	41	46	67	69	
1586	12	15	17	18	19	20	22	25	45	62	64	71	
1587	13	14	20	21	23	23	27	65	71	
1588	21	22	24	65	93	
1589	22	51	52	57	92	
1590	50	51	52	53	54	55	92	97	
1591	49	54	58	83	86	87	88	88	89	91	94	
1592	54	82	86	
1594	65	65	65	65	
1603	8	
1604	9	
1605	4	7	11	12	14	15	16	24	53	56	
1606	16	18	19	47	49	50	51	54	59	
1607	36	45	48	48	80	83	
1608	84	
1609	13	83	
1610	10	14	16	20	23	
1611	7	11	12	15	17	18	18	19	20	25	25	51	52	55	57	59	
1612	21	22	24	46	47	49	51	54	57	
1613	54	79	81	84	86	89	93	96	
1614	30	41	55	80	83	88	88	
1615	16	
1616	10	13	14	16	18	19	20	26	41	44	66	69	
1617	10	12	14	15	16	17	18	19	21	25	66	70	
1618	11	13	14	17	18	19	21	22	25	27	29	44	65	69	
1619	13	20	22	23	24	25	73	
1620	23	25	
1621	87	88	90	91	93	94	95	
1622	83	86	87	88	89	90	91	94	97	
1623	54	82	83	87	88	88	89	90	91	93	94	96	
1624	54	78	82	85	86	87	88	89	90	91	92	94	96	
1625	55	77	80	82	84	85	86	88	89	93	94	
1626	81	85	91	98	
1627	88	
1637	11	39	
1638	10	15	
1639	4	7	11	12	14	53	57	
1640	16	17	18	20	23	51	53	54	60	87	
1641	43	44	45	46	47	48	50	50	
1643	10	
1644	6	9	10	12	14	15	17	19	25	56	57	
1645	16	17	18	19	20	21	23	25	52	55	60	
1646	22	25	44	46	48	48	49	50	52	54	59	
1647	44	79	83	86	89	
1648	10	24	
1649	3	10	12	14	16	17	18	20	66	69	
1650	7	10	13	14	15	17	19	20	21	22	23	26	28	72	88	
1651	15	20	21	22	23	25	69	
1652	22	24	
1653	55	87	88	90	91	92	93	97	
1654	83	87	88	88	89	90	95	97	
1655	78	81	82	84	85	86	87	89	90	95	
1656	37	37	37	77	79	79	80	81	82	84	85	86	88	89	94	
1657	39	75	76	78	79	80	81	82	83	84	85	87	89	91	96	
1658	78	79	79	80	81	83	84	85	87	90	100	
1659	46	79	81	84	86	
1664	74	
1672	10	15	
1673	3	7	8	10	11	13	15	56	58	
1674	12	16	18	19	21	52	53	54	55	56	62	83	87	90	
1675	23	31	34	36	40	46	47	48	49	52	
1676	43	
1677	8	11	14	
1678	10	12	13	14	15	16	17	18	19	21	23	56	58	70	
1679	20	21	24	46	48	50	51	52	53	54	55	57	
1680	19	23	36	47	49	50	88	89	91	93	95	
1681	9	38	43	68	83	
1682	11	13	14	16	18	19	20	29	66	
1683	8	8	10	11	13	13	15	16	18	19	19	20	21	28	72	
1684	18	19	20	21	23	23	69	
1685	22	25	52	54	90	91	93	96	
1686	83	86	87	89	90	92	94	96	
1687	54	77	81	82	84	85	85	86	87	89	91	95	100	
1688	77	80	80	81	82	84	84	85	87	89	91	94	
1689	77	79	80	82	83	85	
1690	78	80	82	85	94	
1691	81	84	
1692	80	83	98	
1693	86	95	
1697	10	
1707	7	10	12	14	
1708	3	8	11	12	16	18	24	52	53	55	56	57	59	62	82	86	92	
1709	16	17	18	20	31	48	50	51	62	68	
1710	9	42	43	45	46	49	
1711	9	11	13	15	40	67	70	
1712	5	7	11	12	15	16	17	19	20	24	52	60	
1713	8	17	18	20	21	22	24	43	45	46	47	49	50	52	54	62	
1714	66	85	87	89	94	
1715	8	8	11	15	17	40	
1716	10	12	13	13	15	16	17	18	18	19	21	25	57	68	
1717	5	20	21	22	24	25	51	52	56	71	
1718	49	51	55	87	91	92	97	
1719	49	54	78	82	85	86	87	88	90	91	93	96	
1720	78	80	81	82	83	84	85	87	88	90	96	99	
1721	77	78	79	80	83	83	85	87	93	
1722	78	81	84	
1723	80	87	100	
1724	79	
1728	16	
1740	4	9	
1741	8	11	14	
1742	6	10	11	13	14	15	21	53	
1743	15	16	17	19	21	24	34	50	52	54	59	62	87	88	91	
1744	17	18	62	62	
1745	10	11	14	24	41	44	56	57	68	72	
1746	2	13	17	20	21	24	25	36	48	51	51	52	53	54	55	61	
1747	22	29	42	44	45	46	47	49	50	
1748	9	14	45	79	83	
1749	6	10	11	12	14	15	17	19	20	68	
1750	13	15	18	20	21	22	24	52	70	83	
1751	22	23	25	49	50	52	54	90	92	
1752	49	54	57	82	84	86	86	88	88	89	91	93	94	98	
1753	54	77	80	81	83	83	84	85	87	89	
1754	79	81	84	86	
1755	81	
1759	95	
1760	90	
1762	15	15	15	
1774	21	24	
1775	8	
1776	9	11	14	84	89	
1777	7	11	12	14	16	19	79	82	84	85	90	94	99	
1778	12	15	83	86	87	88	89	90	95	
1779	5	12	14	16	17	18	25	53	58	
1780	17	22	24	51	52	52	53	54	55	60	
1781	23	35	45	48	49	50	64	
1782	9	12	14	44	71	
1783	1	19	25	
1784	22	23	25	52	53	55	87	91	96	
1785	50	54	83	85	86	87	89	90	91	93	94	97	
1786	80	82	83	84	86	88	89	
1787	79	82	86	
1788	81	88	
1791	3	
1794	74	
1801	83	96	
1808	9	
1811	10	23	79	81	85	88	
1812	7	9	10	11	13	13	15	21	22	22	77	78	79	81	84	85	88	91	95	99	
1813	7	11	12	14	16	18	20	87	88	89	91	93	96	
1814	16	17	19	55	87	90	
1815	88	90	92	96	
1816	52	88	91	92	
1817	51	55	86	87	88	90	91	92	95	
1818	54	82	85	86	87	88	89	91	93	96	
1819	77	78	79	81	83	84	85	87	89	92	98	
1820	79	81	85	94	
1821	81	
1842	96	
1845	27	81	
1846	5	7	10	15	20	78	81	84	
1847	6	7	10	11	12	19	79	82	83	85	90	98	
1848	78	80	82	86	87	88	89	90	92	93	95	99	
1849	82	85	86	87	88	89	90	92	94	
1850	78	82	86	87	88	89	91	95	
1851	78	82	83	84	85	86	89	95	99	
1852	76	78	79	80	81	83	83	84	86	88	88	90	
1853	78	80	83	85	90	
1854	80	88	
1861	89	
1877	33	
1880	10	
1881	3	10	78	85	88	96	
1882	78	79	81	83	84	86	86	89	91	96	99	
1883	78	80	81	82	84	85	87	89	91	98	99	
1884	79	81	83	84	85	86	90	
1885	79	80	82	84	86	89	94	
1886	38	80	87	98	
1889	103	
1893	86	
1902	85	
1908	14	38	
1915	86	
1916	80	84	89	
1917	78	81	85	89	
1918	79	81	102	
1934	58	
1951	84	
1954	36	
1984	85	
1985	84	
1996	22	
2030	98	
2031	77	
2035	22	
2052	22	
2065	90	
2075	74	
2087	81	
2092	56	63	
2114	16	
2141	79	
2144	12	
2147	8	
2165	29	
2171	18	
2179	14	
2195	103	
2204	94	
2238	18	
