112	41	42	
217	93	
249	92	
250	87	89	91	92	96	
251	87	89	90	92	95	97	
252	87	88	90	92	
253	4	
254	1	
281	58	
282	52	57	92	
283	54	85	87	88	89	90	91	93	94	97	
284	47	81	82	84	85	86	87	88	88	89	90	91	94	96	100	
285	7	8	11	13	15	47	78	81	82	84	86	86	87	88	89	91	93	96	
286	10	11	15	18	78	82	85	86	87	88	89	90	91	94	96	99	
287	16	19	87	91	98	
288	17	
298	88	92	
299	88	89	91	92	95	
300	17	
314	57	60	
315	36	50	52	54	59	
316	48	50	52	53	82	85	86	87	89	90	92	95	100	
317	41	52	54	77	80	81	82	84	85	86	87	88	88	90	95	
318	16	17	19	29	42	46	50	56	57	59	68	69	79	80	81	82	83	84	86	
319	10	14	18	20	46	47	48	48	49	51	71	78	79	80	82	83	85	
320	6	8	9	10	12	13	13	14	15	21	44	46	47	48	78	79	80	81	82	83	84	86	95	
321	12	14	15	16	19	20	81	83	84	86	88	93	93	
322	16	17	18	18	19	21	
331	53	88	90	92	94	98	
332	8	86	87	88	89	90	92	94	96	
333	6	10	12	13	14	16	19	78	81	82	84	85	87	89	90	95	98	
334	15	16	17	19	20	
335	18	
347	57	
348	52	54	55	56	58	60	
349	47	49	51	52	53	55	88	91	93	95	
350	40	49	51	53	79	80	82	84	85	87	89	91	94	
351	7	10	12	14	15	16	17	18	40	79	80	82	84	
352	18	19	20	20	21	24	26	53	56	57	59	60	62	72	
353	21	22	22	24	33	48	49	50	51	51	52	54	55	59	73	
354	9	10	13	44	46	48	49	72	79	
355	6	8	10	11	12	14	14	15	18	79	80	82	85	88	
356	16	17	17	18	19	20	22	
357	22	
363	57	91	93	96	
364	38	55	87	90	91	92	94	97	
365	54	82	85	86	87	89	90	92	94	97	
366	6	9	11	14	16	18	42	47	81	82	83	85	86	89	
367	7	11	12	13	13	14	15	16	16	17	18	19	20	21	79	81	84	
368	20	21	22	23	
381	57	58	59	63	
382	47	51	52	53	53	54	55	56	61	
383	48	50	68	82	84	86	87	90	92	97	
384	7	9	10	11	14	15	19	81	84	85	
385	3	13	15	16	17	18	19	19	20	24	73	74	
386	22	23	24	53	57	59	60	62	
387	48	50	51	52	52	54	54	55	56	57	58	74	
388	5	9	10	13	45	46	46	48	49	49	50	
389	7	10	11	12	12	14	15	15	16	
390	16	16	17	18	19	20	21	22	24	
395	92	
396	55	57	59	88	90	92	96	
397	54	83	86	87	88	90	91	92	95	98	
398	18	39	46	53	81	82	84	85	86	87	88	89	91	94	
399	10	13	16	17	19	41	78	80	81	83	84	85	86	88	
400	7	9	11	12	14	15	17	18	18	19	20	21	69	72	79	83	
401	3	20	21	22	23	24	25	27	
402	23	25	
414	57	
415	55	56	57	59	61	
416	46	48	50	51	52	53	55	87	91	95	
417	9	10	49	82	84	86	89	
418	3	7	10	11	12	13	13	14	15	16	17	18	19	71	
419	17	17	19	20	20	21	24	
420	23	57	59	61	63	
421	51	52	52	53	54	55	56	58	59	61	
422	9	47	48	49	49	50	
423	6	8	9	11	11	12	13	14	15	26	45	49	90	
424	16	17	18	18	20	21	22	25	
428	92	96	
429	37	53	87	91	92	95	
430	83	86	87	89	90	92	95	
431	8	16	40	46	67	80	81	82	84	85	86	87	89	95	
432	10	11	13	14	16	17	19	40	72	78	80	81	83	84	85	
433	7	10	12	15	16	17	18	18	19	20	21	24	71	80	
434	21	22	23	24	26	
435	3	22	24	
448	57	
449	47	51	52	53	54	55	56	59	61	
450	47	48	49	51	54	55	81	85	87	90	93	94	
451	6	9	10	11	14	14	16	82	85	88	
452	5	11	12	13	14	15	16	17	17	18	19	20	21	23	25	
453	21	22	25	
454	57	62	
455	52	53	54	55	55	56	57	58	59	
456	8	46	47	48	50	51	54	63	74	
457	6	10	11	12	14	15	
458	13	16	16	17	20	21	24	
460	56	
461	52	88	90	92	95	
462	53	55	86	88	88	89	90	91	94	97	
463	41	47	80	82	83	84	85	86	87	88	89	90	92	94	96	98	
464	10	16	17	18	19	42	47	81	82	84	85	88	100	
465	6	9	11	12	13	14	16	17	18	19	21	41	48	71	72	78	80	84	
466	12	14	15	16	18	18	20	20	21	22	23	24	27	72	
467	20	21	22	24	25	74	
482	53	56	57	58	59	62	
483	47	50	51	51	52	54	55	59	
484	9	45	46	47	48	49	50	53	82	84	86	88	91	
485	6	8	9	11	11	12	14	15	18	84	
486	16	17	17	19	20	21	25	
487	23	
488	56	57	
489	52	53	54	56	59	
490	9	47	48	49	51	54	75	
491	7	9	11	11	12	14	14	
492	16	17	19	20	103	
493	88	92	
494	37	88	90	92	95	
495	54	83	85	86	87	87	89	90	91	93	94	97	100	
496	16	38	42	53	68	78	81	82	84	85	86	89	90	93	100	
497	9	11	13	14	16	17	18	18	40	71	77	78	80	81	84	
498	11	12	14	15	17	18	19	20	21	22	27	72	78	84	
499	13	19	20	21	22	23	24	25	26	
500	5	22	23	24	
516	53	56	57	58	59	61	
517	50	51	52	52	54	54	55	63	
518	9	10	13	45	46	47	48	49	50	85	88	
519	7	10	11	12	14	14	15	16	
520	16	17	18	19	20	21	22	24	
522	56	57	57	62	
523	48	50	51	52	53	53	54	55	56	58	60	
524	46	47	48	49	50	87	91	94	
525	6	8	8	10	11	13	15	83	87	92	97	
526	86	88	88	90	91	94	97	
527	83	86	87	88	89	90	92	94	96	99	
528	42	46	54	66	78	81	82	83	85	86	87	88	89	90	91	93	96	98	
529	10	15	39	46	79	80	81	83	84	85	87	89	
530	11	12	14	15	16	17	18	18	19	20	23	42	44	72	79	82	83	85	
531	13	14	15	17	19	20	21	22	24	25	72	
532	15	21	22	23	23	24	
550	56	57	59	61	
551	48	51	52	52	53	54	55	56	58	64	
552	9	44	46	47	47	49	50	69	
553	6	8	11	13	14	15	23	45	
554	16	17	18	20	21	25	
556	53	57	57	62	
557	51	52	53	54	55	56	58	60	92	
558	9	49	50	51	54	86	90	93	94	
559	10	12	48	82	87	91	
560	47	68	77	81	82	84	85	87	89	90	93	100	
561	9	14	17	28	47	80	81	83	84	85	86	89	90	99	
562	11	13	15	16	17	19	20	28	43	48	68	69	72	78	79	80	84	85	
563	7	11	12	13	14	15	16	18	18	19	20	21	43	71	79	81	
564	14	17	19	20	21	22	23	24	44	
565	21	22	24	25	
575	96	97	97	
581	53	
584	57	58	61	
585	51	52	52	53	53	54	55	56	57	59	60	
586	8	46	47	48	49	50	51	54	68	
587	6	10	11	12	13	14	25	44	47	49	
588	17	87	88	92	96	
589	88	91	92	95	
590	55	57	87	91	92	95	
591	52	53	53	54	55	58	85	87	88	89	90	92	95	98	
592	39	46	50	54	59	83	85	87	88	91	97	
593	5	8	16	19	39	42	45	68	
594	8	11	13	14	15	16	17	18	18	19	20	26	29	39	45	48	49	69	71	79	81	84	98	
595	7	8	10	12	14	15	17	19	19	20	21	29	44	69	71	79	80	84	
596	13	15	18	19	20	21	22	23	28	71	
597	21	22	23	24	25	
598	21	23	25	74	
619	53	55	55	56	57	58	59	61	62	
620	29	38	50	51	52	54	55	56	
621	8	11	14	38	44	45	46	47	49	49	67	71	
622	1	10	43	46	48	49	56	59	77	81	82	85	86	89	
623	45	46	47	56	83	85	86	87	89	98	
624	46	47	48	52	55	82	83	84	85	86	87	89	90	95	98	99	
625	40	46	47	52	54	66	82	83	83	84	85	86	87	89	90	94	97	
626	11	13	14	15	16	18	19	43	66	81	82	85	88	
627	12	13	15	16	17	17	18	19	20	21	24	70	
628	14	17	18	19	20	21	22	23	24	44	70	78	
629	21	22	24	25	
630	23	25	
643	1	
653	60	63	
654	53	54	55	59	61	
655	52	55	57	59	62	75	
656	24	25	45	52	55	57	58	58	60	61	70	79	84	
657	22	30	44	50	51	51	52	53	55	56	57	58	60	71	79	80	
658	23	43	44	45	46	49	50	50	51	58	66	68	71	79	80	82	84	
659	8	9	11	13	14	16	18	20	27	41	45	48	49	66	68	70	79	80	82	84	85	
660	12	13	14	15	17	19	20	20	23	26	45	70	
661	15	18	20	21	22	24	25	26	74	
662	22	23	23	25	
689	73	
690	24	62	
691	24	54	60	
692	25	55	79	
693	22	23	24	73	
694	22	24	25	74	
1164	9	
1165	43	
1174	38	
1177	45	
1193	22	79	
1201	67	
1212	94	
1224	70	
1233	86	
1235	46	
1237	73	
1243	72	
1246	57	
1250	6	
1259	66	
1277	30	
1289	85	
1295	79	
1296	78	
1309	36	
1312	5	76	
1318	5	
1324	1	
1326	79	
1332	17	
1335	27	
1336	64	
1340	54	
1342	29	
1346	14	
1349	35	40	
1350	13	
1354	80	
1366	45	
1369	94	
1370	26	
1371	48	
1372	46	56	
1373	42	44	47	
1374	12	46	
1375	7	
1376	64	
1379	60	
1380	49	
1383	79	
1384	54	
1391	83	
1393	7	
1402	98	
1403	96	
1405	17	18	26	42	
1406	17	20	22	26	41	46	48	51	56	59	62	68	69	
1407	21	26	41	45	46	47	49	51	55	56	58	67	72	
1408	45	46	47	48	50	58	73	
1409	45	47	48	56	
1414	23	54	
1420	52	
1421	46	50	
1422	46	48	49	
1425	62	
1434	63	
1436	25	
1437	17	
1438	10	13	14	16	17	19	43	73	
1439	12	15	16	17	18	19	21	23	61	68	73	
1440	17	19	21	22	24	26	51	57	58	59	60	
1441	21	22	24	50	51	52	53	55	56	57	59	61	72	
1442	22	25	28	32	45	47	51	52	54	55	56	58	60	70	
1443	6	43	45	46	47	48	49	50	53	
1444	48	56	73	
1445	53	
1454	16	18	19	23	30	43	44	47	52	56	58	68	
1455	21	48	50	52	56	60	72	
1456	49	50	59	
1457	55	82	
1469	100	
1470	9	43	104	
1471	10	12	14	17	20	25	
1472	8	11	13	13	14	16	17	18	18	19	20	24	
1473	15	18	20	21	22	25	26	88	
1474	22	23	23	88	92	97	
1475	25	53	61	63	87	88	92	96	
1476	16	52	52	54	55	56	57	58	58	59	61	73	
1477	46	47	49	50	51	52	53	55	63	74	
1478	45	46	48	49	
1479	55	
1483	19	80	
1486	17	19	41	
1487	11	13	14	15	16	17	18	19	21	26	28	72	
1488	19	20	21	24	53	56	57	59	61	72	
1489	21	23	24	50	51	51	53	54	57	58	64	71	
1490	48	50	
1493	69	
1497	80	
1504	8	11	13	15	17	
1505	10	12	13	14	15	16	17	19	20	22	
1506	17	19	20	22	25	27	
1507	23	50	54	90	91	92	96	
1508	53	86	87	88	89	90	92	93	96	
1509	8	11	12	14	15	16	58	63	77	78	82	83	85	86	87	89	93	93	96	100	
1510	16	16	17	19	53	55	56	57	58	59	61	
1511	48	50	51	52	54	55	57	58	
1512	47	49	51	55	56	
1513	54	57	
1517	30	
1518	17	18	28	42	
1519	10	15	16	18	20	23	29	
1520	11	13	13	15	17	19	21	24	44	69	
1521	12	15	18	21	22	24	56	57	72	
1522	22	22	25	52	55	56	58	60	92	
1523	51	53	54	56	88	92	
1524	54	
1537	8	14	18	
1538	9	11	13	14	16	18	41	
1539	7	12	15	16	17	19	20	24	57	
1540	22	23	51	52	54	59	
1541	49	54	82	85	86	87	88	89	91	95	99	
1542	79	80	82	84	86	90	
1543	5	7	9	10	12	13	14	80	82	84	86	89	
1544	16	17	19	21	56	58	59	61	63	81	85	88	
1545	22	47	49	50	51	52	53	54	55	56	
1546	47	48	50	
1547	30	50	
1550	17	
1551	7	10	15	17	18	41	
1552	11	14	17	18	19	26	40	46	49	
1553	10	13	15	16	17	19	20	21	25	45	69	
1554	13	21	23	23	25	28	57	73	
1555	24	25	52	58	92	
1556	54	58	90	92	94	96	
1557	83	85	86	88	89	95	100	
1558	82	
1566	63	
1570	24	
1571	10	16	
1572	7	10	11	13	13	14	16	19	25	58	
1573	13	15	17	18	19	20	21	24	52	56	59	62	
1574	23	49	50	51	53	54	59	90	93	96	
1575	49	54	78	80	82	83	85	87	90	
1576	12	43	79	82	85	
1577	4	8	9	10	12	13	14	15	16	78	
1578	15	16	17	19	20	23	25	55	56	57	58	58	60	61	79	86	89	96	100	
1579	22	51	52	53	54	63	
1580	46	47	48	50	51	54	67	
1581	38	54	
1583	43	46	
1584	11	14	16	17	18	20	28	43	
1585	8	9	11	13	15	16	17	18	19	22	24	70	
1586	11	14	15	17	19	20	21	58	71	
1587	20	22	23	23	25	56	
1588	22	51	55	56	60	91	93	97	
1589	53	86	87	89	90	92	93	96	
1590	80	81	82	86	87	88	90	92	96	
1591	79	80	82	84	86	95	
1592	88	89	
1601	85	
1604	9	24	
1605	9	11	14	16	41	
1606	7	12	13	15	15	16	17	19	21	25	56	57	61	
1607	18	21	22	24	47	51	52	53	54	58	59	
1608	48	49	52	53	82	85	86	88	88	90	
1609	49	81	85	
1610	13	
1611	8	9	10	14	17	20	
1612	7	13	15	16	17	19	20	58	60	80	84	
1613	21	22	47	51	51	54	55	56	59	63	
1614	46	48	49	51	54	58	
1615	41	49	66	
1616	10	17	18	26	39	
1617	10	13	13	15	17	19	41	46	69	
1618	10	12	14	17	18	19	20	22	25	71	
1619	2	6	13	18	20	22	23	23	25	28	
1620	25	
1621	23	54	87	87	90	91	93	94	96	
1622	63	83	86	87	88	89	91	96	
1623	80	81	82	85	87	88	91	
1624	79	81	84	90	
1625	53	86	
1626	53	53	54	82	
1631	76	
1638	11	14	
1639	3	7	9	10	12	13	14	16	20	
1640	7	15	16	16	17	19	20	24	53	55	56	57	60	62	
1641	18	21	22	47	50	51	52	54	55	58	58	
1642	49	50	54	80	82	84	85	88	92	93	98	
1643	86	89	
1644	13	
1645	8	10	11	13	15	19	
1646	8	15	16	17	19	20	21	56	58	59	61	80	
1647	20	21	22	30	47	51	52	54	
1648	43	44	46	48	48	49	51	54	67	
1649	12	14	17	18	23	39	46	
1650	11	13	15	16	19	21	45	46	66	68	72	
1651	11	14	15	18	19	20	21	22	24	70	
1652	15	21	22	23	25	56	73	
1653	22	53	55	74	88	91	93	
1654	54	87	88	89	90	93	95	97	99	
1655	21	78	80	81	82	84	85	86	89	91	96	
1656	78	79	80	82	84	85	88	95	
1657	79	81	84	89	101	
1658	80	86	89	
1659	7	85	
1670	25	
1671	14	
1672	8	
1673	6	9	10	11	12	13	14	19	24	58	
1674	3	13	17	20	21	53	55	56	57	59	63	
1675	23	47	48	50	51	54	55	
1676	45	47	49	53	86	
1677	59	85	
1679	8	8	10	13	13	14	15	16	18	
1680	13	15	16	18	19	19	21	23	55	57	60	62	
1681	18	18	21	22	25	30	47	50	51	53	53	54	55	56	59	61	
1682	13	29	43	43	45	47	48	50	61	66	69	73	
1683	10	14	18	19	24	50	70	
1684	12	20	22	24	57	69	
1685	21	23	23	25	92	
1686	54	87	91	96	
1687	54	78	82	85	86	87	89	90	94	98	
1688	80	81	82	84	85	86	87	89	92	
1689	79	81	84	91	
1690	79	83	88	
1691	87	
1697	9	
1698	89	
1706	8	13	
1707	2	3	10	11	13	13	14	15	17	20	24	
1708	16	17	19	52	53	55	56	57	59	61	97	
1709	18	23	50	51	54	58	58	
1710	38	42	44	46	50	52	
1711	18	48	48	
1712	10	13	40	46	
1713	5	6	9	11	12	14	15	17	19	23	27	
1714	8	13	15	15	16	17	18	19	20	21	24	61	
1715	18	18	20	21	22	53	54	60	
1716	57	
1717	25	
1718	24	54	73	87	92	96	
1719	54	86	87	89	90	91	94	97	
1720	55	82	84	86	87	88	89	92	93	100	
1721	79	80	82	84	85	87	88	97	99	
1722	78	81	84	88	
1723	83	
1724	83	
1725	86	
1735	26	
1739	11	
1740	4	11	15	
1741	5	6	10	11	13	15	16	
1742	8	17	20	58	60	62	82	84	90	
1743	17	18	20	23	30	51	52	54	55	56	57	59	60	68	
1744	45	45	49	51	55	60	66	
1745	45	48	50	59	71	
1746	9	12	13	15	18	19	21	24	38	43	48	67	71	
1747	6	8	10	12	14	14	15	17	18	20	21	43	71	
1748	12	13	15	20	21	23	24	
1749	22	23	91	93	96	
1750	73	87	91	92	96	
1751	58	87	88	89	90	91	95	97	
1752	82	85	86	87	88	88	89	91	93	96	100	
1753	78	80	82	83	84	85	87	88	91	93	
1754	79	81	83	85	86	90	99	
1755	78	81	84	97	
1757	96	
1771	61	
1773	24	
1774	93	
1775	9	12	
1776	6	11	12	13	14	15	18	81	87	88	96	98	
1777	16	19	23	55	87	90	92	95	
1778	55	73	85	92	
1779	25	65	
1780	9	13	15	16	20	22	23	
1781	12	15	20	22	24	56	
1782	21	22	23	23	25	54	
1783	54	83	86	87	87	89	90	91	95	
1784	81	82	85	86	86	88	88	89	91	94	99	
1785	77	80	81	82	83	84	85	87	89	90	95	102	
1786	80	81	83	85	86	
1787	79	82	83	85	89	
1788	81	83	
1789	43	
1801	69	
1809	9	
1810	11	14	96	
1811	11	81	84	86	88	90	95	98	
1812	10	83	86	87	89	91	94	
1813	7	10	12	14	90	93	95	
1814	13	73	87	90	92	95	97	
1815	88	90	91	93	95	97	
1816	53	86	87	89	91	92	94	97	99	
1817	79	81	82	84	84	85	87	88	91	95	99	
1818	78	79	81	82	83	84	85	87	92	98	
1819	78	80	84	89	97	
1820	80	83	88	95	
1822	89	
1823	71	
1830	102	
1839	47	
1844	88	
1845	14	78	80	82	83	85	89	
1846	14	79	81	83	84	87	88	96	99	
1847	85	87	89	91	
1848	81	82	85	87	88	89	91	95	
1849	77	78	82	85	86	86	87	88	90	
1850	78	80	82	83	84	85	87	88	91	100	
1851	78	80	82	84	
1852	81	85	
1853	92	
1858	86	
1866	76	
1877	20	
1878	102	
1879	81	92	
1880	82	
1881	79	84	
1882	78	81	84	86	90	
1883	79	80	83	85	90	96	
1884	79	82	85	89	
1903	102	
1912	29	
1919	88	
1937	8	
1942	62	
1948	7	
1949	94	
1961	20	
1970	90	
1991	51	
1997	28	
1999	50	
2000	44	
2032	65	
2070	73	
2109	7	
2115	94	
2119	7	
2130	93	
2134	26	
2138	94	
2150	8	
2168	20	
2171	89	
2179	6	
2214	10	
2253	103	
