114	79	80	
118	77	77	78	
152	78	80	
181	24	
219	88	91	95	
220	90	92	
221	16	
250	92	
251	91	92	95	
252	86	88	89	90	92	93	93	96	
253	8	46	83	85	86	88	89	90	91	93	95	101	
254	10	12	14	82	85	86	87	89	91	92	94	96	98	
255	18	88	91	92	96	
256	17	
282	56	60	
283	88	91	93	97	
284	85	86	87	89	90	91	92	94	97	99	
285	82	85	86	87	88	90	91	93	96	99	
286	16	42	43	57	67	82	83	84	85	86	89	90	99	
287	5	11	18	20	42	44	46	47	48	51	81	82	84	85	99	
288	7	9	10	15	21	44	46	48	70	81	82	83	85	93	99	
289	6	10	12	13	14	15	16	18	82	84	85	86	88	89	91	94	98	100	
290	16	17	18	20	88	91	95	
314	58	
315	53	55	57	60	
316	51	52	88	90	91	97	
317	55	82	85	86	87	89	90	91	95	98	
318	16	82	83	83	84	85	86	89	89	94	102	
319	7	8	11	13	15	16	17	17	18	20	44	45	47	72	80	81	82	83	84	88	101	
320	18	18	19	20	21	26	44	45	56	57	60	62	80	81	84	
321	21	23	23	25	45	50	51	52	54	55	56	56	58	60	73	80	
322	3	8	44	45	47	49	50	51	83	
323	6	10	11	12	13	14	49	81	82	83	85	90	
324	8	15	16	17	19	20	83	85	91	93	
325	17	18	21	
347	57	
348	55	56	57	60	
349	50	52	53	53	55	59	88	92	96	
350	50	52	55	81	82	85	86	88	89	90	92	94	96	
351	10	14	16	18	42	81	82	83	83	84	85	88	89	94	104	
352	7	8	10	11	12	14	15	16	17	17	18	19	20	23	44	72	80	82	83	85	
353	12	17	19	20	21	21	23	25	26	
354	20	22	24	56	57	60	
355	22	51	52	54	55	56	58	60	
356	4	33	50	51	52	53	54	65	
357	6	8	10	11	13	14	49	88	91	
358	7	11	12	13	15	15	16	16	17	19	20	23	83	84	88	99	
359	16	17	18	21	22	
381	53	56	60	
382	46	47	50	52	54	56	58	61	
383	49	50	52	53	55	82	85	86	87	89	90	92	93	97	
384	9	11	13	19	67	81	82	84	85	85	89	98	101	
385	4	6	8	10	11	12	14	14	15	16	17	18	18	19	20	26	45	71	80	81	84	
386	4	13	15	17	18	20	20	21	22	24	25	27	
387	21	23	
388	56	57	59	61	
389	51	52	53	54	55	59	93	
390	50	51	53	87	90	93	94	
391	8	9	11	13	14	18	87	
392	2	6	11	12	13	14	15	16	17	18	19	20	22	23	
393	17	21	22	
395	92	
396	91	92	95	
397	87	91	92	95	98	
398	87	88	91	93	95	
399	88	91	92	94	98	
400	88	91	93	93	97	
401	15	86	87	90	91	93	94	97	
402	16	88	91	92	96	
414	58	63	
415	54	55	56	57	57	59	60	61	
416	32	47	48	50	51	52	53	53	54	55	58	
417	9	13	45	46	49	50	82	84	85	89	
418	6	8	9	10	11	12	13	14	15	16	19	81	84	
419	12	15	16	17	17	18	18	19	20	21	22	23	24	
420	3	21	22	24	
421	56	58	60	
422	51	53	54	55	56	57	60	
423	51	52	54	55	87	90	91	93	96	
424	8	53	82	83	85	86	88	89	90	92	96	100	
425	5	6	9	10	11	12	13	14	15	82	86	92	95	
426	1	7	11	12	15	16	18	20	22	25	92	97	
427	87	91	92	95	
428	87	91	92	94	97	
429	82	87	88	89	91	92	94	96	99	
430	82	85	86	87	88	89	90	91	93	94	97	99	
431	82	83	84	85	86	87	89	90	92	94	95	102	
432	40	82	84	85	87	88	89	90	91	92	94	96	98	
433	46	84	85	86	87	88	89	90	91	92	94	96	101	
434	41	82	82	85	86	87	88	89	90	91	92	95	100	
435	6	8	10	13	16	46	82	83	84	85	86	87	88	89	90	94	100	
436	10	12	14	16	17	19	29	82	83	84	85	85	87	90	92	94	100	
437	17	18	20	21	95	
448	58	
449	52	53	55	56	56	57	59	61	64	
450	32	46	47	49	50	50	51	52	53	54	55	55	63	
451	8	10	13	45	48	49	81	84	89	
452	7	11	12	13	14	15	15	16	18	19	23	24	
453	2	17	18	20	21	22	24	25	
454	36	57	
455	53	54	56	57	60	91	
456	52	54	56	60	83	86	87	90	91	93	96	
457	54	82	83	85	86	87	88	90	91	94	98	100	
458	9	14	80	82	84	85	86	90	
459	9	11	13	15	24	88	
460	83	86	89	91	94	
461	82	83	85	86	86	87	88	90	91	93	95	99	
462	42	46	82	85	86	87	88	89	90	91	93	95	97	102	
463	42	46	47	51	67	81	82	83	84	85	86	87	89	90	91	93	95	101	
464	9	17	18	41	43	44	46	47	49	66	81	82	83	84	85	89	90	
465	10	16	19	42	46	48	56	67	80	81	82	83	84	85	88	89	99	
466	16	18	18	19	21	41	43	45	47	48	50	57	58	67	69	81	81	83	83	84	85	99	
467	16	19	20	42	43	44	46	48	51	62	80	81	82	83	84	85	86	
468	19	42	43	44	49	67	68	81	82	82	83	84	85	89	99	
469	8	9	10	12	14	16	18	19	20	21	43	44	47	48	67	82	84	85	88	99	
470	7	12	13	13	14	15	16	18	19	20	20	21	22	27	45	72	80	81	
471	20	21	22	23	
482	57	
483	52	53	55	56	56	57	59	60	61	63	
484	32	47	48	50	50	51	52	54	54	63	
485	6	9	10	13	15	44	45	46	49	50	
486	1	8	12	14	15	18	20	25	
487	21	23	
488	55	60	88	93	97	
489	52	54	60	85	87	88	89	90	92	93	96	
490	52	54	82	83	84	85	86	88	88	89	90	93	93	96	101	
491	80	81	82	84	85	86	87	89	94	
492	12	83	88	
493	5	17	19	39	43	43	46	66	84	
494	6	12	17	18	20	27	39	43	46	66	82	84	86	88	93	101	
495	11	17	18	19	43	46	66	70	81	82	83	84	85	88	100	
496	16	18	18	19	20	21	27	29	43	44	46	48	52	55	57	59	62	65	68	81	82	83	84	88	
497	13	17	19	20	21	44	45	47	48	50	52	55	56	58	59	61	69	80	81	83	
498	13	16	18	19	20	21	22	28	42	43	45	47	48	50	55	67	68	81	83	85	
499	19	20	21	21	23	24	26	44	45	49	59	64	80	
500	17	18	19	20	21	22	23	23	25	27	37	38	43	45	49	52	54	55	56	59	61	63	66	68	
501	20	21	22	24	30	38	45	50	54	59	65	
502	15	19	21	23	24	25	53	64	
503	4	7	9	12	14	19	21	22	23	24	26	44	76	83	
504	5	20	22	24	
505	22	23	
507	87	87	88	
516	58	
517	52	55	56	56	57	59	60	63	
518	48	50	51	52	52	53	54	54	
519	3	8	9	44	45	46	47	49	49	50	
520	6	12	13	15	15	
521	83	87	88	90	91	92	94	97	
522	53	55	86	87	88	89	90	91	93	94	97	
523	55	68	81	82	83	84	85	86	87	89	90	94	101	
524	16	47	50	55	81	82	84	85	86	89	
525	16	18	42	45	47	70	80	84	
526	12	14	16	16	17	19	20	21	43	43	45	59	69	
527	14	17	18	18	19	20	20	21	23	27	43	44	45	48	48	50	56	58	66	71	
528	11	15	17	18	19	20	21	44	45	50	70	83	
529	7	11	13	13	15	17	19	20	21	22	23	43	45	48	69	
530	15	17	19	20	21	22	23	24	25	27	65	
531	14	21	22	24	25	54	63	
532	21	23	23	25	54	
533	5	24	55	
534	22	24	
535	23	25	54	
536	23	26	
549	63	
551	55	57	58	59	62	
552	33	51	52	53	54	54	55	56	56	57	59	60	
553	45	46	47	49	50	50	51	53	63	66	
554	3	6	43	45	46	47	57	100	
555	38	81	82	83	84	85	86	87	89	90	91	93	95	102	
556	17	42	46	54	81	82	83	83	84	85	86	88	89	90	92	100	
557	17	18	43	47	51	53	68	69	80	82	83	84	85	87	89	100	
558	12	14	16	17	19	19	27	42	44	47	67	82	82	83	83	
559	8	10	11	14	15	16	17	18	19	19	20	24	26	38	43	45	46	67	72	
560	7	10	12	13	15	17	18	19	20	21	22	23	44	45	
561	14	19	20	21	22	24	25	45	69	
562	21	23	24	25	26	54	65	
563	21	23	24	25	
564	24	73	
570	24	24	25	
585	58	
586	52	54	55	55	57	57	59	60	61	62	
587	31	42	50	51	51	52	53	53	54	54	55	56	57	58	60	
588	31	42	44	45	45	46	47	48	48	49	50	51	52	57	
589	19	42	44	45	47	48	50	57	67	81	81	82	84	88	100	
590	12	13	16	17	19	20	20	43	44	45	47	49	63	67	69	81	82	84	
591	6	9	11	14	15	17	18	18	19	20	21	22	25	26	44	45	48	72	
592	11	13	14	15	18	19	20	21	22	24	26	44	70	74	84	
593	7	11	20	21	22	23	23	24	
594	22	24	25	73	
595	23	25	
620	58	60	63	
621	52	53	54	55	55	57	59	61	
622	31	47	50	51	54	54	65	
623	10	14	24	44	45	49	53	63	64	70	
624	12	14	18	19	21	22	23	24	44	74	
625	20	21	22	24	24	26	
626	22	23	23	24	
627	22	24	
657	23	
658	25	
797	75	
1169	3	
1177	6	
1183	96	
1184	64	
1192	30	
1198	50	
1203	8	
1216	14	
1228	98	
1233	19	32	
1251	16	
1253	4	
1259	103	
1266	32	
1270	82	
1274	75	75	76	76	80	
1276	60	
1285	104	
1287	53	
1288	63	
1298	23	
1304	84	
1308	36	
1309	28	
1326	95	
1336	42	
1337	33	
1339	17	
1340	50	
1341	67	
1342	49	
1344	51	
1351	96	
1368	60	
1372	17	43	
1373	43	
1374	17	35	41	46	58	
1375	18	22	25	43	45	47	49	55	57	
1376	39	45	46	47	49	55	71	
1377	46	50	58	
1382	53	
1386	83	
1391	5	
1396	76	
1399	63	
1405	17	20	43	
1406	17	18	20	42	44	46	
1407	10	15	16	19	22	45	46	50	68	71	
1408	16	18	18	19	21	23	43	48	57	59	63	
1409	17	20	21	24	45	49	51	53	55	57	58	60	73	
1410	21	22	27	42	44	48	49	50	51	55	58	58	60	
1411	43	44	46	48	49	50	52	
1412	47	52	
1427	4	74	
1436	4	
1437	15	
1438	13	17	
1439	11	14	16	17	19	22	24	45	68	
1440	15	17	18	19	20	22	24	26	43	
1441	12	21	22	23	25	50	
1442	22	25	
1443	23	25	60	92	
1444	16	52	53	54	55	56	57	58	60	62	65	
1445	43	44	45	47	48	50	51	52	53	54	57	59	
1446	45	47	49	50	51	53	
1447	50	
1454	53	
1461	7	
1469	32	
1470	16	
1471	11	14	17	18	
1472	8	10	11	14	15	16	17	19	20	26	43	69	
1473	10	12	13	15	16	17	18	19	19	20	22	23	28	44	56	71	
1474	21	22	24	26	75	
1475	22	25	54	61	88	92	98	
1476	90	92	94	95	
1477	7	9	11	14	82	86	87	89	90	94	99	
1478	16	56	57	60	62	87	91	97	
1479	17	18	47	51	52	54	54	55	56	58	58	60	
1480	44	47	48	49	50	51	53	55	57	60	
1481	45	48	53	
1484	98	
1487	46	51	68	
1490	46	
1494	74	
1502	46	
1504	9	
1505	6	9	11	13	14	15	16	18	19	20	27	43	
1506	11	12	15	17	18	18	19	20	21	36	56	58	68	
1507	20	21	23	24	52	56	
1508	52	53	55	87	90	91	94	
1509	55	82	83	85	86	87	89	92	93	95	
1510	82	83	84	85	86	88	89	92	95	99	
1511	8	10	15	17	19	81	82	83	85	
1512	6	12	13	15	16	17	18	19	28	28	57	57	62	82	83	85	89	
1513	17	20	21	22	46	52	55	56	58	60	
1514	45	47	48	49	50	51	53	55	58	58	
1515	45	49	53	56	
1516	27	28	51	57	68	
1517	40	
1518	28	40	48	56	
1519	35	46	51	
1520	46	48	
1521	46	51	67	
1522	22	44	46	59	
1523	39	44	46	48	49	
1525	48	97	
1528	68	89	
1535	69	
1536	9	33	
1537	11	
1538	7	8	11	13	14	15	18	
1539	11	12	14	15	16	16	17	19	19	21	24	73	
1540	13	18	21	22	23	24	26	57	58	60	
1541	23	49	51	53	55	56	87	91	92	94	97	
1542	54	57	81	83	85	86	88	90	93	98	
1543	53	80	81	84	86	89	
1544	9	19	81	84	
1545	9	11	12	13	15	16	17	19	84	98	
1546	8	12	15	16	17	18	18	20	22	24	44	56	57	58	61	71	84	
1547	21	21	22	24	47	51	52	54	55	56	57	58	60	
1548	45	46	47	48	50	51	53	54	55	61	
1549	43	46	49	
1550	45	48	
1551	17	19	40	44	47	54	57	61	66	
1552	17	18	20	25	38	42	45	46	47	49	52	57	
1553	18	20	43	44	46	47	49	53	57	60	64	68	69	
1554	20	23	27	29	38	43	44	46	47	49	51	
1555	19	21	39	44	47	48	50	57	59	69	
1556	19	21	26	40	43	47	49	55	57	60	65	66	70	
1557	23	26	42	44	47	49	51	54	56	57	60	
1558	44	45	46	47	48	49	51	54	70	
1559	45	49	
1564	89	
1565	71	
1571	9	
1572	8	9	11	12	13	13	14	15	15	17	
1573	12	15	16	17	18	19	20	21	22	24	27	52	56	57	59	60	62	73	
1574	22	46	48	50	50	51	53	53	55	92	
1575	48	50	84	85	86	87	88	90	91	95	100	
1576	81	82	84	86	90	93	100	
1577	11	17	44	83	
1578	8	10	13	14	16	17	19	20	26	28	
1579	5	9	10	12	13	15	16	17	17	19	20	21	22	24	26	43	46	70	
1580	17	18	19	20	21	22	24	25	56	57	58	59	61	
1581	22	25	33	47	50	51	52	53	54	56	57	57	60	66	
1582	38	43	43	45	46	47	48	49	50	52	54	55	61	68	
1583	14	27	43	44	47	48	50	
1584	10	15	17	19	21	23	27	44	48	48	58	65	66	
1585	13	15	16	18	19	20	21	25	27	45	70	
1586	17	19	21	22	24	44	49	53	54	56	58	58	63	63	68	74	
1587	20	22	24	27	45	49	51	55	56	60	69	
1588	19	21	22	24	49	51	54	55	59	64	71	
1589	20	22	23	25	45	49	54	60	64	
1590	22	24	45	52	54	55	57	58	59	62	
1591	21	22	24	45	51	52	53	54	55	56	57	59	61	
1592	49	50	51	52	54	56	59	
1593	48	50	
1601	75	
1604	22	46	
1605	4	9	12	13	
1606	5	6	10	11	12	14	14	15	20	23	28	57	
1607	16	17	20	21	24	51	52	54	55	56	58	58	60	73	
1608	46	47	49	50	51	52	53	55	87	90	
1609	49	53	81	82	83	84	86	91	
1610	9	16	19	82	84	
1611	10	12	14	17	18	20	24	24	43	45	
1612	4	7	10	11	13	13	14	16	17	17	19	20	21	23	26	69	
1613	12	15	16	18	19	20	21	22	24	
1614	22	23	25	58	62	
1615	52	54	55	56	60	
1616	25	30	45	51	52	53	55	57	60	63	68	
1617	45	48	55	65	
1618	12	15	21	23	24	
1619	21	23	23	25	
1620	24	
1621	23	25	
1622	93	93	97	
1623	92	
1624	93	
1625	21	52	53	55	58	91	92	97	
1626	50	52	54	88	91	92	97	
1639	8	8	11	18	
1640	4	7	10	11	13	14	15	15	57	58	
1641	16	17	18	19	20	23	24	51	52	55	56	57	59	62	
1642	31	44	46	47	49	50	52	53	55	58	66	85	
1643	11	13	43	45	46	49	67	85	89	
1644	10	13	14	18	19	43	47	
1645	8	10	12	13	15	16	17	18	19	19	21	23	23	25	28	43	47	69	
1646	7	11	15	18	19	20	21	21	22	24	
1647	21	22	23	24	25	74	
1652	93	97	
1653	87	88	90	91	92	93	96	
1654	87	88	90	91	92	95	97	
1655	86	87	88	90	91	92	93	94	96	
1656	36	36	36	83	85	86	87	89	90	91	93	94	97	
1657	83	85	86	87	90	92	93	95	98	
1658	44	45	82	86	88	89	90	91	94	97	99	
1659	82	86	87	89	89	90	92	94	97	100	
1660	82	85	86	89	93	96	
1661	82	87	
1667	12	
1673	6	9	14	
1674	5	8	10	11	12	13	14	15	17	21	
1675	17	18	18	21	23	25	52	55	56	57	58	60	74	93	
1676	17	32	42	51	53	55	66	
1677	10	15	16	44	48	48	83	
1678	9	11	13	14	15	16	18	19	20	21	23	23	25	26	44	68	93	
1679	12	14	15	19	20	21	24	25	
1680	21	23	24	
1682	91	93	98	
1683	88	90	90	91	92	93	94	95	
1684	83	87	88	90	91	92	93	94	95	98	
1685	86	87	88	89	90	91	93	93	95	98	
1686	82	83	85	86	87	89	90	92	94	97	100	
1687	81	82	83	84	85	85	86	89	92	94	99	
1688	81	82	82	83	84	84	85	85	86	89	90	92	95	99	
1689	81	82	83	83	84	85	86	88	89	94	99	
1690	35	81	82	84	84	85	87	89	103	
1691	80	81	83	84	85	87	89	94	101	
1692	81	83	83	84	85	87	89	92	93	101	
1693	81	83	83	84	85	87	89	92	95	
1694	80	83	84	86	88	
1696	60	
1707	8	14	
1708	3	5	8	9	11	14	15	21	
1709	6	13	15	18	82	85	87	89	91	94	98	
1710	16	17	19	20	
1711	12	18	22	24	
1712	13	20	22	24	
1713	22	23	25	
1714	92	93	96	
1715	55	87	87	90	90	91	92	94	96	98	
1716	82	86	87	88	89	90	91	93	94	95	101	
1717	82	82	83	84	85	85	87	89	90	91	95	98	
1718	81	81	82	83	84	84	85	85	87	89	90	91	95	101	
1719	80	81	82	83	83	84	85	86	89	91	
1720	81	82	84	85	87	89	
1721	80	81	84	86	88	
1722	81	84	86	89	
1723	82	83	84	86	
1724	81	83	85	93	
1725	92	94	101	
1726	85	
1727	85	
1731	94	94	94	96	
1739	14	
1741	5	25	
1742	5	9	11	14	
1743	7	9	10	11	12	13	14	15	82	84	87	89	97	
1744	12	12	14	15	18	20	23	75	83	87	91	93	97	
1745	91	92	97	
1746	87	88	91	92	93	95	97	
1747	87	87	90	90	91	93	94	95	96	
1748	82	87	88	89	90	91	95	97	99	
1749	81	81	82	83	84	85	86	87	88	90	92	100	
1750	80	81	82	83	84	85	87	89	90	96	99	
1751	80	82	83	84	85	88	90	94	
1752	80	81	84	87	91	95	
1753	81	84	
1754	83	84	88	102	
1755	86	
1759	86	
1770	27	
1772	21	
1776	8	
1777	5	10	12	15	
1778	6	8	13	15	82	83	84	85	87	88	90	93	101	
1779	85	86	87	89	90	91	92	94	96	100	
1780	82	83	85	85	86	87	88	89	91	94	96	100	
1781	81	82	83	84	85	85	87	88	89	92	96	99	
1782	80	81	82	83	84	85	86	88	89	91	94	
1783	79	80	81	84	85	90	
1784	81	83	83	85	
1785	83	
1787	89	
1790	89	
1799	3	79	
1811	88	99	
1812	81	84	92	98	98	
1813	81	82	83	84	85	86	87	89	91	100	
1814	80	81	83	83	84	85	86	89	94	102	
1815	80	81	83	84	86	91	
1816	82	83	88	89	96	
1817	85	
1819	84	
1820	89	
1824	66	
1825	3	
1827	57	
1828	102	
1846	88	
1847	84	91	99	
1848	85	
1849	64	
1857	3	
1858	15	
1862	3	
1863	4	
1869	86	
1879	63	
1880	90	
1881	83	91	
1882	88	
1883	91	
1887	91	
1889	77	
1897	86	
1902	89	
1905	67	
1906	58	
1922	16	
1930	42	
1935	7	
1938	99	
1940	69	
1943	10	62	
1944	101	
1945	69	
1946	98	
1954	4	60	
1958	30	
1961	84	85	
1978	28	
1980	57	
1990	8	
1994	13	
2001	82	
2040	70	
2041	60	
2055	72	
2057	57	
2075	41	
2076	61	
2084	75	
2098	34	
2100	94	
2109	28	
2111	18	
2112	28	
2122	7	
2143	10	
2156	8	
2193	23	
2215	11	19	
2219	24	
2226	9	
2255	11	
2260	8	
