146	31	32	
220	92	
221	87	88	90	92	
222	83	85	87	88	88	90	92	94	97	
223	86	87	89	91	92	94	
224	93	
250	20	
251	16	16	16	17	18	
253	87	89	91	96	
254	82	85	86	87	89	91	92	94	97	
255	81	82	84	85	89	94	
256	9	14	79	81	83	84	85	86	89	95	
257	11	15	76	77	80	82	84	85	86	87	89	92	95	
258	16	82	85	85	86	88	89	91	96	
259	17	88	
265	88	92	
284	2	
285	15	15	
286	52	78	85	87	88	89	91	93	95	
287	80	82	84	85	86	88	89	91	93	96	
288	18	39	56	76	80	82	83	84	85	86	89	94	
289	19	40	43	45	46	47	49	67	71	76	77	78	79	83	84	
290	9	27	41	45	46	47	48	50	76	78	79	81	
291	4	10	12	14	72	76	79	80	83	
292	6	8	11	12	14	15	16	76	77	78	79	81	83	83	84	86	91	93	
293	16	17	17	18	19	82	
298	83	87	88	89	91	94	
299	83	86	87	89	91	93	94	
300	16	17	
318	52	55	57	
319	50	52	55	57	86	87	89	91	95	
320	80	81	83	84	85	86	87	89	92	95	
321	19	40	76	79	80	81	84	85	
322	8	11	12	13	14	16	17	18	19	27	68	78	79	
323	18	20	20	21	23	34	48	51	52	53	54	55	56	57	58	61	64	69	
324	22	24	42	44	45	46	47	49	50	73	
325	4	9	44	48	
326	6	8	10	11	12	13	13	14	15	19	79	99	
327	1	12	15	16	17	18	19	20	20	22	24	
330	87	89	92	
331	37	82	83	85	86	87	89	90	93	94	96	
332	81	83	84	85	86	89	93	97	
333	6	10	11	14	16	76	77	79	80	82	84	85	88	
334	13	16	17	18	19	78	86	
335	17	
351	52	54	58	
352	50	52	54	85	86	89	92	94	98	
353	78	81	83	84	85	86	89	93	96	
354	16	77	79	80	81	84	
355	8	9	11	12	14	15	16	17	18	19	27	68	78	
356	13	18	19	20	21	22	23	24	26	57	73	
357	22	25	52	53	54	55	56	57	60	
358	46	47	49	50	50	54	
359	9	13	45	66	91	
360	6	7	10	11	12	13	14	14	16	18	
361	12	17	17	20	21	23	
362	22	87	91	
363	51	83	87	89	91	93	96	
364	37	78	81	82	85	86	87	88	90	92	94	98	98	
365	75	77	80	81	82	84	85	89	
366	9	13	16	17	18	20	38	43	44	67	77	79	80	
367	6	11	12	13	14	15	16	17	18	19	21	23	26	71	79	
368	13	15	20	21	22	25	26	
369	21	23	
383	56	
384	52	55	
385	50	51	54	86	88	89	91	95	
386	40	49	79	81	82	84	85	87	88	89	94	
387	9	11	13	16	76	79	80	84	
388	7	11	12	13	14	16	17	17	18	19	20	26	29	69	79	
389	3	7	12	15	19	20	21	22	23	24	
390	22	57	
391	52	53	54	55	59	
392	46	48	50	51	54	88	91	98	
393	8	10	13	82	85	88	96	
394	6	11	12	14	15	16	18	19	24	
395	22	88	89	92	95	
396	53	86	87	88	89	90	93	95	
397	77	81	82	84	85	88	90	95	
398	9	29	42	77	79	80	81	83	84	88	
399	11	13	13	14	15	16	17	18	18	19	20	65	68	78	
400	11	14	17	20	21	22	24	45	70	
401	3	22	23	24	
402	23	
416	56	
417	52	56	
418	48	50	51	53	53	55	87	89	91	94	
419	49	81	84	85	86	89	91	94	
420	8	10	13	14	19	77	79	80	83	84	
421	5	11	12	14	15	17	18	19	20	70	79	
422	21	22	24	
423	88	97	
424	56	87	92	98	
425	47	50	51	52	54	55	58	88	91	
426	49	81	85	88	91	97	
427	7	11	12	14	15	80	82	85	89	97	
428	24	87	
429	37	77	81	83	86	87	90	92	95	
430	37	42	46	66	78	79	80	82	84	85	86	94	
431	9	14	16	17	18	30	42	67	77	79	80	83	
432	6	9	11	12	13	14	15	16	17	19	19	70	78	
433	16	18	19	20	21	22	24	25	27	
434	22	24	25	
435	25	
449	57	
450	52	
451	48	49	51	54	88	91	
452	54	82	83	84	86	88	89	93	96	
453	10	16	18	28	39	66	76	78	79	80	81	83	85	
454	7	11	12	14	15	21	23	
455	4	25	91	
456	83	86	87	90	91	95	
457	78	82	85	86	87	89	91	93	95	98	
458	55	57	77	80	81	82	84	85	86	87	88	89	91	94	96	
459	51	53	80	82	84	85	86	87	88	89	90	92	93	95	
460	80	82	83	85	86	88	89	91	94	
461	4	81	85	88	95	
462	16	41	77	89	95	
463	9	13	16	18	40	67	77	80	84	
464	11	13	15	16	17	18	19	20	69	79	
465	12	14	18	19	20	21	23	24	26	45	69	
466	21	22	24	25	
467	23	24	
468	48	
469	48	49	
483	52	57	
484	47	50	51	53	54	55	92	
485	49	83	84	86	87	90	92	95	
486	10	18	58	79	81	83	85	93	
487	13	17	19	27	45	56	68	
488	21	22	24	43	44	47	48	48	50	
489	46	47	48	49	52	
490	46	77	80	82	84	85	89	
491	10	76	79	80	81	83	83	84	85	87	89	93	
492	7	77	78	78	79	80	82	83	85	86	88	89	95	
493	76	77	79	80	81	83	83	84	86	88	89	92	94	
494	39	77	78	79	80	82	84	85	87	90	94	
495	8	12	14	16	18	28	41	80	85	88	
496	10	12	13	16	17	19	19	20	41	65	68	69	77	80	83	
497	7	10	12	13	15	15	16	17	18	18	19	20	21	24	27	70	
498	15	17	21	22	23	24	25	26	
499	22	23	24	
516	56	72	
517	50	51	52	55	
518	46	48	49	51	54	82	86	88	90	92	96	
519	8	67	80	81	83	85	86	89	91	96	
520	7	11	12	13	14	15	16	18	79	83	
521	18	20	22	25	52	53	55	57	
522	51	51	52	54	56	57	59	62	63	
523	46	48	48	49	50	51	53	56	92	
524	32	41	50	81	85	91	
525	38	47	49	69	78	
526	80	84	
527	17	41	77	78	80	84	87	
528	9	11	13	15	16	17	41	68	80	84	
529	6	11	12	14	15	16	17	18	18	19	20	41	65	70	
530	12	15	15	17	18	19	21	21	23	23	24	25	28	69	71	
531	21	22	23	24	
532	22	
550	51	53	56	61	
551	46	47	48	49	50	51	54	
552	81	84	87	90	
553	9	11	12	14	15	79	80	83	84	86	89	97	
554	13	15	17	19	20	24	
555	52	56	86	87	89	91	
556	51	52	53	55	56	87	88	88	90	91	93	96	
557	49	57	82	85	87	89	91	96	
558	37	48	52	55	57	61	
559	47	49	51	
560	9	42	49	
561	8	10	11	13	14	16	39	68	
562	7	11	12	13	14	15	16	16	17	18	19	19	20	21	26	65	70	
563	12	14	15	18	19	19	20	21	22	24	25	27	70	
564	20	22	23	24	25	
565	25	
583	58	
584	51	52	52	53	54	55	56	56	60	
585	36	42	46	47	47	48	49	49	50	50	51	54	58	
586	9	31	43	44	46	48	73	79	83	101	
587	5	7	10	12	13	14	78	82	
588	78	87	95	
589	81	82	84	86	88	93	99	
590	46	66	76	78	79	80	81	83	83	84	85	90	94	
591	79	81	84	
592	49	52	54	92	
593	49	
594	9	11	14	16	39	44	65	66	
595	7	9	10	12	12	14	15	16	17	18	18	19	20	24	27	68	
596	13	15	17	18	19	20	20	21	22	23	24	
597	2	21	22	24	
598	23	
618	33	51	52	52	53	54	55	56	57	59	
619	41	43	45	47	48	50	51	51	53	54	56	58	60	
620	31	36	39	42	44	45	46	47	48	49	67	71	
621	5	15	19	26	40	43	46	47	48	57	59	67	69	73	
622	19	20	39	42	43	46	48	49	55	57	59	67	68	76	80	
623	19	40	43	44	46	47	49	67	70	78	80	83	
624	26	41	46	47	48	51	62	69	79	
625	47	52	54	78	
626	39	82	85	
627	6	10	12	13	14	16	16	19	28	67	69	79	
628	7	10	12	13	14	15	16	17	18	19	20	21	44	69	
629	5	17	18	19	20	21	22	23	24	25	
630	21	23	25	
652	55	
653	52	53	54	55	59	
654	28	45	53	54	55	59	62	63	
655	24	45	52	55	58	63	
656	22	24	25	26	35	44	53	55	56	57	58	62	71	
657	17	23	23	25	26	36	45	50	51	52	53	54	55	56	57	59	61	
658	25	31	42	44	45	46	46	47	48	49	50	50	52	56	66	70	
659	29	39	43	44	45	47	48	66	72	
660	7	8	10	12	14	16	18	19	39	65	68	
661	10	12	13	14	15	17	18	19	20	21	23	26	29	68	
662	12	15	20	21	22	23	23	25	
663	21	23	25	
691	14	52	54	55	56	59	
692	12	50	54	61	
693	25	45	49	
694	6	12	14	24	25	27	65	70	
695	15	21	23	23	25	
696	24	
1176	9	
1183	97	
1204	2	61	
1207	28	
1226	15	
1229	95	
1232	39	
1234	11	
1246	5	
1251	88	
1254	1	
1263	18	
1268	85	
1277	74	
1289	14	
1301	35	
1304	89	
1312	52	
1319	9	
1323	68	
1336	11	
1339	28	
1343	23	
1344	28	
1346	65	
1347	31	
1348	5	30	
1349	66	
1370	17	
1375	40	
1376	20	42	47	57	
1377	16	29	36	38	47	56	68	
1378	18	21	43	44	46	47	50	
1379	26	42	46	47	69	
1380	40	47	
1382	48	
1395	76	
1407	18	
1409	16	18	19	26	40	43	66	
1410	13	15	17	19	20	58	71	
1411	16	18	18	20	21	23	24	26	44	51	53	53	56	57	62	69	
1412	21	22	23	26	44	48	49	50	51	54	56	57	60	71	
1413	22	26	29	44	47	48	49	50	52	54	57	62	68	70	
1414	40	44	46	47	49	67	72	
1418	23	
1420	27	
1421	47	48	
1436	38	
1439	5	38	
1440	17	
1441	11	13	13	13	14	14	14	17	21	25	
1442	12	13	15	16	17	19	28	39	67	
1443	13	14	16	18	18	20	22	23	72	
1444	13	15	22	25	27	45	65	71	93	
1445	23	86	88	91	
1446	52	53	55	57	62	86	87	89	91	94	97	
1447	18	19	48	50	51	52	54	55	56	58	
1448	43	45	46	47	49	50	53	
1449	44	48	
1451	55	
1453	17	41	57	
1454	16	18	19	22	26	40	47	49	55	
1455	20	27	45	46	47	49	52	55	70	
1456	43	49	62	71	
1457	75	
1458	102	
1474	20	42	
1475	8	9	12	13	15	16	19	67	
1476	11	15	17	18	19	20	23	23	71	
1477	21	22	25	52	88	92	
1478	23	86	87	89	91	95	
1479	9	78	81	82	85	86	90	94	
1480	10	12	14	15	76	77	80	81	84	85	88	
1481	16	17	19	51	52	53	54	55	56	59	62	77	86	95	
1482	18	23	45	46	47	49	50	51	54	
1483	43	49	
1484	8	41	65	
1485	16	20	34	40	
1486	14	17	19	26	41	66	68	
1487	11	14	16	18	19	20	23	24	57	72	
1488	18	20	21	23	28	30	50	51	53	54	55	56	58	61	65	70	
1489	22	24	33	45	47	48	49	50	52	55	59	
1490	44	48	
1502	61	
1505	19	
1506	20	
1507	10	14	
1508	10	11	13	15	17	19	21	
1509	7	12	15	18	18	19	20	22	26	70	
1510	22	23	23	25	49	52	55	93	
1511	54	85	86	91	95	
1512	49	77	82	84	85	87	90	94	
1513	16	78	79	81	84	
1514	5	7	8	9	11	14	15	16	58	80	83	
1515	13	15	16	16	17	19	20	21	25	47	50	51	52	54	55	57	61	78	83	
1516	22	45	46	48	48	49	51	93	
1517	37	39	44	46	
1518	10	15	18	
1519	11	13	16	18	20	22	26	42	69	
1520	12	13	15	19	20	21	23	69	
1521	22	24	25	27	57	72	
1522	22	51	53	54	55	57	90	91	
1523	52	55	82	86	87	89	90	95	
1531	48	84	
1536	60	
1540	9	18	22	
1541	8	10	12	14	17	19	21	68	
1542	12	13	14	15	16	18	19	20	22	24	53	56	
1543	21	22	50	52	54	92	
1544	49	52	55	58	82	85	87	88	90	95	
1545	48	77	80	82	84	85	88	96	
1546	10	79	84	
1547	10	69	84	85	
1548	7	9	11	12	14	15	16	17	18	20	56	
1549	17	18	20	21	22	24	46	47	51	52	54	55	58	59	
1550	22	31	37	40	44	47	50	54	89	
1551	14	16	42	68	71	
1552	7	10	15	16	19	24	64	67	
1553	7	13	15	17	18	20	21	24	
1554	24	25	52	88	92	
1555	86	88	88	90	92	93	96	
1556	53	78	82	86	88	88	91	93	
1557	58	76	78	79	80	82	83	85	92	96	98	
1558	79	85	96	
1568	85	
1572	94	
1573	10	16	
1574	9	11	14	17	18	20	
1575	7	11	13	15	17	19	20	22	24	26	68	
1576	21	23	24	52	54	58	
1577	23	49	54	57	81	83	84	86	88	89	95	
1578	47	52	76	78	80	81	83	85	
1579	41	43	46	79	
1580	9	20	27	41	46	48	70	79	
1581	9	10	13	14	20	80	
1582	6	12	13	14	15	16	17	19	20	24	43	52	55	58	69	
1583	17	18	21	22	25	39	47	49	50	53	
1584	9	44	46	49	72	84	
1585	13	14	19	44	64	68	
1586	8	22	25	70	
1587	23	24	52	53	55	56	88	90	92	97	
1588	51	53	82	85	87	89	91	94	97	
1589	76	78	82	83	84	87	90	
1590	79	82	84	86	
1591	79	83	
1592	83	
1593	53	72	
1598	98	
1603	45	
1604	42	
1605	15	
1606	14	41	
1607	6	9	11	13	17	19	39	
1608	12	14	15	17	19	20	23	23	25	56	
1609	22	24	51	54	57	93	
1610	50	53	87	89	92	95	
1611	16	36	41	45	68	76	78	80	
1612	17	19	28	32	42	55	57	64	68	79	
1613	17	19	20	22	25	31	37	40	42	46	47	49	51	54	56	59	64	
1614	21	23	23	26	29	42	44	46	49	65	69	
1615	7	9	11	13	14	15	16	18	21	24	67	69	
1616	1	7	13	16	18	19	20	21	23	26	54	56	60	
1617	21	22	45	48	50	55	
1618	10	63	71	
1619	51	52	54	87	
1620	85	86	89	92	94	96	
1621	77	80	81	84	85	86	89	91	
1622	76	77	79	80	81	83	85	87	88	
1623	80	84	87	
1624	9	78	95	
1625	88	
1626	98	
1633	86	
1639	8	15	
1640	10	14	16	19	
1641	6	11	12	15	16	18	20	23	56	
1642	17	20	22	25	46	50	
1643	82	86	88	89	91	96	98	
1644	15	80	83	83	85	87	88	90	
1645	12	13	16	18	24	98	
1646	15	16	17	18	19	21	24	33	56	
1647	20	21	22	23	25	26	51	52	54	58	64	
1648	22	24	28	44	64	
1649	9	11	14	25	44	63	70	
1650	23	24	27	53	57	
1651	23	50	51	53	54	57	63	87	92	
1652	50	52	56	87	88	91	93	95	
1653	78	82	83	85	86	88	90	92	94	
1654	76	78	80	81	82	84	85	86	88	94	
1655	78	80	83	
1656	79	86	
1657	81	86	
1669	11	
1673	20	
1674	6	8	10	11	13	13	14	16	18	19	20	41	72	
1675	15	18	19	20	22	24	47	51	53	54	58	
1676	22	48	48	50	86	92	94	
1677	41	77	79	80	83	85	
1678	6	8	10	13	39	78	80	85	
1679	6	10	11	13	14	15	16	17	18	19	
1680	11	13	15	16	17	19	20	21	24	
1681	22	55	
1684	49	51	52	54	88	91	93	96	
1685	51	54	82	82	85	86	87	88	88	89	91	93	95	
1686	77	79	81	81	83	83	84	86	87	89	95	
1687	75	77	79	80	83	84	86	89	98	
1688	79	82	85	
1689	54	78	
1697	88	89	89	91	
1699	101	
1706	17	
1707	6	9	11	13	14	17	18	21	58	
1708	6	12	13	15	16	17	19	20	51	52	55	57	61	
1709	17	18	20	21	22	24	34	41	45	47	49	50	52	54	
1710	23	42	45	47	49	51	60	68	
1711	38	39	46	66	83	
1712	9	11	13	15	17	19	26	66	69	
1713	3	7	11	12	14	17	18	18	19	20	22	24	
1714	21	22	24	
1715	6	11	14	16	22	78	83	89	97	
1716	52	57	
1717	49	50	51	53	54	55	56	87	88	91	96	
1718	50	81	82	84	85	86	87	89	90	92	94	
1719	76	77	78	79	80	81	82	83	84	86	90	94	
1720	77	78	79	81	84	95	
1721	79	
1722	79	95	
1723	90	
1727	18	19	19	21	
1741	8	8	10	11	12	13	14	15	16	
1742	12	15	16	16	18	19	20	24	51	53	54	55	59	62	93	
1743	17	18	21	22	35	49	53	55	58	58	62	
1744	45	62	73	
1745	15	20	24	69	
1746	3	7	12	15	18	20	22	24	88	
1747	4	15	22	23	25	
1748	14	
1749	53	58	
1750	52	54	57	87	88	89	91	95	
1751	50	53	77	81	82	85	86	87	89	90	93	95	
1752	53	60	78	78	79	80	82	83	84	86	88	92	97	100	
1753	77	79	82	84	
1754	79	83	
1759	56	
1769	24	
1774	12	15	
1775	5	7	8	10	12	14	
1776	12	13	15	18	20	78	83	91	
1777	82	85	85	86	87	88	89	90	92	93	95	96	
1778	86	88	89	90	92	97	
1779	86	87	89	90	94	97	
1780	25	83	85	86	88	89	91	94	96	
1781	16	
1783	50	52	54	86	87	90	93	95	
1784	82	83	84	85	86	87	89	91	93	96	
1785	76	77	79	79	80	82	84	85	87	88	90	94	98	
1786	79	82	92	
1794	20	20	
1807	13	
1809	11	14	
1810	14	81	87	89	
1811	75	76	78	79	80	81	82	83	84	85	88	
1812	10	76	77	78	79	81	82	83	84	85	87	89	98	
1813	12	77	81	82	84	85	86	89	93	
1814	7	9	10	12	14	76	77	80	82	84	84	86	96	
1815	12	45	52	80	83	85	87	88	91	94	
1816	52	54	85	86	88	89	90	92	96	
1817	77	81	82	83	84	85	86	89	90	96	
1818	77	78	79	81	83	84	85	86	89	
1819	79	
1820	79	
1821	76	
1823	71	
1835	101	
1843	90	
1844	19	79	
1845	80	84	100	
1846	78	80	
1847	9	79	83	88	88	
1848	8	11	79	84	89	95	
1849	6	6	7	76	78	79	82	84	86	90	95	
1850	77	78	80	81	83	83	84	86	87	90	97	99	
1851	76	79	80	82	84	89	98	
1852	79	81	86	
1853	80	85	
1865	21	86	
1867	10	
1872	5	
1879	95	
1880	89	
1882	83	89	
1883	86	89	
1884	80	85	
1885	78	87	
1893	53	
1908	8	
1911	31	
1918	80	
1919	93	
1939	99	
1951	88	
1956	38	
1989	96	
2014	67	
2035	21	
2043	8	
2047	103	
2058	39	
2062	40	
2066	71	91	
2085	78	
2088	101	
2107	94	
2119	1	
2133	9	
2144	10	
2201	20	
2245	13	
2312	3	
