80	49	
141	36	
175	34	
181	24	
186	97	
248	93	96	
249	87	91	92	
250	87	90	92	95	98	
251	88	90	91	93	95	
252	16	86	88	90	91	93	96	
253	16	
281	88	90	92	95	
282	83	86	88	89	90	92	95	98	
283	81	82	84	85	86	88	89	90	91	94	98	100	
284	81	82	83	84	84	85	86	87	89	90	91	93	95	
285	6	9	12	81	82	85	86	87	89	90	94	98	
286	10	13	14	17	83	84	85	86	87	89	90	92	95	
287	16	83	86	90	92	93	97	
288	16	18	
295	89	91	94	
296	87	91	
312	56	
313	51	
314	51	87	90	92	94	98	
315	33	59	82	84	86	87	89	91	94	99	
316	16	18	33	37	39	43	46	47	57	81	82	83	84	85	89	
317	17	19	20	33	41	43	44	47	48	48	56	57	68	69	80	81	83	84	
318	19	20	26	39	42	44	46	47	48	49	80	81	81	84	
319	9	14	20	21	31	38	42	44	46	48	80	81	82	83	85	89	99	
320	6	9	11	12	14	21	80	81	82	84	85	101	
321	8	12	13	14	15	19	81	82	83	84	85	86	88	91	
322	16	17	19	21	
327	51	56	58	
328	46	47	50	
329	84	88	100	
330	13	14	82	85	86	89	91	93	96	99	
331	16	87	91	92	94	98	
332	17	88	
345	56	
346	51	53	53	
347	48	50	51	54	87	91	93	95	
348	39	43	49	67	82	84	85	86	88	89	94	
349	7	9	11	14	16	16	18	19	41	80	81	83	84	
350	11	13	15	17	19	19	20	24	26	55	
351	21	22	23	25	27	45	50	53	53	55	60	
352	22	24	35	45	49	51	52	54	55	56	56	58	60	
353	23	25	40	44	45	46	47	49	50	50	54	
354	8	43	44	46	48	
355	7	9	10	12	14	15	82	84	99	
356	13	15	16	17	19	20	85	88	94	
357	17	21	
361	52	53	54	57	58	59	
362	41	46	47	50	51	
363	39	43	44	46	47	48	
364	8	9	14	44	46	81	83	85	
365	7	11	12	14	81	82	83	85	86	88	90	95	
366	16	87	90	92	95	
367	16	18	
378	56	
379	52	53	55	56	59	
380	47	49	50	51	54	59	93	96	
381	48	82	84	86	89	91	92	96	101	
382	7	11	12	13	14	16	69	80	83	85	
383	12	15	16	17	18	18	19	21	23	25	26	
384	22	24	
385	23	
386	52	53	54	56	57	60	
387	34	48	50	51	51	52	54	55	59	
388	44	45	46	47	49	50	
389	7	8	10	11	13	
390	6	12	14	15	16	16	19	20	83	83	85	89	
391	17	18	20	22	
395	55	58	
396	35	51	52	53	54	55	57	58	59	
397	41	45	47	48	49	50	50	52	53	59	
398	41	44	45	46	47	48	48	49	64	
399	7	10	11	13	81	83	86	100	
400	8	10	11	12	14	15	82	84	85	86	88	88	91	95	100	
401	16	17	18	19	21	86	
412	57	61	
413	48	51	52	54	55	58	60	
414	45	46	47	49	50	53	
415	9	10	80	82	84	86	88	92	
416	7	11	12	13	13	14	15	17	18	19	
417	17	17	20	21	22	23	
420	57	58	
421	50	51	52	53	54	54	55	60	
422	45	46	47	48	49	50	
423	9	11	14	
424	8	12	13	14	15	16	17	18	20	24	
425	18	20	22	
430	53	57	58	
431	48	51	52	53	54	54	55	56	57	60	
432	46	46	47	49	49	50	53	
433	8	10	14	44	45	48	
434	5	7	11	12	13	14	14	15	16	19	81	82	83	84	87	
435	15	16	17	18	18	19	20	21	25	
446	53	56	57	58	
447	47	50	51	52	53	53	54	55	60	
448	42	46	47	47	48	49	50	
449	6	9	10	13	68	100	
450	8	12	12	14	15	15	16	19	24	
451	17	18	20	22	
454	56	57	
455	50	51	52	53	54	55	60	
456	48	49	87	
457	7	9	10	12	14	
458	12	13	14	16	17	18	19	21	24	
459	22	
464	56	58	
465	52	52	54	55	55	56	60	93	
466	48	49	50	51	53	91	92	94	97	
467	9	38	91	
468	4	6	8	9	10	11	12	12	13	14	14	15	16	16	19	69	
469	16	17	18	19	20	21	22	23	25	
470	23	53	54	
480	56	57	58	60	
481	47	51	52	53	53	54	55	55	60	
482	41	45	46	46	47	48	49	49	96	
483	9	10	14	90	
484	1	8	11	12	12	13	14	14	15	16	19	87	
485	16	17	19	20	21	23	
488	52	55	56	59	
489	47	50	51	52	53	54	
490	9	49	84	86	88	90	91	93	97	
491	7	9	11	12	12	13	14	15	
492	16	17	18	19	20	21	23	24	25	
497	57	
498	52	88	92	
499	52	53	53	55	59	86	87	89	90	92	95	97	
500	8	39	49	67	81	82	83	84	86	87	88	89	91	93	95	
501	3	8	9	11	13	14	16	19	85	
502	4	6	11	12	14	15	17	18	19	20	21	24	
503	21	22	23	23	
507	86	86	87	
514	56	57	
515	35	38	51	51	52	53	53	54	54	55	56	57	59	
516	42	44	45	46	47	47	48	49	50	51	
517	4	8	38	44	45	46	48	
518	7	10	12	13	13	14	15	
519	15	16	21	87	91	92	94	
520	88	91	92	96	
521	86	88	91	92	97	
522	52	54	61	87	90	91	93	98	
523	49	53	86	87	90	91	93	94	96	
524	9	82	83	85	87	89	91	94	
525	8	11	12	13	14	15	16	
526	17	18	23	93	
527	93	
528	93	
529	88	91	93	
530	87	91	96	
531	51	55	83	85	86	88	89	90	91	93	95	98	100	
532	35	52	54	82	84	86	87	90	91	93	93	96	99	
533	9	16	38	42	47	80	82	83	85	86	89	94	
534	10	11	13	14	16	17	18	42	68	81	82	84	85	
535	4	7	11	12	14	15	15	16	17	18	19	20	21	24	27	83	
536	15	17	21	22	23	23	24	26	26	27	
549	51	53	54	55	57	60	
550	35	48	49	50	52	54	56	59	
551	37	40	43	44	46	47	49	50	63	
552	25	30	36	42	45	46	46	
553	12	46	82	83	84	86	90	99	
554	36	81	82	84	85	86	89	93	95	
555	37	81	82	84	85	86	87	89	89	91	93	95	98	
556	56	59	81	82	84	85	86	87	88	89	90	94	101	
557	40	50	81	82	84	85	86	89	90	
558	6	8	10	14	39	66	81	83	84	85	89	98	
559	5	10	11	12	13	15	82	84	90	94	
560	6	18	82	83	86	87	90	92	95	102	
561	84	85	86	88	89	90	91	93	95	99	
562	82	83	85	86	87	88	90	91	94	97	98	
563	37	39	82	84	84	85	86	89	90	94	98	
564	33	36	40	47	68	82	83	83	85	86	89	90	93	99	
565	16	17	34	37	39	42	46	80	81	82	84	85	89	
566	9	15	17	18	19	20	34	40	44	46	48	66	80	81	83	84	88	
567	8	11	12	14	17	19	20	42	43	83	
568	4	11	13	14	18	18	19	20	21	23	24	
569	20	21	22	24	
584	52	55	
585	50	51	52	54	55	57	58	59	
586	38	45	47	48	49	50	52	53	56	58	59	65	
587	23	31	33	42	43	45	46	47	48	49	50	51	57	63	
588	23	36	38	42	43	44	46	47	49	57	66	80	82	83	
589	19	26	36	40	42	43	47	53	56	63	80	81	83	
590	19	21	32	35	40	42	44	47	49	51	57	59	63	68	68	81	82	83	
591	20	22	32	33	37	39	42	43	44	45	47	48	48	50	56	79	80	83	
592	11	20	21	39	42	44	47	47	56	66	
593	5	11	14	19	20	22	24	31	38	38	42	43	43	47	48	56	67	
594	18	20	21	29	41	43	46	46	48	51	57	80	81	84	
595	19	20	35	37	39	42	46	47	56	68	81	82	83	84	85	100	
596	16	18	20	26	32	40	42	47	49	59	81	82	84	85	
597	13	14	16	19	20	26	33	40	43	44	46	48	81	82	83	84	88	
598	7	11	13	15	17	19	20	20	23	40	47	48	63	70	80	82	84	
599	11	18	19	20	22	25	26	44	46	64	80	
600	13	14	20	21	23	23	25	43	
601	15	22	23	25	
602	24	
607	12	12	
619	55	
620	52	55	60	
621	26	34	50	53	54	55	
622	45	50	55	
623	23	24	44	45	49	54	59	64	
624	22	24	25	45	50	54	55	61	
625	22	25	45	49	53	54	55	
626	23	25	34	44	45	53	55	59	92	
627	21	23	23	25	33	45	48	52	55	58	
628	21	24	35	44	47	49	52	55	65	
629	22	24	33	43	45	51	64	
630	22	24	35	44	45	50	60	63	
631	23	23	24	
632	22	24	
633	23	24	
660	95	
1184	56	
1186	6	
1191	30	
1203	58	
1205	36	85	
1207	9	41	
1236	52	
1243	23	
1247	22	
1252	62	
1255	16	
1272	21	
1273	7	89	
1276	45	
1281	36	
1282	8	
1288	14	
1297	37	
1298	39	
1305	53	
1306	33	
1327	99	
1333	31	
1335	30	
1337	48	
1340	53	
1341	34	
1343	66	
1349	36	
1354	5	
1367	52	
1368	36	
1370	51	
1371	38	
1374	45	46	52	
1376	57	99	
1381	51	67	
1400	19	
1403	16	38	38	48	
1404	17	20	33	36	48	57	
1405	17	20	26	26	38	40	44	46	57	
1406	17	23	38	43	43	47	49	69	
1407	20	26	42	47	51	56	69	
1408	22	39	
1409	77	
1415	36	
1417	4	41	
1419	49	
1424	4	
1427	7	
1429	47	
1433	24	
1435	22	
1436	18	40	
1437	13	16	19	22	24	39	46	
1438	13	15	16	18	18	20	44	
1439	17	19	20	22	23	26	34	43	53	54	60	
1440	20	22	24	34	44	45	47	49	52	55	56	58	58	
1441	21	22	23	38	43	44	45	49	50	52	54	56	58	65	
1442	25	33	42	44	45	46	48	49	50	52	56	65	
1443	42	45	46	
1444	54	
1448	9	65	76	
1450	8	16	37	56	
1451	17	20	43	45	
1452	39	46	50	
1457	62	67	
1464	21	
1468	35	
1469	11	14	17	18	40	
1470	12	14	15	16	17	19	20	
1471	10	12	13	15	18	20	21	23	24	
1472	14	21	22	25	
1473	23	87	90	92	96	
1474	25	55	86	87	90	91	92	95	98	
1475	51	52	54	55	57	60	86	87	90	92	93	96	
1476	16	45	50	50	51	53	57	58	62	92	
1477	39	43	45	46	47	48	49	51	53	
1478	44	48	59	
1479	56	
1481	18	
1483	10	16	
1484	6	12	58	61	
1485	16	18	20	23	34	47	50	54	56	63	
1486	18	23	40	43	45	46	47	49	53	53	57	59	
1487	42	45	46	47	49	
1489	55	
1502	10	14	18	28	
1503	8	10	11	12	13	14	17	18	22	24	68	
1504	12	17	20	21	24	56	
1505	23	25	50	92	97	
1506	53	86	87	90	91	94	96	
1507	81	82	83	84	85	87	88	90	94	98	
1508	6	82	84	85	86	89	98	
1509	7	9	12	15	56	58	81	82	83	84	85	87	88	91	95	100	
1510	7	12	16	52	54	55	56	58	60	82	83	85	86	90	91	95	100	
1511	17	20	42	49	50	52	53	56	
1512	45	47	48	50	
1515	33	
1516	13	
1517	17	
1518	6	10	12	13	15	
1519	8	16	21	23	34	52	60	
1520	16	18	19	35	48	51	52	53	57	59	62	
1521	38	39	42	45	46	47	49	50	54	
1522	44	46	48	48	62	
1527	12	
1532	18	
1535	8	13	
1536	8	10	11	14	15	16	19	24	57	
1537	13	15	16	17	18	19	20	53	60	
1538	21	23	24	49	52	60	
1539	50	59	82	83	85	86	88	89	90	94	100	
1540	80	81	83	85	89	
1541	80	82	85	
1542	80	83	93	
1543	10	15	16	81	83	88	
1544	7	11	12	14	15	19	27	53	55	56	62	81	83	84	89	97	
1545	18	19	20	26	47	49	50	51	52	54	62	
1546	45	47	49	50	
1547	52	
1552	8	15	
1553	8	10	12	14	83	101	
1554	12	17	18	20	35	53	54	55	56	57	60	86	89	91	94	
1555	17	20	43	47	50	51	53	54	55	58	60	
1556	44	46	47	48	49	52	54	
1557	43	62	
1561	4	69	69	70	
1569	9	12	13	
1570	7	11	12	14	15	16	18	53	56	57	59	
1571	16	17	19	19	21	22	25	43	48	52	53	54	56	59	
1572	23	36	45	47	49	50	53	
1573	81	86	
1574	83	89	101	
1577	11	29	
1578	5	8	12	13	13	14	15	16	18	21	52	55	56	57	58	82	
1579	17	20	21	48	50	52	54	55	
1580	47	49	51	
1587	5	10	83	102	
1588	7	9	10	11	12	14	15	16	19	27	53	82	83	85	89	
1589	13	16	17	19	20	22	50	51	51	52	53	54	55	56	58	60	
1590	18	23	44	45	46	47	48	49	50	51	
1591	45	
1593	72	91	
1603	9	13	14	21	
1604	5	5	6	8	10	11	12	14	15	18	56	57	
1605	16	17	19	20	21	24	36	47	48	50	51	52	54	55	59	73	
1606	43	45	46	49	51	54	80	97	
1607	84	
1608	80	
1609	27	
1610	17	19	
1611	10	15	25	
1612	5	8	12	13	13	14	16	17	19	53	55	57	60	
1613	18	21	22	47	50	51	55	
1614	46	49	65	90	95	
1615	22	
1618	29	
1619	37	39	
1620	37	
1621	3	14	16	18	20	43	45	71	
1622	4	8	9	11	12	13	15	16	17	18	19	20	22	27	56	57	
1623	12	15	15	20	21	22	24	27	51	52	52	53	54	55	56	59	
1624	22	45	48	49	50	51	54	92	
1634	95	
1637	9	14	
1638	6	8	11	12	14	14	15	19	53	56	57	58	58	61	
1639	16	17	17	18	19	20	22	43	48	49	50	51	51	53	54	56	59	93	
1640	23	37	39	44	46	49	50	54	
1641	45	48	53	56	
1642	76	
1643	46	
1645	5	7	9	11	12	13	15	16	18	22	24	57	
1646	5	15	17	20	21	24	26	48	52	53	55	58	71	
1647	21	22	45	46	48	49	50	52	55	59	
1648	46	84	91	93	
1649	45	46	
1650	36	
1651	16	35	36	
1652	16	19	38	41	47	67	
1653	18	43	65	
1654	11	15	16	19	21	39	
1655	4	8	9	11	13	14	17	19	20	22	25	44	
1656	5	13	15	18	20	21	23	23	24	44	52	57	60	
1657	50	51	52	53	54	61	97	
1658	51	82	86	87	89	90	91	94	96	99	
1659	88	
1665	76	
1670	12	42	
1671	9	14	
1672	3	8	10	11	12	13	14	15	57	
1673	17	19	22	33	50	51	52	53	54	56	59	85	87	91	95	
1674	36	43	45	47	50	51	54	58	92	
1675	37	41	45	46	47	49	58	61	66	
1676	19	27	35	36	42	45	47	
1677	16	19	22	24	27	35	41	46	
1678	11	17	19	21	24	39	44	67	
1679	8	11	13	14	14	17	19	24	44	56	57	
1680	17	18	19	20	21	24	41	46	47	50	50	51	53	53	54	57	61	
1681	32	36	39	42	44	46	48	49	
1682	37	40	46	48	48	55	59	
1683	26	36	42	47	57	
1684	12	13	17	19	25	41	46	
1685	17	19	23	38	43	43	46	
1686	9	17	19	20	23	39	43	48	48	69	
1687	9	13	15	17	19	21	45	65	69	
1688	4	10	13	14	19	21	23	23	25	44	
1689	12	22	24	56	59	
1690	23	25	50	52	55	87	92	96	
1691	32	32	33	54	60	82	83	86	88	89	89	91	93	94	96	
1692	55	81	83	83	84	85	88	88	91	95	
1693	84	
1701	24	
1705	11	
1706	5	9	12	14	19	
1707	6	12	15	53	54	81	82	83	84	86	88	88	91	94	100	
1708	17	54	83	86	87	90	92	94	
1709	16	24	51	54	
1710	16	24	45	55	60	65	
1711	17	22	24	45	
1712	10	14	20	22	24	43	45	63	
1713	6	12	21	22	24	57	59	
1714	22	23	25	35	50	51	52	53	54	55	58	59	
1715	44	45	45	49	50	51	54	56	65	
1716	23	28	44	47	49	50	55	64	
1717	18	43	45	62	63	
1718	9	13	21	23	24	26	32	44	48	
1719	10	13	20	22	25	43	64	
1720	9	15	21	23	25	45	
1721	23	25	92	
1722	91	92	97	
1723	53	54	88	90	91	94	
1724	81	82	86	87	88	89	91	93	93	96	99	
1725	79	80	82	84	87	89	92	101	
1726	81	86	
1740	5	88	
1741	6	12	14	83	84	98	
1742	8	10	14	82	84	86	91	101	
1743	8	9	11	13	17	83	86	88	88	90	92	93	96	
1744	11	86	88	92	97	
1745	87	90	91	93	94	96	
1746	87	88	91	92	96	
1747	13	87	88	90	92	94	97	
1748	55	86	86	87	87	88	89	90	91	94	96	
1749	87	88	90	91	93	94	95	
1750	87	91	93	96	
1751	91	92	98	
1752	87	88	90	91	93	98	
1753	87	90	91	93	96	
1754	87	90	91	93	94	96	
1755	83	86	87	89	91	93	95	
1756	82	83	85	87	89	90	93	93	96	101	
1757	81	82	85	86	89	92	94	98	
1758	80	82	84	85	89	93	
1759	82	85	
1762	13	13	14	87	
1776	14	83	86	99	
1777	6	81	84	
1778	81	82	84	85	86	90	94	
1779	81	82	83	85	86	87	88	90	99	
1780	81	82	82	84	85	85	89	93	93	96	99	
1781	81	82	84	85	90	95	
1782	81	81	82	83	84	85	87	88	93	100	
1783	80	81	82	82	83	84	85	87	90	100	
1784	82	83	84	85	87	88	91	96	100	
1785	82	83	85	86	88	89	91	94	
1786	84	85	87	89	91	102	
1787	81	82	84	86	87	88	90	99	
1788	82	84	86	88	89	91	
1789	80	81	83	84	87	89	94	
1790	81	82	84	87	
1791	81	83	88	
1792	84	
1794	56	
1801	86	
1811	84	
1812	84	
1813	81	84	86	101	
1814	81	83	87	89	
1815	81	84	88	
1816	83	84	
1817	81	85	
1818	81	84	86	
1819	80	82	84	87	90	
1820	81	83	85	99	
1821	81	83	95	99	
1822	82	83	85	
1828	69	
1835	84	
1846	86	
1848	86	
1849	83	
1852	86	
1853	101	
1854	83	92	
1855	49	90	
1858	50	69	
1870	89	
1874	79	
1878	103	
1879	79	90	
1884	51	
1886	14	
1895	82	
1908	59	
1923	87	89	
1924	72	
1927	102	
1934	7	
1941	92	
1948	43	
1953	25	
1967	84	
1979	8	
2002	9	
2010	59	
2013	2	
2029	73	
2030	19	
2052	4	
2054	3	
2060	7	
2067	1	
2076	48	
2082	58	
2089	100	
2111	10	
2118	9	
2160	101	
2164	85	
2167	35	38	
2179	10	
2210	97	
2214	96	
2257	8	
2260	5	
2299	1	
