14	99	
15	66	
84	83	83	
146	30	
263	92	
264	88	91	93	
265	86	87	89	91	93	
266	92	
281	90	
282	87	88	90	92	97	
283	82	85	87	88	90	91	93	94	
284	82	83	85	86	87	89	90	91	92	93	
285	16	17	19	87	92	97	
295	92	
296	87	92	
297	82	85	87	88	90	91	92	
298	81	82	84	85	86	87	89	91	97	
299	9	13	82	83	84	86	87	88	89	97	
300	16	82	85	86	88	90	97	100	
301	16	18	
314	52	59	
315	51	55	86	88	88	91	
316	81	82	83	84	85	86	87	89	90	92	97	
317	46	80	81	82	83	84	85	86	88	90	95	
318	7	9	12	15	80	81	81	82	84	85	86	88	89	94	98	
319	13	16	81	82	84	86	89	91	96	
320	16	18	
328	87	91	
329	58	83	86	87	88	89	91	97	
330	82	84	85	86	87	88	90	92	94	
331	79	80	81	82	83	84	85	87	89	95	98	
332	16	17	80	81	82	84	
333	10	15	16	17	18	18	20	45	49	68	71	79	80	
334	7	10	12	13	14	15	17	18	19	21	26	43	48	70	78	79	80	83	
335	17	19	20	22	23	81	
346	57	
347	52	56	57	62	
348	47	50	52	54	55	57	
349	46	49	51	53	81	82	85	86	88	89	91	95	
350	49	57	79	80	81	82	83	84	85	
351	4	16	17	19	43	47	71	78	79	80	81	83	
352	7	8	9	11	14	20	44	45	46	47	49	73	79	80	83	
353	7	10	12	13	13	14	15	16	19	79	80	82	84	91	96	
354	16	17	18	19	21	81	
360	58	92	
361	57	88	90	93	94	
362	54	82	84	85	87	88	88	89	91	93	93	
363	54	80	82	83	84	85	86	89	93	
364	16	41	46	79	80	81	83	84	85	88	
365	9	12	14	16	17	19	20	45	49	70	79	80	
366	11	13	14	16	18	18	19	20	21	26	45	50	72	79	
367	12	14	20	21	22	23	24	25	27	45	
368	3	3	7	21	22	24	
369	23	24	
380	57	63	
381	35	51	52	53	54	56	57	58	59	
382	46	47	48	48	49	50	51	52	54	55	
383	46	49	79	81	83	84	86	91	
384	6	11	15	16	18	19	56	57	62	72	79	
385	5	19	20	21	27	36	52	56	59	79	
386	9	22	23	25	45	46	47	48	49	50	
387	6	8	10	11	13	14	15	25	79	
388	13	15	16	17	18	19	20	21	22	24	26	
393	57	88	92	95	
394	55	82	87	88	89	90	92	95	
395	54	82	85	86	87	89	90	97	
396	46	53	81	82	83	83	84	85	
397	13	16	18	45	69	79	80	81	98	
398	7	11	15	16	18	19	20	21	26	45	48	79	
399	4	7	11	13	14	15	18	19	20	21	23	23	26	29	44	51	74	
400	4	20	21	22	23	24	
401	25	
402	25	
405	68	69	
414	57	61	
415	34	52	53	54	55	55	56	56	57	58	59	60	62	
416	46	47	47	49	50	51	51	54	55	
417	9	10	14	44	46	48	
418	8	11	12	13	14	15	16	18	19	57	62	70	
419	17	20	21	22	23	24	25	52	53	55	58	
420	8	50	51	67	
421	6	10	11	12	13	14	15	16	
422	16	17	18	20	21	22	23	26	
425	56	87	91	93	
426	54	86	87	90	91	94	
427	82	83	84	85	86	89	91	94	
428	46	48	53	55	81	82	83	84	85	87	89	90	97	
429	16	45	47	70	80	81	82	83	84	85	
430	8	10	14	16	17	18	19	20	44	69	78	79	
431	10	11	13	14	15	18	18	19	20	21	28	44	50	
432	12	15	19	20	21	21	22	23	24	
433	22	23	73	
449	52	53	55	56	56	57	59	60	62	
450	33	43	47	47	49	49	50	51	53	54	
451	4	9	10	13	45	47	48	49	
452	7	12	12	15	15	16	19	25	57	
453	18	22	23	53	54	55	93	
454	8	83	88	90	
455	7	10	11	12	14	15	16	18	
456	17	20	21	24	
457	91	
458	56	83	87	90	91	
459	82	85	86	87	88	89	91	93	97	
460	55	80	81	82	83	85	86	87	88	90	93	
461	17	31	79	81	82	83	84	88	
462	8	11	14	16	17	19	20	44	48	48	69	79	80	83	
463	12	14	15	17	18	19	19	20	21	26	45	79	
464	21	22	23	24	27	
465	20	22	23	24	25	
466	22	25	75	
483	52	53	55	56	57	58	58	59	61	
484	46	47	50	51	52	52	53	54	
485	4	9	13	44	45	46	48	49	
486	8	12	15	97	
487	55	82	87	91	93	
488	8	10	14	82	84	85	87	89	92	94	
489	6	10	12	13	15	16	19	24	87	97	
490	25	57	87	88	90	91	92	
491	82	83	86	87	88	90	91	94	
492	81	82	84	85	86	87	88	89	90	91	94	
493	46	81	82	83	83	84	86	88	
494	10	12	14	16	17	18	19	43	71	78	79	80	81	83	
495	12	13	15	17	19	19	20	22	44	70	80	
496	19	20	21	22	23	26	
497	20	21	22	23	25	26	
498	24	
517	52	55	56	57	57	58	60	
518	47	48	50	51	52	53	54	55	59	
519	4	10	43	45	46	47	49	50	
520	8	12	82	86	93	
521	80	81	82	84	85	86	87	88	89	91	98	
522	9	11	14	81	82	84	85	86	90	97	
523	3	7	11	12	15	16	79	81	83	86	89	93	
524	18	46	81	82	84	85	86	89	90	97	
525	43	47	78	80	81	82	84	85	86	88	90	95	
526	16	17	18	19	48	70	79	80	81	83	84	
527	7	10	12	14	15	16	18	18	19	19	20	27	44	70	78	80	
528	5	7	11	13	13	15	17	18	19	20	21	44	
529	21	22	23	24	25	
530	22	
541	89	89	90	
551	52	55	56	57	57	59	61	
552	34	48	50	51	51	52	53	54	55	56	56	57	57	58	59	60	
553	42	45	47	48	49	49	50	51	
554	45	46	47	48	49	51	62	
555	52	54	79	81	83	85	94	
556	8	17	42	80	84	
557	13	13	16	17	18	42	46	49	79	81	86	
558	16	17	19	20	46	70	80	81	82	83	
559	10	13	14	16	17	18	19	19	44	45	47	49	64	69	79	80	
560	8	10	11	13	13	14	15	16	18	18	19	20	21	44	71	80	
561	20	21	22	23	24	
562	22	23	24	
563	24	
585	58	61	
586	51	52	52	54	54	55	56	57	59	60	60	62	
587	45	47	48	48	49	50	50	51	52	53	53	54	55	56	57	58	59	
588	32	42	44	45	46	47	49	49	51	52	
589	45	47	48	66	78	81	
590	10	14	16	19	20	23	44	46	64	66	70	80	
591	10	12	14	15	16	17	18	18	19	20	20	21	23	44	46	69	
592	8	11	12	14	15	17	18	19	20	21	22	23	71	
593	21	22	22	23	24	26	
594	3	21	22	24	25	
595	22	23	25	
619	57	
620	35	52	53	55	56	57	59	60	
621	31	43	48	50	51	52	52	54	55	56	57	58	59	61	
622	32	40	45	45	46	47	48	49	49	50	51	53	60	
623	9	13	19	29	43	45	45	47	49	68	69	73	
624	10	12	14	15	17	19	19	20	21	23	44	49	71	
625	5	13	14	18	20	20	21	22	23	24	26	74	
626	20	21	22	23	23	25	27	
627	22	
655	53	55	62	
656	50	74	
657	4	14	24	
658	21	22	24	25	
659	23	24	
954	100	
1158	87	
1164	32	
1171	18	39	
1172	71	
1173	58	
1184	6	
1208	11	
1210	77	
1225	86	
1240	85	
1246	74	
1253	54	
1255	6	
1263	21	
1267	37	
1273	59	
1276	35	
1279	66	
1280	97	
1284	10	
1286	10	
1306	59	
1314	29	
1315	30	
1318	35	101	
1320	21	
1323	61	
1329	99	
1332	81	
1333	42	
1338	102	
1353	13	
1355	61	
1356	61	
1364	35	43	
1367	59	
1372	47	
1374	83	
1384	33	
1385	18	
1387	67	
1388	46	
1389	62	
1390	4	60	
1391	56	
1392	8	
1397	41	
1399	24	
1402	48	
1404	43	47	
1405	47	
1406	46	
1409	69	
1410	3	45	
1417	18	
1418	22	
1419	18	28	46	48	
1420	19	26	44	46	48	49	
1421	26	44	46	47	50	56	58	69	
1422	43	46	48	49	71	
1437	16	19	
1438	17	19	47	51	61	73	
1439	17	19	21	39	45	46	47	49	57	57	58	70	
1440	21	42	44	46	47	49	51	55	
1441	23	45	47	48	66	
1442	48	55	
1443	43	
1447	78	
1448	56	
1449	29	
1450	17	
1451	18	
1452	14	16	18	19	28	46	49	
1453	17	18	18	19	20	43	48	57	69	
1454	19	20	21	29	50	55	56	57	60	72	
1455	20	22	51	52	53	56	57	59	63	71	
1456	22	28	45	50	51	55	60	71	
1457	49	54	
1470	13	16	19	
1471	13	14	17	18	20	69	
1472	16	17	18	19	20	21	24	
1473	19	22	23	27	49	50	53	55	56	57	57	58	60	62	64	71	
1474	20	22	24	45	47	48	49	50	51	53	54	56	57	59	
1475	22	42	43	45	46	47	48	49	50	55	59	
1476	46	49	
1482	47	
1484	12	18	19	
1485	10	13	16	17	19	20	28	43	44	46	70	
1486	11	14	16	18	18	18	19	20	21	23	70	
1487	13	20	22	25	26	56	
1488	22	23	23	25	57	88	92	
1489	24	52	53	55	58	60	88	91	
1490	51	54	82	90	
1499	56	
1500	40	
1502	40	
1503	16	
1504	10	12	14	16	19	
1505	7	10	11	13	13	14	15	17	18	19	20	21	24	26	
1506	20	21	22	23	25	26	
1507	22	24	58	61	87	90	92	97	
1508	25	52	54	55	57	59	60	87	90	93	
1509	48	50	50	51	54	55	
1510	46	49	54	56	
1515	16	19	26	
1516	20	25	26	47	
1517	9	13	15	19	25	45	47	90	
1518	9	12	15	16	18	19	20	23	25	26	45	71	85	
1519	13	14	18	20	22	24	27	
1520	21	22	23	25	91	93	
1521	53	59	87	88	90	91	93	
1522	85	86	89	91	95	
1523	55	81	83	84	86	90	93	
1524	82	84	85	90	94	99	
1525	60	
1528	8	
1532	63	
1537	9	13	19	24	
1538	7	9	10	12	14	15	18	
1539	13	15	16	16	17	18	19	20	22	23	24	26	56	57	59	71	
1540	46	50	53	87	90	
1541	9	58	81	82	83	83	85	86	88	88	90	96	
1542	13	16	19	35	52	53	55	56	57	59	62	80	81	84	90	98	
1543	47	51	52	53	55	56	59	
1544	48	50	53	59	
1545	48	53	
1547	17	25	46	
1548	16	
1549	16	17	19	46	50	
1550	7	11	13	15	16	18	19	20	46	71	
1551	7	9	11	13	15	17	19	20	21	24	70	
1552	12	20	21	22	24	56	93	
1553	22	87	88	91	
1554	55	56	85	87	89	90	92	
1555	54	81	82	83	85	86	88	89	
1556	80	82	84	85	88	88	
1557	79	80	82	87	
1558	79	82	83	86	97	
1559	81	84	89	
1568	12	
1569	38	
1571	3	9	12	
1572	5	7	10	11	12	13	13	14	15	15	16	18	58	
1573	16	17	19	20	21	23	23	26	51	52	56	59	
1574	46	47	48	49	50	54	87	
1575	6	9	13	45	46	49	79	80	82	84	
1576	7	15	17	19	21	35	36	57	58	61	79	80	
1577	21	46	48	50	52	54	58	87	90	
1578	47	50	58	
1579	46	86	
1581	16	18	19	46	49	
1582	10	13	17	18	19	22	28	44	46	72	
1583	11	14	16	17	19	20	22	24	68	
1584	10	12	15	21	22	24	28	
1585	21	23	23	25	
1586	25	57	83	87	89	90	92	96	
1587	54	82	82	85	86	87	89	94	
1588	80	81	82	83	84	86	88	
1589	79	80	82	85	
1590	79	81	83	86	
1593	59	59	60	
1594	13	
1595	73	74	75	
1599	50	
1602	27	
1604	69	
1605	9	23	
1606	5	7	10	11	12	13	13	14	15	21	57	58	62	
1607	16	17	19	20	22	24	27	51	51	52	54	55	56	60	
1608	44	46	47	48	49	50	84	
1609	10	19	19	50	58	69	
1610	8	13	15	17	20	24	26	52	59	80	
1611	22	45	46	47	48	48	49	50	52	53	59	
1612	52	60	67	
1613	17	19	24	31	47	
1614	10	15	17	19	20	44	68	
1615	9	13	14	17	19	21	23	25	26	68	
1616	11	15	20	21	22	25	26	
1617	21	22	24	91	92	
1618	23	25	88	89	91	96	
1619	54	82	83	85	86	87	89	91	93	97	
1620	80	82	83	84	86	89	91	
1621	78	79	80	83	84	86	89	
1622	78	80	84	
1623	79	85	94	
1632	73	
1636	79	
1639	11	15	18	27	
1640	1	5	7	9	10	12	14	15	57	
1641	13	16	17	18	20	24	33	52	55	57	58	80	97	
1642	18	47	50	53	
1643	7	10	12	14	16	43	57	58	62	
1644	17	18	19	20	22	23	33	47	51	52	54	55	56	59	84	
1645	22	44	46	47	48	49	50	51	54	
1646	13	43	45	47	49	53	66	70	
1647	8	14	18	18	19	22	26	44	
1648	11	14	15	17	20	21	23	24	26	45	56	68	
1649	23	24	28	56	93	
1650	24	52	53	73	88	90	92	
1651	20	54	82	85	87	89	90	
1652	81	82	84	85	89	92	93	102	
1653	79	79	80	81	84	89	94	
1654	79	80	82	85	
1655	80	
1656	58	
1658	81	
1659	53	
1667	12	
1673	3	7	14	18	
1674	5	8	9	10	11	14	15	19	
1675	8	12	13	15	16	17	19	22	24	34	82	92	
1676	9	16	17	18	19	21	22	26	64	
1677	14	19	25	45	62	73	
1678	21	22	24	28	34	52	53	54	55	58	59	60	63	
1679	22	47	49	50	51	55	
1680	10	45	48	72	
1681	12	21	22	24	26	74	
1682	23	23	24	52	58	91	92	
1683	54	57	82	83	87	88	89	90	92	97	
1684	53	81	82	83	85	86	88	89	91	95	101	
1685	79	80	82	83	85	99	
1686	78	80	83	83	88	
1687	80	84	
1689	6	
1690	84	91	
1694	31	
1695	70	
1702	58	
1705	11	
1706	11	
1707	11	13	
1708	5	8	8	11	14	15	20	98	
1709	7	12	13	14	15	19	24	26	81	90	97	
1710	16	17	19	92	
1711	18	22	23	
1712	22	24	55	56	60	73	
1713	52	54	88	92	
1714	56	87	91	93	98	
1715	54	86	87	88	89	91	93	96	
1716	54	82	83	85	86	88	89	90	92	95	
1717	80	81	82	84	87	88	91	
1718	78	79	80	82	85	91	
1719	79	82	88	
1727	54	
1733	76	
1735	38	
1737	7	
1741	9	
1742	9	11	13	15	
1743	2	8	10	11	12	13	14	15	17	22	79	82	85	88	93	
1744	8	11	12	13	14	15	16	17	19	20	25	81	82	84	87	89	93	97	
1745	91	93	
1746	87	87	90	91	93	
1747	53	55	82	83	85	86	87	88	89	90	92	94	
1748	82	85	87	88	90	97	
1749	80	81	82	83	83	84	86	88	96	
1750	79	80	81	82	84	85	91	
1751	79	81	83	85	
1752	80	
1753	89	
1772	72	
1775	4	17	
1776	11	
1777	5	7	9	10	11	13	14	14	15	19	93	
1778	7	11	13	15	79	81	83	85	87	89	91	96	
1779	55	82	83	85	86	86	87	88	89	90	91	95	
1780	53	55	81	82	82	83	83	84	85	86	87	88	89	91	95	98	99	
1781	13	53	80	81	82	84	85	91	100	
1782	79	79	81	83	83	85	88	91	98	
1783	78	79	83	
1784	79	81	
1785	14	39	
1793	80	
1810	92	
1811	4	11	15	97	
1812	7	12	80	81	85	91	
1813	80	81	81	83	84	85	86	87	89	98	
1814	79	80	82	83	83	84	86	90	
1815	78	79	80	82	84	88	89	
1816	80	91	
1825	51	
1827	47	
1843	75	
1844	42	
1845	12	
1846	2	13	79	
1847	79	82	87	87	96	100	
1848	79	80	86	
1849	86	
1850	85	
1851	94	
1855	63	
1859	10	
1860	4	
1871	53	
1876	100	
1879	4	
1881	93	
1886	91	
1889	87	
1898	13	
1908	67	
1913	102	
1914	88	
1921	53	
1931	26	
1932	76	
1960	21	
1972	2	
1973	38	
1974	38	
1977	28	
1978	61	
1979	73	
1983	102	
1985	87	
2015	61	
2016	99	
2020	91	
2024	101	
2032	39	
2050	95	
2051	87	
2054	43	
2076	95	
2114	94	
2130	4	
2158	8	
2171	100	
2181	31	
2201	3	99	
2217	8	
2218	8	
2220	8	
2223	96	
2227	3	
2241	97	
