48	61	
113	44	
252	93	
253	92	
254	95	96	96	97	
284	88	90	92	95	
285	87	90	91	93	94	96	
286	86	87	88	90	91	92	95	
287	7	10	82	86	87	89	90	91	94	97	
288	13	86	87	89	91	93	95	97	100	
289	87	88	90	92	94	
290	16	91	
291	18	
298	92	
299	92	
300	93	
316	53	92	
317	87	88	90	91	93	93	96	
318	81	82	85	86	87	89	90	91	92	93	95	98	99	
319	42	81	82	84	85	87	88	89	90	95	100	
320	38	39	46	80	81	82	84	85	86	88	98	
321	7	10	46	70	81	81	83	85	86	89	102	
322	8	12	81	82	83	84	85	88	90	100	
323	10	12	15	81	82	83	83	85	86	87	89	90	91	94	98	
324	13	16	82	85	87	89	91	94	
325	16	17	21	
329	93	
330	87	90	92	95	98	
331	86	88	90	91	95	98	
332	83	85	86	88	90	91	95	
333	83	86	87	89	90	92	94	96	
334	16	83	90	91	96	
335	16	17	
347	56	
348	56	
349	51	53	55	56	91	
350	50	52	85	87	88	90	91	93	94	98	100	
351	80	81	82	84	85	87	89	90	96	100	
352	10	16	28	41	43	46	49	66	69	80	82	83	84	85	88	
353	7	12	16	17	18	19	20	41	44	47	57	67	80	81	83	84	
354	17	18	19	20	23	42	44	47	49	52	53	56	57	59	80	
355	20	21	26	43	44	46	48	48	50	51	56	58	81	
356	5	21	23	26	42	44	45	46	46	47	48	49	68	80	
357	6	8	10	11	14	80	81	82	84	100	
358	7	10	11	12	13	14	15	19	81	82	83	85	86	88	90	93	94	98	
359	16	17	17	19	21	89	
360	93	
361	91	97	
362	87	88	90	91	92	95	98	
363	82	86	87	89	90	91	94	97	101	
364	80	81	82	84	85	86	87	88	89	91	94	97	
365	39	80	81	82	83	84	86	89	93	102	
366	16	17	19	41	46	48	66	71	81	84	98	
367	8	11	13	17	20	80	81	84	101	
368	6	11	12	14	18	19	21	26	44	71	81	82	84	88	
369	17	20	
381	52	56	59	
382	46	50	51	52	53	57	
383	47	49	50	82	86	88	89	90	93	93	96	100	
384	9	81	82	84	84	85	87	88	89	91	96	
385	9	11	14	16	16	19	69	79	80	81	83	84	
386	11	12	14	15	16	17	18	19	20	21	27	43	68	79	
387	18	20	21	22	24	25	27	
388	23	24	25	51	54	55	56	57	58	
389	23	24	34	50	51	51	52	53	54	55	56	60	63	
390	41	45	46	47	48	48	49	49	50	
391	4	8	10	43	45	49	
392	7	9	10	11	12	13	13	14	15	15	16	18	81	85	91	
393	17	20	21	87	89	92	94	97	100	
394	87	89	91	92	95	97	
395	86	87	88	90	91	92	93	95	102	
396	16	41	81	83	84	85	86	88	89	91	94	
397	16	33	35	38	43	48	81	82	83	84	89	101	
398	11	14	16	18	18	19	21	42	44	46	49	69	79	80	81	84	
399	8	13	14	15	19	20	21	26	44	51	73	79	83	
400	20	21	22	24	32	34	62	70	83	
401	4	9	21	22	24	45	49	80	
402	13	15	22	23	44	
403	21	24	
414	56	57	61	
415	52	53	53	54	56	59	
416	45	46	47	48	50	50	52	54	
417	44	82	84	86	90	
418	6	9	10	13	18	65	79	80	81	83	
419	8	11	12	15	16	17	17	18	19	20	23	27	68	
420	18	20	21	22	24	
421	23	
422	53	56	57	61	
423	51	51	52	52	53	54	54	55	56	57	59	61	
424	45	46	47	48	49	50	50	51	54	
425	8	45	49	
426	5	7	10	12	13	14	84	90	
427	8	17	82	83	84	86	87	88	90	91	93	96	
428	82	83	83	84	85	87	88	88	89	90	92	94	97	
429	10	16	42	66	80	81	82	83	84	85	86	88	90	98	
430	8	11	12	14	17	18	19	20	27	39	69	79	81	84	
431	13	14	16	18	18	19	20	26	44	68	79	83	
432	13	15	19	20	21	23	23	24	
433	21	22	24	
434	25	
437	62	62	63	
448	53	56	58	61	
449	48	51	51	52	53	54	55	55	56	59	
450	42	45	46	47	48	49	49	50	54	95	
451	9	10	44	79	81	84	
452	7	11	12	12	13	13	14	15	15	18	
453	14	15	16	17	17	19	20	21	21	23	24	25	
454	22	25	
456	56	57	
457	51	51	52	53	53	54	55	56	57	58	60	
458	43	45	46	47	47	48	49	50	51	54	
459	45	47	
460	4	85	89	99	
461	11	17	18	41	66	80	81	82	84	85	87	88	94	99	
462	11	14	16	19	40	80	81	84	85	
463	7	11	13	13	15	17	17	18	19	19	20	21	23	27	44	69	79	84	
464	12	14	15	18	20	21	22	23	28	44	
465	21	22	24	
466	23	25	
468	47	47	48	
473	78	79	79	
482	56	58	
483	50	51	52	52	53	54	55	56	59	62	
484	33	43	45	46	47	49	49	50	53	
485	8	9	44	46	
486	2	5	7	11	12	14	15	15	19	69	
487	16	17	18	19	21	23	24	
490	56	57	61	
491	48	50	51	52	52	53	54	55	56	58	59	
492	46	47	49	50	50	52	53	88	92	97	
493	48	86	90	95	
494	7	9	11	14	42	85	
495	10	11	13	13	14	15	16	17	18	19	19	20	68	80	
496	5	8	12	14	15	16	17	18	19	20	20	21	22	24	26	44	
497	13	15	18	20	21	22	22	24	25	
498	22	24	
516	56	58	
517	50	51	52	53	53	54	55	57	60	
518	42	45	46	47	49	50	51	
519	8	9	44	48	
520	3	5	7	11	11	12	13	14	15	
521	16	17	17	18	20	21	
523	57	
524	51	52	55	56	57	61	
525	48	49	50	51	51	52	53	54	55	60	
526	46	49	50	54	83	84	86	88	89	91	94	97	
527	9	45	64	68	80	85	87	89	
528	7	9	11	12	12	13	14	15	15	16	16	17	19	43	
529	5	7	12	14	15	16	17	18	18	19	20	21	23	24	
530	17	19	21	22	24	25	26	
531	24	
541	92	
550	56	58	
551	50	51	52	53	54	55	56	60	
552	43	46	47	47	48	49	50	51	53	
553	9	13	44	47	48	
554	5	7	11	12	13	14	15	
555	12	15	16	17	19	21	86	90	93	
556	18	23	
557	56	
558	50	51	52	53	54	57	60	78	79	81	91	97	
559	49	50	51	54	87	88	88	90	91	93	95	97	
560	49	80	82	84	86	89	91	93	
561	8	9	10	11	12	14	15	16	18	28	69	83	
562	7	12	13	14	15	16	17	17	19	20	20	21	24	
563	2	15	20	21	22	23	23	25	
564	22	
571	22	22	22	
585	51	52	53	54	55	55	56	56	57	58	60	
586	37	47	48	49	50	51	52	53	54	
587	44	45	46	47	48	49	
588	6	8	9	10	11	14	81	90	
589	7	10	12	13	14	15	17	19	82	84	86	89	91	98	
590	16	18	22	53	56	91	
591	52	55	58	92	98	
592	51	53	55	84	86	88	88	90	91	93	96	
593	42	67	81	82	83	85	86	87	88	89	91	95	
594	7	9	10	11	13	14	16	65	79	82	84	88	
595	5	6	10	11	12	14	15	16	17	18	18	19	19	20	24	26	71	
596	17	19	20	21	22	24	27	
597	21	23	
619	54	55	56	57	58	61	
620	36	48	50	51	51	53	53	54	55	56	61	
621	42	44	45	46	47	47	48	49	50	50	
622	9	10	13	45	
623	2	7	9	11	12	14	15	82	83	85	86	89	91	94	
624	53	82	84	85	87	88	88	89	91	92	93	96	98	
625	52	55	82	83	85	86	87	88	88	89	90	92	93	96	
626	81	82	83	84	85	86	88	89	90	91	93	97	99	
627	7	8	10	11	13	15	79	80	82	83	84	
628	11	12	14	15	16	16	17	17	19	19	
629	13	17	18	20	20	21	23	24	
630	22	23	
652	89	
653	55	56	57	
654	51	52	52	53	53	54	55	56	57	58	61	
655	31	38	39	42	44	45	46	47	48	48	49	50	50	51	54	58	
656	4	37	42	43	44	45	46	46	49	50	
657	12	26	44	46	71	82	83	89	99	
658	46	53	81	82	83	83	85	86	89	99	
659	39	81	82	83	84	85	86	87	89	90	93	99	
660	9	11	79	81	82	84	85	93	
661	8	8	10	11	12	13	13	14	15	15	16	16	17	18	19	27	70	
662	4	11	13	15	16	17	18	18	19	20	21	22	23	23	24	
663	21	22	25	
688	53	54	55	56	58	61	
689	35	51	51	52	53	54	55	56	57	60	
690	28	42	44	45	47	48	49	49	50	51	53	56	58	58	
691	30	34	39	42	44	45	46	47	48	49	50	51	54	56	60	64	68	72	
692	19	22	36	38	41	43	43	44	46	47	47	49	50	67	80	
693	11	18	20	22	26	41	43	44	45	47	48	65	66	70	80	81	84	
694	8	10	11	12	14	14	15	19	21	23	69	80	
695	5	8	12	13	14	15	16	17	18	19	19	20	20	21	23	24	70	
696	20	21	22	24	
723	53	54	62	
724	50	53	54	55	59	
725	49	52	54	55	57	59	62	63	
726	23	23	24	30	45	48	49	54	61	
727	21	23	24	44	45	48	68	
728	5	10	12	14	15	22	23	24	29	48	65	
729	21	22	24	25	
762	25	
1166	18	
1167	32	
1171	33	
1182	88	
1186	95	
1198	20	
1204	9	
1205	64	
1207	16	48	
1222	94	
1231	30	
1241	26	
1265	89	
1282	34	
1288	104	
1315	42	
1323	75	
1351	60	
1361	19	
1364	53	
1370	21	32	
1374	41	
1378	53	
1383	21	
1389	58	
1393	5	102	
1397	4	
1399	38	
1401	62	
1406	41	
1407	40	46	57	68	84	
1408	18	19	37	48	56	
1409	37	43	47	
1410	2	47	56	94	94	94	
1412	78	
1413	26	67	
1414	38	
1418	27	
1420	20	
1421	61	
1433	26	
1437	38	
1438	16	47	
1439	11	18	37	39	
1440	11	16	18	20	38	42	44	67	
1441	13	16	19	20	23	35	43	47	51	57	59	67	
1442	17	19	20	22	42	44	46	48	49	56	60	67	
1443	21	23	24	41	44	47	50	53	57	61	68	
1444	24	39	43	43	45	46	47	49	52	57	67	
1445	40	44	46	47	48	51	64	
1446	39	44	46	49	56	
1447	66	
1449	40	
1450	60	66	
1451	26	42	42	
1452	19	40	56	59	72	
1453	37	41	46	
1454	48	
1455	39	48	
1456	60	69	
1460	66	
1469	30	
1470	22	
1471	11	14	
1472	16	19	39	68	
1473	8	10	12	14	16	17	19	20	45	
1474	13	14	16	17	19	20	21	24	43	45	49	68	
1475	20	22	24	44	52	62	
1476	22	24	25	54	61	
1477	22	24	53	53	55	58	60	
1478	21	23	25	32	50	52	55	56	58	60	
1479	24	32	40	43	44	45	46	46	47	49	50	51	53	57	
1480	25	43	44	46	48	49	56	
1481	37	48	
1482	20	
1483	40	
1484	17	42	70	
1485	17	18	41	48	
1486	17	18	20	26	41	45	47	57	62	67	72	
1487	20	22	27	44	48	49	55	57	62	66	76	
1488	20	22	23	27	45	50	53	55	56	57	60	
1489	21	26	45	49	50	70	
1490	22	44	45	47	49	52	
1491	45	50	56	
1493	90	
1500	8	
1503	13	
1504	38	
1505	8	12	14	16	19	42	
1506	9	12	13	15	16	17	19	21	23	69	
1507	11	14	15	18	19	21	24	
1508	22	24	92	98	
1509	23	87	88	90	91	96	
1510	86	87	90	92	94	
1511	9	13	86	88	89	91	93	97	
1512	16	18	54	56	57	58	59	61	88	91	93	94	
1513	16	19	24	47	51	52	54	55	56	
1514	31	44	45	46	47	48	49	50	52	53	59	
1515	40	44	58	
1516	38	39	47	66	
1517	16	18	43	46	67	
1518	8	11	14	16	18	20	40	
1519	7	15	17	20	21	23	24	27	44	70	
1520	20	22	23	27	45	53	
1521	24	55	63	
1522	54	92	
1523	52	54	55	58	
1524	54	61	
1526	8	
1537	8	8	14	
1538	10	14	
1539	7	9	11	12	14	15	16	17	19	24	70	96	
1540	13	17	18	21	22	25	52	58	
1541	21	23	25	50	56	92	97	
1542	82	86	88	89	91	93	95	
1543	81	82	84	85	87	89	91	94	98	
1544	81	81	83	83	85	87	90	95	98	
1545	8	12	80	82	83	84	86	91	93	
1546	6	10	11	12	13	14	55	56	57	81	82	84	86	90	98	
1547	12	15	16	16	18	18	19	20	34	42	51	53	54	54	56	59	70	
1548	18	22	39	43	44	45	46	47	48	50	51	54	58	
1549	26	39	45	46	50	53	59	65	
1550	10	15	17	25	42	43	47	67	68	97	
1551	10	13	15	16	18	18	19	21	
1552	8	12	15	20	21	22	24	43	70	
1553	23	25	
1554	87	91	93	94	96	
1555	87	88	89	90	93	94	
1556	87	90	93	
1557	82	85	87	89	94	102	
1558	54	82	87	89	92	97	
1561	70	70	70	
1562	12	
1563	4	
1565	29	34	
1568	33	
1571	5	8	13	
1572	6	9	10	12	13	14	15	21	57	
1573	12	14	15	16	17	19	19	21	24	26	52	60	
1574	18	21	22	24	46	47	49	50	51	55	61	
1575	36	50	82	85	86	88	88	89	91	94	
1576	80	81	83	83	85	88	
1577	79	82	84	93	
1578	80	86	
1579	8	13	26	85	89	
1580	4	6	9	11	12	14	15	18	19	56	82	83	
1581	12	13	15	16	16	17	19	20	21	51	52	55	57	58	81	83	
1582	18	20	21	23	30	45	47	49	50	53	64	
1583	43	45	49	63	70	
1584	13	14	24	26	43	49	63	
1585	21	22	24	
1586	23	91	92	94	97	
1587	83	86	87	89	90	93	93	96	
1588	81	82	85	86	88	88	90	97	
1589	81	83	84	85	98	
1590	79	81	84	85	89	96	
1591	81	83	87	95	
1592	79	81	84	90	
1593	59	59	59	61	87	
1595	78	
1601	34	
1605	6	10	15	
1606	1	8	9	10	11	12	13	14	15	18	53	56	57	
1607	13	15	16	19	20	21	23	47	50	50	51	53	55	58	60	
1608	46	47	48	50	53	99	
1609	47	49	55	79	81	82	84	85	102	
1610	79	85	
1613	9	13	
1614	4	6	9	10	11	12	14	14	15	17	18	19	21	24	27	
1615	13	15	16	17	18	19	20	21	24	69	
1616	20	21	22	56	62	
1617	51	54	56	
1618	51	53	55	56	92	
1619	52	86	87	88	91	93	94	96	
1620	82	84	86	88	90	91	94	
1621	80	81	84	86	89	93	
1622	79	80	83	85	
1623	79	81	86	89	
1624	83	89	
1625	83	
1626	93	
1638	70	
1639	9	21	
1640	5	7	10	11	12	14	15	55	56	57	
1641	13	16	18	19	23	24	48	51	52	54	55	56	
1642	18	22	46	49	50	53	58	88	
1643	48	55	80	88	96	
1645	14	
1646	70	71	72	
1647	8	10	13	14	
1648	4	6	9	10	11	12	14	14	15	16	17	18	20	23	68	
1649	12	13	17	17	20	21	24	57	
1650	23	50	51	52	54	56	
1651	50	51	54	56	87	88	90	91	94	96	
1652	51	56	82	83	86	87	89	90	92	94	97	98	
1653	80	81	82	83	84	86	89	93	97	101	
1654	79	80	81	84	85	95	98	
1655	80	85	
1656	63	84	
1658	85	
1667	49	
1669	18	
1671	74	
1672	70	
1673	10	
1674	5	7	9	11	12	13	15	17	18	21	55	56	60	
1675	13	15	17	20	25	35	50	51	53	54	54	81	88	
1676	17	22	37	40	44	45	46	47	48	49	51	
1677	45	47	
1679	24	
1680	8	73	
1681	9	11	12	13	14	15	16	20	24	
1682	3	6	10	11	12	13	14	15	16	17	18	19	20	22	25	57	68	
1683	20	21	22	23	25	51	52	53	55	56	
1684	23	50	51	52	53	83	88	90	91	92	94	96	
1685	80	81	82	84	85	86	88	89	91	93	96	98	
1686	79	80	81	84	87	89	95	
1687	79	82	85	
1688	84	91	
1690	33	
1691	30	30	30	
1693	16	41	
1697	91	
1707	5	10	14	18	
1708	5	7	9	10	11	14	15	16	53	55	57	
1709	15	17	19	51	52	53	54	55	56	58	59	82	87	
1710	16	17	20	21	42	45	46	47	50	52	53	
1711	44	47	49	54	
1713	40	
1714	9	12	13	18	20	68	
1715	6	9	10	12	14	15	16	18	18	19	23	26	57	
1716	13	16	17	20	21	24	26	52	53	55	
1717	21	22	49	50	51	53	54	87	92	95	98	
1718	59	80	81	82	84	85	86	87	89	90	92	94	100	
1719	53	79	80	82	83	85	90	
1720	81	84	
1726	29	87	
1727	20	20	20	21	
1738	21	
1740	9	
1741	3	11	
1742	6	9	10	12	14	16	
1743	7	12	13	14	14	15	16	18	19	23	23	33	52	53	54	55	56	57	60	61	81	86	92	99	
1744	16	17	18	19	21	36	41	46	47	50	51	52	54	59	
1745	32	42	44	45	47	48	49	
1746	42	45	48	64	
1747	10	13	14	16	18	20	39	66	
1748	9	10	12	13	14	15	16	19	20	22	25	44	56	
1749	12	15	18	20	21	22	23	26	45	52	58	60	
1750	22	24	49	50	52	54	55	92	
1751	51	54	82	85	86	88	88	90	91	93	95	
1752	79	80	82	84	85	89	94	99	
1753	80	84	91	99	
1755	83	
1757	86	
1773	24	
1774	26	
1775	11	26	
1776	9	11	
1777	7	10	11	12	13	14	15	16	17	53	55	55	57	85	99	
1778	16	17	18	18	19	21	47	50	51	54	55	56	59	
1779	17	22	35	42	44	45	47	48	48	49	53	59	64	67	
1780	11	14	27	38	42	44	45	46	49	65	
1781	9	11	13	14	17	19	23	24	41	57	69	
1782	18	19	20	21	22	23	48	56	60	70	73	
1783	21	22	24	49	50	52	53	55	
1784	50	53	54	82	85	87	89	90	93	94	97	99	
1785	57	79	80	81	83	83	84	86	89	92	100	
1786	85	88	98	
1797	46	
1810	9	14	
1811	5	6	8	10	11	12	13	15	19	84	98	
1812	13	15	18	20	23	55	81	83	85	87	89	91	92	93	97	
1813	17	21	54	92	
1814	18	24	
1815	24	52	56	57	
1816	21	23	25	48	50	52	53	53	54	56	
1817	49	50	52	54	87	88	90	92	94	
1818	80	82	84	85	86	88	90	
1819	78	82	85	92	98	
1820	83	
1821	78	103	
1823	24	
1824	76	
1826	93	
1844	5	
1845	7	10	83	96	
1846	6	8	9	10	12	13	14	15	22	80	81	83	84	86	88	91	98	
1847	10	13	14	85	86	88	90	91	92	94	96	100	
1848	88	90	91	91	92	94	96	
1849	52	55	56	87	91	92	95	97	
1850	50	51	53	54	88	90	91	92	96	98	
1851	54	57	81	83	84	86	87	89	91	93	98	
1852	80	83	86	89	
1853	9	
1854	84	
1871	21	
1874	72	
1876	35	
1879	11	28	
1880	10	14	82	85	
1881	14	17	79	81	82	84	85	87	89	93	93	99	
1882	7	81	81	83	84	85	86	87	89	91	94	99	
1883	80	81	82	83	85	86	87	88	89	90	92	93	98	
1884	81	82	83	84	85	86	87	89	90	92	94	
1885	79	80	82	84	86	92	94	98	
1886	81	85	
1887	81	84	
1889	49	
1898	16	
1903	92	
1910	59	
1914	99	
1915	79	83	83	91	98	
1916	80	82	85	91	98	
1917	80	82	84	89	
1918	79	81	82	84	86	90	97	
1919	82	85	89	
1920	101	
1924	1	
1935	3	
1943	6	76	
1948	101	
1951	84	
1952	85	
1960	20	
1964	16	
1969	53	
1970	9	
1986	84	
2009	66	
2012	66	76	
2017	89	
2021	47	
2022	89	
2037	83	
2047	60	
2050	45	
2053	102	
2054	6	
2060	6	
2064	2	
2075	29	
2081	78	
2091	4	
2095	3	
2114	9	
2117	52	
2185	92	
