80	50	52	
112	39	
145	34	
218	9	10	
284	92	98	
285	16	92	96	
286	17	88	93	
298	88	91	92	97	
299	87	89	90	92	93	96	
300	16	19	86	90	
317	86	87	90	92	96	
318	83	85	86	87	88	89	90	91	92	94	96	
319	7	13	81	82	85	86	87	88	89	91	92	94	97	
320	17	81	82	86	87	89	90	92	96	
321	17	87	88	90	92	98	
330	51	91	96	
331	87	88	89	91	92	94	96	
332	81	83	84	85	87	89	90	92	94	97	
333	7	10	12	13	14	80	81	83	83	85	86	88	89	
334	15	16	17	18	18	19	83	
349	53	
350	52	83	87	90	92	93	96	
351	37	48	81	82	83	85	86	88	88	90	92	94	100	
352	9	78	81	82	84	85	87	88	
353	10	13	71	78	79	80	82	83	85	
354	7	9	11	14	19	80	81	82	84	85	86	87	88	90	95	99	
355	12	15	81	82	84	85	86	87	89	91	96	
356	16	17	19	88	92	97	
357	17	
362	54	58	88	92	
363	52	55	87	89	91	92	94	96	
364	36	82	83	85	86	88	89	90	91	93	95	
365	38	40	66	80	82	83	85	86	89	90	94	99	
366	9	14	16	19	66	79	80	82	84	88	
367	7	10	11	12	13	14	15	15	16	18	18	19	20	21	28	78	79	100	
368	19	20	21	23	24	27	
369	22	
381	53	57	
382	48	50	51	52	55	
383	48	49	51	87	91	93	96	
384	66	78	81	85	86	88	89	90	92	94	
385	17	18	39	42	47	57	59	78	80	81	84	
386	17	19	20	27	28	37	38	42	43	44	45	46	47	48	49	60	68	68	77	
387	4	20	22	24	31	40	43	44	46	
388	6	9	11	68	79	80	83	
389	7	10	11	12	13	14	15	79	80	82	84	85	87	91	94	
390	7	13	15	16	17	18	19	20	81	84	86	90	
391	17	18	20	
395	52	55	88	90	92	95	
396	86	88	89	91	92	94	96	100	
397	40	54	81	82	83	84	86	87	88	89	91	94	96	
398	14	16	17	19	28	39	42	46	80	81	83	84	85	89	
399	8	11	14	15	16	17	18	19	20	41	66	69	78	80	83	84	
400	10	12	13	15	19	20	21	24	44	78	
401	5	15	21	22	23	23	25	
402	22	24	
405	72	72	73	
414	57	
415	52	54	56	
416	49	50	52	53	55	91	93	96	
417	48	83	84	86	87	88	90	91	93	95	
418	10	11	14	29	81	83	83	86	90	
419	8	11	13	15	16	17	17	19	20	23	55	57	64	
420	18	21	22	24	45	48	50	51	52	53	55	56	58	59	
421	23	38	39	42	44	45	46	47	47	49	49	50	53	
422	43	44	
423	5	7	9	11	12	13	14	15	79	
424	8	12	13	14	15	16	17	19	81	82	83	86	88	91	98	102	
425	17	18	23	89	
427	53	87	90	92	95	
428	52	86	87	88	90	92	93	95	
429	80	82	86	87	89	90	91	94	96	
430	40	80	81	82	84	85	87	89	90	99	
431	8	8	10	12	13	16	17	18	39	66	77	78	79	81	84	86	
432	10	12	14	16	17	19	19	20	64	70	78	
433	13	17	18	20	21	22	23	24	25	
434	22	23	25	
435	25	
447	57	
448	51	53	56	
449	46	49	50	52	54	
450	45	48	53	81	86	89	91	96	
451	9	11	81	82	84	86	87	88	90	
452	7	10	11	12	13	14	14	15	16	17	19	20	27	69	80	
453	13	17	18	20	21	22	23	25	27	
454	51	52	53	54	55	56	58	60	
455	46	47	48	49	50	51	53	
456	44	45	45	46	48	49	
457	4	9	11	14	
458	6	8	11	12	13	14	15	16	18	79	81	84	87	89	
459	82	86	87	89	90	91	94	97	
460	87	88	90	91	92	93	95	
461	52	55	81	82	85	86	87	88	90	91	94	96	99	
462	39	43	47	51	61	77	80	81	83	84	85	87	89	90	93	95	100	
463	16	17	19	32	35	40	42	66	78	79	80	82	83	84	88	
464	10	11	13	15	17	18	19	20	21	40	44	64	68	79	81	
465	11	12	13	15	19	20	21	24	27	
466	15	18	20	21	22	23	24	25	69	
467	21	23	25	
468	46	
473	83	83	
481	57	
482	43	47	48	50	51	52	54	56	
483	41	45	46	47	48	49	50	53	
484	44	80	84	87	88	91	94	
485	7	9	10	11	11	14	15	80	82	83	84	87	89	102	
486	12	13	15	16	17	17	19	20	20	23	
487	22	
488	52	52	54	55	56	
489	48	50	51	52	53	54	87	90	92	97	
490	49	87	89	91	92	94	98	
491	9	11	90	94	
492	3	7	11	13	15	82	84	87	90	94	99	
493	3	17	19	81	82	84	85	86	88	89	91	94	98	101	
494	16	37	39	48	77	78	81	82	83	84	85	87	89	90	94	99	
495	16	17	19	29	41	43	68	77	79	80	82	83	85	88	
496	11	13	13	15	17	18	19	19	20	21	26	28	43	64	67	79	81	
497	12	15	18	19	20	21	22	23	24	30	45	
498	5	13	15	21	22	24	25	
499	21	23	24	
500	23	
502	45	45	
507	84	
515	53	55	57	
516	34	46	47	48	50	50	51	52	53	54	54	55	58	
517	41	43	44	45	46	47	49	49	50	
518	9	44	84	92	94	
519	7	10	11	11	12	13	13	14	15	
520	16	17	18	19	20	21	23	25	
521	88	91	
522	51	52	54	57	86	87	89	90	92	93	96	
523	46	49	50	52	53	55	82	84	86	87	88	88	89	91	95	
524	37	40	48	48	80	82	84	86	87	88	89	95	
525	13	16	18	37	41	67	81	84	88	
526	8	16	17	19	20	24	28	37	39	42	68	80	
527	11	16	18	18	19	20	39	42	66	79	80	83	84	
528	7	10	11	13	13	15	16	17	19	20	20	28	41	64	68	70	79	80	83	85	
529	14	17	18	19	20	20	23	27	45	
530	15	20	21	22	23	25	45	
531	25	
532	23	
549	53	55	56	57	
550	35	47	48	50	50	51	51	52	54	54	55	56	60	
551	39	42	44	45	46	48	49	
552	8	10	14	43	
553	5	7	12	13	14	15	
554	17	21	36	56	88	91	
555	46	84	86	88	89	93	97	
556	36	39	47	52	54	57	58	79	81	84	85	87	88	90	101	
557	16	18	35	37	39	41	46	51	61	68	79	80	82	83	84	
558	17	19	20	27	38	41	43	43	47	59	62	68	80	82	83	
559	10	13	14	17	19	20	20	42	45	47	60	66	
560	12	14	18	19	20	21	22	24	27	43	44	45	62	63	69	
561	12	13	19	20	21	23	23	25	26	45	68	
562	21	22	24	43	64	
563	20	22	23	24	
564	23	
583	52	56	57	
584	34	47	49	50	51	51	52	53	53	54	55	56	58	60	
585	38	40	41	42	44	45	45	46	47	47	48	48	49	49	50	
586	9	33	36	41	43	72	
587	6	9	11	14	38	69	
588	19	22	42	47	68	80	81	83	85	99	
589	16	17	18	18	19	39	41	46	60	67	78	80	81	83	86	
590	12	14	17	19	20	23	29	39	42	43	47	60	64	66	70	79	83	
591	12	14	17	19	20	21	23	43	45	60	65	67	70	78	
592	12	15	21	22	23	24	26	45	49	60	64	
593	22	24	25	27	45	
594	22	24	45	
595	23	23	
606	15	
607	13	13	
617	53	
618	35	50	51	52	52	53	54	55	55	56	57	60	
619	35	37	41	42	45	45	47	48	49	50	51	52	54	55	56	59	62	
620	31	40	42	43	44	45	45	46	47	48	49	61	
621	10	13	25	38	42	43	48	67	71	
622	7	10	12	14	15	19	21	27	41	63	64	68	79	
623	13	17	20	21	22	24	45	
624	14	21	22	24	25	44	
625	22	23	25	
653	52	53	54	
654	45	58	64	
655	9	14	24	44	64	
656	15	24	
657	23	24	
796	64	
1160	51	
1161	22	
1162	37	
1165	56	
1169	51	
1177	100	
1190	71	
1192	87	
1196	29	
1203	58	
1205	47	
1222	82	
1237	54	
1245	5	
1251	82	
1252	10	
1255	86	
1265	93	
1268	41	
1271	38	
1282	10	
1313	53	
1317	50	
1319	8	
1333	60	
1339	92	
1345	49	
1347	20	32	
1351	12	
1352	23	54	
1353	23	
1356	55	
1361	36	72	
1373	14	
1374	12	
1390	70	
1405	74	
1407	37	67	
1411	23	
1417	4	
1420	39	
1421	53	
1426	79	
1437	38	41	103	
1439	37	42	74	
1440	17	21	32	42	67	
1441	22	39	46	49	
1442	46	50	
1446	66	
1448	21	
1449	18	
1450	29	
1452	42	
1453	17	18	28	38	38	47	57	
1454	16	18	20	42	44	47	57	68	
1455	21	24	39	44	47	49	
1456	45	49	70	
1469	59	
1471	15	
1472	15	17	19	37	39	44	
1473	10	14	17	19	21	24	41	43	57	66	
1474	17	18	20	26	37	41	45	46	47	50	52	54	57	62	67	
1475	19	20	22	33	36	40	42	44	46	47	49	62	
1476	23	29	41	46	49	57	58	68	
1477	39	46	49	
1478	47	
1479	30	
1481	62	
1482	20	
1485	16	19	37	42	
1486	10	14	16	19	27	42	
1487	11	15	16	17	19	20	22	27	56	58	
1488	19	21	22	23	28	44	47	48	49	50	52	54	57	65	72	
1489	22	25	43	44	45	47	49	50	55	
1490	57	
1492	59	
1493	55	
1505	9	13	15	17	19	24	26	66	
1506	10	12	15	16	17	19	44	64	
1507	12	14	15	17	18	19	20	22	24	26	45	
1508	20	22	23	51	52	54	55	58	62	
1509	22	25	32	45	47	49	50	51	53	54	56	93	
1510	23	25	31	36	40	42	44	45	46	47	48	50	53	58	65	
1511	41	44	46	47	48	69	
1512	50	
1513	44	
1515	64	
1516	18	37	42	
1517	18	34	38	68	
1518	15	16	19	67	
1519	11	14	17	19	20	22	23	26	39	44	67	
1520	10	12	13	15	17	18	19	21	23	27	45	64	
1521	22	24	52	57	
1522	23	50	51	52	53	54	91	92	97	
1523	50	87	91	93	97	
1524	87	
1537	23	
1538	8	12	
1539	9	11	12	13	15	16	19	
1540	12	15	16	17	21	22	24	
1541	22	91	95	98	
1542	83	87	89	90	93	93	96	
1543	52	54	55	57	82	86	87	89	90	92	95	
1544	16	20	45	47	47	50	51	52	53	55	56	60	87	90	
1545	38	38	42	44	47	48	48	49	51	55	63	
1546	45	48	72	
1547	33	
1548	33	37	38	47	
1549	17	21	
1550	13	16	18	37	43	44	
1551	13	14	16	19	21	42	
1552	11	14	16	17	19	20	22	25	42	66	
1553	12	15	18	19	21	22	24	26	
1554	24	52	
1555	53	55	87	90	91	94	96	
1556	55	87	89	91	94	98	
1557	80	81	82	83	85	86	88	90	
1558	82	
1565	7	
1571	10	
1572	9	12	13	15	17	19	23	42	57	
1573	7	12	14	15	16	17	18	19	20	23	47	52	
1574	20	22	24	37	45	46	48	50	
1575	86	87	89	91	93	
1576	12	77	80	81	83	84	87	90	
1577	7	8	10	12	14	15	17	53	58	78	78	79	81	83	86	89	
1578	6	13	14	15	16	18	51	52	54	56	80	81	82	84	85	87	89	95	100	
1579	16	17	20	22	37	40	43	45	47	49	50	51	53	56	59	
1580	17	45	46	48	50	53	
1581	43	
1582	15	16	39	46	67	
1583	13	16	17	18	20	34	39	44	65	
1584	10	14	17	19	20	22	43	66	70	
1585	9	12	15	18	19	20	22	24	44	65	
1586	13	21	22	24	53	70	
1587	23	23	49	51	57	91	93	
1588	54	87	88	89	91	94	96	
1589	53	77	82	83	85	86	88	89	92	95	
1590	78	79	81	83	85	87	88	90	
1591	79	81	85	101	
1592	89	
1593	61	61	62	87	
1594	64	
1595	11	
1596	96	
1604	9	
1605	10	12	14	15	16	
1606	7	11	12	13	14	15	16	16	17	18	20	24	52	56	
1607	17	20	21	22	23	25	26	47	48	49	50	51	53	55	56	
1608	22	44	50	91	95	
1609	43	49	79	82	84	87	90	98	98	
1610	79	85	
1611	9	12	14	17	80	83	99	
1612	7	12	13	13	14	15	16	18	19	21	51	52	54	55	56	79	80	85	101	
1613	17	18	19	19	20	22	38	38	42	43	47	49	49	50	52	54	56	58	61	
1614	31	34	37	41	43	44	45	46	48	49	61	
1615	11	13	41	46	61	
1616	10	14	19	20	33	42	67	71	
1617	11	14	17	18	19	20	22	24	26	45	64	
1618	12	21	22	23	25	
1619	25	52	55	
1620	52	53	55	87	88	91	93	94	95	97	
1621	20	82	83	85	86	87	88	89	90	92	95	
1622	76	80	81	83	84	85	87	90	93	
1623	78	80	83	86	91	
1624	82	84	
1625	84	
1628	63	
1629	80	80	80	
1638	8	13	
1639	9	10	11	12	13	15	19	57	
1640	12	15	16	16	17	19	20	23	24	44	47	52	53	54	55	
1641	18	21	22	45	46	48	48	49	50	54	60	
1642	37	40	45	47	51	55	56	77	81	86	88	88	90	93	94	
1643	46	82	85	
1644	42	44	
1645	6	9	11	13	13	14	18	19	54	66	
1646	5	7	12	14	15	15	16	17	19	20	21	22	25	53	58	
1647	17	18	19	20	21	22	25	26	33	47	50	52	54	56	62	
1648	23	42	43	44	45	47	49	60	74	
1649	10	14	44	62	64	72	
1650	23	25	43	
1651	24	51	54	92	96	
1652	88	92	94	96	
1653	54	82	83	85	86	87	89	90	91	94	98	100	
1654	80	81	82	84	85	86	89	97	
1655	78	79	80	83	84	90	
1656	78	80	87	
1657	85	
1658	79	93	
1670	30	
1672	9	13	
1673	5	7	9	10	10	11	13	14	15	16	19	22	24	52	52	57	
1674	13	15	16	17	18	19	20	22	24	34	43	47	48	50	51	52	53	55	
1675	21	22	41	44	49	55	
1676	39	49	62	81	84	
1677	14	16	20	35	40	48	61	72	
1678	9	14	16	18	19	20	22	24	43	44	46	
1679	8	11	14	15	19	20	24	
1680	12	13	15	20	21	22	23	25	55	
1681	22	52	54	
1682	90	91	92	97	
1683	52	54	90	91	93	95	97	
1684	53	83	87	88	90	91	94	95	98	
1685	82	86	87	88	89	91	94	
1686	80	81	82	83	84	86	89	92	93	
1687	78	79	81	84	86	90	
1688	78	80	84	89	
1689	79	88	
1691	96	
1706	10	13	
1707	5	7	10	11	12	14	14	16	19	24	52	53	54	55	57	
1708	12	13	16	17	17	18	19	20	25	35	47	48	49	50	51	54	59	
1709	17	21	22	40	42	43	44	45	47	61	67	
1710	11	13	67	
1711	7	11	14	23	62	64	
1712	12	14	21	24	
1713	23	25	92	
1714	25	87	91	93	95	
1715	83	86	86	87	89	90	91	93	95	97	
1716	78	81	83	85	86	87	88	90	91	94	96	101	
1717	78	82	83	84	85	86	88	88	90	91	95	
1718	76	78	80	81	82	84	85	86	89	91	
1719	79	80	81	83	85	88	98	
1720	78	80	84	91	98	
1721	78	85	
1722	83	89	
1725	89	91	
1728	16	18	
1738	29	
1740	10	14	
1741	4	7	8	10	11	12	13	14	15	18	53	55	
1742	13	16	19	21	24	51	54	59	87	91	
1743	18	22	48	61	88	91	93	
1745	3	87	91	92	98	
1746	86	87	88	90	91	92	94	96	
1747	82	85	87	88	89	91	94	98	99	
1748	78	81	82	83	85	87	88	90	96	98	
1749	77	79	80	81	82	83	85	86	89	94	100	
1750	78	79	80	81	84	85	88	90	93	
1751	79	81	83	84	86	94	
1752	79	82	84	91	
1753	78	83	94	
1754	83	
1755	88	
1762	14	14	
1773	14	
1775	5	10	12	14	
1776	7	11	12	13	15	17	20	80	83	86	90	98	
1777	52	81	82	84	85	86	87	89	90	91	95	97	100	
1778	83	86	87	89	90	91	95	
1779	83	85	87	89	91	96	
1780	80	81	82	83	85	86	89	95	
1781	77	79	81	82	83	85	97	
1782	79	80	85	89	93	
1783	78	80	84	
1784	80	84	90	
1785	78	
1787	85	
1789	84	
1791	96	
1809	8	
1810	79	81	83	91	
1811	79	80	81	82	83	85	89	95	
1812	78	79	80	82	84	85	88	89	92	97	100	
1813	78	80	83	84	87	90	
1814	78	81	84	
1815	79	
1816	82	
1818	57	86	
1820	53	72	
1824	34	
1827	58	
1833	93	
1838	16	
1845	78	81	83	88	
1846	79	82	84	
1847	72	82	
1848	87	
1849	87	
1858	102	
1862	27	
1876	23	
1887	62	
1890	51	
1921	103	
1929	45	
1933	96	
1939	23	
1943	66	
1944	67	
1945	67	
1951	46	
1964	103	
1967	19	
1987	20	
1999	30	
2007	5	
2008	8	
2009	33	
2013	8	
2016	67	
2024	73	
2027	61	
2029	39	
2032	45	
2053	1	
2059	38	
2060	62	
2061	92	
2063	40	
2065	64	
2077	55	
2078	53	
2095	103	
2111	32	
2133	39	
2135	97	
2169	5	
2185	2	
2186	12	
2191	103	
2193	31	
2201	28	
2220	12	
2225	10	
2256	101	
