48	59	
84	82	
182	91	92	
217	88	91	93	
218	86	87	90	92	97	
219	86	87	90	91	94	
220	86	88	90	92	95	
221	88	91	92	94	98	
222	91	
249	92	
250	86	87	90	92	96	
251	8	83	85	86	87	89	90	92	95	
252	81	82	83	83	85	86	87	88	88	89	91	93	94	97	
253	6	81	82	83	83	84	85	86	88	88	89	91	93	96	
254	13	81	82	83	85	86	87	89	90	91	92	93	95	98	
255	7	9	14	81	81	82	83	85	86	88	89	90	91	95	98	
256	11	17	19	81	83	85	86	87	88	90	91	93	94	98	
257	87	91	93	96	
258	17	
281	56	
283	55	83	86	87	88	89	91	92	96	
284	53	78	81	82	85	86	86	87	88	89	91	92	94	97	100	
285	47	79	80	81	83	84	85	86	88	88	90	93	98	
286	17	47	56	66	80	81	82	83	84	85	89	
287	18	40	44	46	47	71	79	79	80	82	84	
288	5	11	43	44	46	48	70	79	80	81	83	84	
289	9	11	13	42	46	70	79	80	81	83	84	
290	7	10	11	14	19	46	81	82	82	84	85	88	91	
291	7	11	13	15	16	80	81	82	84	85	86	88	90	91	93	96	
292	16	18	18	82	87	89	90	92	94	
313	57	
314	57	
315	53	56	87	90	93	
316	53	55	83	85	86	87	89	90	92	93	97	
317	55	80	81	82	83	84	85	86	87	89	90	95	
318	16	67	79	80	81	82	83	84	85	88	
319	11	16	17	45	47	70	78	79	81	
320	16	17	18	19	19	20	43	44	45	49	56	58	59	69	78	80	
321	18	19	20	21	22	28	43	44	45	47	48	50	51	54	56	57	59	61	63	68	79	
322	19	20	21	22	24	27	29	44	45	49	50	51	55	56	57	58	58	60	79	
323	5	21	22	30	43	44	45	45	47	48	48	49	50	51	56	69	79	
324	7	9	11	13	22	26	43	44	45	46	47	48	48	69	79	101	
325	6	8	10	12	14	15	80	81	82	83	85	88	
326	11	13	14	15	16	17	18	19	80	82	84	85	89	91	96	98	
327	17	21	
346	57	
347	52	57	
348	51	54	58	87	90	
349	33	50	52	54	81	82	85	86	87	89	90	93	97	
350	54	80	81	82	84	85	86	88	90	94	
351	9	17	18	71	78	79	80	82	84	101	
352	6	10	11	13	13	14	17	19	19	20	26	44	45	49	70	78	80	
353	8	12	15	17	18	19	19	20	21	22	25	28	44	
354	13	17	20	22	23	24	25	
355	22	23	24	25	
356	22	24	25	52	55	56	56	58	61	73	
357	25	45	50	51	52	54	55	56	56	59	
358	46	47	48	49	50	50	53	
359	6	9	10	13	45	80	
360	6	8	11	12	13	14	14	15	16	18	20	80	82	85	91	
361	16	17	18	19	20	21	23	
380	56	58	61	
381	47	50	51	52	53	55	56	60	
382	47	49	51	52	54	55	82	85	87	89	91	94	
383	50	79	81	82	83	85	86	89	91	
384	9	10	14	18	70	79	80	82	83	85	
385	7	11	12	13	14	15	16	17	18	18	19	20	28	68	79	
386	8	12	15	17	19	20	21	22	24	26	
387	20	22	23	24	25	
388	25	
390	56	56	57	61	
391	52	53	54	54	55	56	59	60	
392	50	51	52	54	54	
393	8	9	10	13	44	49	
394	2	7	11	12	12	14	15	15	16	17	18	19	20	24	81	
395	17	17	19	20	21	22	23	
413	56	57	
414	51	52	55	56	56	57	58	
415	47	50	52	53	54	55	56	59	
416	48	50	52	54	80	82	83	83	85	87	88	90	94	
417	6	9	10	14	16	67	80	81	84	88	98	
418	6	8	8	10	11	12	13	14	14	15	16	17	18	18	19	20	26	70	
419	12	15	16	17	18	18	19	20	21	22	24	25	27	
420	23	24	
424	56	59	
425	51	52	54	55	87	88	89	90	92	95	
426	63	82	86	87	89	93	94	
427	3	7	9	11	12	13	14	15	16	19	
428	5	7	11	12	15	15	17	18	18	19	20	21	25	
429	21	22	23	
447	57	58	
448	33	36	51	52	53	54	55	56	56	57	59	60	61	
449	45	46	47	47	49	49	50	51	51	52	54	55	86	
450	10	45	49	78	80	82	84	86	94	
451	6	8	9	10	11	12	13	14	15	79	
452	6	11	12	14	15	16	17	18	18	19	20	21	23	24	
453	21	22	
455	91	
456	93	
457	52	58	59	88	90	92	
458	54	82	86	87	88	88	89	91	93	93	95	
459	80	81	82	83	84	85	86	87	88	89	90	91	94	97	100	
460	7	9	10	13	14	16	19	80	82	84	
461	13	14	15	17	17	19	20	24	28	70	75	
462	18	21	22	23	25	
464	92	
470	54	55	55	
481	56	57	62	
482	51	51	52	53	55	56	56	57	58	59	62	
483	43	45	46	47	48	49	49	50	50	51	54	
484	9	44	45	46	46	48	49	82	
485	7	8	9	11	11	13	13	14	15	
486	12	15	16	19	21	24	88	91	96	
487	83	87	88	91	97	
488	83	86	87	90	91	93	93	96	
489	82	84	85	87	88	88	89	91	93	93	97	100	
490	57	82	85	86	87	88	88	89	90	92	95	
491	80	81	82	85	86	87	88	89	90	92	95	98	
492	80	81	82	82	83	84	85	86	88	89	90	91	96	99	
493	8	10	13	15	78	80	81	82	83	84	85	87	91	95	
494	6	11	12	13	15	15	16	17	19	80	87	90	93	96	
495	21	24	86	88	91	92	96	
496	87	91	93	97	
497	82	83	85	87	88	89	90	91	93	96	
498	11	81	83	85	86	87	88	89	91	92	96	
499	83	84	86	87	88	89	90	92	93	96	
500	83	87	90	91	93	94	97	
501	87	90	92	97	
507	88	
515	57	
516	35	52	54	55	56	57	58	59	60	62	
517	43	49	50	50	51	52	53	54	55	56	57	59	
518	31	41	44	45	46	47	48	48	49	49	50	
519	5	6	9	10	15	43	44	45	46	47	48	72	
520	7	11	13	15	26	81	82	84	86	89	93	
521	81	81	82	84	85	86	87	88	89	90	93	96	
522	80	82	83	84	85	86	87	88	89	95	
523	78	80	81	82	83	84	85	87	89	98	
524	79	80	81	82	83	84	85	86	89	94	99	
525	47	52	78	80	81	82	83	84	86	89	101	
526	46	67	79	80	81	83	83	85	94	
527	8	10	13	41	43	46	79	81	84	
528	9	11	12	14	19	81	85	91	
529	46	80	81	82	85	86	88	89	90	94	
530	80	82	84	85	87	88	89	95	97	
531	6	47	80	81	82	84	85	86	89	94	99	
532	6	8	11	46	80	81	82	84	85	86	89	90	99	
533	10	13	17	46	81	81	82	84	85	86	89	95	98	
534	8	12	81	82	83	84	85	85	86	88	89	91	96	
535	10	13	14	81	82	83	85	86	87	89	90	94	97	
536	86	87	88	90	91	92	93	96	
537	86	87	90	91	96	
541	88	89	
550	61	
551	51	52	53	54	55	56	57	58	58	60	62	
552	35	48	50	50	51	52	53	54	55	56	56	57	58	58	60	
553	24	27	29	40	43	44	45	46	47	49	49	50	51	56	57	
554	42	44	45	46	47	48	48	49	50	56	57	70	80	84	
555	20	41	43	44	44	46	47	49	52	54	57	58	61	67	69	71	78	79	80	83	
556	19	20	26	42	44	45	46	47	48	49	56	57	70	79	80	81	84	85	100	
557	19	26	36	41	43	43	44	45	46	48	48	50	56	57	60	69	72	79	80	83	
558	18	19	20	29	42	44	45	47	48	49	51	54	56	57	58	60	69	71	79	80	81	
559	18	19	19	40	43	44	45	46	47	48	49	50	57	58	68	69	72	78	79	81	
560	14	17	19	20	42	44	45	46	47	48	49	50	57	67	71	
561	5	19	21	40	44	45	47	48	49	50	56	58	58	71	
562	5	12	14	18	19	20	22	41	43	44	45	46	47	49	50	57	58	69	72	80	
563	19	20	26	31	41	43	43	44	45	46	47	48	50	57	58	60	63	68	68	79	81	84	98	
564	18	19	20	26	40	44	45	46	48	48	49	57	58	59	66	71	79	80	81	83	
565	19	20	26	42	43	45	45	46	48	49	56	57	68	70	78	79	80	83	
566	18	18	20	21	26	42	44	45	47	48	49	50	56	58	59	71	79	80	83	
567	12	19	21	22	28	42	44	44	46	47	49	56	67	68	79	80	81	84	
568	7	12	14	19	21	44	45	46	47	48	71	78	79	80	81	83	84	
569	7	11	15	21	43	45	46	47	48	71	79	80	81	84	100	
570	6	11	14	43	46	80	81	83	84	85	86	89	94	98	
571	8	10	12	15	17	19	19	19	19	81	82	83	84	85	86	88	88	90	93	96	100	
572	16	17	19	97	
573	18	
586	52	53	55	55	59	61	
587	49	50	51	54	58	58	62	63	
588	23	45	49	51	55	57	60	73	
589	21	24	25	27	44	49	50	55	57	61	78	
590	19	21	22	23	24	26	45	48	50	54	56	61	65	68	
591	20	22	23	24	28	44	45	49	52	54	56	60	65	68	79	
592	20	22	24	25	27	44	45	48	50	56	59	63	65	
593	19	21	22	23	24	44	48	50	52	55	59	71	
594	20	22	23	24	25	45	48	50	53	55	57	60	63	71	
595	18	20	22	24	25	26	45	49	51	58	63	65	
596	20	22	23	24	25	49	51	55	57	63	69	
597	19	22	23	24	25	27	43	45	49	52	55	62	74	
598	19	21	22	23	24	45	49	52	55	58	58	
599	22	23	24	50	62	64	
600	22	23	25	27	45	48	50	53	59	63	70	
601	21	23	24	25	26	44	49	52	54	56	57	59	
602	22	24	25	27	43	50	51	53	54	55	56	57	58	59	60	62	65	71	
603	21	22	25	28	32	43	45	47	47	48	49	50	51	79	
604	6	9	13	26	44	45	46	48	49	67	78	80	
605	5	7	8	10	11	12	12	13	14	15	16	18	18	19	69	79	80	81	
606	15	17	18	19	20	20	22	23	28	
623	54	
625	24	
626	23	89	91	
627	23	
628	24	
630	25	
631	24	
632	25	
636	52	53	55	57	59	60	63	
637	31	50	54	55	59	
638	10	29	44	48	74	
639	4	7	11	12	15	19	21	24	68	
640	20	22	23	23	
643	104	
656	20	
657	16	
673	24	
686	93	
691	14	
1163	34	
1169	6	26	
1170	99	
1174	30	30	
1192	78	
1193	86	
1198	17	
1199	17	
1202	18	
1206	1	
1207	69	
1211	38	
1217	97	
1226	21	
1228	24	
1230	43	
1242	60	
1259	24	
1260	3	
1274	84	
1284	98	
1286	87	
1288	16	
1296	88	
1302	32	
1305	58	
1310	58	
1311	56	
1316	37	
1317	36	
1318	18	
1322	51	
1332	14	
1341	46	
1342	34	46	
1343	42	67	
1354	80	
1370	30	
1372	23	94	
1373	16	40	45	46	48	57	
1374	18	19	26	44	46	50	56	71	
1375	19	21	43	47	48	51	56	59	73	
1376	19	42	43	47	50	56	66	69	
1377	45	47	48	52	
1378	36	44	47	49	
1380	52	
1390	51	
1405	17	19	43	44	48	
1406	13	13	15	17	18	20	72	
1407	17	19	20	22	24	26	44	46	50	70	
1408	17	19	20	21	28	35	43	45	48	48	51	57	58	63	63	69	
1409	17	19	21	23	25	44	45	48	49	56	57	59	69	
1410	19	21	23	24	35	38	44	45	48	49	52	53	56	57	59	62	68	70	
1411	20	22	23	25	27	43	44	45	47	49	50	51	54	56	58	59	
1412	30	44	45	47	47	48	49	51	53	57	
1413	43	45	46	47	48	50	
1414	43	49	
1415	48	
1417	31	
1420	28	
1424	51	
1437	14	33	
1438	15	17	18	
1439	10	12	14	16	19	22	44	70	
1440	12	14	15	16	17	18	19	20	21	23	23	25	45	73	
1441	20	21	22	24	
1442	21	22	24	54	92	93	
1443	22	25	91	92	
1444	24	53	55	92	
1445	24	35	51	52	54	57	58	58	60	62	91	93	
1446	24	36	45	48	50	51	51	53	53	55	56	59	62	93	
1447	43	45	46	47	48	49	50	51	54	58	67	69	
1448	44	45	46	47	49	54	60	
1450	44	
1456	6	
1469	1	
1470	15	16	20	
1471	11	14	16	18	21	
1472	10	12	12	14	15	16	17	18	19	21	44	69	
1473	11	13	14	15	16	17	18	19	20	21	23	45	69	
1474	13	20	22	24	27	92	
1475	23	25	87	88	90	91	93	96	98	
1476	82	86	87	88	89	91	94	97	
1477	82	82	85	86	87	89	89	92	95	
1478	10	82	85	86	88	88	90	92	94	97	
1479	82	82	85	86	87	88	89	90	92	95	
1480	16	52	53	54	55	57	61	88	90	91	96	
1481	17	43	48	50	51	52	54	55	56	57	58	60	
1482	43	44	46	47	49	50	51	54	
1487	88	
1489	30	
1490	12	
1492	14	
1504	8	9	11	14	16	18	29	71	
1505	8	11	13	14	15	16	17	18	19	20	23	23	69	
1506	12	15	19	20	21	25	56	
1507	21	23	23	25	53	56	88	90	92	98	
1508	54	83	86	87	88	89	90	92	94	97	
1509	53	81	82	83	83	84	86	87	89	93	95	
1510	80	81	82	83	84	86	88	90	94	
1511	79	80	81	82	83	85	90	
1512	9	78	80	81	82	83	84	86	90	
1513	10	12	14	16	79	80	81	82	83	85	90	
1514	8	11	12	15	17	58	61	80	81	83	85	90	
1515	16	17	18	19	20	22	50	51	52	54	55	56	57	59	61	
1516	44	45	47	48	49	50	51	53	59	
1517	49	
1520	89	
1525	8	
1537	8	10	13	14	16	74	
1538	7	10	11	13	14	15	16	18	18	20	23	70	
1539	13	15	16	17	17	19	20	21	24	25	56	58	60	72	
1540	22	25	51	52	53	
1541	51	54	82	83	84	85	87	88	90	92	95	
1542	80	81	82	84	87	88	92	
1543	36	54	78	79	80	83	85	93	
1544	79	81	83	96	
1545	80	84	
1546	80	84	
1547	9	11	13	80	84	
1548	5	7	11	12	14	15	15	17	18	18	19	20	56	57	80	
1549	17	20	21	23	23	51	52	53	55	56	58	61	
1550	49	51	53	55	90	93	98	
1551	48	54	
1552	46	
1554	17	
1558	86	
1559	49	
1569	14	
1570	14	
1571	8	8	10	11	14	16	22	
1572	11	12	13	14	15	15	16	16	17	18	19	19	21	23	57	60	71	85	
1573	18	20	21	22	23	25	47	51	52	55	56	58	60	
1574	49	50	52	53	83	85	86	87	88	89	93	98	
1575	46	49	80	81	82	84	85	88	100	
1576	79	80	83	85	
1577	36	79	90	
1579	17	
1580	10	17	21	27	71	
1581	9	11	13	14	15	16	18	19	20	25	26	45	69	
1582	5	7	12	15	19	19	21	24	47	53	70	
1583	22	50	51	53	54	59	86	87	89	90	92	93	96	
1584	49	58	83	84	85	87	88	90	93	98	
1585	53	64	
1586	46	53	
1590	31	
1591	49	
1593	22	
1594	56	64	64	65	65	
1599	12	
1602	50	
1603	14	16	21	
1604	9	13	
1605	7	10	11	12	14	15	17	20	57	72	
1606	13	16	16	17	18	19	20	22	23	25	51	52	53	55	56	57	59	62	69	
1607	22	42	45	46	47	49	49	52	54	56	60	
1608	45	46	47	48	51	60	80	81	82	84	
1609	46	49	66	80	84	
1610	16	38	44	
1611	16	19	33	43	47	52	80	
1612	16	20	42	45	65	66	68	
1613	8	13	14	17	18	20	31	45	46	48	72	
1614	9	11	13	15	16	17	18	19	21	23	23	43	45	67	70	
1615	15	20	22	24	28	44	52	57	58	73	
1616	21	22	24	44	47	48	50	51	52	53	55	
1617	23	47	50	55	60	80	81	83	84	85	89	
1618	48	63	80	82	84	86	
1619	26	44	46	58	66	
1620	43	46	48	49	56	
1621	43	
1622	44	46	55	
1623	46	54	
1628	17	
1636	23	
1638	8	10	20	
1639	5	6	10	11	12	13	13	14	15	18	22	
1640	16	17	18	20	21	25	52	54	55	56	57	59	61	92	
1641	17	23	31	37	43	48	50	51	51	53	54	56	59	
1642	32	43	45	46	47	49	50	52	53	58	66	78	
1643	9	18	41	44	46	47	48	62	67	83	
1644	18	20	42	43	45	46	50	57	59	67	
1645	17	18	20	22	24	39	45	46	48	49	52	
1646	9	16	19	20	22	43	45	48	66	70	70	71	71	72	
1647	10	13	13	15	16	17	18	19	21	22	24	26	44	65	71	
1648	8	17	20	21	22	24	25	45	56	57	60	
1649	22	25	27	33	48	50	51	52	53	53	54	55	56	57	58	62	
1650	38	41	44	45	46	47	48	49	50	51	52	54	59	
1651	29	43	44	45	46	47	48	48	50	59	78	80	103	
1652	6	19	44	47	56	58	59	70	
1653	17	18	19	33	41	43	46	48	50	53	54	56	57	61	70	
1654	22	23	27	43	44	47	48	49	50	52	57	59	66	68	
1655	24	42	44	45	46	47	49	50	57	
1656	44	46	47	48	69	
1657	26	43	43	46	49	55	59	68	68	
1658	46	48	
1659	44	47	49	
1672	9	14	17	21	
1673	2	4	7	9	10	12	14	15	25	
1674	8	12	13	15	18	18	21	55	57	61	80	82	86	88	88	90	91	93	97	98	
1675	17	21	52	54	55	57	60	87	91	92	97	
1676	17	50	51	54	62	
1677	9	14	19	25	26	49	60	72	73	
1678	15	19	21	23	24	
1679	15	17	19	20	22	23	25	26	50	64	74	
1680	12	20	22	24	
1681	13	21	22	24	
1682	23	24	25	55	62	
1683	51	52	53	54	55	58	58	60	62	93	
1684	45	50	51	53	53	55	60	
1685	25	45	50	59	65	
1686	21	25	45	50	61	65	
1687	21	23	23	25	27	51	57	60	
1688	20	22	24	29	51	53	53	55	56	57	58	62	
1689	23	24	45	51	53	55	57	60	75	
1690	22	25	27	30	35	45	48	50	52	55	56	57	58	60	
1691	23	30	32	32	32	33	45	48	49	50	53	54	57	59	68	72	
1692	43	43	45	47	49	50	57	59	
1693	44	46	47	48	49	52	54	72	
1694	44	49	
1695	48	
1706	9	
1707	5	10	13	
1708	7	9	11	14	15	17	80	81	84	91	
1709	8	12	15	17	80	81	82	84	85	86	87	88	90	92	94	
1710	18	83	86	88	90	91	92	95	98	
1711	87	88	90	90	92	97	
1712	25	83	87	88	91	92	96	
1713	74	87	88	90	91	92	96	
1714	87	88	90	91	93	95	97	
1715	86	87	89	90	91	95	98	
1716	86	87	88	90	91	92	93	96	98	
1717	85	86	87	88	90	91	92	94	97	
1718	55	82	86	87	87	90	91	92	93	96	
1719	86	87	88	90	90	92	93	96	
1720	25	74	86	87	88	90	91	93	97	
1721	86	87	89	90	91	93	94	97	
1722	86	87	89	90	91	92	94	97	
1723	87	88	89	90	92	94	97	
1724	54	82	87	90	91	92	95	
1725	24	34	53	55	56	57	60	62	86	88	93	
1726	17	25	48	51	52	54	55	56	59	
1727	23	24	45	47	49	50	51	54	59	
1728	44	49	
1729	68	
1731	97	97	98	
1735	6	
1739	13	
1740	13	
1742	3	9	13	84	
1743	10	12	14	78	79	80	82	84	90	99	
1744	11	78	80	81	82	83	85	86	89	91	96	
1745	12	81	82	83	84	85	86	88	89	91	93	100	
1746	8	81	81	82	84	84	86	88	88	89	91	94	98	98	
1747	78	80	81	82	85	86	89	91	94	98	
1748	78	81	82	83	83	84	85	87	89	91	96	
1749	9	77	80	80	81	82	83	84	86	86	88	90	94	102	
1750	80	81	81	82	83	84	85	87	89	91	94	
1751	8	80	81	81	82	83	84	85	86	87	90	94	98	
1752	80	81	82	83	83	84	85	86	88	88	90	94	98	
1753	78	81	81	83	83	84	85	86	89	92	93	
1754	82	84	85	87	89	
1755	80	81	82	83	84	85	86	88	90	
1756	78	80	81	82	83	84	86	88	89	91	96	100	
1757	10	80	81	82	84	85	86	87	89	91	98	
1758	11	14	81	82	83	83	84	85	87	88	90	92	95	
1759	7	11	14	18	58	81	82	83	84	85	90	96	98	
1760	9	51	52	53	55	55	56	60	83	92	96	
1761	50	51	54	88	92	
1770	39	
1773	74	
1776	13	
1777	5	88	
1778	79	80	82	84	90	
1779	78	79	80	81	83	84	
1780	78	79	80	81	82	84	94	
1781	79	81	83	88	
1782	79	80	82	84	
1783	78	79	80	83	83	86	90	
1784	79	80	81	82	84	91	
1785	78	79	80	81	84	90	99	
1786	79	81	83	85	102	
1787	79	80	82	84	88	100	
1788	79	81	83	85	88	88	
1789	78	79	81	83	87	88	
1790	79	80	82	83	85	88	
1791	79	80	81	83	90	
1792	80	82	85	
1793	7	11	13	14	79	80	82	83	86	88	
1794	80	81	82	84	86	88	90	95	98	
1795	82	84	85	86	89	91	95	
1808	90	
1812	91	
1814	90	
1815	83	
1816	89	
1817	80	
1818	81	87	102	
1819	87	91	
1822	83	99	
1823	87	99	
1826	86	90	
1828	79	81	84	87	90	93	
1829	80	82	83	85	88	
1830	85	88	
1831	44	
1846	57	
1847	98	
1848	10	11	12	88	
1858	86	
1862	85	
1863	86	88	
1867	1	
1878	76	
1897	3	
1899	70	
1906	69	79	
1914	28	
1919	27	
1936	76	
1944	20	75	
1960	14	
1986	103	
1996	14	
1997	3	
2008	47	
2009	10	
2015	44	
2022	96	
2023	64	
2028	68	
2032	11	
2048	77	
2057	74	
2061	4	
2079	12	
2088	11	
2096	22	
2113	28	
2123	24	
2140	92	
2158	41	
2166	25	
2181	29	
2221	11	
2230	4	
2231	93	
2256	12	
