48	61	62	
80	87	91	92	98	
81	87	88	90	92	93	
82	91	93	
83	93	
113	45	86	87	89	91	93	95	
114	82	83	84	85	86	87	88	88	90	91	93	94	
115	10	81	82	83	84	85	86	87	88	89	91	92	95	98	
116	12	15	16	81	82	83	85	85	87	88	88	90	91	93	97	101	
117	16	81	82	85	86	88	89	90	92	97	
118	17	84	86	87	92	
144	57	
145	52	56	
146	47	51	54	93	95	
147	82	83	84	86	87	88	89	92	98	
148	80	81	82	83	84	85	86	87	89	90	99	
149	10	79	80	81	81	82	84	85	87	89	90	92	99	
150	8	10	12	13	79	80	81	82	83	84	85	86	89	92	
151	10	12	14	16	80	81	82	84	85	86	89	90	92	96	
152	16	19	82	85	87	96	
153	17	87	93	
178	53	56	57	60	
179	47	50	51	52	54	55	56	57	59	
180	44	46	48	48	49	50	52	53	55	87	88	
181	80	81	83	84	86	88	
182	78	79	80	82	84	85	101	
183	79	80	82	83	86	
184	5	7	9	11	14	78	79	80	82	86	89	99	
185	5	7	10	11	13	14	15	17	80	80	82	83	85	89	
186	8	10	12	13	13	15	16	19	80	81	82	82	83	84	85	87	89	91	94	
187	17	18	82	84	85	90	92	97	100	
188	17	
212	52	53	56	57	58	60	
213	34	47	48	50	51	52	53	54	54	55	57	59	
214	45	46	47	49	49	50	52	54	85	87	89	91	97	
215	45	50	81	83	87	88	
216	37	101	
217	37	83	
218	11	
219	5	10	12	79	81	85	90	98	
220	1	5	8	9	10	11	13	14	15	79	80	82	83	84	86	88	91	95	99	
221	8	12	13	15	15	16	16	18	18	20	80	81	84	86	89	92	98	
222	17	18	20	22	
245	57	
246	34	52	53	55	56	57	58	
247	34	46	48	49	50	52	53	54	55	55	56	59	88	94	
248	49	50	51	53	54	82	84	86	89	90	98	
249	48	84	
250	16	18	19	36	42	47	51	57	60	83	
251	17	18	19	20	26	36	42	43	43	44	46	47	48	48	53	60	69	
252	20	21	26	42	44	45	46	74	
253	8	
254	5	6	9	9	10	11	13	14	15	81	90	
255	2	6	7	10	12	12	14	15	15	16	17	18	19	22	23	26	79	81	82	84	90	93	98	
256	13	16	16	17	20	22	82	84	87	89	92	93	
257	18	23	
279	56	57	
280	34	48	51	52	52	53	54	55	56	59	61	
281	45	46	47	49	50	51	53	53	54	58	85	
282	45	48	50	81	83	83	85	88	88	
283	8	10	12	13	84	
284	6	11	12	14	15	16	17	18	18	19	20	20	22	23	27	57	58	61	
285	18	20	20	21	22	24	26	33	43	44	48	50	51	52	54	55	56	57	59	60	
286	22	23	23	41	42	44	45	45	46	47	47	48	49	49	50	51	54	59	
287	42	43	44	45	46	48	48	
288	8	10	14	
289	2	4	6	10	11	12	13	14	15	16	19	23	79	81	85	88	
290	8	12	13	15	16	17	18	19	21	81	82	84	86	90	94	
291	17	20	23	
313	52	55	56	56	57	58	61	
314	33	46	48	50	51	52	52	54	54	55	56	59	61	
315	46	47	49	49	50	52	53	54	83	86	88	92	93	
316	10	45	50	81	85	98	
317	5	7	9	10	11	13	13	14	15	16	18	
318	8	11	12	12	15	15	16	16	17	18	19	20	23	23	27	
319	18	20	21	22	24	26	51	52	52	54	55	56	57	60	62	
320	23	34	43	45	47	49	50	50	51	52	53	54	56	58	59	61	
321	42	44	45	45	46	47	48	49	49	50	
322	5	8	44	46	48	
323	4	6	9	10	11	13	14	15	79	82	
324	7	11	12	13	14	15	16	17	19	20	80	81	83	84	86	93	
325	16	17	18	18	19	21	22	25	83	
346	57	
347	52	53	54	56	58	59	
348	33	46	49	50	51	53	54	54	55	56	60	
349	44	45	46	48	49	50	52	82	86	88	92	
350	8	10	44	48	79	84	89	
351	5	6	9	10	11	13	13	14	15	18	
352	5	7	11	12	15	16	17	18	19	20	21	22	24	26	70	
353	17	21	22	23	35	52	55	56	57	58	61	
354	47	48	49	50	51	52	53	53	54	55	55	56	57	59	61	
355	33	44	45	46	47	48	49	49	50	51	54	
356	44	49	
357	6	9	10	11	12	14	89	
358	1	7	8	10	11	11	12	13	13	14	15	15	16	16	17	18	20	23	79	81	95	
359	15	16	17	18	19	20	21	22	24	26	84	
380	56	58	
381	33	48	51	52	54	55	56	58	60	
382	46	47	49	50	51	52	53	54	55	56	89	
383	45	48	49	50	53	82	84	86	88	90	
384	5	8	9	14	30	84	89	99	
385	4	6	9	11	12	13	13	14	15	15	16	17	18	20	70	
386	8	11	12	14	15	16	17	17	19	19	20	21	23	23	26	
387	20	22	53	57	58	60	
388	34	46	48	50	51	52	52	54	54	55	56	59	60	62	
389	43	45	46	47	48	49	49	50	51	53	54	
390	45	46	49	
391	9	10	14	
392	2	5	6	8	9	10	11	12	13	14	14	15	16	18	19	21	25	26	68	81	
393	11	13	15	16	17	18	18	20	20	21	22	23	82	97	
405	69	70	70	
414	56	57	58	61	
415	34	51	52	54	54	55	56	57	59	60	
416	42	43	45	46	47	49	50	50	51	52	53	54	58	92	
417	45	46	48	85	89	
418	8	10	14	
419	5	6	7	9	10	11	12	13	14	15	16	16	17	19	20	69	
420	12	15	16	17	17	18	19	20	21	22	23	24	26	
421	21	22	53	56	57	61	
422	35	48	50	51	51	52	53	54	54	55	55	56	57	58	59	61	
423	41	44	45	45	46	47	48	49	49	50	50	51	52	54	
424	44	45	47	48	50	
425	4	6	8	9	10	14	19	
426	7	9	10	11	12	13	13	14	15	15	16	20	28	82	100	
427	8	12	15	16	17	18	19	20	21	23	25	88	93	96	
428	17	23	
448	57	62	
449	47	50	51	52	52	53	54	55	55	56	57	58	60	62	
450	33	42	44	45	47	47	48	49	49	50	51	53	54	55	89	
451	44	49	79	83	89	
452	5	6	9	10	10	12	13	15	67	84	94	
453	6	8	10	11	12	13	14	15	15	16	17	18	18	19	19	20	23	25	26	
454	13	16	17	19	20	21	22	23	25	
455	57	
456	34	48	51	52	52	54	54	55	56	57	58	59	60	61	
457	36	42	45	46	47	48	49	50	50	51	53	54	56	59	
458	44	45	48	49	
459	9	13	
460	5	8	10	11	14	15	16	21	25	68	93	94	
461	8	12	13	14	15	16	17	18	19	21	28	80	82	84	86	89	
462	16	17	19	21	23	
482	57	57	60	
483	33	50	51	51	52	52	54	54	55	56	58	58	60	61	
484	44	45	46	46	47	48	49	50	50	51	52	53	54	88	
485	9	43	45	48	87	88	
486	6	9	10	12	13	14	
487	2	7	10	12	12	14	15	15	16	19	20	26	69	
488	16	17	19	20	22	23	25	88	93	
489	58	
490	34	51	52	53	55	55	56	58	59	60	
491	42	46	47	49	50	51	52	53	54	55	56	
492	44	45	47	48	49	
493	8	13	
494	5	8	10	11	12	13	14	15	16	17	19	81	85	
495	11	12	14	15	16	17	18	18	19	20	21	69	80	
496	17	18	20	21	21	23	27	
500	36	37	37	
516	56	57	58	61	
517	35	48	50	51	51	52	53	53	54	55	55	56	57	59	61	
518	32	39	43	45	46	47	48	49	49	50	51	52	53	55	
519	44	45	46	49	
520	6	9	10	13	99	
521	7	9	10	11	12	13	14	15	16	19	27	80	86	90	97	99	
522	7	12	15	16	17	20	21	23	81	82	84	86	88	90	91	
523	83	86	87	90	92	94	
524	51	52	52	53	53	54	55	55	56	57	59	61	88	91	93	
525	48	49	50	50	51	52	54	55	59	83	86	87	92	
526	44	45	49	87	89	
527	10	14	
528	5	7	8	9	10	11	12	13	14	15	16	18	
529	6	11	12	14	15	16	17	18	18	19	20	21	23	25	26	
530	17	20	21	22	27	
535	29	
550	53	57	
551	50	51	52	53	54	54	55	56	56	57	59	60	61	
552	33	41	43	45	46	47	48	48	49	49	50	51	53	55	56	58	60	
553	41	44	45	46	48	49	
554	9	48	49	
555	5	7	9	10	12	13	14	82	83	97	
556	6	10	12	14	17	80	81	82	84	85	87	89	91	93	
557	80	81	82	83	84	85	86	88	89	90	91	93	
558	51	52	54	55	56	58	59	81	82	84	85	86	87	89	90	91	93	95	
559	50	51	53	53	54	81	82	82	84	85	86	88	88	89	91	93	94	100	
560	81	82	85	87	89	91	93	
561	9	11	14	88	
562	6	8	10	11	12	13	14	15	15	18	20	
563	12	13	14	15	16	17	19	20	21	22	24	26	
564	18	21	23	91	
565	88	90	92	
566	88	92	
567	88	91	93	
568	86	87	90	92	98	
569	83	86	87	90	91	93	93	
570	88	90	91	
571	91	
572	93	
585	51	52	53	54	55	56	56	57	59	61	
586	35	38	45	46	47	49	50	50	51	52	52	53	54	54	55	56	57	58	59	60	61	
587	42	43	44	45	46	46	47	48	48	49	49	50	51	54	58	
588	38	43	44	45	46	47	48	
589	7	11	13	43	46	
590	2	6	10	13	79	80	81	85	
591	79	80	80	81	82	84	85	90	94	99	
592	80	81	82	82	83	84	85	86	89	96	
593	53	79	80	81	82	83	83	84	85	87	93	99	
594	79	80	82	84	87	89	
595	8	10	13	
596	7	8	10	12	14	15	20	24	
597	9	11	13	15	17	19	21	82	87	89	90	92	94	
598	82	85	86	87	88	89	91	92	93	
599	10	82	83	84	85	86	87	89	90	92	94	
600	81	82	84	86	87	88	89	90	92	93	
601	82	82	85	86	87	89	90	92	96	
602	81	82	83	84	85	86	87	88	89	90	91	92	93	98	
603	8	12	80	81	82	83	84	85	86	88	89	90	91	95	98	
604	12	80	81	82	83	84	85	87	88	89	90	91	93	93	96	
605	12	81	82	84	85	86	88	89	90	92	93	93	97	
606	14	16	82	85	86	90	92	
619	57	
620	51	52	53	54	55	56	57	57	59	60	
621	33	38	43	47	47	49	49	50	51	51	52	54	55	56	56	58	58	59	61	
622	29	38	42	43	44	44	45	46	46	47	48	48	49	49	50	50	53	57	60	
623	33	33	42	43	43	44	46	47	48	49	57	
624	40	45	47	100	
625	5	40	46	79	80	
626	38	67	79	80	84	90	
627	40	44	78	79	81	
628	50	
629	11	21	40	
630	4	7	9	12	15	
631	10	13	15	18	80	81	83	84	85	87	88	91	96	100	
632	3	80	81	82	83	84	85	86	87	90	98	
633	80	80	81	82	84	84	85	86	88	90	94	98	
634	79	80	81	82	82	83	84	85	86	87	89	91	94	98	
635	79	80	81	82	83	83	84	85	87	89	91	93	
636	9	81	81	82	83	84	85	86	89	94	
637	4	9	12	79	80	81	82	84	85	102	
638	8	11	15	16	80	81	82	84	85	90	96	
639	8	10	12	13	15	16	18	80	81	82	82	83	84	86	89	96	
640	11	14	16	16	17	19	20	69	80	81	82	84	99	
641	18	20	
655	51	52	53	53	54	55	57	60	62	
656	43	45	47	48	49	50	51	52	54	55	56	57	58	60	61	
657	31	40	43	44	45	45	46	47	49	49	50	52	54	56	59	60	
658	25	32	40	42	43	44	45	45	46	47	47	48	49	50	52	57	58	62	65	
659	18	20	23	38	42	43	43	44	45	46	46	47	48	49	56	58	60	71	
660	18	19	20	21	27	42	43	43	45	46	46	47	48	49	50	56	57	61	70	
661	19	20	20	22	27	34	41	42	43	44	44	45	46	47	47	48	49	58	67	68	
662	20	21	22	23	28	39	41	43	43	44	46	47	49	50	56	64	
663	10	42	44	63	
665	7	22	66	80	
666	79	81	82	83	85	93	99	
667	42	79	80	81	83	84	90	
668	6	19	42	47	78	79	80	82	84	
669	40	47	70	79	80	81	100	
670	17	18	67	79	80	82	83	84	86	99	
671	12	16	18	19	41	43	44	46	67	79	80	83	99	
672	9	13	13	16	17	18	19	20	21	42	44	46	47	49	80	83	
673	4	6	9	11	12	14	15	17	18	18	19	20	21	27	43	44	46	80	84	
674	8	11	12	14	18	19	20	21	21	23	80	
675	21	22	25	
689	55	
690	53	55	63	
691	50	52	54	55	58	59	62	
692	24	44	45	50	51	53	55	62	
693	23	25	44	49	51	53	54	58	61	
694	22	23	24	25	29	34	44	48	50	52	55	57	60	
695	22	23	24	25	34	47	48	49	50	51	52	53	54	54	55	56	57	59	60	61	
696	23	24	25	40	42	44	45	45	46	47	47	48	48	49	49	50	53	58	60	64	
697	25	27	33	37	39	42	43	43	44	44	45	46	46	47	49	59	
698	41	45	49	
699	18	41	44	46	50	71	
700	19	40	44	46	80	
701	17	19	41	43	47	50	69	
702	15	17	17	18	19	21	40	43	43	44	46	47	49	60	71	79	
703	17	18	19	20	21	22	26	41	43	44	45	46	47	48	49	62	66	72	
704	10	13	14	16	18	19	20	22	28	42	43	45	47	48	
705	7	11	12	14	15	17	18	18	19	20	21	22	23	26	42	44	47	49	68	
706	10	12	14	19	20	21	22	23	25	44	69	
707	11	15	20	21	22	24	25	28	
708	22	23	24	25	
709	22	
720	99	
729	50	52	53	54	55	56	58	59	61	
730	33	51	52	52	54	54	55	56	57	59	61	
731	36	41	43	43	44	45	46	47	48	48	49	49	50	50	51	53	53	55	56	57	59	61	
732	25	28	35	42	43	43	44	45	46	47	48	48	49	51	57	60	62	66	71	
733	17	19	20	23	25	39	42	43	43	44	46	47	48	49	50	57	60	67	
734	11	15	17	19	20	21	22	24	26	40	43	43	44	45	46	47	49	63	66	
735	11	15	18	19	20	21	22	23	25	28	41	44	45	46	47	49	61	65	
736	13	14	15	18	19	20	21	22	23	24	25	26	44	45	51	61	65	
737	15	18	20	21	22	24	25	29	44	45	48	48	61	
738	10	20	21	22	23	24	25	45	
739	21	23	23	25	
740	22	24	25	
741	22	25	
750	73	
764	52	54	55	
765	45	51	53	60	
766	25	45	49	52	54	60	
767	25	45	49	
768	23	23	25	45	49	
769	22	24	25	65	
770	22	25	
771	25	
1159	67	
1162	12	
1168	70	
1170	34	
1171	13	
1176	36	
1178	7	
1185	65	
1192	25	
1195	45	
1197	26	
1202	32	
1203	71	
1204	2	
1205	65	
1206	52	
1211	3	
1219	49	
1220	20	
1224	78	
1231	96	
1234	22	
1235	42	47	
1236	17	20	29	36	40	47	50	
1237	23	45	48	58	
1238	43	46	
1240	67	
1243	34	
1254	16	
1261	43	
1265	42	
1267	18	19	
1268	14	
1269	16	17	18	20	43	46	
1270	16	17	19	20	22	23	38	42	44	46	47	49	57	63	65	71	
1271	17	20	21	26	35	41	43	44	47	48	49	53	57	60	
1272	23	24	40	42	44	46	46	47	50	53	61	69	
1273	43	44	46	48	52	
1274	46	49	56	73	
1282	16	
1285	78	
1298	16	
1301	9	18	
1302	9	11	13	13	15	17	18	20	
1303	12	15	16	17	17	19	19	20	23	24	27	42	63	
1304	17	18	19	20	21	22	23	25	26	43	44	48	52	60	
1305	20	22	24	37	44	45	47	49	51	53	55	56	57	58	60	
1306	22	25	27	33	35	42	43	44	45	46	47	48	48	49	50	51	53	54	56	59	61	
1307	37	41	43	44	45	46	47	48	49	50	57	58	
1308	43	46	47	52	
1309	35	45	46	
1310	10	46	
1312	77	
1315	36	
1323	4	
1334	19	
1335	9	12	13	18	
1336	7	8	10	11	12	13	14	15	16	17	18	20	24	
1337	11	13	15	16	17	18	19	19	20	21	22	23	24	
1338	18	21	22	24	
1339	23	24	52	53	55	57	60	63	
1340	34	50	51	52	53	54	55	56	57	58	60	
1341	36	40	42	44	44	45	47	48	48	49	50	51	54	56	59	
1342	42	43	44	46	47	48	49	50	51	53	56	58	
1343	44	46	48	49	54	
1348	13	18	67	
1349	6	
1357	1	
1362	102	
1367	47	
1369	9	12	14	15	17	
1370	6	8	10	11	12	13	13	14	15	16	16	18	18	19	22	26	
1371	15	16	17	18	19	20	20	22	23	23	25	27	
1372	22	
1373	92	93	
1374	52	54	55	56	58	60	87	92	
1375	50	51	52	54	55	56	57	59	61	
1376	43	45	46	47	48	48	49	50	51	52	53	54	61	
1377	44	46	47	49	49	52	
1378	45	48	
1382	72	
1391	73	
1399	23	
1402	10	13	17	
1403	7	8	10	11	14	15	16	18	20	
1404	6	10	11	12	13	14	15	16	17	18	19	20	21	23	27	68	
1405	18	20	21	22	25	28	57	
1406	87	91	
1407	83	85	86	87	88	88	89	90	92	95	
1408	8	16	58	82	83	85	85	87	88	89	91	92	95	
1409	16	17	35	52	52	53	55	55	56	57	59	61	87	92	
1410	35	43	47	48	49	50	50	51	52	54	55	56	58	60	
1411	17	42	44	45	46	47	48	49	50	51	64	
1412	43	46	49	
1413	45	58	77	
1424	4	
1429	18	
1431	39	
1436	10	14	20	
1437	6	8	10	11	12	13	14	15	16	18	19	22	68	
1438	12	14	15	16	17	17	19	19	20	22	24	26	56	57	70	
1439	18	21	22	25	47	52	
1440	49	82	84	86	87	88	89	91	93	
1441	9	14	79	80	81	82	84	84	85	87	89	92	94	
1442	7	10	12	13	15	80	81	81	82	84	85	87	89	97	101	
1443	16	17	20	52	57	61	81	82	83	84	85	87	89	91	93	97	
1444	16	17	35	37	48	50	51	51	52	53	54	55	56	57	58	60	61	
1445	43	44	45	45	46	47	47	48	49	49	50	51	52	54	56	58	
1446	42	44	45	46	49	50	57	64	
1447	50	
1448	56	
1458	90	
1459	9	
1469	15	
1470	9	12	13	15	16	
1471	6	8	8	9	10	11	12	14	14	15	16	18	18	20	22	
1472	13	17	18	19	20	20	21	23	24	27	52	55	56	58	58	
1473	22	33	46	47	49	49	50	52	53	54	
1474	43	48	50	80	82	83	84	87	89	
1475	9	79	80	81	84	90	
1476	9	11	13	14	15	18	79	81	83	85	94	
1477	6	8	11	12	13	14	15	16	18	20	79	80	81	85	95	
1478	16	17	17	19	20	51	52	54	55	56	56	57	59	60	63	71	83	
1479	41	45	46	47	47	48	49	50	51	51	52	53	54	55	56	57	58	61	
1480	43	44	45	46	48	49	49	52	58	
1481	43	63	
1482	59	
1490	91	
1491	5	
1493	71	
1497	36	
1499	8	
1503	12	14	
1504	7	9	11	13	15	16	18	24	
1505	6	8	10	11	12	14	15	15	16	17	19	20	21	24	56	57	
1506	17	18	20	21	22	24	27	33	51	52	53	54	55	55	56	59	
1507	44	47	49	50	51	51	53	54	55	
1508	44	45	47	48	49	52	84	
1510	7	8	10	14	18	
1511	6	10	10	11	12	13	14	15	16	19	27	80	82	
1512	16	16	17	18	18	19	21	22	24	27	55	56	56	57	60	61	82	
1513	12	22	33	36	42	47	48	51	52	53	54	55	57	58	62	
1514	44	45	46	48	49	50	51	54	55	57	
1515	45	49	
1516	60	
1523	32	
1537	9	14	
1538	4	6	9	11	12	13	14	16	18	
1539	8	11	12	14	15	16	16	17	19	20	21	23	24	26	57	72	
1540	17	18	21	22	24	34	51	52	52	53	54	55	57	59	60	63	
1541	45	46	47	48	48	49	50	52	53	54	55	90	
1542	45	46	49	85	90	
1543	11	13	
1544	8	10	14	95	
1545	4	6	9	10	11	12	13	13	14	15	16	18	19	98	
1546	16	17	18	18	19	21	22	24	53	56	58	60	69	99	
1547	23	40	48	51	52	54	55	55	56	57	59	
1548	42	43	44	45	46	47	49	50	51	53	53	54	57	58	62	
1549	18	45	47	48	50	
1551	60	
1554	27	31	
1559	8	
1566	42	
1570	19	
1571	10	13	18	
1572	7	8	10	11	12	13	14	15	18	24	
1573	12	13	15	16	17	17	18	19	20	21	23	26	56	57	62	69	
1574	18	21	22	25	34	47	50	51	52	53	53	54	55	56	58	
1575	44	47	48	49	50	51	53	54	55	86	87	88	90	
1576	49	83	84	89	
1577	85	89	
1578	7	9	11	15	84	96	
1579	6	8	9	10	11	12	13	13	14	15	17	19	23	86	
1580	15	16	17	18	19	20	21	23	25	26	56	57	58	62	82	86	96	
1581	18	21	47	50	51	52	52	53	54	55	56	57	59	
1582	33	42	44	45	46	47	48	49	50	51	54	61	
1583	44	46	49	57	
1587	47	60	
1592	94	
1595	6	
1603	48	
1605	10	13	70	
1606	5	6	8	9	10	11	12	13	14	15	15	16	19	27	29	
1607	7	12	15	16	17	18	19	20	21	22	24	34	36	52	53	55	56	57	58	58	60	69	
1608	21	22	47	50	50	51	52	54	54	56	59	
1609	44	45	46	47	48	49	50	51	53	85	
1610	39	44	55	80	85	
1611	16	84	
1612	8	11	14	19	
1613	6	8	9	11	12	14	14	15	16	20	24	29	84	97	
1614	7	12	13	15	16	17	18	18	19	21	22	23	57	58	81	85	93	
1615	22	34	51	51	52	54	55	56	58	59	61	63	
1616	42	44	45	46	47	48	49	50	51	52	53	55	62	
1617	43	44	45	46	49	53	
1618	48	65	
1624	46	47	
1625	26	
1628	61	
1629	78	78	79	81	
1638	8	
1639	9	12	15	
1640	7	9	10	11	12	13	14	15	16	20	
1641	12	13	15	16	17	18	19	20	21	23	25	53	55	56	56	57	58	60	61	68	
1642	18	22	43	47	48	50	51	52	52	53	54	55	56	58	59	62	
1643	42	44	45	46	48	48	49	51	54	58	83	
1644	36	44	47	49	
1645	33	46	67	
1646	5	9	14	20	
1647	6	9	10	11	12	13	14	16	20	25	
1648	7	11	12	15	15	16	17	18	19	20	21	24	58	70	81	
1649	17	18	21	23	26	34	51	52	53	55	55	56	57	60	62	
1650	36	45	47	48	49	49	50	50	51	52	53	54	55	58	
1651	44	45	46	47	48	49	51	53	
1652	46	
1654	43	48	
1658	45	45	47	51	
1669	12	
1670	30	
1673	8	11	14	18	
1674	5	7	9	10	10	11	12	14	14	15	16	19	21	24	
1675	12	13	15	16	17	18	19	20	21	24	25	27	35	53	56	57	60	62	70	93	
1676	18	21	22	35	50	51	52	53	54	55	56	57	58	60	
1677	32	34	42	44	45	46	47	47	48	49	50	51	54	56	61	
1678	36	40	44	45	46	48	50	53	57	58	
1679	42	43	47	49	
1680	8	13	19	42	68	
1681	2	6	9	10	12	14	14	15	16	18	20	24	
1682	7	12	13	14	15	15	16	17	19	20	21	22	24	25	57	70	
1683	20	21	22	34	52	53	55	55	56	57	58	60	
1684	45	46	47	49	50	50	51	52	53	53	54	55	59	
1685	44	46	49	50	52	55	87	88	
1686	53	
1688	42	
1690	26	46	
1691	30	31	31	
1692	26	26	26	26	
1695	7	
1706	9	39	
1707	9	12	20	
1708	3	5	7	8	9	10	11	13	13	14	15	21	
1709	6	12	15	17	18	20	81	83	85	87	91	96	101	
1710	16	17	19	21	23	35	54	55	57	58	60	62	93	
1711	33	42	47	49	50	51	53	53	55	56	59	63	
1712	14	38	42	43	43	44	45	46	47	48	49	50	58	62	
1713	23	38	42	44	45	46	47	49	52	62	73	
1714	10	15	18	18	21	40	42	43	45	46	47	49	
1715	4	6	10	12	14	15	16	19	20	22	24	26	28	69	
1716	8	12	15	16	18	20	21	22	24	57	58	
1717	22	23	33	48	50	51	52	53	55	55	56	57	59	
1718	40	44	46	47	49	50	51	53	54	55	58	61	
1719	31	36	42	44	47	49	50	80	84	102	
1720	46	56	61	
1721	19	29	37	43	46	
1722	19	44	47	48	
1723	19	42	44	44	47	61	63	71	
1724	19	26	39	43	47	58	66	
1725	42	45	46	49	54	59	
1726	42	44	47	48	58	
1727	41	
1728	46	
1729	25	
1732	72	
1733	67	
1741	18	
1742	4	8	9	10	12	13	15	84	
1743	6	7	9	10	11	12	14	14	15	17	19	80	81	83	84	88	89	92	93	
1744	12	13	15	16	19	21	25	55	81	82	83	84	85	86	87	89	90	92	94	
1745	16	17	51	53	54	61	88	92	
1746	25	49	50	53	55	56	59	62	
1747	25	44	45	48	50	62	
1748	22	23	25	44	49	
1749	12	20	22	24	26	
1750	22	23	24	57	
1751	33	51	52	52	54	55	56	57	58	60	
1752	34	39	42	44	45	46	47	49	49	50	51	53	54	55	57	59	62	
1753	41	42	43	44	45	46	47	48	49	56	61	
1754	19	35	36	42	44	46	48	48	51	56	61	69	
1755	19	22	24	42	44	47	50	56	59	71	
1756	20	21	41	43	43	45	47	49	70	75	
1757	18	19	20	23	42	44	46	48	61	63	67	69	
1758	17	19	20	22	26	40	43	43	45	47	48	48	51	55	57	59	61	
1759	19	21	22	25	33	41	42	44	45	46	47	49	51	55	57	60	69	
1760	23	25	32	39	42	44	45	46	47	48	51	57	60	65	66	
1761	40	43	43	45	46	47	49	52	56	
1762	46	49	
1763	44	49	50	
1770	89	
1776	6	8	96	101	
1777	9	10	12	14	80	83	99	
1778	7	10	11	12	13	13	14	15	21	80	80	81	82	83	84	85	88	90	94	98	
1779	17	82	85	86	86	88	89	90	91	93	93	95	
1780	18	86	87	89	90	92	93	98	
1781	92	
1782	25	
1783	93	
1784	25	92	
1785	52	53	54	
1786	35	45	47	49	50	51	52	54	57	58	61	
1787	23	35	45	48	49	49	51	58	61	
1788	23	43	44	45	47	50	52	61	72	
1789	20	21	24	25	44	45	47	49	51	57	59	62	
1790	22	23	25	29	43	43	44	45	47	49	51	62	
1791	15	21	24	44	49	60	73	
1792	21	23	24	28	45	48	52	55	59	61	
1793	22	24	25	45	49	50	52	54	58	58	61	
1794	25	44	45	48	48	50	51	54	56	58	60	
1795	24	45	47	50	51	53	56	61	63	92	
1796	44	49	50	54	58	
1800	2	
1810	8	
1811	5	12	13	
1812	5	8	9	11	15	16	79	81	87	
1813	7	9	11	13	15	18	80	81	81	83	83	84	86	87	89	
1814	7	11	13	15	16	81	82	83	83	84	85	86	86	88	88	89	91	95	
1815	13	82	83	85	86	87	88	89	90	91	93	96	
1816	82	85	85	86	87	88	89	90	91	93	93	94	96	
1817	82	82	83	84	85	85	86	87	88	88	89	90	91	92	94	96	
1818	12	18	82	85	86	87	88	88	89	90	91	93	95	
1819	16	83	86	87	91	92	
1820	17	
1822	24	53	
1823	25	
1824	25	74	
1825	24	92	
1826	56	
1827	55	87	88	91	92	
1828	53	54	55	60	86	87	88	89	90	91	95	
1829	50	51	53	54	55	59	86	87	88	89	89	90	92	94	
1830	52	61	85	87	88	90	94	
1835	83	
1837	72	
1845	10	
1846	98	
1847	8	81	84	91	94	
1848	79	80	81	82	84	86	92	
1849	80	81	82	83	83	84	85	86	89	92	92	
1850	80	80	81	82	83	83	84	85	86	89	100	
1851	9	12	80	81	81	82	84	86	
1852	7	9	10	11	13	13	14	15	15	80	81	81	82	83	84	85	86	89	91	93	100	
1853	7	11	12	15	18	19	80	81	82	83	84	85	86	88	89	90	92	94	98	
1854	17	82	86	88	91	
1855	87	91	92	
1856	92	
1857	87	90	91	93	97	
1858	82	85	86	87	89	90	91	92	93	97	
1859	82	85	86	87	88	88	89	90	91	92	94	98	
1860	52	82	82	85	86	87	88	89	90	92	93	94	98	
1861	55	81	82	82	85	85	86	88	89	90	91	93	97	
1862	54	55	80	81	82	83	83	84	85	86	89	91	94	99	
1863	80	81	82	84	86	90	98	
1864	79	80	84	87	
1873	99	
1880	86	
1881	85	
1882	81	86	
1883	78	79	84	91	
1884	79	81	86	88	
1885	79	80	83	85	
1886	4	8	9	12	14	79	80	82	83	89	
1887	6	9	11	12	14	15	18	79	81	82	83	84	86	88	
1888	12	15	18	80	81	82	82	83	84	85	87	89	91	93	95	98	
1889	81	81	82	82	83	84	85	85	86	88	88	89	90	91	93	94	
1890	81	82	83	84	85	85	87	88	89	91	92	94	95	
1891	82	82	84	85	85	86	88	88	89	90	92	94	98	
1892	80	81	82	83	84	85	87	88	89	93	94	
1893	80	80	81	82	83	83	84	86	89	92	
1894	80	80	81	82	83	83	84	86	89	91	93	
1895	79	80	81	82	83	84	86	90	93	
1896	78	79	81	84	86	88	96	
1897	80	84	89	98	
1898	81	85	
1906	70	
1916	95	
1917	43	85	
1919	84	
1920	88	
1921	4	12	81	85	89	
1922	79	80	80	83	84	89	93	100	
1923	79	80	80	81	82	84	86	89	98	
1924	79	80	80	81	83	83	84	85	87	88	96	100	
1925	79	80	81	81	82	83	84	85	
1926	79	80	81	82	83	85	
1927	78	80	81	84	
1928	80	82	87	100	
1929	80	84	
1930	81	
1956	80	83	89	
1957	79	84	
1958	79	82	
1959	80	83	85	
1960	83	
1963	58	88	
1968	13	102	
1971	76	
1975	70	
1978	38	
1991	84	
1993	8	
1994	91	
1995	87	100	
2001	16	
2010	76	
2013	56	
2019	91	
2037	83	
2049	60	
2053	93	
2061	13	
2094	81	
2108	96	
2158	12	
2176	88	
2182	12	
2204	98	
2211	18	
2215	12	
2217	10	
2274	100	
2291	4	
2303	2	
