47	58	
148	49	50	50	51	
149	53	87	
150	87	88	89	91	
151	82	85	86	87	88	89	90	91	93	
152	16	83	86	88	89	91	92	
153	88	92	
181	92	
182	87	89	91	93	96	
183	82	83	85	86	86	87	88	90	91	93	97	
184	80	81	82	83	84	85	86	87	88	89	90	91	94	
185	12	14	80	81	82	83	84	85	86	87	89	93	97	
186	8	11	16	78	80	81	82	84	85	86	87	89	91	95	99	
187	16	81	82	84	86	87	89	91	96	
188	16	17	92	
213	57	
214	36	57	61	
215	51	54	87	89	92	
216	53	54	78	81	82	83	85	86	86	88	88	89	91	
217	46	80	81	82	84	85	86	88	89	97	
218	12	16	46	47	78	78	79	80	81	82	84	
219	6	6	8	43	46	46	48	68	77	78	79	80	84	
220	9	10	12	14	46	77	79	80	81	83	84	85	88	100	
221	6	11	12	14	15	16	77	79	80	82	84	85	87	89	91	94	97	
222	16	17	19	81	85	87	89	92	97	
247	56	57	
248	37	51	52	55	56	60	87	91	
249	48	51	53	53	55	81	82	83	85	86	87	88	90	96	
250	52	79	81	81	82	83	84	85	94	
251	16	18	18	19	48	50	60	69	78	79	80	83	
252	18	19	19	20	26	46	48	50	52	56	57	59	60	61	70	79	
253	20	20	21	23	26	28	31	43	44	45	47	48	49	50	50	56	57	58	71	
254	4	9	13	21	26	42	43	44	45	46	47	47	48	49	50	79	96	
255	8	9	11	12	14	15	48	78	79	80	
256	2	7	11	12	13	14	15	16	17	19	21	26	79	80	83	83	88	92	97	
257	17	18	20	
280	56	58	
281	51	53	55	56	57	60	
282	49	51	52	54	83	86	87	90	92	
283	48	54	79	81	82	83	85	86	89	96	
284	6	9	11	14	16	19	19	78	80	
285	6	12	15	16	17	18	19	20	21	22	24	27	29	73	
286	21	22	22	23	24	26	57	58	60	63	73	
287	22	26	50	51	51	52	53	54	55	56	56	57	58	59	61	
288	4	33	43	45	46	47	48	49	49	50	50	51	54	73	
289	5	9	10	14	44	46	48	50	
290	3	6	8	10	11	12	13	13	14	15	15	16	19	19	21	26	79	81	98	
291	17	18	19	20	21	28	
314	53	56	57	58	61	
315	46	47	48	50	51	52	54	55	59	87	93	
316	50	54	80	81	83	84	85	86	89	90	102	
317	9	10	12	14	19	69	79	81	
318	6	10	12	13	13	14	15	16	17	18	19	20	21	26	70	
319	18	20	21	22	24	25	27	
320	23	58	63	
321	33	36	53	55	56	57	57	59	60	62	
322	36	48	50	51	52	53	54	55	56	58	
323	4	8	10	14	31	44	45	46	49	50	
324	7	11	12	13	13	14	15	19	28	78	
325	16	17	18	18	20	21	21	23	25	
347	56	58	
348	34	52	53	54	55	56	57	59	61	
349	46	47	49	50	51	54	86	87	89	
350	9	13	49	78	80	82	84	86	89	
351	3	6	8	9	11	12	13	14	15	15	16	17	19	20	
352	12	15	17	18	20	21	22	23	23	24	
353	22	
355	53	57	58	58	60	62	
356	51	52	54	55	59	
357	9	45	47	49	50	53	
358	5	7	9	10	11	12	14	14	15	18	23	
359	16	17	20	21	22	24	26	
381	56	57	59	63	
382	35	46	47	51	52	52	54	55	55	57	59	60	
383	46	49	50	51	53	82	83	85	86	90	
384	6	8	9	10	11	13	14	81	83	
385	4	7	11	12	14	15	15	16	17	17	18	19	19	20	24	26	72	
386	21	22	23	23	25	26	
389	35	36	56	57	59	62	
390	51	52	53	53	54	55	56	58	
391	9	49	50	86	87	91	
392	5	7	9	11	11	12	13	14	15	15	18	
393	16	17	17	19	20	21	22	23	26	
414	58	
415	55	56	57	58	59	60	
416	46	48	50	51	52	53	54	55	59	
417	49	53	81	82	84	85	88	88	
418	7	9	10	11	14	14	
419	4	8	11	13	14	16	17	18	18	19	20	21	24	26	72	
420	22	23	
422	57	
423	52	56	57	59	61	
424	51	52	53	54	54	85	87	91	97	
425	9	48	82	83	85	86	88	
426	5	6	7	10	11	12	12	14	14	15	16	18	81	
427	16	17	17	20	21	23	27	
431	92	
432	91	
433	86	87	91	
434	87	88	90	92	96	
435	16	87	88	90	92	97	
436	56	56	57	83	87	91	
449	35	52	55	56	56	57	59	60	62	
450	45	46	47	48	49	50	50	51	53	54	55	86	
451	10	45	46	50	82	85	88	
452	5	6	8	8	10	11	12	13	14	15	15	16	18	19	23	
453	2	13	14	15	16	17	19	21	22	24	28	
454	22	
456	57	62	
457	51	52	54	55	56	59	61	86	88	91	
458	51	53	54	82	83	85	86	87	88	88	90	92	94	
459	8	10	13	80	82	83	85	92	93	
460	3	7	10	11	12	13	14	15	16	17	18	19	19	20	23	26	
461	21	22	24	27	
462	91	
463	87	90	92	98	
464	86	87	88	90	91	96	
465	82	86	87	88	89	90	91	93	
466	82	83	85	86	87	88	90	91	92	95	
467	81	82	84	85	86	87	88	90	91	93	98	
468	81	82	83	85	85	86	87	89	90	92	94	
469	11	81	82	83	85	86	87	89	90	91	96	
470	15	16	19	81	82	85	86	89	90	93	95	
471	16	17	
482	57	
483	35	52	52	53	55	56	57	57	58	59	60	62	
484	45	46	47	48	49	50	51	52	53	54	
485	8	10	45	46	49	50	84	
486	7	10	11	12	14	15	
487	2	8	13	15	17	18	21	23	24	87	91	
488	86	87	88	91	92	
489	85	86	87	90	91	96	
490	57	59	83	85	86	87	88	89	90	91	95	
491	54	81	82	84	86	87	88	89	91	96	100	
492	53	79	80	81	82	84	85	86	87	89	90	
493	7	9	11	12	13	14	15	17	81	83	90	
494	7	12	18	23	24	87	90	92	
495	85	86	87	88	89	90	91	92	96	
496	82	85	87	88	88	90	91	94	97	
497	81	82	83	84	85	86	87	88	89	90	92	95	
498	81	82	83	84	85	86	87	89	93	
499	78	80	81	82	83	83	84	85	89	97	
500	46	79	80	81	82	83	84	85	86	88	96	
501	46	47	78	80	81	82	83	83	84	86	88	89	
502	46	46	47	78	78	79	80	81	83	83	84	85	98	
503	6	9	11	14	46	79	80	81	81	83	83	85	86	89	
504	7	10	11	12	14	15	16	19	79	80	82	84	99	
505	16	17	18	19	20	21	26	80	
516	58	
517	35	52	52	53	55	56	57	57	59	60	62	
518	42	47	48	50	50	51	52	54	54	
519	9	45	46	47	48	49	53	
520	5	7	9	11	12	13	14	81	85	89	97	100	
521	7	10	12	15	16	80	81	83	84	85	86	87	88	90	92	94	
522	78	81	82	83	83	84	85	87	87	89	91	95	
523	77	80	81	82	83	84	85	86	87	88	90	92	95	
524	53	55	80	81	82	83	84	85	86	87	88	89	91	93	98	
525	47	55	78	79	80	81	82	83	84	85	86	89	91	95	
526	9	13	78	80	81	83	85	94	
527	9	11	14	15	17	81	84	
528	46	80	82	87	89	
529	17	46	47	78	79	80	81	82	83	83	84	85	96	
530	47	79	80	81	82	84	85	93	
531	47	60	67	78	79	80	81	82	84	85	98	
532	18	19	43	44	46	47	48	51	56	58	71	78	79	81	84	100	
533	17	19	45	47	48	50	52	58	59	68	79	80	
534	18	19	21	27	28	43	45	47	48	49	51	58	59	62	68	78	79	80	80	
535	15	16	18	18	19	20	21	43	43	45	47	48	50	51	57	59	61	68	73	79	80	
536	17	18	19	20	21	22	27	45	47	48	49	50	53	56	59	68	71	79	
537	8	10	12	13	15	19	20	20	21	26	40	44	45	46	48	49	51	68	69	73	78	80	
538	5	10	11	12	14	15	15	18	18	19	20	21	23	23	27	49	73	78	
539	13	20	21	21	22	28	
540	23	
551	52	53	54	56	57	58	58	60	61	
552	47	50	50	51	52	54	54	55	56	56	57	57	58	59	60	62	63	
553	32	41	44	45	46	47	48	48	49	49	50	53	57	
554	2	5	44	45	46	47	47	49	50	
555	7	13	44	46	66	79	80	84	100	
556	46	78	79	80	81	84	85	98	
557	78	78	79	80	81	83	84	88	
558	46	48	78	79	80	81	82	84	
559	17	19	46	47	71	79	80	81	
560	17	18	21	45	46	47	50	71	80	83	
561	5	16	19	44	46	47	49	58	70	
562	14	16	18	19	20	22	44	46	48	49	58	59	69	78	80	83	98	
563	18	19	20	44	45	46	47	49	57	59	70	79	80	
564	14	17	18	18	19	20	21	27	43	45	45	46	47	49	50	58	60	64	67	69	72	78	79	81	
565	15	19	20	21	22	23	27	44	45	49	61	72	79	
566	15	18	19	20	21	22	25	26	43	49	52	57	58	62	66	71	
567	14	21	22	23	25	26	45	48	51	57	61	
568	15	19	21	22	23	23	24	26	45	48	61	71	74	
569	20	22	22	24	25	26	50	55	61	70	
570	21	23	23	25	27	29	52	
571	8	13	24	
572	15	22	23	24	25	28	
573	3	22	23	25	
585	58	62	
586	51	52	54	55	56	58	59	60	61	
587	31	35	37	43	49	50	51	51	52	53	54	55	56	57	59	60	61	63	
588	23	31	45	45	46	47	48	48	49	50	50	51	53	56	57	58	70	74	
589	42	44	45	46	47	47	48	49	50	54	57	62	73	78	
590	19	21	30	42	45	46	47	48	50	57	58	62	71	79	100	
591	17	18	19	20	22	28	43	44	45	47	49	50	57	60	70	79	83	
592	18	19	20	21	42	45	45	47	48	49	51	53	56	57	59	62	69	71	80	83	
593	18	19	20	21	22	26	41	44	45	47	48	49	50	59	62	70	72	
594	15	19	20	20	22	27	40	44	45	46	48	48	49	50	58	58	68	72	
595	10	19	20	21	22	23	23	27	45	49	63	68	68	72	
596	14	17	19	20	21	22	23	25	26	29	44	49	61	64	73	73	
597	15	20	21	22	23	24	25	26	44	50	61	
598	20	21	22	23	24	25	26	
599	22	24	25	64	
600	22	23	24	25	
601	22	24	
602	24	
606	25	
620	32	
621	52	54	55	59	61	
622	30	48	50	51	52	53	53	54	55	56	58	60	61	63	
623	23	32	45	47	49	50	52	59	65	72	
624	14	19	21	25	44	49	50	61	64	72	
625	15	19	21	21	23	23	24	45	48	62	68	73	
626	20	21	22	22	23	24	26	45	61	74	
627	21	22	23	23	24	55	
628	21	22	24	25	
629	22	23	24	25	
630	22	23	24	
631	24	74	
633	23	
652	92	
655	23	24	
656	62	
658	25	
659	23	23	25	
660	74	
661	25	
1172	71	
1173	8	50	
1196	42	
1202	44	
1205	70	
1208	11	
1211	56	
1223	64	
1226	77	
1239	22	
1243	46	
1244	9	71	
1258	84	
1268	24	
1272	46	
1273	47	
1274	46	
1275	69	
1280	81	84	
1286	64	
1287	6	
1302	24	42	
1303	46	46	
1304	48	49	
1305	19	23	
1306	17	19	35	41	46	49	54	57	61	70	
1307	21	42	45	46	47	48	51	57	69	
1308	42	46	47	49	69	
1309	47	50	
1310	60	
1312	18	
1316	27	61	
1318	26	
1330	36	
1334	19	
1337	17	18	
1338	17	19	22	26	46	
1339	12	15	16	17	18	20	22	27	45	46	50	
1340	17	19	21	24	27	41	44	48	48	51	57	60	70	
1341	18	19	21	22	25	42	45	50	51	55	56	57	58	60	
1342	21	23	23	44	47	49	51	52	53	56	58	59	72	
1343	34	44	45	47	48	48	49	51	54	
1344	44	49	69	
1346	14	69	
1356	9	
1357	5	
1358	85	
1367	42	
1368	16	
1369	19	
1370	13	31	
1371	10	14	16	17	19	
1372	11	13	14	15	16	17	18	18	19	20	22	27	28	69	74	
1373	11	15	15	19	20	21	22	23	73	
1374	20	21	22	23	24	55	62	87	92	
1375	8	22	23	23	25	35	52	54	57	60	61	75	87	88	91	92	
1376	22	25	50	51	52	54	55	56	58	58	59	
1377	45	47	48	49	50	50	52	54	74	
1378	44	45	46	47	49	50	55	
1379	47	
1380	3	
1383	48	
1385	48	71	
1386	10	
1390	93	
1398	64	
1399	19	
1403	14	
1404	10	14	17	21	24	
1405	7	10	11	12	13	14	17	18	18	19	21	24	27	29	70	
1406	12	21	22	23	24	57	
1407	22	23	24	87	88	90	91	95	
1408	82	85	86	86	88	90	95	
1409	12	82	83	84	85	86	89	91	95	
1410	17	35	52	53	55	55	56	57	58	60	62	82	83	85	86	87	89	90	92	94	94	94	
1411	16	17	50	51	52	53	54	55	56	57	59	
1412	44	45	46	47	48	48	49	50	51	54	
1413	47	49	
1415	69	
1437	10	13	15	17	
1438	7	10	11	13	14	15	16	17	18	19	21	
1439	7	12	15	17	18	20	21	23	23	25	26	56	58	
1440	25	52	86	87	89	91	97	
1441	54	81	82	83	85	85	87	89	91	95	
1442	77	80	81	82	83	84	87	88	91	97	
1443	10	78	78	79	80	82	84	89	
1444	7	10	11	12	14	15	19	28	35	58	62	78	79	80	81	82	84	91	95	
1445	17	20	34	51	52	52	54	55	56	57	58	59	62	81	85	92	98	
1446	45	47	47	49	50	50	51	53	53	54	62	98	
1447	47	49	
1448	66	
1461	7	
1465	46	
1466	34	
1467	9	
1468	30	
1469	15	
1470	16	
1471	7	9	11	13	13	14	17	18	20	
1472	7	12	15	16	17	19	19	20	22	25	27	56	57	70	73	
1473	21	22	23	23	47	51	52	54	57	60	88	91	
1474	51	53	56	81	83	83	85	86	87	89	96	
1475	51	55	78	79	81	83	87	89	
1476	79	81	84	
1477	10	81	
1478	5	7	8	9	11	12	14	15	20	58	79	83	84	89	
1479	12	17	19	21	26	35	52	55	56	58	59	60	78	80	83	88	97	
1480	45	46	47	49	50	50	52	53	55	56	61	
1481	49	
1486	80	
1499	32	
1504	8	11	13	
1505	6	10	11	12	13	14	15	16	18	19	21	23	57	58	63	71	
1506	17	19	20	21	24	27	52	53	58	61	
1507	23	45	46	49	50	51	53	54	86	90	
1508	49	79	82	84	
1509	52	54	79	
1510	89	
1512	4	7	8	10	12	14	15	17	58	
1513	6	13	15	16	18	18	19	21	27	35	56	57	59	60	79	82	93	
1514	22	46	47	50	51	52	54	56	61	
1515	43	46	55	62	
1516	54	58	
1524	4	
1527	7	12	90	
1528	88	
1529	90	
1536	2	
1538	7	10	12	14	19	
1539	8	10	11	12	14	14	15	16	17	18	20	22	23	25	26	57	61	
1540	17	22	24	26	46	52	52	53	54	55	56	58	60	
1541	47	48	51	53	55	63	81	83	84	85	87	88	
1542	53	80	98	
1543	49	
1546	7	10	12	14	18	18	24	58	
1547	3	8	12	13	15	16	17	19	20	21	24	28	56	58	59	62	71	78	
1548	22	44	45	46	47	50	51	53	54	60	
1549	48	50	
1554	64	
1556	47	
1558	46	
1570	12	
1571	19	
1572	7	9	11	13	14	15	19	
1573	5	8	12	13	15	16	16	18	18	19	20	22	23	53	56	57	59	61	
1574	22	46	47	50	51	52	54	59	
1575	44	49	50	53	53	59	82	85	
1576	49	93	
1577	90	
1578	14	
1579	14	16	18	
1580	8	9	10	12	14	15	16	17	19	20	57	57	
1581	2	5	13	17	18	20	21	22	24	27	34	38	48	52	57	58	59	61	
1582	22	23	45	47	49	50	51	53	54	55	91	
1583	38	42	46	48	54	56	
1585	25	
1586	37	46	
1587	18	46	
1588	19	54	67	
1589	20	44	47	49	56	
1590	22	42	44	47	49	53	57	63	63	66	69	
1591	22	27	42	45	47	49	56	
1592	46	47	48	78	
1594	48	70	
1605	10	14	
1606	7	9	10	11	12	13	14	15	17	19	57	
1607	12	16	17	19	20	21	22	24	25	27	33	51	52	55	56	57	58	60	63	73	
1608	22	46	48	49	49	50	51	53	53	54	56	57	59	
1609	45	47	49	50	53	83	85	
1610	47	
1611	17	41	48	
1612	10	18	
1613	9	12	14	16	19	22	25	46	69	
1614	4	7	10	11	13	14	16	17	18	19	21	22	23	25	27	56	57	71	75	
1615	22	23	25	46	48	50	51	52	53	55	57	58	60	
1616	36	45	46	49	51	52	55	85	86	89	
1617	46	49	58	58	
1618	19	46	51	
1619	16	20	24	42	45	47	49	59	68	
1620	18	20	26	48	50	60	72	
1621	18	19	20	23	26	44	47	51	58	68	
1622	17	19	20	21	24	41	43	45	46	48	49	57	61	70	
1623	19	20	21	23	36	45	47	50	56	58	60	69	
1624	19	20	22	25	26	38	44	45	47	49	50	52	53	56	57	60	68	
1625	22	23	44	45	47	48	48	49	50	52	56	58	58	
1626	26	42	44	46	47	48	48	49	50	56	64	
1627	49	
1629	70	
1638	23	57	
1639	8	11	13	28	
1640	4	6	9	10	11	13	14	15	16	18	25	58	
1641	13	16	17	19	20	21	23	25	35	52	52	55	56	57	58	58	60	
1642	43	45	47	48	50	51	52	53	54	56	59	62	
1643	32	45	47	48	49	50	54	61	
1644	18	44	47	50	60	66	71	
1645	16	19	41	44	46	48	49	
1646	11	13	15	18	19	20	22	45	46	72	
1647	8	10	14	15	17	18	18	19	20	21	24	27	57	70	
1648	7	17	18	19	20	21	23	23	25	27	53	56	57	58	60	62	
1649	3	36	42	47	48	49	50	51	52	54	55	57	58	63	
1650	45	46	47	49	49	51	53	62	84	
1651	19	26	44	46	48	49	58	73	
1652	17	18	20	22	26	40	45	48	50	58	71	
1653	17	19	20	22	24	28	45	50	60	64	69	
1654	14	18	20	21	22	23	26	29	45	48	51	59	68	
1655	15	19	21	22	24	45	64	72	75	
1656	20	22	23	24	25	27	64	
1657	22	23	23	25	63	88	
1658	22	24	27	53	53	57	59	62	74	92	
1659	23	25	51	52	55	56	57	58	60	62	73	92	
1660	23	45	49	50	51	53	54	60	
1661	45	49	54	
1669	29	
1671	17	
1672	73	
1673	9	18	
1674	4	7	8	9	10	11	12	13	14	15	19	22	
1675	12	15	16	17	18	19	21	23	25	34	53	55	56	57	59	60	70	77	78	92	97	
1676	17	22	35	51	52	54	56	59	61	
1677	42	45	47	48	49	51	54	59	72	
1678	17	20	23	45	47	49	51	59	69	
1679	18	19	20	22	24	28	44	49	65	68	69	75	
1680	10	12	13	15	17	19	20	21	22	24	43	49	65	73	
1681	11	15	20	21	23	23	24	25	27	55	
1682	22	24	25	52	53	55	58	58	60	62	
1683	50	51	53	54	55	56	60	
1684	45	50	51	58	59	64	
1685	22	23	30	45	50	62	65	
1686	22	24	
1687	24	87	88	91	93	
1688	23	24	87	88	92	
1689	24	86	87	89	91	96	
1690	23	24	24	85	86	87	88	89	90	91	91	96	
1691	25	82	83	87	88	88	89	90	93	94	98	
1692	85	85	86	87	88	89	90	93	95	
1693	53	54	55	58	62	85	86	87	88	89	90	92	94	96	
1694	33	51	54	55	82	85	86	87	89	92	95	
1695	55	
1698	2	
1701	9	
1707	8	12	15	
1708	2	4	9	10	12	13	14	15	19	24	
1709	1	6	8	12	12	15	19	24	80	82	85	87	90	96	
1710	16	21	61	83	86	87	89	90	92	95	98	
1711	16	24	88	92	
1712	23	25	
1713	22	24	93	
1714	23	23	25	88	92	
1715	22	24	88	91	92	
1716	87	88	91	92	
1717	86	87	88	91	92	
1718	83	85	86	87	88	90	91	92	97	
1719	25	83	85	86	87	89	90	92	95	
1720	25	82	85	85	86	87	89	90	92	95	
1721	82	82	85	85	86	88	89	90	98	
1722	25	82	85	86	87	89	90	94	98	
1723	82	83	85	86	87	88	91	96	
1724	78	79	80	81	82	83	85	86	87	90	95	
1725	77	79	80	80	82	84	85	89	91	
1726	77	79	80	81	83	83	84	86	88	91	
1727	19	19	78	79	80	80	82	83	84	86	90	96	
1728	77	79	80	81	83	83	85	92	
1729	92	
1731	57	
1742	5	10	13	14	
1743	7	9	11	12	12	13	15	78	80	85	89	94	
1744	7	10	11	12	13	14	16	77	79	80	81	82	84	85	87	89	91	96	
1745	16	82	83	85	86	87	89	90	92	95	97	
1746	83	86	87	88	90	91	92	97	
1747	82	83	85	86	87	88	89	90	91	96	
1748	82	83	86	87	88	89	91	94	97	
1749	82	82	83	85	85	86	87	88	89	91	95	
1750	81	82	82	84	85	86	86	88	89	90	91	95	
1751	80	81	82	84	85	86	87	89	90	94	
1752	80	81	82	83	84	84	85	87	89	93	96	
1753	78	80	81	82	84	85	86	88	
1754	80	81	83	83	84	86	90	
1755	77	79	80	81	82	83	84	87	94	
1756	78	79	80	82	83	86	89	
1757	78	79	81	84	86	
1758	79	80	82	84	
1759	79	80	84	89	
1760	78	81	85	88	
1761	79	81	84	89	
1762	78	
1763	86	
1776	5	
1777	3	6	11	80	83	98	
1778	7	8	10	13	13	78	79	81	84	
1779	11	78	79	80	81	82	84	86	89	97	
1780	79	80	81	81	82	84	85	86	87	89	91	94	98	
1781	77	80	81	82	83	84	85	91	97	
1782	8	77	79	80	80	81	84	85	86	88	89	91	97	
1783	77	78	78	79	79	80	80	82	84	85	89	
1784	79	79	80	81	82	83	85	100	
1785	77	78	79	80	80	82	83	85	88	98	
1786	79	80	82	85	
1787	79	81	84	89	101	
1788	79	80	85	88	
1789	79	
1790	78	81	
1791	80	93	
1793	86	
1797	96	
1801	70	
1804	71	
1812	3	11	18	79	84	92	
1813	4	12	17	17	79	81	84	86	88	95	
1814	78	79	81	83	83	84	87	
1815	78	79	80	82	85	89	
1816	78	80	82	83	
1817	80	93	
1818	78	80	83	
1819	79	84	91	97	
1820	79	86	93	
1821	78	
1822	84	
1823	83	
1824	89	
1826	84	
1827	87	
1836	72	
1838	93	
1841	74	
1845	10	98	
1846	5	
1848	78	
1850	98	
1852	87	
1859	10	
1875	69	
1877	43	
1889	3	10	
1892	88	
1893	3	
1898	80	
1916	95	
1928	81	
1932	53	
1950	94	
1955	28	53	
1963	2	
1974	35	
1981	50	
1982	96	
1986	41	
1989	87	
1990	91	
1998	68	
2016	87	
2018	5	
2019	95	
2025	43	49	
2036	67	
2043	56	
2044	81	
2050	96	
2055	1	
2066	83	
2085	61	
2086	10	
2090	90	
2112	29	82	
2114	30	
2139	12	
2149	8	
2177	30	
2179	27	
2216	13	
2220	5	
2228	11	
2239	25	
2253	14	
2262	1	
2275	100	
