49	65	
79	45	
84	80	
113	86	87	91	
114	85	87	88	89	90	91	94	96	
115	87	89	91	94	96	
116	16	
144	58	
145	56	
146	50	53	54	88	92	
147	48	81	83	83	85	86	87	88	89	90	92	93	96	100	
148	6	8	80	82	83	83	84	85	86	87	88	89	91	92	93	96	100	
149	9	11	13	14	16	80	81	82	83	84	85	86	87	88	89	90	91	93	93	96	
150	12	16	17	18	81	83	84	86	89	91	95	
151	17	
172	81	
177	58	
178	56	58	
179	47	50	51	52	54	55	56	57	60	
180	48	48	50	51	53	53	55	56	83	84	86	87	90	93	97	
181	48	79	81	82	84	86	87	90	98	
182	8	78	79	80	81	82	84	85	86	89	
183	5	6	8	9	11	12	13	14	79	80	81	82	84	85	87	89	96	
184	11	12	13	15	16	16	17	18	19	79	80	86	88	93	98	
185	16	17	18	20	22	26	
211	58	
212	52	53	55	56	59	
213	46	47	48	50	51	52	54	55	56	58	
214	46	49	51	53	81	82	85	86	88	88	90	
215	51	59	79	81	82	83	86	89	97	
216	8	43	47	49	72	79	81	88	
217	2	6	9	10	10	11	12	13	14	14	79	81	84	
218	1	7	11	12	13	14	15	16	17	18	19	20	26	79	84	91	
219	7	16	17	17	19	21	22	23	91	94	
245	56	57	
246	34	51	52	52	53	54	55	55	56	57	58	60	
247	46	47	48	49	50	50	51	52	54	55	86	89	
248	49	57	58	62	67	79	82	84	87	90	95	
249	16	18	36	53	56	61	71	78	
250	18	22	27	33	43	44	45	46	46	47	47	49	50	51	
251	6	8	10	11	13	15	45	46	49	
252	3	7	10	11	12	13	14	15	16	16	19	26	70	79	85	89	96	98	
253	12	15	16	17	18	18	20	21	22	81	92	
254	1	
278	58	
279	52	56	57	60	
280	47	49	51	51	52	53	53	54	55	58	59	
281	47	48	50	51	54	82	84	87	88	99	
282	8	10	11	14	48	58	81	83	86	
283	12	13	15	16	16	17	18	19	20	24	52	52	55	56	56	57	59	60	69	
284	18	21	22	23	25	46	47	48	50	50	51	53	73	
285	3	8	9	13	14	44	46	49	
286	7	9	11	12	12	13	14	15	18	79	97	
287	12	15	16	16	17	18	19	20	22	24	80	
288	17	22	
312	57	58	
313	34	52	55	56	57	57	60	
314	35	46	47	50	50	51	52	52	53	54	55	59	
315	45	46	48	49	51	81	85	87	91	100	
316	4	9	10	11	11	14	14	58	69	82	83	
317	13	15	16	16	17	18	18	19	20	21	24	28	52	52	55	56	57	58	59	60	63	71	
318	22	23	33	46	47	48	50	51	51	53	55	
319	9	11	13	44	45	46	47	49	
320	6	7	10	11	12	12	14	15	15	19	71	
321	8	12	13	15	16	17	18	18	20	21	22	23	25	94	
322	17	20	21	23	
332	88	91	
333	87	91	97	
334	17	92	
346	57	58	62	
347	52	52	54	55	56	57	60	
348	47	48	49	50	51	52	53	54	55	56	
349	9	45	46	49	50	81	83	102	
350	4	7	10	10	11	12	14	15	58	72	
351	16	16	17	18	19	20	21	23	24	26	55	56	57	58	59	62	
352	47	48	51	51	52	53	54	55	
353	5	8	49	50	
354	6	10	11	12	14	15	16	25	
355	2	8	12	13	14	15	16	17	18	19	20	21	24	28	
356	18	21	22	
363	58	
364	91	
365	83	86	88	90	91	97	
366	9	83	86	87	89	90	92	94	97	
367	12	13	15	81	82	84	86	87	88	89	90	92	93	96	
368	16	18	83	85	86	88	90	92	96	
369	18	
380	57	62	
381	35	52	53	54	55	56	57	59	61	
382	46	47	48	49	50	50	51	53	54	
383	9	47	49	83	86	88	
384	5	6	7	10	11	12	12	14	14	15	16	
385	17	18	18	19	21	22	23	35	53	56	57	58	60	
386	47	50	51	52	54	55	
387	9	45	46	48	49	
388	4	7	9	10	11	12	14	14	19	
389	12	13	15	16	17	18	19	20	20	22	25	
390	16	18	20	22	23	
395	58	
396	56	
397	52	59	88	92	
398	54	83	85	86	87	89	91	93	94	
399	53	81	82	83	84	85	86	87	89	90	92	93	96	
400	8	80	81	82	84	85	86	87	88	90	97	
401	5	6	9	10	12	14	15	16	79	80	81	82	83	84	86	89	95	98	
402	11	13	15	16	17	18	19	21	78	79	81	82	85	86	89	94	97	
403	17	18	20	22	91	
414	57	58	61	
415	35	52	53	54	55	56	56	57	58	59	62	
416	46	47	47	49	50	51	51	52	54	55	59	102	
417	9	44	46	47	48	86	89	
418	6	7	10	11	11	12	13	14	18	57	58	
419	12	16	17	19	20	22	25	53	55	56	57	59	92	97	
420	47	47	51	52	54	
421	9	10	14	46	48	49	83	87	88	
422	4	7	8	10	11	12	13	14	15	16	18	81	
423	12	16	17	17	19	20	21	23	24	71	
424	18	20	22	
429	57	
430	52	57	91	
431	52	54	55	56	83	85	86	87	90	92	96	
432	46	52	55	81	82	84	85	86	87	88	90	96	101	
433	39	46	47	78	80	81	82	83	84	85	88	90	
434	40	45	46	49	79	80	81	84	85	89	
435	7	9	10	11	14	17	46	66	71	79	80	84	
436	7	11	11	12	13	14	15	15	16	17	18	19	19	21	69	79	81	83	
437	16	17	18	20	21	21	23	25	61	61	62	
448	58	
449	52	52	53	54	55	56	56	57	58	59	60	
450	33	46	47	47	48	49	50	50	51	53	54	55	63	
451	9	43	45	46	47	48	49	
452	7	9	10	11	12	14	15	93	
453	7	12	13	15	16	16	17	19	21	25	35	53	55	55	56	56	57	58	59	61	69	79	81	85	89	92	98	
454	47	50	50	51	52	54	55	91	
455	9	48	49	82	85	
456	4	6	8	10	11	12	13	13	14	15	16	17	18	19	69	
457	8	12	15	16	17	17	19	20	20	21	22	23	25	27	71	
458	22	
462	57	59	
463	52	54	56	86	88	90	92	97	
464	52	54	55	82	84	85	86	87	88	90	91	94	97	
465	54	61	68	80	81	82	84	85	87	88	89	91	96	
466	19	42	48	60	63	68	78	79	80	82	84	86	
467	15	16	17	18	18	19	20	26	42	45	47	49	50	52	59	60	62	67	71	79	85	
468	17	19	20	21	21	27	28	43	44	45	45	46	47	48	50	51	67	71	79	
469	6	8	10	11	12	14	15	18	19	21	21	22	23	44	72	
470	2	4	6	11	13	14	15	15	17	19	20	20	21	22	23	26	69	72	
471	20	21	22	22	24	
482	58	
483	51	52	53	55	56	57	57	59	60	63	
484	37	47	48	49	50	51	51	52	53	53	54	55	56	58	59	
485	43	45	45	46	47	47	48	49	50	51	
486	4	7	9	10	12	13	15	48	
487	6	13	16	19	34	52	53	56	59	61	78	80	86	90	93	97	
488	23	51	53	82	86	87	90	91	96	
489	9	10	11	14	83	86	91	
490	4	8	11	12	13	14	15	15	16	16	18	19	21	23	
491	17	18	19	20	21	22	23	24	26	
494	56	
495	55	56	
496	52	53	54	55	59	90	93	95	
497	52	54	58	81	82	84	86	87	89	90	92	94	97	
498	18	80	81	82	84	85	86	89	94	98	
499	6	11	12	14	15	16	17	19	44	69	78	79	80	82	83	85	
500	8	8	11	13	14	15	15	16	17	17	18	19	19	20	20	21	26	45	69	79	
501	18	19	20	21	22	23	24	26	39	51	
502	21	22	23	23	24	32	50	74	
503	10	15	22	24	45	50	64	
504	2	21	23	24	28	
505	23	
517	52	53	56	57	57	58	60	62	
518	48	51	52	52	53	54	54	55	56	57	59	61	
519	45	46	47	47	49	49	50	51	54	
520	4	9	10	44	45	48	
521	7	13	79	85	87	88	91	
522	53	80	82	84	85	86	88	89	90	94	97	
523	9	10	11	13	14	16	82	85	88	90	
524	1	5	6	8	10	11	12	13	14	15	15	16	16	18	19	23	25	68	
525	16	17	18	20	21	22	22	
527	56	
528	53	56	58	59	
529	52	54	87	89	91	93	95	
530	52	53	54	55	81	82	83	85	87	88	88	90	91	95	
531	46	67	78	80	81	82	84	85	86	88	95	
532	6	9	10	12	14	16	17	18	18	46	67	70	79	80	82	83	88	
533	8	10	11	12	13	14	15	16	17	17	18	18	19	20	20	22	45	70	80	
534	5	15	19	20	21	21	22	23	24	26	73	
535	22	22	24	31	32	32	
551	56	57	61	
552	34	50	51	52	53	53	54	55	56	56	57	57	58	58	59	60	61	
553	45	48	49	49	50	51	51	53	57	
554	41	44	44	45	46	46	47	47	48	49	49	50	
555	2	46	49	79	83	
556	78	80	82	83	85	87	92	95	
557	5	6	8	9	10	12	13	14	15	80	83	84	
558	6	11	12	13	14	14	15	15	16	17	18	19	21	71	
559	16	17	18	19	20	21	22	23	
560	56	
561	53	56	57	59	
562	52	54	62	86	88	90	92	98	
563	53	54	55	62	82	83	84	85	86	87	88	90	92	96	98	
564	32	67	80	81	82	83	83	85	86	90	95	101	
565	8	10	12	14	16	17	18	18	19	43	69	79	80	83	
566	6	10	11	13	13	14	15	17	17	18	19	20	20	21	24	27	69	72	
567	5	17	20	21	22	23	24	25	74	
568	21	22	23	24	
586	51	52	55	55	57	58	59	60	61	
587	36	49	50	50	51	51	52	53	54	55	55	56	56	57	59	60	62	63	
588	32	35	37	45	46	46	47	48	48	49	50	50	51	53	
589	43	45	46	47	48	49	
590	46	78	80	
591	6	9	10	11	12	13	14	
592	2	7	10	11	12	12	14	15	15	16	17	18	19	20	24	
593	13	17	18	19	21	22	82	87	92	96	
594	57	
595	51	52	54	56	87	88	89	91	94	98	
596	52	54	55	82	83	84	85	86	87	89	90	92	95	
597	14	79	80	81	82	84	86	88	96	
598	6	10	12	14	15	16	17	18	19	44	68	71	79	80	81	84	
599	5	9	11	12	14	15	16	17	17	18	19	20	21	21	26	29	45	71	
600	15	20	21	22	22	23	23	24	25	
601	22	25	74	
620	57	62	
621	51	51	52	53	54	55	56	57	57	59	60	61	63	
622	36	46	47	48	49	50	50	51	51	52	53	54	55	56	56	57	58	59	60	
623	43	44	45	45	46	47	47	48	48	49	50	52	54	72	
624	44	46	46	48	48	49	
625	6	9	10	13	15	
626	2	4	6	8	9	11	12	12	14	15	19	24	26	85	90	93	98	
627	6	17	21	79	82	85	87	88	88	90	91	93	96	
628	54	58	82	86	87	88	89	91	92	93	96	
629	52	53	55	80	82	83	85	86	87	88	89	90	92	93	96	
630	10	80	81	82	84	86	89	95	99	
631	9	10	12	13	14	15	16	17	18	19	45	69	78	80	84	
632	7	10	12	13	15	15	16	17	18	19	19	20	20	21	21	25	69	
633	20	20	21	22	22	23	25	
634	22	25	74	
655	53	57	61	
656	50	51	52	53	54	55	56	57	58	58	59	60	62	
657	45	48	48	49	49	50	51	51	54	55	56	56	57	58	59	
658	44	44	45	46	46	47	48	48	49	49	50	52	75	
659	10	43	45	46	47	
660	4	7	9	11	12	13	15	80	85	92	96	
661	80	81	83	84	85	87	89	91	96	
662	55	80	81	82	83	84	85	86	87	88	89	90	95	
663	17	41	79	80	81	83	84	85	86	90	
664	8	8	10	11	13	14	15	16	16	17	18	19	19	20	43	45	69	71	79	80	84	
665	5	11	12	14	15	16	17	18	18	19	20	21	22	25	26	68	71	
666	20	20	21	22	23	23	24	28	73	
667	22	
690	55	57	58	60	63	
691	35	37	51	52	52	53	53	54	55	56	57	57	59	59	60	
692	32	45	47	47	48	49	50	50	51	51	52	54	55	56	57	59	74	
693	5	30	42	43	44	45	46	46	47	48	48	49	50	51	75	
694	44	46	49	
695	2	13	69	80	81	84	89	
696	11	13	16	17	18	20	41	67	79	80	81	83	83	85	95	
697	8	9	11	12	14	15	15	16	17	17	18	19	19	20	45	69	71	79	80	101	
698	12	13	14	15	17	18	19	20	20	22	24	26	44	69	
699	20	21	22	23	23	25	
700	22	
725	52	53	54	55	57	59	61	
726	35	49	50	51	52	52	54	55	56	57	58	59	60	62	64	
727	31	42	44	45	46	47	49	49	50	51	52	54	57	58	58	59	61	67	
728	19	32	40	43	44	45	45	47	47	48	48	49	49	51	61	67	71	
729	15	18	19	20	29	39	43	44	44	45	46	47	49	67	69	71	73	79	
730	8	10	11	12	13	14	15	16	18	19	20	21	22	23	44	49	69	70	79	
731	5	12	15	18	19	20	20	21	22	24	28	70	72	
732	21	22	22	23	24	
733	23	
760	52	55	61	
761	52	55	61	
762	24	45	50	55	61	75	
763	15	20	22	23	24	25	50	
764	5	22	23	24	
765	21	23	23	25	
766	22	
797	25	
1167	71	
1168	24	
1169	56	
1170	10	29	
1171	68	
1186	103	
1202	12	
1203	47	
1204	30	72	
1207	7	
1217	50	
1230	54	
1231	24	
1235	39	45	
1236	31	47	
1237	30	46	59	
1238	47	72	
1239	69	
1240	83	
1246	3	
1252	40	
1254	54	
1267	16	
1268	16	
1269	16	17	19	22	37	43	45	47	58	60	67	71	75	
1270	17	19	21	45	46	48	49	53	56	71	
1271	23	28	43	44	46	47	49	71	
1272	46	49	62	
1273	49	
1284	90	91	
1295	48	
1298	17	
1300	19	
1301	9	
1302	10	12	14	16	16	18	20	
1303	13	16	17	18	18	19	20	22	56	57	59	62	69	73	
1304	17	19	20	21	23	24	26	36	42	43	45	47	49	51	53	54	56	57	58	61	70	
1305	23	44	45	46	46	47	48	49	49	50	52	55	56	57	58	72	
1306	43	44	45	46	48	50	
1307	48	
1308	40	49	
1312	56	
1333	101	
1334	19	
1335	10	12	14	16	18	20	
1336	8	9	10	12	13	13	14	15	16	16	17	19	19	21	23	28	71	
1337	12	16	17	18	18	19	20	21	22	23	25	27	58	62	72	
1338	21	22	24	52	53	55	56	56	57	59	60	
1339	23	47	48	50	51	51	52	53	54	55	58	
1340	44	45	46	48	49	50	52	55	
1341	48	
1342	48	
1343	12	
1344	37	
1346	32	
1352	6	
1363	25	
1368	10	14	17	44	
1369	7	9	10	12	13	14	15	16	17	19	
1370	6	9	11	12	14	15	16	17	18	18	19	20	21	23	26	70	
1371	18	20	21	22	24	
1372	23	34	52	53	55	56	57	59	60	92	
1373	47	50	50	51	51	52	53	54	55	56	57	58	60	
1374	10	44	45	46	47	48	48	49	50	52	55	
1375	45	49	
1376	48	
1378	59	
1380	28	
1382	10	
1383	96	
1398	40	
1401	16	
1402	9	11	13	17	18	22	
1403	7	9	10	11	12	14	15	16	17	18	19	24	56	72	
1404	13	15	16	17	18	19	20	21	23	71	
1405	9	22	88	89	91	
1406	35	53	55	57	58	62	82	83	86	87	88	89	90	94	96	
1407	17	48	50	51	51	52	54	55	56	57	59	
1408	45	46	47	48	49	50	51	52	53	55	58	
1409	45	46	49	67	74	
1410	58	67	
1419	28	
1423	91	
1424	61	
1435	16	
1436	8	10	11	14	15	16	
1437	5	6	8	12	15	16	17	18	18	19	21	56	57	61	71	
1438	18	19	20	21	23	23	25	51	52	53	54	
1439	8	48	49	82	85	87	90	96	99	
1440	7	11	12	14	15	16	19	56	57	62	78	79	80	81	83	86	89	96	98	
1441	17	18	20	21	34	51	51	52	54	55	56	57	58	60	70	80	86	89	95	
1442	45	46	47	48	50	51	52	53	54	58	
1443	43	46	49	53	
1444	47	49	
1453	26	
1454	60	
1455	46	48	60	
1456	62	
1457	48	
1459	8	
1469	9	13	
1470	8	10	11	13	14	16	18	19	58	70	
1471	6	12	12	15	16	16	17	19	20	21	24	26	34	36	52	57	59	70	
1472	20	21	22	24	46	47	50	51	53	54	
1473	9	48	79	81	84	86	90	93	
1474	5	7	9	10	11	12	14	15	78	81	83	91	94	
1475	13	16	19	21	51	52	55	56	57	59	60	62	80	86	89	93	94	
1476	18	23	46	47	49	50	51	52	53	53	54	56	59	
1477	44	46	48	50	51	63	
1478	49	56	59	
1479	1	
1481	84	
1482	22	
1484	33	
1487	15	18	18	42	
1488	18	27	33	46	48	50	56	60	71	
1489	22	43	47	50	69	
1490	46	48	57	
1491	46	50	
1493	9	
1497	11	
1503	8	13	
1504	5	6	9	10	11	13	14	15	16	19	24	57	58	
1505	13	16	17	19	20	21	52	53	55	56	60	
1506	22	23	46	47	50	51	52	54	55	58	
1507	45	46	48	49	81	83	87	89	
1508	5	7	8	9	11	12	14	15	
1509	13	15	16	17	19	20	24	53	56	57	58	60	80	
1510	18	21	47	48	50	51	53	54	55	57	58	
1511	44	47	49	50	
1512	52	
1515	60	
1519	17	18	28	
1520	9	14	16	22	47	
1521	14	16	19	21	26	44	70	79	
1522	18	19	20	21	22	24	28	35	40	44	47	48	51	53	56	57	58	59	61	67	69	
1523	22	42	44	45	46	47	49	50	52	55	56	58	61	72	
1524	45	46	47	48	50	51	
1525	47	49	
1528	9	
1535	16	
1537	10	13	
1538	4	8	9	11	12	13	14	17	20	
1539	12	15	16	17	18	18	19	21	23	25	36	52	53	55	56	57	58	60	62	69	
1540	17	46	47	49	50	51	52	54	60	
1541	9	42	49	82	84	
1542	4	6	9	11	12	14	15	16	18	83	
1543	8	13	16	17	17	18	19	20	23	25	52	55	55	56	58	58	59	63	70	79	
1544	45	46	47	50	50	51	52	53	55	59	62	
1545	45	47	48	49	52	54	
1546	49	
1547	87	
1551	16	
1552	10	16	47	
1553	12	13	16	19	
1554	10	14	16	17	19	20	21	23	25	26	28	71	
1555	12	15	18	19	20	21	22	23	45	58	69	71	
1556	19	20	21	22	24	25	26	52	53	55	56	57	58	59	61	
1557	22	25	48	49	50	50	51	52	54	56	57	60	
1558	43	45	47	47	48	49	50	51	54	74	
1559	49	
1565	71	
1571	8	10	13	73	
1572	5	6	10	11	12	14	14	15	16	19	58	
1573	13	15	16	16	17	19	20	21	23	25	37	52	53	55	56	57	59	60	63	71	
1574	18	22	23	47	48	49	50	50	51	54	
1575	9	44	45	47	49	
1576	6	10	11	12	14	15	18	72	
1577	13	17	17	18	19	20	21	24	25	51	52	56	56	58	58	59	61	61	70	
1578	22	45	46	47	49	50	51	52	54	55	61	
1579	47	48	50	53	55	60	
1580	52	66	
1581	41	98	
1582	54	
1583	20	53	
1585	16	
1586	10	16	17	19	46	67	69	
1587	6	9	11	13	14	15	16	18	19	20	26	44	70	
1588	11	13	14	15	17	18	19	20	20	21	24	26	70	
1589	18	21	22	24	25	27	
1590	24	53	55	56	57	58	61	73	
1591	51	51	52	53	54	54	55	56	57	59	61	93	
1592	49	50	51	52	54	56	56	56	57	88	
1593	50	
1601	23	
1603	80	
1604	4	14	16	71	
1605	7	9	14	16	
1606	7	9	10	11	12	13	14	15	20	
1607	12	17	19	20	22	25	27	52	53	55	55	56	57	58	59	60	62	91	97	
1608	17	18	22	23	50	50	51	52	53	55	56	
1609	9	44	45	46	47	49	50	51	
1610	4	6	9	11	12	13	14	18	57	68	
1611	13	17	19	20	21	22	24	35	51	52	53	54	55	57	58	61	69	
1612	23	46	49	50	51	53	54	55	56	59	88	91	
1613	48	51	56	91	
1618	17	20	
1619	10	12	14	16	17	19	21	25	26	44	47	
1620	8	11	15	16	17	18	18	19	21	22	24	26	69	71	
1621	11	13	15	20	21	22	24	26	45	71	
1622	22	23	24	74	93	
1623	87	89	90	92	93	95	97	
1624	83	86	86	87	90	91	92	93	95	96	
1625	52	54	54	57	61	87	87	89	90	91	92	95	
1626	52	54	55	57	82	84	85	86	87	89	91	95	
1639	9	
1640	4	6	9	10	12	14	15	18	
1641	7	11	12	13	14	15	16	20	23	53	55	57	57	60	62	82	88	91	95	
1642	16	17	18	20	22	35	48	51	52	53	53	54	56	58	60	
1643	41	44	45	46	47	49	50	
1644	4	8	11	12	14	15	45	56	57	58	61	70	
1645	16	17	18	20	21	22	24	25	26	48	52	53	54	55	56	59	70	
1646	23	44	45	46	47	49	50	51	52	54	58	86	
1647	50	81	84	90	100	
1648	49	
1650	14	
1651	14	18	26	
1652	9	12	14	16	17	18	19	22	27	71	
1653	9	11	13	13	14	16	17	18	19	19	21	23	24	69	72	
1654	18	21	22	23	24	27	56	59	
1655	22	23	24	52	54	55	87	92	
1656	54	58	82	86	87	88	88	89	90	92	95	
1657	78	81	82	83	84	85	86	87	88	90	92	95	
1658	79	80	81	81	83	84	85	86	88	92	93	97	100	
1659	79	80	81	82	84	85	86	88	89	91	95	98	
1660	79	80	82	83	85	87	93	99	
1671	11	
1672	12	
1673	9	14	24	
1674	2	9	11	14	
1675	3	6	8	10	11	12	13	13	14	15	16	18	20	62	79	81	87	91	97	
1676	16	17	18	18	19	20	22	24	51	54	58	63	
1677	30	50	68	
1678	5	12	15	20	44	56	57	57	62	
1679	21	22	24	47	48	49	50	51	51	52	54	54	55	56	58	61	
1680	44	45	46	48	48	49	50	51	54	57	86	
1681	46	81	84	91	
1684	9	14	16	101	
1685	8	11	14	15	16	17	18	19	70	
1686	10	12	14	15	16	17	18	19	20	22	24	27	44	69	72	
1687	21	22	23	25	26	56	59	
1688	22	25	52	53	54	92	
1689	52	53	55	83	85	86	87	88	88	89	92	94	96	
1690	77	80	81	83	83	84	85	87	90	
1691	79	80	83	85	88	
1692	79	80	86	89	
1693	80	82	84	87	88	98	
1694	78	81	85	98	
1695	88	
1705	14	
1708	4	7	9	11	14	15	97	
1709	4	7	10	11	12	13	14	14	15	16	19	79	85	
1710	15	17	19	20	23	24	79	83	87	88	89	90	92	94	96	
1711	16	17	22	
1712	5	23	36	53	56	56	57	58	60	62	74	
1713	25	47	51	52	52	53	54	54	55	56	59	62	
1714	42	45	45	46	47	47	48	49	49	50	51	54	86	
1715	46	49	
1716	49	72	
1717	9	14	16	44	69	
1718	9	11	13	15	16	17	19	20	22	71	
1719	8	10	12	13	15	16	18	19	20	21	24	26	44	71	
1720	15	18	20	21	22	23	23	24	56	60	
1721	22	51	52	53	53	54	55	56	73	87	90	91	
1722	55	63	83	85	86	87	88	88	89	90	91	94	96	
1723	54	77	80	81	82	84	84	86	88	91	
1724	78	80	85	
1725	99	
1726	83	
1727	95	
1732	83	
1736	71	
1741	8	
1742	11	14	
1743	4	5	8	9	10	12	14	16	18	81	83	91	93	
1744	6	8	9	10	11	12	13	13	14	15	20	79	80	82	84	86	90	92	95	100	
1745	13	16	17	18	19	22	28	87	90	92	95	
1746	18	56	57	57	59	61	
1747	13	51	51	52	53	53	54	54	55	56	57	59	61	
1748	43	45	46	47	47	48	49	49	50	51	54	59	
1749	30	42	44	47	49	50	67	
1750	12	13	16	48	
1751	8	10	14	16	18	19	20	25	68	
1752	11	13	14	15	16	17	18	18	19	20	20	21	24	27	56	70	
1753	20	21	22	23	24	53	56	58	
1754	22	51	52	54	87	89	91	93	97	
1755	53	54	58	82	85	85	86	88	88	89	91	93	96	99	
1756	58	78	79	80	81	82	84	85	88	89	93	96	100	
1757	79	81	83	86	
1758	84	
1763	8	10	
1764	7	8	
1770	71	
1776	13	
1777	5	9	
1778	6	8	9	10	11	13	13	14	15	16	21	78	80	82	84	88	
1779	8	12	13	15	16	18	80	81	83	84	86	87	88	90	91	94	97	
1780	16	17	21	55	57	63	88	91	92	97	
1781	34	51	51	52	53	54	55	55	56	57	58	58	60	
1782	29	36	46	47	50	51	53	54	55	56	59	
1783	44	45	46	48	48	49	
1784	8	11	14	19	42	43	45	49	67	70	
1785	11	12	13	15	17	18	18	19	20	21	23	24	26	57	70	
1786	21	22	23	24	27	53	57	60	71	
1787	50	51	52	54	55	56	87	91	93	
1788	54	82	85	86	87	88	89	91	96	
1789	78	80	81	82	83	84	87	91	
1790	79	81	84	
1791	79	
1792	24	85	
1810	13	
1811	5	
1812	4	6	9	10	12	13	80	89	
1813	6	7	9	11	12	14	15	17	79	80	81	84	85	87	88	90	95	
1814	12	13	15	16	18	81	83	85	86	86	87	88	88	89	90	93	95	97	
1815	16	17	20	34	52	55	58	61	91	
1816	51	52	53	57	59	64	
1817	49	50	64	
1818	11	14	20	25	43	45	57	70	
1819	20	21	23	23	53	56	
1820	22	51	52	54	55	90	91	95	
1821	53	81	82	85	86	87	89	90	92	95	99	
1822	53	77	80	81	82	84	85	87	89	95	
1823	78	81	84	
1824	46	80	88	
1826	99	
1844	41	
1846	11	27	83	92	
1847	6	9	11	13	15	81	84	91	
1848	7	11	12	13	14	15	16	78	79	80	81	83	84	86	89	
1849	16	17	19	82	85	87	88	89	90	91	95	99	
1850	17	92	
1851	56	75	93	
1852	24	34	52	53	55	58	58	
1853	51	52	54	60	86	87	88	89	90	91	93	95	98	
1854	55	81	82	83	84	86	87	88	90	92	93	98	
1855	78	79	80	81	83	83	84	86	88	
1856	78	81	85	95	
1869	85	
1880	13	
1881	6	88	
1882	5	8	9	11	13	14	21	79	82	86	88	94	
1883	8	9	9	10	11	12	13	14	78	79	80	82	84	86	87	89	90	92	94	101	
1884	82	83	86	87	87	89	90	91	92	95	96	
1885	52	55	83	87	88	89	89	90	92	94	95	97	
1886	33	53	53	54	55	59	82	86	87	87	89	90	91	93	93	95	96	
1887	55	82	83	84	85	86	88	89	89	96	
1888	59	78	79	80	82	84	87	89	102	
1889	79	88	91	
1890	81	95	
1895	88	
1906	38	
1913	48	
1914	15	
1916	4	11	
1917	5	8	12	15	81	84	91	91	
1918	78	80	81	82	84	85	87	88	89	95	101	
1919	78	80	81	82	83	84	85	85	87	89	90	91	97	
1920	55	77	80	81	82	82	83	84	84	85	87	88	90	99	
1921	78	80	81	82	84	86	90	94	
1922	80	84	
1923	37	84	
1926	93	
1932	23	
1951	5	84	
1952	79	80	82	83	85	95	
1953	78	79	80	82	83	85	
1954	78	79	83	85	93	100	
1955	81	88	
1958	46	
1985	94	
1989	90	
1991	2	
1996	76	
2008	75	
2013	57	60	
2034	30	
2038	84	
2045	60	
2047	63	
2054	22	
2061	4	
2084	46	77	
2092	63	
2109	27	
2113	19	88	
2135	54	
2142	97	
2156	103	
2164	16	
2168	90	
2182	25	
