48	3	
115	56	57	
149	54	55	
220	93	
249	93	
250	87	91	92	
251	88	90	91	93	93	96	
252	86	87	89	90	91	93	94	97	
253	3	88	90	91	93	95	
254	16	92	97	
255	17	
280	57	
281	56	97	
282	88	91	93	95	
283	83	86	87	89	91	92	96	
284	81	82	85	85	87	87	88	89	90	91	94	97	99	
285	14	16	47	80	82	83	84	85	86	87	89	90	95	98	98	
286	81	82	84	85	86	87	88	89	97	102	
287	6	9	12	46	81	82	84	86	87	89	90	96	99	
288	12	14	18	83	85	86	87	89	90	93	96	
289	16	91	
290	17	
313	56	57	58	
314	46	50	53	54	56	
315	52	83	87	88	88	90	91	94	98	
316	55	82	83	84	85	86	87	88	89	90	91	93	96	98	
317	46	67	81	82	84	85	86	87	88	89	93	96	100	
318	16	18	48	66	79	80	81	82	83	83	84	86	88	
319	12	17	18	19	20	26	44	45	48	49	58	61	62	63	70	80	80	82	84	
320	18	19	20	21	26	36	43	43	45	45	47	49	50	56	59	70	79	79	80	81	83	85	
321	8	11	21	28	44	45	46	47	48	49	79	80	83	84	
322	8	10	12	14	15	21	48	81	82	84	86	90	95	99	
323	11	12	19	82	84	86	88	90	91	95	99	
324	16	17	19	
330	56	
332	87	90	92	
333	17	
346	56	
347	34	52	53	53	55	56	58	59	
348	47	48	49	50	52	54	90	
349	51	68	81	82	84	85	87	89	91	94	
350	14	47	68	79	80	81	82	83	84	85	86	100	
351	7	9	11	14	16	17	18	18	19	20	27	47	71	78	79	80	81	83	84	
352	6	10	12	13	13	15	17	19	20	20	21	26	45	71	79	
353	20	21	22	23	24	26	53	58	62	73	
354	21	23	24	52	53	54	56	57	59	62	74	
355	4	23	25	48	49	50	54	74	
356	5	8	49	
357	7	10	11	12	14	15	18	69	80	82	84	85	88	90	95	
358	13	16	17	17	18	19	21	87	91	
359	22	
363	57	
364	53	
365	8	87	90	92	97	
366	10	15	86	87	89	90	92	95	99	
367	16	17	83	87	88	90	93	96	
368	18	
380	56	57	58	60	
381	34	46	51	52	52	53	54	55	56	59	62	
382	47	48	49	50	51	53	54	86	88	88	91	95	
383	45	49	79	81	83	83	85	87	88	
384	8	8	10	11	12	13	13	14	15	16	17	18	19	20	68	71	79	81	
385	12	14	15	16	18	19	20	21	21	23	24	26	72	75	79	
386	21	22	23	24	74	
387	23	58	62	
388	35	36	52	53	54	55	56	57	59	60	62	
389	48	49	50	51	54	55	
390	9	13	49	88	90	
391	7	10	11	12	13	14	15	16	18	19	69	81	82	83	
392	8	12	15	16	17	17	19	20	21	22	25	26	71	100	
393	23	
396	57	
397	56	57	59	
398	51	52	53	55	60	87	90	91	93	95	
399	82	85	86	87	88	90	91	95	
400	4	9	10	13	15	16	18	69	80	82	83	84	85	87	89	98	
401	7	11	12	14	15	16	17	18	19	20	71	80	81	84	100	
402	21	
413	56	58	
414	53	56	57	59	61	
415	46	47	50	51	53	54	55	59	
416	45	47	49	50	54	82	84	86	87	90	94	103	
417	8	10	11	12	14	15	16	18	69	80	104	
418	5	11	12	13	13	15	16	17	17	19	19	20	21	23	25	27	74	
419	18	21	22	22	23	24	
420	25	
421	36	56	57	58	58	63	
422	51	52	53	54	54	55	56	60	
423	50	51	51	54	87	90	92	94	
424	9	10	49	84	87	91	94	99	
425	5	6	7	10	11	12	12	14	14	15	15	16	17	19	20	69	72	
426	13	17	18	19	20	21	22	24	
429	56	
430	53	55	56	57	58	
431	51	54	88	89	91	97	
432	51	53	55	82	84	86	87	87	89	90	91	95	99	
433	9	14	30	81	82	83	83	85	86	88	89	95	98	
434	5	6	9	11	12	14	15	16	17	17	18	18	19	20	29	44	69	70	79	81	83	84	
435	4	11	13	14	15	17	19	20	20	21	22	24	26	71	80	
436	21	22	23	24	
447	57	62	
448	33	52	53	55	55	56	57	58	59	60	62	
449	46	47	48	49	50	51	51	52	54	54	
450	9	13	43	45	48	80	83	85	104	
451	5	7	10	11	12	13	14	15	72	
452	5	12	17	18	21	22	24	25	
453	93	
454	57	92	
455	52	55	56	57	59	62	91	93	
456	51	52	53	53	54	87	91	98	
457	49	82	85	86	89	91	95	100	
458	7	8	10	11	14	15	16	18	19	69	81	83	85	
459	6	11	12	13	14	15	17	18	19	20	20	21	23	25	27	70	
460	21	22	22	25	28	
462	57	
463	35	52	56	56	57	59	
464	52	53	54	56	92	
465	46	52	53	54	66	82	85	87	89	90	92	96	
466	9	79	81	82	84	85	86	88	90	93	99	
467	7	10	11	12	13	14	15	16	17	17	18	19	20	68	70	79	81	84	
468	8	11	12	15	17	18	19	19	20	21	22	23	24	26	48	75	
469	4	13	21	22	23	23	24	28	48	49	
481	58	
482	33	51	52	55	56	57	57	59	60	63	
483	43	47	49	50	51	51	53	54	58	
484	9	44	45	46	47	48	49	50	
485	5	7	8	10	11	14	43	46	69	
486	90	96	
487	82	83	86	87	90	91	96	
488	82	85	86	87	90	91	92	94	97	
489	55	59	82	85	87	87	89	90	91	96	99	
490	47	52	54	55	82	84	85	87	87	88	89	90	92	93	97	
491	9	10	14	80	82	84	85	87	88	91	96	99	
492	5	7	9	10	12	12	14	15	16	19	20	25	
493	13	16	17	18	21	22	23	24	25	74	
496	56	
497	53	54	55	57	58	61	88	91	92	
498	51	52	53	54	55	86	88	88	90	92	96	101	
499	47	50	67	81	82	83	85	86	88	
500	6	7	8	10	11	12	13	14	15	16	17	18	19	70	79	80	83	
501	11	12	14	15	16	17	18	18	19	20	21	21	23	24	26	68	
502	3	20	21	22	24	27	74	
503	1	23	
516	57	61	63	
517	51	51	52	53	53	54	55	57	58	60	
518	29	32	43	45	47	48	48	49	50	57	60	
519	43	44	46	48	59	
520	22	41	45	46	47	50	73	84	88	
521	40	44	46	47	79	80	81	83	84	85	88	89	93	98	
522	20	44	46	48	56	60	60	61	66	80	81	82	84	85	86	88	94	
523	34	43	46	48	53	55	60	80	81	82	84	85	86	89	93	98	
524	19	42	43	46	46	49	71	79	81	82	83	84	85	87	89	
525	8	10	12	13	19	44	46	48	67	69	81	83	85	
526	4	7	9	11	12	14	15	20	46	
527	13	17	23	90	91	97	
528	87	88	89	91	92	94	97	
529	36	82	87	88	89	90	92	93	96	
530	82	87	88	89	91	92	94	97	
531	46	52	54	55	82	83	85	86	87	88	89	91	95	98	99	
532	17	18	47	67	80	82	83	84	86	87	89	96	100	
533	9	12	14	15	16	16	17	18	19	20	45	46	65	69	73	80	83	
534	6	7	12	13	13	14	15	17	18	19	20	21	23	27	44	72	
535	2	15	19	20	21	22	22	23	25	28	74	
536	22	
551	52	53	55	58	61	
552	32	50	52	54	57	60	62	65	
553	32	45	46	49	50	51	52	54	55	57	58	60	62	73	
554	24	30	45	47	49	50	51	52	55	59	62	64	72	
555	22	23	39	43	45	48	48	49	50	57	58	63	65	73	79	80	
556	20	21	26	29	43	44	45	47	49	51	61	72	79	80	84	
557	20	21	23	31	39	44	45	47	48	50	51	55	57	58	60	62	63	69	74	79	80	83	
558	20	21	22	24	44	45	48	48	50	51	54	57	59	60	70	81	
559	21	22	23	27	31	40	43	44	45	47	49	50	56	59	68	73	74	
560	22	42	43	44	47	47	48	49	57	59	72	
561	8	13	20	23	26	41	44	47	47	49	56	69	81	82	84	86	89	
562	42	45	46	48	80	82	83	84	85	86	89	101	
563	47	81	82	83	84	85	89	95	98	
564	18	46	81	82	83	83	85	86	89	100	
565	11	14	16	17	18	19	30	44	47	48	68	80	81	82	84	85	
566	7	10	12	13	14	15	16	18	19	20	21	26	45	69	72	80	81	83	85	
567	7	11	14	18	19	20	21	22	23	24	26	
568	2	22	22	24	25	76	
569	23	
570	24	24	24	
587	75	
588	51	54	65	
589	24	50	62	64	
590	24	51	63	
591	22	23	25	50	73	
592	25	50	53	55	61	73	
593	23	24	50	51	53	60	62	65	
594	4	23	25	45	51	52	55	58	59	61	74	
595	22	23	27	28	44	45	48	50	51	52	54	57	60	64	73	
596	19	22	24	30	41	44	45	47	48	49	50	52	55	59	62	63	74	79	
597	19	21	26	28	42	44	44	45	47	48	49	62	65	68	73	79	80	83	
598	7	9	12	13	18	20	21	22	44	47	49	65	69	80	81	84	
599	8	12	14	17	19	20	21	22	23	27	45	73	73	80	83	
600	20	21	22	23	24	27	74	
601	22	24	73	
602	23	
607	10	10	11	
629	52	65	
630	23	52	73	
631	23	24	
632	24	73	76	
633	23	25	
1170	99	
1171	70	
1182	60	
1183	38	
1200	93	
1210	9	
1236	68	
1239	4	
1241	36	
1245	86	
1249	16	
1260	20	
1266	28	
1285	15	
1287	101	
1289	86	
1304	53	
1305	53	53	54	
1307	53	
1311	62	
1318	48	
1320	22	
1324	103	
1342	30	
1351	96	
1353	43	
1357	14	
1361	8	
1372	46	
1373	46	69	76	
1374	47	66	68	
1375	7	
1377	46	
1381	50	
1382	11	
1384	37	
1392	94	
1395	12	
1400	41	
1402	41	
1403	23	
1404	33	41	66	
1405	16	20	42	47	49	68	
1406	18	19	21	29	46	48	53	66	
1407	19	21	42	44	47	50	57	59	72	
1408	20	27	30	43	45	46	47	48	51	56	60	70	
1409	21	45	47	48	51	59	67	72	
1410	23	43	45	46	47	48	60	
1413	66	97	
1414	54	
1417	11	14	
1429	96	
1432	23	
1434	20	
1437	14	18	18	21	47	68	70	
1438	14	17	19	21	44	48	51	66	
1439	11	16	18	19	20	22	24	44	46	70	
1440	17	19	20	22	25	44	49	51	62	75	
1441	20	22	23	24	27	45	50	53	60	
1442	22	23	28	51	53	57	59	61	64	75	
1443	21	25	31	45	48	50	51	52	55	56	57	58	60	
1444	44	45	47	48	49	50	56	61	
1445	44	45	46	47	49	73	
1446	53	
1448	25	
1453	21	47	
1454	47	
1458	73	
1463	65	
1465	23	
1469	20	
1470	11	13	15	16	18	
1471	11	14	15	16	17	19	20	21	27	68	72	
1472	11	15	17	18	19	20	21	22	25	45	57	69	72	73	
1473	13	20	21	22	24	27	51	75	
1474	22	24	56	74	93	
1475	23	87	88	91	93	97	
1476	88	89	91	93	96	98	
1477	17	34	53	54	57	61	87	91	96	
1478	17	50	51	53	54	58	61	
1479	43	45	46	47	49	50	51	57	60	
1480	45	46	48	
1485	20	
1486	82	
1487	17	20	59	
1488	21	28	44	46	47	50	55	58	
1489	43	46	
1490	47	49	
1503	9	16	72	
1504	7	8	10	11	13	14	15	17	18	20	71	
1505	12	13	15	16	16	17	19	20	21	23	23	28	57	69	
1506	21	22	23	25	27	58	
1507	54	55	56	75	87	90	91	98	
1508	53	57	86	87	88	89	91	94	98	
1509	82	83	84	85	86	89	95	102	
1510	13	81	82	84	85	86	89	90	
1511	7	11	14	17	57	63	82	83	84	86	88	93	98	
1512	16	17	18	19	20	34	53	55	57	59	60	62	71	
1513	44	45	46	47	50	51	52	55	56	58	
1514	48	48	50	54	
1517	34	
1518	20	
1519	46	
1520	11	17	18	25	67	
1521	12	17	18	19	20	24	38	47	53	56	58	60	68	72	
1522	20	21	22	26	44	45	47	48	49	50	51	55	56	58	59	63	72	75	
1523	44	47	49	51	
1524	50	
1534	33	39	96	
1536	15	21	
1537	8	10	14	19	28	67	
1538	7	10	11	12	13	14	15	16	17	18	19	23	27	57	70	
1539	17	18	20	21	22	24	25	52	55	57	58	60	74	
1540	50	52	53	55	61	87	90	91	93	96	
1541	53	82	82	85	85	87	88	89	92	93	98	
1542	80	81	84	86	88	93	
1543	79	80	82	84	88	88	94	
1544	9	19	79	81	83	94	
1545	6	9	10	11	12	14	15	16	17	19	37	57	62	69	80	84	
1546	13	15	16	17	18	19	20	21	22	23	24	35	52	53	55	55	56	58	60	69	80	
1547	22	47	50	51	53	54	58	
1548	49	52	55	59	
1552	10	
1553	10	18	
1554	9	12	15	16	17	18	19	21	23	25	29	46	69	
1555	15	19	20	21	22	24	26	56	57	60	62	69	71	
1556	20	21	22	50	51	52	53	56	59	
1557	49	50	52	54	56	75	
1558	49	
1559	45	
1561	8	92	
1565	50	
1570	11	
1571	6	9	11	12	13	15	16	18	
1572	5	7	12	14	15	16	17	18	19	21	23	35	56	57	58	60	73	
1573	21	22	25	46	47	49	50	52	54	55	59	93	
1574	49	54	81	82	83	84	85	86	87	88	90	101	
1575	46	51	54	79	80	82	83	85	88	
1576	80	82	83	93	
1577	16	
1578	8	10	13	14	17	19	67	68	
1579	6	10	10	11	12	15	16	17	18	18	19	20	22	24	26	37	57	58	61	71	
1580	3	18	20	21	23	24	25	26	34	36	52	53	54	55	56	62	
1581	48	48	49	50	51	52	54	55	56	88	93	
1586	12	14	17	
1587	7	9	11	13	14	16	18	19	20	45	69	
1588	4	10	12	14	17	18	18	19	20	21	22	24	27	36	57	69	72	75	
1589	21	22	23	24	26	35	52	52	55	56	59	
1590	25	52	53	54	62	91	97	
1591	51	53	61	87	90	95	
1595	14	
1596	70	
1604	9	15	
1605	7	9	11	12	14	15	58	
1606	13	15	16	18	20	23	25	34	51	52	55	57	59	69	
1607	23	43	46	47	49	50	51	53	55	57	60	
1608	42	45	47	48	51	58	62	79	80	82	85	98	
1609	20	40	47	48	52	81	83	
1610	10	21	39	45	46	48	48	71	
1611	9	18	18	20	45	47	68	72	
1612	4	6	10	11	13	14	15	17	19	21	
1613	8	11	13	17	18	19	20	21	22	24	27	53	56	57	58	60	70	
1614	2	23	46	49	51	52	54	55	56	59	
1615	48	50	53	65	82	86	87	89	91	96	
1616	37	48	86	90	
1618	46	67	68	
1619	8	19	
1620	9	11	13	14	17	18	19	21	
1621	10	12	13	14	15	17	18	19	20	22	24	25	56	57	69	71	
1622	17	22	22	23	24	52	53	56	59	
1623	50	52	54	58	91	92	96	
1624	52	54	82	83	85	86	87	88	89	91	93	97	
1625	82	84	86	89	96	
1626	49	87	
1628	55	
1636	17	
1638	6	11	
1639	4	7	8	10	11	12	13	15	
1640	12	15	17	18	22	24	27	53	54	55	56	61	92	95	
1641	17	21	32	50	51	54	60	
1642	49	51	61	64	
1643	16	20	24	27	44	45	49	51	65	70	75	
1644	14	17	19	20	22	25	44	45	48	50	64	71	
1645	9	14	18	19	20	22	25	45	49	64	69	
1646	6	10	12	14	15	16	19	20	22	23	24	26	44	56	57	58	62	76	
1647	4	20	21	22	23	24	27	34	51	52	53	54	56	57	59	
1648	23	44	46	47	48	49	50	52	54	
1649	42	44	46	48	50	61	81	83	83	84	86	
1650	47	48	66	84	
1651	17	19	25	42	43	46	47	68	
1652	48	66	
1653	11	15	16	18	18	19	23	47	70	
1654	8	8	10	11	13	13	14	15	16	17	19	20	21	24	26	57	70	74	
1655	20	21	22	24	25	35	53	55	57	58	
1656	23	50	51	52	54	55	57	59	92	
1657	51	55	82	84	85	87	88	90	93	96	101	
1658	79	80	81	83	84	86	89	94	
1659	81	84	89	
1668	72	
1670	1	
1672	8	
1673	9	11	13	15	
1674	6	7	11	12	14	15	16	22	81	87	89	92	96	100	
1675	9	17	87	90	91	93	95	98	
1676	11	16	
1677	17	24	56	56	75	
1678	24	75	93	
1679	25	74	92	
1680	23	24	53	74	92	
1681	1	35	51	52	53	54	55	56	57	59	60	
1682	48	49	50	51	53	54	57	60	63	
1683	44	45	49	51	60	65	78	104	
1684	19	23	42	43	45	48	49	51	58	70	
1685	19	20	26	44	49	63	68	69	
1686	10	15	16	19	21	23	25	26	45	48	
1687	10	13	15	18	21	22	25	28	44	57	71	
1688	4	7	21	22	23	23	24	56	
1689	24	55	61	87	90	91	97	
1690	54	63	83	86	86	87	88	88	89	90	92	93	95	
1691	29	29	29	31	55	79	81	83	84	85	87	91	
1692	81	85	91	
1693	11	89	
1703	7	
1706	49	
1707	4	9	88	
1708	8	12	13	80	86	90	
1709	10	14	81	82	83	83	85	86	87	88	90	93	97	
1710	7	9	12	13	82	90	92	94	97	
1711	83	86	86	87	89	90	91	94	96	
1712	83	86	87	90	92	95	97	
1713	6	9	83	86	87	89	90	92	94	98	
1714	4	11	87	87	89	90	91	93	96	100	
1715	83	85	86	87	88	89	90	91	93	95	97	98	98	
1716	87	88	90	91	93	93	95	97	
1717	87	93	
1718	16	16	25	53	75	
1719	14	22	23	74	
1720	23	56	73	89	
1721	22	25	52	55	56	60	91	92	
1722	54	87	88	89	90	91	97	
1723	55	83	86	87	88	89	92	93	101	
1724	79	80	81	82	84	85	86	89	99	
1725	78	81	87	90	99	
1727	18	19	
1728	18	18	
1735	9	
1740	19	
1742	5	84	
1743	6	12	14	79	80	84	90	
1744	13	80	82	83	86	88	92	
1745	81	82	84	85	87	88	91	95	100	
1746	80	81	82	84	85	86	88	89	92	94	
1747	9	79	80	82	84	86	89	92	
1748	80	81	82	84	86	87	89	94	101	
1749	9	9	14	79	80	81	82	83	85	86	89	96	100	
1750	9	81	81	82	84	85	86	88	89	90	96	
1751	11	15	82	86	87	88	90	96	99	
1752	8	86	87	89	90	92	95	98	
1753	87	88	90	91	95	97	
1754	87	89	90	91	94	97	
1755	83	85	86	87	88	89	91	94	98	
1756	82	83	84	85	87	89	90	100	
1757	79	80	82	84	85	88	89	
1758	79	81	84	89	
1778	20	82	84	
1779	14	80	83	83	
1780	39	79	81	84	93	
1781	80	83	85	89	98	
1782	79	81	84	91	
1783	79	81	83	
1784	13	79	80	82	84	
1785	79	80	81	84	86	89	102	
1786	81	83	84	85	88	92	
1787	81	82	84	85	87	89	92	94	
1788	82	83	84	86	87	88	89	92	95	
1789	79	80	81	83	84	85	88	100	
1790	78	79	80	83	84	94	100	
1791	79	
1792	85	
1793	87	
1794	93	
1801	69	
1806	88	
1813	29	89	
1814	84	
1816	102	
1818	100	
1819	84	95	
1820	81	86	89	
1821	79	81	83	
1822	79	81	85	91	
1823	61	79	90	98	
1824	90	
1825	88	88	
1838	34	
1842	51	
1844	28	
1845	57	
1852	17	
1854	32	
1855	14	
1856	85	
1863	46	
1877	84	
1885	49	
1906	22	
1913	37	
1915	36	
1918	96	
1924	37	
1946	92	
1953	89	
1963	51	
1967	69	
1970	79	
1974	62	
1978	72	
1986	86	
2019	16	
2042	24	
2062	64	
2065	8	74	
2076	27	
2077	79	
2079	34	
2081	29	
2108	92	
2114	12	
2143	12	
2146	20	
2163	85	
2180	30	34	
2193	17	
2225	9	
2253	13	
2258	11	
