50	73	75	
79	46	48	
83	66	67	
84	68	
111	36	37	
114	87	
115	87	91	97	
116	83	86	87	90	93	94	
117	64	65	65	65	87	90	96	
118	93	
147	87	93	
148	87	88	89	91	93	96	
149	81	82	84	85	86	87	89	90	91	92	94	97	
150	8	9	77	80	81	83	84	85	86	87	88	89	91	95	
151	81	82	84	85	86	87	88	89	90	92	93	96	
152	81	83	86	87	89	91	92	95	97	
153	17	87	89	92	
180	52	
181	52	82	85	87	88	90	92	95	
182	77	80	81	82	84	85	86	87	89	90	92	95	
183	77	79	80	81	82	83	84	85	86	87	89	91	94	96	
184	9	11	14	76	77	78	79	80	82	84	85	86	88	94	
185	11	14	76	77	78	80	81	82	83	83	84	85	87	89	95	
186	8	10	12	13	15	76	78	79	80	81	82	84	85	86	87	88	88	90	95	97	
187	8	16	17	77	82	85	86	87	89	90	95	99	
188	16	18	91	
212	57	
213	51	53	55	57	
214	49	50	52	87	88	90	91	95	
215	49	77	79	81	82	84	85	87	88	90	92	95	
216	36	53	76	77	78	78	79	80	82	83	84	85	86	88	
217	18	42	46	47	66	78	78	80	81	83	85	
218	19	40	46	46	76	78	80	
219	5	7	7	10	21	44	46	48	77	78	80	
220	7	9	10	12	13	15	77	79	80	83	84	86	
221	2	7	10	11	12	14	15	16	19	76	77	79	80	83	83	85	86	88	89	94	99	
222	13	15	16	16	17	19	78	80	83	87	89	96	
223	18	
245	57	
246	47	51	52	55	56	
247	50	51	52	54	55	57	60	82	86	89	91	94	98	
248	48	50	52	54	77	81	82	84	85	86	88	89	91	93	93	96	
249	35	39	49	78	79	80	82	84	85	89	
250	11	16	17	18	19	42	44	57	64	68	80	
251	7	13	15	16	18	18	19	20	21	27	31	35	41	44	46	48	48	50	51	54	56	57	58	59	67	68	72	
252	19	20	21	23	24	32	35	41	42	44	45	46	47	49	50	51	53	56	60	64	70	
253	20	21	23	24	31	41	42	44	44	45	46	46	47	48	49	66	68	72	
254	4	7	9	10	21	24	44	71	
255	4	6	7	10	11	12	13	14	14	15	77	78	80	
256	8	12	13	15	16	17	18	18	20	21	82	86	97	
257	17	19	21	
279	51	52	54	56	58	
280	47	48	49	51	52	54	87	
281	46	50	53	79	81	84	86	87	88	90	94	
282	8	39	77	79	80	81	83	84	85	86	88	
283	10	11	12	14	15	16	18	19	68	80	
284	8	9	11	12	13	15	16	17	17	19	19	20	21	22	24	32	44	68	
285	18	20	21	22	23	24	51	
286	22	23	24	45	47	51	52	53	53	54	55	56	56	58	60	65	73	
287	7	23	33	42	44	45	46	47	47	48	48	49	50	50	51	54	55	58	
288	44	45	45	46	49	
289	3	7	8	10	11	12	13	14	24	
290	6	11	12	14	15	16	16	19	20	21	26	80	
291	17	18	19	20	22	
312	56	
313	46	48	49	51	51	52	53	55	56	59	
314	45	47	49	50	51	52	54	61	86	91	93	
315	80	81	83	85	87	90	94	
316	9	10	13	13	14	16	19	68	68	79	81	
317	8	10	11	12	14	14	15	16	16	17	18	18	19	19	20	24	26	70	
318	1	13	19	20	21	22	25	28	
319	1	21	23	24	
320	51	52	54	55	56	57	60	
321	4	4	4	5	5	5	42	46	47	49	50	51	52	53	54	61	
322	45	48	
323	4	7	8	9	11	13	14	
324	12	15	16	17	17	18	19	20	
325	17	20	21	23	
345	57	
346	51	52	53	55	56	61	
347	46	47	48	49	50	51	52	54	55	60	
348	44	45	46	49	81	83	86	89	
349	8	10	14	78	80	83	
350	6	10	11	12	13	15	16	17	18	19	26	69	
351	13	15	17	17	19	20	21	23	24	27	
352	22	23	
353	56	58	
354	51	52	53	54	55	56	57	
355	34	48	50	50	54	87	91	
356	8	48	83	85	86	90	96	
357	5	7	9	11	11	12	13	14	14	16	18	
358	5	11	12	15	16	17	17	18	19	20	21	23	25	
359	22	
379	57	
380	48	51	52	53	54	55	56	57	59	
381	41	46	47	49	49	50	51	54	
382	44	48	85	90	94	
383	7	9	10	11	13	14	79	85	89	
384	7	11	12	12	14	15	16	19	20	
385	17	18	20	22	23	
387	52	56	57	61	
388	48	51	52	53	53	55	60	91	
389	50	83	85	86	88	89	90	93	95	
390	8	10	80	82	84	86	88	89	91	94	
391	4	7	9	11	11	12	13	14	15	16	18	19	
392	15	16	17	18	18	19	20	21	23	24	25	
393	22	
413	56	58	
414	51	51	52	53	54	55	56	57	60	
415	42	44	45	46	47	48	48	49	50	51	54	
416	44	45	46	49	83	
417	7	9	10	11	13	15	81	84	
418	8	10	11	12	13	14	14	15	16	18	19	27	
419	17	17	18	20	21	23	
420	57	
421	51	52	54	56	88	
422	50	51	54	55	83	85	86	88	89	90	92	94	96	
423	80	82	84	85	87	89	90	96	
424	8	10	11	12	13	14	16	79	80	82	84	86	
425	6	10	11	12	12	13	14	15	15	16	16	17	18	19	19	20	69	
426	17	18	19	20	21	23	24	27	
437	58	58	59	
447	57	
448	51	52	53	54	55	55	56	57	58	60	
449	35	42	45	46	46	47	48	49	49	50	50	51	52	53	54	58	
450	42	44	45	46	49	
451	4	7	9	11	13	14	69	79	
452	5	6	8	10	11	12	12	14	15	15	16	17	19	20	
453	17	18	21	22	23	57	
454	51	52	54	57	92	
455	50	52	54	81	83	84	86	87	89	90	94	97	
456	50	54	78	78	80	81	82	84	85	86	87	89	91	94	
457	8	77	79	81	82	83	85	90	93	
458	5	6	9	11	11	12	13	14	15	16	18	19	20	79	
459	7	11	12	15	16	17	17	19	19	20	21	22	23	24	26	
460	21	22	
461	93	
473	82	82	83	
481	58	
482	51	52	53	55	56	57	58	60	
483	34	41	47	47	48	49	50	50	51	52	53	54	56	59	
484	41	43	44	45	46	47	48	49	
485	4	8	9	11	12	13	14	
486	7	11	12	15	16	20	25	91	
487	23	51	53	55	56	82	86	87	90	92	94	97	
488	51	52	54	82	84	85	86	87	89	90	91	94	
489	52	54	78	79	81	82	83	84	85	86	88	88	90	94	98	
490	77	79	80	81	84	85	87	89	96	99	
491	9	10	79	84	
492	4	6	8	9	11	11	12	13	13	14	15	16	18	21	24	
493	12	16	17	19	21	22	87	88	90	93	98	
494	87	88	89	90	92	95	
495	85	86	87	88	88	89	91	92	96	
496	86	87	89	90	92	94	97	
497	82	86	87	88	88	89	91	92	95	97	
498	83	86	87	88	88	90	92	94	97	
499	82	85	86	87	87	89	90	92	95	97	
500	82	85	86	87	89	90	92	94	96	
501	85	86	87	89	91	92	94	96	
502	82	85	86	87	88	88	90	91	93	96	
503	87	89	91	95	
504	16	88	
516	53	55	56	57	61	
517	34	48	50	51	51	52	54	55	56	59	61	
518	39	42	44	45	46	47	47	49	49	51	
519	5	9	44	72	
520	6	11	13	78	81	86	90	97	
521	53	77	78	80	81	82	84	85	85	86	87	88	89	90	92	94	97	
522	77	79	80	82	83	83	84	85	86	87	88	90	94	96	98	
523	49	77	79	81	83	84	86	95	
524	14	74	75	75	76	79	83	
525	9	14	83	86	94	
526	7	9	11	12	14	17	21	91	93	
527	13	80	81	83	85	86	87	89	93	94	
528	77	78	80	81	82	83	84	85	86	87	88	89	90	92	94	97	
529	76	78	79	81	82	83	84	84	85	86	87	89	90	94	95	
530	77	79	80	81	82	84	85	85	86	88	88	89	91	94	96	
531	76	77	79	80	81	82	83	84	85	86	87	89	92	94	97	
532	77	78	79	81	82	83	84	85	86	87	89	90	94	97	
533	77	78	79	81	82	83	84	84	85	86	87	89	90	94	
534	76	77	79	80	81	81	82	83	83	84	85	86	87	88	89	92	94	97	
535	76	77	78	78	79	80	81	83	84	85	86	86	88	88	89	91	94	95	
536	11	14	78	80	81	82	83	84	84	85	86	87	89	90	92	95	99	
537	8	10	12	13	15	16	17	77	81	82	83	84	85	86	88	89	94	99	
538	16	17	19	80	84	
550	52	
551	50	51	52	54	54	55	56	57	58	58	60	
552	34	36	42	45	46	47	48	48	49	50	50	53	56	57	62	74	
553	42	44	45	45	46	46	47	48	49	72	
554	44	48	71	
555	54	76	78	79	81	84	85	
556	54	76	77	78	79	81	84	85	
557	36	79	
558	49	68	79	
559	14	46	
560	2	
561	13	78	78	79	81	84	89	99	
562	37	46	76	77	79	80	81	84	85	
563	37	77	77	79	80	81	84	85	93	98	
564	76	78	78	79	80	81	82	83	85	
565	46	77	78	78	79	80	82	83	85	88	
566	77	79	80	82	84	86	89	95	
567	76	77	79	80	82	84	85	99	
568	39	77	78	79	80	84	85	
569	77	79	80	84	98	
570	5	7	9	10	13	17	20	67	76	77	79	80	81	84	85	99	
571	4	7	9	10	11	12	13	14	15	16	17	18	18	19	29	77	78	80	83	99	
572	14	15	16	17	18	19	20	21	23	78	
573	21	
585	52	55	55	56	57	
586	40	47	48	50	50	51	52	52	53	54	54	55	56	57	58	58	59	60	
587	36	41	43	45	46	47	48	48	49	49	50	51	53	
588	31	43	44	44	45	46	48	49	
589	51	72	79	
590	20	29	37	42	79	
591	17	19	20	37	42	46	47	49	57	68	
592	17	20	26	41	45	46	47	51	67	69	
593	20	23	40	42	44	46	47	48	48	60	65	70	
594	5	19	21	26	38	40	43	44	46	47	50	56	58	70	
595	5	18	20	26	38	42	46	47	50	56	71	
596	19	21	27	33	37	41	46	47	49	56	68	
597	19	21	24	38	41	43	46	47	51	68	69	79	
598	18	20	42	44	46	48	49	56	66	73	79	
599	18	20	29	41	46	
600	19	41	44	46	47	48	58	60	67	69	78	
601	17	18	19	21	30	36	40	43	44	46	57	68	79	
602	13	16	19	21	41	45	46	47	48	79	
603	10	15	18	18	19	21	29	41	44	46	67	69	78	
604	6	9	10	12	13	14	14	15	16	17	18	19	20	20	22	24	29	44	69	
605	4	10	12	13	15	17	18	19	20	21	22	22	23	24	44	69	
606	14	20	21	22	24	26	
607	23	
619	55	57	
620	30	35	51	52	52	54	55	56	57	58	61	
621	36	41	45	47	48	49	49	50	51	51	52	53	54	55	56	57	58	60	
622	31	34	37	41	43	43	44	45	45	46	47	47	48	49	49	50	55	59	68	
623	41	44	45	46	47	61	67	72	
624	12	13	15	19	20	21	26	42	43	45	47	49	55	57	59	66	69	72	
625	15	17	18	19	20	21	28	38	42	44	46	48	48	50	55	56	58	60	63	68	68	70	
626	17	18	19	20	21	22	23	23	27	35	44	45	47	48	49	51	53	53	55	57	60	67	71	
627	18	20	21	22	24	28	34	40	43	45	47	48	50	52	55	56	57	59	65	68	70	
628	20	21	23	23	27	39	42	43	44	45	47	48	49	50	57	59	64	66	71	
629	19	21	22	23	27	29	42	44	45	46	48	49	52	53	57	59	63	67	68	71	
630	19	21	22	24	29	41	44	45	46	47	49	51	54	56	57	59	62	65	66	69	
631	19	20	22	23	23	24	25	29	36	41	44	45	48	49	50	52	53	55	56	60	66	69	
632	19	20	21	22	24	32	34	41	44	44	45	46	48	49	49	51	52	56	58	58	66	69	73	
633	19	20	21	23	24	25	27	35	42	43	44	45	47	49	50	55	56	62	63	66	69	
634	17	19	20	21	23	23	24	28	34	37	41	44	45	46	47	48	50	54	56	58	58	61	69	71	
635	14	19	20	21	22	24	25	28	43	44	46	48	49	50	54	61	65	69	
636	19	20	21	22	23	24	28	30	43	45	46	49	65	66	68	72	73	
637	4	7	9	11	12	14	15	17	20	21	22	23	25	43	64	69	71	
638	12	13	15	18	19	21	22	23	24	25	27	70	
639	5	21	22	23	24	74	
654	55	57	62	
655	50	52	53	54	55	59	62	
656	44	45	50	54	55	58	63	
657	21	25	27	35	43	45	48	55	59	67	71	
658	15	19	22	23	25	27	45	53	55	62	
659	21	22	24	25	60	
660	21	23	24	53	55	62	
661	23	23	25	52	54	60	
662	24	34	45	55	60	
663	22	24	55	
664	23	23	25	50	54	59	
665	25	50	54	55	59	
666	23	24	34	54	59	
667	22	24	45	54	
668	24	54	65	72	
669	14	23	24	55	64	73	
670	23	25	
671	23	25	
672	23	
689	55	
1164	54	
1169	66	
1172	8	67	
1176	99	
1179	10	10	
1187	80	
1193	22	
1200	30	
1206	76	99	
1227	26	
1233	27	
1235	31	
1236	49	51	
1237	46	
1238	47	66	
1239	39	
1241	5	
1242	42	
1249	84	
1268	39	
1270	18	29	33	
1271	42	47	57	66	
1272	39	46	47	62	63	63	
1273	41	44	46	53	63	63	64	
1281	94	
1285	16	
1287	4	
1289	80	
1296	38	
1299	27	
1300	27	
1302	14	28	38	41	
1303	16	18	22	47	
1304	14	17	18	20	25	40	44	46	57	70	
1305	17	18	20	21	41	44	47	48	50	53	56	61	66	69	
1306	21	22	23	27	30	40	43	43	44	46	47	49	51	56	57	58	63	66	70	
1307	25	31	36	42	44	46	47	48	48	50	71	
1308	43	44	46	52	57	70	
1309	46	70	
1310	54	60	70	
1315	49	
1324	76	
1327	82	
1330	37	
1334	42	
1335	26	
1336	11	14	17	23	
1337	9	11	14	16	17	18	18	20	43	67	70	
1338	12	14	15	16	17	18	18	19	21	22	25	35	42	57	71	
1339	15	17	19	20	21	23	25	27	35	45	50	52	55	56	60	70	
1340	21	23	24	26	35	45	48	49	50	52	54	56	57	58	71	
1341	23	24	41	43	44	45	48	49	50	52	53	55	57	59	64	71	
1342	22	24	26	39	43	44	45	46	47	47	49	50	51	53	57	67	68	
1343	41	44	46	48	49	51	
1344	52	
1349	54	
1350	79	
1352	24	
1361	44	
1369	9	14	16	23	
1370	9	10	12	14	15	16	17	19	66	69	
1371	11	12	13	14	16	17	18	19	20	20	22	24	27	
1372	18	20	22	23	24	27	
1373	22	23	24	87	91	92	
1374	9	54	58	87	87	90	92	
1375	25	51	52	53	53	54	55	56	57	59	87	90	
1376	47	49	49	50	51	54	55	57	58	
1377	41	44	45	46	47	48	49	50	53	71	74	
1378	44	46	48	55	73	
1379	11	72	
1381	54	
1383	32	77	
1387	2	
1400	44	
1402	11	16	19	38	
1403	8	11	13	14	16	17	19	21	
1404	5	9	11	12	14	15	16	17	18	19	20	22	24	26	29	69	
1405	13	15	18	20	21	22	24	
1406	87	87	89	91	93	
1407	78	83	85	86	87	88	88	89	91	93	94	95	
1408	11	81	81	82	84	84	85	86	87	88	90	94	99	
1409	11	15	53	55	58	78	81	82	84	85	86	87	88	89	91	94	96	
1410	16	17	36	50	51	52	53	54	55	57	60	83	86	87	89	90	92	96	
1411	18	43	45	46	46	48	48	49	50	51	53	54	56	63	
1412	44	47	49	67	
1414	49	
1430	24	37	
1431	43	
1434	13	
1435	15	17	
1436	7	10	12	14	17	19	
1437	8	11	13	14	15	16	16	17	19	19	20	22	23	26	56	69	
1438	5	15	18	19	20	22	23	
1439	22	49	51	53	87	87	91	95	
1440	78	80	81	82	84	85	85	86	89	90	95	98	
1441	76	77	79	80	81	84	84	86	88	90	
1442	75	77	79	80	81	82	84	86	89	99	
1443	8	10	12	14	76	77	79	80	82	83	85	90	
1444	12	13	15	16	17	19	51	52	53	54	55	56	58	60	77	79	80	81	84	
1445	46	47	48	49	50	51	52	54	56	
1446	43	45	46	49	51	55	
1448	54	
1454	43	
1459	66	
1465	37	
1469	10	14	30	
1470	7	9	10	12	13	13	14	15	16	17	17	18	18	20	24	
1471	13	15	16	17	19	20	22	23	52	70	
1472	21	22	47	50	51	52	54	58	87	91	98	
1473	51	77	81	82	84	85	86	87	88	90	93	95	
1474	79	80	82	83	85	89	94	
1475	78	80	83	
1476	12	13	79	84	
1477	3	7	9	11	13	15	17	18	79	
1478	2	2	2	2	3	3	8	11	12	15	16	17	18	20	52	55	56	57	59	78	80	98	
1479	17	21	22	45	46	48	49	51	52	53	54	
1480	18	44	48	50	55	59	92	
1484	27	
1502	9	
1503	9	10	12	14	16	18	
1504	4	7	11	12	13	15	16	19	21	24	56	
1505	17	18	21	22	24	46	47	50	51	52	54	56	58	
1506	44	46	49	51	54	81	85	86	90	95	
1507	49	76	79	80	81	84	85	90	96	
1508	79	89	
1510	9	13	
1511	9	10	11	13	14	17	19	29	58	
1512	5	7	12	15	16	17	18	19	20	23	24	47	52	55	56	60	72	
1513	22	23	44	45	47	49	50	51	54	55	56	90	
1514	49	54	56	82	84	87	88	
1515	82	
1517	31	
1520	12	
1521	82	
1527	67	
1536	8	
1537	8	10	11	12	13	15	19	57	57	
1538	5	7	12	15	15	16	17	18	19	21	36	51	52	55	57	61	
1539	17	17	20	21	23	46	47	47	48	49	50	52	53	58	58	61	
1540	43	45	46	48	49	53	78	81	85	
1541	78	
1543	14	26	
1544	7	10	14	17	19	22	26	
1545	5	7	10	11	13	13	14	15	16	17	18	20	22	24	28	53	56	57	
1546	17	18	19	20	22	23	24	47	49	51	52	53	53	55	59	
1547	22	44	45	46	48	50	51	61	88	89	
1548	43	48	57	61	81	86	96	
1549	55	
1552	23	
1556	71	
1565	72	
1566	43	
1567	49	
1570	9	15	
1571	5	6	8	10	10	12	14	15	22	
1572	12	13	15	15	16	18	19	21	24	52	55	56	58	59	
1573	17	20	21	23	42	46	47	47	48	49	50	51	53	54	55	56	61	
1574	41	45	47	48	49	53	
1575	45	46	50	84	90	
1576	67	
1577	7	10	14	17	19	26	29	39	
1578	7	10	11	12	14	15	16	17	19	19	21	28	57	69	
1579	7	12	13	15	17	18	19	19	20	21	23	24	26	52	53	56	57	60	68	
1580	21	22	23	25	46	47	48	50	51	52	53	54	55	60	
1581	47	49	50	54	62	83	86	87	90	93	93	
1582	87	
1583	85	
1585	70	
1587	34	
1595	75	76	76	77	
1603	9	
1604	8	22	
1605	6	9	11	12	13	14	15	18	
1606	2	8	12	12	15	15	16	18	21	25	51	52	52	55	56	57	60	
1607	13	17	21	23	37	47	48	49	49	50	51	53	54	56	61	
1608	44	45	47	49	52	53	87	
1609	30	49	
1610	9	13	16	20	68	69	
1611	10	11	14	15	17	18	18	19	20	22	26	
1612	7	10	12	13	14	15	16	17	19	20	21	22	24	57	69	
1613	21	22	23	24	27	47	48	50	51	51	52	54	56	58	61	
1614	43	44	45	46	48	49	50	52	54	59	
1615	41	47	55	81	83	85	
1616	38	52	84	
1617	52	
1618	22	39	53	
1619	40	
1620	46	
1621	40	47	
1622	28	47	
1623	27	
1624	48	49	
1625	34	48	48	49	49	66	
1630	66	
1638	8	
1639	9	10	12	14	19	25	
1640	2	7	12	13	14	15	15	18	35	52	53	54	55	56	58	60	85	87	91	93	
1641	16	16	19	21	41	48	49	50	51	54	57	86	90	96	
1642	41	44	45	46	47	49	51	73	
1643	27	39	43	46	68	70	
1644	8	9	11	13	14	15	17	18	20	29	43	68	
1645	4	7	10	12	13	14	15	16	16	18	19	20	21	22	23	24	
1646	18	20	21	22	23	25	56	56	69	70	70	72	
1647	1	22	38	47	48	49	50	51	52	53	53	54	55	56	57	58	
1648	32	43	43	44	45	46	47	48	49	50	51	54	56	67	
1649	36	41	45	47	48	49	56	80	
1650	20	27	35	41	43	46	48	50	56	67	69	
1651	20	23	37	41	44	46	48	51	58	65	66	71	
1652	20	23	27	27	43	43	45	47	50	57	65	70	
1653	19	21	38	45	46	47	48	51	57	63	65	70	
1654	18	20	23	28	30	36	41	43	47	48	68	69	
1655	20	22	36	42	44	46	48	51	54	57	65	
1656	19	21	23	32	42	44	46	48	56	61	64	67	68	
1657	20	21	32	39	42	45	47	48	53	55	57	59	72	
1658	20	30	41	44	45	46	47	48	50	56	70	
1659	22	41	43	45	47	48	52	68	68	
1660	45	
1661	68	
1673	5	6	10	15	18	24	
1674	5	6	7	11	11	13	14	14	15	16	19	55	79	84	
1675	16	17	20	23	35	38	51	53	54	55	58	58	79	81	84	86	88	91	95	
1676	16	17	18	20	45	47	49	63	
1677	9	13	16	19	24	28	28	42	43	64	68	71	
1678	10	12	13	15	16	19	20	22	23	25	
1679	20	22	23	24	
1680	22	25	52	55	
1681	33	48	50	51	52	53	54	55	57	58	60	
1682	34	41	44	45	47	49	50	51	54	56	59	
1683	40	43	44	45	47	48	50	54	57	58	62	64	69	
1684	19	23	35	39	43	43	44	47	48	49	51	53	57	61	66	68	72	
1685	19	21	23	23	25	26	44	45	47	48	50	55	58	60	71	
1686	18	20	22	24	27	40	43	43	45	46	47	49	50	53	56	65	69	
1687	20	22	23	25	30	34	41	44	47	49	54	56	58	63	64	68	
1688	20	22	24	41	44	45	48	49	51	53	55	58	59	68	70	
1689	20	22	23	24	41	44	45	47	49	52	54	57	63	64	66	73	73	
1690	19	21	22	25	27	44	45	48	48	51	56	58	59	66	70	
1691	20	21	23	23	25	27	32	35	42	43	45	46	47	49	51	54	56	57	62	64	69	
1692	20	22	24	29	42	44	47	49	50	51	52	54	56	58	69	
1693	22	40	44	45	46	47	48	49	50	53	59	69	
1694	45	51	
1696	81	
1702	49	
1707	8	
1708	3	8	10	11	13	13	14	48	87	90	
1709	6	12	14	15	23	77	78	80	84	86	87	88	92	95	
1710	16	17	18	19	23	24	65	92	
1711	17	23	
1712	24	73	
1713	23	25	
1715	54	55	
1716	53	54	63	
1717	25	52	55	
1718	25	55	
1719	22	24	53	55	64	
1720	25	64	74	
1721	24	54	62	65	
1722	25	53	55	
1723	23	25	54	
1724	24	54	
1725	24	52	53	55	56	58	61	65	
1726	48	50	50	51	52	53	54	55	56	92	
1727	49	51	53	92	
1728	48	63	
1741	3	20	
1742	5	9	12	15	85	99	
1743	7	8	10	11	12	13	13	14	15	78	83	83	86	93	
1744	11	12	13	14	15	15	16	18	18	19	21	77	79	82	85	87	89	93	97	
1745	17	20	22	93	
1746	88	
1747	87	91	
1748	87	90	91	96	
1749	82	86	87	88	88	90	91	94	97	
1750	86	87	92	97	
1751	87	90	91	93	97	
1752	86	87	88	89	90	92	97	
1753	87	88	89	90	92	96	
1754	87	88	89	90	92	96	
1755	86	87	90	92	96	
1756	87	90	92	93	96	
1757	87	88	90	92	96	
1758	86	87	87	90	92	95	
1759	52	53	54	55	86	86	87	89	90	92	97	
1760	51	52	54	81	83	86	87	89	90	91	93	95	
1761	63	81	82	84	85	87	89	91	94	98	
1762	81	85	
1771	43	
1772	33	
1776	5	11	
1777	5	6	9	10	11	14	15	22	79	
1778	6	8	10	12	13	13	14	15	21	77	79	80	83	84	86	89	93	97	
1779	78	82	85	86	87	88	89	90	94	96	
1780	82	83	85	86	86	87	88	89	90	93	94	96	98	
1781	81	82	84	85	86	87	88	89	91	93	95	99	
1782	10	78	80	81	82	83	84	85	86	88	88	90	91	93	96	99	
1783	13	76	77	79	80	81	82	83	84	85	85	86	88	89	91	93	97	
1784	77	79	80	81	82	84	85	85	86	88	89	92	93	96	
1785	77	77	80	81	82	82	84	85	86	87	88	89	90	92	95	
1786	78	81	83	84	85	86	87	89	90	93	96	
1787	77	78	80	81	82	84	85	86	87	88	89	92	94	100	
1788	77	82	83	84	86	86	87	88	89	91	93	96	
1789	77	80	81	82	83	84	85	86	87	88	89	90	93	96	
1790	77	78	81	82	82	84	85	86	87	88	89	91	94	97	99	
1791	77	80	81	81	82	83	84	85	86	87	89	90	92	93	95	
1792	77	81	82	84	85	86	86	88	88	90	93	96	99	
1793	53	77	80	81	82	83	83	84	85	86	87	88	90	95	
1794	77	80	81	82	83	84	85	86	88	90	94	99	
1795	78	79	80	82	83	84	87	89	98	
1796	79	85	
1802	101	
1803	5	
1811	10	15	25	25	
1812	1	7	10	12	15	81	86	89	
1813	78	79	80	82	83	84	85	86	88	88	90	93	
1814	76	77	78	80	81	82	83	84	85	86	87	88	93	
1815	77	78	79	80	81	82	83	83	85	86	92	
1816	77	79	80	81	84	85	92	93	
1817	78	78	80	82	84	86	
1818	77	78	79	80	82	83	84	86	88	
1819	77	78	78	79	80	83	84	86	89	
1820	77	79	80	82	84	85	89	94	
1821	77	79	79	80	82	83	85	89	99	
1822	75	76	79	80	81	84	85	89	94	
1823	76	77	78	79	80	82	84	85	89	94	
1824	76	77	79	80	81	83	84	85	89	
1825	75	77	78	79	80	81	83	84	86	
1826	75	76	78	79	80	81	82	84	86	91	
1827	76	78	79	80	81	84	86	90	
1828	78	79	81	84	88	95	99	
1829	81	85	
1845	5	9	14	
1846	15	79	
1847	78	79	81	83	87	91	
1848	79	80	83	83	85	93	
1849	78	80	87	
1850	78	81	83	102	
1851	80	97	
1852	78	82	86	
1853	80	85	
1854	78	86	88	
1855	79	
1856	78	83	88	
1857	82	
1858	79	84	
1859	79	84	
1860	80	86	88	
1861	86	102	
1862	79	86	
1867	76	
1881	87	
1886	93	
1888	80	87	
1890	98	
1895	85	
1897	87	
1905	95	
1912	11	
1916	84	98	
1938	81	
1978	32	
1981	10	
2003	3	
2012	79	
2013	7	
2050	20	
2062	28	
2065	64	
2066	29	
2070	6	
2074	73	
2085	60	
2087	37	
2117	10	
2121	83	
2172	19	
2177	33	
2186	6	
2193	17	
2200	20	
2240	3	
2251	2	
