48	61	
152	91	
182	20	21	
220	101	
250	20	
255	92	
256	87	88	89	91	92	93	96	
257	87	88	89	90	91	93	94	96	
258	83	86	86	87	88	90	91	92	93	96	
259	83	87	88	90	91	93	95	97	
260	86	87	90	91	93	95	98	
261	18	88	91	
285	13	
286	93	
287	91	
288	54	87	88	89	90	92	96	98	
289	82	85	86	87	88	90	91	94	96	100	
290	36	81	82	85	86	87	89	90	94	98	
291	6	78	79	80	81	82	84	85	86	87	89	90	95	
292	80	81	82	84	85	86	87	89	91	94	97	99	
293	8	8	13	80	81	83	84	85	86	86	88	88	90	95	
294	11	14	78	80	82	83	84	85	86	87	88	89	91	94	97	
295	15	17	82	86	87	88	89	91	94	97	
296	16	17	
318	88	92	
319	87	91	93	96	
320	87	88	90	91	92	95	97	
321	82	86	86	87	88	90	91	93	93	95	
322	81	82	84	85	86	87	89	90	91	94	
323	34	39	66	78	80	81	82	83	84	86	88	89	95	100	
324	16	17	18	18	19	27	41	43	44	46	48	52	57	59	61	68	70	78	80	81	84	85	
325	17	18	19	20	27	30	42	44	45	46	47	49	51	56	58	58	60	67	72	79	80	83	
326	21	22	32	41	43	43	44	45	46	46	47	48	49	50	70	78	79	81	83	
327	9	23	27	45	46	49	70	79	80	84	
328	6	9	11	13	13	15	79	80	84	85	88	101	
329	6	8	11	12	13	14	15	16	17	19	78	79	81	82	84	85	86	89	
330	15	16	16	17	18	19	20	24	
331	18	
350	91	
351	87	89	90	92	95	
352	86	87	88	89	90	92	94	96	97	100	
353	78	82	85	86	87	88	88	89	91	95	97	
354	36	54	80	82	83	83	85	86	86	87	89	90	92	94	
355	34	41	47	79	81	82	83	83	84	85	89	
356	10	16	17	18	18	19	39	43	44	47	49	66	70	79	81	83	84	
357	7	10	11	13	14	15	16	18	19	20	20	21	28	28	44	69	79	80	
358	12	13	18	19	20	20	21	24	52	69	
359	22	23	24	50	52	53	54	55	56	58	59	62	
360	23	25	45	48	49	49	50	51	52	54	56	60	
361	46	48	50	
362	6	9	10	13	15	43	79	
363	8	11	12	13	13	14	15	16	17	19	19	20	21	26	28	41	69	79	102	
364	18	18	19	20	21	22	24	
382	56	
383	53	87	90	93	97	
384	87	87	89	91	92	94	96	99	
385	54	81	82	83	85	86	86	87	88	89	91	94	96	98	
386	38	39	80	81	82	83	85	86	89	90	93	
387	10	17	35	42	46	79	80	82	84	85	86	
388	9	11	13	16	17	18	18	19	20	38	44	68	70	78	79	80	81	84	
389	6	8	11	12	14	15	17	18	19	20	20	26	44	72	79	
390	12	14	20	20	21	22	23	25	45	49	71	
391	21	22	24	25	
392	22	25	57	
393	51	52	55	56	59	
394	48	50	51	52	53	54	92	94	97	
395	9	40	49	87	91	93	
396	7	9	11	12	13	13	14	15	16	17	18	42	70	
397	2	12	14	15	16	17	18	18	19	20	21	22	23	24	26	
398	22	
415	58	59	
416	53	53	56	87	91	95	
417	53	55	57	82	84	85	86	87	88	90	91	93	95	98	
418	39	47	79	81	82	84	85	86	88	89	94	
419	16	19	38	39	47	60	66	68	79	81	82	83	84	85	
420	10	13	15	16	17	19	20	28	43	43	44	48	49	67	70	73	78	80	81	83	
421	7	9	11	13	14	15	16	18	19	19	20	27	65	70	78	
422	13	15	17	20	21	22	23	23	25	45	71	
423	21	22	24	
424	22	25	
425	57	
426	51	53	55	57	
427	49	50	52	54	87	91	95	
428	81	83	86	87	90	91	95	
429	6	9	10	11	13	14	16	17	43	69	81	
430	11	12	14	15	16	17	18	19	19	20	24	26	
431	20	21	22	23	
447	57	
448	53	57	59	
449	46	48	50	52	54	92	93	
450	49	53	66	81	83	84	85	87	88	89	90	93	93	96	
451	39	79	80	82	83	84	85	87	89	
452	8	10	11	13	15	16	17	18	19	19	40	69	79	80	83	
453	12	14	15	17	18	18	19	20	22	24	27	32	45	69	78	
454	12	15	20	21	22	24	25	45	
455	21	23	23	25	
456	25	
458	58	
459	53	56	
460	52	55	87	88	91	92	94	97	
461	8	80	82	85	86	87	88	89	90	92	93	96	
462	9	10	13	15	16	18	79	82	84	
463	6	13	15	16	17	18	20	20	21	24	28	
464	2	21	22	23	23	
481	56	58	
482	46	48	50	51	52	53	55	
483	47	49	50	53	82	87	88	90	96	100	
484	9	13	77	81	82	84	85	87	89	
485	7	10	11	12	14	15	16	18	68	79	81	84	
486	13	15	16	17	18	19	20	21	22	23	25	
487	22	24	
488	23	
491	56	60	
492	53	88	93	
493	51	53	86	88	88	90	91	92	93	96	
494	78	80	82	84	86	86	87	89	90	92	94	96	
495	10	11	14	78	79	80	82	83	85	86	87	89	90	92	97	
496	4	8	11	13	13	14	16	17	19	91	
497	15	16	21	23	88	92	
498	91	92	97	
499	86	87	88	90	91	96	
500	87	88	91	93	96	
501	87	88	91	93	94	97	
502	92	
514	58	
515	52	53	54	55	56	57	60	
516	45	46	47	49	50	51	51	53	54	55	59	
517	44	45	46	48	49	79	86	91	
518	6	10	11	12	14	14	16	80	84	86	
519	12	13	14	15	15	16	17	18	19	19	20	23	24	28	
520	18	20	21	22	25	
524	58	88	92	96	
525	52	53	53	58	87	88	91	93	95	
526	51	52	55	57	85	86	87	89	90	91	93	95	96	99	
527	80	81	83	84	85	86	87	89	90	94	98	
528	38	79	80	81	83	83	85	86	89	95	
529	5	7	10	12	14	16	79	82	83	86	
530	7	12	14	18	82	85	89	95	98	
531	37	78	81	83	85	86	89	93	96	
532	8	46	77	81	82	84	85	86	87	88	89	91	94	101	
533	78	81	82	84	85	86	87	89	94	96	98	
534	6	9	77	78	80	81	82	83	84	85	86	87	89	90	95	99	
535	11	13	80	81	82	84	86	87	88	89	90	95	97	
536	7	11	15	16	81	85	86	87	89	90	95	97	99	
537	16	17	
538	18	
548	57	
549	51	52	54	55	56	57	59	61	
550	36	45	47	48	49	49	50	51	53	55	59	
551	9	31	43	45	46	49	72	
552	7	10	11	11	14	14	68	
553	16	20	22	23	
554	88	90	92	98	
555	87	90	92	96	
556	87	90	91	93	94	96	
557	83	87	87	90	91	92	95	97	
558	85	87	88	89	91	92	94	97	
559	38	46	53	54	77	80	82	83	84	86	87	89	90	92	95	98	98	
560	34	37	52	58	66	78	80	81	82	83	84	85	86	88	89	100	
561	16	17	37	42	43	47	48	49	57	61	66	79	80	82	84	88	
562	17	18	18	19	21	36	41	42	44	45	46	48	50	56	57	59	66	70	73	78	
563	12	19	19	20	28	30	40	42	43	44	45	46	47	48	49	56	57	58	59	69	72	80	
564	17	19	20	20	22	26	30	40	43	43	46	47	48	56	57	61	66	68	71	79	
565	18	20	20	21	28	40	43	44	45	47	56	57	59	67	69	71	79	80	85	
566	20	21	22	23	26	39	42	44	46	47	48	49	57	59	70	78	79	80	81	83	
567	10	18	20	21	26	30	41	43	44	46	47	48	56	58	68	68	71	77	79	80	83	85	
568	19	20	21	32	38	38	42	43	44	46	47	48	71	79	80	84	85	
569	7	9	11	15	18	19	20	21	26	43	44	46	48	68	68	78	78	79	81	83	101	
570	6	9	11	12	14	15	16	19	21	26	67	77	80	81	83	85	
571	12	13	15	17	18	20	22	22	22	24	26	80	84	99	
583	52	60	
584	50	51	53	54	56	58	60	
585	43	45	46	47	48	49	50	
586	9	71	
587	12	82	86	88	90	92	97	
588	81	82	85	86	87	88	89	90	91	92	94	96	
589	81	82	83	85	86	87	88	88	89	90	93	95	97	99	
590	36	78	80	81	82	83	85	86	87	88	89	91	95	97	
591	17	38	47	52	57	80	81	82	84	85	86	89	
592	16	18	35	42	43	47	51	56	59	71	78	79	80	82	83	85	86	
593	16	18	18	19	37	40	43	44	46	48	48	61	67	68	71	78	79	80	81	84	85	
594	11	13	14	17	18	19	20	43	43	45	46	61	67	69	71	79	81	
595	12	17	19	19	20	21	26	45	52	60	69	73	
596	17	20	21	22	23	23	25	26	45	50	58	69	
597	20	21	22	24	25	27	43	45	49	61	63	71	
598	20	22	23	24	25	28	44	52	54	58	
599	22	24	25	30	45	52	64	
600	5	21	23	23	24	35	44	49	52	55	59	64	
601	22	24	44	51	54	57	59	63	
602	21	23	25	28	45	49	53	62	64	
603	22	23	24	29	44	50	73	
604	10	14	20	22	24	30	43	69	
605	19	21	22	
606	23	
618	34	51	52	55	56	57	59	
619	33	47	50	51	52	53	54	57	59	62	
620	43	43	44	45	46	47	48	48	49	
621	36	41	47	56	78	80	85	
622	16	18	41	46	47	63	67	69	77	79	79	80	81	82	83	84	85	99	
623	9	17	18	20	35	41	43	43	46	47	58	61	66	70	78	79	80	81	84	84	86	
624	11	14	17	19	19	21	38	41	46	66	69	72	79	81	83	84	
625	12	15	17	18	19	20	44	48	59	63	68	70	78	79	84	
626	12	14	17	19	20	21	22	35	43	45	61	64	
627	18	19	20	21	22	23	27	45	
628	13	21	22	24	25	44	
629	22	23	24	
630	23	
638	4	
652	57	60	
653	35	50	51	52	53	53	54	55	55	57	59	60	63	
654	30	35	42	45	47	48	48	49	50	51	55	59	66	
655	14	38	42	43	44	45	47	49	58	62	65	66	71	
656	14	18	20	22	24	35	41	44	47	60	70	78	
657	12	15	20	21	22	23	24	26	34	44	71	
658	11	15	20	22	23	24	25	44	
659	15	21	23	23	24	
660	22	23	25	97	
661	24	
687	54	55	
688	51	
690	23	25	
691	22	24	
694	101	
1176	41	
1180	68	
1190	73	
1204	100	
1213	10	
1220	81	
1221	3	
1236	22	
1237	27	
1240	79	
1245	104	
1246	5	
1258	73	
1278	28	
1280	95	
1298	77	
1302	28	
1305	17	
1308	68	
1315	1	
1318	59	
1321	69	
1337	24	
1345	47	
1362	12	
1371	38	
1373	39	
1376	66	
1377	46	
1378	17	18	43	66	
1381	27	39	44	50	
1382	47	
1383	59	
1390	7	
1400	37	
1403	28	
1404	16	96	
1407	25	
1408	32	
1410	16	30	
1411	12	16	18	18	36	41	58	
1412	16	20	22	43	45	47	49	55	56	66	70	
1413	18	19	21	24	31	40	45	46	48	49	57	59	70	
1414	20	21	24	40	44	46	48	51	55	56	60	67	70	
1415	20	26	41	44	45	47	49	59	
1416	21	42	44	46	47	49	69	
1417	47	49	70	
1418	27	59	
1432	70	
1435	51	
1437	91	
1439	93	
1441	18	46	
1442	11	12	38	
1443	11	17	26	45	49	67	71	
1444	11	16	18	18	20	22	26	41	43	47	66	
1445	8	13	14	16	19	20	22	24	27	45	47	70	
1446	18	19	20	22	24	29	33	43	45	50	60	69	
1447	19	21	22	25	33	44	50	55	57	61	65	
1448	20	21	23	24	35	44	49	51	54	57	58	59	93	
1449	20	22	37	44	45	46	47	49	50	52	54	55	56	57	60	65	
1450	21	23	25	27	32	42	43	45	46	47	48	48	49	50	54	56	59	70	
1451	23	44	46	47	49	71	
1452	43	49	52	
1454	64	
1455	7	
1471	24	
1472	43	
1474	17	37	39	53	
1475	15	17	19	35	43	46	68	
1476	7	11	14	16	17	19	22	26	66	69	
1477	12	15	16	17	18	19	21	23	35	44	
1478	10	13	14	19	20	22	23	27	44	
1479	21	22	24	
1480	22	24	91	93	96	
1481	58	86	87	89	90	91	95	96	
1482	83	86	87	89	90	91	94	97	
1483	16	17	18	25	51	52	54	56	58	59	62	87	90	92	
1484	47	48	50	51	52	53	54	56	59	
1485	46	47	49	50	55	56	
1486	44	65	
1488	3	
1494	90	
1500	46	
1501	35	
1502	19	
1504	33	
1505	16	19	37	42	47	
1506	13	16	47	
1507	10	13	16	18	18	21	28	42	43	67	69	
1508	10	14	16	18	20	23	23	39	45	67	71	
1509	12	15	17	19	20	21	24	27	44	50	64	
1510	12	13	20	22	23	45	72	
1511	20	22	24	93	
1512	23	24	88	91	92	95	97	
1513	54	86	87	89	90	92	93	94	97	
1514	78	82	85	86	88	89	90	92	97	
1515	40	77	78	80	81	82	84	85	86	88	88	95	100	
1516	7	9	10	13	15	16	20	80	82	84	85	89	
1517	7	11	12	13	16	17	19	20	55	57	61	81	85	88	99	
1518	22	47	51	52	53	54	55	59	
1519	49	50	54	88	90	92	95	96	
1520	50	59	
1527	90	
1536	13	
1537	16	36	100	
1539	11	17	20	42	46	70	
1540	7	10	12	14	16	18	19	20	22	25	35	69	
1541	12	14	18	19	20	22	24	45	69	
1542	7	11	14	20	22	23	23	45	83	
1543	21	22	24	92	
1544	5	25	88	90	91	95	97	
1545	54	87	88	89	90	92	95	
1546	81	82	85	87	89	91	94	
1547	80	81	83	83	84	85	87	89	
1548	79	81	83	84	86	91	
1549	9	12	13	16	80	84	
1550	6	9	10	12	13	14	15	16	17	18	18	19	56	78	83	
1551	15	17	20	21	22	23	51	52	53	55	57	58	83	
1552	22	50	51	53	55	57	87	88	90	91	92	93	95	97	
1553	78	81	82	83	85	86	90	93	94	
1554	54	58	82	86	
1555	55	
1556	60	
1571	11	19	
1572	8	11	15	16	19	33	40	43	
1573	8	11	13	14	15	17	18	18	19	20	22	24	71	
1574	10	12	15	20	22	24	
1575	21	23	25	87	91	93	97	
1576	86	87	91	94	95	
1577	54	83	86	86	88	89	90	91	93	94	96	
1578	55	77	80	81	82	84	85	86	88	89	90	93	100	
1579	80	81	82	83	85	87	89	91	98	
1580	79	81	83	85	90	94	
1581	18	78	81	
1582	8	14	80	
1583	9	11	12	14	15	16	17	19	20	24	44	70	
1584	7	13	18	20	21	23	27	56	81	
1585	22	46	49	51	53	55	92	96	
1586	51	53	57	81	83	85	86	88	89	91	95	
1587	64	80	82	84	86	89	
1589	83	
1592	61	
1601	20	
1604	9	14	
1605	9	11	14	15	16	18	22	
1606	4	9	11	12	14	15	16	17	18	20	23	24	70	
1607	20	21	24	26	93	
1608	23	53	87	88	90	92	95	97	
1609	54	78	83	86	87	88	90	91	95	
1610	77	79	80	81	83	85	85	87	89	93	99	
1611	78	79	80	82	84	85	
1612	80	84	88	91	
1613	78	80	85	
1614	15	23	23	40	79	83	
1615	8	15	16	17	19	38	
1616	8	10	12	13	15	16	17	19	20	22	28	41	44	57	57	67	68	
1617	12	15	17	19	20	23	24	26	48	52	53	56	
1618	18	21	22	24	47	50	51	53	
1619	46	50	77	81	82	86	87	90	95	
1620	36	47	56	78	80	82	84	91	
1621	82	
1623	45	
1625	73	
1636	64	
1637	21	29	
1638	10	11	14	
1639	4	7	8	10	11	12	14	15	16	17	19	20	56	58	
1640	4	15	17	18	20	21	23	24	26	52	55	56	
1641	22	49	50	53	55	87	90	91	94	97	
1642	53	81	82	85	87	89	92	94	
1643	54	79	81	83	84	85	88	89	92	
1644	78	80	83	87	88	93	
1645	79	
1646	18	80	
1647	9	28	36	
1648	11	14	16	17	19	22	
1649	8	11	13	14	16	17	19	21	22	25	40	43	67	69	
1650	18	20	21	23	24	52	56	58	58	
1651	20	21	22	24	28	42	45	46	47	48	48	49	50	52	53	54	56	57	71	
1652	35	41	43	45	46	47	48	50	51	54	57	60	70	
1653	38	44	47	49	51	57	59	66	69	79	
1654	29	42	44	46	48	48	52	56	67	72	79	
1655	21	37	42	44	46	50	57	64	66	
1656	21	25	33	45	47	48	57	64	66	71	
1657	40	44	47	49	56	64	67	
1658	44	46	50	
1659	71	
1672	8	8	9	10	11	14	57	
1673	7	11	12	13	14	15	16	18	18	20	21	23	25	51	52	56	60	
1674	47	49	50	52	53	92	
1675	44	47	50	54	80	82	85	86	88	90	94	
1676	57	79	81	84	87	88	92	
1677	17	44	78	99	
1678	21	38	47	69	
1679	16	18	34	45	46	102	
1680	13	20	33	43	66	69	
1681	9	12	13	15	16	18	19	21	39	46	68	72	
1682	10	12	13	14	16	17	19	20	21	23	25	45	
1683	10	12	15	19	19	20	21	23	24	
1684	20	21	22	23	25	55	57	60	
1685	22	33	51	52	53	54	56	59	
1686	50	51	54	58	60	64	
1687	24	32	35	44	45	49	53	55	57	61	
1688	22	24	25	35	45	51	57	60	72	
1689	22	23	27	28	43	45	50	54	58	59	72	73	
1690	20	22	24	30	44	45	48	50	53	56	57	60	
1691	20	22	25	33	34	44	45	47	48	49	50	53	53	57	58	71	
1692	23	41	43	45	47	49	51	57	71	
1693	45	47	48	51	
1698	6	
1702	21	
1705	9	15	28	
1706	4	6	9	10	12	14	15	18	
1707	7	13	15	16	19	22	36	51	52	54	54	56	58	93	
1708	2	23	36	43	47	49	50	53	53	56	58	87	91	
1709	31	43	46	48	56	67	73	78	82	83	
1710	18	35	37	39	46	66	85	
1711	16	19	21	38	43	44	47	52	53	60	70	
1712	16	19	21	29	43	47	59	68	69	
1713	13	18	19	21	34	42	67	
1714	9	13	15	16	18	19	20	23	25	26	45	
1715	10	13	14	18	19	20	22	24	29	69	
1716	13	15	21	22	23	
1717	22	25	88	93	97	
1718	86	87	88	91	92	95	96	
1719	83	86	86	87	88	89	90	91	92	93	95	96	
1720	86	86	87	90	91	94	96	
1721	86	87	88	89	90	92	94	96	
1722	87	89	90	91	93	95	97	
1723	87	88	89	90	91	95	97	
1724	87	89	90	92	95	97	
1725	51	53	53	54	55	57	61	83	87	88	91	96	98	
1726	50	52	54	91	
1727	52	
1731	97	98	
1736	29	
1739	10	
1740	8	11	14	18	
1741	2	6	12	82	84	90	103	
1742	16	19	54	60	81	84	86	89	96	
1743	16	18	21	23	42	50	61	67	73	
1744	18	20	30	44	48	49	60	71	
1745	19	21	23	24	29	43	45	51	61	65	71	
1746	21	23	23	25	32	45	49	60	71	
1747	12	13	15	24	45	
1748	24	93	
1749	24	87	91	92	95	97	
1750	83	87	88	90	91	93	95	97	
1751	77	83	86	87	88	89	90	92	94	97	
1752	80	81	82	84	84	85	86	88	88	90	93	95	99	
1753	76	78	80	81	82	84	84	85	86	87	90	94	
1754	81	82	83	84	85	86	87	88	90	93	99	
1755	77	78	80	81	82	83	84	85	86	89	95	100	
1756	77	80	81	82	83	84	86	88	89	91	97	100	
1757	77	78	79	80	81	84	85	87	89	92	95	
1758	80	81	83	83	84	85	86	88	90	93	94	
1759	77	80	81	83	84	85	86	90	94	97	
1760	53	81	86	90	94	
1763	9	9	10	
1765	98	99	
1772	5	
1773	9	92	
1774	4	13	23	
1775	7	9	11	13	15	79	85	88	
1776	7	11	12	13	14	15	17	19	80	84	87	90	97	
1777	16	17	19	22	24	
1778	23	25	91	92	98	
1779	24	87	90	91	92	96	
1780	87	88	89	90	92	95	96	
1781	86	87	89	91	95	98	
1782	82	86	88	91	93	95	100	
1783	77	78	80	81	82	84	85	86	87	88	90	95	
1784	77	80	81	82	83	84	85	86	88	89	96	
1785	77	79	80	81	82	84	85	87	89	92	
1786	78	80	82	82	84	87	96	
1787	79	80	83	85	98	
1788	78	80	83	85	89	
1789	79	82	84	89	97	
1790	78	80	84	89	
1791	79	82	83	90	
1792	80	82	85	
1793	78	79	82	85	
1794	79	81	83	87	88	92	93	99	
1795	84	90	
1804	27	
1809	8	11	13	88	
1810	6	10	11	13	15	80	84	92	98	
1811	86	88	88	90	91	93	96	
1812	78	81	83	85	86	87	88	89	91	94	96	
1813	82	82	86	86	87	88	89	91	95	98	
1814	77	82	84	85	86	87	88	89	90	94	99	
1815	80	81	83	84	86	89	94	
1816	78	80	82	84	86	90	93	94	94	
1817	79	82	84	86	
1818	78	80	83	85	98	
1819	79	84	
1820	86	
1821	80	
1824	87	
1828	84	
1829	83	
1830	61	
1841	46	
1843	8	11	
1844	2	12	85	92	
1845	2	79	81	83	83	85	87	92	98	100	
1846	78	79	80	81	83	84	85	88	91	93	
1847	79	80	82	84	86	89	93	
1848	78	79	81	83	85	
1849	79	81	84	88	
1850	66	81	85	
1851	98	
1856	84	
1857	38	
1862	76	
1865	97	
1869	95	
1877	10	
1879	79	83	92	
1880	81	
1881	80	88	
1882	22	85	
1889	11	
1890	99	
1896	89	
1904	91	103	
1905	19	
1914	90	97	
1924	71	
1926	20	
1930	91	
1950	99	
1968	76	
1973	99	
1978	11	
1980	68	84	
1982	5	
1985	60	
2008	10	
2009	5	
2012	68	
2014	68	
2019	69	
2022	25	
2044	82	
2045	11	
2052	71	
2061	103	
2085	83	
2095	52	
2100	26	
2103	22	
2110	95	
2136	25	
2137	18	25	
2143	92	
2173	84	
2194	98	
2200	93	
2203	28	
2204	4	12	
2228	17	
2255	9	
2263	14	
