83	93	
84	83	87	88	89	90	92	94	96	
85	83	87	90	91	92	93	96	
86	82	86	87	90	91	92	94	97	
87	83	87	89	90	92	94	96	
88	83	87	88	88	90	91	93	94	97	
89	17	
114	56	
115	57	
116	87	90	92	96	
117	82	83	86	87	88	88	89	91	92	95	97	
118	82	83	85	85	86	86	89	90	91	93	93	95	
119	9	80	81	82	83	84	85	86	87	88	89	90	92	93	95	100	
120	80	81	82	82	83	84	85	86	88	88	89	90	91	93	95	
121	10	13	80	81	82	83	84	85	86	87	88	89	90	92	94	96	98	
122	6	9	11	14	80	81	82	83	84	85	86	88	89	90	92	97	
123	12	16	17	19	81	85	87	91	94	
124	16	18	
145	34	
148	56	92	95	
149	52	54	56	86	88	91	92	95	
150	82	84	86	87	88	89	90	92	95	
151	80	82	83	84	85	86	90	91	95	
152	41	79	80	81	83	84	85	89	
153	46	79	80	81	82	84	85	88	99	
154	79	80	81	83	84	100	
155	9	79	80	81	82	84	85	89	
156	7	8	10	11	13	13	14	15	19	79	80	81	82	83	85	91	
157	6	11	12	14	15	16	19	21	81	82	83	85	87	89	91	93	97	100	
158	16	17	18	19	91	
181	52	55	91	93	97	
182	51	53	54	82	85	87	89	90	91	94	97	
183	52	80	82	83	83	84	85	86	87	88	89	90	92	94	95	98	
184	35	36	41	48	59	78	79	80	82	83	83	84	85	87	89	92	95	99	
185	17	19	35	38	40	41	42	43	47	58	67	79	80	81	84	
186	18	19	22	35	41	42	43	46	47	48	48	50	60	65	79	80	84	
187	18	21	22	24	26	29	36	38	40	42	43	43	46	47	62	69	
188	42	46	48	70	79	
189	15	
190	2	5	7	9	10	13	15	82	89	99	
191	2	7	8	9	11	11	12	13	14	15	15	16	18	21	25	80	81	83	85	88	89	95	
192	16	17	19	20	22	83	86	88	90	96	
193	18	22	
213	55	
214	47	48	50	52	54	93	
215	50	53	55	86	87	90	92	96	
216	80	81	82	83	84	86	87	88	89	90	92	93	96	100	
217	8	80	81	83	84	85	86	89	95	
218	11	12	13	14	79	81	84	
219	12	14	15	16	16	17	17	18	19	20	22	23	43	45	47	52	
220	18	19	20	21	22	23	25	35	37	43	44	47	48	48	49	50	51	52	54	55	57	59	63	
221	24	37	41	42	43	44	45	46	47	47	48	49	50	51	55	59	
222	40	42	44	46	48	
223	46	
224	6	8	10	14	
225	2	5	7	9	10	11	12	14	14	18	80	81	83	
226	7	10	12	13	13	14	15	16	17	18	19	21	81	82	84	86	91	94	
227	16	17	19	20	23	82	90	
246	52	57	
247	48	51	52	53	54	55	56	90	93	97	
248	49	50	51	53	55	87	90	92	95	
249	49	55	80	82	84	86	87	89	91	93	94	98	
250	79	81	82	83	84	86	88	97	
251	6	8	10	16	79	80	84	
252	5	7	9	11	12	13	13	14	14	15	16	17	18	18	19	27	29	
253	4	11	12	15	16	17	19	20	20	21	22	24	52	
254	21	23	24	49	50	51	52	54	55	57	63	
255	34	42	43	45	46	47	47	48	48	49	50	50	51	52	53	54	56	58	58	59	
256	37	39	41	42	43	44	45	46	46	47	48	49	49	53	
257	42	44	46	49	
258	9	
259	5	8	9	11	13	14	15	81	91	98	
260	1	6	10	11	11	12	14	14	15	17	18	19	79	81	82	84	88	99	
261	15	16	17	18	19	20	21	23	82	
262	18	
279	56	
280	46	48	51	53	55	56	
281	46	49	51	52	54	55	86	89	91	
282	49	51	54	80	81	82	83	85	86	87	88	90	92	93	95	98	
283	49	80	81	83	84	85	86	89	90	
284	6	10	14	16	19	67	78	82	85	
285	6	7	10	11	12	14	14	15	16	16	17	18	19	20	21	26	44	64	68	
286	4	8	12	13	14	15	16	17	18	19	20	20	21	23	24	27	
287	15	18	21	22	23	25	
288	52	54	55	57	
289	47	50	51	51	52	53	53	54	55	57	59	
290	41	42	43	45	46	47	48	48	49	49	50	51	52	54	56	59	
291	38	43	44	45	46	48	49	
293	5	6	8	9	10	14	
294	6	7	10	11	12	13	13	14	15	15	17	18	19	23	80	83	102	
295	12	16	17	17	18	19	20	21	24	
296	17	
312	56	
313	46	48	50	52	54	56	
314	46	47	49	50	51	54	
315	47	49	52	53	55	82	83	85	88	91	94	
316	79	80	81	84	85	88	89	91	99	
317	10	42	78	80	84	
318	8	9	10	11	13	13	14	15	16	16	17	18	19	28	
319	7	8	11	12	13	15	16	17	18	19	20	21	23	24	27	
320	5	18	21	22	23	24	
321	23	
323	48	50	51	52	53	54	55	56	57	59	
324	42	44	45	46	47	49	50	50	51	53	54	56	59	
325	39	42	43	44	45	47	48	49	50	63	
326	3	48	
327	6	9	10	
328	6	8	10	10	11	12	13	14	14	15	16	17	19	21	
329	13	15	16	16	17	18	18	19	20	20	21	23	25	
330	22	
346	52	57	
347	37	48	49	50	50	51	52	53	54	55	
348	42	44	46	47	49	50	53	55	59	
349	44	49	53	85	88	92	
350	9	80	83	87	
351	7	8	10	11	12	13	14	15	16	18	65	
352	5	6	10	12	13	14	15	16	17	17	18	19	20	21	22	23	24	28	69	
353	4	13	18	19	20	21	22	24	
357	48	51	52	55	56	58	59	
358	36	41	45	47	47	49	50	50	51	52	53	54	55	57	60	
359	42	43	45	45	46	48	49	51	
361	8	9	12	13	15	
362	5	6	7	10	11	12	12	14	14	15	16	17	18	21	25	
363	16	17	18	18	19	20	21	22	23	
364	23	
380	52	55	56	
381	46	47	48	49	50	51	51	52	53	54	55	58	
382	43	45	47	48	49	49	51	54	58	92	95	
383	43	45	46	85	88	89	92	
384	9	10	13	28	
385	5	6	6	8	10	11	12	12	13	14	14	15	16	17	19	20	23	69	
386	12	15	16	16	17	18	19	20	21	22	24	
387	23	
391	52	53	54	55	56	58	60	
392	42	45	47	47	49	50	51	52	54	55	55	60	
393	42	44	45	46	47	48	49	50	53	58	
394	44	
395	5	8	10	11	14	
396	6	7	9	10	11	12	13	13	14	15	16	19	24	
397	12	15	16	16	17	18	19	20	21	22	25	
398	22	
413	56	
414	51	52	55	56	57	
415	46	48	49	50	51	52	53	53	54	55	56	59	
416	44	45	47	49	50	51	59	86	89	90	92	95	
417	83	84	86	89	92	97	
418	5	6	9	10	14	67	89	
419	7	8	10	11	12	12	14	14	15	16	16	18	19	
420	3	16	16	17	17	19	20	21	22	23	24	
421	22	
425	50	51	52	55	56	59	
426	45	46	47	48	49	50	51	52	53	54	55	58	
427	43	45	46	48	49	88	90	93	94	
428	43	91	94	
429	5	6	8	9	11	13	15	16	67	
430	7	10	11	12	12	13	14	15	15	16	16	17	18	19	20	21	24	
431	13	15	17	18	19	20	21	22	24	
432	22	
447	56	58	
448	46	48	50	51	52	53	53	54	56	60	
449	41	47	49	49	50	51	53	54	55	61	
450	45	48	51	81	83	85	87	88	90	95	
451	82	85	87	88	
452	7	8	9	10	14	18	67	
453	1	5	6	7	9	11	11	12	13	13	14	14	15	16	17	17	19	19	20	21	23	25	26	
454	2	17	18	19	20	21	22	24	
458	53	56	
459	50	51	52	54	58	59	
460	46	48	49	50	52	53	55	88	90	
461	44	48	82	85	87	89	92	97	
462	8	13	68	87	88	92	94	
463	6	9	10	11	12	14	14	15	16	18	24	
464	2	5	7	12	13	14	15	16	16	17	18	19	20	20	21	22	23	24	
465	21	22	25	
481	52	56	57	
482	37	43	46	47	47	48	50	50	51	52	54	55	56	57	60	
483	41	44	45	46	47	48	49	49	51	54	
484	44	83	87	89	93	
485	9	80	84	94	
486	4	6	7	9	10	11	12	13	14	15	19	23	
487	12	13	14	15	16	17	18	19	20	21	24	
488	18	20	21	23	
491	57	
492	52	53	56	57	
493	48	49	50	51	52	54	55	56	88	90	92	96	
494	45	47	49	50	53	86	88	90	91	93	94	97	
495	78	80	83	84	86	88	88	90	91	96	
496	7	9	10	18	83	90	
497	5	6	7	9	10	11	12	13	14	14	15	19	20	25	26	
498	12	16	17	18	19	20	22	23	24	
499	18	22	87	92	
500	16	
515	52	52	54	56	58	
516	43	46	47	48	50	50	51	52	53	53	54	55	56	59	
517	40	42	44	45	46	47	48	49	49	51	54	
518	44	49	88	93	
519	8	10	
520	3	7	9	10	11	13	13	14	15	18	
521	3	8	11	12	15	17	18	20	22	23	82	87	91	92	98	
522	17	88	91	92	
523	91	92	
524	88	91	92	
525	56	87	92	97	
526	51	53	53	54	57	86	88	89	90	92	93	96	
527	50	51	52	54	82	83	85	87	88	89	90	92	94	96	
528	49	80	82	83	83	85	86	87	89	90	91	96	
529	8	81	83	84	87	90	93	
530	9	11	13	14	89	
531	7	10	11	12	14	15	15	17	19	21	
532	3	7	9	12	14	16	20	23	82	86	88	90	92	95	
533	8	82	85	87	88	89	90	91	95	98	
534	83	85	86	87	89	91	92	95	
535	18	18	88	92	
549	52	53	55	56	58	
550	47	48	48	49	50	51	51	52	54	54	57	60	
551	44	45	46	48	48	49	50	90	92	98	
552	43	87	90	93	97	
553	5	11	14	95	
554	5	7	10	11	15	92	
555	8	10	12	13	14	15	18	20	80	81	82	84	86	88	89	90	95	
556	13	17	81	82	83	84	85	87	88	89	90	91	95	
557	81	82	84	85	87	88	88	89	90	91	95	98	98	
558	80	81	81	82	83	84	86	87	89	90	91	92	95	98	
559	82	85	86	88	89	89	91	92	94	96	
560	53	53	55	81	82	84	85	86	87	89	90	91	92	93	95	100	
561	37	55	81	82	83	84	85	86	89	90	91	93	
562	79	80	81	84	85	86	89	91	94	
563	79	83	
564	4	9	15	
565	5	11	15	18	81	
566	8	12	80	81	82	83	85	86	89	92	95	99	
567	8	11	81	82	83	83	84	85	87	89	90	93	97	99	
568	6	10	11	13	13	15	80	81	82	83	84	84	85	86	87	88	88	90	91	96	98	
569	7	12	15	17	19	80	82	83	85	86	87	90	91	93	94	97	101	
570	16	17	88	92	
575	94	95	96	
582	57	
583	48	51	52	54	56	57	60	
584	36	40	42	45	46	47	48	49	50	51	51	52	53	53	54	55	56	
585	40	45	46	48	49	49	50	81	85	88	
586	43	43	88	
587	44	
588	8	85	
589	8	11	14	80	80	82	85	101	
590	11	17	79	80	81	82	83	84	86	89	93	97	98	
591	78	79	80	81	82	83	84	85	87	89	91	93	
592	80	81	82	83	84	85	86	87	88	89	94	98	
593	79	80	81	82	83	83	84	85	86	87	89	91	94	100	
594	36	40	79	80	82	84	85	86	88	90	96	
595	36	47	53	56	62	79	80	81	84	86	89	94	98	
596	39	42	43	46	79	83	
597	17	38	43	
598	4	18	35	38	39	
599	5	17	26	41	43	82	83	
600	21	36	80	82	84	89	
601	5	9	79	80	82	85	89	
602	6	9	11	12	14	15	19	69	80	81	83	84	86	89	
603	7	9	11	12	14	15	20	80	81	81	83	83	84	86	89	91	97	
604	12	13	16	18	19	20	81	84	87	90	92	96	100	
605	17	21	
616	52	
617	48	51	52	52	53	54	56	57	59	
618	41	42	45	45	47	47	49	49	50	50	51	51	52	53	54	56	58	59	
619	38	40	41	43	43	44	45	46	47	48	49	50	79	
620	31	45	54	
621	38	
622	36	42	46	56	
623	23	
624	79	81	93	
625	36	79	80	83	83	85	99	
626	79	80	82	84	88	
627	17	79	80	81	84	
628	13	39	42	66	79	80	82	83	
629	16	19	37	39	42	42	46	47	49	61	84	
630	15	16	17	18	19	20	21	23	24	26	35	36	40	42	43	44	46	46	48	49	52	63	65	70	
631	18	19	20	21	23	25	27	35	40	41	42	44	45	46	47	50	56	61	
632	19	20	21	22	25	26	34	37	38	40	42	42	43	44	47	47	48	49	50	53	57	59	62	64	68	
633	19	20	21	23	24	27	35	40	42	42	43	44	46	47	47	49	50	57	60	
634	23	23	25	27	36	38	40	42	43	44	46	47	47	49	
635	25	28	39	43	43	70	
636	6	8	14	26	81	
637	2	5	7	9	10	11	12	13	14	15	21	26	80	81	84	
638	6	8	11	12	14	15	15	16	17	18	20	81	82	83	84	86	89	91	95	
639	16	17	19	20	22	88	96	
649	102	
651	52	53	55	56	58	
652	35	47	48	49	49	50	51	51	52	53	54	55	57	60	
653	30	37	39	41	42	43	44	45	46	47	47	48	49	49	50	60	
654	29	36	39	41	43	43	45	46	48	50	54	67	
655	39	41	46	66	
656	16	19	20	24	29	36	38	40	41	42	46	47	50	60	
657	17	19	20	20	24	28	37	40	41	42	43	44	46	47	49	62	71	
658	22	25	36	39	41	45	46	50	62	71	
659	20	26	36	39	42	43	46	47	71	
660	17	20	27	36	39	42	43	46	48	59	
661	16	18	19	21	26	38	41	46	
662	8	10	11	14	16	18	20	23	24	28	67	
663	6	9	11	12	13	14	15	16	17	18	19	20	21	24	42	43	48	52	64	
664	13	15	17	17	18	20	21	21	23	23	24	26	44	47	50	53	55	63	65	
665	21	24	25	45	49	53	60	
666	22	24	44	45	47	48	50	52	55	57	58	61	
667	23	24	25	35	44	45	47	49	50	51	51	53	53	54	55	56	60	
668	25	41	42	43	43	44	45	46	47	48	48	49	50	51	52	56	57	59	62	
669	25	30	35	36	39	41	42	43	44	45	46	46	47	48	49	50	
670	41	44	49	
671	5	8	10	11	14	
672	6	8	9	10	11	12	13	14	15	16	80	81	83	84	85	88	94	99	
673	8	15	16	16	17	18	18	19	20	85	93	
674	17	22	
685	53	57	
686	35	49	50	51	51	52	53	53	54	55	55	59	
687	42	43	44	45	46	47	49	49	50	51	55	57	59	61	66	
688	26	31	39	42	44	45	46	47	48	50	53	60	
689	14	16	25	40	42	43	45	46	49	68	70	
690	6	14	20	23	24	25	26	41	45	46	48	50	51	52	53	54	55	57	59	61	63	
691	20	21	22	24	25	27	41	42	43	44	45	46	47	48	49	50	51	59	61	70	
692	21	22	24	25	26	29	41	42	43	44	47	48	49	52	54	60	63	
693	20	24	40	42	44	45	46	47	49	52	57	60	63	
694	20	22	23	25	38	38	42	43	44	46	47	49	54	60	74	
695	9	18	19	20	22	23	25	26	41	43	44	46	64	
696	5	9	11	13	14	19	21	24	25	26	29	
697	7	12	14	15	17	19	20	21	22	23	24	25	
698	22	
701	51	52	53	53	55	57	
702	35	48	50	51	52	53	54	55	56	58	60	
703	38	41	42	45	46	47	48	49	49	50	51	52	54	60	
704	32	41	43	44	44	45	46	46	48	
705	4	9	38	44	46	
706	4	7	8	9	10	11	12	13	14	14	15	16	18	26	80	
707	11	12	15	16	16	17	18	19	20	21	25	26	69	82	84	
708	17	21	23	
720	52	54	55	
721	45	50	62	
722	48	50	60	
723	25	44	
724	23	24	52	54	
725	24	48	50	54	
726	44	45	50	53	65	
727	25	29	45	52	64	
728	1	2	15	25	44	50	64	
729	23	24	44	64	
730	4	15	25	
731	23	25	
736	51	52	52	54	55	58	
737	47	49	50	51	52	53	54	55	56	61	
738	29	42	44	45	46	47	48	49	50	61	
739	8	29	39	43	44	65	
740	3	5	6	10	11	14	15	20	23	43	72	
741	12	15	18	20	21	22	24	
742	22	
770	53	
771	51	52	54	
772	45	49	
773	45	63	
774	12	23	25	
1157	90	
1175	40	
1177	99	
1182	4	
1205	5	36	
1206	46	
1207	37	59	
1209	51	
1210	47	
1218	3	
1230	42	
1237	37	
1238	16	16	24	26	
1239	16	38	43	48	
1240	16	17	20	27	37	39	41	46	57	59	72	79	
1241	17	19	22	27	30	41	42	44	47	49	61	72	
1242	17	20	23	23	35	37	40	42	46	53	58	61	
1243	18	20	26	40	42	44	47	48	
1244	23	38	46	50	69	
1245	42	
1246	49	67	
1250	14	
1251	69	
1260	103	
1264	54	
1267	31	
1271	19	37	42	44	
1272	12	16	18	20	26	38	40	
1273	12	14	17	19	20	23	34	41	43	45	47	50	
1274	16	17	19	20	21	27	41	42	44	46	50	62	69	
1275	17	18	19	20	22	23	23	25	40	42	44	45	47	48	53	54	57	59	63	
1276	21	22	24	25	27	37	40	42	43	43	45	46	47	48	49	51	56	60	72	
1277	22	24	26	37	40	42	43	44	45	46	46	47	49	50	53	57	58	
1278	23	24	27	38	41	44	46	48	50	52	54	
1279	44	48	
1280	47	
1285	100	
1286	66	
1287	85	
1298	54	
1301	79	
1302	28	
1303	17	42	47	
1304	16	39	
1305	8	10	12	13	15	16	18	19	21	23	41	
1306	9	12	13	15	16	17	18	20	21	23	26	44	65	69	
1307	11	14	15	17	19	20	22	25	44	52	
1308	20	21	23	24	25	52	
1309	24	45	52	93	
1310	23	24	50	51	52	54	56	
1311	24	33	43	47	47	48	48	49	50	51	52	53	55	56	57	58	60	64	
1312	38	40	42	43	44	44	45	46	47	47	48	49	50	51	53	60	
1313	39	44	47	49	
1318	7	
1336	26	
1337	11	14	17	18	20	41	
1338	8	12	14	16	17	18	19	21	25	39	42	44	
1339	10	12	14	17	19	20	22	24	27	69	
1340	8	10	13	15	18	20	21	24	27	
1341	23	24	90	92	95	
1342	87	90	91	92	94	97	
1343	86	87	88	89	90	91	92	94	96	
1344	86	87	89	91	95	
1345	17	35	48	50	50	51	52	53	55	57	59	61	
1346	34	42	43	44	44	45	46	47	48	49	49	50	51	54	59	
1347	39	42	44	45	46	47	49	
1348	43	64	
1362	36	
1367	46	
1370	8	10	12	13	15	18	18	28	
1371	10	12	14	15	16	19	20	25	26	
1372	11	13	13	13	15	16	17	18	19	20	21	22	23	25	44	56	71	
1373	20	22	24	48	50	
1374	22	25	44	
1375	7	83	85	87	88	90	91	95	99	
1376	80	81	82	84	85	86	88	89	90	92	95	
1377	7	10	15	79	80	81	81	83	83	84	85	86	89	92	95	
1378	7	9	11	12	14	15	16	19	80	81	82	83	84	85	87	88	90	92	93	98	
1379	12	16	17	18	19	51	52	52	55	55	57	61	82	86	89	92	96	
1380	35	43	45	48	49	50	50	51	52	53	55	56	59	62	
1381	38	38	41	42	44	45	46	47	48	49	50	51	54	58	
1382	43	45	46	49	53	65	
1383	44	59	64	
1396	102	
1402	19	42	
1403	11	16	20	40	
1404	7	9	11	13	13	14	16	17	19	21	28	69	
1405	8	11	12	12	14	15	15	16	17	18	19	20	21	24	69	
1406	13	17	21	22	24	25	26	52	56	
1407	47	49	50	51	52	53	55	56	93	
1408	49	83	86	87	89	90	91	94	96	
1409	80	83	84	86	88	90	95	
1410	79	81	83	90	
1411	8	10	15	78	80	82	88	
1412	7	9	10	11	12	14	79	81	83	84	88	89	
1413	8	12	13	15	16	18	19	53	55	57	80	82	83	84	85	87	89	92	96	100	
1414	16	17	18	20	22	35	50	51	52	53	54	54	55	56	59	62	
1415	40	42	44	45	46	47	48	48	49	50	51	52	54	58	
1416	39	43	43	45	46	49	
1417	44	48	
1427	73	
1430	74	
1433	36	
1435	13	16	
1436	9	15	16	18	
1437	10	13	15	16	18	20	23	
1438	10	12	13	14	15	16	17	18	19	21	23	23	25	
1439	12	13	15	17	19	20	21	24	25	26	
1440	23	50	52	53	53	54	59	93	
1441	48	49	51	54	82	87	88	89	90	91	93	95	98	
1442	81	82	84	85	87	88	90	92	94	
1443	79	83	85	88	
1444	83	84	88	
1445	82	88	
1446	5	7	8	10	12	13	15	18	82	
1447	7	8	10	11	12	13	14	15	17	20	80	81	85	
1448	16	17	18	19	20	22	37	51	52	54	55	55	56	58	59	82	86	89	
1449	42	45	46	46	47	48	49	49	50	51	53	53	55	62	
1450	41	43	45	47	49	
1451	64	
1452	51	
1470	6	9	11	13	14	16	
1471	10	11	12	13	14	15	16	16	18	18	20	21	24	
1472	13	15	17	19	20	21	22	23	25	57	
1473	22	49	51	52	54	55	
1474	48	48	50	52	53	55	59	86	87	88	89	90	91	93	95	98	
1475	54	80	81	82	84	85	86	89	90	92	96	
1476	53	79	81	84	85	87	90	
1477	83	
1479	15	
1480	9	11	13	15	
1481	5	7	9	11	12	13	14	15	16	19	82	84	
1482	15	16	17	18	19	20	21	23	24	51	52	53	54	55	56	58	60	82	
1483	18	40	42	45	46	47	49	49	50	51	52	54	55	
1484	42	44	45	46	48	50	62	
1486	30	
1488	32	
1495	70	
1503	13	16	
1504	6	8	8	10	11	12	14	15	
1505	6	11	12	13	14	15	16	16	18	18	19	20	22	25	56	
1506	18	19	21	22	25	41	47	50	51	53	54	55	59	
1507	12	45	47	48	49	50	52	55	93	
1508	51	54	80	82	83	85	86	89	91	96	
1509	63	79	80	82	84	85	88	
1510	55	80	83	91	
1511	82	97	
1513	11	
1514	5	10	15	24	
1515	6	8	9	10	12	13	13	14	15	16	17	19	20	23	53	101	
1516	8	12	14	15	16	17	18	19	20	21	24	51	52	52	54	55	56	57	82	
1517	18	22	37	40	42	45	46	47	48	49	49	50	51	52	53	54	57	60	
1518	6	43	45	46	49	50	54	
1519	43	55	
1522	3	
1536	8	18	
1537	8	12	
1538	6	9	10	11	13	14	15	16	18	23	49	
1539	2	7	11	12	13	14	15	16	17	18	19	21	24	51	52	54	56	57	58	
1540	16	17	21	23	25	40	43	46	47	49	49	50	51	52	53	55	56	61	
1541	41	45	46	49	54	93	
1542	46	51	79	83	85	88	
1543	81	87	
1544	81	
1547	15	29	
1548	10	14	16	18	
1549	3	8	8	10	11	12	13	14	15	16	17	18	20	22	26	
1550	1	12	13	15	16	16	17	19	20	21	23	24	52	53	55	55	56	57	60	
1551	18	22	42	46	47	48	49	49	50	51	53	55	
1552	43	45	47	48	49	50	53	54	56	92	93	
1553	44	
1570	8	14	
1571	10	18	
1572	4	7	9	10	11	13	13	14	15	16	19	22	26	
1573	7	11	12	15	15	16	17	18	19	20	21	22	25	51	52	52	55	56	61	68	
1574	18	21	23	40	42	45	46	47	48	48	49	49	50	51	52	53	59	
1575	43	44	47	49	52	88	89	92	
1576	51	80	
1577	94	
1579	15	
1581	9	19	26	
1582	5	8	10	14	68	
1583	5	6	9	12	13	13	14	15	16	18	19	20	
1584	8	13	16	17	19	20	21	22	25	51	52	53	54	55	57	
1585	22	46	47	49	50	51	53	54	55	
1586	45	47	49	86	88	89	90	92	93	96	
1587	54	90	
1589	33	
1595	78	78	
1600	19	
1602	18	
1604	8	
1605	6	8	10	12	13	14	15	16	22	66	
1606	5	6	10	11	12	14	15	15	16	17	18	18	20	56	
1607	12	17	20	21	22	25	47	51	51	52	53	53	54	54	55	57	59	
1608	23	45	46	48	48	49	49	50	52	55	60	
1609	45	48	49	51	83	87	89	90	92	94	98	
1610	45	46	90	93	
1615	7	12	15	17	22	
1616	8	9	11	12	13	14	15	16	17	19	26	
1617	3	8	11	12	13	14	15	15	16	17	18	19	20	22	24	28	53	56	57	69	
1618	3	17	18	20	21	22	25	28	41	46	47	48	50	51	52	53	54	55	59	
1619	41	44	47	49	50	52	55	88	
1620	50	80	82	83	85	89	92	
1621	84	91	
1625	58	
1629	78	79	
1637	39	
1638	8	14	
1639	6	8	10	11	12	13	14	18	
1640	7	11	12	14	15	16	17	19	20	23	24	56	58	
1641	17	18	20	22	25	37	43	46	47	50	50	51	52	53	54	55	56	58	
1642	41	44	46	48	49	51	53	54	56	
1643	44	49	79	81	84	87	88	91	
1644	46	49	
1646	19	38	39	72	73	
1647	46	
1648	14	16	19	41	
1649	10	13	14	16	19	22	24	39	66	
1650	5	6	8	8	10	12	13	15	16	17	18	20	21	28	
1651	12	15	17	19	19	20	21	23	24	51	52	53	55	56	57	60	70	
1652	21	22	37	41	46	47	48	49	50	51	51	53	54	57	60	
1653	33	38	41	43	45	47	48	49	51	94	98	
1654	28	34	36	42	45	48	55	79	84	
1655	42	46	49	57	83	
1656	57	
1659	65	
1661	59	
1670	30	
1672	10	25	
1673	7	9	10	11	12	13	14	15	16	19	
1674	6	8	11	12	13	14	15	15	16	17	18	18	19	20	21	23	23	52	52	54	55	56	58	
1675	18	20	21	41	43	47	48	49	50	51	52	53	54	55	60	
1676	32	34	39	41	44	45	46	46	48	48	49	51	59	
1677	38	41	43	45	46	47	56	78	
1678	37	40	68	72	
1679	26	38	41	43	47	
1680	18	22	74	75	
1681	7	13	17	19	39	43	72	
1682	9	13	17	19	20	22	25	28	40	42	
1683	5	9	11	14	16	17	19	20	22	25	39	72	
1684	7	10	11	13	15	16	17	18	19	20	22	25	
1685	18	19	21	22	23	24	26	51	52	53	54	55	57	60	
1686	11	23	36	40	42	46	47	48	49	50	51	52	54	56	61	
1687	36	39	42	43	44	45	46	47	48	50	55	60	
1688	28	40	42	43	45	46	48	49	51	55	58	
1689	27	39	41	44	46	47	50	57	63	
1690	22	26	41	43	47	
1691	39	
1692	42	
1700	99	
1706	10	15	17	
1707	5	7	9	10	11	12	14	14	16	17	18	20	27	69	
1708	7	11	12	13	15	15	16	17	17	18	19	20	21	52	52	55	
1709	17	18	20	21	23	35	50	51	52	53	53	54	55	57	58	61	
1710	37	41	42	44	45	46	47	48	49	50	51	53	55	59	
1711	32	34	36	40	42	43	44	46	48	49	51	60	
1712	25	26	36	38	41	42	43	45	46	47	50	59	
1713	21	36	39	41	44	47	49	60	64	
1714	18	20	23	24	26	39	41	43	45	47	
1715	7	10	14	17	19	21	24	27	38	42	44	46	63	68	
1716	5	9	12	13	15	17	18	20	22	24	26	42	45	66	
1717	11	14	17	19	20	22	25	28	44	
1718	22	24	
1719	23	51	53	54	55	58	61	
1720	45	47	48	48	49	50	52	54	61	
1721	43	45	47	49	51	51	53	55	59	63	
1722	35	42	45	46	47	49	50	52	55	56	59	61	
1723	24	35	36	40	42	44	45	46	46	47	48	48	49	50	52	54	57	59	
1724	26	39	41	43	44	45	46	47	48	49	52	65	
1725	41	45	46	49	
1726	55	
1728	56	
1739	18	
1740	8	8	10	12	14	24	
1741	5	6	9	10	12	13	14	14	15	17	19	24	
1742	13	15	16	17	18	19	20	21	22	24	41	42	
1743	21	23	51	52	54	55	62	
1744	48	50	51	52	54	60	
1745	44	45	47	49	50	59	64	
1746	43	43	45	48	48	51	54	59	62	64	
1747	22	24	25	42	44	45	47	50	60	
1748	13	22	24	44	45	63	65	
1749	14	20	22	24	43	
1750	13	15	22	24	45	
1751	23	25	
1752	92	
1753	88	92	93	
1754	54	91	92	
1755	55	87	92	93	
1756	51	52	53	55	57	92	93	
1757	25	47	48	49	50	51	52	53	54	57	58	59	61	
1758	35	37	40	42	43	44	45	46	47	48	48	49	52	53	54	58	61	73	
1759	15	41	42	44	45	46	47	49	51	
1760	38	
1761	47	
1771	4	
1772	24	
1773	11	15	
1774	8	10	15	
1775	6	9	10	11	13	13	14	15	16	21	82	97	
1776	11	12	14	15	16	16	17	19	19	20	22	
1777	18	21	
1779	91	
1780	55	
1781	25	73	
1785	88	91	93	95	
1786	86	87	88	89	89	90	91	93	94	97	
1787	81	82	85	86	87	89	89	90	91	95	97	
1788	82	86	87	88	89	89	90	91	93	94	95	
1789	9	13	82	83	85	85	86	87	88	89	90	91	93	94	96	99	
1790	82	82	83	85	86	87	88	89	90	91	92	94	95	98	98	
1791	19	52	54	55	56	57	82	83	85	86	87	90	91	92	93	96	
1792	43	45	47	48	49	50	51	53	53	54	55	56	58	59	61	88	90	91	93	
1793	38	41	42	44	45	46	47	48	49	49	53	61	
1794	40	43	44	47	49	
1795	56	
1805	101	
1806	93	
1807	25	
1808	2	4	10	13	
1809	6	9	10	11	12	14	15	19	97	
1810	3	7	12	13	14	15	17	19	20	81	84	91	
1811	18	22	87	88	90	91	92	93	96	
1812	87	90	91	92	94	95	
1813	82	86	87	88	89	90	91	92	93	94	97	
1814	85	86	87	88	89	90	92	94	96	
1815	87	90	91	92	96	
1816	57	86	88	91	92	97	
1817	52	57	86	87	88	90	91	92	96	
1818	54	86	88	90	91	93	95	
1819	82	83	85	86	87	88	89	90	91	94	96	99	
1820	80	81	82	84	85	87	89	91	93	
1821	79	80	80	81	82	83	83	84	85	88	90	93	
1822	80	81	83	83	84	85	87	89	90	96	100	
1823	8	79	80	80	81	82	83	84	85	87	89	92	
1824	9	11	13	79	80	80	81	83	84	84	85	88	89	
1825	6	10	11	13	15	18	80	81	81	82	84	84	85	87	88	90	94	98	99	
1826	7	16	51	52	55	56	57	61	81	82	86	87	89	90	92	96	98	
1827	17	18	20	35	42	47	49	50	51	51	53	55	59	62	91	
1828	42	43	44	45	46	48	49	50	52	54	
1829	45	63	
1830	53	58	
1838	89	
1839	27	
1842	4	10	
1843	4	6	6	9	11	13	14	24	84	
1844	8	11	13	15	81	83	85	88	92	95	99	
1845	81	82	83	84	85	85	86	87	89	90	92	95	98	
1846	81	82	82	83	84	85	87	88	89	90	91	93	94	98	
1847	10	14	81	82	83	84	85	87	89	90	91	94	
1848	7	15	80	81	82	83	83	84	85	87	89	90	92	94	96	100	
1849	81	82	84	85	86	88	89	91	95	
1850	81	82	83	84	85	87	88	89	90	92	94	96	
1851	52	55	56	82	83	83	84	85	87	89	90	93	94	96	
1852	49	55	81	82	83	84	85	86	87	88	88	89	90	91	95	99	
1853	79	81	82	84	85	89	92	94	
1854	78	80	81	84	87	89	101	
1855	80	82	88	88	
1856	79	81	84	90	95	
1857	79	81	
1858	8	80	93	
1859	9	12	14	79	80	82	83	86	
1860	7	9	11	12	14	15	17	18	52	53	56	58	79	80	81	82	83	84	85	87	89	91	96	100	
1861	13	15	16	18	20	35	50	51	52	53	54	55	81	82	85	86	90	91	95	
1862	44	45	49	50	52	88	91	93	96	
1863	48	
1874	41	
1875	13	
1877	9	14	97	
1878	1	80	81	84	86	88	
1879	79	80	81	83	83	85	86	88	90	
1880	79	80	81	83	84	86	88	
1881	3	78	79	82	84	86	89	94	
1882	79	80	82	84	87	88	91	
1883	78	79	80	81	83	85	86	88	91	93	
1884	78	80	81	82	84	85	87	90	
1885	79	80	81	83	84	85	87	88	
1886	79	80	80	81	84	85	88	90	94	
1887	80	83	83	85	
1888	93	
1890	89	
1893	11	97	
1894	5	7	10	11	13	14	53	81	86	90	97	
1895	8	50	52	54	55	61	80	82	84	86	88	91	94	98	98	
1896	51	81	82	85	85	87	88	89	90	91	92	94	97	
1897	82	86	91	97	
1900	64	96	
1903	96	
1905	79	
1910	5	
1913	81	87	
1914	79	83	83	95	
1915	80	91	
1917	84	
1918	82	86	94	
1920	81	85	
1923	52	
1926	93	
1928	12	85	
1929	55	81	83	87	88	
1930	79	80	81	83	85	89	
1931	80	84	91	
1939	97	
1946	83	
1947	23	
1948	97	
1950	85	
1951	85	
1953	86	
1955	95	95	
1963	84	
1964	79	84	
1965	85	
1980	53	
1981	89	
1998	100	
2007	71	
2024	46	
2031	38	
2065	57	
2100	57	
2110	47	
2143	18	
2180	94	
2181	11	
2217	11	
