79	43	
80	52	
90	92	
91	88	91	92	94	97	
92	16	
112	40	
121	56	
122	51	
123	49	87	97	
124	85	87	88	88	90	91	94	97	100	
125	8	10	12	13	78	81	82	84	85	86	87	89	90	91	95	97	
126	16	17	18	18	20	82	87	
155	52	53	56	57	
156	43	46	47	49	51	52	55	56	59	
157	41	44	46	47	48	48	50	85	
158	9	80	82	83	85	89	94	
159	7	8	10	11	12	14	14	16	79	80	81	83	85	87	89	92	95	
160	3	12	13	16	17	18	18	20	21	24	27	82	86	88	90	95	
161	17	20	
189	52	53	56	58	
190	34	47	49	50	51	52	52	54	55	57	59	
191	40	42	45	46	47	48	48	49	50	
192	9	31	40	43	45	49	79	
193	4	7	9	10	11	12	13	14	79	84	
194	7	11	12	15	16	20	81	82	85	87	89	91	93	97	99	
195	16	17	17	19	20	
219	92	
220	1	
223	53	
224	51	52	53	54	54	55	55	56	57	58	58	60	
225	34	41	42	44	45	47	47	48	49	50	51	51	52	54	55	56	59	
226	41	43	44	45	46	46	47	49	50	
227	5	9	10	14	15	43	70	
228	3	6	7	10	11	12	13	13	14	15	80	82	84	87	89	94	
229	13	15	16	17	17	18	19	20	22	23	85	90	100	
230	17	
246	92	
253	13	87	89	90	92	95	
254	83	87	88	89	91	92	94	95	97	
255	16	87	92	96	
258	52	54	55	56	57	62	
259	35	38	50	50	51	52	53	53	54	55	56	57	58	60	
260	38	42	43	44	45	46	47	47	48	49	49	50	
261	5	8	11	32	43	44	45	46	48	49	
262	4	7	9	10	11	12	14	14	15	80	85	
263	8	12	13	14	15	16	17	17	19	20	23	24	81	83	87	89	98	
264	18	21	
279	9	
280	12	82	87	90	91	93	95	
281	17	18	87	90	97	
284	57	
285	50	52	54	56	
286	46	48	50	92	95	
287	81	83	84	86	88	88	90	93	94	99	
288	8	8	10	15	80	82	84	85	86	87	89	91	93	95	97	101	
289	11	13	14	16	17	18	81	84	86	87	89	91	96	
290	17	18	26	
292	57	
293	51	51	52	53	54	55	56	57	60	
294	43	45	46	47	48	49	50	50	51	53	54	59	62	
295	4	42	44	45	46	47	48	49	75	
296	5	6	9	10	12	13	14	
297	7	11	12	14	15	17	19	24	82	85	91	102	
298	16	17	18	19	20	22	24	28	
311	53	58	
312	46	48	50	
313	44	87	89	92	94	
314	6	10	12	14	80	82	83	84	85	86	88	88	90	92	95	98	
315	11	12	14	15	16	16	18	81	82	83	85	87	88	91	93	
316	17	19	
318	52	55	56	60	
319	46	48	49	50	51	51	53	53	54	56	58	
320	45	46	47	49	50	81	86	88	91	96	
321	8	80	82	85	87	90	98	
322	9	10	12	14	79	80	82	83	84	86	88	95	
323	8	10	11	12	13	15	16	18	18	19	78	80	82	83	86	89	
324	16	17	17	20	21	
327	51	52	55	56	57	60	
328	46	47	49	50	51	52	53	54	56	59	
329	43	45	46	48	49	
330	6	9	10	13	
331	3	7	9	10	11	12	13	15	15	19	83	88	89	
332	16	17	18	18	19	20	23	26	
344	56	58	
345	51	53	54	55	56	
346	41	46	47	48	49	50	51	54	
347	45	48	81	84	86	90	92	94	99	
348	6	9	11	14	15	79	81	85	90	
349	8	12	13	14	15	16	17	17	19	19	21	78	79	85	
350	18	20	21	23	
352	52	54	55	56	59	
353	42	46	47	48	48	49	50	51	52	53	53	54	55	59	
354	44	46	49	50	85	89	96	
355	8	43	82	85	90	94	100	
356	5	9	10	11	14	15	18	79	84	103	
357	8	11	12	13	14	14	15	15	16	17	18	19	20	23	26	80	
358	13	16	17	18	19	19	20	22	
359	23	
361	53	55	56	58	
362	47	48	51	52	52	54	55	56	60	
363	42	44	45	46	47	48	49	49	53	
364	9	13	44	
365	6	8	10	11	12	12	13	14	15	16	83	87	92	98	99	
366	13	16	16	17	18	19	20	21	22	27	89	
367	18	23	
378	52	57	
379	48	50	51	51	52	54	55	56	59	
380	42	45	46	47	48	49	49	50	54	
381	45	84	87	89	93	97	
382	7	8	10	11	12	13	14	15	81	84	89	
383	2	12	15	15	16	17	17	18	19	20	23	25	
384	17	20	22	
385	57	
386	51	52	53	54	55	56	58	58	
387	42	46	47	49	50	50	51	52	54	55	56	
388	44	45	46	48	49	50	92	96	
389	9	44	86	
390	4	7	8	10	11	12	13	14	15	16	18	83	
391	10	11	12	14	14	15	16	16	17	17	18	19	20	21	24	69	
392	15	18	20	21	22	23	24	
395	52	53	56	57	
396	47	50	51	52	54	55	56	57	60	
397	44	46	47	48	48	49	50	51	53	
398	10	43	45	92	
399	7	8	9	11	11	12	13	13	14	14	15	16	
400	12	16	17	17	18	18	19	20	21	24	
401	18	22	
412	55	56	58	
413	47	48	51	51	52	53	53	54	55	55	56	60	
414	42	44	45	46	47	49	49	50	97	
415	9	44	49	82	83	87	91	
416	5	6	8	9	10	11	12	13	14	15	15	16	
417	8	11	12	15	15	16	16	17	18	18	19	21	22	25	
418	17	21	22	
419	56	
420	51	52	53	54	55	56	57	58	
421	46	47	48	49	49	50	51	51	53	54	54	55	60	
422	44	45	46	47	49	50	90	
423	8	14	44	95	
424	4	7	10	11	12	12	13	14	14	15	16	18	
425	12	14	15	16	17	18	19	20	20	21	23	25	26	
426	18	21	22	
429	57	59	
430	43	47	49	50	51	52	52	53	54	55	56	60	
431	45	47	48	49	50	51	54	87	
432	9	44	87	91	97	
433	6	8	9	10	11	12	13	14	14	15	16	18	23	83	83	
434	16	16	17	17	19	20	20	22	23	25	
435	21	
446	52	53	57	
447	47	48	50	51	51	52	53	54	54	55	56	59	
448	45	46	47	48	49	50	50	54	88	93	95	
449	8	44	86	91	96	
450	3	7	9	10	11	12	13	13	14	15	16	67	84	
451	12	15	16	17	18	18	19	20	21	25	
452	21	23	
453	57	
454	51	51	52	53	54	55	56	59	
455	46	47	48	49	50	51	52	54	55	56	58	93	96	
456	44	47	48	49	87	90	92	94	97	
457	9	92	97	
458	5	6	8	9	10	11	12	13	13	14	15	15	16	18	19	21	
459	12	15	16	17	17	19	19	20	21	23	24	26	
460	22	
463	52	53	54	55	56	57	61	
464	48	50	51	51	52	53	54	56	60	
465	44	45	47	49	50	53	85	91	94	98	
466	8	10	44	86	90	95	
467	4	7	9	10	11	12	13	13	14	14	15	16	17	18	19	
468	12	16	17	18	19	19	20	21	22	23	25	27	
469	21	
479	58	
480	51	53	54	55	56	58	
481	46	47	50	51	52	53	54	55	55	
482	42	43	45	46	47	48	49	50	53	81	85	
483	9	10	85	91	
484	5	6	8	10	11	11	12	13	14	14	15	15	16	18	
485	13	15	16	17	17	18	19	20	21	22	23	25	
486	22	58	
487	52	53	57	
488	48	50	51	52	53	54	55	56	
489	48	49	50	51	53	54	82	85	87	89	91	96	
490	50	82	84	86	87	89	90	92	94	
491	8	10	14	89	
492	4	6	7	11	12	12	14	14	15	19	24	
493	13	16	17	18	20	21	22	23	92	
494	18	91	98	
497	52	53	53	54	55	56	57	61	
498	48	50	50	51	52	53	54	60	88	90	92	97	
499	45	49	82	85	86	88	88	90	92	94	96	
500	6	8	10	11	12	14	16	66	80	84	90	95	
501	6	10	11	12	13	14	15	16	17	17	18	19	20	20	24	27	
502	15	17	20	21	21	22	24	
503	22	
513	57	
514	51	52	52	54	55	56	57	60	
515	47	48	49	50	51	51	52	53	54	61	
516	44	45	46	49	50	53	87	91	95	
517	9	44	84	90	
518	4	7	8	11	11	12	13	13	14	15	15	16	16	18	19	24	
519	15	17	18	19	20	21	22	24	
520	22	57	
521	50	51	52	54	55	56	58	
522	47	49	50	50	51	53	54	88	91	98	
523	48	50	82	85	87	89	91	93	
524	41	81	82	84	85	87	88	99	
525	8	11	13	17	30	40	46	48	69	
526	6	8	10	12	14	15	
527	11	13	14	21	80	82	84	86	87	88	89	91	94	96	99	
528	8	10	12	15	16	80	81	85	86	87	89	90	91	93	96	
529	82	87	88	90	92	93	96	
530	88	91	93	98	
531	51	52	53	55	55	83	86	87	88	88	90	91	93	94	96	98	
532	51	54	59	81	83	85	86	87	89	91	92	94	96	100	
533	13	40	82	84	85	86	89	92	96	
534	6	8	9	10	11	12	13	14	15	16	17	18	68	
535	12	13	15	15	16	17	18	18	19	19	20	21	22	23	24	27	
536	21	22	24	
547	57	
548	36	51	52	53	54	55	56	57	
549	45	46	46	47	49	49	50	51	53	54	55	62	
550	43	45	48	76	85	90	93	
551	6	9	10	12	13	67	86	89	
552	5	6	8	10	11	12	12	14	15	16	16	17	18	19	
553	17	17	18	19	20	21	23	24	
554	22	53	55	56	60	
555	50	51	52	52	54	55	57	61	88	90	91	96	
556	49	51	53	55	86	87	90	91	92	94	96	
557	32	41	45	48	81	82	84	86	88	90	94	99	
558	7	13	14	16	18	35	37	40	52	56	58	59	62	64	67	70	82	
559	17	18	19	20	20	24	26	30	41	42	44	45	46	47	48	48	49	50	
560	23	39	43	46	49	69	
561	9	11	15	26	80	81	83	83	85	89	
562	7	11	13	14	78	80	81	82	84	85	86	88	90	93	97	99	
563	81	82	84	85	86	87	88	88	89	91	93	94	96	99	
564	53	81	82	84	85	86	87	89	91	92	95	98	102	
565	80	81	82	84	85	86	87	89	90	92	95	
566	40	67	79	81	82	83	84	85	86	88	90	94	
567	8	9	10	11	13	14	15	16	16	17	18	19	20	41	68	79	81	84	86	88	
568	3	9	11	12	13	14	15	16	17	19	19	20	21	23	24	72	
569	18	20	21	21	22	24	
570	23	23	
581	53	55	56	58	
582	48	51	52	52	54	54	55	56	56	59	
583	41	44	46	47	47	49	49	50	51	53	54	
584	43	45	48	86	88	93	
585	7	9	10	11	12	13	14	15	98	
586	7	11	12	14	15	16	17	19	20	23	25	
587	22	52	92	
588	52	54	87	88	91	92	95	98	
589	50	51	53	55	81	82	84	86	87	89	90	91	93	93	95	97	101	
590	79	80	82	83	83	85	86	87	88	89	91	94	96	
591	9	11	12	14	16	16	18	19	43	68	79	82	84	
592	6	11	12	13	15	15	17	17	19	19	20	21	52	55	56	57	58	59	62	73	
593	20	21	22	23	24	33	41	43	44	45	47	48	49	50	50	51	52	53	53	54	56	57	58	60	
594	22	29	39	41	43	44	44	45	46	47	47	48	48	49	50	51	66	68	
595	28	38	41	43	45	46	47	68	69	79	
596	12	39	47	72	79	80	84	88	
597	21	69	78	80	81	82	83	85	
598	34	37	41	48	62	80	81	82	83	84	85	87	88	
599	16	17	18	20	41	67	79	80	81	82	84	85	89	
600	7	10	11	12	13	14	16	17	18	19	20	26	40	43	66	70	79	80	88	
601	8	9	11	12	14	15	16	17	19	19	20	21	21	24	70	79	
602	18	20	21	22	23	24	25	
603	22	23	25	
608	6	6	
615	56	57	
616	50	51	52	52	53	54	55	56	58	
617	41	42	44	45	46	46	47	47	48	49	49	50	51	53	54	
618	40	43	44	45	46	48	49	66	94	
619	5	7	9	11	13	15	
620	12	15	91	96	
621	53	55	57	82	83	84	86	87	88	88	89	91	93	93	96	98	
622	51	55	78	81	82	83	84	85	86	87	88	89	90	91	94	96	
623	68	80	82	83	85	85	86	87	88	89	95	
624	9	11	12	14	16	18	68	79	80	82	84	
625	7	10	11	12	13	14	15	16	17	18	18	19	20	39	
626	13	17	18	19	20	21	21	22	24	25	55	
627	21	22	23	25	51	52	54	55	56	58	59	
628	33	42	44	45	47	48	49	50	51	53	53	55	56	60	
629	23	31	35	42	44	45	45	46	47	49	50	51	53	55	56	57	58	61	63	66	73	
630	23	25	30	35	40	42	43	44	45	46	47	48	48	49	50	59	68	70	
631	19	21	25	34	37	41	42	43	44	45	46	47	59	66	68	72	78	
632	11	15	19	20	20	21	23	27	42	43	43	44	46	48	50	59	64	67	70	79	83	
633	11	13	14	17	18	19	20	21	22	23	24	27	40	44	48	64	69	78	
634	7	9	11	12	15	17	19	20	21	22	24	25	26	44	69	
635	15	21	23	23	24	25	
636	22	25	
649	57	
650	50	51	52	53	53	54	55	55	56	56	58	58	60	
651	43	45	46	47	47	48	48	49	50	51	51	52	54	56	
652	30	33	40	42	44	45	46	46	47	48	48	49	
653	5	9	41	43	46	69	
654	46	71	79	81	84	88	94	
655	40	80	81	82	83	84	85	87	89	
656	17	19	20	20	21	39	42	46	66	78	79	80	81	82	84	84	85	86	89	99	
657	10	11	14	16	17	18	19	20	42	44	67	78	80	81	83	85	88	
658	5	8	8	10	12	13	14	15	16	17	18	19	20	21	25	28	70	80	
659	13	15	17	19	20	21	22	23	24	25	70	74	
660	20	22	23	25	
661	55	
662	54	55	
663	45	50	53	53	55	56	
664	25	35	45	49	55	61	64	
665	25	48	54	62	
666	21	23	24	44	
667	21	23	23	25	63	
668	24	
669	24	
684	53	54	55	57	60	
685	34	37	47	49	50	51	52	52	54	54	55	56	58	58	60	
686	35	42	45	47	48	49	50	51	52	53	54	56	57	75	
687	26	33	34	38	39	42	43	44	45	46	47	47	48	49	50	51	61	67	71	
688	18	22	24	36	41	43	43	44	46	47	48	50	62	66	67	72	
689	9	14	19	20	22	27	28	41	43	44	46	48	63	66	70	78	79	
690	10	12	14	15	18	19	19	20	21	35	41	69	79	
691	7	11	13	14	15	17	19	19	20	21	22	24	25	27	45	64	68	
692	4	7	12	15	17	20	21	22	23	23	24	25	
693	22	24	
719	54	55	57	63	
720	50	53	53	54	55	60	
721	32	44	49	52	54	55	58	58	63	65	
722	24	25	29	45	48	
723	22	23	24	44	64	69	
724	15	21	22	23	24	64	68	
725	21	23	23	25	
726	24	
1165	28	
1177	9	
1182	61	71	
1186	68	
1202	18	48	
1203	11	
1213	48	
1237	54	
1243	18	
1244	19	
1245	35	41	
1246	16	18	20	27	42	46	47	
1247	23	23	40	44	46	49	70	
1248	45	76	
1250	60	
1257	77	81	
1268	43	
1278	10	
1279	12	15	16	17	19	34	57	
1280	16	17	18	20	22	24	26	40	43	50	52	55	58	62	63	66	72	
1281	24	41	44	45	46	48	49	50	
1282	44	46	
1287	67	
1288	1	68	
1296	2	
1311	29	
1312	6	9	11	13	13	15	
1313	7	11	12	14	15	17	19	23	24	26	53	56	57	
1314	13	15	16	17	18	18	20	21	24	27	43	47	48	51	51	52	53	54	55	56	59	
1315	18	25	33	40	42	44	44	45	46	48	48	49	51	54	56	59	
1316	39	44	46	49	50	66	
1319	67	
1323	1	
1340	30	
1343	12	
1345	18	
1346	10	13	
1347	7	8	10	11	12	13	14	15	17	58	
1348	12	16	17	19	20	22	26	33	48	51	51	52	54	54	56	57	59	62	
1349	18	20	22	40	42	45	46	47	48	49	49	50	51	54	56	58	
1350	42	43	44	45	46	47	48	49	69	
1351	54	
1359	2	
1364	86	
1368	47	73	
1369	25	
1372	26	
1374	17	27	42	
1375	3	18	41	46	
1376	91	
1379	11	
1380	11	
1381	5	6	8	10	11	12	13	14	17	
1382	7	11	12	12	14	15	16	17	20	52	56	57	81	87	89	92	96	
1383	16	16	18	20	22	35	47	48	50	50	51	52	53	54	55	57	59	61	91	
1384	42	43	44	45	46	47	48	49	50	53	54	57	
1385	44	49	
1388	67	
1389	59	
1398	37	
1400	18	42	
1401	17	40	
1403	49	
1405	20	
1407	11	
1408	12	58	62	
1409	16	17	19	20	24	26	28	39	42	43	47	53	
1410	21	38	43	44	46	47	49	58	69	
1411	42	49	70	
1414	6	31	
1415	9	11	14	
1416	7	9	10	11	13	14	14	18	19	57	80	82	84	88	90	
1417	13	13	15	16	17	20	34	51	52	53	53	54	55	56	58	59	81	83	84	85	87	88	90	96	100	
1418	17	18	41	45	47	48	48	49	50	52	54	57	
1419	39	43	45	46	48	49	52	
1421	65	
1430	36	
1432	19	
1434	22	
1435	16	18	20	34	43	56	59	
1436	17	18	19	22	23	41	45	46	47	48	51	69	
1437	44	46	72	
1438	50	
1440	16	23	
1441	9	15	
1442	10	12	14	15	16	18	18	21	33	55	56	57	63	
1443	16	17	18	18	19	20	22	24	42	45	47	50	52	55	56	57	60	
1444	22	42	44	45	46	47	48	49	50	52	53	56	71	
1445	43	45	46	47	49	50	70	
1446	45	74	
1449	5	15	20	
1450	5	7	9	10	12	14	81	98	
1451	6	7	11	12	13	15	16	19	52	53	53	54	55	56	58	60	79	80	82	84	86	89	95	
1452	16	16	17	19	21	41	48	51	53	54	88	90	
1453	40	43	44	46	49	50	54	
1454	50	
1455	103	
1463	1	
1468	8	11	13	16	18	
1469	12	16	18	19	21	27	35	43	52	56	58	
1470	17	20	21	23	24	28	43	44	46	47	48	49	50	52	54	60	64	
1471	45	46	49	
1472	49	
1474	25	
1475	8	8	10	14	15	
1476	5	10	11	12	13	14	15	16	18	20	25	58	
1477	16	17	19	20	21	23	24	35	51	52	54	55	56	60	
1478	21	22	42	45	46	47	49	49	50	51	52	53	54	58	
1479	44	45	46	48	50	52	54	57	
1480	44	49	
1481	52	
1483	5	31	
1484	4	8	9	13	
1485	7	10	11	13	14	15	17	18	23	23	52	55	57	58	79	83	86	88	
1486	16	17	19	20	42	47	48	49	50	51	53	55	57	60	81	84	
1487	44	45	46	47	49	50	54	
1488	44	48	52	
1498	35	
1501	13	
1502	8	8	10	11	13	14	18	21	56	
1503	11	12	14	15	16	17	18	19	22	27	52	52	55	56	58	68	
1504	17	20	21	23	24	45	46	47	49	50	53	53	55	56	59	
1505	44	47	49	52	96	
1506	46	
1508	20	
1509	7	9	10	12	14	19	
1510	5	7	9	11	12	13	14	15	15	16	17	19	21	24	
1511	13	16	17	18	19	19	21	22	24	34	52	53	54	55	56	57	59	
1512	22	42	47	48	50	50	51	52	53	54	55	59	
1513	44	45	47	49	50	52	54	62	
1518	7	9	11	15	18	
1519	4	6	10	11	13	13	14	15	16	19	21	53	58	
1520	15	17	18	18	20	21	23	35	48	51	52	53	53	54	58	59	62	85	103	
1521	18	42	44	45	46	47	48	49	50	52	54	
1522	44	48	
1535	9	
1536	7	9	10	11	12	13	13	14	15	57	
1537	13	16	17	18	18	19	20	21	48	50	51	52	54	55	56	58	
1538	18	21	22	23	39	45	46	47	49	50	51	54	56	
1539	44	46	83	89	94	
1543	4	6	9	10	13	13	14	16	
1544	3	7	10	11	12	13	14	15	16	17	18	19	23	26	56	
1545	17	19	20	21	23	24	51	52	52	55	55	56	59	
1546	47	48	49	50	51	53	53	54	61	
1547	45	48	50	53	62	88	90	94	
1548	50	
1551	12	18	
1552	9	12	14	18	28	
1553	6	10	11	12	14	14	16	19	21	25	53	56	57	58	
1554	8	13	16	17	20	21	23	25	50	51	52	53	54	54	55	56	57	60	
1555	23	33	42	44	45	46	47	48	49	50	51	52	54	60	
1556	45	48	
1557	48	
1569	9	13	
1570	4	7	8	9	10	11	12	13	14	15	17	19	56	57	
1571	13	15	16	17	17	18	19	20	20	21	25	51	52	53	53	54	55	56	57	59	
1572	18	21	23	41	44	45	46	47	49	50	51	52	54	56	60	
1573	44	47	49	54	
1575	14	24	
1577	8	8	11	12	14	15	19	
1578	2	4	7	11	12	13	14	14	15	16	19	20	21	56	57	
1579	17	18	19	20	21	23	24	34	36	51	52	52	53	54	55	56	59	
1580	45	46	46	48	49	50	51	52	54	
1581	45	47	49	54	62	83	84	86	93	94	
1582	45	86	89	
1586	7	9	11	13	16	23	
1587	3	7	8	10	11	12	14	15	16	17	19	26	57	58	68	69	
1588	12	13	15	16	17	18	18	19	20	22	24	47	48	50	51	51	52	53	54	55	57	59	
1589	13	18	22	45	46	47	48	49	50	53	60	
1590	43	49	
1593	87	
1595	76	76	76	77	
1598	88	
1602	12	20	
1603	9	12	14	
1604	4	7	9	10	11	12	13	14	15	17	18	20	27	56	58	
1605	15	16	17	19	20	21	22	25	47	51	52	53	54	55	62	
1606	18	22	44	45	46	47	48	49	50	51	54	58	59	
1607	45	51	56	91	94	
1608	49	
1610	13	18	
1611	4	8	8	10	11	13	14	15	16	19	22	
1612	3	6	11	12	14	15	15	16	17	18	18	19	20	22	24	55	56	57	
1613	17	20	21	22	23	25	48	49	50	50	51	51	53	53	54	55	57	59	62	
1614	44	45	46	48	48	49	51	53	61	
1615	43	46	80	
1616	45	47	50	
1617	47	
1619	38	81	
1620	8	10	12	13	17	18	21	72	
1621	4	6	9	10	12	12	14	15	16	17	19	21	24	56	57	
1622	16	17	18	20	21	22	23	25	27	34	47	50	50	51	52	54	55	56	58	
1623	44	45	47	48	49	50	52	53	56	59	91	93	97	
1624	45	50	
1626	60	
1629	58	
1635	19	
1636	20	
1637	7	9	11	13	15	18	
1638	5	7	10	11	12	14	15	15	16	19	22	26	53	56	57	
1639	13	16	17	18	19	20	21	22	25	47	48	50	50	51	51	53	53	54	55	58	58	61	
1640	18	23	42	43	44	46	49	50	51	92	
1641	49	87	88	
1642	89	
1644	6	9	12	13	15	28	
1645	4	7	8	10	11	12	14	15	16	17	18	18	19	20	25	
1646	3	13	15	16	17	19	20	21	22	23	24	27	53	56	57	
1647	21	22	23	25	35	37	50	51	51	52	54	54	55	57	60	
1648	38	42	43	44	45	46	46	47	48	49	50	51	53	55	
1649	31	42	44	46	47	49	52	56	61	70	
1650	39	48	69	76	
1651	47	67	
1653	12	15	17	20	39	66	
1654	6	8	10	11	14	15	16	18	19	20	23	57	
1655	7	12	13	15	17	18	19	19	20	22	23	25	53	55	56	58	69	
1656	18	21	22	26	47	48	49	50	51	52	53	54	
1657	45	50	58	86	87	89	91	95	
1658	82	86	91	96	
1670	8	16	
1671	9	11	14	16	18	23	
1672	5	7	10	11	12	13	13	14	15	16	17	18	20	23	26	55	56	57	
1673	17	17	18	21	22	25	43	47	48	50	50	51	51	53	54	55	56	59	
1674	44	45	46	49	49	50	53	53	91	
1675	44	49	61	86	94	
1677	15	16	16	25	
1678	8	9	10	11	12	14	15	16	17	18	19	21	28	69	
1679	6	11	12	14	15	15	16	17	19	20	22	24	
1680	5	18	20	21	22	22	24	55	
1681	50	51	52	53	54	54	55	56	58	58	61	93	97	
1682	32	36	43	45	47	48	49	50	52	53	55	56	57	61	92	
1683	31	41	43	44	45	46	47	49	50	51	53	56	57	60	70	
1684	23	30	37	39	42	44	45	46	46	48	48	49	51	55	68	
1685	25	33	42	44	46	62	67	72	
1686	14	19	24	29	39	45	47	67	
1687	11	15	16	17	18	20	21	25	40	43	
1688	8	9	11	13	13	14	18	19	21	22	24	25	27	44	56	68	
1689	21	22	23	24	27	51	52	55	57	59	69	
1690	22	45	48	50	51	53	55	92	95	97	
1691	50	54	80	82	84	85	87	89	90	93	93	97	
1692	79	87	90	
1701	31	35	
1704	9	18	
1705	6	8	9	10	11	13	14	18	21	
1706	5	6	11	12	14	15	16	17	18	19	20	21	23	23	52	52	54	55	56	57	
1707	21	22	24	46	47	48	49	50	51	51	53	54	56	61	
1708	44	45	48	49	87	90	94	
1709	43	44	47	85	
1710	16	19	43	68	
1711	3	7	9	12	14	16	18	19	22	26	39	68	
1712	4	6	8	10	11	12	14	15	16	17	18	19	20	22	24	28	57	65	
1713	13	17	19	20	21	22	24	
1714	23	92	97	
1715	10	55	82	85	87	88	88	90	91	95	97	99	
1716	52	54	55	57	61	83	86	88	89	91	93	95	
1717	17	18	34	48	50	50	52	54	54	56	57	58	62	
1718	24	30	43	45	48	49	51	53	62	
1719	41	44	46	63	70	
1720	10	14	20	23	24	27	28	43	68	
1721	12	14	18	20	21	22	23	25	45	57	64	68	
1722	22	24	53	55	
1723	49	50	51	52	54	55	91	92	95	
1724	50	53	54	55	81	82	86	87	88	88	89	90	92	93	96	
1725	79	81	84	87	89	
1726	82	
1738	9	12	14	
1739	7	9	10	11	12	13	14	15	17	20	57	
1740	12	13	15	16	17	18	18	19	20	22	23	52	52	54	55	56	60	
1741	17	20	21	22	42	45	46	47	49	50	50	52	53	54	58	
1742	33	39	44	45	47	48	50	54	60	66	82	85	94	
1743	9	38	43	44	
1744	9	11	13	16	18	20	23	41	66	69	
1745	6	10	12	14	15	16	17	18	19	21	23	26	69	
1746	7	12	18	21	22	23	25	44	52	56	69	
1747	25	50	51	53	
1748	82	87	88	89	90	91	94	95	
1749	7	10	14	78	79	81	82	83	85	87	89	94	101	
1750	6	8	10	11	12	14	15	19	19	79	81	82	84	86	87	89	90	95	98	
1751	13	16	18	83	87	88	89	90	92	96	
1752	54	87	90	91	92	
1754	25	
1755	25	51	52	91	98	
1756	50	51	54	55	60	90	91	92	95	97	
1757	17	50	54	82	83	86	87	89	90	91	93	94	97	98	
1758	54	79	81	82	83	84	86	88	89	92	94	99	
1759	80	84	93	
1760	90	
1769	87	
1772	12	
1773	8	9	10	10	11	11	13	13	14	15	20	24	
1774	16	17	18	18	19	21	24	34	51	52	54	55	56	57	59	
1775	17	20	21	23	43	45	47	50	51	53	53	54	55	59	61	
1776	33	42	44	45	46	48	48	49	51	55	76	
1777	13	19	42	44	45	46	65	66	70	
1778	7	11	14	19	20	23	24	26	44	57	69	
1779	13	20	21	22	24	26	51	53	56	
1780	23	24	50	51	51	52	58	92	
1781	49	51	54	87	88	90	91	93	93	95	
1782	78	78	80	81	83	84	85	87	89	91	93	98	
1783	7	78	80	84	87	89	94	
1784	3	4	8	9	12	13	15	79	80	82	84	87	92	94	
1785	7	8	12	51	78	80	81	82	83	84	85	87	89	90	92	94	98	
1786	10	13	15	83	85	86	87	88	88	89	90	91	94	97	99	
1787	7	13	83	87	88	90	90	91	93	94	96	
1788	88	90	91	92	94	95	96	
1789	52	55	82	86	87	88	89	90	90	92	93	95	96	
1790	53	77	80	81	82	85	86	87	88	89	91	94	96	99	
1791	78	78	79	80	81	83	84	85	88	89	90	98	
1792	79	83	83	86	
1793	83	85	
1805	13	
1806	13	
1807	5	8	9	10	11	12	14	15	
1808	7	11	12	12	14	15	17	20	82	86	90	97	
1809	16	18	20	23	53	55	88	91	93	97	
1810	18	55	65	
1811	89	
1812	8	24	57	
1813	50	51	53	54	91	92	93	96	
1814	51	86	87	87	89	90	92	94	96	101	
1815	54	81	82	83	84	85	87	90	99	
1816	80	82	85	89	94	
1817	80	84	
1818	14	81	86	
1819	2	7	15	79	81	85	90	
1820	5	6	78	80	81	82	84	86	89	97	
1821	7	77	79	80	80	81	82	84	85	86	89	91	93	100	
1822	76	78	81	82	85	86	87	88	89	91	93	97	99	
1823	77	79	80	81	82	83	84	85	87	89	91	97	
1824	78	79	81	83	83	84	86	89	95	100	
1825	80	83	86	
1827	80	
1838	61	
1840	8	
1841	5	10	15	
1842	5	7	9	11	12	13	14	15	21	81	85	89	93	96	
1843	6	11	12	14	15	80	81	82	84	85	86	87	89	90	91	95	97	
1844	87	87	90	91	95	97	
1845	53	55	88	90	91	92	95	96	98	
1846	86	87	88	90	90	91	93	94	95	97	
1847	54	83	85	86	87	88	89	90	91	93	95	99	
1848	78	80	81	82	83	83	85	86	88	88	89	91	94	100	
1849	78	80	83	84	87	89	93	98	
1850	80	
1851	15	20	
1852	4	
1853	80	89	
1854	78	80	86	88	
1855	79	80	84	98	
1856	79	81	84	86	89	
1857	78	82	85	
1858	78	90	96	
1875	13	
1876	5	15	78	81	83	88	
1877	11	15	78	79	81	83	85	89	96	
1878	79	79	80	81	83	84	85	86	87	88	89	92	93	99	
1879	80	81	82	83	84	85	86	87	88	89	90	91	94	
1880	78	80	81	82	83	84	85	86	87	89	92	94	
1881	79	80	82	84	86	89	93	96	101	
1882	80	83	84	87	91	97	
1883	4	62	79	
1884	1	91	
1886	53	
1890	101	
1896	62	
1911	79	83	88	
1912	4	78	79	81	86	90	
1913	79	80	81	83	84	87	89	94	100	
1914	78	80	82	84	87	89	
1915	78	82	84	88	
1919	9	
1923	89	
1924	11	
1933	76	
1942	57	
1945	83	
1947	81	
1953	14	35	
1959	47	
1960	85	
1982	83	
1983	3	
1995	16	
2001	25	
2002	81	
2007	65	
2008	34	
2014	4	
2015	95	
2016	2	
2024	86	
2025	60	
2050	81	
2053	37	
2069	87	
2075	14	
2079	50	
2095	103	
2111	10	
2118	36	
2122	1	
2128	43	87	
2129	29	
2131	27	
2146	9	
2157	100	
2168	29	
2178	33	
2226	101	
2233	98	
2250	3	
2259	102	
2265	98	
