16	70	
118	84	85	
160	92	
193	96	
194	83	87	90	91	95	98	
195	87	92	97	
196	18	
212	18	
213	17	
219	87	92	96	
220	91	93	
221	17	
225	52	57	61	
226	43	45	47	47	50	51	
227	41	46	49	
228	6	10	12	13	81	83	84	86	88	93	
229	12	15	16	19	81	83	85	88	89	96	
230	16	18	21	
250	56	
251	48	50	58	
252	46	
253	10	78	83	85	87	89	91	95	
254	2	6	11	15	16	81	82	84	86	87	88	89	91	92	95	98	
255	16	17	19	83	
259	55	56	58	61	
260	50	51	52	53	54	56	61	
261	41	44	45	46	47	48	49	50	
262	8	10	13	44	78	
263	7	11	12	14	15	16	19	79	80	85	87	
264	13	16	18	19	21	
284	56	57	
285	50	51	53	54	55	56	60	
286	43	44	46	46	48	48	49	50	
287	6	9	82	85	91	95	
288	6	8	10	11	12	14	15	18	20	78	80	81	83	85	87	88	97	
289	13	17	18	19	20	21	94	
293	58	
294	51	51	52	53	54	55	56	60	
295	45	46	47	48	49	50	
296	10	13	29	44	48	
297	3	8	11	12	13	15	15	24	80	84	
298	16	17	18	19	20	22	24	
318	57	58	
319	48	50	51	52	52	53	54	55	56	57	60	
320	43	44	45	46	47	48	49	49	50	
321	9	44	88	92	
322	6	8	10	11	12	13	13	14	15	15	16	18	23	79	83	83	
323	12	16	16	17	17	19	19	20	21	26	
324	23	
327	57	
328	48	51	52	52	53	54	55	56	56	59	
329	43	46	47	49	49	
330	9	
331	3	7	8	10	11	12	13	14	15	16	18	20	
332	16	17	19	20	22	23	
333	18	
346	91	94	
347	87	92	94	98	
348	92	
352	56	
353	48	49	50	51	52	53	53	54	55	56	59	
354	45	46	47	49	49	50	54	88	90	93	
355	8	45	84	87	91	
356	7	10	11	12	12	14	14	15	19	
357	15	16	17	17	18	19	20	20	21	22	
358	23	
361	56	58	
362	47	52	53	54	55	57	61	
363	45	47	49	49	51	54	
364	9	13	91	95	
365	5	6	10	11	12	13	14	15	16	19	24	
366	17	18	20	21	22	25	
378	48	
379	46	
380	85	86	89	90	92	93	96	99	
381	12	15	77	82	83	84	85	86	87	88	89	91	93	94	96	
382	16	17	18	83	87	89	
383	17	
386	52	57	61	
387	47	49	50	51	52	53	53	54	55	56	58	59	
388	44	47	48	49	50	84	88	91	95	
389	9	14	83	85	87	90	95	99	
390	5	7	9	10	11	12	14	14	15	16	19	
391	13	16	17	17	18	18	19	20	21	23	25	
392	23	
395	53	56	
396	50	51	52	54	55	56	60	
397	48	50	53	88	89	92	95	
398	6	8	10	14	83	85	86	88	89	90	93	94	
399	7	11	12	13	13	14	15	16	18	87	97	
400	3	16	17	17	19	21	22	
401	18	
411	53	57	
412	48	51	52	52	54	56	58	59	
413	41	43	44	46	47	48	49	49	51	
414	8	79	82	83	85	88	93	95	
415	4	6	8	10	11	13	13	14	18	79	80	82	84	85	88	88	
416	12	14	15	16	17	19	20	79	81	
417	17	18	20	
419	56	
420	48	51	52	54	55	56	58	
421	46	48	49	50	51	51	52	53	54	55	61	88	
422	45	47	49	51	81	83	86	90	92	94	
423	4	10	14	80	86	91	95	99	
424	5	6	8	10	11	12	13	13	14	14	15	16	19	24	
425	12	15	16	17	18	18	20	21	87	90	92	96	
426	17	23	
428	56	
429	52	55	56	
430	49	50	51	53	54	55	91	94	
431	49	80	82	84	86	87	88	89	92	95	97	100	
432	8	10	80	82	84	86	88	90	100	
433	3	6	11	12	13	13	14	15	18	20	24	82	85	90	93	
434	16	16	17	18	19	20	22	25	
435	21	
445	56	58	
446	47	50	51	51	52	52	53	53	55	56	59	62	
447	42	45	46	46	47	48	48	49	50	50	51	58	
448	9	44	49	88	
449	7	9	10	11	12	13	14	15	78	80	84	
450	1	7	11	12	15	15	16	17	18	19	20	23	23	78	
451	18	21	
453	56	57	
454	47	49	50	51	52	53	54	55	57	
455	34	46	48	49	50	51	53	54	87	90	93	94	
456	80	82	84	85	87	88	90	92	95	
457	9	14	40	45	81	85	
458	5	7	9	11	12	14	15	18	25	26	
459	8	11	12	13	15	16	19	21	80	82	84	86	87	89	91	96	
460	16	17	20	82	87	89	91	96	
461	91	
462	53	56	
463	50	51	52	54	56	88	92	95	
464	50	52	54	82	84	86	87	88	89	91	92	94	96	
465	79	82	84	86	87	89	91	95	
466	4	6	8	10	13	80	84	99	
467	4	6	10	11	11	12	13	14	14	15	15	16	16	17	18	18	19	19	20	68	
468	12	16	17	19	20	21	21	22	23	25	48	70	
479	53	57	58	
480	48	50	51	52	52	53	54	55	55	56	60	
481	42	46	46	47	49	50	51	54	
482	10	43	45	48	
483	5	6	8	9	10	11	12	13	14	15	15	83	
484	1	11	12	15	15	16	16	17	18	19	20	22	25	
485	17	18	21	23	
486	58	
487	51	52	52	54	57	
488	48	49	50	51	52	54	55	87	92	95	
489	50	53	67	80	82	84	86	87	89	91	96	
490	19	55	56	60	64	66	80	82	83	85	88	
491	17	18	19	20	28	30	36	39	41	44	45	46	47	49	50	66	69	
492	5	8	10	14	21	22	26	42	43	44	46	48	70	
493	6	9	11	12	14	15	22	80	81	84	
494	13	22	81	82	84	86	87	88	90	92	93	96	
495	85	86	87	88	89	90	91	93	94	96	100	
496	51	52	54	57	86	88	90	91	92	94	96	100	
497	52	53	81	82	84	85	87	88	89	90	91	93	94	96	99	
498	79	81	82	84	85	86	88	89	92	94	
499	8	12	15	16	18	78	80	81	84	
500	9	10	11	13	14	15	16	17	18	19	20	24	26	68	83	
501	3	11	12	13	15	16	17	18	19	20	20	21	22	24	25	27	
502	21	22	23	25	44	44	
513	53	56	57	
514	35	36	48	50	51	51	52	53	54	54	55	56	57	58	60	
515	36	41	43	45	46	47	48	49	49	50	51	
516	31	43	45	46	48	
517	7	9	10	11	13	14	15	24	
518	7	12	15	16	17	18	20	21	23	89	92	95	
519	17	20	
520	57	
521	51	52	53	53	54	55	56	92	
522	49	50	52	83	85	87	89	91	95	
523	66	81	82	84	86	87	89	92	94	
524	8	11	12	13	14	14	15	16	17	18	19	26	54	55	57	68	78	84	
525	17	18	19	20	20	21	22	24	25	28	45	47	49	50	51	52	53	54	56	59	61	
526	4	24	40	42	44	44	45	46	47	47	48	49	50	
527	9	40	44	45	46	47	69	75	78	
528	12	26	38	78	78	79	81	84	86	88	100	
529	79	80	81	82	83	84	85	87	88	89	95	
530	53	61	79	80	81	83	83	84	86	87	89	90	94	97	98	
531	47	50	78	79	80	82	83	83	84	85	86	89	96	98	
532	11	16	43	64	67	78	80	82	83	85	99	
533	7	9	11	12	14	15	16	17	18	19	19	21	29	40	44	79	
534	5	7	10	12	13	14	14	15	17	18	19	20	20	21	24	26	28	69	
535	5	18	19	20	21	21	22	23	24	31	31	73	
548	51	52	53	54	55	55	56	57	58	60	
549	42	45	47	47	49	50	50	51	53	54	56	59	61	
550	40	43	43	44	45	46	47	48	49	
551	5	9	10	12	14	
552	7	10	12	13	15	16	81	85	88	88	90	97	
553	17	18	22	47	86	87	90	92	94	97	
554	48	51	52	53	55	57	88	91	92	95	98	
555	51	52	53	55	85	86	87	88	90	91	92	95	96	
556	77	79	81	83	85	86	87	88	89	90	92	93	96	99	
557	6	9	11	14	15	16	67	78	78	80	82	84	90	
558	5	7	11	12	13	14	15	15	16	17	17	19	19	20	23	28	73	
559	18	19	20	21	22	23	51	52	53	53	54	55	56	57	61	
560	34	45	47	48	49	50	51	51	52	54	55	56	57	58	59	61	
561	29	37	41	43	43	44	45	46	47	47	48	49	50	51	54	56	58	75	
562	41	42	44	45	46	47	48	49	57	70	
563	20	27	40	43	43	45	46	48	56	58	69	78	79	81	83	100	
564	19	27	28	41	46	48	66	69	78	79	80	81	84	
565	15	16	17	19	20	29	41	44	45	46	48	64	69	79	80	
566	7	9	11	12	13	14	15	17	18	18	19	20	21	26	44	65	66	68	71	79	
567	10	12	14	15	16	17	19	20	21	22	23	24	25	27	70	
568	4	13	20	21	22	23	23	24	
569	22	
575	95	96	
582	55	56	57	
583	50	51	52	52	53	54	55	56	56	59	60	
584	39	42	45	45	46	46	47	47	48	48	49	49	50	51	76	
585	5	8	10	40	43	45	46	48	72	73	
586	6	9	11	13	15	80	84	93	
587	80	81	82	84	85	86	88	88	89	90	93	95	98	100	
588	52	54	81	82	83	84	86	87	89	89	91	92	94	96	
589	80	81	82	83	83	85	86	87	88	89	90	94	
590	9	14	16	19	41	43	66	78	79	80	81	84	88	
591	7	9	11	12	13	14	14	16	17	18	18	19	20	21	26	69	
592	12	13	15	18	19	20	21	22	23	24	
593	22	
594	52	54	55	57	
595	32	47	50	51	52	53	53	54	55	56	59	64	
596	23	30	34	42	44	45	47	48	49	50	51	54	57	58	61	64	
597	20	25	26	42	43	44	45	48	49	63	65	67	69	
598	13	19	21	23	24	26	29	44	61	68	70	79	
599	11	14	17	20	21	23	23	24	26	32	43	48	65	67	73	
600	14	20	21	22	24	25	45	
601	21	23	23	24	
617	51	52	53	53	54	55	56	57	58	
618	36	43	45	47	49	49	50	50	51	51	52	54	55	56	57	58	60	
619	32	36	41	42	44	45	45	46	47	48	48	49	50	
620	41	43	46	47	67	71	
621	42	79	80	81	83	84	85	
622	40	67	77	78	79	80	81	82	82	84	85	85	88	100	
623	6	11	14	16	19	43	67	77	79	80	82	84	85	98	
624	7	10	11	13	14	15	16	17	18	19	19	20	23	26	67	69	80	
625	5	7	11	12	13	15	16	18	19	20	20	22	23	24	26	
626	1	21	22	22	23	25	
630	55	74	
631	23	55	
632	24	
651	55	57	
652	49	51	51	52	53	54	56	58	59	62	
653	30	38	44	45	48	49	50	50	51	52	53	54	56	57	59	60	
654	25	31	38	41	43	43	45	45	47	47	48	49	50	51	54	58	59	67	72	
655	2	21	32	42	43	44	44	45	46	48	48	49	63	68	71	79	
656	9	12	13	15	20	22	23	40	43	47	67	72	78	
657	10	12	14	15	16	18	19	20	20	21	23	26	43	69	
658	13	14	19	20	21	22	23	25	27	70	
659	21	22	24	74	
686	53	54	55	
687	52	54	55	62	
688	51	54	55	60	
689	24	45	55	62	65	
690	15	22	24	25	44	
691	5	21	23	24	24	
692	5	11	22	24	
728	2	
1165	82	
1167	12	
1170	96	
1171	96	
1172	73	
1179	9	
1197	40	
1206	95	
1208	44	
1233	22	
1236	28	
1240	31	
1242	5	42	
1243	47	
1248	29	
1260	38	
1274	87	
1289	98	
1294	25	
1295	37	
1300	39	
1304	28	
1314	34	
1315	41	
1316	40	46	48	
1328	61	
1332	29	
1337	94	
1340	27	40	
1341	40	
1344	22	58	
1348	16	20	80	
1349	17	20	42	57	
1350	18	21	26	41	44	46	47	49	54	72	
1351	44	47	59	73	
1352	47	
1354	60	
1364	61	
1367	25	
1371	15	
1373	20	36	97	
1374	18	
1375	20	41	45	46	47	62	69	
1376	23	45	46	71	
1379	10	
1380	66	
1381	8	
1382	9	11	
1383	13	17	19	23	24	52	55	56	57	61	
1384	17	19	21	24	27	40	43	45	47	49	50	52	53	
1385	45	46	48	51	58	69	75	
1386	46	
1387	56	
1400	36	
1403	52	
1406	20	
1407	10	19	25	
1408	13	14	16	33	56	
1409	5	16	17	18	19	20	22	24	39	43	47	48	50	51	55	56	58	64	68	
1410	22	44	46	49	62	69	
1411	45	46	48	
1413	9	
1414	82	
1416	8	11	14	27	
1417	6	11	12	13	14	15	17	23	57	
1418	16	18	20	42	50	52	54	55	57	58	
1419	44	46	47	48	49	52	54	57	
1420	47	
1422	59	
1433	37	
1437	16	
1441	10	14	19	
1442	7	10	12	13	14	16	19	23	55	56	57	
1443	16	17	18	18	19	20	23	25	47	48	50	50	51	52	55	56	59	
1444	41	43	44	45	46	48	49	51	
1446	46	74	
1448	69	
1450	9	
1451	6	9	10	11	13	14	15	16	55	57	83	
1452	15	16	17	19	20	23	24	26	43	52	53	55	59	82	
1453	45	47	48	50	53	54	58	
1455	7	
1463	32	
1464	35	
1467	47	
1468	41	
1472	103	103	
1475	12	15	
1476	8	9	10	12	13	13	14	15	16	21	24	56	57	58	
1477	16	17	18	19	20	21	24	47	48	50	51	52	53	53	54	55	57	60	
1478	22	41	43	44	45	46	47	49	50	51	55	
1479	45	47	49	
1480	58	
1481	69	
1484	9	17	
1485	8	10	12	13	14	16	20	57	
1486	15	16	16	17	18	19	20	23	23	48	50	51	52	53	55	57	60	
1487	44	45	46	48	49	50	
1488	46	51	59	
1490	32	78	
1493	65	
1502	17	21	40	44	47	56	66	
1503	38	44	50	71	
1504	43	73	
1505	55	57	
1509	12	14	16	19	25	
1510	5	8	8	9	11	12	14	14	16	19	23	56	57	69	
1511	13	16	17	18	19	20	21	23	43	48	50	51	52	53	53	54	55	56	57	59	69	
1512	22	42	44	46	47	49	50	51	53	55	63	
1513	48	
1518	8	18	
1519	5	10	12	14	15	16	19	21	28	52	57	
1520	17	18	19	20	22	24	26	42	47	48	51	52	53	54	58	62	68	
1521	41	45	46	47	49	50	54	58	
1523	49	60	
1525	10	
1535	11	15	17	20	57	
1536	16	17	19	20	22	24	40	47	51	53	56	60	68	
1537	20	22	24	27	42	43	45	46	47	48	49	51	56	60	72	
1538	44	47	
1541	19	
1542	10	
1543	3	9	11	14	16	24	
1544	5	6	9	9	11	12	14	14	15	16	17	18	19	21	24	27	56	56	58	70	
1545	17	19	20	21	22	24	43	47	48	50	50	51	51	52	53	54	55	56	72	
1546	22	41	45	46	47	49	50	51	
1547	45	46	48	50	67	
1550	48	
1551	13	
1552	7	9	14	17	50	
1553	5	6	10	11	13	13	14	16	17	18	19	21	24	56	57	57	
1554	17	21	23	24	42	47	47	50	51	51	52	53	54	55	56	57	60	
1555	43	44	45	46	48	48	49	50	52	54	
1556	58	
1557	64	
1565	12	
1568	10	13	94	
1569	7	9	11	12	14	14	18	56	57	67	
1570	13	15	16	17	18	19	20	21	23	25	26	50	51	52	54	55	56	57	59	
1571	21	22	41	43	45	46	47	48	49	50	51	53	54	
1572	44	49	59	75	
1573	53	74	
1575	14	
1576	7	19	
1577	7	10	11	13	14	16	19	
1578	8	11	12	13	14	15	16	17	19	20	20	22	24	52	56	57	
1579	17	18	20	21	22	23	25	48	50	51	52	53	53	54	55	56	57	58	61	
1580	37	42	44	46	46	47	49	50	51	52	55	
1581	44	46	48	49	55	67	71	
1582	45	52	
1584	18	
1585	8	13	16	21	23	44	67	
1586	9	11	13	14	17	19	26	
1587	6	11	12	14	14	15	16	17	18	18	19	20	22	24	26	28	56	57	68	
1588	17	19	20	21	22	25	47	47	48	49	50	51	51	52	53	54	55	56	58	61	
1589	23	44	45	46	47	49	50	58	
1590	16	44	49	
1595	99	
1602	13	15	
1603	8	9	10	11	13	13	14	15	17	18	
1604	12	13	15	16	16	17	18	19	20	23	23	51	52	53	54	55	56	57	58	61	
1605	12	22	42	45	46	46	48	48	49	50	51	54	55	61	
1606	36	45	46	50	54	
1607	36	57	
1610	7	10	14	17	20	
1611	7	9	11	12	14	15	16	17	18	19	19	21	23	
1612	5	7	12	13	14	15	16	17	18	19	20	21	24	25	55	69	
1613	21	22	35	50	51	52	53	54	55	56	57	58	60	
1614	42	45	46	47	48	50	50	51	55	56	57	59	
1615	37	41	43	43	45	46	46	48	49	52	53	56	71	
1616	27	45	46	49	52	66	68	
1617	38	44	
1618	17	20	40	65	68	
1619	8	9	12	14	17	18	19	22	24	26	
1620	9	11	12	13	14	15	16	17	19	20	22	69	
1621	12	18	19	20	21	23	23	24	56	58	70	
1622	47	50	50	51	52	54	55	
1623	48	50	52	53	59	90	91	93	93	96	
1624	48	
1636	11	14	
1637	5	7	8	9	10	11	14	14	15	21	24	56	57	
1638	13	16	16	17	19	19	20	24	26	48	50	51	52	53	54	56	57	
1639	18	21	23	41	43	45	46	47	49	49	50	51	55	57	62	
1640	41	43	47	48	49	
1643	8	15	17	
1644	8	10	12	13	14	15	16	19	
1645	6	11	12	15	16	16	17	18	18	19	20	22	24	25	69	
1646	21	22	23	24	25	46	
1647	52	57	87	89	90	92	94	97	
1648	19	34	51	52	53	54	56	58	60	86	87	88	90	91	92	94	95	98	
1649	41	45	47	47	49	49	50	52	53	58	
1650	37	41	43	44	46	48	48	49	56	71	
1651	16	19	23	26	42	43	45	46	66	69	
1652	9	12	13	18	20	27	41	44	46	48	65	71	
1653	10	12	14	15	16	17	19	20	21	23	24	26	68	
1654	5	8	13	15	17	20	21	23	24	25	56	69	
1655	21	22	25	51	52	52	54	55	57	
1656	50	51	54	55	63	87	91	93	96	
1657	50	54	77	82	84	85	86	87	88	90	92	101	
1658	64	81	87	
1659	64	92	
1668	26	
1670	9	12	
1671	5	6	9	10	11	12	14	14	15	16	20	
1672	12	13	15	16	18	18	19	21	24	26	52	53	54	55	56	58	61	
1673	17	42	47	47	48	49	50	51	54	58	
1674	43	45	46	48	49	52	55	
1675	45	
1677	11	14	17	19	27	
1678	7	8	10	11	12	13	14	16	17	19	20	21	23	24	26	56	58	68	70	
1679	15	19	20	22	23	25	26	46	47	50	51	52	54	
1680	22	47	48	88	91	96	
1681	9	13	80	81	82	83	84	86	88	89	90	92	94	
1682	7	10	12	13	14	53	55	78	80	81	82	83	85	86	87	89	91	94	97	
1683	16	17	19	35	52	54	55	58	59	82	83	87	89	90	92	94	98	
1684	16	17	18	25	45	50	52	62	64	
1685	18	24	28	44	45	59	
1686	11	13	15	20	22	24	64	72	
1687	3	5	11	23	24	
1688	22	25	52	55	
1689	52	53	55	87	88	90	92	95	97	
1690	34	34	35	55	78	82	83	84	85	86	87	88	89	90	92	94	96	100	
1691	77	79	81	83	85	87	89	96	99	
1692	40	81	84	93	
1697	89	89	90	91	
1704	8	14	24	
1705	8	10	11	14	18	
1706	7	12	13	14	15	16	18	20	35	52	52	55	55	56	58	63	80	84	86	89	91	95	
1707	16	17	19	21	35	37	43	47	47	48	49	50	51	52	53	55	56	60	83	87	89	92	97	
1708	35	42	44	45	46	47	49	50	67	
1709	41	44	48	64	68	
1710	9	12	14	19	23	28	41	64	66	
1711	10	12	14	15	17	19	20	21	66	69	
1712	7	11	13	15	18	18	19	20	21	23	24	28	52	53	56	59	70	
1713	21	23	46	47	49	50	51	52	54	59	
1714	50	82	86	87	90	91	93	97	
1715	78	80	83	85	87	93	96	
1716	8	9	11	15	79	81	84	87	90	
1717	6	10	11	13	14	16	77	79	80	81	83	84	86	89	91	95	
1718	7	16	82	86	87	87	89	91	92	94	96	
1719	87	88	91	92	96	98	
1720	87	88	92	
1721	51	52	55	87	88	90	91	92	95	97	
1722	55	86	87	88	89	90	90	92	95	96	
1723	54	59	78	81	82	85	86	87	89	90	93	98	
1724	54	79	80	81	82	84	85	87	88	90	
1725	79	84	90	93	
1726	82	
1731	97	97	
1737	5	21	
1739	5	9	11	17	21	
1740	5	6	9	10	11	12	14	15	24	53	55	58	81	83	87	89	
1741	13	16	18	18	19	23	51	52	54	55	57	60	81	82	85	86	89	91	95	
1742	16	17	21	30	35	45	48	48	49	51	53	56	59	
1743	25	41	44	45	48	63	69	82	
1744	9	12	19	21	23	44	63	67	69	
1745	11	12	14	15	19	21	22	23	24	27	53	56	58	
1746	22	25	50	51	52	54	54	
1747	49	51	54	87	88	91	92	94	95	
1748	77	80	81	84	86	88	89	92	94	
1749	79	
1750	9	14	
1751	9	79	82	85	95	
1752	3	6	9	12	13	79	80	81	83	85	86	89	96	99	
1753	78	81	82	84	85	86	87	89	90	94	96	
1754	82	85	86	87	89	90	92	93	96	98	
1755	77	78	81	82	84	85	86	86	88	89	90	93	96	
1756	77	78	80	81	82	83	83	84	85	87	89	90	93	99	
1757	77	79	80	82	83	84	86	88	90	95	
1758	79	81	
1759	83	
1764	6	
1771	21	
1773	4	25	
1774	8	9	10	13	14	15	79	
1775	1	6	11	12	14	15	16	21	55	78	80	83	84	87	89	92	94	
1776	16	18	19	22	88	91	93	95	
1777	17	65	88	93	
1778	25	57	
1779	23	51	52	54	57	73	92	
1780	51	54	55	83	86	87	89	90	92	93	95	97	
1781	18	54	78	81	82	84	85	87	89	92	95	98	
1782	80	82	84	86	90	
1783	85	91	
1785	94	
1786	9	80	84	
1787	5	79	80	82	83	85	88	
1788	79	80	82	83	84	86	88	90	
1789	79	80	81	83	85	95	
1790	79	80	85	93	98	
1791	79	82	88	88	
1792	98	103	
1798	5	5	
1808	10	15	
1809	3	7	9	11	12	14	78	82	86	90	99	
1810	7	10	12	13	15	80	81	82	84	86	89	91	95	100	
1811	83	85	86	87	89	90	91	95	96	
1812	54	87	87	88	90	90	91	93	94	95	96	
1813	17	18	52	54	86	87	88	89	90	91	92	94	95	98	
1814	78	81	82	84	84	85	86	88	88	90	95	101	
1815	79	80	82	84	86	89	
1820	5	84	94	
1821	79	
1822	79	84	88	
1823	79	85	88	
1824	83	94	
1826	93	
1838	99	
1842	4	8	
1843	11	
1844	12	15	78	79	80	82	83	85	88	95	
1845	78	79	80	81	82	84	85	85	87	88	91	93	
1846	77	80	81	81	82	83	84	84	86	89	90	
1847	77	80	81	83	83	84	85	87	89	90	
1848	79	81	84	86	92	
1849	79	84	
1850	83	100	
1851	37	
1856	84	
1875	4	
1879	79	82	84	89	
1880	78	79	82	83	88	89	98	
1881	79	81	85	94	99	99	
1882	80	83	
1883	84	
1889	14	
1890	94	
1905	67	
1908	8	
1920	47	
1946	33	
1948	70	
1963	58	
1980	6	
1992	51	
1995	14	
2016	1	
2027	87	
2028	21	
2031	49	
2046	57	
2053	17	
2086	59	
2097	96	
2109	31	
2117	37	
2123	102	
2147	88	
2162	41	
2173	10	
2177	21	
2182	1	
2201	21	
2209	100	
2216	7	
2219	11	
2241	2	
