24	90	93	95	
25	87	89	91	
56	52	61	
57	46	48	50	
58	9	82	85	87	88	91	
59	7	11	13	14	81	82	84	85	86	88	88	90	94	96	99	
60	16	17	87	
61	18	
89	57	
90	52	53	55	56	57	58	61	
91	43	46	47	48	49	50	53	
92	9	45	80	85	99	
93	7	9	10	11	12	14	15	78	80	81	82	84	85	87	90	93	
94	13	16	16	17	19	20	21	84	87	90	97	
95	17	22	
118	86	
124	51	51	52	53	54	55	56	57	59	62	
125	43	45	46	46	47	48	48	49	50	51	51	54	
126	44	45	46	
127	5	6	8	8	10	11	12	14	14	15	79	81	
128	12	13	14	15	16	17	18	19	20	22	80	84	87	90	96	
129	16	17	20	22	
157	57	
158	52	53	54	55	56	57	60	
159	46	47	49	49	50	51	54	55	56	61	
160	42	43	44	45	46	46	48	49	50	
161	9	10	11	13	
162	3	7	10	11	12	14	15	15	18	24	81	83	86	89	92	96	
163	13	16	17	17	18	20	21	26	
192	53	55	56	57	
193	35	47	49	50	51	51	52	54	55	57	58	60	63	
194	42	45	47	48	48	49	50	
195	5	9	11	14	44	
196	7	8	10	11	12	13	13	14	14	15	16	18	19	81	85	89	
197	12	15	16	17	17	19	20	21	23	27	84	
198	18	
226	53	56	58	61	
227	47	48	50	50	51	52	53	54	55	55	56	60	
228	42	44	45	47	48	49	50	50	54	
229	9	43	45	
230	3	4	6	7	9	10	11	11	12	14	14	15	16	19	79	
231	13	15	16	16	17	17	18	18	19	20	21	22	
232	17	23	
254	96	97	
260	52	56	57	60	
261	47	48	50	51	52	52	53	54	55	56	59	62	
262	36	43	44	45	46	47	49	49	50	51	53	54	
263	9	45	49	
264	4	6	7	8	10	10	11	12	13	13	14	14	15	
265	12	15	16	16	17	18	18	19	20	21	23	23	25	26	
288	99	
294	52	55	57	
295	48	50	51	52	53	53	54	55	57	58	61	
296	45	46	47	49	50	50	52	93	
297	9	14	45	49	
298	4	7	8	9	11	11	12	13	14	14	15	18	69	
299	13	16	17	17	19	19	20	21	22	26	
300	23	
315	88	91	95	
316	86	88	89	91	96	
317	16	
328	53	55	56	58	
329	46	47	48	49	50	51	52	54	55	56	61	
330	46	49	50	53	87	91	
331	8	9	13	89	
332	5	7	9	10	11	12	14	14	15	16	17	18	29	
333	13	15	16	17	18	19	20	21	23	23	
346	58	
347	52	
348	47	49	92	
349	8	81	83	84	86	87	89	91	94	97	
350	10	12	13	15	78	80	82	83	83	85	86	87	89	93	94	97	
351	16	17	18	20	
354	87	93	
355	86	87	89	91	92	97	
361	57	
362	46	52	53	55	57	61	
363	46	47	48	50	51	52	53	55	
364	49	51	81	83	84	86	88	89	91	94	100	
365	5	6	9	10	11	14	67	83	86	89	
366	5	7	10	11	12	13	13	14	15	16	17	17	18	19	19	20	23	25	26	72	
367	15	17	20	21	22	22	23	26	
380	53	57	59	
381	46	48	50	51	52	54	56	59	
382	47	49	51	87	90	92	97	
383	8	10	78	80	82	84	85	87	89	90	94	
384	4	7	10	11	11	12	13	14	14	15	18	19	72	77	79	81	84	
385	15	17	18	19	20	21	22	25	26	
386	56	
387	49	90	93	95	
388	13	82	85	86	87	88	90	91	93	95	97	
389	10	16	82	85	86	87	89	90	92	97	
390	16	17	19	87	95	
391	17	
395	53	56	57	
396	46	47	51	52	53	54	55	57	62	
397	46	48	50	51	54	83	86	88	92	93	
398	13	79	81	82	85	86	89	92	94	99	
399	6	8	9	10	11	12	13	14	15	16	17	19	80	
400	5	11	12	15	16	17	18	18	19	20	21	22	23	24	28	
401	22	
405	69	69	70	
413	57	
414	51	52	55	56	57	59	
415	47	49	50	51	53	53	54	63	
416	45	46	48	50	81	83	85	87	89	92	96	
417	8	9	10	11	13	14	68	79	81	82	84	87	
418	5	7	10	11	12	14	15	15	16	17	18	18	19	20	25	26	
419	18	20	21	22	53	56	60	
420	47	51	52	87	91	
421	49	54	82	84	85	87	88	88	90	92	96	
422	10	77	78	80	81	82	84	86	88	88	90	92	95	
423	8	9	10	12	14	15	16	19	79	80	82	83	85	87	88	89	98	
424	13	15	16	17	17	19	20	83	84	90	93	
425	18	21	
429	48	52	56	57	59	
430	47	49	50	51	52	53	54	55	59	
431	45	48	49	80	85	87	89	92	98	
432	6	8	9	11	14	80	82	84	86	88	
433	6	9	11	12	13	14	15	16	16	17	18	19	20	23	25	
434	2	17	18	20	21	22	24	
435	22	
447	57	
448	47	51	52	52	53	54	55	56	57	58	60	
449	46	47	48	49	50	51	53	54	87	92	95	
450	9	48	78	81	83	85	87	90	96	
451	5	7	10	11	12	13	14	14	15	80	
452	12	13	15	16	17	18	19	20	21	24	56	
453	1	23	47	52	54	56	59	
454	47	48	50	51	53	53	55	83	86	87	89	91	93	95	
455	51	79	80	82	84	85	87	89	91	95	
456	9	79	80	82	83	85	91	
457	5	6	8	9	10	11	12	13	13	14	15	24	29	79	81	84	
458	7	12	15	16	17	17	18	18	19	20	21	22	25	79	
459	21	23	
462	57	
463	49	51	52	53	53	54	56	60	
464	48	49	50	51	53	58	86	91	95	
465	9	48	81	83	83	85	87	89	91	93	98	
466	7	9	10	11	12	13	14	16	18	28	80	
467	11	12	13	13	14	15	16	17	18	19	19	20	21	22	23	25	
468	18	21	22	47	
481	56	57	58	
482	46	47	49	50	51	52	53	53	55	56	60	
483	44	46	48	49	83	86	90	97	
484	5	8	9	10	14	82	83	85	87	89	93	95	
485	5	7	10	11	12	13	14	15	18	24	
486	17	17	20	21	22	48	52	57	62	
487	47	49	50	51	53	55	87	92	95	
488	49	52	53	80	82	84	86	87	89	90	92	97	
489	46	50	78	79	80	82	83	85	89	
490	6	8	10	12	14	80	89	
491	7	9	10	11	12	13	13	14	15	15	16	17	19	23	28	
492	13	15	16	17	17	19	20	21	21	23	25	
493	18	
495	58	
496	51	52	55	57	
497	47	50	51	52	53	55	60	90	92	96	
498	49	81	83	86	87	88	90	92	94	97	
499	9	10	13	14	18	66	79	81	82	84	87	90	
500	4	6	8	10	12	13	13	14	15	16	16	17	18	19	19	20	24	69	
501	12	15	17	20	21	22	23	24	26	
502	22	45	45	
514	57	
515	51	52	53	55	56	57	60	
516	42	45	46	47	48	48	49	50	51	52	54	55	56	61	
517	44	46	49	81	86	89	92	94	
518	8	10	14	80	81	84	86	90	
519	7	10	11	12	13	14	15	15	16	18	58	
520	21	23	51	53	54	55	56	87	91	92	96	
521	37	49	51	55	83	85	86	87	88	89	90	92	95	
522	38	51	59	67	80	81	83	85	87	89	98	
523	18	19	29	42	43	46	47	48	66	80	84	
524	8	10	14	22	45	46	72	
525	5	7	9	10	11	12	13	13	14	15	20	23	
526	12	14	15	16	17	18	19	20	21	25	91	98	
527	17	22	
529	56	
530	50	51	52	52	53	55	56	91	
531	37	49	50	53	54	82	84	86	87	88	88	90	92	95	
532	8	10	79	81	82	83	85	86	87	89	90	95	
533	3	7	9	10	11	11	14	14	15	16	16	18	19	68	80	
534	7	13	14	15	16	17	18	19	20	20	22	23	24	
535	18	21	22	
541	89	90	90	
548	57	58	
549	47	51	52	53	53	54	55	56	57	58	60	62	
550	43	45	46	47	48	48	49	50	50	52	54	56	
551	44	47	50	80	84	89	
552	9	10	15	87	89	
553	7	13	87	92	95	
554	37	53	81	82	85	86	87	89	90	92	94	96	101	
555	38	79	81	82	84	85	86	88	89	93	96	100	
556	8	11	15	16	17	18	26	52	56	57	61	68	69	79	81	83	
557	16	17	17	19	20	20	25	26	36	38	42	44	45	46	47	48	49	50	51	54	59	73	
558	4	23	43	44	46	
559	4	7	9	10	11	13	15	
560	8	10	12	13	14	14	15	19	22	81	85	87	90	93	95	
561	16	17	18	20	87	
562	53	56	88	
563	52	55	56	61	87	91	
564	50	51	54	83	85	86	87	88	90	91	94	
565	37	40	79	81	82	83	84	85	86	88	89	91	95	99	
566	9	10	11	13	14	15	16	19	67	80	81	84	
567	5	7	11	12	13	14	15	16	17	17	18	19	19	20	21	24	70	
568	18	19	20	21	22	23	24	25	27	
569	22	
571	20	21	
582	57	
583	51	52	53	54	55	56	57	58	60	
584	42	44	45	46	47	47	47	48	49	49	50	51	51	54	62	
585	43	45	46	48	49	84	
586	86	
587	6	15	82	84	
588	1	16	38	77	78	79	80	81	83	85	88	101	
589	8	10	11	13	16	16	44	78	79	81	82	84	
590	6	11	11	12	15	16	16	17	18	18	19	19	20	21	23	53	55	56	57	61	69	
591	21	22	22	24	45	47	48	49	50	51	51	53	54	55	56	56	59	
592	40	43	43	44	45	46	46	47	48	48	49	74	85	
593	5	9	10	44	74	
594	6	7	10	11	12	13	14	15	15	19	79	81	84	87	89	
595	17	21	83	84	86	87	89	91	95	97	
596	52	57	85	86	87	89	90	92	95	97	
597	51	53	54	82	84	85	86	87	88	89	91	92	93	96	99	
598	39	80	81	82	84	85	86	87	88	90	93	97	98	
599	8	10	13	17	19	41	68	79	80	81	84	
600	5	6	10	11	12	13	14	15	16	17	18	19	19	20	24	27	71	
601	12	15	17	18	18	19	20	21	22	23	23	25	70	
602	21	22	
616	57	
617	47	51	52	52	53	54	55	55	56	57	58	61	
618	41	43	45	47	47	48	49	49	50	50	51	52	53	54	55	
619	44	45	47	48	49	54	94	
620	40	47	
621	18	40	
622	6	8	10	11	13	16	19	71	78	80	83	
623	4	6	10	11	12	13	13	14	15	16	17	17	18	19	20	23	26	69	80	
624	6	15	16	18	19	20	21	22	23	24	53	55	56	58	73	
625	21	22	25	49	50	51	52	52	53	54	55	56	56	57	59	63	
626	36	41	43	45	46	47	47	48	49	50	51	51	53	61	73	
627	3	9	30	41	44	45	46	46	47	48	
628	6	10	12	15	71	79	85	98	
629	8	78	80	81	82	84	85	87	89	90	93	96	
630	53	80	82	83	83	84	85	86	88	89	92	93	95	
631	37	39	78	79	80	82	83	84	85	86	89	96	
632	11	13	16	17	18	19	41	66	78	80	81	83	84	
633	6	8	10	11	12	14	14	15	16	17	18	19	19	20	23	28	42	68	78	83	
634	12	13	15	17	18	19	20	21	21	22	24	25	27	69	
635	22	23	25	
650	57	58	
651	36	48	51	52	53	54	55	55	56	56	57	60	
652	31	34	42	45	46	47	47	48	49	49	50	50	52	53	54	55	57	59	
653	39	42	44	45	45	46	47	48	49	49	
654	40	43	44	46	49	67	
655	6	9	11	14	16	19	21	25	42	47	48	64	67	
656	7	9	11	12	13	13	14	15	16	17	18	19	19	21	22	25	27	70	
657	12	15	16	17	18	19	20	20	21	22	23	24	28	69	74	
658	22	23	
659	50	51	52	54	55	56	57	58	60	
660	32	36	47	49	50	51	51	52	53	53	54	55	56	57	58	59	61	65	
661	32	41	43	44	45	46	47	48	48	49	49	50	57	71	
662	26	30	38	39	42	43	44	45	46	47	48	50	66	68	
663	19	43	47	70	79	80	84	
664	10	16	19	27	28	38	40	43	68	68	78	79	80	82	84	85	89	
665	9	10	12	14	16	17	19	20	29	43	45	46	64	66	72	79	80	84	
666	6	10	12	13	14	15	17	18	18	19	20	21	42	44	69	78	83	
667	12	14	15	16	18	18	19	20	22	23	24	25	73	
668	3	21	23	24	
685	51	52	54	55	56	58	59	
686	34	49	50	51	52	53	55	55	57	60	65	
687	30	35	40	44	45	46	48	48	49	50	54	60	65	66	70	
688	8	24	25	35	43	45	50	64	66	72	
689	10	12	14	18	19	21	24	25	28	43	64	69	74	
690	5	6	13	15	17	20	21	22	23	24	71	
691	14	15	21	22	24	
694	51	52	54	55	55	57	59	
695	35	48	49	50	51	53	53	54	55	56	57	60	62	63	
696	30	42	43	44	45	46	47	49	50	55	60	67	
697	8	18	23	23	25	33	39	43	45	45	47	49	55	62	64	68	73	
698	8	11	14	20	21	23	32	41	43	45	65	67	78	
699	3	10	12	14	15	18	18	19	21	22	24	25	26	73	
700	21	23	24	25	70	
701	23	25	
720	54	55	61	
721	54	
722	14	24	
723	24	
724	22	24	
729	52	54	
730	52	55	
731	10	24	63	
732	25	
733	23	
886	89	
1180	18	18	21	40	45	48	57	59	67	69	
1181	45	47	
1183	51	56	
1186	62	70	
1190	68	
1197	54	
1201	17	
1207	98	
1210	19	
1212	10	
1213	11	14	18	37	
1214	16	18	20	21	25	26	31	42	47	50	52	59	62	67	
1215	22	42	44	45	46	47	48	49	
1216	46	54	
1217	42	
1219	3	
1240	30	
1246	26	
1247	8	9	10	11	14	15	56	56	58	
1248	12	13	15	16	17	19	20	22	23	36	48	50	51	52	53	54	55	56	60	
1249	18	22	42	44	45	46	47	48	49	50	51	54	58	
1250	44	46	49	
1260	16	
1280	9	
1281	6	9	9	11	12	14	19	
1282	7	11	12	13	15	15	16	17	19	21	24	37	51	52	53	54	55	56	57	59	60	
1283	17	18	20	22	42	46	47	48	49	49	50	51	53	55	56	
1284	42	44	45	47	49	50	61	
1285	74	
1288	1	
1289	67	
1302	57	
1308	89	
1314	8	
1315	8	10	12	15	19	
1316	7	11	12	13	16	18	21	24	55	56	57	58	60	80	
1317	16	17	17	20	21	42	47	48	50	50	51	52	54	55	
1318	40	43	44	45	46	47	48	49	51	55	58	
1319	9	44	48	
1321	2	53	
1344	23	29	
1347	31	
1349	5	7	9	11	15	16	
1350	5	7	9	11	12	13	14	15	16	18	55	56	57	58	89	
1351	16	16	17	19	20	22	23	28	47	48	50	50	51	52	53	54	55	55	57	59	
1352	18	44	45	46	47	49	49	50	53	75	
1353	44	
1355	12	
1365	51	
1382	29	
1383	6	9	11	14	
1384	5	7	10	11	12	13	14	15	17	19	28	57	58	
1385	12	15	16	17	19	20	21	47	51	52	53	54	55	55	59	61	
1386	18	21	23	41	44	45	46	46	48	48	49	50	53	55	58	59	
1387	44	52	55	67	
1388	58	
1409	31	63	
1410	19	94	94	94	
1412	28	93	
1417	12	14	
1418	4	7	8	9	10	11	12	13	14	15	17	19	20	28	53	57	
1419	15	15	17	18	18	19	20	22	51	52	53	54	54	55	56	57	58	61	
1420	23	42	44	45	46	48	48	49	49	50	51	54	56	59	
1421	44	48	49	51	
1429	67	
1432	55	
1438	45	
1439	52	
1440	47	
1442	63	
1451	9	13	13	15	30	
1452	5	6	8	9	11	12	14	15	17	18	20	56	57	
1453	12	13	16	16	17	18	19	20	23	47	51	52	52	55	57	59	
1454	23	45	46	47	48	49	50	52	54	
1455	43	47	49	
1464	95	
1470	16	19	58	68	
1471	16	19	22	38	44	47	52	58	
1472	21	42	44	46	49	69	
1475	26	56	
1477	46	49	
1478	57	
1484	26	
1485	9	12	13	16	19	
1486	3	7	9	11	12	13	14	15	16	17	18	19	21	26	56	57	58	
1487	12	16	17	20	21	23	24	48	51	51	52	53	54	55	56	57	
1488	46	47	49	50	51	54	87	92	94	
1489	49	53	
1490	74	
1493	85	
1502	35	
1503	16	
1504	8	14	17	18	25	57	
1505	16	17	19	20	21	24	27	42	45	47	51	52	58	61	69	
1506	20	22	25	27	44	45	46	48	48	50	51	60	
1507	44	50	
1508	29	
1509	16	18	36	43	45	
1510	16	42	46	48	51	67	70	
1511	46	47	
1512	45	51	51	
1514	19	
1515	27	
1516	26	
1517	17	
1518	7	9	31	
1519	9	11	13	13	15	16	17	18	20	
1520	11	12	14	15	16	17	19	20	23	23	26	53	56	57	68	74	
1521	18	22	25	46	48	49	50	51	52	54	55	61	
1522	49	50	54	86	87	89	90	93	95	
1523	85	91	94	
1524	74	
1526	65	74	
1537	9	12	13	
1538	7	11	12	14	15	16	17	19	21	53	57	58	70	
1539	13	15	16	17	18	19	20	22	23	25	46	47	50	51	51	54	55	56	59	64	
1540	45	47	48	49	50	55	59	73	93	
1541	53	
1542	9	39	
1543	11	16	18	19	28	57	61	71	
1544	16	17	19	21	23	25	29	42	44	47	48	50	51	55	57	59	61	68	69	
1545	21	23	25	41	44	46	47	48	49	54	56	
1546	44	46	49	70	
1547	51	
1552	7	8	10	15	
1553	9	10	12	13	13	14	16	17	19	20	25	27	57	
1554	17	18	22	23	24	26	47	51	52	54	56	60	69	
1555	48	49	50	51	53	55	57	60	88	90	92	95	
1556	53	78	81	83	85	87	89	
1557	83	
1559	82	
1570	9	
1571	9	11	12	13	15	16	19	
1572	7	11	13	14	14	15	16	17	18	19	21	24	26	53	56	60	
1573	18	20	21	22	24	46	47	48	50	51	52	54	55	58	62	
1574	18	43	47	49	86	87	89	92	96	
1575	13	38	39	83	
1576	9	11	14	18	20	35	37	67	
1577	6	10	11	13	14	15	16	17	18	19	20	24	35	56	57	58	92	96	
1578	16	17	19	20	21	22	24	45	47	50	51	52	54	55	56	58	59	
1579	22	23	44	45	46	47	48	48	49	50	52	53	57	
1580	43	46	49	51	
1581	50	
1584	10	17	
1585	28	
1586	8	8	10	11	13	15	16	18	
1587	6	11	12	14	14	15	16	17	18	19	21	26	53	56	57	68	
1588	17	19	20	21	22	46	47	49	50	51	52	54	55	56	58	
1589	45	49	51	60	85	86	90	93	
1590	49	80	82	83	85	89	94	
1591	84	
1593	59	60	60	61	
1603	18	
1604	9	15	
1605	5	7	10	11	12	13	14	15	17	19	24	56	58	
1606	8	12	15	15	16	17	18	19	20	23	47	50	51	51	53	55	56	61	69	
1607	22	45	47	48	49	51	54	92	
1608	79	81	83	83	85	87	89	
1609	9	19	40	68	
1610	5	7	9	10	11	13	14	15	16	16	17	19	20	22	25	
1611	12	13	15	16	17	18	19	20	21	22	24	26	53	56	58	71	
1612	22	23	25	47	48	51	52	53	53	54	55	57	60	
1613	44	46	47	49	50	51	54	57	59	
1614	43	48	53	
1616	49	
1617	37	
1618	13	37	
1619	10	14	21	28	
1620	3	6	9	11	12	13	15	16	17	18	18	18	20	22	30	72	
1621	12	13	15	17	18	19	20	22	24	47	52	57	60	68	
1622	23	47	48	49	51	53	54	91	91	97	
1623	50	80	82	84	87	87	89	91	101	
1624	82	88	89	95	
1638	8	10	12	14	19	
1639	4	7	10	11	12	13	14	15	16	17	19	20	24	53	56	57	71	
1640	15	16	17	18	19	20	21	24	46	47	48	50	51	52	54	54	59	
1641	23	40	43	44	45	46	47	48	49	55	
1642	43	68	80	85	
1643	4	6	9	10	12	13	15	16	17	18	26	38	67	
1644	7	11	12	14	15	16	17	18	19	20	21	24	29	
1645	18	20	21	22	24	56	57	58	
1646	23	47	48	50	51	52	53	53	54	55	56	60	72	72	73	
1647	42	45	46	47	49	49	50	52	54	
1648	44	48	49	59	
1651	13	20	38	69	
1652	10	14	
1653	6	9	11	13	14	16	18	19	23	39	53	
1654	8	11	12	15	16	17	18	19	20	22	23	56	
1655	20	21	22	24	28	46	47	49	50	51	52	53	54	55	56	
1656	49	51	54	61	82	83	85	87	88	90	92	94	98	
1657	49	81	84	85	89	100	
1658	40	64	83	
1663	85	86	86	88	
1670	21	
1671	8	
1672	9	10	11	12	13	14	16	18	24	
1673	7	11	12	12	14	15	16	17	18	19	20	21	23	25	26	52	53	56	57	59	69	
1674	17	21	22	24	27	46	47	50	51	52	53	54	55	59	
1675	29	37	42	43	45	46	48	49	
1676	8	9	45	68	70	
1677	7	10	11	12	13	14	15	16	17	18	19	21	24	
1678	12	18	21	23	24	69	
1679	22	52	57	58	87	88	90	92	96	
1680	16	47	50	51	51	52	53	54	55	56	58	59	88	91	95	
1681	40	43	44	45	46	46	47	48	48	49	50	51	53	58	61	
1682	42	44	45	47	49	
1684	31	
1685	14	19	
1686	7	10	13	15	16	19	24	41	67	69	
1687	8	9	11	12	14	15	16	18	19	20	21	23	56	57	
1688	4	13	20	21	22	24	25	52	53	54	55	61	
1689	23	48	48	50	51	54	59	88	90	93	96	
1690	34	53	77	80	82	84	85	87	88	91	
1691	32	32	55	80	83	87	89	93	
1697	64	
1704	44	
1705	10	19	
1706	5	7	9	10	11	13	13	14	15	16	19	25	29	
1707	7	12	14	15	15	16	16	17	18	18	19	20	21	52	55	57	60	
1708	18	20	20	22	23	35	48	49	50	51	53	54	55	59	62	
1709	29	42	44	45	48	49	67	
1710	10	23	45	56	64	
1711	12	21	23	25	27	47	51	71	
1712	22	49	92	98	
1713	9	78	81	82	84	86	87	89	91	94	99	
1714	16	52	52	55	55	56	57	59	62	78	80	81	83	84	86	87	89	91	94	98	98	
1715	17	41	47	48	50	50	51	52	53	55	56	59	
1716	32	42	43	44	45	46	47	49	50	51	
1717	44	47	
1718	8	16	18	34	36	68	
1719	10	12	13	15	17	19	26	44	66	
1720	7	10	12	13	14	16	17	19	20	21	24	26	28	71	
1721	3	8	12	15	17	19	20	21	22	23	25	52	53	56	58	59	68	
1722	22	47	49	51	52	53	54	55	57	92	
1723	49	52	55	83	86	87	89	91	95	
1724	79	81	83	86	91	101	
1739	5	8	11	
1740	5	6	9	9	10	11	12	14	15	18	20	
1741	2	7	12	13	15	16	16	17	18	19	20	23	23	
1742	17	18	20	22	55	62	
1743	56	
1744	52	53	56	58	58	74	81	
1745	49	50	51	52	54	91	
1746	83	85	86	86	87	89	90	91	93	94	96	
1747	4	7	9	10	14	78	79	81	84	86	89	94	
1748	7	10	11	12	13	14	15	17	19	55	56	57	78	79	80	82	89	95	
1749	16	17	18	18	20	34	38	50	51	52	53	54	55	57	58	60	63	83	86	89	97	
1750	30	33	38	43	44	45	45	46	47	49	50	52	54	60	
1751	43	45	46	47	48	68	68	
1752	9	12	13	19	24	29	43	46	65	
1753	9	12	14	15	16	17	18	19	20	68	
1754	6	15	17	19	20	21	22	23	24	56	73	
1755	22	24	50	51	52	53	54	57	60	
1756	48	50	53	86	88	89	91	92	94	95	
1757	52	55	77	79	80	81	83	84	85	87	89	91	95	
1758	67	81	85	92	
1773	9	14	
1774	7	8	10	11	12	13	14	15	16	20	26	
1775	11	12	14	15	16	17	18	18	19	21	23	25	
1776	17	18	21	22	
1777	53	57	
1778	50	51	53	54	92	
1779	49	50	58	83	86	87	88	89	89	91	93	95	98	
1780	77	78	80	81	82	83	84	85	86	89	97	
1781	9	13	80	84	90	94	
1782	7	9	10	12	13	14	15	58	86	94	
1783	16	18	20	51	53	55	58	61	79	81	83	85	87	89	91	94	97	
1784	16	18	20	22	51	55	62	88	
1785	31	35	44	48	50	60	
1786	9	12	13	15	22	23	25	43	65	68	
1787	2	5	15	22	24	25	57	
1788	25	53	54	55	92	97	
1789	50	54	60	83	86	87	88	89	90	91	93	93	95	97	
1790	53	77	79	81	81	83	84	85	86	88	89	95	100	
1791	55	78	80	82	86	91	
1792	82	
1801	73	
1806	21	
1807	6	8	12	
1808	5	6	8	9	10	11	13	14	15	19	
1809	6	12	12	15	16	20	23	83	87	97	
1810	18	22	87	92	96	
1811	51	52	53	54	55	87	88	89	90	91	93	95	96	
1812	50	54	82	85	86	87	88	88	89	90	91	94	96	
1813	53	78	80	81	82	84	85	85	87	88	89	91	93	
1814	79	81	84	86	90	94	
1815	11	85	89	
1816	5	6	8	10	12	15	80	85	
1817	6	9	10	11	13	14	15	20	78	80	83	85	86	88	90	94	
1818	13	15	82	86	87	88	89	90	92	94	95	
1819	87	88	91	93	
1820	53	56	90	92	96	
1821	52	56	86	87	90	91	96	98	
1822	54	83	86	87	89	90	92	94	96	
1823	54	77	80	81	82	84	85	85	87	89	92	
1824	78	80	82	84	87	94	
1825	61	79	
1842	4	8	9	11	14	
1843	7	11	13	15	80	83	85	87	89	93	97	
1844	53	77	81	83	84	85	86	87	88	89	91	93	95	98	100	
1845	55	77	81	82	83	84	85	86	87	88	89	90	91	95	100	
1846	77	78	80	80	81	82	83	84	85	86	89	90	93	
1847	80	82	83	86	91	
1848	9	10	11	12	80	85	
1850	13	
1851	7	10	15	80	87	90	
1852	8	10	12	14	15	77	78	80	81	82	83	84	85	87	88	90	90	96	99	
1853	7	81	82	84	85	85	87	89	90	91	95	98	
1854	78	81	82	85	86	88	89	91	94	96	99	
1855	76	77	81	82	83	84	84	85	86	87	88	90	94	98	
1856	78	79	80	81	84	86	88	88	90	94	101	
1857	78	79	82	84	100	
1858	79	
1865	64	
1872	43	
1876	18	91	
1877	79	83	87	94	
1878	78	80	81	84	86	89	97	
1879	78	79	81	82	84	85	88	89	92	100	
1880	78	80	83	86	
1881	80	85	
1882	26	
1883	21	
1884	102	
1885	81	83	
1886	78	80	83	90	94	
1887	78	78	80	81	82	83	85	86	89	
1888	78	79	80	81	82	83	85	87	90	93	
1889	78	78	79	80	82	84	88	89	97	
1890	79	81	84	94	
1891	79	89	
1892	99	
1897	27	
1912	78	81	84	88	96	
1913	79	83	84	
1914	79	83	
1916	34	
1920	88	
1921	80	85	
1922	81	85	99	
1923	82	
1924	85	
1925	69	
1928	52	
1929	65	
1951	36	
1959	65	
1976	8	
1982	4	
1985	35	
2001	28	
2008	8	
2010	38	
2029	84	
2043	58	
2047	99	
2049	13	
2053	39	71	
2073	97	
2101	16	
2126	81	
2139	99	
2178	11	
2196	1	
2199	104	
2218	7	11	
2228	99	
2233	98	
2249	9	
