143	92	97	
145	33	
175	53	57	59	
176	48	51	
177	46	87	89	91	94	
178	7	15	18	87	90	92	93	96	
179	17	20	
209	55	56	57	58	60	
210	47	49	50	52	53	54	
211	10	47	48	49	82	85	87	89	91	92	93	97	100	
212	7	10	11	13	13	14	16	82	84	85	86	88	89	90	93	94	101	
213	12	15	16	17	18	20	85	87	92	93	
214	17	18	21	
218	10	11	
242	58	
243	52	53	55	56	57	57	59	61	
244	47	48	50	51	51	52	54	55	97	
245	9	44	45	46	47	48	49	53	81	85	90	95	
246	2	4	9	10	11	13	14	82	83	84	86	89	99	
247	7	11	12	14	15	16	17	18	18	19	20	24	83	85	102	
248	17	18	19	21	
262	92	
263	92	96	
276	58	
277	52	55	55	56	56	57	59	60	62	
278	46	47	48	50	51	51	52	53	53	54	54	55	58	
279	4	9	45	46	47	49	49	51	89	92	94	
280	5	7	9	10	11	12	13	14	15	83	84	89	94	
281	8	12	15	15	16	17	17	19	20	21	23	83	
282	17	18	19	20	22	24	
294	56	
295	51	54	
296	9	46	47	48	51	88	90	92	95	101	
297	10	12	15	82	85	87	90	91	93	94	97	103	
298	16	
299	18	
310	57	
311	52	53	55	56	56	57	58	59	60	62	
312	33	46	47	49	50	51	52	52	54	54	55	60	
313	8	44	46	47	48	49	50	90	
314	4	6	8	10	11	12	14	15	
315	5	10	12	13	14	15	15	16	17	17	18	18	19	20	22	24	71	83	103	
316	17	20	21	23	
328	56	57	57	59	61	
329	47	48	50	51	52	53	54	55	56	58	
330	46	47	48	49	49	82	85	91	
331	7	9	10	11	12	13	14	15	82	83	84	85	86	87	88	90	92	94	
332	12	15	16	17	19	85	87	88	92	95	101	
333	16	17	18	19	
345	52	53	55	56	56	57	58	59	61	
346	46	47	48	49	50	51	51	52	53	54	54	55	
347	9	45	46	49	49	91	97	
348	4	7	9	10	11	12	14	15	15	18	
349	12	13	14	15	16	17	17	18	19	20	23	24	27	
350	20	22	
362	56	56	57	60	62	
363	51	51	52	54	55	55	56	57	58	59	
364	45	46	47	48	49	50	50	51	53	58	
365	5	7	9	10	11	13	14	45	49	82	84	100	
366	6	8	10	12	12	14	15	16	18	19	24	84	85	88	89	93	95	101	
367	16	17	17	20	22	
378	57	
379	52	53	54	55	56	56	57	58	59	60	61	
380	46	47	48	50	51	51	52	53	54	55	
381	9	10	14	45	46	48	49	50	
382	3	5	7	10	11	12	12	14	14	15	
383	12	13	15	15	16	16	17	18	19	20	22	24	
384	18	22	
387	58	
388	54	
389	87	90	91	95	98	
390	12	14	87	91	92	94	97	
391	16	17	19	93	
396	57	62	
397	51	52	53	54	55	56	57	58	58	59	60	62	
398	47	48	49	50	51	51	52	53	54	
399	9	10	45	48	49	50	
400	7	10	11	11	12	13	13	14	15	18	23	84	85	87	93	101	
401	16	17	17	18	19	20	21	24	86	102	
413	52	55	56	56	57	58	59	60	61	
414	48	49	50	51	51	52	53	54	55	55	64	98	
415	9	44	47	49	49	51	92	
416	1	5	6	8	9	10	11	12	13	13	14	15	15	19	
417	13	15	16	16	17	18	19	20	21	22	24	
418	18	19	22	
420	58	
421	52	55	56	60	
422	50	51	53	88	91	93	94	97	
423	82	86	87	89	90	91	93	93	95	98	
424	8	10	11	13	14	15	18	82	84	85	86	87	88	90	91	92	93	96	101	
425	13	15	16	17	19	87	90	92	97	
426	17	
430	57	58	
431	52	54	55	55	56	57	58	59	61	
432	47	49	50	51	52	53	54	55	56	
433	9	13	48	49	
434	5	7	8	10	11	12	13	13	14	14	15	18	83	85	
435	15	16	17	18	19	20	20	22	23	27	84	102	
436	18	57	57	58	
447	52	54	55	56	57	57	58	58	60	61	63	
448	47	48	50	51	52	52	53	54	54	55	59	
449	8	9	13	45	46	49	49	50	53	98	
450	1	4	7	10	11	11	12	14	14	15	23	
451	13	16	19	20	21	23	
454	53	56	57	59	62	
455	51	52	53	54	55	56	59	91	96	
456	50	52	55	82	84	86	87	90	91	95	97	100	
457	8	13	82	84	85	86	89	90	95	
458	5	6	9	10	11	14	15	82	83	83	84	85	86	89	92	95	100	
459	7	10	11	13	14	15	16	17	18	19	21	83	83	84	86	87	89	91	94	97	
460	16	17	18	18	20	87	
464	56	58	58	61	
465	53	54	55	56	59	61	
466	38	49	50	51	52	54	55	58	91	92	93	96	
467	8	10	43	47	50	91	97	
468	5	7	9	10	11	11	12	14	14	15	15	16	18	19	23	26	41	
469	12	13	16	17	17	19	20	20	21	22	24	49	50	
470	18	
481	55	56	56	57	57	58	60	61	
482	47	48	50	51	51	52	53	54	55	56	
483	9	43	45	46	47	49	49	50	
484	5	6	8	9	10	11	12	13	14	14	15	
485	7	12	13	15	16	18	20	22	24	
486	17	18	
487	57	60	
488	52	53	53	55	56	58	93	
489	52	53	54	55	56	60	86	87	89	91	92	94	95	102	
490	51	55	80	82	84	85	86	88	89	90	91	93	96	
491	82	84	86	89	94	100	
492	4	6	9	10	12	13	15	46	84	88	
493	7	10	11	12	14	15	16	19	83	84	86	89	91	93	96	
494	8	13	16	17	19	22	85	87	90	92	94	96	99	
495	17	92	
498	53	57	60	63	92	
499	51	52	54	55	59	86	88	90	91	93	95	96	
500	53	83	84	86	88	89	90	92	94	96	99	
501	8	10	11	14	16	19	85	90	
502	3	5	6	10	11	12	13	13	14	15	15	16	17	18	18	19	20	21	44	70	
503	15	17	19	20	21	22	23	24	
504	23	
515	55	57	57	59	61	
516	37	51	52	52	53	54	55	56	56	57	58	59	60	
517	3	32	45	45	47	48	48	49	50	50	52	53	
518	6	8	10	11	13	14	43	45	46	47	48	49	
519	3	6	10	11	12	14	15	18	83	86	88	88	90	92	94	97	100	
520	87	91	93	95	97	
521	52	61	87	91	92	97	
522	52	54	57	58	86	87	89	91	92	95	97	99	
523	36	46	50	53	63	82	83	85	86	87	89	90	91	94	99	
524	34	42	45	60	81	84	86	88	91	
525	16	17	18	19	21	41	45	46	48	48	51	56	57	58	66	70	
526	8	18	21	23	24	29	37	39	44	45	46	47	47	49	51	71	85	
527	2	5	6	9	10	13	13	14	43	45	46	47	48	49	69	82	84	86	88	
528	6	10	12	13	15	46	81	82	83	84	86	87	88	90	91	93	95	100	
529	11	17	82	86	87	88	88	90	91	92	94	95	97	99	
530	86	88	90	92	95	97	
531	87	90	91	93	94	96	
532	55	62	86	88	91	92	93	95	100	
533	53	55	82	85	86	87	88	89	90	91	93	95	100	
534	9	10	16	81	82	83	84	85	87	89	91	95	102	
535	5	6	8	10	11	12	13	13	14	15	16	17	18	19	20	25	40	69	84	
536	4	11	12	15	16	17	18	19	20	21	22	23	23	25	
537	21	22	
541	90	91	91	
549	63	
550	52	53	54	55	56	56	57	58	59	60	61	
551	48	49	50	51	52	53	53	54	56	56	59	64	67	
552	8	42	44	45	46	47	47	49	49	50	
553	2	6	10	12	15	44	46	47	48	83	84	85	86	90	93	103	
554	82	83	85	86	87	88	90	91	93	94	95	97	101	
555	61	82	83	84	85	86	87	88	90	90	91	93	93	94	95	97	100	
556	17	39	43	54	82	83	84	86	87	88	89	90	91	93	96	100	
557	13	16	17	19	32	38	40	43	47	50	80	82	83	85	87	89	98	
558	7	12	14	15	16	18	18	19	20	21	45	48	70	74	84	
559	17	19	19	20	21	22	24	25	31	44	52	55	56	57	57	58	59	60	62	
560	21	23	23	25	29	42	44	47	48	49	50	51	51	52	53	54	55	56	56	57	60	
561	42	44	45	46	47	48	49	49	50	50	54	56	66	
562	10	13	28	38	44	45	46	46	47	48	49	82	84	85	88	93	99	
563	6	8	11	43	46	82	83	83	84	85	86	89	91	93	98	100	
564	82	83	84	85	86	87	89	90	92	94	95	100	
565	37	82	82	84	85	86	87	88	88	89	90	91	93	94	99	
566	53	82	83	83	84	86	86	88	89	90	91	93	95	99	
567	10	13	16	19	39	43	44	46	67	82	83	84	86	87	89	100	
568	8	9	10	11	12	14	15	16	17	19	20	70	81	84	
569	8	12	13	14	15	15	16	16	17	18	19	19	20	20	21	22	23	25	27	
570	1	18	21	22	24	
584	53	57	60	
585	51	52	53	54	55	55	56	56	57	57	58	58	59	60	62	
586	4	32	45	46	47	48	49	50	51	51	52	53	54	54	55	56	57	58	60	
587	39	42	43	45	46	47	48	49	49	50	56	
588	41	44	45	46	47	49	68	82	82	83	84	86	88	90	101	
589	11	16	19	41	66	81	82	83	84	85	86	88	90	
590	9	11	13	13	15	16	17	19	19	21	40	45	46	70	80	82	84	
591	12	13	15	17	18	19	20	21	22	23	25	26	44	70	83	
592	15	20	21	22	24	25	26	
593	21	23	23	25	60	
594	51	53	55	55	56	57	58	59	60	62	63	
595	31	35	37	50	51	51	52	54	55	55	56	56	57	59	61	
596	4	24	30	43	45	47	48	49	50	50	51	52	53	54	56	57	58	58	59	
597	23	26	30	37	42	44	45	45	46	47	48	48	49	50	51	54	56	57	83	85	
598	21	30	37	41	43	45	46	47	49	50	52	67	69	82	84	85	86	88	100	
599	19	41	44	46	47	48	50	59	67	80	82	82	83	84	85	90	98	
600	8	13	16	18	20	27	40	45	47	48	66	81	82	84	85	90	99	
601	9	11	13	14	16	17	18	19	20	21	29	40	43	70	81	83	85	
602	5	7	10	11	12	13	14	15	16	18	18	19	20	21	21	23	25	29	44	69	
603	20	21	21	22	23	25	
619	57	58	60	62	
620	30	51	53	54	55	56	57	57	59	60	63	
621	31	35	36	45	48	49	50	51	52	53	54	57	59	61	
622	10	23	25	43	43	44	45	47	49	49	50	54	84	
623	10	11	14	15	19	21	24	29	42	44	45	48	69	83	
624	5	11	13	14	15	17	19	20	21	22	23	25	49	
625	20	21	22	23	24	
626	24	
628	62	
629	60	62	
630	35	51	53	53	54	55	56	57	59	60	63	
631	24	49	50	52	54	55	56	57	59	61	
632	23	23	25	43	44	45	47	50	51	52	54	55	58	59	83	
633	19	21	23	25	28	44	45	48	49	50	54	65	83	
634	8	9	11	13	14	19	21	22	24	25	27	30	43	45	50	
635	11	13	14	15	19	20	21	22	24	25	45	68	
636	5	21	22	23	24	25	
655	53	55	61	63	
656	18	20	25	
657	17	17	24	25	
658	22	25	
665	55	61	
666	24	55	62	
667	10	24	55	
668	12	14	24	
669	22	24	
1160	35	
1170	53	
1171	36	
1187	64	
1191	41	
1214	63	
1227	33	
1231	74	
1233	18	
1236	52	
1250	14	
1264	38	
1265	42	
1267	69	
1268	68	
1273	75	
1298	16	
1299	22	41	45	48	66	
1300	45	46	47	50	60	
1301	44	
1330	17	
1332	19	37	57	
1333	16	17	19	20	24	43	53	56	58	58	
1334	22	26	41	45	46	47	49	50	52	56	63	
1335	45	46	48	50	
1339	16	
1343	21	
1347	91	
1348	97	
1351	54	
1366	8	10	11	13	14	15	16	18	24	
1367	13	16	17	18	19	20	25	26	55	56	57	58	58	60	60	62	
1368	17	21	23	42	45	46	47	50	51	51	53	54	55	57	59	
1369	44	46	47	48	50	51	65	
1370	49	
1371	29	
1374	12	
1375	28	
1382	14	
1384	45	
1385	50	
1386	46	
1387	57	
1395	2	
1397	17	
1399	9	13	
1400	7	9	10	11	12	13	14	15	17	19	25	
1401	12	13	15	16	16	17	19	20	22	24	56	57	59	60	63	
1402	22	48	50	51	51	53	53	54	55	56	58	
1403	45	46	48	49	50	51	52	54	58	63	
1406	85	
1414	24	
1416	21	
1417	18	40	
1418	16	22	32	43	58	
1419	45	46	47	51	59	
1420	49	59	
1421	49	
1433	10	12	28	
1434	4	7	8	10	10	11	12	14	14	15	17	18	20	23	
1435	13	15	17	17	18	19	20	22	25	26	53	55	56	57	58	59	61	69	
1436	18	21	23	47	50	51	51	52	53	54	55	57	59	62	
1437	46	48	49	51	53	
1438	48	51	
1439	42	
1444	23	
1450	8	23	
1451	11	14	16	35	35	
1452	16	17	18	19	20	23	56	57	59	62	
1453	17	22	41	43	45	47	48	50	51	52	55	57	
1454	45	46	47	49	50	
1455	46	50	
1458	3	
1464	10	
1467	8	11	15	16	
1468	5	6	9	10	11	12	13	13	14	16	25	
1469	12	13	16	17	18	19	20	21	22	23	53	56	57	58	60	63	
1470	22	47	48	50	51	52	54	54	55	59	
1471	49	50	53	61	
1472	48	54	
1474	58	84	
1477	26	
1479	47	
1483	29	
1484	9	15	
1485	6	9	11	14	21	24	
1486	13	14	15	16	17	19	20	24	53	55	56	57	58	60	62	
1487	17	18	22	51	51	53	53	54	56	57	60	
1488	44	46	46	47	49	50	51	52	55	57	58	
1489	46	49	53	
1491	71	
1501	9	13	20	
1502	4	7	9	10	11	12	13	13	14	15	18	21	57	58	
1503	13	15	16	16	17	18	19	20	21	25	53	55	56	57	57	59	63	
1504	22	23	46	48	50	52	53	54	55	56	62	
1505	45	49	50	54	91	98	
1506	48	54	
1510	20	37	
1511	21	44	48	68	
1512	44	46	48	52	66	
1513	24	46	51	
1514	98	
1517	18	
1518	10	14	28	
1519	6	10	11	14	15	18	
1520	7	12	13	14	15	16	17	18	20	25	58	61	
1521	16	17	21	22	51	52	55	56	56	57	58	60	64	
1522	45	46	47	49	50	50	51	52	53	54	56	59	63	
1523	48	49	52	
1524	48	
1527	104	
1529	6	
1532	91	
1535	9	15	
1536	4	7	9	10	11	12	13	13	14	15	15	16	58	
1537	12	16	17	18	19	19	20	23	24	52	53	55	56	57	59	60	
1538	18	22	46	47	50	50	51	53	54	56	62	93	95	
1539	46	48	51	53	57	58	89	
1540	49	
1543	8	16	
1544	12	17	19	22	26	
1545	17	18	20	21	24	26	38	44	46	52	56	57	58	
1546	22	25	44	46	48	49	50	52	53	56	61	
1547	43	47	49	51	57	
1548	50	55	
1549	21	
1552	8	
1553	10	11	13	15	18	
1554	3	6	8	11	12	15	16	18	20	22	88	
1555	17	20	21	23	24	26	53	55	56	57	58	59	59	61	62	
1556	46	47	47	50	51	51	53	53	54	55	
1557	45	48	48	49	50	
1558	67	
1569	9	12	14	
1570	3	5	6	8	9	10	11	12	13	14	15	16	19	
1571	15	16	17	18	19	19	20	23	24	53	55	55	56	57	58	58	60	60	62	72	
1572	22	46	47	48	50	51	52	54	55	56	60	91	
1573	46	49	54	85	89	102	
1574	50	64	
1576	8	
1577	10	13	18	22	27	28	
1578	7	10	12	14	15	17	19	20	23	23	29	29	57	72	
1579	16	17	18	19	20	21	24	26	53	56	57	57	58	59	61	65	
1580	21	22	46	47	48	49	51	52	53	54	56	59	
1581	43	45	46	47	49	49	50	52	54	56	
1582	44	46	50	
1586	14	
1587	4	7	8	10	14	41	
1588	6	10	11	12	13	13	14	15	16	17	18	20	24	84	
1589	16	17	17	19	20	21	52	53	55	55	56	57	59	60	62	
1590	46	46	47	50	50	51	52	53	53	54	55	58	
1591	45	46	48	49	55	
1592	69	
1593	54	
1602	19	83	
1603	8	11	
1604	3	6	9	10	11	12	14	15	19	26	
1605	13	15	16	17	18	19	20	22	24	53	55	56	57	59	61	84	
1606	46	47	49	50	51	52	54	54	56	59	
1607	42	44	47	48	51	98	
1610	11	13	22	26	28	41	
1611	7	8	10	11	14	15	16	18	18	19	22	40	
1612	10	12	13	14	15	15	16	17	19	20	20	22	24	26	
1613	17	20	20	22	23	24	28	52	57	58	60	61	
1614	51	52	53	53	54	55	56	57	58	60	61	64	
1615	42	44	45	46	48	48	49	50	51	52	54	59	
1616	38	39	44	46	49	50	51	59	79	
1617	50	
1618	39	
1619	26	
1620	8	17	20	38	71	
1621	8	10	11	13	15	17	18	23	27	40	69	
1622	6	11	12	14	15	16	17	18	19	20	21	24	71	
1623	13	20	21	22	24	52	55	55	56	57	58	59	61	
1624	22	47	50	51	51	52	53	54	54	55	57	
1625	47	53	54	
1626	53	53	54	
1628	60	
1637	8	16	
1638	4	7	10	11	12	13	13	14	15	
1639	13	15	16	17	18	19	21	23	52	55	57	58	59	61	86	
1640	17	21	32	42	48	50	51	52	53	54	55	56	57	60	63	
1641	38	44	45	46	47	48	49	50	51	55	56	
1642	33	39	45	48	49	
1643	40	47	66	70	
1644	9	10	13	14	15	18	19	22	39	
1645	6	9	11	12	13	14	15	16	16	17	19	20	21	24	70	
1646	13	15	17	18	20	21	22	23	24	
1647	21	23	57	62	
1648	52	54	55	55	56	57	58	58	59	61	
1649	30	42	47	49	50	51	51	53	53	54	55	57	59	
1650	40	44	45	46	47	48	49	50	50	52	54	56	58	66	
1651	26	40	44	45	46	47	48	48	50	59	67	
1652	20	40	44	47	49	
1653	23	42	47	49	
1654	9	12	14	17	19	20	25	26	39	48	
1655	6	9	11	12	13	14	15	16	18	18	19	21	41	45	68	
1656	6	14	15	17	20	21	22	23	24	25	56	57	70	
1657	23	50	51	52	54	55	56	59	62	
1658	50	52	53	54	60	88	90	91	93	95	96	
1659	55	93	96	
1660	54	
1663	85	85	85	86	
1667	24	
1672	4	8	9	10	12	13	15	19	
1673	7	8	11	12	15	15	19	22	57	60	61	86	91	94	
1674	17	18	20	22	31	52	52	53	54	55	56	57	58	60	62	
1675	42	47	49	50	51	53	54	58	
1676	26	39	44	45	46	47	48	49	53	
1677	11	13	15	19	22	24	43	44	48	49	
1678	8	9	11	12	14	15	16	17	18	19	21	22	24	70	
1679	12	14	15	19	20	22	24	25	
1680	22	25	
1681	97	
1682	53	55	58	59	61	91	92	97	
1683	18	51	52	54	55	55	57	58	59	60	
1684	30	45	50	51	52	54	55	56	57	59	61	79	
1685	38	42	44	45	48	49	50	51	52	54	55	56	58	67	
1686	23	25	27	42	45	46	48	49	50	65	
1687	9	12	14	17	19	22	27	39	45	46	65	71	
1688	9	12	14	15	17	18	19	21	23	24	27	44	49	68	
1689	12	17	19	20	21	23	24	57	58	70	
1690	21	22	23	23	25	51	52	53	56	59	63	
1691	49	50	52	54	58	91	92	96	
1692	51	54	82	83	85	85	86	88	89	91	93	95	99	
1693	85	89	
1704	47	
1706	5	7	8	10	15	
1707	6	9	10	11	13	13	14	15	16	19	83	84	85	87	88	91	94	98	100	
1708	13	17	20	24	53	55	58	60	63	86	88	91	93	93	95	
1709	16	18	32	51	54	55	60	
1710	23	54	65	
1711	10	14	21	23	25	27	45	49	65	93	
1712	12	21	22	24	25	91	
1713	23	25	93	
1714	54	88	91	92	94	95	97	
1715	83	86	86	87	89	90	91	92	93	94	96	98	100	
1716	10	12	14	15	82	85	86	87	88	89	90	92	93	95	100	102	
1717	16	86	87	91	92	94	95	97	
1718	16	55	61	
1719	18	24	54	59	
1720	24	50	54	60	64	
1721	12	14	21	23	24	26	
1722	21	23	23	25	58	
1723	23	25	56	57	59	62	
1724	50	51	52	53	54	55	56	93	98	
1725	52	53	55	81	85	86	88	89	90	92	94	96	99	
1726	54	81	83	85	87	90	
1727	18	18	19	48	85	89	
1740	11	15	
1741	4	6	9	11	14	85	90	
1742	7	9	11	12	13	13	14	15	16	19	83	84	85	87	90	93	95	99	
1743	15	16	20	88	91	93	96	
1744	17	
1746	53	93	96	
1747	53	83	86	87	89	91	92	94	96	99	
1748	82	83	86	87	88	88	89	89	91	92	93	94	97	100	
1749	8	80	81	82	84	85	86	89	91	97	
1750	5	9	12	13	80	81	83	83	84	85	87	88	90	94	98	
1751	6	10	11	14	16	82	82	84	85	86	87	88	90	93	94	96	100	
1752	7	11	13	14	15	83	86	86	87	89	90	91	92	94	95	97	99	
1753	87	88	91	92	95	96	
1754	16	92	93	
1755	93	
1756	93	
1757	54	55	59	92	95	98	
1758	53	53	55	59	86	87	88	90	91	93	94	95	97	
1759	81	83	83	85	86	90	92	94	
1760	82	84	93	
1775	11	85	102	
1776	5	7	8	10	13	14	83	84	85	90	101	
1777	7	10	11	12	13	15	82	84	85	86	87	89	91	94	96	100	
1778	86	87	90	91	92	93	94	96	
1779	53	54	87	90	91	92	94	95	96	102	
1780	82	83	86	87	88	89	90	91	92	94	95	98	99	
1781	81	83	83	85	87	88	90	93	99	
1782	80	82	84	85	86	89	91	
1783	82	83	86	88	
1784	14	82	85	96	
1785	16	82	83	85	88	90	
1786	7	10	14	83	83	84	85	87	89	91	94	101	
1787	7	10	12	14	15	17	82	82	85	86	87	89	90	91	93	96	99	
1788	6	12	86	88	89	90	91	93	94	96	99	
1789	86	87	90	91	92	93	94	96	99	
1790	87	88	90	91	92	94	95	96	99	
1791	54	82	82	85	86	87	88	88	89	90	91	93	94	96	
1792	82	84	85	86	87	88	89	90	94	100	
1793	82	85	89	98	
1808	11	
1810	10	88	
1811	12	83	84	86	90	93	
1812	81	82	83	84	84	85	86	87	88	90	91	96	98	
1813	81	82	85	86	87	88	88	89	91	93	97	99	
1814	81	83	84	85	85	87	90	
1815	81	84	87	91	96	101	
1816	84	92	
1819	86	105	
1820	13	84	87	
1821	82	83	84	87	89	95	
1822	82	84	85	86	89	91	95	100	
1823	81	82	83	83	84	85	86	87	88	89	92	97	99	
1824	81	82	82	83	84	85	85	86	89	90	93	95	99	
1825	80	81	83	83	84	85	86	90	93	
1826	82	84	85	87	93	100	
1827	86	89	
1828	95	
1832	81	
1844	5	
1845	12	83	86	103	
1846	82	84	89	
1847	83	84	86	89	93	
1848	85	90	
1849	84	
1850	99	
1855	84	
1856	83	85	89	
1857	84	
1858	83	85	88	
1859	84	
1860	87	
1880	93	
1881	83	93	
1886	82	
1890	99	
1891	84	
1892	84	
1895	35	
1897	65	84	
1905	83	
1924	51	
1925	94	
1926	87	
1927	90	
1935	80	
1936	72	
1954	11	
1958	21	
1959	90	
1961	104	
1974	28	
1975	39	
1976	56	
1978	50	
1982	62	
1987	84	
1988	3	
1994	78	
1997	6	
2000	81	
2010	62	
2012	100	
2013	8	
2014	60	
2017	43	
2029	1	
2032	78	
2035	88	
2036	56	
2043	71	
2059	28	
2075	98	
2076	10	
2087	49	
2092	23	
2110	97	
2111	104	
2113	22	
2119	102	
2124	4	
2143	4	
2147	40	
2208	98	
2212	8	
2287	103	
