48	59	
49	65	
79	46	
88	92	
89	87	90	92	97	
90	87	91	97	
120	92	
121	83	87	89	91	93	96	
122	81	82	85	86	87	89	90	91	92	95	
123	81	82	84	85	86	87	89	90	92	96	
124	81	82	84	85	86	87	88	89	91	92	93	98	
125	16	83	87	90	91	93	96	
126	17	93	
144	93	
152	56	
153	53	57	
154	51	82	85	86	88	89	91	94	
155	52	54	79	81	82	83	84	85	86	87	88	89	91	97	
156	79	80	81	82	83	84	85	86	88	88	89	95	
157	7	8	11	78	78	79	80	81	82	84	85	86	89	94	
158	8	10	12	13	15	79	80	81	83	83	84	86	88	90	97	
159	12	15	18	79	80	81	82	84	85	86	88	88	89	91	92	96	
160	12	18	82	85	86	87	88	88	89	91	92	96	
161	16	19	86	88	90	91	
177	91	97	
178	86	87	90	92	
179	83	87	89	91	
181	23	
185	57	92	
186	37	56	57	59	
187	47	48	51	52	53	54	55	56	58	
188	46	48	49	50	52	55	80	82	85	
189	38	38	48	54	78	79	80	81	82	84	85	89	95	
190	16	46	79	80	81	82	83	
191	18	41	44	47	49	70	79	80	83	99	
192	5	8	9	11	13	15	46	48	79	80	81	
193	4	7	9	11	14	15	79	80	81	82	83	85	
194	6	10	12	14	15	16	79	80	81	82	83	83	85	86	87	89	90	92	96	
195	7	16	79	81	82	83	85	86	88	89	90	91	94	98	98	
196	16	17	20	87	90	92	
197	18	
209	57	
210	52	
211	9	82	85	87	88	88	90	92	94	
212	11	81	82	83	83	85	86	87	88	89	90	92	95	99	
213	7	12	14	81	82	84	85	86	88	88	90	91	93	94	
214	16	82	86	87	88	90	91	96	
215	16	
218	83	85	86	87	88	90	92	93	98	
219	82	85	86	88	89	90	92	95	
220	17	52	53	55	56	57	58	59	61	
221	47	48	51	51	52	53	53	54	55	61	
222	41	44	45	46	47	48	49	50	51	54	60	
223	14	39	44	46	57	61	69	79	
224	16	17	18	18	19	20	21	22	26	29	35	45	48	50	52	55	56	57	58	58	60	65	69	71	
225	20	21	22	23	23	28	40	44	45	47	49	50	51	52	54	56	57	59	61	69	
226	21	22	25	43	44	45	46	46	47	48	48	49	50	51	54	71	
227	2	9	14	43	45	46	47	48	50	78	80	
228	8	10	12	13	79	80	81	86	
229	8	10	11	12	13	14	16	79	80	81	82	84	87	90	94	
230	12	15	16	17	18	18	19	81	83	83	86	90	98	
231	17	17	19	
242	58	
243	52	56	57	59	
244	46	47	50	51	53	53	
245	46	48	79	81	82	84	85	87	91	95	
246	7	78	79	80	81	82	84	86	89	
247	7	9	13	15	16	79	80	81	82	83	84	86	90	97	99	
248	7	10	12	14	16	16	17	19	80	81	82	83	
249	16	17	18	20	26	
250	52	56	57	58	
251	46	48	48	50	53	87	88	91	94	
252	80	81	82	84	85	86	87	88	90	93	94	
253	8	8	11	13	13	15	79	80	81	83	83	84	86	89	91	96	
254	16	16	17	19	53	55	57	63	83	84	90	98	
255	17	33	34	51	51	52	53	54	55	58	59	
256	9	45	45	49	50	64	
257	6	12	14	15	19	24	27	44	49	65	71	
258	18	20	21	22	24	53	56	57	59	61	
259	21	23	25	33	36	51	52	52	54	55	56	56	57	58	58	59	60	61	
260	47	48	49	50	50	51	51	53	53	54	55	57	
261	44	45	46	46	47	48	49	50	51	
262	5	8	13	45	46	
263	5	7	8	10	11	12	14	14	79	81	84	
264	7	10	11	12	13	14	14	15	16	17	19	20	80	81	86	90	96	
265	16	17	18	19	21	23	27	
276	58	
277	34	52	53	54	55	56	57	58	58	60	62	
278	46	47	47	48	48	49	50	51	52	53	53	54	55	
279	45	46	47	49	50	80	85	
280	11	79	80	83	84	88	94	98	
281	8	9	10	11	13	13	14	15	16	18	28	78	79	81	
282	4	6	11	12	14	15	15	16	17	18	18	19	20	79	
283	17	18	20	20	21	56	57	58	59	
284	48	51	52	53	55	56	60	
285	46	47	49	50	52	53	82	84	87	90	
286	5	9	10	49	78	79	81	82	83	85	88	91	
287	7	9	11	12	13	13	14	79	80	80	85	89	98	
288	7	11	12	16	17	19	20	21	80	89	
289	17	21	
291	24	
292	24	
293	53	54	55	56	57	57	58	59	60	62	
294	33	48	49	50	51	51	52	53	53	54	55	55	56	57	59	60	63	
295	44	45	46	47	48	48	49	50	51	52	
296	44	46	49	49	51	
297	4	7	9	10	11	13	14	15	15	
298	6	8	11	12	13	14	15	16	18	18	19	20	80	
299	16	17	18	18	19	20	21	23	
310	57	57	
311	35	52	53	54	55	55	56	56	57	58	58	60	
312	46	47	48	49	50	51	51	52	53	53	54	55	56	61	
313	44	45	46	47	49	50	84	
314	8	9	10	14	48	
315	5	7	9	11	11	12	13	14	14	15	16	17	18	69	
316	2	12	14	15	16	17	18	18	19	20	20	21	23	25	27	
317	21	22	24	56	57	58	59	62	
318	47	47	50	51	52	53	53	54	55	57	59	
319	46	47	48	49	50	52	54	82	86	90	
320	8	10	48	80	83	84	
321	4	7	8	10	11	12	13	13	14	15	19	80	84	
322	11	12	14	15	15	16	17	18	18	19	20	24	69	86	98	
323	16	17	18	20	22	
327	57	57	59	
328	35	51	52	53	53	54	55	56	56	57	58	58	59	61	
329	46	47	47	49	49	50	51	52	53	55	57	60	
330	44	45	46	47	48	49	
331	4	8	8	9	10	11	14	15	18	
332	6	11	12	13	14	15	15	16	16	17	18	19	20	21	26	
333	17	17	19	21	22	23	
334	23	
344	57	
345	52	53	55	56	56	57	58	59	61	
346	46	47	48	49	50	50	51	51	52	53	53	54	55	
347	45	46	48	49	50	84	97	102	
348	8	9	11	14	15	18	87	
349	5	6	8	10	11	12	13	14	14	15	16	18	20	24	
350	12	13	16	17	17	19	19	20	21	23	57	
351	18	22	53	55	56	56	57	58	60	
352	47	48	50	51	52	52	53	54	55	56	58	60	
353	44	47	48	49	49	50	52	53	55	83	86	102	
354	9	82	89	
355	2	4	6	9	10	11	13	13	14	15	
356	7	11	12	13	15	15	16	17	18	18	19	20	22	23	
357	17	18	20	21	22	27	
361	58	
362	52	53	54	55	56	56	57	59	60	61	
363	45	47	48	49	49	50	51	52	54	54	55	58	
364	8	45	46	47	49	49	50	
365	5	6	8	10	11	11	12	14	14	
366	6	11	12	13	14	15	16	17	18	19	20	21	24	26	70	93	
367	3	16	17	20	22	23	24	26	
378	57	58	
379	51	52	53	54	55	56	56	57	57	59	60	
380	46	47	47	48	49	50	51	51	52	53	54	58	
381	45	46	49	49	50	
382	7	8	9	11	13	
383	6	8	10	11	12	12	14	14	15	15	16	17	20	70	
384	13	16	17	18	19	20	21	22	23	24	26	58	
385	22	56	56	57	59	61	
386	48	50	51	51	52	53	53	54	55	56	58	61	
387	45	46	48	48	49	50	51	87	93	
388	10	14	
389	4	6	8	9	10	11	12	12	13	14	15	16	17	18	
390	11	13	15	15	16	16	17	17	19	19	20	20	22	23	25	
391	18	20	22	
395	57	61	
396	34	52	54	55	56	57	57	59	61	
397	46	47	48	49	50	51	51	52	53	54	55	55	56	58	59	
398	8	44	46	48	49	50	
399	3	8	10	11	12	14	14	
400	6	10	11	12	13	14	15	16	17	18	20	81	87	91	
401	16	17	17	18	19	21	22	
413	52	53	54	55	56	56	57	58	58	59	61	62	
414	47	48	48	49	50	51	51	52	53	54	54	55	56	
415	44	45	46	47	49	49	50	
416	8	9	11	13	
417	7	9	10	11	12	13	14	14	15	16	18	18	19	
418	12	13	15	16	17	17	18	19	20	21	22	26	57	69	
419	18	22	52	55	56	56	57	58	61	
420	48	51	51	52	53	53	54	55	57	58	86	88	
421	49	50	51	54	82	85	87	92	102	
422	4	9	10	13	49	68	
423	4	7	10	11	11	12	13	14	15	15	16	17	19	21	25	26	
424	14	15	16	17	17	18	18	19	20	21	22	24	
425	21	23	
429	57	58	62	
430	51	52	53	55	56	57	58	59	62	
431	47	49	50	51	52	53	53	54	55	57	88	
432	45	46	47	48	49	50	
433	5	9	10	14	15	
434	6	7	11	12	13	13	14	15	16	17	18	20	80	82	84	
435	15	16	17	18	19	19	20	22	
436	18	22	
446	57	
447	52	53	54	55	55	56	56	57	58	58	59	60	63	
448	47	48	49	50	51	51	52	52	54	54	55	56	58	60	
449	45	46	47	48	49	49	50	54	88	88	
450	7	8	10	11	13	
451	5	7	9	11	11	12	13	14	15	15	16	18	
452	16	17	18	19	20	21	22	24	57	
453	53	54	55	56	58	59	62	92	
454	49	50	51	52	53	54	54	55	56	81	82	86	87	90	92	93	
455	49	50	80	82	84	87	90	
456	8	9	10	12	13	
457	5	7	8	9	10	11	12	12	13	14	15	15	16	17	18	20	24	
458	16	16	17	18	19	20	21	21	22	25	
459	23	
463	56	57	58	
464	52	53	53	55	55	56	57	58	59	62	
465	48	50	51	52	53	54	54	55	57	59	87	91	
466	49	50	54	83	87	89	95	
467	9	11	13	29	84	
468	3	6	8	9	10	11	11	12	13	14	14	15	16	16	18	19	82	
469	2	13	16	17	17	19	19	20	21	22	23	25	
470	22	23	
480	57	
481	53	54	55	56	56	57	58	59	61	
482	46	47	48	49	50	51	51	52	52	53	54	55	56	59	
483	43	45	46	47	48	49	50	
484	8	9	10	13	95	
485	5	7	10	11	12	12	13	14	15	16	18	24	26	93	
486	17	20	21	57	62	83	87	88	90	92	98	
487	51	52	53	54	55	56	58	81	82	84	85	87	88	89	91	93	95	
488	50	51	54	79	81	82	84	86	87	89	90	93	
489	79	81	84	91	99	
490	6	8	10	11	13	13	14	
491	1	7	9	10	11	12	12	14	15	16	17	23	
492	12	16	17	18	19	20	21	22	25	87	92	94	
493	17	22	
497	56	57	58	58	62	
498	50	51	52	53	53	55	56	59	61	91	
499	50	51	52	53	53	54	59	81	82	84	86	87	89	91	95	
500	10	50	78	80	82	85	89	93	
501	9	10	13	14	15	28	
502	4	6	8	11	12	12	14	14	15	16	16	17	18	18	19	19	20	
503	13	15	16	17	19	20	21	21	23	24	
504	21	23	
514	57	
515	52	55	55	56	57	57	58	58	59	61	
516	46	47	48	50	51	51	52	52	53	54	54	55	57	59	
517	44	45	46	47	48	49	50	54	
518	8	10	49	
519	5	6	9	11	12	13	14	15	81	87	91	
520	80	81	83	84	86	87	89	90	92	94	
521	53	54	79	80	81	82	84	85	86	87	88	90	91	97	
522	57	78	80	81	82	83	85	89	98	
523	81	84	99	
524	6	8	10	13	
525	5	6	9	10	11	12	14	15	16	18	81	85	91	
526	11	13	14	15	16	16	18	20	22	79	80	82	83	85	87	88	90	95	
527	17	18	18	20	22	
530	56	57	
531	50	51	52	54	55	56	60	
532	49	51	52	53	53	55	57	59	81	83	85	87	88	91	96	99	
533	49	51	54	55	79	81	82	84	85	87	89	91	96	
534	10	53	80	85	89	
535	4	8	9	10	11	12	12	13	14	14	15	19	
536	3	11	12	13	14	15	16	16	17	18	19	19	20	21	22	24	27	28	28	70	
537	18	20	21	22	23	25	
545	63	
549	52	53	54	55	56	57	57	58	59	60	61	
550	47	47	49	50	51	51	52	53	53	54	55	56	58	59	
551	43	44	45	46	46	47	48	49	50	52	64	
552	11	46	
553	12	83	
554	79	80	81	84	87	
555	78	80	81	84	86	
556	28	79	84	88	
557	17	41	43	47	51	
558	46	47	66	70	
559	7	8	9	10	12	14	22	46	80	100	
560	7	10	11	12	13	13	14	15	15	18	20	79	80	81	83	86	89	92	94	
561	16	17	19	21	82	85	87	88	90	92	95	
562	17	87	
563	58	
564	52	53	56	57	60	
565	50	51	52	53	54	55	83	85	87	88	90	93	94	
566	48	50	52	58	80	82	83	85	86	88	88	90	94	
567	51	79	80	82	83	85	91	
568	9	10	13	14	16	70	83	
569	5	6	8	9	11	11	12	13	14	15	15	16	17	18	19	19	20	25	68	
570	12	15	15	16	17	17	18	18	20	21	22	27	
571	21	23	
583	52	55	56	57	58	59	60	61	
584	47	48	50	50	51	51	52	53	53	54	54	55	56	56	57	58	60	
585	43	45	46	47	47	48	49	49	50	50	51	52	54	56	63	
586	44	46	47	48	50	56	
587	3	44	
588	79	81	97	
589	13	16	40	43	49	67	79	85	94	100	
590	16	18	18	19	40	47	56	57	61	71	75	
591	17	18	19	20	21	23	29	40	44	45	47	48	49	51	55	56	56	57	59	69	
592	21	22	29	44	45	46	47	47	48	49	50	54	68	
593	4	6	8	10	14	23	43	45	46	47	49	50	
594	6	9	10	11	12	13	14	15	24	72	79	81	87	92	
595	10	11	12	15	17	19	80	81	82	84	85	87	88	89	91	94	98	
596	16	17	81	83	85	86	87	89	90	91	93	94	
597	57	86	87	90	91	92	96	
598	52	53	54	55	56	58	87	87	88	90	91	95	
599	50	51	53	54	55	58	82	83	84	85	87	88	89	90	92	97	
600	50	67	80	82	83	85	87	91	94	
601	10	79	
602	6	8	10	11	12	13	14	15	16	16	20	71	
603	5	12	13	14	15	15	16	17	17	18	18	19	19	20	22	23	25	28	70	
604	13	17	18	20	21	22	22	24	
605	23	
617	56	57	59	
618	51	51	52	52	54	54	55	56	57	57	58	59	60	
619	31	36	45	46	47	48	49	50	51	51	52	53	54	54	58	63	
620	37	42	43	44	45	46	47	48	49	49	57	59	
621	26	38	45	46	47	49	68	70	
622	8	16	21	43	46	48	
623	9	11	12	14	14	18	20	42	43	46	67	70	
624	12	14	14	15	16	17	18	18	19	20	20	21	23	26	57	57	70	
625	19	20	21	22	23	24	25	33	44	49	51	52	53	55	56	56	57	58	58	60	61	70	
626	22	22	24	25	45	46	47	49	50	51	52	52	53	54	71	
627	11	43	45	46	47	47	48	49	50	53	
628	9	11	14	44	49	
629	7	9	11	13	14	15	79	80	81	83	85	88	91	
630	12	80	81	82	84	85	87	88	90	92	97	99	
631	80	81	83	84	85	86	86	87	88	90	91	96	
632	54	81	82	83	83	84	85	86	87	88	89	91	93	94	
633	54	55	77	79	80	81	82	83	84	85	86	87	89	91	95	
634	10	19	79	81	84	
635	9	11	13	14	15	16	19	
636	7	10	11	12	13	14	15	15	16	17	17	18	18	19	20	21	24	27	68	
637	12	13	15	16	17	18	19	20	20	21	22	23	23	25	28	70	
638	21	22	
651	62	
652	35	51	52	53	55	55	56	56	57	58	60	61	
653	30	42	50	51	51	52	53	54	55	56	56	58	59	61	
654	37	42	44	45	47	48	49	50	51	52	54	56	57	58	60	66	
655	19	23	26	44	45	46	48	48	50	52	60	70	
656	10	17	19	21	22	24	26	39	43	44	45	47	49	65	69	
657	7	10	12	13	14	14	15	17	19	20	20	22	23	24	26	44	69	
658	12	15	19	20	22	22	24	24	26	69	
659	23	24	25	52	55	56	57	57	58	58	60	61	62	
660	47	50	50	51	52	52	53	53	54	54	55	56	57	58	59	60	
661	31	42	45	46	47	48	48	49	49	50	51	54	56	
662	4	8	44	45	46	48	48	49	
663	10	46	79	84	
664	12	79	80	81	83	83	84	86	90	
665	78	79	80	81	82	84	86	89	94	
666	78	79	80	81	82	84	85	87	89	98	
667	42	79	80	82	86	
668	9	12	14	16	18	38	41	46	80	
669	6	8	8	10	10	11	12	13	14	15	15	16	17	18	19	21	27	70	
670	12	15	16	17	18	18	19	20	20	21	23	24	25	
671	21	22	23	24	
687	54	59	65	
689	15	21	24	54	65	
690	23	23	24	
691	22	23	24	
693	57	58	61	
694	34	50	51	52	53	53	54	55	55	56	57	58	59	60	62	
695	30	38	46	47	48	49	50	51	51	52	53	54	56	56	57	59	60	
696	32	42	44	45	45	46	46	47	48	48	49	50	51	54	70	
697	26	40	44	45	46	46	47	48	50	72	
698	5	13	37	40	46	69	80	
699	30	79	82	
700	14	17	18	42	66	80	84	
701	10	14	16	17	19	40	69	
702	9	11	12	13	14	16	16	17	18	18	19	20	20	23	27	40	44	46	71	
703	5	7	11	12	14	15	16	17	18	19	20	20	21	22	23	45	70	
704	13	15	20	21	22	24	25	
705	22	
728	57	60	
729	51	52	52	53	54	55	56	57	58	58	59	60	61	
730	30	36	47	49	51	51	52	53	53	54	55	56	56	57	60	
731	24	32	37	43	44	45	46	46	47	48	48	49	49	50	50	51	52	55	56	57	58	61	68	72	
732	42	44	45	46	47	48	48	49	50	56	59	66	
733	20	22	25	27	38	42	44	45	46	48	49	50	66	71	
734	6	9	11	13	14	17	19	20	21	22	41	44	45	47	66	70	
735	7	10	12	13	14	15	16	17	18	19	20	20	21	24	27	45	46	70	
736	12	14	17	18	20	20	21	22	23	23	24	25	26	69	
737	21	23	24	25	
738	21	23	25	
763	55	58	61	
764	51	52	54	55	56	57	60	
765	23	51	52	54	55	57	59	60	
766	24	25	29	45	48	49	50	51	53	56	60	71	
767	14	22	24	25	44	45	49	69	
768	8	12	14	15	18	20	21	23	24	25	27	45	49	69	
769	20	21	22	23	24	25	26	
770	21	23	24	
801	23	
802	23	24	
1162	59	
1163	66	
1173	95	
1175	61	
1178	6	
1179	51	
1181	64	
1182	51	61	
1202	68	
1203	18	
1205	29	64	
1206	76	
1207	26	28	
1212	47	
1218	3	19	
1236	50	
1238	70	
1241	68	
1242	28	37	88	
1243	46	
1244	38	42	57	
1245	46	49	70	
1246	47	49	52	57	59	
1247	46	
1250	52	
1251	10	
1276	11	16	20	41	
1277	9	16	17	18	19	22	37	41	46	
1278	16	18	18	19	21	36	44	47	49	57	58	59	67	72	
1279	19	20	22	23	26	34	43	44	46	47	48	50	53	54	56	57	60	64	72	
1280	21	26	42	44	45	46	47	48	49	51	56	59	68	
1281	28	44	46	47	48	49	56	
1282	44	46	47	53	
1283	39	46	
1299	41	
1301	60	
1302	45	
1303	26	67	
1306	21	
1307	18	49	
1309	10	16	18	20	
1310	11	12	14	16	17	18	20	26	40	
1311	9	12	14	16	17	19	20	21	23	25	71	
1312	18	19	20	21	23	23	25	26	45	57	61	
1313	20	22	24	26	45	49	51	52	53	54	55	56	57	59	60	
1314	21	22	26	32	43	45	47	49	50	51	53	54	56	57	59	61	
1315	33	36	42	44	45	47	48	49	50	52	56	57	61	
1316	29	44	46	47	48	49	51	53	56	69	
1317	44	46	47	48	50	72	
1318	44	46	
1333	16	19	40	44	47	
1334	22	28	45	46	47	52	58	70	
1335	43	46	47	50	
1336	45	47	
1338	47	
1340	46	56	
1341	46	
1342	50	
1343	7	8	11	12	14	18	
1344	11	13	14	15	16	16	17	18	19	20	22	23	26	69	
1345	15	17	20	21	22	23	25	
1346	21	22	24	87	90	91	93	
1347	33	55	62	87	87	90	91	
1348	34	51	52	53	55	58	59	61	92	
1349	25	49	50	51	53	54	56	56	57	59	61	
1350	24	27	28	42	44	45	46	47	48	48	49	50	51	54	56	57	59	61	
1351	44	45	46	47	48	49	50	51	54	56	59	
1352	44	46	48	49	51	
1353	71	
1354	65	
1365	29	
1366	14	16	38	
1367	16	17	18	20	58	61	
1368	17	19	20	22	23	28	42	44	46	48	50	53	57	59	70	70	
1369	21	31	43	44	46	47	49	50	52	56	59	63	70	88	
1370	45	45	46	47	48	49	56	
1371	25	44	47	48	
1373	16	35	40	58	
1374	16	18	18	20	25	43	47	56	66	
1375	21	24	46	48	49	51	55	
1376	8	45	68	
1377	9	10	11	13	13	14	15	25	
1378	8	12	13	15	16	17	19	20	92	
1379	22	23	25	87	87	90	91	92	95	
1380	82	82	85	87	88	88	89	90	93	95	
1381	8	11	78	81	82	82	84	85	86	87	88	90	93	93	
1382	13	16	81	82	83	85	86	88	89	90	91	94	
1383	16	17	19	53	57	58	60	63	83	87	92	
1384	34	50	51	52	54	55	56	57	57	59	61	
1385	43	45	46	47	49	50	51	52	53	54	58	58	60	
1386	45	46	47	48	49	51	53	
1387	44	46	49	
1388	56	
1392	3	
1397	36	
1399	13	14	
1400	7	9	10	12	13	14	16	17	20	
1401	12	13	15	16	17	17	19	20	21	23	24	25	34	58	61	69	
1402	20	21	23	23	25	51	53	55	56	57	58	59	61	
1403	21	22	24	44	45	47	48	49	50	51	52	54	56	57	60	
1404	44	46	48	49	50	52	53	
1405	52	
1406	11	20	78	
1407	11	13	16	17	18	19	26	34	61	
1408	16	17	18	19	20	22	24	44	48	51	53	56	57	58	59	69	
1409	11	21	22	24	44	45	46	47	49	50	51	
1410	9	43	45	47	48	50	
1411	5	9	10	11	13	13	14	
1412	12	82	87	89	92	
1413	55	78	80	81	81	82	84	85	86	88	88	90	95	98	
1414	8	77	79	80	81	83	83	85	89	92	
1415	9	11	15	79	79	80	81	83	85	90	
1416	7	10	11	12	13	13	14	15	79	79	80	81	84	87	89	93	93	
1417	15	16	17	18	19	58	80	82	85	87	89	92	98	
1418	17	18	52	56	57	59	61	
1419	48	50	51	52	53	54	55	56	57	58	60	
1420	45	46	47	49	49	50	51	51	52	53	55	59	62	
1421	49	50	
1422	50	
1433	9	12	15	17	
1434	6	9	10	11	12	14	15	16	18	20	22	
1435	8	13	14	15	16	17	17	18	19	20	21	24	26	49	57	
1436	17	18	20	21	22	24	52	53	55	56	57	59	61	
1437	47	48	49	50	51	52	53	54	54	56	60	
1438	49	50	52	87	
1439	49	
1440	6	10	12	14	19	
1441	8	11	13	15	16	17	18	18	19	69	
1442	17	18	19	20	21	23	24	53	54	55	56	57	58	59	61	
1443	22	45	46	47	49	50	50	51	53	54	55	56	58	
1444	44	45	46	47	48	49	
1445	5	46	48	
1446	80	82	85	
1447	79	80	81	84	93	
1448	79	82	
1449	12	14	79	83	91	
1450	5	7	9	10	11	12	13	14	15	78	79	82	84	
1451	2	8	11	12	12	15	16	19	79	80	82	83	85	87	89	
1452	16	17	17	19	20	22	55	56	57	57	59	62	
1453	47	51	52	53	54	55	56	59	
1454	47	48	49	50	51	54	55	
1455	48	49	51	54	
1456	73	
1459	75	
1467	10	13	13	44	
1468	7	8	10	10	11	12	14	14	16	
1469	11	12	13	16	17	18	18	19	20	21	22	23	57	58	61	70	
1470	18	21	22	51	52	53	54	55	56	57	59	
1471	46	47	48	48	49	50	51	52	54	87	
1472	45	46	49	54	81	84	
1473	11	
1474	7	8	10	11	14	15	19	
1475	6	11	12	13	15	16	17	19	20	24	26	
1476	16	17	18	20	21	22	23	24	52	54	55	56	57	58	58	59	61	
1477	13	46	47	48	50	51	52	52	53	54	55	57	59	61	
1478	44	47	49	50	51	54	58	
1479	48	
1480	80	
1482	83	95	
1484	5	7	9	11	15	16	
1485	7	9	11	11	13	13	14	15	17	18	79	81	85	94	
1486	15	16	17	17	18	19	20	23	23	52	56	57	59	61	80	82	84	89	94	
1487	48	50	51	52	53	54	55	56	57	58	
1488	45	46	47	49	50	51	52	53	55	86	
1489	47	48	54	64	
1501	10	14	
1502	5	6	8	9	10	10	11	12	13	14	14	15	17	18	20	
1503	12	13	15	15	16	16	17	18	19	20	22	24	57	57	61	70	
1504	17	20	21	22	36	52	53	54	54	55	56	57	58	60	
1505	46	47	48	49	50	50	51	53	54	57	58	102	
1506	46	49	51	87	100	
1507	49	
1508	3	8	8	10	11	12	13	14	15	21	
1509	7	11	12	14	15	16	16	17	18	19	20	22	58	69	
1510	17	17	20	21	23	25	53	55	56	57	58	58	60	62	
1511	46	48	49	50	51	51	52	53	54	55	56	58	60	
1512	49	50	51	53	53	92	
1513	48	51	
1514	40	
1515	49	
1517	3	84	
1518	8	11	14	17	29	
1519	5	6	9	11	12	14	14	15	18	19	21	
1520	13	15	16	17	18	19	20	22	25	55	56	57	58	61	63	79	
1521	18	23	43	47	48	51	51	52	53	54	55	56	58	59	
1522	45	46	47	48	49	50	52	53	55	57	
1523	47	49	52	
1529	81	
1531	77	
1533	7	20	
1535	9	13	
1536	3	7	9	10	10	11	12	13	14	14	15	17	24	
1537	7	12	13	16	17	18	18	18	19	19	20	24	57	57	62	
1538	17	20	21	22	36	51	52	53	53	54	55	56	57	58	58	60	
1539	46	47	48	48	49	50	51	53	54	56	59	
1540	46	49	51	86	
1541	5	8	44	86	
1542	5	6	9	10	11	12	13	14	15	19	
1543	7	11	12	15	16	17	18	18	19	20	23	25	69	
1544	17	18	21	22	27	53	55	56	57	59	60	62	
1545	46	47	49	50	51	51	52	53	54	55	56	
1546	48	48	50	51	54	82	87	91	
1547	56	
1550	17	86	
1551	17	
1552	9	11	14	23	
1553	6	8	10	11	12	13	14	15	16	18	20	24	27	
1554	12	16	17	19	21	22	23	25	28	57	59	60	63	69	
1555	21	51	52	53	54	54	55	56	57	58	59	60	62	
1556	45	46	47	47	48	48	49	50	51	51	53	55	
1557	45	46	49	53	
1561	68	
1563	70	
1566	12	
1569	9	14	
1570	3	5	6	8	8	10	10	11	12	13	14	15	19	68	
1571	13	15	15	16	17	17	18	19	20	22	57	58	63	
1572	18	20	21	23	52	55	56	57	59	60	61	
1573	45	46	46	47	48	49	50	51	52	53	54	55	56	59	
1574	47	48	50	64	
1575	6	8	14	
1576	3	6	9	10	11	12	13	14	15	16	19	21	
1577	7	11	12	15	16	17	18	18	19	20	22	23	25	56	57	58	62	68	
1578	17	20	21	22	51	52	53	54	55	56	57	58	60	
1579	46	47	49	50	50	51	53	53	54	
1580	47	48	49	51	82	84	88	
1581	81	
1586	10	14	18	
1587	7	8	10	11	12	14	15	16	18	
1588	12	13	15	16	17	18	19	21	58	61	69	
1589	17	18	20	22	51	51	52	53	53	54	55	55	56	57	59	60	62	
1590	45	46	47	48	49	50	50	51	52	53	55	57	
1591	44	46	49	53	
1594	66	
1595	73	74	74	74	
1597	63	94	
1603	8	11	15	
1604	3	6	9	10	10	11	12	13	14	15	20	
1605	7	12	13	15	15	16	16	17	18	19	20	21	57	57	62	
1606	17	21	22	48	51	51	52	53	54	55	56	57	58	59	63	
1607	45	46	46	47	49	50	50	51	54	59	
1608	45	47	48	50	
1609	10	15	20	
1610	8	9	10	11	13	14	15	16	17	18	19	20	21	24	68	
1611	6	12	13	15	16	17	19	20	20	21	22	24	26	57	58	60	62	
1612	22	23	48	51	52	53	54	54	55	55	56	57	59	60	
1613	46	47	48	49	50	51	52	54	55	56	58	61	84	95	101	
1614	45	48	48	49	95	
1618	23	
1620	8	11	14	21	
1621	5	6	9	10	11	12	14	15	16	17	18	18	20	24	72	
1622	13	15	15	16	16	17	18	19	20	21	22	25	27	57	61	72	
1623	22	23	52	52	53	54	55	55	56	57	58	59	60	
1624	45	47	49	50	50	51	52	54	55	87	93	
1625	48	49	54	
1637	11	14	
1638	3	6	8	9	10	11	12	14	15	15	19	24	
1639	8	12	13	15	16	16	17	19	19	20	57	62	69	
1640	17	18	20	21	23	35	51	52	53	54	54	55	56	57	58	59	61	
1641	28	45	46	47	49	50	50	51	54	55	57	60	
1642	9	33	40	43	45	46	48	48	49	67	
1643	9	11	13	13	15	17	18	24	26	40	44	46	66	
1644	5	7	11	12	14	15	16	17	19	19	20	21	24	70	
1645	18	20	22	23	23	24	57	61	
1646	34	37	51	52	53	54	55	56	57	58	59	60	
1647	45	46	47	49	50	50	51	52	54	54	57	64	
1648	44	45	46	46	47	48	49	51	54	
1649	51	
1651	63	
1653	23	27	
1654	6	9	10	13	13	15	16	17	19	20	28	53	
1655	7	10	12	13	13	13	15	16	17	19	20	21	24	70	
1656	17	18	19	20	21	22	23	25	56	58	61	
1657	48	50	51	52	53	53	54	55	56	59	61	
1658	46	49	50	51	54	55	59	82	83	85	86	88	88	90	97	
1659	49	53	83	
1671	9	13	18	25	
1672	3	7	9	9	10	11	12	13	14	15	24	
1673	7	11	12	13	15	15	16	17	18	19	19	20	22	23	25	58	61	71	
1674	18	21	22	52	53	54	55	57	59	61	
1675	33	43	48	50	51	54	55	60	
1676	9	29	41	45	47	49	66	72	
1677	9	11	14	15	17	18	20	24	
1678	13	21	22	23	25	
1679	22	25	58	62	
1680	51	52	53	54	55	55	56	57	57	59	60	62	
1681	47	49	50	52	53	53	54	55	56	57	58	59	61	
1682	42	44	45	46	47	47	48	49	49	50	52	
1683	45	47	48	
1684	47	
1685	53	
1686	12	17	41	
1687	8	10	12	13	15	16	19	21	
1688	10	12	13	14	16	18	19	20	24	27	
1689	8	11	12	15	16	17	18	19	19	20	21	22	24	
1690	20	21	22	24	52	53	56	56	57	59	60	
1691	23	31	47	50	51	52	53	53	54	60	
1692	48	50	52	55	56	60	81	82	84	86	90	96	
1693	49	82	88	97	
1698	13	
1704	95	
1705	8	11	15	16	
1706	5	6	8	9	10	11	13	14	15	15	16	19	22	
1707	12	13	14	15	15	16	16	17	18	19	20	22	24	87	91	
1708	17	17	18	20	21	22	55	
1710	25	
1711	24	
1712	22	25	
1713	92	
1714	34	34	57	57	60	60	62	88	92	
1715	51	52	52	53	54	54	55	56	57	58	60	61	
1716	41	45	46	47	48	49	50	50	51	52	53	53	54	55	56	59	
1717	36	41	44	45	46	48	48	49	51	57	66	
1718	46	48	
1719	28	40	
1720	9	19	25	39	57	
1721	6	9	11	12	14	15	16	19	41	
1722	8	11	12	13	15	16	17	17	18	18	19	20	21	23	24	
1723	21	23	23	25	56	57	58	
1724	22	51	52	52	54	55	56	58	59	
1725	49	50	51	52	53	54	55	82	83	85	86	87	89	91	93	97	
1726	24	24	48	50	53	81	85	88	89	
1727	89	
1738	23	
1739	11	
1740	4	8	8	9	10	12	14	15	16	20	
1741	1	7	11	12	13	14	15	16	18	20	82	84	89	92	97	
1742	16	17	17	18	19	20	23	82	87	90	
1746	87	87	90	91	92	96	
1747	81	82	85	86	87	88	88	89	90	92	93	96	
1748	12	16	82	83	85	86	88	89	90	91	94	98	
1749	16	17	19	52	53	55	55	56	58	58	59	61	82	87	91	98	
1750	32	38	48	51	52	54	55	56	58	59	61	
1751	29	44	45	46	47	48	49	49	50	50	52	53	55	57	
1752	25	37	42	44	46	47	48	49	50	57	60	67	
1753	13	44	47	
1754	9	11	15	17	19	22	38	43	46	48	66	70	
1755	9	12	13	13	14	15	16	17	18	19	20	21	22	23	26	39	45	71	
1756	12	15	17	18	19	20	21	22	23	25	
1757	22	25	53	56	57	58	60	
1758	49	50	51	52	53	54	55	55	56	59	87	88	91	93	97	
1759	48	50	52	55	59	80	81	82	84	85	87	89	92	94	
1760	59	78	81	83	87	96	
1761	68	
1767	79	
1772	79	
1773	12	
1774	4	6	8	10	12	14	
1775	6	9	11	12	13	14	14	15	18	19	79	82	86	88	92	
1776	13	15	16	17	19	21	22	80	83	85	88	90	92	95	
1777	87	88	90	91	92	
1778	57	86	87	90	91	93	97	
1779	52	53	54	86	87	89	90	91	93	94	98	
1780	80	81	82	82	83	84	85	86	88	88	89	91	94	97	
1781	11	80	80	81	83	83	84	86	90	90	96	
1782	7	10	12	13	13	15	78	79	80	81	83	84	85	87	89	91	97	
1783	16	17	19	62	79	80	81	84	86	89	92	97	
1784	17	18	21	54	55	55	57	57	58	60	62	
1785	25	30	34	37	43	50	50	51	53	54	55	56	59	60	
1786	23	45	47	48	48	49	50	51	56	58	62	67	
1787	9	14	20	25	40	44	45	48	49	67	
1788	10	11	13	15	17	18	20	21	23	24	45	46	50	67	
1789	7	10	12	14	15	18	19	20	22	24	43	
1790	21	23	25	56	58	60	
1791	51	52	54	55	57	57	60	
1792	49	50	52	53	55	60	82	85	86	87	89	91	97	
1793	52	78	80	81	83	84	86	89	99	
1794	81	
1795	60	
1801	94	
1807	12	17	
1808	10	14	
1809	3	7	9	10	11	12	14	15	82	87	90	
1810	2	6	15	18	80	81	82	85	87	89	91	94	
1811	81	82	82	84	85	86	87	88	89	90	94	96	100	
1812	55	80	81	82	83	84	85	85	86	87	88	89	90	92	95	
1813	55	81	82	82	83	84	85	86	86	87	88	89	91	96	
1814	53	78	79	80	81	82	83	84	86	91	
1815	9	78	79	81	85	
1816	5	6	9	10	11	12	14	79	82	96	
1817	7	11	12	13	14	15	15	16	17	18	19	23	78	80	82	84	85	88	90	
1818	16	17	18	19	21	63	83	87	90	92	98	
1819	52	60	
1820	24	51	60	
1821	23	25	
1822	22	23	25	
1823	22	25	56	57	
1824	53	55	56	57	59	88	92	
1825	52	54	54	55	57	61	82	83	85	86	87	88	88	90	92	95	
1826	50	53	55	78	79	80	81	83	84	85	87	88	90	97	
1827	79	81	85	91	
1828	99	
1829	90	
1838	61	
1841	73	
1842	14	
1843	4	9	14	21	
1844	80	81	83	86	90	94	
1845	7	79	79	80	81	82	83	84	85	86	88	94	
1846	78	79	80	81	82	84	86	88	92	
1847	79	80	82	83	85	89	92	
1848	79	82	84	88	
1849	82	83	
1850	4	6	9	11	14	87	
1851	7	9	11	12	13	14	15	16	19	79	81	85	88	93	93	98	
1852	12	13	15	16	18	21	80	81	82	84	85	86	88	88	89	90	91	93	97	
1853	17	86	87	89	90	91	92	97	
1854	18	
1857	53	86	87	89	91	92	
1858	54	57	58	82	83	84	85	86	87	89	89	91	92	93	96	
1859	53	54	78	80	81	82	84	85	86	87	89	90	94	99	
1860	54	79	82	84	86	90	98	
1861	64	80	
1872	58	
1877	5	15	
1878	79	84	
1879	78	80	85	89	
1880	78	81	84	
1881	79	84	89	100	
1882	39	92	
1884	85	93	
1885	5	7	11	79	83	
1886	6	8	8	10	11	13	14	78	79	80	81	82	84	85	90	94	
1887	12	13	15	16	81	82	83	83	84	85	86	87	88	89	92	94	98	
1888	17	82	82	85	86	87	88	88	90	91	93	93	96	
1889	82	83	85	86	87	89	90	91	92	93	97	
1890	52	54	55	85	86	86	87	90	91	92	94	97	
1891	53	54	81	82	84	85	86	87	88	89	91	94	98	
1892	78	79	80	81	82	84	85	88	93	
1893	79	80	81	83	85	90	95	
1894	80	90	
1913	63	
1919	10	13	
1920	8	13	79	81	90	
1921	11	78	79	80	82	84	86	90	
1922	8	13	78	79	80	81	82	83	84	85	87	89	
1923	78	79	80	81	82	83	84	85	85	87	88	89	92	94	
1924	55	78	80	80	81	82	83	85	86	87	89	91	95	
1925	77	79	80	81	82	83	84	86	89	99	
1926	79	81	85	88	100	
1927	78	84	
1928	80	
1942	93	
1945	63	94	
1948	37	
1955	11	
1956	78	79	94	100	
1957	79	79	81	84	
1958	78	79	80	83	84	89	93	
1959	79	81	84	85	
1960	82	85	
1968	58	
1974	61	
1987	99	
1989	83	
1990	87	
1991	79	84	
1992	80	
1993	96	
2000	17	27	
2012	4	
2025	2	100	
2027	83	
2042	75	
2043	69	
2044	25	39	
2045	12	
2057	102	
2068	63	
2081	95	
2090	2	
2099	44	96	
2104	18	
2114	11	
2126	98	
2170	42	
2187	10	
2234	102	
2235	24	
2252	5	
2269	103	
