15	67	
84	3	
149	53	54	
220	92	
221	92	
222	93	
247	87	90	92	
248	86	88	90	91	93	93	95	
249	83	87	89	90	92	97	
250	16	
254	91	92	97	
255	83	86	87	90	91	92	94	98	
256	13	85	87	88	89	91	
257	17	
278	57	
279	47	48	51	
280	91	
281	81	83	84	85	87	89	90	92	94	98	
282	9	13	81	82	83	83	84	85	87	88	89	90	94	98	99	
283	7	10	11	14	81	81	82	84	85	86	88	90	
284	8	16	17	17	18	20	21	82	101	
285	57	
286	51	
287	47	48	50	54	
288	84	86	88	88	90	92	94	96	102	
289	9	80	81	82	84	85	86	87	89	90	92	94	97	
290	7	10	11	12	13	14	16	18	81	82	83	84	86	90	93	98	
291	17	17	18	20	85	
293	91	
294	87	91	92	
295	88	90	92	97	
296	87	91	
311	57	
312	51	52	54	58	
313	47	48	48	50	51	52	54	
314	45	48	49	50	83	86	88	89	91	94	97	
315	79	80	82	84	86	88	89	90	95	98	
316	5	7	8	9	11	14	18	67	79	80	81	84	85	
317	7	10	11	12	13	13	14	15	15	16	17	17	19	19	81	83	
318	2	12	17	18	19	20	21	
319	22	51	52	57	
320	50	51	52	54	57	92	
321	45	48	49	51	86	88	89	90	92	93	97	98	
322	49	81	83	83	84	86	88	89	90	92	94	
323	6	8	9	11	14	15	68	79	80	81	82	84	85	88	91	
324	7	11	12	13	13	14	15	16	16	17	18	19	81	83	84	85	
325	17	17	19	20	21	24	46	
326	49	87	91	96	
327	82	85	87	89	90	91	93	95	100	
328	81	82	85	86	87	88	88	90	91	94	98	98	
329	8	9	82	84	85	86	88	89	90	91	93	98	
330	12	15	81	83	84	86	87	89	90	92	93	96	
331	16	87	88	89	91	93	94	
332	18	
345	52	58	
346	46	47	48	49	50	51	52	53	54	55	57	
347	41	45	46	49	50	51	54	94	
348	45	48	82	84	87	90	91	93	96	
349	10	13	28	66	79	81	84	87	91	95	
350	6	8	8	10	11	11	12	14	14	15	16	17	18	19	
351	5	13	15	15	16	17	17	18	18	19	20	21	22	23	25	
352	22	23	24	
353	49	50	52	55	93	
354	49	50	52	53	54	82	85	86	88	89	90	92	94	97	100	
355	50	80	82	83	85	86	88	89	90	91	94	98	
356	78	80	82	85	86	90	96	99	
357	7	9	10	11	13	13	14	80	
358	5	8	11	11	12	13	14	15	16	16	17	18	18	19	20	24	53	58	70	
359	17	18	20	21	22	23	25	38	40	46	47	49	50	
360	31	42	43	46	47	48	49	
361	31	38	39	46	81	82	84	89	
362	6	14	40	46	66	80	81	82	84	
363	9	13	26	80	80	83	84	
364	9	11	13	15	80	81	82	84	85	86	88	96	102	
365	6	11	12	13	14	82	83	83	84	86	87	89	91	93	97	99	
366	16	17	18	20	87	89	92	97	
379	51	52	54	55	57	59	
380	47	48	48	50	50	51	52	53	54	59	
381	45	47	48	49	50	87	90	92	95	
382	80	84	87	89	91	94	
383	7	8	9	11	12	13	14	15	79	84	
384	7	10	11	12	13	14	15	16	16	17	19	19	20	21	23	27	70	
385	3	20	21	22	25	57	
386	49	51	53	54	98	
387	48	50	51	55	58	83	85	87	89	90	92	96	
388	48	52	54	81	82	84	85	86	88	89	90	91	93	95	
389	80	81	83	83	84	85	87	89	91	94	
390	9	78	81	84	90	
391	4	7	9	10	11	13	13	14	15	16	19	23	
392	8	12	12	15	15	16	17	17	18	18	19	20	20	21	23	25	26	57	69	
393	18	21	22	23	50	51	52	54	55	57	59	
394	32	34	43	45	46	48	49	50	52	54	61	
395	30	39	42	43	45	50	52	53	55	56	58	59	
396	21	23	32	35	36	41	44	46	47	48	49	50	51	52	56	
397	21	32	40	42	43	44	45	46	46	47	48	49	
398	5	8	11	14	80	
399	7	9	10	11	12	14	14	15	16	80	81	81	83	84	85	86	90	
400	11	13	15	16	17	19	20	83	84	86	88	89	92	
401	16	17	21	87	
405	71	
412	53	56	
413	47	50	51	52	53	54	55	56	59	
414	45	46	48	48	49	50	51	54	55	
415	44	45	49	82	84	85	89	91	94	98	99	
416	9	77	79	82	83	86	89	93	94	
417	4	6	7	9	10	11	12	13	14	14	15	16	19	26	72	
418	12	13	15	17	17	18	19	19	20	21	22	24	26	
419	2	22	23	51	52	53	92	
420	48	48	50	52	55	56	87	90	92	93	96	
421	37	50	53	80	81	83	84	85	87	88	90	91	94	
422	49	79	80	81	84	85	87	89	93	99	
423	79	82	91	
424	9	10	12	13	98	
425	4	6	7	9	10	11	11	12	13	13	14	14	15	15	16	18	20	71	
426	12	15	16	16	17	18	19	20	21	22	24	
427	18	22	55	
428	55	
429	53	53	55	56	57	
430	49	50	51	51	52	53	53	54	55	56	59	
431	25	40	42	44	45	46	47	48	49	49	50	
432	44	
433	2	4	7	9	10	12	13	14	
434	8	11	12	13	14	15	17	19	21	81	82	83	84	85	87	89	99	
435	15	16	17	18	19	20	84	
436	18	22	56	57	
446	51	52	53	56	57	
447	34	47	48	49	50	51	52	52	53	54	56	
448	41	45	46	47	48	48	49	50	51	53	59	
449	45	80	83	84	88	91	95	
450	6	9	10	11	13	80	85	89	
451	6	8	11	12	12	14	15	15	16	19	
452	2	18	21	22	51	54	87	91	93	
453	50	52	53	54	88	89	90	92	94	97	
454	38	48	53	80	81	83	84	85	87	88	89	91	95	99	
455	16	41	47	50	58	67	79	81	83	84	86	88	98	
456	17	19	20	36	38	41	44	46	47	49	64	67	78	80	83	
457	22	26	30	45	
458	4	7	9	10	11	14	22	43	
459	6	7	9	11	11	12	13	13	14	15	15	16	16	19	20	24	68	
460	16	17	17	18	19	20	21	22	
461	18	23	
463	52	56	
464	50	51	51	52	53	53	54	54	56	58	
465	45	47	49	50	51	54	58	88	92	93	94	
466	43	45	49	90	92	97	
467	4	6	9	10	85	94	
468	5	6	7	9	10	11	11	12	13	13	14	14	15	15	16	17	19	20	68	82	84	102	
469	16	17	17	18	19	20	20	21	22	23	
480	52	52	55	56	57	
481	35	47	47	49	50	51	52	53	53	54	54	55	57	58	
482	41	43	43	45	45	46	46	47	48	49	49	51	
483	45	78	91	
484	7	9	11	14	
485	8	11	12	15	16	18	87	
486	52	53	55	81	82	84	85	86	87	88	90	91	95	98	
487	81	81	82	83	84	85	86	88	89	90	92	93	96	
488	9	13	41	66	79	80	82	84	85	88	90	
489	12	15	16	16	17	19	19	21	26	34	36	40	43	47	52	55	57	59	79	81	
490	18	20	21	22	24	28	36	41	45	46	47	48	49	50	51	53	55	60	
491	21	22	24	41	43	45	46	49	
492	9	11	14	
493	7	8	10	11	12	13	13	14	15	16	18	19	23	
494	16	17	20	21	25	86	90	92	
495	87	91	93	
496	92	96	
497	52	54	57	87	91	92	97	
498	50	51	52	53	54	83	87	90	91	93	94	97	
499	50	81	82	84	85	86	88	89	90	92	95	98	
500	8	36	36	67	78	81	83	86	88	88	90	94	
501	8	10	11	14	15	16	16	18	18	19	20	26	
502	4	7	11	12	13	14	15	15	16	17	19	19	20	21	23	23	28	68	
503	13	18	20	21	21	22	23	
504	22	
514	51	52	52	53	55	56	58	60	
515	35	36	47	48	49	50	51	51	52	53	53	54	56	
516	41	43	43	44	45	46	47	47	48	49	50	51	
517	31	41	44	46	79	
518	46	
519	1	5	11	36	81	83	
520	16	38	42	80	81	83	83	84	86	88	
521	8	14	16	17	18	79	80	80	82	83	84	89	
522	7	10	11	12	14	15	16	17	19	20	20	35	42	63	79	83	
523	5	8	13	15	17	18	18	19	20	20	21	22	24	26	48	51	51	52	53	54	55	56	58	58	
524	21	22	23	24	25	36	41	45	46	47	48	49	49	50	50	51	54	57	64	
525	32	39	41	43	45	45	46	46	47	48	49	
526	4	10	43	
527	5	6	8	8	10	11	13	14	15	
528	11	13	16	81	82	83	84	85	86	88	88	90	91	94	99	
529	81	82	83	85	86	87	88	89	90	92	94	96	100	
530	81	82	84	85	87	88	89	90	91	93	94	96	100	
531	55	81	82	83	84	85	86	87	88	88	89	91	93	93	95	
532	54	81	82	84	85	86	88	88	90	91	96	
533	13	42	79	80	82	83	83	84	85	89	
534	10	11	13	14	16	18	19	29	35	66	70	79	80	
535	5	8	10	11	12	13	14	15	16	17	18	18	19	20	20	23	
536	4	7	12	15	18	21	21	22	24	25	
537	21	23	
548	52	52	54	55	56	57	
549	34	36	47	48	49	50	51	51	52	53	54	55	56	57	59	
550	29	34	36	40	42	44	45	45	46	46	47	48	48	49	50	50	54	56	59	
551	30	38	40	41	43	43	44	46	47	49	57	60	65	
552	32	36	40	42	46	47	48	
553	9	14	18	19	19	21	24	26	29	40	42	45	46	47	59	62	64	67	70	
554	11	14	16	19	20	21	24	36	40	42	62	65	67	
555	7	10	12	13	15	16	18	18	19	20	21	22	26	65	
556	4	7	11	12	15	19	20	21	22	23	23	25	26	
557	18	20	21	22	24	52	53	54	55	56	57	
558	22	36	45	48	49	50	51	51	52	53	54	55	56	58	59	
559	32	33	37	41	42	44	45	46	47	47	48	48	49	50	51	
560	36	40	43	45	46	47	49	
561	11	28	46	
562	8	12	80	80	81	84	85	99	
563	80	81	82	83	84	86	88	90	94	99	
564	37	40	80	81	82	83	84	86	89	99	
565	16	37	43	67	79	80	81	82	84	85	89	99	
566	11	17	18	19	26	41	67	79	80	81	83	84	
567	10	12	13	14	15	16	16	17	18	19	20	28	40	64	79	81	
568	5	8	8	10	12	13	13	14	15	16	17	18	19	20	21	21	23	25	
569	5	15	19	20	21	22	23	24	25	28	
570	22	24	
583	51	52	54	55	60	
584	48	50	51	53	53	54	56	59	
585	31	35	37	43	45	49	51	52	54	55	60	64	
586	24	25	43	45	49	51	54	58	61	65	
587	22	24	25	26	32	35	42	43	50	62	64	
588	21	22	23	24	25	45	49	63	
589	21	22	24	25	
590	22	25	
591	52	55	57	
592	51	51	52	53	54	54	55	56	58	60	
593	34	37	41	43	45	47	48	49	50	51	51	52	54	56	58	60	
594	30	40	42	43	44	45	45	46	47	48	48	49	50	51	52	56	61	
595	30	34	36	38	41	42	44	46	47	48	49	51	56	58	66	
596	20	23	26	35	38	38	40	42	44	46	47	48	49	
597	20	21	23	26	28	37	41	42	45	47	51	58	60	67	80	
598	13	18	19	20	21	26	30	40	42	46	48	49	63	79	81	83	
599	12	16	18	18	19	20	21	22	27	29	39	42	44	68	80	
600	7	10	11	13	14	15	19	20	20	21	22	23	26	42	63	
601	5	6	11	13	14	17	19	20	20	21	22	24	25	26	28	65	
602	4	20	22	23	24	
603	23	
619	34	54	
620	32	32	
626	55	
627	52	54	55	60	
628	35	51	53	53	55	56	62	
629	24	42	44	45	48	50	51	53	54	60	
630	24	32	35	43	44	45	47	48	50	55	58	63	
631	23	24	25	43	45	55	63	
632	11	14	20	21	23	23	24	48	53	59	63	
633	13	22	23	24	25	26	45	65	
634	4	22	24	25	28	65	
635	23	24	
664	55	
665	24	
666	25	
1168	71	
1172	26	69	
1173	100	
1175	10	
1207	93	
1231	38	
1242	38	
1243	25	25	
1249	44	
1251	93	
1263	56	56	
1275	89	
1276	49	
1285	33	
1286	60	
1304	51	51	67	
1305	57	
1306	53	
1313	28	
1316	51	
1317	9	19	
1321	67	
1323	60	
1325	3	
1335	37	
1351	3	33	71	
1369	36	47	
1370	45	
1374	24	69	
1375	9	38	
1376	18	37	48	
1377	27	46	
1379	46	
1383	56	
1392	2	
1398	34	
1401	25	
1402	16	
1403	16	18	19	40	48	53	58	60	66	68	
1404	16	18	21	23	40	44	46	47	50	
1405	26	40	44	46	50	
1406	51	
1409	38	
1410	17	20	37	43	46	52	56	60	67	
1411	17	18	20	22	26	37	41	46	47	48	50	56	
1412	23	44	46	48	
1413	48	
1414	36	43	48	
1416	46	
1417	43	
1418	70	
1425	67	
1435	9	18	
1436	11	13	14	16	21	29	35	57	66	
1437	16	17	18	18	19	20	22	24	35	39	45	48	51	53	55	56	60	
1438	17	19	20	22	23	25	42	43	46	47	49	50	51	61	
1439	22	44	48	48	50	53	
1440	45	
1443	9	12	14	16	18	24	
1444	11	13	15	16	17	19	20	22	25	26	41	51	53	54	56	57	60	66	70	
1445	18	20	21	23	24	33	39	41	43	43	44	46	46	47	48	48	49	50	51	53	
1446	25	38	44	47	48	49	59	
1447	37	60	
1448	48	
1449	16	20	26	37	40	46	49	
1450	22	36	42	46	51	
1451	20	30	42	46	50	
1452	47	49	
1456	69	78	
1461	72	
1463	32	
1465	4	
1468	16	
1469	9	12	14	19	
1470	6	10	12	13	13	14	15	16	17	18	19	21	23	56	66	
1471	12	15	16	17	19	20	21	24	47	50	51	52	53	53	54	56	
1472	20	21	22	24	45	47	49	50	51	55	
1473	45	47	49	55	87	90	91	95	
1474	62	63	
1476	10	15	16	19	41	
1477	7	8	10	11	13	14	15	16	17	19	20	22	
1478	12	13	14	15	16	17	18	18	19	20	22	24	51	52	52	53	54	55	57	58	69	
1479	17	20	21	22	24	25	28	41	43	45	46	46	47	47	48	48	49	50	51	52	54	56	
1480	44	45	48	49	
1481	10	65	
1482	12	15	20	35	58	65	
1483	17	18	19	20	22	40	44	52	55	57	65	
1484	20	21	23	24	26	41	44	47	49	51	54	63	65	
1485	20	22	25	27	35	39	42	44	46	47	48	50	53	58	
1486	22	27	38	42	44	46	48	48	56	58	68	
1487	27	40	46	
1488	48	
1494	73	
1500	25	
1502	12	19	
1503	8	9	10	11	12	13	14	15	16	19	19	65	67	
1504	6	11	12	15	15	16	17	19	19	21	23	25	52	56	
1505	17	18	21	22	24	43	46	47	50	50	51	54	
1506	23	45	46	48	50	53	90	92	95	
1507	51	80	81	84	86	88	89	94	98	
1508	33	44	90	
1509	10	14	16	19	38	66	
1510	6	10	11	11	13	14	16	17	19	20	25	67	
1511	7	9	10	12	13	15	17	18	18	19	20	21	24	56	57	
1512	17	20	21	22	23	25	27	51	52	53	54	55	55	57	59	
1513	22	43	45	46	47	48	49	50	51	53	54	
1514	45	48	87	91	93	96	
1515	9	
1516	7	11	13	14	15	16	19	25	
1517	12	17	22	24	55	92	
1518	18	24	34	54	55	56	58	92	93	
1519	24	34	36	45	50	51	52	54	55	56	57	65	92	
1520	28	38	40	42	44	45	46	47	48	49	50	51	52	60	
1521	42	44	46	47	49	51	59	
1535	18	
1536	9	12	13	
1537	5	7	9	10	11	12	14	15	17	19	23	53	57	70	
1538	7	13	15	15	16	16	17	18	18	19	20	21	24	26	46	47	50	51	52	54	55	57	70	
1539	21	22	44	46	47	48	49	51	53	57	
1540	44	49	80	82	85	87	88	89	91	94	100	
1541	40	79	81	83	90	94	
1542	8	12	14	
1543	10	12	13	15	16	17	18	18	19	22	23	28	68	
1544	7	10	12	14	15	16	17	18	20	21	22	28	
1545	13	15	20	21	22	23	23	25	52	56	
1546	22	24	43	47	49	50	51	52	53	54	55	
1547	45	46	48	48	50	51	54	58	
1548	45	77	79	83	85	87	89	90	93	96	
1549	8	87	90	
1550	8	11	14	
1551	86	90	93	
1552	9	85	86	87	88	89	91	95	101	
1553	6	11	13	15	52	52	55	56	57	82	85	86	89	90	94	98	100	
1554	16	16	18	19	20	34	41	43	48	49	50	51	52	53	54	56	57	60	
1555	40	42	44	45	46	47	49	49	50	52	54	
1556	41	45	46	49	89	
1557	60	
1561	70	
1562	9	
1569	9	
1570	9	10	12	14	16	19	
1571	5	6	10	12	13	14	14	15	16	16	17	18	19	21	23	38	53	55	56	57	69	
1572	17	18	19	20	22	23	46	46	47	50	51	52	54	55	56	
1573	38	42	43	45	46	48	50	53	91	94	
1574	78	80	83	84	86	89	94	
1575	11	13	65	68	88	
1576	10	12	14	15	16	18	19	20	41	68	
1577	7	11	13	13	15	16	17	18	18	19	20	21	24	27	
1578	11	15	17	20	21	22	23	24	25	
1579	23	52	52	54	55	56	58	
1580	36	42	46	46	47	48	49	50	51	52	53	55	58	
1581	44	47	48	49	51	53	96	
1582	45	80	85	90	
1584	4	82	87	
1585	81	83	84	86	88	98	99	
1586	80	81	84	85	87	90	99	
1587	6	8	8	9	10	12	14	15	17	53	55	57	67	79	80	82	83	85	88	94	
1588	11	12	13	15	16	17	18	20	35	48	50	51	52	52	54	55	56	58	59	82	85	93	
1589	16	17	18	20	21	23	40	42	44	45	46	47	47	48	48	49	50	51	54	61	
1590	41	43	45	47	49	50	56	
1591	65	
1603	11	
1604	8	8	9	10	11	13	13	14	16	19	23	68	
1605	3	6	12	13	14	15	16	17	18	19	20	24	48	51	52	53	54	55	56	57	59	
1606	17	18	20	22	24	38	39	42	46	47	48	48	49	49	50	54	
1607	31	41	43	44	46	60	
1608	41	67	78	81	
1609	4	6	10	12	14	15	16	18	19	21	24	39	68	
1610	8	10	12	14	15	17	19	20	21	23	24	26	
1611	7	13	21	22	24	
1612	23	25	87	91	92	93	97	
1613	16	51	51	52	53	54	55	56	57	60	87	88	91	94	97	
1614	16	41	43	46	46	47	48	49	50	51	52	54	59	
1615	36	41	44	45	46	48	49	95	
1616	79	85	90	
1618	4	
1619	14	19	37	
1620	8	14	20	68	
1621	9	10	11	13	15	18	18	22	67	
1622	7	12	13	14	15	16	17	19	20	20	21	23	23	27	51	52	52	53	55	56	57	59	
1623	21	22	47	48	49	49	50	51	52	54	
1624	43	44	45	47	49	50	93	
1625	43	
1626	54	54	55	55	
1634	43	
1637	8	14	
1638	5	7	9	10	11	12	13	14	15	19	
1639	8	12	12	15	15	16	16	17	18	19	20	22	25	26	51	52	53	53	54	55	57	62	
1640	17	18	20	21	22	33	38	42	45	47	49	50	51	53	56	61	
1641	35	41	43	45	47	48	50	62	79	
1642	9	13	27	42	44	
1643	11	14	22	23	24	27	64	
1644	21	22	24	50	
1645	23	86	87	89	90	92	93	96	
1646	10	82	83	84	85	86	87	88	89	90	92	95	100	
1647	8	11	12	14	16	52	52	53	55	56	57	59	80	81	83	84	85	87	88	89	91	94	101	
1648	16	16	17	19	20	35	36	43	46	47	47	48	49	50	50	51	54	55	86	87	90	
1649	30	36	40	42	44	45	46	46	47	49	50	55	57	59	
1650	41	48	49	
1651	20	38	40	47	58	
1652	20	27	63	
1653	11	14	17	19	23	28	37	40	44	44	48	67	
1654	6	9	12	14	15	16	17	18	19	21	22	24	27	83	
1655	5	7	9	11	13	14	15	17	18	19	20	22	23	25	57	69	
1656	15	20	21	22	24	25	27	47	51	52	52	54	55	57	
1657	22	48	49	51	54	88	92	96	
1658	49	54	82	86	87	88	90	91	94	97	
1671	11	13	21	
1672	4	6	8	9	9	10	11	12	13	14	15	
1673	7	11	12	13	15	15	16	17	18	19	20	21	23	24	55	
1674	18	21	22	53	93	
1676	52	57	
1677	50	51	53	88	92	
1678	49	87	88	89	91	92	95	97	
1679	80	81	82	83	84	85	86	88	90	94	
1680	8	11	11	78	80	81	83	84	86	89	98	
1681	7	9	10	11	12	13	14	15	16	52	52	54	55	56	80	81	82	84	86	90	93	93	
1682	15	16	17	18	20	21	49	50	51	51	53	53	54	57	58	82	83	86	87	91	93	100	
1683	22	31	37	40	42	44	45	47	48	49	50	52	58	60	
1684	31	35	37	40	42	44	45	46	47	48	49	52	63	77	
1685	20	25	37	41	44	46	48	50	61	
1686	15	16	19	20	22	24	26	29	41	44	61	65	69	
1687	11	14	17	20	22	24	28	40	44	88	
1688	11	12	14	19	21	22	24	25	65	
1689	21	23	24	51	53	55	57	93	
1690	22	23	49	51	53	55	91	92	96	
1691	50	78	81	82	85	86	88	89	90	91	94	96	
1692	79	81	83	83	85	86	89	92	93	
1693	21	83	97	
1702	43	
1703	29	
1705	12	14	
1706	3	6	8	9	11	12	14	15	16	18	
1707	6	8	11	12	13	14	15	21	82	83	85	86	88	90	91	97	
1708	12	85	86	87	88	89	91	92	94	97	
1709	83	87	87	90	91	92	93	95	96	
1710	55	83	87	88	89	90	91	92	94	95	97	
1711	52	54	82	83	85	86	87	88	89	90	91	92	93	94	97	100	
1712	80	81	82	84	85	86	88	89	90	93	93	101	
1713	79	80	83	84	86	89	93	
1714	10	14	82	88	99	
1715	5	7	8	10	11	13	14	17	81	85	91	
1716	6	11	12	14	15	17	18	21	53	54	55	82	83	84	85	87	90	93	93	102	
1717	16	19	23	50	51	55	86	87	91	93	
1718	17	52	55	63	64	
1719	25	
1720	23	23	24	44	63	
1721	23	25	92	
1722	53	54	58	92	93	
1723	51	52	54	56	87	90	90	92	94	98	
1724	52	81	82	82	85	86	88	88	89	90	91	93	93	95	
1725	79	80	82	84	85	87	89	91	93	99	
1726	79	82	85	88	
1727	83	
1728	74	
1739	10	
1740	4	9	
1741	6	12	14	81	83	83	85	90	93	102	
1742	80	81	82	83	84	85	87	89	93	96	100	
1743	80	81	81	82	84	84	85	86	88	89	90	92	94	98	100	
1744	80	81	82	82	84	84	85	86	89	90	93	100	
1745	79	80	81	82	84	85	87	89	98	
1746	79	80	82	83	85	89	92	98	
1747	81	98	
1748	10	
1749	4	10	12	13	86	
1750	7	10	12	14	15	20	80	82	85	90	99	
1751	8	11	12	15	82	82	84	85	86	87	87	89	90	92	94	98	98	
1752	17	83	86	86	87	88	89	90	91	93	94	96	
1753	87	88	89	90	91	94	96	
1754	87	88	89	90	91	93	94	96	
1755	52	55	83	86	87	88	89	90	91	93	93	94	97	
1756	83	86	87	88	89	90	91	92	94	96	
1757	80	81	82	84	85	86	87	88	89	91	94	
1758	79	80	81	82	83	84	86	89	93	
1759	80	82	84	96	99	
1761	97	
1763	9	
1764	8	8	
1771	28	
1774	10	
1775	82	85	89	
1776	80	83	85	89	94	
1777	79	80	82	83	85	88	
1778	79	80	81	83	85	93	
1779	80	82	84	94	
1780	82	
1782	91	
1783	4	13	
1784	5	6	15	81	84	89	
1785	7	10	80	81	82	83	84	87	89	
1786	13	81	83	84	84	85	88	90	99	
1787	81	81	82	84	85	86	88	89	90	93	98	
1788	82	83	84	85	86	88	89	90	95	100	
1789	80	81	81	82	84	84	85	88	89	92	
1790	79	80	80	81	82	83	84	85	88	91	95	100	
1791	78	79	80	82	83	86	89	95	
1792	84	
1804	91	
1810	83	89	
1811	14	
1814	93	93	
1818	13	
1819	8	83	93	
1820	80	84	86	88	100	
1821	3	80	81	82	84	94	
1822	80	82	84	86	91	93	
1823	78	80	83	84	
1824	80	83	
1826	83	
1842	94	
1853	85	
1854	83	
1855	7	
1856	85	
1861	7	
1865	57	
1871	36	
1876	87	
1879	17	
1880	98	
1882	99	
1885	10	
1886	34	96	
1891	16	73	
1893	91	
1915	93	
1917	20	
1924	103	
1929	7	
1940	58	
1947	5	
1952	24	
1957	88	
1965	38	
1974	7	81	
1977	92	
2001	14	
2052	5	
2056	3	
2087	90	
2092	31	
2121	81	
2138	10	
2160	44	
2166	39	
2178	9	
2181	11	19	
2182	23	
2192	22	
2211	96	
2213	11	
2239	19	
