191	87	90	91	94	98	
192	87	88	89	91	92	93	95	
193	16	85	87	90	91	93	94	
194	17	
222	52	56	
223	46	48	49	50	
224	47	90	94	
225	82	83	84	85	87	89	90	91	93	96	
226	7	10	14	81	82	83	83	84	85	86	87	89	91	94	97	99	
227	8	10	12	14	16	81	82	83	84	85	86	87	88	89	91	92	96	100	
228	16	17	83	84	86	87	89	91	93	93	96	
229	17	
252	91	
253	92	
254	96	
255	53	
256	50	51	52	54	57	59	
257	41	46	47	48	49	50	51	52	54	56	
258	43	45	46	49	85	89	95	
259	40	47	79	80	81	84	89	93	
260	7	9	46	80	81	82	84	
261	7	9	12	14	80	81	82	84	85	91	
262	7	9	10	11	13	13	14	18	20	81	82	82	84	85	86	88	89	90	92	95	100	
263	15	16	17	19	86	88	91	94	
264	17	
285	93	
286	10	13	85	87	89	90	92	94	98	
287	83	85	87	90	92	94	
288	17	
289	53	57	
290	51	51	52	54	55	56	57	60	
291	35	42	46	47	47	48	49	50	51	52	53	54	59	
292	31	34	39	42	44	45	46	48	53	57	
293	33	37	41	47	47	50	50	52	58	64	
294	20	41	43	45	46	47	48	
295	4	9	22	43	46	83	
296	5	6	7	8	10	11	12	13	14	15	80	81	84	86	92	
297	11	12	14	15	16	17	19	82	83	84	85	87	90	92	94	
298	16	17	17	18	19	
317	53	54	
318	46	47	50	51	
319	46	85	90	
320	8	10	81	83	84	86	87	88	90	91	93	96	
321	10	11	13	14	15	19	81	82	83	84	85	86	88	89	91	94	100	
322	16	17	17	18	19	91	
323	17	
324	51	53	54	58	
325	33	50	54	63	
326	40	43	45	48	52	55	57	
327	23	33	44	47	49	50	51	51	52	53	54	55	56	59	65	
328	23	25	39	42	44	45	46	47	47	48	49	50	51	58	
329	44	
330	6	9	10	12	14	84	
331	6	7	9	10	11	12	13	13	14	15	16	18	20	81	82	84	86	89	96	
332	16	17	17	18	19	19	20	85	
333	18	22	
350	56	
351	51	52	54	55	57	
352	46	47	49	50	51	52	54	
353	43	49	82	84	88	89	92	93	98	98	
354	5	8	10	80	81	84	85	88	89	91	94	
355	7	8	10	11	12	14	14	15	16	81	82	84	86	
356	13	15	16	17	17	18	19	20	85	
357	18	22	
359	55	
360	53	55	56	58	
361	4	36	49	50	51	52	52	53	54	55	56	60	
362	42	44	45	46	47	48	48	49	50	50	51	53	59	
363	43	44	
364	9	10	13	
365	6	7	9	10	11	12	12	14	14	15	15	16	18	19	82	84	
366	13	16	17	17	18	19	20	21	21	23	24	26	84	
381	86	88	91	92	95	
382	92	97	
384	53	56	
385	47	48	50	51	52	54	55	56	58	
386	43	44	45	46	46	47	48	49	50	55	
387	45	49	80	87	90	
388	9	10	14	82	84	87	92	95	
389	1	4	7	8	8	10	11	11	12	13	13	14	15	16	18	83	
390	12	14	15	16	17	17	18	18	19	20	21	22	25	
391	18	22	
394	52	56	
395	47	50	51	51	52	53	54	55	55	57	58	
396	41	44	45	46	46	47	48	49	50	51	53	
397	44	45	48	97	
398	4	8	8	10	11	13	14	68	90	
399	3	7	10	11	12	13	13	14	15	15	16	17	17	18	19	21	26	
400	13	17	18	19	20	21	22	23	23	
412	52	
413	46	50	
414	87	88	90	91	93	95	98	
415	8	10	14	81	82	84	86	87	89	90	92	94	96	
416	12	14	16	18	81	82	84	85	87	88	90	92	95	
417	16	17	20	
418	52	55	57	
419	34	47	50	51	52	53	53	54	55	58	59	
420	45	46	46	47	48	49	49	50	51	95	
421	43	45	48	78	79	86	90	94	
422	5	9	10	11	81	
423	5	6	7	9	10	11	12	13	13	14	15	15	16	18	85	
424	14	15	16	17	17	19	20	21	22	24	26	
425	18	22	
428	52	57	
429	47	48	49	51	51	52	53	53	54	55	58	60	
430	41	43	45	46	47	48	49	50	54	
431	39	45	92	93	
432	7	8	9	10	11	13	14	
433	1	5	6	11	12	13	14	15	16	17	18	18	19	20	22	24	
434	17	18	20	21	22	24	27	
445	56	58	
446	47	48	49	50	51	52	54	56	
447	40	44	46	46	47	49	49	51	
448	46	48	80	83	84	86	89	91	93	98	
449	6	8	9	11	13	81	82	83	85	87	88	90	95	
450	7	10	11	12	14	15	16	80	81	81	83	83	84	86	89	96	
451	13	16	17	18	18	20	26	92	
452	52	52	54	55	56	58	59	
453	35	42	46	47	50	51	52	52	53	54	55	56	
454	45	46	48	49	50	54	89	92	93	
455	43	48	78	85	89	90	94	
456	8	10	13	89	
457	7	9	10	11	12	13	14	15	17	19	
458	8	11	13	15	16	17	18	20	21	23	82	83	86	89	92	94	
459	16	17	22	
462	52	54	55	56	58	
463	47	48	49	50	51	51	52	53	54	55	59	
464	45	46	49	49	51	90	93	97	
465	9	45	48	79	86	89	91	
466	4	6	8	10	11	12	14	14	18	19	
467	11	12	13	14	15	15	16	17	17	18	19	20	21	22	24	
468	18	21	22	23	
469	49	50	
479	53	55	57	
480	36	47	50	50	51	52	52	53	54	54	56	57	58	61	
481	35	40	42	45	46	47	47	48	49	49	50	54	
482	42	43	45	46	
483	9	10	13	79	81	83	85	
484	1	6	8	9	10	11	12	13	13	14	15	15	16	19	81	83	84	
485	13	16	17	17	18	19	20	21	83	
486	17	47	50	51	52	53	55	57	58	
487	45	46	47	48	49	50	51	52	53	54	
488	43	45	47	48	49	52	59	84	87	88	90	92	95	
489	37	81	84	88	88	91	94	
490	5	10	19	66	
491	5	7	9	10	11	13	14	15	17	19	83	
492	6	7	11	12	13	14	15	19	21	81	82	84	88	91	97	101	
493	13	16	17	19	21	86	88	91	92	94	
494	93	
495	57	
496	50	51	52	53	53	55	56	
497	47	50	51	52	54	55	92	
498	48	83	86	88	88	90	92	96	
499	9	11	14	66	79	83	84	88	
500	4	7	9	11	12	13	14	15	15	16	16	17	18	19	19	20	23	
501	12	13	17	18	20	20	21	22	24	26	
502	21	23	
513	55	58	
514	50	51	51	52	52	53	54	55	56	57	60	
515	35	40	42	45	46	47	48	48	49	50	51	51	52	53	58	
516	41	43	44	45	46	48	49	
517	3	8	10	
518	6	7	10	11	12	12	13	14	14	15	16	18	83	
519	12	15	16	17	17	18	19	20	22	24	53	
520	47	48	50	51	52	54	55	56	58	
521	47	48	49	50	53	53	56	87	90	92	
522	45	83	84	86	89	91	95	
523	6	9	14	43	56	57	64	66	85	
524	12	14	15	16	17	17	19	20	38	42	46	47	47	51	
525	4	17	18	19	20	21	21	23	23	25	26	39	44	
526	7	9	11	13	13	15	24	26	81	
527	10	12	13	15	81	82	83	83	85	86	87	88	90	94	99	
528	16	81	82	85	87	89	91	92	95	
529	87	90	91	92	94	
530	50	51	52	53	55	83	87	90	91	93	94	97	
531	49	53	82	84	86	87	88	89	90	91	93	95	
532	9	66	81	83	84	86	88	89	91	94	
533	6	8	9	10	11	12	14	15	16	17	18	19	
534	5	13	15	17	18	18	19	20	21	24	25	26	
535	21	22	23	
541	91	92	92	
548	52	53	54	55	56	57	
549	35	37	41	46	47	48	49	50	50	51	52	53	54	55	57	58	60	
550	32	41	43	44	45	45	46	46	49	76	
551	9	43	
552	7	9	11	11	12	14	15	
553	8	13	17	19	21	51	52	56	83	85	87	91	93	93	96	
554	51	53	54	56	59	83	88	90	92	93	96	
555	48	49	54	55	82	85	86	88	89	90	91	92	94	96	98	
556	67	79	83	85	87	88	90	92	94	
557	7	10	11	12	14	15	15	16	18	57	83	
558	8	15	16	17	18	18	19	20	21	23	24	35	47	51	51	54	55	56	57	59	62	
559	20	21	22	23	24	30	38	38	42	43	44	45	45	46	47	47	48	49	50	
560	4	9	30	37	41	44	46	48	
561	8	11	13	46	81	82	98	
562	10	80	81	82	83	84	85	88	90	94	100	
563	81	82	83	83	84	85	86	88	90	94	98	
564	37	49	81	82	82	84	85	86	88	90	96	
565	66	80	81	82	83	84	85	87	89	94	100	
566	6	10	11	13	14	15	16	18	19	80	84	
567	3	8	11	12	14	15	15	16	17	18	19	20	20	21	24	70	
568	20	21	22	23	24	26	
569	23	
570	25	25	
582	52	53	55	57	
583	34	48	49	50	51	52	52	54	54	55	56	57	58	61	
584	35	38	41	44	45	46	46	47	47	48	49	49	50	
585	41	43	44	46	48	
586	5	8	8	10	12	14	93	
587	6	13	15	53	81	82	84	86	88	88	90	92	95	
588	81	82	83	84	85	86	87	89	90	91	95	101	
589	42	80	81	82	82	84	85	86	89	90	91	94	
590	9	10	12	13	14	16	17	19	68	79	82	85	
591	5	7	11	12	13	14	15	15	16	17	18	19	19	20	21	24	27	
592	18	20	21	22	23	24	25	51	52	55	57	
593	22	34	42	49	51	51	52	53	53	54	57	59	62	
594	37	42	44	45	45	46	47	48	49	50	51	52	57	58	61	
595	25	28	33	41	43	43	44	46	47	48	48	50	57	66	
596	22	26	29	37	39	41	42	44	46	47	48	53	57	59	80	
597	18	19	20	22	26	37	41	42	46	47	48	56	60	80	81	84	
598	11	17	18	20	20	21	26	33	41	44	46	48	80	81	84	
599	9	12	13	15	17	18	20	21	22	26	28	39	43	63	79	83	
600	7	11	12	14	15	18	19	20	21	22	23	25	27	
601	13	19	20	21	22	23	25	
602	22	
616	55	57	
617	48	51	52	53	53	54	55	56	58	61	
618	35	41	45	47	49	49	50	50	51	52	53	54	56	57	60	
619	32	36	40	41	42	43	44	45	46	46	47	48	49	50	66	
620	33	38	40	43	46	47	48	
621	8	26	67	80	81	83	
622	40	79	80	81	81	82	84	85	86	89	93	99	
623	10	11	13	14	17	41	68	68	79	81	83	84	89	
624	5	8	10	11	12	13	14	15	16	17	18	19	19	20	21	26	
625	12	15	18	19	19	20	21	23	23	24	
626	2	21	22	24	
627	55	
628	53	55	59	
629	35	51	54	55	58	60	
630	24	45	50	53	55	64	
631	23	24	25	51	54	62	64	
632	22	23	24	45	
633	22	24	64	
634	23	23	25	
635	25	
643	1	
651	52	54	55	57	
652	35	50	51	52	52	53	54	55	57	58	59	
653	31	34	42	45	47	48	49	50	51	52	53	54	57	59	
654	25	29	33	40	41	43	44	45	45	46	47	48	48	49	50	52	53	58	60	63	67	
655	22	24	38	40	42	44	45	46	47	49	
656	8	11	13	19	21	24	38	41	44	63	79	
657	5	9	11	12	13	14	15	16	18	19	20	21	22	24	28	
658	5	12	15	19	20	21	22	23	24	
659	22	25	
660	23	
686	55	
687	35	52	53	54	55	58	
688	33	50	54	55	
689	24	45	50	53	65	
690	24	25	44	65	
691	5	21	23	24	24	27	
692	23	25	
1163	42	
1164	27	
1170	76	
1183	98	
1217	24	
1250	30	
1260	3	
1279	8	
1282	10	
1302	38	
1306	65	
1311	13	37	
1312	20	46	
1313	42	
1314	26	39	49	
1315	47	
1316	46	
1319	8	
1331	84	
1338	79	
1345	19	38	
1346	16	20	23	26	57	68	
1347	16	17	19	25	31	37	38	42	44	46	48	
1348	18	22	36	42	45	46	48	50	56	58	66	
1349	21	26	46	
1361	23	
1370	20	
1372	26	
1374	48	
1376	93	
1378	25	
1379	11	14	17	23	27	
1380	8	12	14	16	18	20	33	58	
1381	16	17	19	19	20	22	23	36	42	47	52	55	56	58	60	63	
1382	19	20	21	22	25	33	40	42	44	45	46	47	48	48	49	51	53	57	
1383	23	29	39	42	44	45	46	47	49	51	64	
1384	45	46	49	
1385	44	
1392	82	
1395	9	
1401	43	
1407	36	38	47	
1408	48	
1410	93	
1412	8	
1413	10	13	14	27	
1414	7	10	11	12	13	14	15	16	18	19	20	26	
1415	13	17	18	19	20	21	23	24	53	55	57	
1416	23	24	35	38	50	51	52	54	55	56	58	60	
1417	25	32	35	42	44	45	46	47	47	49	50	51	52	54	56	
1418	38	43	44	45	46	48	48	50	55	56	
1419	38	46	50	
1420	58	
1421	62	
1422	67	
1425	2	
1430	24	
1440	19	
1441	16	18	22	40	57	60	
1442	17	19	21	39	43	44	46	47	52	
1443	22	
1444	45	48	
1445	26	
1446	10	18	
1447	6	9	11	13	15	
1448	6	8	11	12	14	15	16	18	
1449	88	92	97	
1450	7	12	14	52	52	54	55	56	57	82	83	84	86	87	89	90	92	94	96	
1451	17	33	38	50	51	52	53	53	54	57	59	87	90	
1452	17	18	41	43	44	45	46	46	47	48	49	50	52	56	60	
1453	44	47	48	49	53	
1454	43	46	
1474	8	12	13	
1475	11	15	16	20	34	52	55	57	62	
1476	16	17	18	19	20	22	24	35	39	42	45	46	47	48	49	50	51	52	53	59	
1477	21	23	25	42	44	45	46	47	48	50	58	
1478	52	
1480	11	
1481	9	13	13	
1482	17	20	82	86	
1483	8	82	83	84	85	87	89	91	94	
1484	9	10	11	14	17	79	80	82	83	84	85	86	88	92	
1485	12	13	15	15	16	17	19	20	34	51	52	52	53	54	55	57	58	59	82	84	86	88	96	99	
1486	17	18	20	21	42	43	46	47	48	49	49	50	51	53	60	
1487	38	44	45	46	48	48	49	58	
1488	51	
1491	69	
1494	7	
1498	26	
1503	45	50	68	
1508	7	9	10	12	14	16	19	24	
1509	7	11	12	13	13	14	15	16	17	18	20	26	52	53	55	56	58	60	70	
1510	16	17	18	19	20	20	21	22	24	26	34	36	42	46	47	47	49	50	51	52	54	55	57	
1511	22	43	45	46	47	48	49	51	
1512	45	49	
1517	82	84	90	95	
1518	5	7	8	10	11	12	13	15	16	81	90	
1519	7	12	14	15	16	17	19	20	21	26	37	51	52	53	55	56	57	81	84	
1520	18	20	21	23	46	47	48	50	50	51	52	53	55	58	61	
1521	16	42	44	45	46	48	50	53	58	
1522	50	66	
1535	17	19	37	
1536	21	47	
1537	17	21	40	45	47	50	66	
1538	27	
1541	11	
1542	8	8	10	11	13	13	14	17	19	67	
1543	6	11	12	14	15	16	17	18	18	19	21	24	52	53	55	55	57	58	
1544	17	18	21	22	23	42	46	47	47	48	49	50	51	51	52	53	54	60	
1545	44	46	49	52	54	59	
1546	44	48	
1549	15	
1551	9	13	84	88	
1552	4	7	9	10	11	13	14	17	20	68	
1553	8	12	12	14	15	16	17	18	19	20	24	37	51	52	52	56	
1554	17	22	46	47	48	48	49	50	51	52	53	54	56	59	
1555	43	45	47	49	51	54	89	92	93	
1556	45	
1563	67	
1568	12	
1569	11	19	56	
1570	13	15	16	17	18	19	21	25	34	39	51	54	56	67	
1571	17	19	20	22	23	39	42	43	45	46	47	48	49	50	53	53	60	
1572	21	43	44	49	52	56	
1573	51	
1574	15	
1575	14	
1576	4	8	9	10	11	12	14	15	18	19	
1577	8	12	13	15	15	16	16	17	18	19	20	24	51	52	53	55	56	57	62	72	
1578	17	18	20	21	23	34	37	42	46	47	49	50	50	51	53	54	59	
1579	43	45	46	47	48	49	51	
1580	42	43	49	53	
1583	98	
1584	94	
1585	6	10	14	
1586	3	7	8	9	11	12	13	14	15	16	19	57	
1587	12	14	15	15	16	17	18	19	20	21	24	26	47	48	51	52	53	54	55	57	59	69	
1588	18	20	21	22	45	47	48	49	49	50	52	54	56	
1589	44	46	52	84	87	88	90	93	95	
1590	96	
1595	11	
1600	18	
1601	18	
1602	12	14	18	26	
1603	8	9	11	12	14	15	18	
1604	12	13	15	16	17	19	21	25	34	51	52	53	54	55	57	59	62	71	
1605	17	18	19	20	22	23	24	26	34	40	42	45	46	46	47	48	48	49	50	51	52	54	55	58	
1606	42	44	45	46	49	
1607	49	
1608	6	
1609	9	11	14	19	
1610	5	6	8	10	11	12	13	14	15	16	17	18	19	21	25	
1611	12	13	16	17	18	19	20	21	22	23	25	27	51	52	52	54	55	56	58	
1612	21	22	37	47	47	49	50	51	52	53	54	55	56	57	60	
1613	42	43	45	46	47	48	48	49	50	54	60	
1614	43	45	50	
1618	93	
1619	6	8	11	15	23	
1620	5	6	9	10	12	13	13	14	15	16	17	18	20	21	56	
1621	12	17	19	19	21	21	22	23	26	47	48	51	52	53	54	55	59	
1622	22	44	45	46	49	50	53	53	56	59	91	93	94	
1623	48	79	83	84	86	89	91	95	
1624	92	95	
1625	49	49	
1628	55	
1629	85	
1635	1	
1636	21	74	
1637	8	9	10	11	13	14	15	25	
1638	6	8	12	14	15	16	19	24	51	52	53	55	56	57	59	
1639	16	17	18	19	20	22	33	41	43	45	47	48	49	49	50	50	51	54	55	59	
1640	44	46	48	49	50	52	54	
1641	43	46	
1643	7	9	10	12	14	15	16	19	24	26	67	
1644	4	7	9	11	12	13	14	15	15	16	17	18	19	20	23	26	
1645	16	17	17	19	21	22	23	24	55	58	
1646	22	34	51	52	53	54	55	56	60	
1647	35	37	43	47	49	50	51	52	54	55	58	92	
1648	30	36	41	44	45	46	47	48	49	61	
1649	44	46	48	48	
1650	44	46	
1651	25	30	66	
1652	12	18	39	
1653	7	8	10	12	13	15	17	19	24	24	40	
1654	7	11	12	14	15	16	17	19	20	22	23	52	53	56	
1655	21	22	23	46	49	50	51	52	54	55	57	
1656	48	51	82	85	86	88	88	90	91	92	95	99	
1657	50	82	84	86	89	92	95	
1658	84	88	
1662	89	
1663	84	85	85	
1668	14	
1670	10	
1671	5	6	8	10	12	14	17	
1672	7	10	11	12	13	13	14	15	17	21	52	53	54	55	56	83	85	91	93	101	
1673	13	16	17	18	19	20	22	34	42	47	48	49	49	50	51	52	54	55	58	86	
1674	11	41	43	45	47	48	49	51	60	
1675	38	
1676	13	68	
1677	8	9	10	11	14	14	16	18	19	66	
1678	7	11	12	13	15	16	16	17	19	20	21	23	23	
1679	20	22	24	46	
1680	52	53	54	55	83	87	89	90	91	93	94	97	
1681	51	52	54	55	57	59	81	82	83	84	85	87	89	90	91	92	93	95	99	
1682	16	17	33	37	42	45	47	48	48	50	51	53	56	61	64	92	
1683	28	38	41	43	45	46	47	48	49	52	54	56	62	83	
1684	25	32	35	41	43	46	47	50	
1685	20	37	40	45	47	63	
1686	10	13	15	16	18	20	22	23	41	55	66	
1687	10	11	13	13	14	15	17	20	21	23	53	57	
1688	15	20	21	22	24	25	51	52	54	
1689	23	49	51	54	88	91	93	94	
1690	50	55	80	82	83	85	86	89	91	96	99	
1691	81	84	92	
1696	67	
1697	88	
1698	75	
1705	8	10	13	21	
1706	4	7	10	11	12	13	14	15	19	24	52	52	54	55	56	81	86	90	
1707	15	16	17	18	18	19	20	34	37	43	47	47	50	50	51	53	53	54	57	82	83	86	87	91	95	
1708	21	30	41	44	45	46	47	48	48	49	
1709	36	38	43	47	67	
1710	8	10	12	13	44	52	
1711	5	6	9	11	12	13	14	15	17	18	19	21	23	24	56	68	
1712	19	20	21	22	23	24	26	47	50	51	55	58	
1713	22	48	50	53	88	91	93	94	
1714	82	84	85	87	89	90	92	93	
1715	6	8	10	14	55	80	81	83	84	86	88	91	94	102	
1716	12	13	18	53	54	55	82	83	84	86	88	89	91	94	94	102	
1717	16	19	34	50	52	54	59	63	87	93	
1718	16	23	35	44	49	61	64	
1719	10	14	24	28	44	65	
1720	11	14	21	22	23	24	57	
1721	21	22	24	25	50	51	52	54	55	93	
1722	50	52	54	60	91	92	97	
1723	50	55	83	86	87	89	90	93	96	98	
1724	79	81	83	86	88	93	
1725	81	
1726	23	24	
1727	23	
1738	18	25	
1739	8	11	
1740	5	9	10	11	13	13	14	15	24	55	80	101	
1741	3	8	12	15	17	19	24	26	33	51	52	54	54	55	56	58	59	82	83	83	86	91	93	101	
1742	16	17	18	19	21	33	45	47	49	50	54	61	63	92	
1743	39	43	45	59	67	
1744	8	11	14	21	25	43	56	65	
1745	12	14	15	19	21	22	23	25	48	51	52	53	
1746	22	49	50	52	54	88	93	97	
1747	14	48	82	85	86	88	89	90	92	94	97	
1748	80	81	83	85	86	89	95	98	
1749	9	81	85	
1750	10	12	15	80	81	82	84	88	91	94	100	
1751	8	11	13	14	82	83	84	86	87	89	91	95	100	
1752	83	86	86	88	89	90	91	94	96	
1753	86	87	89	90	92	95	
1754	87	89	90	91	94	98	
1755	52	53	55	85	86	87	89	90	91	92	94	95	
1756	55	82	86	87	89	89	90	92	93	95	
1757	79	80	83	84	85	89	91	
1758	85	
1772	22	
1774	5	7	10	12	15	25	89	
1775	8	10	12	13	13	14	15	16	81	82	85	90	93	101	
1776	12	15	17	20	83	85	87	88	89	91	92	94	
1777	16	18	88	91	92	
1778	25	48	51	58	92	
1779	24	49	51	52	53	55	91	93	96	
1780	48	51	82	85	86	87	89	90	91	94	96	
1781	79	81	83	83	85	87	89	
1782	80	84	89	93	
1783	4	80	96	
1784	5	9	13	
1785	2	80	81	82	84	90	100	
1786	82	83	83	84	86	90	93	99	
1787	81	82	83	84	85	87	88	90	98	
1788	81	83	84	85	87	88	90	93	95	
1789	80	81	82	83	83	84	85	88	91	98	100	
1790	79	80	81	82	83	84	85	89	96	
1791	79	81	87	88	
1792	94	
1793	98	
1795	61	
1802	96	
1808	13	16	
1809	5	8	9	11	13	80	84	88	94	102	
1810	7	11	14	15	81	81	82	84	85	90	93	94	98	
1811	12	53	82	85	86	87	89	90	91	94	95	99	
1812	52	54	82	86	87	87	89	90	90	92	93	95	
1813	53	54	83	86	87	89	90	91	92	94	97	
1814	80	82	83	84	85	86	88	89	91	93	
1815	79	82	85	94	98	
1816	81	95	
1817	47	93	
1819	2	91	
1820	81	85	
1821	80	82	98	
1822	82	84	87	92	
1823	81	85	
1824	81	84	
1825	18	
1839	101	
1840	19	
1843	13	83	
1844	15	81	83	87	90	
1845	8	9	80	81	82	83	84	85	86	88	89	94	101	
1846	80	80	81	82	83	83	84	85	87	88	90	93	98	
1847	80	81	83	84	84	86	88	89	91	97	
1848	79	82	84	86	
1849	88	94	
1850	92	
1855	11	
1857	95	
1858	94	
1878	4	84	
1879	81	83	
1880	80	84	96	
1881	80	85	89	
1882	86	93	
1899	28	
1908	60	
1913	17	
1914	86	
1915	90	99	
1922	74	
1926	68	
1937	71	
1945	13	
1946	50	
1947	39	
1950	99	
1951	31	
1962	7	
1977	23	
1995	34	
2027	85	
2035	80	
2045	26	
2055	22	
2058	82	
2089	18	
2101	30	
2106	10	
2111	9	
2137	24	
2160	44	
2171	17	
2175	5	
2215	94	
