81	55	
84	81	82	
146	31	
156	87	91	93	95	
157	88	91	92	97	
158	17	91	93	
177	92	
178	18	92	96	
188	56	58	58	62	
189	47	48	50	51	53	
190	45	46	47	49	85	87	89	92	96	102	
191	7	8	11	82	84	85	86	87	89	90	92	93	95	
192	12	14	16	19	83	85	87	88	90	91	93	94	96	98	
193	16	17	86	87	89	91	95	
194	16	18	
208	56	
210	52	91	93	96	
211	87	89	91	92	93	94	96	
212	12	14	83	87	88	90	91	93	94	96	
213	17	19	87	90	92	93	
214	17	
222	55	56	57	57	58	60	62	
223	51	51	52	53	53	54	55	56	56	57	58	59	60	
224	45	47	48	49	49	50	51	52	53	56	83	
225	8	11	44	45	46	47	48	49	49	50	81	82	83	84	86	88	100	
226	9	10	12	13	15	81	82	84	84	85	86	88	88	90	92	95	100	
227	2	7	11	12	14	16	17	18	19	82	83	83	84	86	87	89	91	94	100	
228	17	17	19	21	
229	18	
242	53	56	58	58	
243	47	49	51	52	55	
244	47	48	50	82	85	86	87	89	91	92	95	
245	10	81	82	84	85	86	86	87	89	90	91	92	94	95	97	102	
246	6	9	10	13	15	82	83	84	85	86	87	89	90	91	94	
247	6	11	12	14	15	16	16	17	19	83	83	85	86	89	97	101	
248	16	17	17	18	19	20	
256	58	
257	34	52	55	55	56	57	57	59	60	62	
258	50	50	51	52	53	53	54	54	55	56	57	58	59	
259	5	45	46	47	48	49	49	50	52	83	
260	5	6	8	9	10	11	13	14	15	44	47	48	82	83	84	
261	7	11	12	12	14	14	15	16	18	23	83	84	85	92	95	101	
262	13	16	16	17	19	20	22	86	93	
263	18	22	
275	58	
276	51	52	53	55	56	56	57	59	60	61	
277	47	47	49	50	51	51	52	54	55	56	58	63	95	
278	45	46	48	49	50	81	82	84	85	87	89	93	95	
279	9	48	81	82	83	84	85	86	89	90	95	
280	6	9	10	11	12	13	14	15	81	82	84	85	88	93	101	
281	6	8	11	12	14	15	16	16	17	18	19	20	24	83	84	86	
282	17	18	19	20	21	24	
283	18	
286	93	
287	91	92	96	
288	92	
289	16	87	92	
291	53	55	56	57	58	59	61	
292	51	52	52	54	54	55	56	57	59	62	
293	45	46	47	47	48	49	50	50	51	52	53	54	
294	9	11	45	47	48	
295	2	4	7	8	10	11	12	13	13	14	15	20	24	84	86	90	
296	12	15	16	17	19	21	85	87	89	92	95	102	
297	17	18	21	
309	57	58	
310	33	52	53	54	55	56	56	57	59	60	61	
311	46	47	48	50	50	51	52	52	53	54	54	57	61	91	
312	44	45	46	48	49	50	55	81	91	
313	9	15	83	84	
314	6	9	10	11	12	14	15	84	
315	3	8	11	12	13	14	14	15	16	16	17	18	18	19	20	24	
316	17	17	19	20	21	22	
318	56	57	
319	52	
320	51	88	89	91	92	95	97	100	
321	14	82	85	86	87	87	89	90	91	92	94	95	101	
322	7	9	15	16	83	85	86	87	88	89	90	91	93	93	95	98	
323	12	16	16	18	83	85	86	89	92	100	
324	17	
325	57	61	
326	35	51	52	53	54	55	55	56	57	58	59	61	
327	45	47	48	49	49	50	51	52	54	54	55	58	
328	44	45	46	47	48	49	50	
329	2	5	8	8	10	12	13	15	84	95	101	
330	6	10	12	12	13	14	15	16	19	83	83	84	86	89	92	94	102	
331	16	17	18	18	20	21	87	
343	57	
344	36	53	54	55	56	56	57	59	60	61	62	
345	47	47	49	50	51	51	52	53	53	54	54	55	57	58	
346	45	46	47	48	49	50	50	68	88	
347	8	14	89	
348	4	6	9	11	12	13	14	15	15	18	
349	5	8	11	12	14	14	15	16	16	17	18	18	19	20	20	22	24	
350	17	19	20	21	22	
351	58	
352	56	58	60	
353	50	51	52	53	54	56	91	97	
354	48	50	54	81	84	85	87	88	90	91	92	94	96	
355	9	82	83	83	84	85	86	88	89	90	95	101	
356	6	8	10	11	12	14	15	17	81	82	84	85	86	87	89	90	100	
357	6	12	13	14	15	16	17	17	18	18	19	20	20	69	83	84	101	
358	18	21	23	
360	52	53	54	55	56	57	57	59	60	61	
361	47	49	50	51	52	52	53	54	55	55	56	57	58	59	64	
362	45	46	47	48	49	49	50	51	53	
363	5	6	9	11	14	86	
364	7	10	11	12	13	13	14	14	15	17	19	82	84	85	88	100	
365	2	8	12	15	16	17	17	19	20	21	23	83	86	91	93	103	
366	18	21	
377	58	
378	52	53	55	56	56	58	59	60	62	
379	46	47	48	49	50	50	51	51	53	53	54	54	56	
380	45	46	48	49	50	52	94	
381	5	9	11	14	
382	3	7	10	11	12	12	13	14	15	15	16	18	20	
383	5	8	11	12	13	14	15	16	16	17	18	19	19	20	22	24	25	27	
384	17	21	23	58	
385	56	57	
386	51	52	53	55	56	59	
387	50	51	52	54	56	58	83	87	89	91	92	93	96	
388	50	53	82	83	85	86	88	89	90	91	94	97	
389	4	9	10	13	81	84	85	87	96	
390	6	7	9	10	11	12	13	14	15	15	16	16	19	19	83	83	85	
391	2	12	15	16	17	17	18	19	20	20	21	22	23	25	
392	21	22	
394	35	53	55	56	57	58	58	60	61	
395	50	51	51	52	52	53	54	54	55	56	59	
396	44	45	46	47	48	48	49	50	50	51	52	53	
397	10	45	46	49	96	98	
398	5	7	9	10	12	13	14	15	15	19	26	83	90	94	
399	8	11	12	13	13	14	15	16	17	18	19	22	24	82	83	84	86	87	88	92	94	102	
400	16	17	19	21	
411	58	
412	35	52	54	55	56	57	57	59	60	61	
413	47	47	49	50	51	51	52	53	53	54	54	55	58	59	
414	44	45	46	47	48	49	50	51	65	92	94	
415	9	10	13	14	50	
416	3	5	6	8	10	11	12	12	14	14	15	15	16	17	18	19	20	
417	13	15	16	16	17	18	19	20	21	21	23	24	27	
418	23	56	58	
419	52	54	56	57	61	
420	51	52	53	53	54	57	60	88	92	94	96	
421	48	50	52	54	81	85	86	87	88	90	91	94	
422	50	81	85	86	90	94	
423	6	8	10	11	13	14	15	16	19	
424	2	3	7	11	12	13	13	14	15	15	16	17	18	19	21	24	
425	16	17	18	19	20	21	22	24	
426	23	
428	55	56	56	57	59	61	
429	48	51	52	52	53	54	55	55	56	56	58	60	
430	44	45	46	47	47	49	49	50	51	51	53	54	55	
431	44	47	48	50	
432	5	6	9	10	13	14	83	90	
433	5	6	8	10	11	12	14	15	15	18	19	84	86	90	101	
434	16	16	17	17	19	20	21	22	26	87	
435	22	
439	74	74	
446	52	52	53	55	56	57	58	58	59	60	62	
447	47	48	49	50	51	51	52	53	53	54	55	55	56	59	
448	46	47	48	49	50	51	53	
449	5	7	8	9	10	12	13	14	49	
450	7	10	11	12	12	13	14	15	15	16	17	19	23	26	
451	3	17	18	20	21	22	23	
452	52	57	58	61	
453	51	52	53	54	56	58	62	91	93	96	
454	50	51	53	55	60	82	85	87	89	91	92	94	97	
455	42	50	54	80	82	83	85	86	89	91	94	100	
456	9	51	84	87	91	
457	8	9	10	12	13	14	19	
458	1	5	7	11	12	12	14	15	15	16	17	17	19	19	20	21	23	23	25	26	73	
459	17	18	20	21	22	24	
462	56	57	60	62	
463	50	51	52	53	53	54	55	56	56	57	58	59	60	
464	47	48	49	50	50	51	52	53	54	56	60	
465	44	45	46	47	48	49	50	53	53	
466	7	9	11	13	
467	1	4	6	7	9	10	11	12	12	13	14	14	15	15	16	17	19	22	83	83	85	87	102	
468	12	16	17	17	18	18	19	20	21	22	23	84	
469	21	
479	58	
480	35	53	55	55	56	56	57	58	59	60	61	
481	47	48	50	51	51	52	53	54	54	55	55	56	61	
482	45	46	46	47	48	49	50	52	53	95	
483	4	9	10	12	14	
484	5	6	8	11	12	12	13	13	14	15	15	16	18	18	20	
485	17	17	20	21	22	
486	52	54	55	56	58	59	62	92	
487	51	52	54	55	83	86	87	90	92	93	95	98	
488	47	52	54	82	84	85	87	89	90	91	95	
489	46	81	84	89	
490	9	14	
491	5	7	8	10	11	12	13	14	14	15	16	26	
492	6	12	13	14	15	16	16	17	18	19	19	20	21	22	23	24	
493	18	21	22	25	
496	58	
497	52	53	54	55	55	56	56	57	57	59	60	62	
498	47	48	49	50	51	51	52	53	54	54	55	58	59	
499	45	46	47	49	49	50	51	
500	9	10	12	38	
501	6	7	9	10	11	12	13	13	14	15	15	16	18	19	23	
502	3	15	16	17	17	18	18	19	20	21	22	24	
503	22	
507	86	86	87	
513	57	
514	52	53	55	56	56	57	58	59	59	60	63	
515	33	36	47	48	50	51	51	52	53	53	54	55	56	61	
516	44	45	46	47	47	49	49	50	51	53	
517	5	9	10	14	46	49	
518	7	11	12	13	14	15	15	16	19	22	86	
519	22	58	87	91	92	95	98	
520	54	85	87	88	89	90	91	92	94	96	100	
521	41	46	47	53	57	81	82	84	85	86	87	88	90	91	92	95	
522	42	47	53	55	56	72	82	84	85	87	89	93	
523	46	47	49	51	64	71	83	
524	9	13	26	45	48	
525	5	6	8	9	10	11	12	14	15	15	19	27	
526	13	15	16	17	17	18	18	19	20	21	23	23	25	
527	17	20	22	
531	33	51	52	55	56	57	57	59	60	62	64	
532	47	50	51	52	52	53	54	54	55	59	
533	45	47	48	48	49	50	51	53	53	54	
534	6	9	10	12	13	29	34	35	
535	1	6	8	10	11	11	12	13	14	14	15	15	16	17	18	19	
536	1	13	16	17	17	18	19	20	20	21	22	23	24	
537	22	
548	52	54	55	56	57	58	59	61	
549	42	48	50	51	52	53	53	54	54	55	56	56	57	58	58	59	60	64	
550	31	42	45	45	46	47	48	49	49	50	51	52	54	
551	10	45	46	46	47	49	49	
552	2	5	7	10	12	41	46	86	95	
553	21	34	41	46	46	47	47	82	83	83	85	86	87	89	90	94	95	
554	46	49	55	57	68	68	81	83	83	84	85	86	88	89	90	94	
555	12	16	17	18	19	40	43	46	48	50	56	57	61	80	82	84	85	89	
556	19	20	27	43	45	46	48	49	51	53	55	56	58	60	72	84	
557	21	22	24	26	43	45	46	47	48	49	50	51	52	54	
558	3	9	10	13	43	45	46	48	
559	7	8	10	11	11	12	13	14	15	15	16	
560	2	12	15	15	16	17	18	18	19	20	22	23	
561	17	20	21	
564	57	63	
565	51	52	54	55	56	56	58	58	59	62	
566	47	49	50	51	52	53	53	54	55	59	62	92	
567	8	48	49	51	54	66	91	95	
568	6	8	9	10	12	13	14	48	
569	7	10	12	13	14	15	15	16	17	19	19	20	22	24	
570	2	12	15	16	17	18	20	21	22	24	
571	22	
582	63	
583	51	52	53	55	56	57	58	58	59	60	61	
584	31	34	43	48	49	50	51	51	52	53	54	54	55	56	56	57	59	60	
585	41	45	47	48	49	49	50	50	51	52	54	56	57	58	58	67	
586	14	21	23	44	45	46	47	48	49	49	50	66	85	
587	10	15	18	18	19	20	41	44	45	48	49	68	70	81	82	84	
588	7	10	11	12	14	15	17	19	19	20	21	44	62	81	82	84	
589	13	18	19	20	21	21	23	24	27	53	56	57	59	61	
590	22	23	24	25	48	49	51	52	52	54	55	55	56	57	58	59	60	
591	45	46	47	47	49	50	51	51	52	53	54	
592	4	9	45	46	47	48	49	
593	4	6	8	9	10	11	12	13	14	15	
594	7	11	13	14	15	15	16	17	18	19	20	22	24	
595	17	18	19	21	22	
598	56	57	61	
599	47	51	52	54	56	56	57	58	60	
600	48	48	49	50	51	52	53	54	55	58	90	93	97	
601	13	50	90	92	93	
602	6	10	11	12	13	14	15	16	18	69	
603	5	6	8	11	12	14	15	15	16	16	17	18	19	20	22	24	70	
604	17	18	20	21	22	24	
617	55	62	
618	53	54	55	57	58	60	
619	23	28	52	54	55	60	
620	24	25	29	50	55	59	
621	5	11	15	20	22	23	24	50	
622	13	15	21	22	24	24	
623	21	23	24	55	58	62	
624	51	52	53	54	55	55	56	56	57	58	59	60	62	
625	48	49	50	51	51	52	53	53	54	54	55	55	56	
626	9	44	45	46	46	47	48	49	50	51	
627	3	7	10	11	12	13	13	14	15	45	70	
628	8	11	12	14	15	16	16	19	21	84	88	93	
629	16	16	17	19	21	23	
632	56	57	58	60	
633	51	52	53	54	55	56	57	60	93	
634	49	50	51	54	55	87	90	91	92	96	
635	8	11	49	83	86	89	
636	4	6	9	10	11	12	13	13	14	14	15	16	16	17	18	18	19	26	43	68	
637	6	11	12	14	15	16	17	18	19	19	20	21	21	23	24	
638	21	22	23	24	
656	25	
658	35	53	55	56	57	58	59	61	62	
659	48	50	51	51	52	53	53	54	55	55	56	56	57	59	60	
660	45	46	47	48	49	49	50	50	51	54	
661	4	9	10	13	15	44	45	46	46	47	48	49	
662	5	6	8	10	11	12	12	13	14	15	18	20	82	83	85	87	92	98	
663	12	16	17	18	20	22	86	87	92	98	
664	17	
665	57	
666	53	54	57	58	62	
667	51	52	54	55	87	89	91	92	95	101	
668	9	42	46	49	54	81	84	86	87	88	90	91	92	95	
669	9	10	11	13	14	15	16	18	100	
670	3	7	9	11	12	14	15	16	17	17	18	19	20	20	24	
671	17	20	21	22	22	23	24	25	
672	23	
692	58	60	
693	33	51	52	53	54	55	56	56	57	59	60	61	
694	45	50	51	51	52	53	53	54	55	56	56	58	
695	5	9	30	42	44	46	47	47	48	48	49	50	50	
696	7	8	10	11	13	13	14	15	44	46	49	84	85	89	
697	2	6	10	12	14	15	16	21	82	83	85	86	87	89	91	92	93	95	
698	18	87	88	91	92	93	96	103	
699	87	90	92	94	96	
700	51	53	53	55	58	87	91	92	94	96	98	
701	40	46	48	49	52	67	82	85	86	87	89	90	91	92	93	95	99	
702	6	9	10	13	16	80	82	83	85	86	89	
703	5	7	8	10	11	12	14	15	15	16	17	18	19	19	20	21	44	
704	5	13	15	17	18	19	20	20	21	22	24	25	26	
705	21	22	
727	55	58	60	62	
728	51	52	54	55	56	57	57	59	60	61	
729	31	43	45	49	50	51	52	52	53	54	54	56	57	58	59	
730	2	4	9	42	45	45	46	47	47	49	50	50	51	83	
731	6	10	12	14	26	38	42	44	45	46	47	48	48	49	50	83	83	84	85	86	102	
732	8	20	46	47	82	83	83	84	85	86	89	90	93	95	102	
733	41	46	47	62	82	83	84	85	86	88	88	89	90	93	95	
734	17	19	47	55	59	82	84	85	86	87	88	90	91	94	100	
735	10	14	16	17	18	18	19	44	46	50	70	81	82	84	85	89	98	
736	6	10	11	12	14	15	16	18	18	19	20	21	24	26	43	45	68	
737	4	12	13	14	15	19	20	21	22	22	23	24	25	26	
738	22	22	23	
762	53	55	60	
763	52	54	55	57	59	60	62	
764	23	32	50	51	52	53	54	55	56	57	58	59	60	64	
765	24	29	45	50	51	52	53	55	56	57	59	62	
766	20	23	41	44	45	47	48	49	51	54	57	84	
767	12	19	20	22	40	45	49	50	64	67	69	80	81	82	83	85	
768	7	10	11	13	14	15	16	19	20	21	22	26	45	50	82	83	84	
769	12	18	19	20	21	22	23	24	25	27	84	
770	21	23	24	25	
771	23	24	
797	55	
798	63	
799	23	54	60	
800	24	52	54	
801	15	21	23	24	
802	21	24	24	
803	23	24	
1166	74	
1172	9	
1173	35	
1178	60	
1197	70	
1204	29	91	
1205	64	
1208	69	
1213	8	29	
1215	37	
1216	8	
1223	5	64	
1228	88	
1246	49	
1254	7	
1255	7	
1261	39	
1270	68	
1274	84	
1275	78	
1278	46	
1279	41	46	51	
1280	47	69	
1289	86	
1294	5	
1297	41	
1298	32	40	
1299	48	82	
1301	34	
1311	26	
1312	16	18	20	30	43	56	
1313	20	23	41	45	47	49	50	53	56	59	67	69	
1314	45	46	47	48	50	52	
1315	44	47	51	
1316	47	50	
1328	36	
1331	17	
1333	18	21	40	47	49	56	
1334	27	45	47	50	
1335	44	47	48	74	
1343	14	29	
1344	15	20	
1345	13	14	15	20	
1346	16	17	18	18	19	21	24	28	56	57	60	
1347	17	19	21	22	23	25	51	52	54	56	57	58	60	
1348	24	27	30	42	44	45	46	47	48	49	50	51	53	54	56	59	62	
1349	45	46	47	48	49	50	56	58	
1350	50	
1354	73	
1364	20	
1365	20	
1366	16	17	19	20	27	31	62	
1367	18	18	19	21	44	47	56	58	58	60	67	71	
1368	21	22	43	45	47	48	49	51	52	54	55	60	
1369	22	44	45	46	47	49	50	52	55	56	59	
1370	45	49	
1371	50	
1378	11	15	
1379	7	9	10	12	14	15	16	
1380	8	12	13	15	17	18	20	23	24	62	93	96	
1381	16	17	18	20	22	24	37	55	57	58	59	60	61	
1382	22	45	51	51	52	54	55	56	56	59	60	
1383	45	46	47	48	48	49	50	51	52	53	54	56	58	
1384	45	47	49	56	
1385	51	
1389	73	84	
1396	8	40	
1397	34	
1398	10	
1399	10	12	13	15	19	
1400	12	13	15	16	17	18	18	19	20	21	24	28	29	72	
1401	17	21	22	24	25	28	33	45	52	56	57	57	59	60	
1402	22	23	25	48	49	50	51	52	53	53	54	55	56	59	61	
1403	44	45	46	48	49	49	50	51	
1404	50	53	
1408	36	46	
1409	26	47	62	
1410	46	
1411	49	79	
1412	12	
1413	11	
1414	8	9	10	11	13	13	14	15	16	20	82	85	
1415	13	16	17	18	18	20	57	58	61	86	88	90	96	
1416	17	17	23	52	52	54	55	56	57	59	60	
1417	45	46	47	48	49	50	51	52	53	54	58	
1418	45	46	47	48	50	53	
1419	31	46	49	56	
1424	14	
1432	10	13	15	
1433	8	9	11	12	14	14	15	16	17	
1434	12	13	15	16	17	18	19	20	21	22	23	24	27	
1435	18	21	22	23	24	53	56	57	57	59	60	
1436	47	50	51	51	52	53	53	54	55	55	56	57	58	60	
1437	45	46	47	48	49	50	52	54	
1438	49	52	
1439	50	
1441	22	
1442	16	19	36	47	58	
1443	17	19	21	44	47	51	57	
1444	41	43	47	48	49	51	56	63	70	
1445	45	46	47	49	50	
1446	49	
1447	11	14	
1448	5	7	9	10	12	14	19	84	
1449	7	11	12	14	15	16	20	24	82	83	84	85	97	
1450	16	17	18	20	21	48	52	53	55	55	56	56	57	58	60	61	
1451	50	51	52	53	53	54	55	56	58	58	62	
1452	45	46	47	48	49	50	51	52	55	56	
1453	44	47	49	50	53	
1454	13	
1456	70	
1458	71	
1464	14	
1466	9	12	14	
1467	5	7	9	10	11	12	13	14	14	15	16	18	23	
1468	13	15	15	16	16	17	17	19	19	21	23	24	
1469	17	18	22	56	56	57	59	60	
1470	47	50	51	52	53	53	54	55	56	59	
1471	46	47	48	49	50	51	54	63	91	
1472	50	
1473	14	
1475	12	15	19	
1476	16	17	18	19	22	25	58	
1477	17	19	20	21	23	25	27	45	48	51	55	56	57	59	61	67	
1478	21	22	24	44	45	47	49	50	51	52	53	55	56	58	61	
1479	44	46	48	48	49	50	52	54	57	
1480	63	
1481	9	15	
1482	8	10	12	13	15	20	
1483	6	10	11	12	13	14	15	17	19	21	83	85	90	94	
1484	17	18	18	19	20	22	24	26	45	58	60	61	82	86	91	
1485	51	52	53	54	54	55	56	56	57	58	59	61	
1486	46	47	47	48	49	50	50	51	54	56	58	61	
1487	37	45	47	48	49	51	55	
1488	46	48	50	
1490	12	
1491	73	
1497	35	
1500	9	11	14	19	39	83	
1501	5	7	9	10	11	12	13	14	14	15	16	18	22	23	
1502	12	13	15	16	16	17	17	18	19	20	21	25	58	71	
1503	22	23	53	56	57	58	59	
1504	47	48	51	52	54	54	55	57	60	
1505	24	46	49	50	52	53	91	96	
1506	49	
1507	48	
1508	10	18	
1509	7	9	11	12	14	15	16	19	23	
1510	12	13	14	15	16	17	18	19	20	21	24	58	
1511	18	19	20	21	22	24	26	53	56	57	57	59	61	
1512	22	25	47	50	51	52	53	54	55	57	58	60	
1513	48	50	53	55	
1514	48	54	
1515	92	
1516	10	14	16	19	
1517	7	9	10	11	12	13	14	15	16	19	84	90	
1518	8	13	16	17	18	18	19	20	23	58	63	84	86	88	101	
1519	17	22	35	52	53	56	57	58	59	60	62	
1520	19	47	48	50	51	52	52	53	54	56	57	59	60	63	
1521	45	46	46	47	48	49	50	52	53	54	
1522	48	
1523	49	
1524	68	
1528	71	
1531	28	
1534	8	10	13	
1535	5	6	9	10	10	11	12	13	14	14	15	19	
1536	7	12	15	16	16	17	18	18	19	20	21	24	58	85	
1537	17	21	22	52	53	54	55	56	57	59	61	
1538	46	47	48	49	50	51	53	53	54	55	57	59	91	95	
1539	48	48	51	56	86	88	91	94	
1540	14	92	
1541	14	17	
1542	9	11	13	15	16	19	21	41	
1543	6	9	10	12	14	15	16	17	18	18	19	20	24	25	71	
1544	13	15	17	18	20	21	22	24	57	58	
1545	22	23	52	52	53	55	56	57	59	63	
1546	47	49	50	51	52	54	55	61	
1547	48	50	52	54	62	90	94	
1548	51	59	
1550	8	13	
1551	5	6	9	10	11	12	14	14	18	23	88	
1552	8	12	13	15	16	17	19	20	24	84	87	103	
1553	17	17	18	21	22	53	56	57	58	61	
1554	51	52	52	53	54	54	55	56	57	57	59	61	64	
1555	45	46	47	49	50	50	51	52	54	55	59	
1556	45	46	48	50	53	
1568	10	15	
1569	3	6	8	9	10	11	12	13	13	14	14	15	16	18	18	
1570	8	13	16	16	17	18	19	20	21	25	57	58	61	85	
1571	18	21	22	23	52	53	54	54	55	56	57	58	59	61	
1572	44	46	47	47	49	49	50	51	52	53	54	55	56	61	86	90	95	
1573	47	48	53	53	53	84	88	91	95	
1575	9	12	14	19	
1576	6	10	11	13	13	14	16	17	18	19	20	22	
1577	8	11	12	15	16	17	19	20	21	22	24	25	70	
1578	18	21	21	22	24	27	56	57	57	58	60	61	
1579	51	52	53	54	54	55	56	57	59	61	
1580	46	47	48	49	50	51	52	53	55	61	93	95	
1581	48	50	54	57	85	88	91	
1582	87	
1584	8	11	14	17	
1585	3	8	9	11	12	14	15	17	18	26	89	103	
1586	7	11	12	13	15	15	16	18	19	22	24	83	83	87	103	
1587	17	17	19	21	22	26	58	62	
1588	51	52	52	53	54	55	56	57	59	60	61	
1589	45	46	47	48	49	49	50	51	52	53	54	58	60	
1590	44	47	49	50	51	55	
1601	14	
1602	10	14	
1603	3	7	9	10	11	12	13	14	15	17	19	
1604	12	13	15	16	16	17	18	19	20	21	25	57	62	
1605	18	20	22	23	52	52	55	55	56	57	59	60	62	
1606	45	46	46	48	48	49	50	50	51	53	54	55	60	90	94	
1607	44	49	84	88	
1608	10	46	48	
1609	6	9	11	12	13	15	16	18	18	19	21	23	42	
1610	7	9	11	12	14	15	16	17	18	18	19	20	21	23	25	68	
1611	13	20	20	21	22	24	26	54	
1612	23	56	57	60	62	
1613	47	50	51	52	52	53	54	55	56	58	59	60	62	
1614	47	48	49	50	52	53	55	61	86	89	91	92	97	
1615	50	87	90	
1618	9	
1619	5	9	10	12	14	15	23	
1620	7	11	12	13	13	14	15	15	16	17	19	21	23	87	103	
1621	16	17	18	19	21	58	87	92	96	
1622	18	52	53	55	56	56	57	58	59	60	62	
1623	46	47	48	49	50	51	51	52	53	54	55	56	58	
1624	45	47	49	50	53	63	
1625	54	
1626	29	
1629	78	78	80	
1634	20	
1636	8	12	26	
1637	5	6	9	10	10	11	12	13	14	15	15	17	21	25	
1638	15	16	17	17	18	19	20	21	24	27	57	60	71	
1639	17	20	21	22	22	51	52	52	54	54	55	56	57	58	58	59	60	61	
1640	45	46	47	47	50	50	51	52	53	54	55	56	60	91	
1641	32	39	43	45	46	48	48	50	54	
1642	6	10	14	18	20	
1643	7	9	10	12	13	13	14	15	16	17	18	19	21	24	28	70	
1644	12	17	19	20	21	22	23	23	25	
1645	22	
1646	56	57	58	59	61	
1647	26	47	48	50	51	51	52	53	54	55	56	58	
1648	45	47	49	51	53	55	86	89	91	94	
1649	51	54	57	
1650	12	
1652	13	
1653	5	7	10	15	16	
1654	7	8	9	11	12	13	14	15	17	18	20	22	24	82	86	96	101	
1655	13	16	16	17	19	20	21	83	84	87	
1656	18	22	52	53	55	56	57	58	59	61	62	
1657	39	39	40	47	49	50	50	51	52	53	54	59	62	
1658	43	45	47	48	50	52	55	
1660	67	
1667	27	
1670	9	11	
1671	6	8	10	11	12	13	13	14	15	16	18	
1672	12	13	15	15	16	16	17	18	19	20	21	23	24	26	58	62	70	84	
1673	17	22	51	52	55	56	57	59	60	62	
1674	31	50	51	52	53	54	61	
1675	9	44	46	48	50	68	
1676	6	6	8	10	12	13	15	18	19	21	24	44	68	
1677	12	14	15	20	21	22	24	25	27	
1678	23	24	
1679	58	
1680	52	53	54	55	56	57	58	59	60	
1681	46	47	49	50	51	52	53	54	55	56	60	
1682	44	45	47	48	49	50	53	81	87	89	95	
1683	49	
1687	7	9	12	13	20	20	
1688	5	6	8	9	11	12	13	14	15	16	17	19	24	27	85	
1689	12	13	16	17	18	19	19	20	22	27	58	85	102	
1690	20	21	23	52	52	55	56	57	59	60	63	
1691	31	31	31	32	33	46	47	49	50	51	52	53	54	55	60	91	95	
1692	48	50	54	
1694	55	
1702	81	
1703	20	
1704	10	
1705	7	8	10	10	11	13	14	15	17	22	48	
1706	7	12	13	15	16	17	18	20	20	23	85	87	91	95	
1707	16	17	18	18	21	23	55	60	87	93	97	
1708	53	55	60	
1709	15	53	
1710	15	22	25	
1711	91	91	92	96	
1712	8	87	88	91	92	93	93	94	96	
1713	12	16	18	86	88	89	90	92	93	97	100	
1714	17	20	52	55	56	57	58	60	61	93	
1715	47	47	48	50	51	52	53	53	54	55	57	59	
1716	45	46	48	49	50	51	54	56	
1717	47	55	
1720	26	
1721	9	12	14	19	
1722	3	7	9	10	12	13	13	15	16	17	19	20	
1723	8	15	16	17	18	20	21	23	23	56	57	58	61	84	
1724	22	50	51	52	53	54	54	55	56	57	59	
1725	47	48	49	50	51	52	54	55	58	86	90	94	
1726	48	50	53	96	98	
1727	101	
1739	5	7	9	10	13	13	22	
1740	6	8	10	11	12	14	15	82	84	86	89	93	94	100	
1741	12	18	84	85	86	88	88	89	91	92	94	95	97	102	
1742	87	90	91	92	96	
1743	92	93	97	
1744	53	87	91	92	95	96	
1745	82	85	86	87	88	89	90	91	94	95	99	
1746	7	10	14	81	82	82	84	84	85	86	87	89	90	91	92	94	96	100	
1747	6	8	11	12	13	14	16	17	18	20	81	82	83	85	86	89	92	94	
1748	17	20	22	53	55	56	57	57	58	59	61	62	86	93	
1749	48	50	51	52	54	54	55	56	57	58	61	
1750	44	45	46	47	49	50	51	53	53	57	60	
1751	47	48	51	
1752	85	
1753	5	
1754	11	42	
1755	9	10	13	15	19	29	
1756	4	6	10	11	12	14	14	14	15	16	16	17	17	18	19	20	22	24	
1757	13	17	17	19	20	21	22	23	25	57	57	59	61	
1758	22	48	50	51	52	53	54	54	55	56	58	58	60	
1759	49	50	51	54	64	85	90	92	94	
1760	55	66	92	
1761	76	
1765	78	
1766	82	
1771	101	
1772	14	
1773	14	
1774	7	10	15	83	85	92	102	
1775	12	33	35	82	82	83	84	85	86	89	91	93	95	
1776	33	82	85	86	87	88	89	91	93	93	96	99	
1777	82	85	85	86	87	88	88	89	90	91	93	94	95	102	
1778	82	82	85	85	86	87	88	89	91	94	96	99	
1779	41	81	83	83	84	86	88	89	93	96	
1780	8	10	12	13	16	80	81	83	84	88	92	97	
1781	8	10	11	12	14	15	16	84	87	88	
1782	16	16	18	19	20	55	56	56	57	59	61	84	87	89	
1783	17	18	23	51	51	52	54	56	57	58	61	63	
1784	44	46	47	47	49	51	52	53	56	58	
1785	44	46	47	48	49	53	56	
1786	4	
1787	72	
1788	9	
1789	6	8	9	11	12	13	14	15	16	18	19	23	44	
1790	6	11	12	13	15	16	16	17	19	20	21	25	58	70	
1791	22	23	25	56	57	60	62	
1792	49	51	52	53	54	55	57	59	91	92	96	
1793	49	53	86	87	88	90	91	95	98	
1794	54	86	90	
1805	18	
1809	37	83	84	86	88	
1810	81	82	83	84	86	89	91	
1811	81	82	83	84	85	92	101	
1812	81	83	84	85	88	89	96	
1813	84	87	
1814	9	83	
1815	5	7	8	9	11	12	14	14	16	20	83	87	95	
1816	13	15	16	17	18	21	28	61	83	86	91	94	
1817	16	16	17	20	22	52	52	53	55	56	57	58	58	59	61	63	93	
1818	32	33	48	51	52	54	54	56	57	60	
1819	43	44	45	46	47	48	49	51	53	
1820	41	45	46	48	
1821	40	47	48	
1822	10	12	13	15	17	19	42	71	
1823	8	9	11	12	13	14	15	16	17	18	19	20	24	
1824	15	17	17	20	21	23	23	25	57	61	
1825	22	52	53	54	55	59	
1826	50	54	59	87	89	90	91	92	94	96	
1827	54	81	83	85	87	89	91	94	
1832	92	
1843	63	95	
1844	85	
1845	30	61	83	86	90	
1846	83	
1847	27	
1848	10	18	
1849	4	8	10	13	13	24	84	
1850	6	10	11	12	14	15	82	83	85	87	88	92	94	98	103	
1851	17	19	33	55	58	63	85	87	88	88	90	91	92	95	
1852	17	50	51	52	54	55	56	57	58	59	60	62	
1853	31	45	48	50	50	52	53	54	57	62	
1854	39	44	45	47	49	51	56	59	
1855	11	14	18	21	26	43	45	47	49	70	
1856	8	9	11	14	15	16	18	20	21	23	23	
1857	5	12	13	14	15	20	21	22	24	26	57	
1858	21	22	23	25	52	53	54	55	59	
1859	52	54	55	60	87	90	91	91	93	94	95	
1860	55	80	81	83	83	84	85	86	88	88	90	92	94	
1861	82	84	87	89	
1862	85	
1883	9	
1884	9	12	15	84	86	91	
1885	7	10	11	13	13	14	15	18	82	83	83	84	85	87	90	95	99	
1886	17	18	55	60	86	87	89	91	92	93	94	96	
1887	16	55	61	92	
1888	24	53	
1889	11	15	21	24	65	
1890	13	23	25	
1891	91	92	95	97	
1892	53	55	59	87	88	90	91	91	93	94	95	96	
1893	55	82	83	84	86	87	88	89	90	92	95	
1894	81	85	89	95	98	
1896	94	
1904	104	
1917	16	24	
1918	13	85	
1919	5	8	10	14	83	85	88	94	
1920	8	11	15	18	82	83	83	84	85	86	88	90	93	94	97	99	
1921	12	83	87	89	90	91	92	93	95	98	
1922	88	91	92	96	
1923	87	88	91	92	95	98	
1924	90	91	92	95	
1925	83	86	86	88	88	89	90	94	
1926	81	82	83	84	85	86	87	89	91	96	100	
1927	81	83	84	85	87	89	
1928	84	90	93	
1945	19	
1950	100	
1953	13	85	94	
1954	5	83	83	85	86	89	
1955	11	83	84	86	88	90	95	
1956	82	83	84	85	87	88	90	92	94	101	
1957	82	82	84	85	86	88	89	90	94	
1958	81	82	84	85	86	89	90	92	95	98	
1959	81	82	84	85	86	87	90	93	99	
1960	81	84	86	86	
1962	37	
1978	71	
1984	41	
1989	85	90	93	
1990	84	
1991	81	83	84	88	95	
1992	83	83	84	89	
1993	85	90	
1994	84	
1997	49	
2007	26	
2008	21	
2024	86	
2025	86	
2027	68	
2061	79	
2069	17	
2070	22	
2084	89	
2112	38	
2114	37	
2161	101	
2217	10	
2248	100	
