50	75	
81	55	
122	87	91	93	93	
123	16	
154	47	
155	88	90	93	96	
156	8	11	82	84	86	87	89	90	91	95	100	
157	82	85	86	87	89	90	92	94	96	
158	87	90	91	92	95	
159	17	87	91	93	95	
160	16	93	
186	57	
187	52	56	60	
188	44	46	47	48	50	51	52	54	56	
189	37	43	46	82	85	90	
190	9	13	37	80	82	83	83	84	86	88	89	93	99	
191	10	15	81	81	82	83	84	85	86	89	93	101	
192	6	8	11	15	81	82	83	84	85	86	88	88	90	93	95	99	
193	10	12	14	82	83	84	85	86	87	89	90	91	95	
194	82	86	87	90	91	92	95	
195	16	
214	92	
215	87	92	94	
216	87	91	93	94	98	
220	58	
221	34	51	52	53	54	55	56	57	60	
222	35	37	42	47	48	49	50	50	51	53	53	54	56	59	
223	29	43	44	45	47	49	50	57	58	60	66	
224	5	38	41	44	45	46	48	49	51	57	58	67	80	85	
225	5	20	22	27	30	42	43	43	44	45	46	47	48	49	50	66	80	84	
226	7	9	15	20	21	42	46	80	81	84	85	
227	9	11	14	15	80	81	82	84	85	89	93	99	
228	7	11	12	13	14	15	81	82	83	84	85	86	87	89	90	92	93	96	
229	16	18	19	85	87	88	90	93	94	
230	16	17	
246	51	
247	49	91	95	
248	82	85	87	90	91	92	93	94	98	
249	10	13	81	82	85	86	87	88	89	91	92	93	95	98	99	
250	8	11	14	16	18	81	82	85	86	88	88	91	96	
251	17	
254	87	91	93	
255	53	55	87	90	92	93	94	
256	54	88	92	96	
257	45	54	55	
258	23	33	51	53	54	55	55	56	57	59	
259	21	24	34	45	47	49	50	51	52	53	53	54	56	58	59	
260	23	41	42	43	44	45	45	46	47	47	48	48	49	49	50	
261	5	9	44	46	49	80	
262	5	8	9	11	12	13	14	15	80	81	83	84	85	90	102	
263	6	11	12	14	14	15	16	17	18	20	81	82	83	85	86	88	90	100	
264	16	17	18	18	20	
279	52	56	58	
280	47	49	50	51	53	54	
281	44	46	49	82	85	88	89	91	94	
282	48	79	81	82	84	85	86	88	90	94	
283	4	7	9	10	11	13	80	80	81	82	83	84	85	88	90	
284	7	8	11	12	12	14	15	16	16	18	18	19	20	81	82	83	84	86	
285	17	18	20	21	
287	48	87	91	96	
288	83	86	87	88	89	90	91	93	94	96	100	102	
289	9	17	82	83	84	85	86	87	88	90	91	95	100	
290	12	16	17	86	90	96	
291	18	19	
292	55	57	
293	36	47	51	51	52	53	53	54	55	55	56	57	57	59	61	
294	42	45	47	47	48	48	49	50	50	52	53	54	59	
295	41	43	44	45	46	46	47	49	
296	5	7	9	10	12	13	
297	7	9	10	11	12	14	15	15	19	81	82	84	87	92	
298	2	15	16	16	17	19	20	22	84	90	94	
299	17	
312	57	
313	47	51	52	53	53	55	56	58	59	
314	43	45	47	48	48	49	50	51	52	54	56	
315	46	49	53	81	85	87	89	92	94	
316	10	79	81	84	85	88	90	93	98	
317	6	9	10	11	13	14	67	80	84	88	
318	3	6	8	10	11	11	12	13	14	15	15	16	16	18	18	19	
319	17	17	20	21	22	51	53	56	62	
320	46	47	49	50	52	58	
321	50	82	84	85	88	89	90	93	93	96	
322	9	80	82	84	85	87	89	90	92	97	100	
323	4	7	9	11	12	14	15	79	80	81	82	84	85	87	88	90	95	100	
324	8	12	15	16	17	17	18	19	81	83	83	85	
325	17	18	19	20	
327	51	52	54	55	56	57	58	60	
328	34	38	45	47	47	50	51	51	52	53	54	55	56	56	59	
329	42	45	46	46	47	48	49	49	
330	9	44	
331	3	4	6	8	8	10	11	11	12	14	14	15	19	68	81	84	98	
332	12	13	15	16	16	17	18	19	20	21	84	88	
333	17	18	22	
346	53	56	57	
347	48	50	50	51	52	52	54	54	55	56	60	
348	45	46	47	49	50	51	54	92	98	
349	43	49	83	84	87	89	92	96	
350	8	13	83	84	88	
351	4	6	8	10	11	12	13	14	15	16	17	19	26	69	
352	11	12	13	14	15	16	17	18	18	19	19	20	21	22	24	57	70	
353	20	21	22	48	50	51	52	55	56	58	60	
354	46	47	49	50	51	53	55	88	89	92	94	
355	44	49	53	80	83	84	86	88	89	91	
356	9	79	81	83	83	84	86	88	92	
357	4	7	8	10	11	12	13	13	14	15	16	19	80	82	85	
358	5	6	10	11	12	13	14	15	16	17	17	18	18	19	20	21	23	26	
359	17	18	19	21	22	
361	53	55	56	57	
362	48	51	52	52	54	54	55	56	57	59	60	
363	42	44	45	46	47	47	49	49	50	50	53	54	
364	8	43	44	45	46	48	49	
365	3	6	8	9	10	11	12	13	14	15	24	
366	11	12	15	16	18	18	19	20	25	83	84	88	90	93	95	102	
367	16	17	21	22	
379	57	
380	52	55	56	57	
381	46	48	49	50	51	51	52	53	53	54	55	58	63	
382	32	45	46	47	49	50	51	55	85	88	90	94	
383	41	44	81	86	89	92	98	
384	7	9	10	11	14	15	18	88	
385	4	7	11	12	13	14	15	15	16	17	17	18	19	20	23	26	
386	13	15	17	18	20	21	22	23	25	52	57	59	
387	22	47	48	49	50	51	52	53	54	55	56	59	
388	44	46	49	50	51	54	59	85	88	89	91	95	
389	48	85	87	89	93	95	99	
390	9	10	15	87	
391	5	7	8	10	11	11	12	13	14	14	15	16	18	19	
392	12	15	15	16	17	17	18	19	20	21	21	23	24	
393	18	21	23	
395	58	
396	52	54	54	55	56	57	57	60	
397	43	46	47	48	48	49	50	51	51	52	53	54	55	56	59	61	
398	44	45	46	47	49	50	
399	6	9	10	11	14	
400	6	7	10	11	12	12	13	14	15	16	19	24	82	85	87	92	
401	16	16	17	18	19	20	21	101	
413	56	57	
414	50	51	52	55	56	57	61	
415	43	45	47	48	49	50	51	52	53	53	54	55	59	
416	45	47	49	50	51	81	83	86	88	91	94	
417	8	13	45	82	85	89	
418	7	9	10	11	12	13	14	15	16	19	
419	1	5	8	11	12	15	16	17	17	18	19	19	20	21	24	56	57	
420	18	22	23	24	52	53	54	55	56	57	59	
421	46	47	47	48	49	50	50	51	52	54	55	57	60	
422	44	46	49	51	83	84	88	90	93	95	
423	48	80	83	86	88	92	
424	9	10	11	13	
425	3	5	6	7	9	10	11	11	12	13	14	14	15	15	16	18	19	
426	13	15	16	17	18	19	20	21	22	25	
427	18	23	
430	51	52	53	56	57	59	
431	45	46	47	49	50	51	52	54	54	57	60	
432	44	47	48	49	53	91	
433	10	13	90	
434	7	8	9	11	12	14	14	15	16	18	19	82	84	86	
435	13	16	17	17	18	19	20	21	23	24	27	83	
436	22	
439	74	
447	56	58	
448	51	52	53	54	55	55	57	58	59	61	
449	42	45	46	47	48	48	49	50	50	51	52	53	54	55	
450	44	45	46	49	53	86	93	
451	8	10	13	90	
452	5	7	9	10	11	12	12	14	14	15	16	16	18	19	69	
453	13	15	16	17	18	19	20	21	22	23	24	25	56	57	
454	47	50	51	51	52	53	54	55	56	59	61	
455	47	49	50	50	51	54	58	88	89	92	
456	48	50	59	79	86	88	90	92	98	
457	84	
458	9	10	11	13	15	
459	3	6	8	10	11	12	12	13	14	15	15	16	17	18	18	19	22	25	69	
460	15	16	16	17	18	18	19	20	21	22	
461	23	
463	57	
464	52	52	54	55	56	57	59	61	
465	42	45	46	47	48	49	50	51	52	53	53	54	55	59	
466	44	45	46	49	92	96	
467	8	9	68	89	
468	5	7	8	10	10	11	12	12	14	14	15	15	16	17	19	20	
469	13	16	17	17	18	19	20	20	21	22	23	24	27	
481	56	57	
482	48	51	52	52	55	55	56	57	58	59	
483	42	45	46	47	48	49	49	50	51	51	53	54	61	
484	44	46	48	50	85	91	
485	6	8	9	10	11	13	68	91	
486	2	5	7	11	11	12	13	14	15	16	18	19	23	
487	17	17	20	21	22	24	52	53	56	60	
488	48	50	51	52	53	54	55	59	
489	49	50	52	54	57	82	84	86	88	89	91	94	99	
490	49	82	84	85	88	89	91	96	
492	4	9	10	12	13	23	
493	7	8	10	11	12	12	14	15	15	16	17	18	19	20	24	
494	16	17	18	19	20	21	22	23	
497	56	57	
498	50	51	52	53	54	55	56	57	59	60	
499	48	49	49	50	51	52	54	55	90	93	
500	44	49	83	86	88	89	91	94	
501	5	6	8	9	10	11	13	14	15	16	19	89	
502	5	6	8	11	12	13	14	15	15	16	17	18	18	19	20	21	24	72	
503	2	17	19	21	22	23	23	27	
515	53	56	58	67	
516	47	48	51	52	53	54	55	56	57	60	
517	42	46	47	48	49	49	50	51	53	54	94	
518	45	49	89	93	95	
519	3	7	9	9	10	12	14	89	
520	5	6	7	10	11	12	13	13	14	15	15	16	17	19	24	28	57	
521	17	18	22	51	52	55	57	92	
522	49	51	52	53	55	60	87	89	90	92	93	95	
523	48	82	84	85	87	89	90	93	96	99	
524	37	41	46	59	68	82	83	86	
526	5	6	9	10	12	13	70	
527	7	8	10	11	11	12	13	14	15	15	16	17	19	23	
528	13	16	17	17	18	19	20	21	24	92	
529	18	
531	51	52	57	
532	51	52	53	54	56	60	93	
533	49	51	53	54	82	86	87	89	90	91	95	98	
534	9	79	82	84	86	88	90	92	94	
535	6	8	9	10	11	12	13	13	14	15	16	68	
536	8	11	12	13	15	15	16	16	17	17	18	19	19	20	21	22	23	28	69	
537	18	20	21	22	
549	57	58	61	
550	47	48	50	51	51	52	53	53	54	55	56	59	61	
551	45	46	47	48	49	49	50	51	54	91	
552	43	45	87	89	93	
553	4	8	10	11	13	14	90	
554	12	15	20	
555	2	51	52	55	63	82	83	85	86	87	89	90	91	93	94	97	
556	55	80	82	84	85	86	88	88	89	90	92	94	100	
557	40	56	57	67	80	82	83	85	87	88	94	
558	16	16	17	18	19	20	26	41	44	46	48	51	56	
559	19	20	22	28	40	43	43	44	45	46	46	47	48	48	49	68	
560	7	9	13	
561	6	8	9	10	11	12	12	14	15	24	91	
562	7	12	13	14	15	17	19	21	81	82	84	86	87	89	91	93	95	
563	87	88	90	92	
564	52	56	87	92	
565	51	52	53	55	56	88	90	91	92	96	
566	51	52	54	82	86	87	88	90	91	92	95	
567	81	82	84	85	86	88	88	89	91	93	97	
568	9	10	14	79	82	83	85	86	
569	7	10	11	12	13	13	14	15	16	16	17	18	18	19	20	21	23	69	
570	13	15	17	17	18	19	20	21	22	23	
571	19	21	
575	94	94	95	
583	52	53	56	57	60	
584	46	47	49	50	51	52	52	53	54	55	55	56	58	62	
585	43	45	46	47	48	49	49	50	51	52	54	58	87	89	98	
586	38	39	40	42	45	46	48	88	90	
587	4	10	14	
588	5	8	15	81	84	90	102	
589	54	81	81	82	83	84	86	89	91	
590	8	13	80	81	83	83	85	88	89	94	
591	6	11	12	14	14	15	16	17	19	20	33	57	58	79	85	
592	13	17	17	18	19	20	20	22	24	35	48	51	52	53	54	55	56	57	59	60	
593	22	23	24	37	38	42	43	44	45	46	46	47	48	48	49	50	50	51	54	
594	9	42	44	45	46	47	48	49	
595	3	6	9	11	13	15	26	83	100	
596	7	10	12	14	15	20	81	82	84	85	88	89	91	96	
597	12	81	82	83	83	85	86	87	89	90	91	93	93	95	98	
598	83	85	86	87	88	89	90	91	92	93	95	99	
599	52	54	56	82	83	84	85	86	87	88	89	90	91	92	94	96	
600	41	80	81	82	84	85	86	87	89	90	91	94	99	
601	9	13	30	40	73	80	82	84	85	90	
602	7	8	10	11	11	12	14	14	15	16	16	17	19	20	69	82	
603	5	12	13	14	15	16	16	17	18	18	19	19	20	21	24	25	
604	17	21	22	23	24	
616	57	
617	51	53	55	57	58	
618	45	47	48	49	50	51	51	52	52	53	54	55	56	61	
619	43	45	46	47	49	50	51	53	55	59	87	93	99	
620	43	46	50	81	85	90	99	
621	86	
622	84	99	
623	82	83	84	89	
624	7	9	10	12	13	15	16	18	20	81	
625	6	8	10	11	12	12	14	14	15	16	17	17	19	19	20	24	
626	16	17	18	19	20	21	21	22	24	26	52	53	53	54	55	55	56	57	59	61	
627	22	23	30	41	47	49	50	50	51	53	54	54	55	56	56	57	58	
628	31	34	38	40	43	43	44	45	45	46	47	47	48	48	49	50	50	
629	36	41	44	44	45	46	46	47	48	49	
630	5	7	8	43	46	82	83	
631	13	36	46	80	81	82	84	84	86	88	90	
632	81	82	84	84	85	87	89	90	
633	16	41	46	66	80	81	82	83	84	84	85	87	89	
634	11	15	16	17	18	19	43	45	48	79	80	81	83	84	99	
635	6	9	10	12	13	14	15	16	17	18	18	19	20	20	22	26	41	44	46	
636	5	6	10	11	12	13	14	15	17	19	19	20	21	22	24	27	
637	4	20	21	22	23	23	25	27	
638	22	
650	57	
651	48	52	53	54	55	56	56	57	60	
652	42	46	47	49	50	50	51	52	53	54	55	56	57	59	
653	42	44	45	46	47	47	48	49	50	51	54	56	
654	36	44	46	48	52	100	
655	44	47	
656	12	16	40	
657	10	12	15	16	18	19	28	68	68	
658	7	9	11	12	13	14	15	16	17	17	18	19	19	20	24	
659	2	12	13	15	17	18	19	20	21	22	22	23	25	27	
660	20	21	22	54	55	57	
661	34	51	53	53	54	55	56	57	59	63	
662	45	48	50	51	52	53	53	54	55	56	57	58	60	
663	25	32	41	44	45	46	47	48	49	50	50	51	54	56	59	62	
664	25	29	41	43	43	44	45	46	47	48	48	49	51	67	
665	19	23	33	39	42	44	45	46	47	49	56	62	64	81	
666	11	15	19	20	22	41	43	45	46	48	67	81	83	85	
667	9	13	13	14	15	16	17	18	19	20	40	44	47	67	70	80	
668	9	11	12	14	15	16	17	19	20	21	21	23	24	27	45	65	
669	10	13	13	20	21	22	23	24	28	
670	21	22	23	23	25	
671	22	
685	52	53	55	56	57	60	
686	35	49	50	51	51	52	53	53	54	55	56	57	59	
687	31	35	40	42	44	45	46	47	48	48	49	50	51	51	56	60	66	
688	38	39	42	44	45	46	47	47	49	51	54	59	67	
689	18	19	42	43	43	45	46	47	48	48	67	70	
690	9	13	16	18	19	20	23	39	44	67	69	
691	7	10	11	12	13	14	15	15	17	18	19	19	20	22	26	43	
692	13	14	15	17	19	19	20	21	22	23	23	24	26	
693	21	22	23	
696	51	53	54	55	57	60	
697	35	51	52	54	54	55	57	59	
698	24	33	45	48	48	50	51	54	55	59	
699	25	40	44	45	47	63	64	
700	8	12	13	21	23	24	25	28	44	
701	14	19	21	22	23	24	70	
702	21	22	23	23	25	
703	22	23	
719	53	55	57	
720	51	53	54	54	55	57	60	
721	32	45	50	52	54	54	58	59	
722	23	30	44	48	49	51	54	55	56	64	
723	21	23	25	33	45	50	55	63	67	
724	9	14	21	22	23	24	45	64	
725	12	15	20	22	23	24	24	26	65	
726	22	23	24	
732	53	55	
734	24	
735	24	
755	55	
828	55	
1178	14	
1202	77	
1203	57	
1205	13	
1206	26	
1214	37	
1218	24	
1220	3	
1225	45	
1230	22	
1233	2	
1236	74	
1240	78	
1241	31	
1243	91	
1244	46	
1249	98	
1250	103	
1276	76	
1277	17	36	42	
1278	20	31	43	46	47	49	
1279	46	67	71	
1280	42	45	46	
1282	44	57	
1284	8	35	
1286	9	19	71	
1288	51	
1304	80	
1306	26	
1309	16	21	
1310	17	29	
1311	8	12	16	17	19	22	37	40	53	56	58	
1312	17	18	19	20	22	24	36	41	44	46	46	47	49	50	57	58	
1313	22	27	30	41	43	44	47	49	54	
1314	20	41	44	46	47	48	50	53	58	
1315	43	44	46	
1316	35	48	70	
1317	10	51	
1319	14	
1325	3	
1326	71	
1331	15	
1337	41	
1338	48	
1340	55	
1341	25	
1342	77	
1343	9	
1344	9	11	13	15	20	
1345	14	16	17	19	20	22	57	59	
1346	17	18	20	20	22	23	25	50	53	53	55	56	57	60	65	
1347	21	23	24	35	37	45	49	51	53	54	56	57	60	
1348	23	26	35	37	43	43	44	47	48	48	49	51	55	57	59	
1349	22	24	42	45	46	47	48	49	50	54	56	60	69	
1350	26	39	43	45	46	47	49	69	
1351	10	44	
1353	72	
1354	13	
1355	59	73	
1364	26	
1368	39	
1370	16	18	20	30	40	43	46	48	50	50	57	66	
1371	17	22	39	44	47	64	
1372	44	46	56	
1374	71	
1377	17	19	
1378	8	8	10	11	14	15	25	28	
1379	7	11	12	13	14	15	17	19	25	
1380	88	90	91	92	93	95	
1381	87	88	89	90	92	94	97	
1382	16	18	52	55	56	57	59	88	91	92	
1383	16	16	25	31	41	45	47	50	50	51	52	53	54	56	58	60	
1384	23	42	43	44	45	46	47	48	49	50	55	56	62	
1385	43	45	46	49	50	53	
1387	68	
1388	54	
1402	14	16	
1403	11	15	16	18	19	57	
1404	16	17	18	18	19	21	24	41	43	46	48	52	57	59	69	
1405	20	22	24	28	40	43	44	45	46	47	48	49	51	54	56	
1406	44	46	49	
1407	43	
1409	37	39	48	
1410	18	19	42	45	46	56	
1411	13	22	27	40	45	46	48	67	68	
1412	10	
1413	81	87	92	100	
1414	80	81	83	83	84	86	89	91	95	100	
1415	7	10	14	80	81	82	84	85	86	89	92	96	
1416	6	8	11	12	14	15	16	57	81	82	82	84	86	88	89	91	94	100	
1417	16	16	18	20	35	52	53	53	54	55	56	57	59	62	87	92	
1418	17	18	42	45	47	48	49	50	51	53	53	55	56	
1419	41	44	45	46	46	47	48	49	50	56	
1420	47	50	
1424	101	
1426	69	
1435	22	
1436	10	12	14	22	
1437	7	11	13	14	15	16	17	18	20	22	57	
1438	15	16	17	18	18	19	20	22	24	52	53	54	55	56	59	
1439	20	21	23	24	42	45	46	47	47	49	50	50	52	54	55	61	
1440	44	45	46	48	49	51	54	
1442	16	19	19	26	
1443	12	14	17	19	24	36	41	57	69	
1444	17	18	19	20	22	24	42	45	46	48	50	52	56	59	68	70	98	
1445	17	21	22	40	44	45	46	47	48	48	50	51	56	58	
1446	43	45	47	49	
1448	11	80	86	95	
1449	13	80	83	83	85	90	
1450	8	9	10	10	12	13	14	80	81	84	95	
1451	7	11	12	12	15	17	20	53	55	55	56	57	60	81	82	84	85	87	89	92	96	99	
1452	16	17	18	20	22	43	48	52	53	54	55	56	59	
1453	40	44	45	46	47	49	50	51	54	
1454	44	46	49	53	56	
1455	51	
1456	50	
1459	7	
1462	85	
1469	9	14	
1470	6	9	11	12	13	14	16	17	18	68	
1471	7	11	12	13	13	14	15	16	16	17	18	19	20	22	24	26	
1472	17	17	19	20	21	22	24	52	52	53	54	55	56	56	58	58	
1473	22	36	46	47	48	49	50	51	52	54	55	56	
1474	43	45	47	48	50	91	
1475	9	14	
1476	9	11	14	
1477	12	13	13	14	15	16	17	18	19	20	21	25	56	58	
1478	15	17	19	20	21	22	24	44	51	52	53	54	55	56	57	59	
1479	22	23	25	41	44	45	46	46	47	48	49	50	51	52	54	56	60	
1480	44	45	48	48	51	58	
1481	89	
1482	85	96	
1483	10	
1484	5	9	11	15	16	84	
1485	7	10	11	13	13	14	15	18	19	58	81	83	84	87	90	
1486	15	16	16	17	19	20	27	37	50	51	51	52	53	54	55	56	59	61	83	85	87	89	92	96	
1487	18	44	45	47	48	49	50	51	54	56	
1488	44	46	48	49	51	
1489	49	54	
1497	94	
1499	37	
1503	9	11	14	17	
1504	7	9	10	11	12	13	14	15	17	20	25	68	
1505	7	12	15	16	17	18	19	20	21	22	27	57	
1506	18	20	21	23	46	51	52	53	54	55	56	61	83	
1507	46	48	49	50	51	53	54	62	91	92	94	
1508	49	87	89	90	93	94	
1509	9	
1510	7	8	10	11	12	14	15	16	19	23	
1511	11	12	13	14	15	16	17	18	19	19	21	24	57	58	70	
1512	17	18	20	21	22	23	25	48	51	52	53	54	55	56	59	
1513	45	46	47	49	50	51	53	54	55	58	
1514	45	48	50	55	57	
1515	65	
1518	4	11	23	26	
1519	5	8	10	11	13	13	14	15	18	80	87	97	
1520	12	15	16	17	19	23	52	53	53	54	55	56	57	59	62	81	83	84	86	91	
1521	17	18	21	41	43	46	47	48	49	50	51	52	54	55	56	
1522	41	44	46	47	49	50	54	
1523	78	
1524	54	67	
1532	87	
1536	15	
1537	8	9	11	14	68	
1538	5	6	7	9	11	12	13	13	14	15	16	17	19	20	
1539	13	15	16	17	18	19	20	21	23	24	52	52	55	56	61	
1540	18	23	46	47	48	50	50	51	52	54	56	60	
1541	46	49	54	81	83	85	86	89	90	92	95	
1542	14	80	82	83	85	88	93	100	
1543	6	10	13	15	
1544	2	8	9	11	12	14	14	15	16	17	18	19	21	24	69	
1545	13	15	17	19	20	21	22	23	26	52	56	57	
1546	22	42	47	50	51	52	53	53	54	55	57	59	
1547	44	47	49	50	51	53	55	58	92	97	
1548	45	48	51	82	88	89	92	94	
1552	3	8	8	15	
1553	5	9	10	11	13	15	17	85	
1554	7	11	12	15	16	17	18	19	21	23	35	52	54	55	56	56	57	59	82	86	98	
1555	20	21	23	26	38	47	48	50	51	52	53	53	54	55	58	60	83	88	
1556	43	45	46	47	48	49	50	53	54	
1557	45	
1561	72	72	
1570	9	15	
1571	8	10	11	13	15	19	24	
1572	6	10	11	12	14	14	15	16	17	18	20	23	56	57	
1573	15	17	18	19	20	21	24	48	50	51	52	54	55	57	59	
1574	22	46	48	48	49	50	52	53	93	94	
1575	50	80	82	84	86	88	89	92	97	
1576	10	79	86	
1577	7	9	11	12	13	14	15	16	
1578	4	8	11	12	14	15	15	16	17	18	19	19	20	22	23	25	68	
1579	17	18	20	21	22	24	52	55	56	57	58	60	
1580	46	47	48	51	52	52	53	54	55	60	
1581	44	45	46	47	48	49	50	52	53	55	92	
1582	44	48	85	
1586	13	
1587	7	9	11	14	16	19	67	
1588	8	10	11	12	13	14	15	16	18	20	52	53	57	63	
1589	16	17	18	19	20	21	23	48	50	50	51	51	52	53	54	55	57	58	60	
1590	41	44	45	46	47	48	49	50	51	
1591	45	53	
1592	54	65	
1604	10	
1605	5	7	9	10	12	13	14	15	17	21	
1606	7	11	14	15	16	17	18	20	24	52	53	56	56	58	
1607	17	20	21	22	24	37	43	46	47	47	49	50	51	52	54	55	57	
1608	45	46	48	48	49	52	55	91	
1609	81	84	87	88	91	
1610	9	16	85	
1611	7	9	10	11	12	13	14	15	16	17	19	21	
1612	5	8	12	14	15	16	16	17	18	19	19	20	22	23	25	
1613	18	21	22	52	52	55	56	57	61	
1614	42	47	47	48	50	51	52	53	53	55	56	58	60	
1615	42	44	45	46	48	49	50	55	62	90	
1616	51	88	90	95	
1617	59	
1619	22	31	
1620	11	18	
1621	7	9	10	11	13	14	16	18	23	
1622	5	7	11	12	13	14	15	15	16	17	18	19	20	21	25	53	56	57	70	
1623	17	20	21	23	24	46	48	50	51	52	52	53	54	55	56	60	
1624	45	47	49	50	52	54	91	97	
1625	45	49	
1628	76	
1629	82	82	83	
1630	11	
1635	33	
1637	15	34	
1638	9	27	
1639	4	6	9	10	11	12	13	14	16	19	
1640	7	11	12	14	15	15	16	16	17	18	19	22	36	53	55	56	57	61	
1641	17	17	20	21	23	47	47	49	50	51	51	52	53	54	55	57	60	
1642	43	45	46	48	49	51	89	
1643	9	39	45	85	92	
1644	10	11	13	14	17	18	
1645	4	8	10	11	12	14	15	16	16	17	19	20	21	24	
1646	13	17	18	19	20	21	22	23	24	
1647	22	23	53	55	56	57	58	60	
1648	42	46	47	48	50	50	51	52	53	54	55	
1649	42	44	45	46	47	48	49	50	53	
1650	52	
1652	20	
1654	8	13	13	19	
1655	9	11	12	14	15	16	17	19	24	26	67	
1656	2	8	13	14	15	16	16	17	18	18	19	20	21	23	25	36	51	52	53	55	57	59	63	
1657	18	21	22	46	47	48	49	50	51	53	54	57	59	
1658	45	48	50	81	83	87	88	90	92	94	97	
1659	48	87	92	
1663	84	
1670	19	89	
1672	8	10	13	
1673	6	8	9	10	11	14	15	18	20	
1674	7	11	12	13	14	15	16	16	17	18	19	20	21	23	24	52	53	55	55	56	57	58	60	69	
1675	20	21	22	35	37	42	46	47	48	49	50	51	52	54	54	55	59	
1676	44	45	47	49	89	
1677	11	15	44	65	
1678	7	9	10	11	13	13	15	16	19	20	21	23	44	
1679	5	6	12	14	15	18	19	20	21	23	25	69	
1680	21	22	24	
1681	52	53	55	55	56	57	58	61	
1682	43	47	48	49	50	51	51	52	53	54	55	56	60	
1683	37	38	43	44	45	45	46	46	47	48	48	49	51	53	56	60	
1684	45	46	49	
1685	72	
1686	19	55	
1687	18	
1688	7	9	11	13	15	16	18	20	27	69	
1689	5	7	10	11	12	14	15	16	17	18	19	20	21	23	57	
1690	17	19	19	20	21	22	24	26	47	51	52	53	55	58	59	61	
1691	22	23	46	47	49	50	51	51	53	54	93	
1692	49	82	85	87	89	91	97	
1693	83	85	99	
1706	9	14	16	
1707	3	7	9	10	11	12	14	14	15	16	18	19	21	
1708	7	12	13	16	17	18	18	19	20	22	23	35	52	52	54	55	56	58	60	69	
1709	17	17	20	22	50	50	52	53	54	60	
1710	30	42	43	44	45	46	47	48	49	51	66	
1711	10	14	23	43	45	65	66	
1712	8	10	11	13	14	15	18	18	19	20	24	27	
1713	21	21	22	23	25	
1714	9	87	91	92	93	94	97	
1715	12	55	56	57	58	83	86	87	88	89	90	91	92	94	95	97	
1716	16	36	48	51	52	52	53	54	54	55	56	58	60	87	91	93	96	
1717	31	38	42	45	46	47	48	49	49	50	51	53	54	56	58	
1718	29	43	44	45	46	47	49	52	54	56	
1719	40	45	46	48	72	
1720	16	20	26	29	40	44	46	49	
1721	8	11	14	17	18	20	43	
1722	10	11	12	14	16	17	18	19	20	22	23	27	69	
1723	7	12	15	17	21	22	24	53	57	60	
1724	21	22	23	24	47	49	50	51	51	52	53	54	55	56	60	
1725	48	49	50	52	54	83	86	87	91	92	95	98	100	
1726	81	85	89	92	96	
1738	14	18	
1740	9	12	14	16	
1741	5	8	9	10	11	12	14	14	15	16	17	18	20	23	36	
1742	13	15	16	17	18	18	18	19	20	21	23	55	
1743	21	22	35	50	53	54	59	
1744	50	
1745	12	56	57	
1746	23	24	48	51	52	53	
1747	49	91	
1748	8	52	81	82	85	86	88	88	89	90	95	
1749	6	8	9	10	11	13	14	80	80	81	82	84	85	86	89	92	95	
1750	12	15	16	18	53	54	55	56	57	62	81	82	83	83	85	86	88	88	91	93	97	
1751	17	50	51	52	54	55	56	59	93	
1752	30	40	42	44	45	46	48	48	49	51	53	57	58	62	
1753	18	32	39	42	44	45	47	49	53	
1754	19	20	23	24	41	44	46	48	64	69	
1755	9	11	15	17	19	21	22	24	28	45	65	
1756	11	13	14	15	19	20	21	22	24	27	57	84	
1757	22	23	24	51	52	53	54	55	56	59	
1758	23	48	49	51	53	54	58	88	91	93	95	
1759	50	80	81	83	84	85	86	89	91	94	
1760	80	84	89	
1761	75	
1772	18	
1773	13	
1774	7	8	10	12	14	18	18	
1775	5	10	11	13	13	14	15	16	19	22	23	25	34	35	
1776	2	12	15	16	17	18	18	19	20	21	22	24	
1777	22	55	
1779	51	52	55	56	57	58	
1780	49	50	51	52	53	54	61	91	92	
1781	49	51	51	53	82	86	87	88	90	91	92	93	96	
1782	8	79	81	84	85	88	90	92	94	
1783	4	9	11	12	13	15	51	79	80	82	83	85	89	
1784	7	11	12	14	15	15	19	81	82	84	86	91	95	
1785	83	86	87	88	89	90	91	93	94	98	
1786	17	18	51	53	54	88	91	92	
1787	25	54	
1788	24	65	
1789	22	25	
1790	55	92	96	
1791	52	53	54	56	59	86	87	90	91	92	94	95	97	
1792	51	54	83	85	86	87	88	89	89	90	92	94	97	98	
1793	79	81	83	84	87	89	95	98	
1794	85	88	96	96	
1795	84	
1808	8	9	10	13	13	15	24	26	
1809	5	7	10	11	12	12	13	14	15	17	19	
1810	15	16	17	18	19	20	23	25	
1811	17	22	
1812	52	57	58	
1813	49	51	52	54	93	
1814	49	51	54	83	85	86	87	89	90	91	93	94	95	
1815	81	82	83	84	85	86	89	90	97	
1816	84	84	
1817	5	11	
1818	7	9	11	15	58	81	83	85	90	95	
1819	6	9	11	12	14	15	80	81	82	83	84	85	86	87	89	91	94	
1820	7	11	12	14	15	18	82	86	87	89	90	91	93	94	98	
1821	83	87	88	90	91	92	93	94	97	
1822	88	92	93	95	
1823	86	87	90	90	92	93	94	98	
1824	81	83	85	86	87	88	89	90	91	93	94	97	
1825	80	81	82	82	83	84	84	85	87	89	90	94	
1826	80	81	82	84	85	87	89	92	
1827	85	92	93	
1828	85	
1833	91	
1835	93	
1839	85	90	
1842	8	10	12	15	21	
1843	5	7	9	10	11	12	13	14	14	15	83	
1844	12	13	15	18	87	88	91	92	96	
1845	87	87	90	91	92	93	93	94	96	
1846	52	53	55	60	86	87	88	90	91	91	92	94	95	96	
1847	55	86	87	90	91	92	92	94	95	98	
1848	54	81	82	83	84	85	87	88	89	90	92	96	96	
1849	81	84	86	88	97	
1850	82	84	91	99	
1851	87	
1852	13	83	88	
1853	3	10	15	81	83	83	
1854	6	11	13	81	82	83	83	84	86	89	92	94	101	
1855	8	80	81	82	83	83	84	85	86	87	89	91	94	
1856	80	81	81	82	85	87	89	90	92	95	98	98	
1857	80	81	82	83	83	84	85	86	88	89	91	93	
1858	81	82	83	84	86	89	
1859	80	82	83	85	89	
1860	81	83	85	90	
1861	84	
1874	15	
1876	10	15	92	
1877	5	9	12	15	83	89	
1878	12	80	81	82	83	83	85	86	89	90	95	100	
1879	81	82	82	84	84	85	86	87	88	89	90	91	92	94	99	
1880	55	78	81	82	82	83	84	85	85	86	87	89	90	93	93	94	100	
1881	80	81	82	83	83	85	86	87	88	89	91	94	96	99	
1882	80	83	84	86	88	92	
1883	84	
1884	44	
1886	89	
1888	92	
1889	79	80	82	84	87	
1890	81	83	83	85	88	91	96	
1891	79	81	83	85	89	
1892	81	84	
1893	100	
1898	77	
1910	93	
1911	88	
1912	81	88	
1913	79	80	82	83	84	87	89	97	
1914	79	80	81	83	84	90	
1915	79	80	84	89	
1917	86	
1922	83	
1923	93	
1924	85	
1925	81	
1945	103	
1946	83	89	
1947	84	
1948	81	85	
1949	85	
1952	90	
1955	99	
1956	96	
1958	87	
1982	72	93	
1993	39	
1998	26	
2002	98	
2010	46	
2013	42	
2016	68	
2021	89	
2024	85	
2030	77	
2035	81	
2050	12	12	
2055	2	
2058	80	
2067	78	
2077	95	95	
2078	35	
2112	88	
2114	51	
2175	103	
2176	96	
2216	15	
2227	15	
2228	18	
