16	69	
84	72	73	
118	75	85	
181	23	
253	3	
254	2	
261	86	90	93	95	
262	19	90	92	97	
281	93	
282	92	
293	52	55	56	61	
294	46	48	50	54	
295	8	47	82	84	86	88	90	
296	13	13	81	82	83	84	85	87	88	90	91	93	95	
297	17	18	87	91	
298	18	
312	57	
313	91	
314	87	90	91	95	
315	10	83	85	87	88	89	90	91	93	95	
316	82	86	87	88	90	91	92	95	
317	17	86	88	91	92	94	
318	17	
322	91	93	96	
323	93	
327	52	55	56	56	57	58	61	
328	47	47	50	51	52	53	54	
329	45	47	48	49	84	89	
330	6	8	9	11	12	13	14	80	81	82	84	86	88	91	
331	11	12	15	16	17	18	20	81	83	84	86	90	92	93	
332	16	17	19	20	
346	53	56	91	93	94	
347	82	86	87	89	90	92	93	96	
348	82	84	85	86	87	88	89	90	92	93	96	
349	10	80	81	82	83	84	85	86	87	89	90	92	95	
350	6	8	10	13	15	80	81	82	83	84	84	85	87	89	90	94	
351	6	11	13	14	15	16	17	18	81	82	84	85	89	
352	17	
354	87	91	93	98	
355	86	87	89	90	92	94	
356	11	14	82	84	86	87	88	90	91	95	
357	85	87	88	88	90	91	95	
358	17	87	92	
359	17	
361	53	55	56	57	57	58	60	62	
362	47	48	50	51	52	52	53	54	55	58	
363	13	44	44	45	46	47	49	49	53	91	
364	7	8	10	11	14	15	81	83	86	88	101	
365	11	12	13	14	15	15	16	18	20	23	81	82	85	87	88	91	97	98	
366	16	17	18	18	19	21	91	
377	57	
378	53	
379	43	46	47	48	50	52	57	
380	47	50	53	83	85	86	89	90	91	95	98	
381	46	51	80	81	82	83	84	85	86	88	89	91	93	96	
382	80	81	82	83	84	85	87	88	90	94	
383	10	68	80	81	82	84	85	89	
384	6	8	10	11	12	14	15	16	17	18	19	20	28	80	81	84	89	100	
385	6	7	11	12	13	13	14	15	17	18	19	20	20	70	80	81	83	
386	21	22	28	
387	51	56	87	89	91	93	96	
388	53	83	85	87	88	88	90	91	92	95	
389	40	46	81	82	83	83	84	86	87	88	88	89	93	
390	10	16	17	18	46	48	80	81	83	83	84	86	89	93	100	
391	7	11	12	14	19	44	46	81	81	83	83	84	85	
392	8	12	15	19	82	84	85	87	89	91	93	96	99	
393	16	17	19	88	92	
394	58	
395	52	54	55	56	57	58	60	
396	47	50	51	52	52	53	54	54	55	56	60	
397	47	48	49	50	51	53	59	87	88	92	97	
398	9	10	12	13	14	83	84	100	
399	6	7	10	11	12	12	13	14	15	15	16	16	18	19	20	26	81	83	86	
400	13	16	17	17	18	18	19	20	21	22	25	
411	57	
412	52	53	53	54	55	56	57	59	60	
413	47	48	50	51	51	52	54	54	56	57	58	60	
414	42	43	44	45	47	47	49	49	50	54	57	59	80	84	
415	44	46	47	48	48	49	51	79	80	82	83	
416	44	50	79	81	83	
417	7	9	11	12	13	14	15	16	19	
418	6	8	10	11	12	14	15	16	17	18	18	19	19	20	21	22	23	27	71	
419	3	17	20	22	22	24	25	57	
420	52	55	87	91	94	
421	50	52	53	81	83	84	85	87	89	90	92	96	
422	9	42	80	81	82	84	85	86	89	95	98	
423	9	12	15	16	17	17	19	19	26	43	57	68	80	81	84	99	
424	5	18	19	20	21	27	30	51	53	58	65	69	
425	22	23	45	46	47	48	49	50	80	
426	7	9	10	12	13	15	43	48	80	81	84	86	
427	12	15	81	83	83	85	87	90	92	96	
428	17	18	56	58	88	93	
429	53	55	56	57	61	
430	49	50	51	52	53	53	54	55	59	89	91	94	
431	48	50	84	86	89	97	
432	7	8	10	13	
433	7	10	11	12	12	13	14	15	16	17	18	19	20	23	72	
434	16	17	17	18	19	20	21	22	24	
435	22	
446	53	55	57	59	
447	51	52	53	54	55	56	57	57	58	60	62	63	
448	33	48	50	51	51	52	53	53	54	55	55	56	56	58	58	59	60	
449	33	42	44	45	46	46	47	48	49	49	50	51	52	54	64	77	
450	9	10	25	28	44	45	46	49	
451	3	7	10	11	12	13	13	14	14	15	23	72	
452	7	17	18	21	22	24	25	92	
453	55	56	58	91	93	
454	51	54	55	82	86	88	88	90	91	94	100	
455	8	80	81	83	84	85	87	88	89	95	
456	6	10	11	12	14	15	16	17	18	19	79	80	83	
457	13	17	18	19	20	20	21	23	24	
458	23	25	35	53	54	55	56	57	59	61	
459	50	51	54	59	65	
460	10	42	44	45	47	47	48	50	
461	7	9	11	12	14	15	80	81	84	
462	22	57	86	90	92	97	
463	52	52	53	54	56	59	86	88	91	93	96	
464	50	51	52	53	55	84	86	88	89	91	94	
465	50	79	82	83	85	88	90	93	
466	7	9	11	12	14	15	19	
467	5	8	10	11	12	13	14	15	15	16	16	17	18	18	19	20	21	24	26	
468	13	16	18	19	20	22	23	24	
469	50	50	50	
481	55	57	58	61	
482	51	52	53	54	55	56	56	57	58	59	61	
483	32	43	47	49	50	50	51	53	54	56	59	67	
484	41	44	45	46	47	47	48	49	49	50	
485	3	5	6	8	9	11	12	15	43	46	48	
486	2	82	83	87	88	89	90	91	94	
487	55	81	82	83	85	86	87	89	90	92	94	99	
488	81	82	84	85	86	89	90	92	93	99	
489	6	8	9	11	12	14	15	16	18	79	80	82	84	
490	6	11	12	13	14	15	15	16	16	17	18	18	19	20	21	26	71	
491	17	20	21	22	23	24	25	27	
492	22	57	61	
493	51	52	54	55	56	58	60	
494	45	47	50	51	53	58	65	66	
495	3	8	44	45	46	47	48	48	49	
496	43	46	47	58	59	82	83	85	88	
497	52	54	55	57	81	82	83	84	86	87	89	90	92	94	96	
498	50	53	55	79	81	83	84	86	87	89	91	93	97	
499	9	13	16	81	84	88	
500	7	8	10	11	12	14	15	16	17	18	19	24	
501	11	12	13	15	16	16	17	18	19	19	20	21	22	24	69	
502	20	21	22	24	
507	86	86	87	
516	57	61	
517	51	52	52	53	54	54	55	56	56	57	58	59	61	
518	32	42	45	47	48	49	50	51	52	54	56	
519	41	44	45	46	47	47	48	49	50	
520	43	46	48	81	82	84	100	
521	46	66	80	81	82	83	84	85	87	89	91	94	99	
522	9	11	13	16	18	19	44	66	68	80	81	83	83	84	88	99	
523	7	10	11	12	13	14	15	16	17	18	18	19	19	20	27	45	
524	12	14	17	18	19	20	21	22	23	23	24	26	
525	22	23	
527	53	55	
528	52	54	55	56	57	58	58	60	
529	5	32	33	47	50	51	52	53	56	57	59	
530	38	44	46	47	48	48	49	50	50	51	52	55	62	
531	38	43	45	46	46	47	48	48	50	53	58	80	81	84	102	
532	9	44	46	80	81	83	84	86	89	
533	8	10	12	13	14	18	30	
534	5	7	10	11	12	14	14	15	16	17	17	19	19	20	23	68	
535	13	17	18	19	20	20	21	22	24	25	26	31	31	32	
536	23	26	
551	53	54	55	56	57	59	61	
552	31	51	52	52	53	54	55	56	56	57	57	58	59	60	61	
553	32	43	45	47	48	49	50	50	51	53	53	55	56	57	59	61	68	
554	27	29	41	44	45	46	47	47	48	49	50	50	52	66	
555	6	9	15	20	23	42	44	45	46	49	50	67	71	80	
556	7	8	10	11	12	13	14	15	16	18	19	20	20	22	27	45	46	
557	5	13	15	17	18	19	20	20	21	22	23	24	25	27	43	71	
558	22	24	
562	57	61	
563	51	52	53	54	55	56	57	58	59	60	62	
564	30	45	47	48	48	49	50	51	51	52	53	54	55	56	58	59	62	66	
565	32	42	43	45	47	47	49	49	50	51	53	
566	10	14	27	42	44	45	46	48	49	65	68	80	
567	4	6	8	10	11	12	13	13	14	15	15	16	18	18	19	20	21	46	
568	5	11	12	15	17	18	19	20	21	21	22	23	24	25	26	71	
569	22	23	
586	53	54	55	58	60	
587	31	51	52	54	55	62	63	
588	29	50	53	
589	10	14	19	23	24	25	28	44	49	63	
590	5	12	20	22	23	24	25	25	
591	23	24	
597	53	55	57	61	
598	52	53	54	55	55	57	59	61	
599	23	32	50	51	54	65	
600	6	10	14	24	26	43	45	48	50	65	66	
601	11	12	14	15	19	21	22	23	24	28	29	
602	20	21	22	24	
603	23	
621	55	
623	24	
632	55	
633	65	
635	23	25	
1158	20	
1159	47	
1161	20	
1163	66	
1165	28	
1169	75	
1172	71	
1180	69	
1196	23	
1197	48	
1201	29	
1205	9	
1206	84	
1210	33	
1218	103	
1240	70	71	71	
1241	67	
1246	29	
1268	10	
1273	51	
1274	88	
1316	37	
1331	1	
1338	18	
1339	65	
1343	21	
1351	95	
1362	42	
1363	18	
1371	46	
1374	54	
1380	31	
1383	45	47	67	
1384	46	
1387	68	
1389	3	
1399	40	
1406	58	
1409	5	30	
1416	17	33	57	
1417	18	19	19	23	25	
1418	42	43	46	48	48	51	56	60	71	
1419	33	47	52	
1430	40	
1436	16	46	
1437	40	44	46	56	69	
1438	26	47	49	
1439	44	47	
1440	47	
1441	58	78	
1444	41	
1449	14	
1450	7	11	14	23	57	
1451	16	17	18	19	20	24	26	32	53	55	56	58	61	68	
1452	18	21	22	43	45	46	47	50	52	56	59	
1453	43	45	46	48	49	52	54	
1454	32	49	57	
1455	57	
1456	70	
1457	70	
1459	84	
1464	45	
1467	41	
1468	16	21	47	
1469	19	41	43	
1470	17	19	21	25	27	36	46	53	57	
1471	17	19	21	43	43	46	50	52	58	59	63	66	
1472	20	23	42	45	46	47	48	48	50	52	58	
1473	44	46	47	49	
1476	40	46	
1477	17	20	41	65	
1478	22	26	40	45	46	48	48	52	56	
1479	28	45	46	58	65	
1480	55	56	
1483	9	21	58	
1484	6	10	11	12	14	15	16	19	
1485	13	16	16	17	18	19	20	22	23	33	37	52	53	55	56	57	59	60	72	
1486	18	21	22	45	47	47	49	49	50	51	52	54	58	58	60	64	
1487	44	45	46	47	48	49	50	
1488	45	46	48	50	
1490	72	
1491	7	
1500	16	
1501	14	19	
1502	9	16	17	19	20	104	
1503	11	13	14	15	16	17	18	19	21	43	68	
1504	15	17	18	19	20	21	23	24	29	43	57	58	61	64	68	
1505	20	22	23	23	25	44	49	51	52	53	55	56	58	60	66	
1506	22	25	44	49	50	51	52	53	55	56	62	64	
1507	43	45	49	49	50	52	53	
1508	44	48	54	
1509	45	46	
1510	16	17	20	41	
1511	16	18	18	19	21	45	47	50	56	59	63	
1512	21	23	23	26	35	44	50	51	53	56	58	60	68	
1513	27	43	44	45	47	48	48	50	51	53	58	59	66	69	
1514	32	45	47	49	
1515	44	55	59	
1516	67	
1517	11	
1518	7	9	10	11	13	13	15	17	
1519	8	15	16	17	18	18	19	20	21	23	23	28	53	57	59	60	
1520	20	22	43	51	52	53	53	54	55	56	56	58	60	62	
1521	45	46	47	48	48	49	50	50	51	54	55	59	
1522	44	47	49	
1524	9	
1534	11	
1535	6	10	11	13	15	21	27	
1536	10	12	14	16	16	18	19	20	22	26	
1537	11	13	14	17	18	19	20	21	22	23	23	25	27	34	
1538	15	20	21	22	24	27	57	
1539	21	23	25	25	52	53	54	55	57	60	62	
1540	48	50	51	52	53	53	54	57	58	61	91	92	
1541	49	53	54	87	92	96	
1542	9	45	
1543	11	14	16	18	19	25	
1544	8	12	14	16	17	18	19	21	22	24	27	45	70	
1545	20	21	22	24	53	60	
1546	23	24	52	54	55	57	58	60	
1547	14	24	52	54	55	56	57	58	
1548	43	45	47	50	52	54	60	64	91	
1549	45	47	49	50	
1550	23	52	
1551	6	9	15	
1552	4	6	8	10	11	12	13	14	15	16	18	24	
1553	7	12	14	15	16	16	17	19	20	21	23	25	57	57	62	69	
1554	18	22	51	52	53	53	54	55	56	57	58	58	60	
1555	45	46	47	49	49	50	51	51	53	54	54	60	
1556	47	48	51	55	
1559	69	
1568	9	13	
1569	6	8	10	11	12	13	14	15	16	19	
1570	5	9	12	13	13	15	16	19	21	23	92	
1571	16	17	18	22	24	92	
1572	53	57	58	60	
1573	13	46	47	49	50	52	54	55	59	
1574	46	48	51	53	82	85	86	88	90	93	97	
1575	42	57	82	84	85	88	
1576	10	12	13	15	16	19	42	
1577	6	10	11	14	15	16	17	19	20	22	24	56	69	
1578	18	21	22	23	23	25	27	53	
1579	49	87	91	92	97	
1580	85	87	88	90	92	93	96	
1581	53	58	59	63	86	88	90	92	93	
1582	17	33	50	51	54	55	56	60	
1583	31	45	47	49	50	53	
1584	11	43	43	48	49	
1585	9	11	13	70	
1586	6	9	10	12	14	15	16	17	19	22	
1587	3	7	12	13	15	16	17	18	19	20	21	23	25	56	57	61	
1588	18	21	22	23	47	51	51	52	52	54	55	56	57	59	61	
1589	46	48	48	49	50	51	53	55	60	91	
1590	50	
1596	62	
1600	44	
1602	9	14	
1603	4	9	11	13	
1604	6	8	10	12	13	15	16	83	86	90	93	
1605	7	12	14	17	18	57	84	85	86	87	89	90	92	93	
1606	16	17	51	52	52	54	55	56	57	58	60	83	88	91	92	
1607	30	42	46	48	49	50	51	53	55	61	95	
1608	39	44	45	46	48	49	80	81	83	84	88	
1609	9	15	18	20	27	43	45	65	66	79	84	
1610	6	9	11	13	13	14	16	17	18	19	21	23	57	69	
1611	20	21	22	24	25	26	52	53	56	58	
1612	22	48	48	50	51	54	59	92	
1613	53	82	84	86	87	89	92	93	97	
1614	80	81	82	85	87	89	95	
1615	8	11	13	14	15	80	81	83	83	85	91	95	100	
1616	16	55	56	58	60	83	86	88	89	90	92	95	
1617	17	32	50	51	55	
1618	43	45	47	49	51	
1619	9	10	13	13	14	19	25	27	
1620	6	11	12	13	14	15	16	17	18	19	20	22	69	73	
1621	20	20	22	23	24	25	56	57	58	59	61	
1622	23	47	50	51	52	53	54	55	56	60	
1623	48	49	50	51	54	59	83	89	92	95	99	
1624	22	49	
1625	48	
1627	24	
1629	81	81	81	
1635	86	
1637	4	19	
1638	6	9	12	81	84	88	89	
1639	7	9	10	11	13	13	15	16	80	81	82	83	84	86	88	90	99	
1640	16	55	57	62	82	84	86	87	89	91	92	94	
1641	16	16	18	18	31	50	52	54	55	59	85	93	
1642	13	40	51	65	67	79	
1643	8	11	13	15	18	19	23	28	44	
1644	20	21	22	23	25	57	59	70	
1645	22	51	52	54	55	58	60	93	
1646	49	51	53	54	83	86	87	88	89	91	94	97	
1647	54	79	80	84	85	88	90	
1648	81	84	89	
1649	10	14	17	82	
1650	8	12	16	81	82	85	92	
1651	16	18	19	55	83	86	88	91	93	
1652	16	17	20	31	64	
1653	5	9	11	14	17	18	23	24	45	
1654	7	12	13	15	17	20	21	22	24	25	27	57	70	
1655	21	22	25	52	55	56	57	59	
1656	49	50	51	52	53	54	55	57	59	91	93	97	
1657	43	43	48	50	54	80	85	86	88	90	93	95	
1658	43	44	64	86	88	97	
1659	58	
1672	8	
1673	5	8	10	82	83	87	91	
1674	7	10	11	12	13	13	14	15	16	20	80	81	83	84	86	88	91	98	
1675	16	17	20	82	83	85	87	89	90	92	94	100	
1676	16	17	19	
1677	25	56	
1678	25	52	52	54	55	58	61	92	
1679	48	51	53	54	55	61	86	87	88	89	89	90	93	94	97	
1680	52	63	81	82	84	86	88	89	91	93	
1681	58	83	
1682	86	101	
1683	7	91	
1684	5	8	10	13	86	88	99	
1685	7	11	11	14	80	81	84	87	95	99	
1686	11	14	18	24	83	87	91	
1687	12	15	16	17	18	20	25	93	
1688	22	25	56	57	58	
1689	52	55	56	60	93	
1690	49	51	53	55	57	59	82	85	86	87	88	89	90	93	95	
1691	29	29	29	30	53	80	82	83	85	87	88	91	98	
1692	82	84	
1694	43	
1706	4	88	
1707	3	9	14	
1708	5	9	10	14	81	83	88	101	
1709	7	10	11	13	14	15	81	81	82	84	85	86	88	90	93	98	
1710	13	17	83	86	88	90	91	92	94	95	
1711	52	61	86	87	88	89	90	91	92	94	96	
1712	52	53	55	56	59	83	86	87	88	90	91	92	93	94	
1713	80	81	82	83	84	85	88	89	92	
1714	81	83	84	88	92	
1715	84	
1718	10	21	83	
1719	8	11	14	81	84	97	
1720	6	9	10	11	14	15	82	84	87	92	97	101	
1721	7	12	13	15	17	20	82	86	87	89	91	92	
1722	17	54	55	56	62	87	90	91	92	98	
1723	51	53	53	54	56	61	87	89	90	92	96	
1724	50	80	81	82	84	85	87	89	90	93	97	100	
1725	79	82	85	
1739	22	
1742	9	18	
1743	5	10	12	14	81	84	89	94	101	
1744	7	12	80	81	82	84	85	87	89	91	94	99	
1745	81	82	82	83	84	85	86	89	90	93	98	100	
1746	80	81	82	83	84	84	85	88	89	90	91	94	98	
1747	79	80	83	86	
1748	87	
1749	100	
1751	40	103	
1752	38	
1754	3	8	12	15	16	84	
1755	10	12	15	81	82	83	84	87	90	98	
1756	53	81	82	83	84	85	86	88	89	90	91	93	95	
1757	80	81	82	83	84	85	86	88	88	89	91	94	
1758	80	82	84	86	89	93	
1759	94	
1765	100	100	100	101	
1775	84	
1776	90	
1777	5	7	11	87	
1778	80	81	83	86	
1779	79	80	81	82	83	85	88	
1780	79	80	82	84	99	
1781	82	
1786	18	
1787	8	
1788	86	
1789	7	80	82	84	
1790	80	80	81	84	85	89	94	
1791	79	80	81	82	83	85	90	94	
1792	83	85	
1798	87	
1812	87	
1813	85	92	101	
1814	101	
1815	8	
1824	38	83	83	91	
1825	82	
1841	34	
1845	99	
1846	100	
1851	40	
1868	86	
1872	62	
1891	9	
1906	43	
1914	16	
1923	58	
1943	72	
1980	16	
1981	57	
1982	16	
1983	10	
1993	91	
2003	77	
2008	60	80	
2011	47	
2015	39	52	
2018	20	
2021	39	
2023	2	
2044	68	
2062	80	
2083	5	
2096	17	
2098	43	
2101	24	
2120	85	
2148	95	
2149	9	
2155	7	
2158	22	
2204	29	
2220	13	
2246	10	
2250	4	
