92	91	93	
93	93	
111	38	
125	87	90	91	95	
126	16	83	85	86	87	89	90	91	93	96	
127	16	19	86	88	91	93	
156	56	
157	52	56	60	
158	42	46	47	49	51	
159	46	80	82	84	87	89	92	94	
160	7	10	13	81	82	83	84	85	86	87	88	90	91	97	
161	7	12	14	16	81	82	84	85	86	88	89	91	101	
162	16	17	17	18	20	
190	56	57	
191	52	53	54	55	56	57	59	
192	46	47	47	49	50	50	51	53	54	58	
193	44	45	46	48	
194	6	8	10	11	13	14	79	80	81	84	86	88	
195	2	7	11	12	14	15	15	80	81	83	85	92	99	
196	16	17	17	18	19	20	21	23	
224	57	
225	52	53	55	55	56	57	58	59	60	
226	35	45	46	47	48	49	50	51	51	52	54	54	55	56	60	
227	41	43	44	45	46	47	48	49	50	
228	9	10	12	44	
229	2	4	6	8	9	11	11	13	13	14	15	15	18	19	25	81	
230	12	15	16	16	17	17	19	19	20	21	22	23	
231	18	21	
259	52	55	56	57	58	60	
260	48	50	51	52	52	53	54	55	56	58	59	
261	44	45	46	47	49	49	50	51	54	
262	4	6	9	10	14	44	48	
263	7	8	9	11	11	12	13	13	14	14	15	15	16	17	19	69	
264	1	12	16	16	17	18	18	19	20	21	22	23	
265	21	
281	90	93	
282	83	86	87	89	90	91	95	
283	83	84	86	87	89	90	91	93	
284	16	86	90	93	94	
288	91	
293	52	55	56	57	59	
294	47	49	50	51	52	53	54	55	57	59	61	
295	44	45	47	48	49	50	52	53	
296	6	9	11	29	45	48	
297	5	6	8	9	11	11	12	13	13	14	15	15	16	17	18	
298	16	17	18	19	20	20	21	22	24	
299	18	22	
313	52	56	60	
314	47	50	52	
315	51	83	85	86	88	88	89	92	98	
316	9	80	81	83	84	85	86	87	88	89	90	92	93	100	
317	8	10	12	14	16	80	81	82	84	84	85	87	88	90	94	99	
318	11	13	16	17	80	82	85	89	
319	18	
321	86	88	90	93	98	
322	82	86	88	88	89	91	94	
323	16	91	
327	52	53	55	56	56	59	
328	47	48	50	51	52	53	54	55	58	
329	45	47	49	88	90	94	
330	9	10	11	13	
331	7	10	11	12	13	13	14	15	16	17	18	18	19	20	23	68	
332	18	19	20	21	22	23	
346	56	
347	51	51	52	54	55	56	59	
348	49	50	52	53	58	88	91	93	
349	48	50	81	82	84	86	88	89	91	94	
350	8	9	14	78	79	80	81	83	83	85	88	
351	6	8	10	11	12	13	14	14	16	17	18	19	26	72	79	80	81	84	
352	12	15	17	17	19	20	20	21	24	
353	20	22	53	57	
354	47	49	50	
355	81	83	84	86	88	89	91	98	
356	7	9	11	12	14	81	82	83	85	86	89	93	93	
357	13	15	16	17	17	18	19	84	
358	18	21	
360	58	
361	52	53	54	55	56	56	57	60	
362	46	47	50	50	51	52	53	54	55	58	93	
363	9	44	45	47	48	49	84	88	90	95	
364	4	7	8	10	11	12	13	14	14	15	
365	11	12	13	15	15	16	16	17	18	19	19	20	22	24	25	
366	2	18	20	21	22	25	
380	52	55	56	57	58	
381	48	50	51	52	52	53	55	56	60	92	
382	48	49	50	51	53	54	81	83	86	87	89	91	93	96	
383	78	80	83	84	86	90	
384	5	7	8	10	11	12	14	15	19	68	68	79	
385	7	12	13	14	15	15	16	17	17	18	18	19	20	21	23	26	
386	18	20	21	22	24	28	57	
387	22	51	52	53	54	55	56	57	59	
388	47	49	50	51	54	59	87	92	96	
389	8	13	48	80	85	87	90	95	
390	4	6	7	10	11	12	13	14	15	16	18	80	81	84	85	89	
391	13	15	16	16	17	17	18	19	20	21	84	
392	21	23	
394	57	
395	51	52	53	54	55	56	60	
396	48	50	51	52	53	54	58	87	89	91	97	
397	10	49	83	84	86	90	93	93	
398	5	6	8	9	10	11	12	13	13	15	15	16	18	70	
399	12	15	16	17	18	18	19	20	21	22	24	
400	21	23	
413	56	57	
414	48	51	52	53	54	56	57	60	
415	47	50	51	52	54	58	83	86	88	88	90	92	96	
416	49	54	80	82	85	86	88	89	90	93	
417	9	10	14	44	67	79	82	85	98	
418	4	6	8	10	11	12	13	14	15	15	16	17	17	19	19	20	28	
419	13	16	17	18	19	20	21	22	23	24	
420	23	57	
421	47	50	51	52	52	53	54	55	56	58	61	
422	45	46	48	49	50	51	53	83	86	90	91	95	
423	9	10	13	81	84	86	89	91	93	
424	6	7	11	12	12	13	14	15	16	19	28	
425	3	12	15	16	17	18	19	20	21	22	88	
426	18	23	
428	52	55	57	59	
429	47	51	52	52	54	55	97	
430	49	50	51	53	55	82	84	87	89	91	94	
431	8	10	81	84	86	89	
432	4	7	9	10	11	12	13	13	14	15	16	16	19	23	68	
433	16	17	17	18	19	19	20	21	22	24	
434	22	
446	57	
447	52	54	56	57	58	60	
448	47	48	49	50	51	52	53	54	60	
449	49	51	53	54	80	82	84	87	89	92	97	
450	9	14	67	79	80	82	83	84	86	98	
451	6	8	9	11	11	12	13	14	14	15	16	19	71	
452	2	12	14	15	17	17	18	19	19	20	21	22	24	25	26	
453	3	22	23	57	
454	51	52	55	56	57	59	
455	37	49	50	51	52	53	54	55	60	88	90	92	
456	47	48	49	51	54	81	83	84	86	88	88	90	93	94	
457	8	9	14	80	82	84	86	88	95	
458	3	7	8	10	11	12	13	13	14	15	16	19	82	91	
459	12	15	16	17	18	19	20	22	25	82	85	87	90	92	94	
460	18	20	93	
461	53	56	57	
462	51	52	53	54	55	57	
463	49	50	51	52	54	87	90	92	94	
464	10	49	82	84	85	87	88	90	92	93	
465	3	7	9	10	11	12	14	15	16	18	80	84	
466	4	7	12	13	14	15	16	16	17	18	19	20	20	21	24	
467	20	21	22	23	23	
469	52	52	53	
480	56	57	
481	47	52	53	54	55	57	58	60	
482	46	47	49	49	50	51	52	54	55	88	89	91	95	
483	45	49	79	82	84	86	88	92	
484	6	8	9	10	11	13	13	14	15	78	80	83	
485	7	11	12	12	14	15	15	16	17	17	18	19	19	21	23	69	
486	2	18	20	21	22	
487	23	53	56	57	
488	51	52	54	55	56	58	62	93	
489	50	51	52	53	54	55	83	84	86	88	89	91	95	102	
490	9	49	51	53	81	83	84	86	88	89	92	
491	4	10	14	72	85	
492	5	6	8	10	11	12	13	15	88	
493	2	8	10	11	12	14	15	17	19	22	81	82	84	86	87	88	90	92	94	
494	17	18	82	85	87	89	90	92	96	
495	52	53	56	58	87	88	90	91	93	94	
496	50	51	51	52	54	55	87	91	92	94	
497	50	54	80	82	84	86	87	88	90	91	94	98	
498	9	10	14	18	41	80	81	83	85	
499	5	7	9	10	11	12	13	14	14	15	16	16	17	18	19	19	
500	15	16	17	18	18	19	20	20	21	22	24	25	
501	22	40	40	41	
514	52	53	56	58	
515	46	47	49	50	51	52	53	54	55	55	56	58	67	
516	45	46	48	49	50	51	53	72	81	83	84	86	88	90	92	94	
517	8	10	13	80	84	86	88	91	
518	3	7	9	11	11	12	13	14	15	15	16	19	
519	13	14	15	16	17	18	18	20	21	23	23	25	92	
520	2	22	57	92	
521	51	53	57	87	91	92	
522	51	52	53	54	60	83	86	87	88	90	91	96	
523	50	55	57	79	81	83	84	85	87	88	89	90	93	
524	35	40	47	56	59	66	79	82	84	86	
525	17	17	19	20	27	38	41	44	45	46	47	48	69	83	
526	9	11	15	26	42	43	44	46	68	
527	2	5	6	9	11	12	14	15	20	80	81	83	84	
528	11	13	80	81	82	83	84	85	86	88	88	89	91	93	94	
529	80	81	82	83	84	85	87	88	89	90	91	94	98	
530	52	53	54	81	82	83	83	85	86	87	88	89	91	94	97	100	
531	78	80	82	83	84	84	86	89	93	
532	5	6	8	9	10	11	12	12	13	14	15	16	17	18	18	68	80	84	
533	5	10	12	13	15	16	17	18	18	19	20	21	22	24	
534	20	21	22	23	23	
535	22	
547	57	
548	52	53	54	55	56	56	57	60	63	
549	43	46	47	48	48	49	50	51	52	53	54	56	60	
550	42	44	46	47	49	50	80	85	
551	9	10	80	83	89	
552	5	7	9	11	12	13	14	15	92	
553	6	12	17	21	47	82	86	88	90	92	94	
554	56	82	83	85	86	87	89	90	91	92	93	96	
555	52	53	54	55	81	82	85	86	87	88	88	89	90	91	93	94	97	
556	50	55	80	82	83	84	85	86	88	88	89	91	93	93	98	
557	10	13	79	81	82	84	85	
558	7	12	14	15	16	16	17	18	19	40	56	57	57	59	62	68	
559	17	18	19	20	20	21	24	31	34	36	42	44	45	46	47	50	50	51	53	53	54	56	57	58	61	
560	5	23	23	29	42	43	44	45	46	46	47	48	48	49	50	50	56	
561	41	43	44	46	47	48	
562	2	5	8	12	27	46	79	80	81	84	99	
563	37	40	80	81	81	84	85	89	
564	16	43	79	80	81	82	84	86	88	94	
565	9	11	13	14	16	17	18	20	39	70	79	81	
566	7	11	12	14	15	16	17	18	18	19	19	20	21	24	27	68	
567	2	15	20	21	22	23	24	
568	21	23	
581	58	
582	35	51	52	55	55	56	57	58	59	60	
583	33	45	47	47	49	50	50	51	52	53	53	54	55	56	57	59	62	67	
584	28	36	41	43	43	44	45	46	46	47	47	48	48	49	49	50	50	68	
585	8	43	44	46	47	48	67	
586	3	5	10	12	15	46	85	
587	6	9	13	80	81	82	83	85	87	89	91	94	99	
588	80	81	81	82	84	85	86	89	90	92	94	
589	79	80	81	81	82	83	83	84	86	89	91	
590	10	18	41	79	80	81	82	84	
591	7	9	11	12	13	13	14	15	16	16	17	19	19	21	27	43	68	80	
592	12	15	17	18	18	19	20	21	22	24	25	27	
593	21	22	22	25	51	52	54	55	56	57	59	60	
594	23	45	47	49	50	51	52	53	53	54	54	56	58	58	60	62	64	
595	24	27	28	33	35	38	39	42	43	44	45	46	47	48	48	49	49	50	52	55	56	58	
596	20	28	41	43	44	44	46	47	48	49	49	58	60	68	
597	14	18	19	21	26	41	43	44	47	80	83	
598	7	9	11	14	16	19	20	20	22	23	27	39	43	44	49	65	68	70	79	80	
599	5	10	11	12	14	15	17	18	19	20	21	22	24	28	43	46	67	
600	12	15	19	20	21	22	23	23	24	
601	22	24	
609	98	99	99	
616	54	55	57	
617	35	51	52	52	53	54	55	55	56	57	58	58	60	
618	42	44	45	47	49	50	50	51	52	52	53	54	55	56	56	57	59	
619	31	42	43	44	44	45	46	47	48	48	49	50	51	53	56	59	68	
620	5	25	31	39	42	43	44	46	47	48	
621	40	46	48	58	80	83	
622	9	40	46	66	79	80	81	82	83	85	
623	10	13	16	19	40	46	66	80	81	84	
624	7	10	11	12	13	14	15	16	17	18	19	20	44	69	80	
625	4	12	13	15	17	18	18	19	20	21	22	24	26	43	70	
626	17	19	20	21	22	23	24	
627	22	23	
628	54	55	56	61	
629	50	52	54	55	60	64	
630	24	35	45	48	50	55	60	63	
631	22	24	25	26	44	45	48	59	65	
632	20	22	23	23	25	45	
633	13	21	22	24	25	
634	25	
651	55	57	
652	35	51	52	53	54	55	56	57	58	59	61	64	
653	42	45	50	51	52	53	54	55	56	57	59	60	62	
654	24	32	40	43	44	45	45	46	47	48	49	50	51	52	54	56	57	59	63	68	
655	22	23	25	32	40	42	43	44	45	46	47	48	48	49	51	60	68	
656	10	14	20	21	39	43	43	44	46	47	49	
657	6	8	11	12	14	15	18	19	19	20	21	23	27	40	44	67	68	
658	12	14	15	17	18	19	20	22	23	24	25	
659	2	15	21	22	23	24	
660	22	
687	54	55	59	
688	25	52	55	64	
689	23	25	33	55	64	
690	14	24	25	44	64	
691	21	23	23	24	
692	22	24	25	
1162	54	
1178	6	
1184	100	
1186	53	
1189	100	
1192	17	
1193	49	
1196	31	
1209	43	78	
1214	46	
1230	18	
1238	89	
1245	18	
1248	48	
1249	43	62	
1268	40	
1271	29	76	
1276	18	
1280	27	
1281	18	19	22	38	43	45	47	56	59	66	
1282	20	22	23	30	38	45	46	47	49	58	
1283	44	47	48	53	61	
1284	47	
1295	15	
1310	97	
1313	8	
1314	10	12	14	20	20	58	
1315	13	15	16	17	18	20	21	25	53	56	57	60	
1316	20	21	23	24	31	41	44	45	46	47	47	50	51	52	54	56	58	
1317	42	43	44	45	46	47	48	49	50	55	
1318	5	58	
1319	10	51	
1337	65	
1341	45	
1347	9	16	24	
1348	7	9	10	11	13	13	14	15	18	19	
1349	7	12	15	15	16	17	18	19	20	24	52	55	56	57	58	62	
1350	17	17	20	21	22	23	25	27	32	47	48	50	51	51	52	53	54	55	56	59	
1351	43	44	45	46	47	48	49	50	52	53	
1352	44	49	
1359	70	
1360	100	
1365	52	
1366	39	
1376	94	
1377	57	
1378	18	
1381	9	
1382	4	7	9	9	10	14	15	16	
1383	7	11	12	13	15	16	17	18	19	21	23	56	57	58	
1384	16	17	18	20	21	51	51	52	53	53	54	55	55	56	57	60	
1385	44	45	46	47	49	50	51	52	55	58	61	
1386	44	46	49	
1393	7	
1398	36	
1401	18	
1404	42	46	
1405	47	
1406	26	57	63	
1407	27	48	
1411	48	
1413	49	
1415	14	
1416	4	8	10	11	14	19	
1417	5	6	8	10	11	12	13	13	14	15	16	17	18	56	56	57	62	82	84	
1418	13	16	16	17	19	21	22	51	51	52	53	54	55	56	58	83	94	
1419	23	44	45	46	47	48	49	50	51	57	60	
1420	48	51	53	63	
1421	50	
1436	15	
1437	16	18	21	42	57	
1438	17	18	20	41	47	49	53	69	
1439	21	26	43	44	46	47	49	59	
1440	46	48	76	
1442	26	
1443	25	40	68	
1444	46	
1445	43	48	
1450	8	9	10	12	15	
1451	7	9	10	11	12	13	14	15	16	17	18	20	56	57	62	
1452	16	17	17	19	20	21	22	23	52	53	54	55	60	
1453	45	46	48	49	49	51	52	53	55	87	91	98	
1454	48	93	
1459	1	
1460	3	
1465	76	
1468	22	
1470	10	12	14	16	
1471	13	14	16	17	18	18	19	22	24	26	42	57	68	68	
1472	16	17	18	19	20	21	25	33	34	45	47	48	50	52	54	55	56	57	59	64	
1473	21	23	43	45	47	49	50	52	57	61	
1474	44	48	50	
1475	48	
1477	16	17	19	41	45	56	59	
1478	21	42	44	46	48	49	51	78	
1479	45	46	56	63	
1480	47	53	
1483	11	
1484	6	8	10	11	14	18	18	
1485	5	6	12	13	14	15	16	17	18	19	21	26	53	56	58	59	
1486	17	18	19	20	21	23	27	46	47	49	49	50	51	53	54	55	57	61	
1487	44	47	48	49	53	58	80	83	85	87	89	91	95	
1488	51	85	
1490	9	
1498	24	
1499	32	
1501	15	41	
1502	22	24	
1503	9	
1504	6	10	11	12	14	15	16	18	21	25	
1505	8	12	13	15	16	17	19	19	20	21	26	56	62	69	
1506	20	21	23	25	51	52	53	54	55	59	
1507	23	48	49	50	51	53	54	63	87	90	91	92	96	
1508	91	
1510	10	14	16	57	
1511	13	16	17	18	19	20	23	32	53	56	57	59	61	63	
1512	14	17	18	20	22	25	43	45	46	47	49	51	54	56	59	
1513	44	47	48	50	
1517	11	
1518	7	9	10	12	14	15	17	57	
1519	8	13	15	15	16	17	18	19	20	21	23	26	51	52	52	56	57	58	61	
1520	20	21	22	46	47	49	50	51	52	54	56	58	62	
1521	48	50	53	81	87	91	
1522	48	95	
1523	59	
1527	74	
1528	67	
1535	23	
1536	13	
1537	7	9	11	13	15	18	67	
1538	7	9	11	12	14	15	16	17	19	20	57	
1539	13	15	16	17	18	19	20	20	22	24	51	52	55	56	57	59	
1540	23	48	49	50	51	52	54	55	57	60	88	92	93	98	
1541	50	54	81	83	84	84	85	86	88	89	92	97	
1542	81	88	88	
1543	9	
1544	10	11	12	14	15	16	19	21	23	57	58	
1545	13	15	17	18	18	19	20	23	26	48	51	51	52	55	57	61	70	
1546	18	21	22	22	42	44	46	47	49	50	51	53	
1547	49	52	53	
1548	49	52	
1551	10	14	17	
1552	4	8	10	11	12	13	14	15	16	18	20	23	58	
1553	13	15	16	16	17	18	19	20	21	24	51	52	56	60	
1554	46	48	48	49	50	51	53	54	56	88	93	
1555	49	54	65	82	85	89	
1556	88	
1559	8	
1560	73	
1570	10	
1571	7	8	10	11	13	14	15	16	18	18	19	69	
1572	12	13	14	15	16	16	17	18	19	20	23	25	56	58	60	73	
1573	21	22	23	24	47	50	51	52	53	55	56	62	
1574	49	50	52	82	85	86	87	89	90	96	
1575	79	80	82	84	86	88	
1576	8	86	
1577	9	11	13	15	16	
1578	5	6	10	11	12	13	14	15	16	18	19	19	21	25	56	56	57	58	61	
1579	13	16	17	18	19	20	21	22	24	26	48	51	52	53	54	55	55	56	59	
1580	21	22	41	45	46	47	47	49	50	51	52	54	58	
1581	45	46	49	
1582	46	
1584	11	
1585	6	9	10	12	14	16	18	18	26	
1586	5	6	11	12	13	14	15	16	17	19	20	22	56	57	58	
1587	18	20	21	22	24	26	46	47	51	52	53	53	54	55	56	
1588	22	48	48	49	50	54	83	86	87	89	91	96	
1589	22	81	86	88	97	
1592	54	66	
1601	74	
1602	3	
1603	10	
1604	7	9	10	12	13	15	16	21	25	
1605	7	11	12	14	15	15	16	16	17	18	19	20	24	56	57	68	
1606	17	18	20	22	23	24	47	51	51	52	55	56	60	
1607	46	48	48	49	51	54	56	87	88	90	92	94	
1608	55	79	81	82	83	83	84	86	88	91	93	
1609	81	84	91	
1610	12	83	
1611	7	9	10	12	13	14	17	18	19	25	67	
1612	7	11	12	14	14	15	16	16	17	19	20	21	21	24	26	57	
1613	1	17	18	19	20	21	22	24	50	51	51	52	53	54	55	56	57	58	59	60	
1614	34	38	43	44	45	46	47	48	48	49	50	51	54	56	61	63	
1615	42	44	46	47	49	54	
1616	40	46	50	
1618	10	14	20	
1619	7	9	11	12	14	15	16	17	18	19	20	23	56	57	
1620	12	14	15	16	17	20	22	24	53	55	56	59	
1621	20	21	23	46	47	50	52	53	54	55	57	58	
1622	49	55	79	81	84	86	88	89	92	94	
1623	82	87	92	94	
1624	97	
1627	8	
1636	23	
1637	11	14	16	23	
1638	8	9	10	11	13	13	14	15	16	18	24	28	
1639	12	15	16	17	17	18	19	20	21	24	26	52	53	55	56	57	58	61	
1640	21	22	24	46	47	49	50	51	52	54	54	62	
1641	42	49	51	53	78	82	84	85	87	88	90	94	
1642	28	48	79	82	85	88	88	
1643	72	82	87	90	99	
1644	9	12	13	15	17	76	
1645	6	9	10	11	12	13	14	15	16	17	18	18	19	21	24	27	
1646	12	15	16	17	19	19	20	21	22	23	58	
1647	20	21	22	52	53	54	55	56	57	58	60	93	
1648	37	45	47	48	50	50	51	53	54	55	56	60	
1649	31	37	42	44	45	46	46	47	48	49	50	51	55	56	62	67	
1650	37	42	43	47	48	49	
1651	14	20	25	29	42	45	47	48	67	
1652	7	8	10	12	13	14	16	18	20	
1653	4	6	10	11	12	14	15	16	17	18	19	20	22	23	25	26	56	57	69	
1654	17	21	22	23	25	26	50	51	52	53	55	56	59	
1655	49	50	51	54	83	86	88	88	90	92	93	96	
1656	54	78	80	83	83	85	91	
1657	53	82	
1658	43	43	44	45	
1669	17	
1670	10	
1671	8	10	13	13	16	18	68	
1672	5	6	10	11	12	12	13	14	15	16	17	18	19	20	24	56	57	58	73	
1673	13	15	17	17	20	21	22	23	24	50	51	52	53	55	57	60	
1674	14	42	44	46	47	48	48	49	50	50	51	55	
1675	41	44	46	50	53	80	81	83	85	89	
1676	40	45	47	67	
1677	8	14	20	42	68	
1678	4	9	11	12	14	16	17	19	20	22	23	27	40	
1679	7	12	13	14	14	15	18	19	19	21	23	56	
1680	21	22	23	25	92	
1681	55	83	85	86	87	89	90	91	93	94	98	
1682	51	52	53	54	55	56	57	58	60	87	90	91	92	96	
1683	29	45	50	51	53	53	55	56	57	59	
1684	24	41	43	43	44	45	48	48	49	51	63	63	
1685	11	20	24	26	42	44	45	48	49	
1686	11	13	13	15	19	20	22	25	44	57	65	
1687	21	23	24	24	27	51	52	56	58	
1688	23	50	51	53	53	54	58	87	88	92	98	
1689	51	54	81	83	84	86	88	89	95	
1690	81	86	89	
1697	88	88	89	90	
1704	9	
1705	6	8	9	10	11	13	14	15	17	19	64	
1706	7	12	13	15	15	16	17	19	20	21	23	24	53	56	57	
1707	17	18	21	22	23	25	33	50	51	52	54	54	55	56	59	61	
1708	23	42	44	46	47	48	49	50	51	53	55	56	58	62	
1709	39	43	44	45	48	50	55	58	67	78	
1710	10	20	24	27	41	44	46	68	
1711	10	12	14	15	16	19	21	25	26	39	44	66	
1712	7	11	12	14	15	18	19	20	21	22	23	26	56	57	
1713	20	21	22	24	25	52	
1714	49	86	87	89	90	92	94	
1715	7	10	14	78	80	81	82	83	84	86	88	88	90	95	
1716	7	12	15	80	81	82	83	84	85	87	88	90	91	94	102	
1717	16	19	85	87	91	92	94	
1718	17	53	63	74	
1719	23	65	93	
1720	24	25	52	53	59	73	93	
1721	23	50	51	52	54	56	58	88	90	92	93	97	
1722	20	52	53	82	84	85	86	88	89	90	92	94	97	
1723	80	82	84	87	91	94	
1724	88	
1725	80	
1726	23	23	24	24	80	97	
1738	11	15	27	
1739	8	8	10	11	13	13	14	17	25	
1740	6	11	12	12	14	15	18	18	87	90	92	
1741	16	17	20	23	36	36	53	55	55	61	86	87	90	91	92	94	98	
1742	16	18	50	53	54	59	61	92	
1743	25	28	35	44	45	49	52	55	59	
1744	23	45	63	
1745	12	13	21	24	57	69	
1746	22	24	52	53	55	57	
1747	50	51	54	87	88	90	91	93	94	97	
1748	53	81	82	85	86	88	89	90	94	
1749	8	79	80	82	83	85	
1750	9	11	13	14	18	79	80	81	82	83	85	89	95	
1751	7	10	12	13	13	15	80	81	84	85	86	87	88	89	95	99	
1752	82	85	86	87	88	88	89	90	91	93	93	95	
1753	86	86	87	89	90	90	92	94	97	
1754	52	54	55	86	87	88	89	90	90	92	94	94	
1755	53	81	82	84	85	86	87	89	90	92	96	
1756	53	79	81	82	83	85	87	89	92	95	
1757	82	84	
1761	34	
1764	69	
1768	76	
1770	23	47	
1772	10	
1773	5	9	12	13	
1774	6	8	10	12	14	15	19	80	82	84	91	
1775	11	12	13	14	18	35	80	81	82	83	83	84	85	87	89	90	94	
1776	16	20	82	86	87	89	90	91	93	95	
1777	17	87	91	92	
1778	57	92	
1779	51	52	55	92	93	97	
1780	50	52	53	55	58	83	86	87	89	90	92	94	96	
1781	53	80	81	83	83	84	86	88	89	92	97	
1782	78	80	82	83	85	90	
1784	5	13	13	81	96	
1785	6	10	13	79	80	81	83	86	91	94	102	
1786	81	82	83	84	86	89	98	
1787	80	81	82	83	84	85	86	90	
1788	81	82	83	83	84	85	87	88	89	92	98	
1789	78	79	80	81	82	83	84	87	88	
1790	79	80	84	
1791	79	95	
1793	18	
1807	11	13	
1808	8	14	80	87	
1809	10	12	13	15	79	79	80	83	84	86	89	92	93	99	
1810	6	8	10	12	13	15	80	80	81	82	84	85	87	89	90	92	96	
1811	82	82	85	86	87	88	89	90	91	93	95	
1812	55	82	83	85	86	87	87	88	89	90	91	92	93	95	
1813	51	53	55	83	86	86	87	88	89	90	91	93	94	
1814	54	54	81	83	84	84	85	86	88	88	89	93	94	
1815	79	80	81	84	87	
1816	8	86	94	
1817	84	
1818	3	10	
1819	12	14	84	
1820	80	84	87	
1821	78	79	81	83	83	90	94	
1822	79	81	85	89	
1823	79	
1824	85	91	
1826	89	
1843	5	12	14	81	
1844	10	14	80	81	83	86	
1845	80	80	81	82	83	84	85	86	88	88	91	94	100	
1846	80	80	81	81	82	83	84	85	88	90	97	
1847	80	81	83	83	84	85	88	89	91	
1848	79	80	80	81	83	84	86	91	
1849	81	83	
1850	38	83	94	
1851	95	
1852	3	
1853	13	
1854	86	
1856	87	89	
1863	43	
1875	92	
1876	87	
1878	83	97	
1879	13	79	81	84	
1880	79	80	84	92	
1881	78	80	85	89	
1883	89	98	
1886	31	89	
1891	13	88	
1896	67	82	
1902	92	
1903	97	
1906	55	
1907	63	
1916	98	
1923	46	
1925	38	
1931	21	
1941	77	
1944	53	
1946	51	
1947	46	
1949	93	
1959	23	81	
1973	42	
1975	74	
1984	97	
2016	81	
2027	76	
2045	60	
2055	20	
2063	81	
2068	95	
2132	46	
2135	103	
2142	90	
2149	10	
2150	84	
2154	9	
2178	10	
2181	9	
2207	97	
2222	7	
2227	16	
2255	10	
2269	99	
2270	2	
