20	91	
21	87	91	92	95	
22	17	
47	56	
52	57	61	
53	52	54	56	59	
54	45	46	47	48	49	87	89	94	98	
55	7	11	14	46	83	84	86	87	89	95	99	
56	16	87	91	93	95	
57	17	
86	58	61	
87	52	55	57	59	61	
88	49	51	52	53	58	83	
89	9	11	27	45	47	48	49	50	81	84	
90	7	12	13	13	14	49	81	82	83	85	86	89	91	96	99	
91	16	18	88	91	
121	55	58	59	61	
122	52	53	54	55	55	56	57	59	60	
123	5	47	48	50	51	51	54	
124	6	8	10	12	14	44	45	46	47	48	81	84	
125	3	12	13	15	18	20	83	85	87	90	92	94	97	98	
126	17	19	
156	54	55	57	57	60	61	
157	50	51	52	53	54	55	56	58	63	
158	9	46	47	49	50	51	
159	1	7	10	11	12	14	14	15	48	82	84	87	90	95	
160	12	17	18	19	21	86	89	92	94	
161	17	
183	16	
190	58	60	
191	52	54	55	55	56	57	58	59	64	
192	5	8	47	47	50	51	52	53	65	
193	5	6	9	11	12	14	45	46	48	49	84	
194	8	11	13	15	16	81	83	85	88	91	95	100	
195	16	17	18	20	
217	15	
224	62	
225	55	56	57	58	59	60	61	
226	47	50	51	52	53	53	54	55	56	63	
227	8	10	14	45	47	47	48	49	50	
228	1	7	11	12	13	13	14	15	16	83	85	87	88	92	93	97	
229	16	16	17	18	19	20	22	
230	18	22	
259	57	57	60	61	
260	37	51	52	52	53	54	55	56	58	63	
261	3	9	32	45	46	47	48	48	49	50	51	53	
262	5	6	8	9	10	11	12	13	14	15	18	85	
263	16	17	17	18	19	20	21	
264	22	
293	57	58	60	63	
294	51	52	52	54	55	56	59	61	
295	8	47	49	50	51	53	
296	7	10	11	12	13	14	15	48	
297	1	12	16	16	17	18	19	20	25	
298	22	
307	8	
313	93	
320	91	93	97	
321	16	
327	57	62	
328	35	52	53	54	55	57	58	60	
329	46	48	49	50	51	54	
330	4	7	10	11	13	14	
331	13	16	16	17	18	19	20	21	24	
332	22	
345	56	
346	51	92	
347	88	90	91	95	
348	86	88	90	91	94	98	
349	16	
351	57	
353	49	52	54	88	91	94	
354	9	14	83	86	87	88	89	90	91	95	
355	17	19	86	90	
356	17	22	
361	58	63	
362	52	54	55	56	59	61	
363	47	48	48	49	51	53	54	
364	4	8	9	11	12	13	14	15	
365	16	17	17	19	20	24	
366	22	
378	56	
379	52	54	57	58	
380	50	52	53	87	90	92	96	
381	9	49	81	82	84	85	86	88	89	90	92	93	95	99	
382	7	11	12	13	14	15	81	82	85	86	88	89	92	94	
383	16	17	18	18	20	93	
385	56	57	61	
386	51	52	53	55	56	58	
387	48	49	51	53	85	87	89	91	93	100	
388	9	10	12	14	15	81	83	84	85	86	89	92	93	97	99	
389	7	12	13	14	15	16	17	18	18	19	82	84	89	98	
390	17	18	19	20	22	
395	57	61	
396	52	54	55	56	57	58	63	
397	46	49	50	51	53	54	
398	5	7	10	11	12	13	14	15	48	
399	15	16	17	18	19	20	21	25	26	
400	22	
411	58	
412	57	62	
413	50	52	53	53	54	55	56	57	58	60	92	
414	49	50	52	54	55	83	85	87	88	90	91	92	94	96	
415	6	8	10	13	50	81	82	84	85	87	89	92	94	
416	7	10	11	11	12	13	14	15	15	16	18	19	81	82	83	85	99	
417	12	15	16	16	17	17	18	19	20	21	26	
418	22	57	
419	53	55	56	57	58	59	62	
420	52	52	54	55	88	93	94	
421	9	49	51	53	82	83	85	87	89	91	94	
422	7	9	10	11	13	13	14	15	16	19	80	82	84	86	88	
423	11	12	14	15	16	17	18	19	19	20	21	23	
424	20	22	
429	56	57	60	
430	51	52	53	55	56	58	60	
431	8	48	50	51	92	94	
432	5	6	10	11	12	13	14	15	86	91	
433	12	16	16	17	19	19	20	21	
434	23	
438	65	65	65	
445	57	62	
446	50	52	53	55	56	57	58	60	
447	47	49	50	51	52	54	54	56	59	83	87	89	91	92	95	
448	48	50	53	55	82	84	86	87	88	89	91	93	95	98	
449	8	10	11	13	14	70	82	84	87	89	
450	7	10	11	12	12	13	14	15	15	16	17	18	19	81	
451	17	19	20	21	22	23	
452	53	56	
453	53	54	56	58	61	91	92	96	
454	51	54	55	82	85	87	88	89	91	92	95	98	
455	8	10	13	16	81	85	86	88	96	103	
456	4	7	11	12	13	14	15	15	16	16	17	18	18	19	20	71	
457	13	18	19	20	21	22	23	24	25	26	
458	22	
462	57	
463	53	56	57	59	63	
464	51	52	53	54	55	58	93	
465	50	54	86	88	88	90	92	
466	4	7	8	10	11	12	13	14	14	
467	15	17	17	18	19	19	20	21	23	
468	21	
479	53	55	56	57	58	59	60	
480	48	50	51	52	53	54	55	56	59	
481	46	47	49	50	52	54	54	83	85	86	88	90	91	95	104	
482	46	49	82	84	86	87	90	
483	5	8	8	9	11	12	13	14	15	18	23	46	85	
484	2	5	6	11	12	13	14	15	15	16	19	24	
485	18	21	22	93	98	
486	53	54	91	92	96	
487	51	54	82	83	86	87	88	88	90	91	93	94	96	
488	8	13	46	81	82	84	85	86	87	89	90	92	94	
489	5	6	9	10	11	12	13	14	15	16	19	80	83	
490	4	15	16	17	17	18	18	19	20	21	22	24	
491	21	22	23	
496	56	62	
497	53	53	55	56	59	63	92	
498	51	52	54	55	86	88	88	90	91	95	
499	9	11	13	81	83	84	86	88	89	95	99	
500	5	6	8	11	12	12	14	14	15	16	16	17	18	19	20	69	
501	13	17	18	20	20	21	22	23	26	
512	63	
513	53	55	56	56	57	58	58	59	60	62	
514	33	50	50	51	52	52	53	54	55	56	57	58	58	60	
515	30	41	44	45	47	48	48	49	50	50	51	53	54	56	57	66	82	85	88	
516	41	45	45	47	47	49	50	51	58	72	73	82	84	
517	5	9	11	13	15	21	24	26	43	45	46	47	48	48	49	70	
518	8	10	12	14	15	46	90	
519	86	88	89	90	91	92	94	96	
520	39	55	59	83	85	86	87	89	90	91	92	93	93	95	100	
521	33	43	52	53	80	81	83	84	85	86	87	89	90	96	
522	6	9	10	13	17	19	46	47	48	50	66	69	81	83	83	85	
523	4	7	10	11	12	14	14	15	20	21	26	43	83	
524	13	15	17	17	18	20	21	22	24	25	
528	93	
529	91	92	
530	88	91	93	95	
531	52	54	55	59	82	86	87	88	89	90	92	94	96	98	
532	8	16	53	82	84	85	86	87	89	91	93	97	100	
533	6	8	10	11	12	13	14	15	16	17	19	20	70	81	83	84	
534	3	12	14	15	16	17	18	19	19	20	23	24	
535	18	19	21	21	22	23	
547	61	
548	33	34	51	53	54	55	57	58	63	65	
549	50	52	55	57	59	60	62	
550	24	25	32	45	50	51	52	54	55	56	57	58	59	60	63	
551	5	22	24	31	45	47	48	48	49	50	51	53	56	57	58	71	73	
552	5	22	31	41	44	45	46	47	49	50	56	57	58	84	98	
553	20	40	45	47	48	50	70	80	81	83	83	84	85	86	89	94	102	
554	12	17	20	39	43	45	46	48	48	49	67	70	80	81	82	84	85	86	88	99	
555	13	15	16	18	19	20	56	57	59	60	71	80	82	84	
556	19	20	21	24	28	32	43	45	47	49	51	52	54	56	
557	5	7	8	10	14	15	22	23	45	46	47	48	49	
558	12	15	46	83	87	90	92	94	97	99	
559	86	88	89	91	92	95	
560	86	88	91	93	95	
561	87	91	92	94	97	
562	86	87	88	90	91	93	95	102	
563	56	86	87	88	89	90	92	93	94	97	
564	47	53	82	84	85	87	88	89	90	92	94	97	99	
565	39	46	68	81	82	83	84	85	86	87	89	90	94	101	
566	7	8	10	11	12	14	14	16	18	19	46	49	80	81	82	84	85	87	89	93	
567	3	12	13	13	14	15	16	17	18	18	19	20	20	21	23	71	84	
568	20	21	21	22	24	25	
569	23	
584	24	53	55	55	57	59	60	62	74	
585	24	33	51	52	54	55	56	57	58	60	61	
586	24	45	50	52	53	54	57	59	60	62	73	
587	19	22	24	27	45	48	50	54	73	81	
588	12	14	19	21	22	24	44	48	61	69	73	80	83	
589	15	20	21	22	23	24	44	52	57	58	60	61	
590	22	22	25	30	51	52	53	54	54	56	57	58	58	60	63	73	
591	4	33	43	45	48	50	50	51	56	57	58	
592	10	41	45	47	49	50	56	70	81	83	84	86	
593	26	41	44	46	47	48	48	49	73	81	82	83	84	85	89	94	98	
594	46	47	58	81	82	83	84	86	87	89	90	94	98	
595	46	47	57	81	82	84	85	86	88	88	89	94	102	
596	42	44	46	47	48	50	81	82	83	83	84	85	87	89	97	99	
597	46	48	48	58	68	81	82	83	83	84	86	87	89	
598	16	17	19	32	41	43	46	51	54	59	64	68	80	82	83	83	84	85	86	
599	8	10	14	16	17	18	18	19	20	26	41	45	46	48	51	71	80	81	82	84	85	
600	6	11	12	13	13	14	15	17	18	19	20	21	22	25	26	
601	2	12	17	20	21	21	22	23	24	25	
602	21	23	25	
619	33	
620	65	75	
621	23	30	
622	4	23	25	
623	24	
624	54	61	
625	52	55	57	58	60	61	
626	23	25	52	53	54	55	56	57	58	60	62	
627	27	43	49	50	55	57	60	70	80	84	
628	19	23	27	43	45	48	50	52	54	56	58	58	60	62	72	81	82	84	
629	19	20	22	27	50	52	55	57	59	61	72	80	82	83	
630	20	21	23	28	45	48	49	50	51	54	61	72	
631	12	14	20	22	23	27	41	44	50	59	81	84	
632	13	14	18	19	20	20	21	22	23	28	48	65	75	
633	13	19	20	21	22	24	25	65	
634	21	22	24	25	
635	23	23	25	
660	62	
662	24	61	63	
663	22	24	55	62	
664	23	25	
665	23	23	24	65	73	
666	21	24	75	
667	22	25	
693	7	
727	3	4	
1171	69	
1172	69	
1175	18	
1176	19	42	57	59	
1177	22	26	47	50	69	
1178	43	47	49	
1179	52	64	
1180	71	
1181	60	
1196	4	
1202	70	
1203	17	
1207	11	
1209	8	12	14	16	20	
1210	16	17	20	22	23	60	
1211	21	52	54	56	58	60	64	
1212	45	48	49	50	52	53	73	
1213	44	46	47	50	
1214	62	71	
1216	40	
1242	13	17	
1243	6	9	11	14	
1244	6	12	16	23	92	
1245	16	18	22	52	55	55	57	59	60	92	
1246	17	48	52	53	55	56	59	
1247	43	46	46	48	48	49	53	54	63	
1248	66	
1250	102	
1264	82	
1271	85	
1277	13	
1278	7	8	10	16	83	88	101	
1279	12	13	61	82	85	87	92	95	100	
1280	16	18	18	20	51	52	55	56	57	58	59	61	
1281	47	48	51	52	54	56	
1282	45	46	49	55	
1283	49	
1284	52	
1285	49	
1286	102	
1290	5	
1309	19	
1310	67	
1312	8	11	94	
1313	6	10	11	13	13	14	15	17	83	84	98	
1314	15	17	19	55	56	58	58	60	62	87	92	97	
1315	18	50	51	52	53	54	57	
1316	45	46	47	50	51	
1317	46	48	48	54	
1337	24	
1338	20	
1341	86	
1347	4	7	10	11	13	93	96	
1348	7	11	14	15	19	21	33	62	82	85	87	92	95	
1349	17	19	20	51	51	52	54	55	56	57	59	62	
1350	18	45	46	47	48	49	50	51	53	60	
1351	47	49	54	60	
1355	57	
1373	21	
1378	25	27	
1381	10	18	
1382	6	8	10	10	11	13	14	15	82	85	
1383	13	16	16	18	18	19	21	53	55	56	57	58	59	61	82	93	
1384	22	48	50	51	51	53	54	57	
1385	44	46	49	50	53	54	
1394	3	
1403	50	63	
1407	89	
1410	27	
1411	22	48	
1415	14	
1416	7	9	11	12	14	15	19	95	
1417	13	15	16	17	20	24	55	56	57	58	59	61	82	86	89	100	
1418	17	18	50	51	52	54	55	56	
1419	46	48	49	51	
1420	48	62	
1429	50	
1435	47	
1442	46	
1443	47	
1445	91	
1449	13	16	
1450	4	6	8	10	11	13	15	
1451	11	12	17	20	55	56	57	59	61	81	84	
1452	17	18	21	23	53	53	54	56	59	
1453	48	49	51	55	
1454	48	
1457	55	
1468	22	
1469	47	
1470	44	46	51	61	
1471	48	
1473	45	
1475	16	
1476	17	20	32	43	46	48	57	60	
1477	47	50	53	
1478	49	54	
1481	64	
1484	7	8	10	14	16	20	27	98	
1485	6	12	15	17	18	20	53	58	60	63	86	
1486	17	20	23	47	50	51	53	54	57	59	
1487	45	46	48	49	52	
1488	49	
1491	72	
1501	16	
1502	17	18	20	36	57	58	61	
1503	19	20	24	53	56	57	
1504	44	46	47	49	50	75	
1505	47	48	51	
1507	40	
1508	8	10	13	28	42	
1509	6	16	18	19	20	57	58	
1510	17	18	19	20	23	24	26	47	52	55	57	59	62	64	72	
1511	22	45	48	48	49	50	52	54	58	
1512	50	
1518	10	13	14	17	
1519	8	15	16	18	19	20	26	57	59	60	84	99	
1520	20	22	47	52	53	53	54	56	58	61	
1521	48	48	49	51	54	
1522	59	
1526	58	101	
1530	70	
1534	16	
1535	10	16	29	
1536	8	12	13	14	15	16	18	19	57	62	
1537	16	17	18	18	19	20	21	24	48	52	53	55	56	57	58	59	61	
1538	21	23	25	45	46	47	48	49	50	51	52	54	55	57	59	
1539	44	47	49	63	
1540	50	
1541	18	
1542	7	8	10	13	14	16	19	75	
1543	13	15	16	17	17	19	20	22	24	58	59	61	70	
1544	17	18	21	22	23	27	48	51	52	54	55	57	59	61	
1545	49	50	51	53	55	64	
1546	49	54	
1551	10	
1552	8	10	12	13	14	
1553	15	16	18	18	20	23	54	56	57	61	
1554	17	48	51	52	53	53	54	56	58	59	
1555	45	46	49	50	51	
1558	27	
1560	69	
1569	7	9	11	12	14	16	18	18	21	23	27	
1570	5	6	10	11	13	14	15	16	17	19	19	21	26	57	60	62	
1571	17	18	20	20	22	23	23	25	26	52	55	55	56	57	58	58	59	61	
1572	22	47	48	49	50	51	52	53	53	54	55	56	59	65	
1573	49	54	
1574	45	48	
1575	10	14	40	71	
1576	7	10	11	12	14	15	16	18	18	19	21	26	
1577	5	13	17	19	20	21	24	53	56	57	60	62	
1578	18	22	23	50	51	52	54	55	60	92	
1579	48	51	53	55	58	97	
1580	52	
1582	64	
1586	7	9	11	13	15	16	18	
1587	8	12	14	15	16	17	19	20	26	56	57	59	60	62	70	
1588	18	20	21	22	46	47	48	50	50	51	52	54	55	56	58	60	
1589	46	49	51	58	
1590	52	
1602	9	12	12	14	19	
1603	6	8	10	11	13	13	14	16	17	18	19	21	42	
1604	11	13	15	16	17	18	19	20	21	23	58	63	
1605	21	22	48	52	55	56	57	59	60	62	
1606	45	46	47	48	49	50	51	53	53	54	55	91	
1607	39	48	48	
1608	6	10	14	
1609	9	11	13	15	16	18	18	19	21	23	40	71	
1610	3	6	10	12	14	15	16	17	19	20	21	24	56	57	
1611	20	21	22	23	25	47	51	52	52	55	57	60	75	
1612	48	48	50	51	53	54	87	88	89	90	91	95	99	
1613	46	54	85	87	90	95	
1618	15	
1619	14	21	25	
1620	8	9	11	12	13	14	16	17	19	20	
1621	12	18	18	19	20	22	24	26	56	57	57	60	61	72	
1622	22	50	51	51	52	55	56	59	
1623	48	49	52	
1627	71	
1629	2	
1635	9	23	
1636	9	11	12	14	15	17	
1637	7	11	12	13	14	15	16	16	17	18	18	19	20	24	72	
1638	17	18	20	20	22	23	23	25	57	57	59	61	
1639	22	33	51	52	52	53	53	54	55	56	57	58	59	60	
1640	45	47	48	49	50	50	52	54	60	86	
1641	39	43	45	47	49	50	72	
1642	7	11	14	15	19	29	41	45	46	48	71	
1643	4	7	11	12	14	15	16	17	18	18	19	21	23	25	58	70	
1644	19	20	21	22	24	56	57	59	61	
1645	3	16	22	23	25	47	51	52	53	54	55	61	
1646	46	48	49	50	52	53	55	82	84	85	86	89	92	93	99	
1647	36	65	84	86	
1649	46	
1650	16	40	48	
1651	16	40	48	
1652	17	43	47	
1653	9	11	14	16	18	19	24	46	69	
1654	7	10	11	13	14	15	16	17	19	20	22	23	26	45	56	57	
1655	20	21	22	24	27	52	53	55	56	58	58	61	
1656	22	49	51	52	54	54	91	97	
1657	51	58	63	90	97	
1662	12	
1669	9	14	
1670	7	9	11	12	13	13	14	15	17	20	23	
1671	12	15	16	17	18	20	24	91	93	98	
1672	22	62	92	93	96	98	
1673	52	55	58	59	61	92	95	98	
1674	18	29	52	53	55	63	
1675	10	24	45	50	71	
1676	9	12	14	15	20	21	24	26	71	
1677	12	21	23	24	25	
1678	24	33	53	54	55	56	57	60	62	91	92	97	
1679	50	51	52	53	54	55	57	59	65	
1680	45	46	47	48	49	51	57	80	83	85	
1681	45	46	48	56	84	
1682	45	47	49	57	
1683	18	18	41	47	70	
1684	21	46	51	55	63	71	
1685	16	22	42	44	47	49	66	
1686	9	12	14	16	18	19	21	25	40	47	
1687	9	11	13	13	15	16	18	19	20	22	24	26	57	
1688	15	20	21	22	23	24	26	57	58	62	75	
1689	22	51	53	54	55	56	59	91	93	
1690	51	55	63	85	86	88	88	90	92	93	
1691	85	89	
1703	10	
1704	5	7	9	11	13	14	21	
1705	9	12	83	87	90	92	96	
1706	8	10	13	76	82	83	85	85	86	87	88	89	90	92	94	96	
1707	15	73	82	84	85	86	87	88	88	89	90	91	94	95	97	
1708	17	88	93	97	
1709	24	
1710	5	93	
1711	88	90	91	92	96	
1712	58	82	83	85	86	87	89	90	91	94	98	100	
1713	17	19	33	54	55	57	59	61	63	87	89	92	96	
1714	51	52	53	55	57	60	
1715	19	29	41	43	45	49	51	56	59	69	
1716	19	22	41	45	48	50	52	59	70	73	
1717	16	19	22	23	27	45	50	59	71	
1718	15	18	19	21	24	29	64	91	
1719	11	14	18	19	21	23	45	69	
1720	8	10	12	13	15	18	19	20	22	24	26	74	90	
1721	15	21	22	23	24	53	56	57	58	61	75	
1722	23	51	53	54	55	56	59	92	
1723	50	54	86	87	89	90	91	95	98	
1724	53	80	82	83	85	86	89	98	
1725	86	92	
1737	12	
1738	13	87	
1739	82	84	86	90	
1740	9	14	79	80	82	84	85	89	95	99	
1741	6	9	11	15	16	80	81	82	83	84	85	88	89	91	93	101	
1742	9	13	82	86	87	89	90	92	94	97	103	
1743	82	86	87	88	89	90	91	92	93	95	99	
1744	85	86	87	90	91	93	94	97	99	
1745	82	84	85	86	87	88	89	91	93	96	98	
1746	9	11	14	80	81	83	83	85	86	88	90	92	94	
1747	7	15	81	84	86	87	90	91	94	96	
1748	17	92	97	
1749	17	24	62	63	
1750	24	
1751	22	24	
1752	15	23	24	
1753	23	23	24	
1754	91	93	98	
1755	25	62	87	91	92	95	97	
1756	53	54	87	88	89	90	91	92	93	94	97	101	
1757	54	80	82	83	84	86	87	89	91	96	
1758	82	84	89	
1765	98	99	99	100	
1773	85	100	
1774	81	89	94	
1775	82	84	86	99	
1776	81	82	84	85	87	89	92	
1777	81	82	83	83	84	85	87	89	95	99	
1778	80	81	82	83	83	84	85	86	88	91	
1779	81	82	83	84	86	89	
1780	4	6	10	80	82	85	90	
1781	10	15	81	83	83	85	90	96	
1782	6	10	12	13	82	85	86	89	91	93	
1783	83	86	87	91	93	93	95	
1784	87	91	92	95	
1785	12	88	90	91	94	97	
1786	87	89	90	92	94	95	
1787	87	88	90	91	92	94	96	
1788	87	89	90	91	93	95	
1789	81	82	83	85	86	87	88	89	90	91	93	96	100	
1790	81	81	82	84	84	85	87	89	92	94	102	
1791	35	80	82	84	86	90	96	
1792	103	
1807	100	
1810	81	84	91	
1811	80	85	94	
1812	81	84	88	98	
1813	83	85	
1815	90	
1816	9	82	83	85	88	93	
1817	15	80	81	84	85	89	
1818	82	83	84	85	87	88	90	95	99	
1819	81	82	84	85	86	88	89	93	
1820	82	86	88	88	90	94	100	
1821	81	81	82	83	84	84	85	87	89	92	93	
1822	80	82	84	85	87	88	90	98	100	
1823	80	81	83	84	85	88	
1824	80	82	83	85	90	102	
1845	84	
1846	90	
1847	103	
1848	13	
1849	13	91	
1850	84	
1851	83	90	97	
1852	81	84	89	
1853	81	85	93	98	
1854	81	83	85	
1855	80	82	84	101	
1856	80	83	86	89	95	
1868	87	
1876	99	
1885	85	
1886	83	88	
1887	86	
1890	38	85	
1891	16	
1898	5	83	
1906	54	
1925	92	100	
1947	85	
1956	94	
1961	82	
1962	86	
1977	55	
1980	24	40	
1983	16	77	
1995	82	
1999	88	
2001	69	
2012	40	
2016	104	
2028	101	
2031	84	
2033	101	
2046	52	
2087	4	
2093	16	
2109	91	
2130	42	
2150	35	
2158	17	
2181	11	19	
2204	88	
2223	7	
2227	19	
2239	4	
