80	49	
145	34	
181	24	
194	88	91	96	
195	87	91	96	
196	17	
225	56	
226	37	47	52	
227	46	82	
228	7	8	46	82	84	86	90	94	
229	12	15	82	85	87	89	91	93	96	100	
230	16	17	87	90	93	96	
231	17	
247	88	90	91	96	
248	87	91	
253	4	
259	56	61	
260	50	52	53	55	56	57	59	62	
261	45	47	50	51	54	59	
262	42	43	45	46	47	48	49	84	
263	6	10	11	13	80	81	84	86	101	
264	8	11	12	14	18	82	84	87	88	91	
265	16	17	20	
278	57	
279	52	
280	87	90	92	96	
281	82	83	84	86	87	89	90	92	94	97	100	
282	9	13	14	81	82	85	86	87	89	90	93	96	98	
283	82	85	87	90	92	94	
284	17	18	
294	53	57	
295	50	51	52	54	55	58	60	
296	43	46	47	48	49	50	51	
297	9	13	44	
298	3	7	11	12	13	14	15	18	80	83	84	87	89	99	
299	16	17	19	20	91	97	
300	18	
311	56	58	
312	51	52	57	
313	47	48	50	52	54	91	96	
314	49	80	82	84	85	87	88	90	93	95	100	
315	4	8	78	79	80	81	83	84	86	88	
316	5	9	10	12	13	15	16	17	18	19	44	66	70	79	80	81	83	85	99	
317	8	11	12	14	15	15	16	17	18	19	20	27	71	80	81	84	
318	12	17	20	22	
328	58	
329	48	51	52	53	55	55	56	59	63	
330	46	47	49	49	50	58	
331	5	43	45	46	48	
332	5	6	8	10	11	12	13	14	15	81	
333	15	16	16	17	18	19	21	24	26	
344	58	
345	53	57	
346	47	48	50	51	52	53	54	55	59	
347	45	47	49	50	51	54	85	87	89	92	94	
348	9	13	45	67	79	81	82	83	85	87	88	91	99	
349	6	8	11	12	13	14	15	16	19	65	70	79	
350	4	9	12	13	15	16	17	18	19	20	20	21	23	28	32	44	70	
351	15	18	21	22	24	
352	23	
362	57	
363	51	52	53	55	55	56	57	58	61	
364	48	49	50	51	
365	9	49	66	92	
366	5	6	7	10	11	12	13	14	14	15	16	18	24	70	
367	15	16	17	19	20	21	22	
368	23	
378	56	
379	50	52	53	54	55	56	58	59	
380	46	47	48	50	50	51	54	55	
381	45	48	49	81	83	85	88	89	92	95	98	
382	6	8	10	11	13	28	80	85	
383	6	11	12	13	13	14	15	15	16	17	17	19	19	23	25	69	
384	17	18	20	21	22	23	
385	22	
389	93	
390	87	89	91	95	
391	16	
396	56	58	
397	51	52	53	55	60	
398	49	50	87	90	92	94	
399	9	11	14	16	67	81	88	
400	8	10	12	13	15	16	17	19	19	25	71	
401	1	18	21	22	23	24	
412	57	
413	47	51	52	52	53	54	55	58	60	
414	41	45	46	47	48	49	50	51	53	101	
415	8	10	44	48	79	82	83	86	
416	7	11	12	12	13	14	15	18	
417	13	15	15	16	16	17	18	18	19	20	21	23	24	
418	21	22	24	
421	56	59	
422	47	50	54	
423	82	86	88	90	93	97	102	
424	10	12	14	81	82	83	85	86	89	90	93	99	
425	13	16	17	19	85	99	
426	18	
429	56	
430	51	52	59	
431	50	52	53	55	87	91	95	101	
432	68	81	82	84	85	87	89	90	94	98	
433	7	9	11	12	13	14	16	18	
434	15	17	18	20	21	23	25	27	
435	2	22	
446	53	56	57	
447	51	52	52	53	53	54	55	55	56	56	57	59	60	
448	42	46	47	47	48	48	49	50	50	51	54	
449	8	9	13	44	45	68	80	
450	4	7	9	11	12	12	14	15	15	
451	13	16	17	19	21	22	24	92	
452	18	
454	57	
455	51	52	54	56	60	
456	50	51	53	87	91	97	
457	48	82	84	87	88	91	96	
458	6	8	11	12	13	14	15	16	18	20	69	79	80	83	
459	12	15	17	20	20	22	23	27	70	
462	56	
463	52	53	56	59	
464	50	52	54	87	92	97	
465	66	80	82	83	83	86	87	88	89	92	95	101	
466	6	9	11	12	14	16	19	44	68	80	81	84	
467	4	12	13	14	15	15	17	18	19	20	21	24	
468	21	23	24	
480	57	
481	52	54	55	56	57	59	61	
482	47	47	48	49	50	50	53	
483	28	39	43	43	44	45	46	47	49	
484	5	8	9	10	11	12	14	14	24	71	
485	7	11	13	14	20	23	87	89	91	97	
486	16	17	91	
488	55	56	
489	51	52	53	53	54	88	91	97	
490	50	83	83	85	87	88	89	90	92	94	97	
491	8	10	11	13	78	79	81	83	84	86	89	96	
492	11	12	14	15	16	19	20	24	
493	16	18	21	23	
495	58	
496	52	57	
497	52	53	55	87	88	89	91	93	96	
498	81	82	84	86	87	89	92	95	
499	7	9	11	13	14	16	41	67	79	81	84	
500	6	12	14	15	16	17	18	18	19	20	21	23	78	
501	2	21	22	23	25	40	41	42	
502	45	
507	84	85	86	
515	53	55	57	62	
516	51	52	54	55	56	57	59	62	
517	45	47	49	50	50	53	
518	5	8	42	44	45	46	48	70	
519	1	6	10	11	12	14	15	80	81	83	86	88	
520	12	82	86	87	89	90	91	94	97	
521	53	57	87	88	90	91	93	97	
522	52	55	56	62	87	88	89	91	92	94	97	
523	35	38	41	47	51	53	82	85	87	89	91	94	97	
524	8	46	80	81	83	84	85	87	90	95	
525	5	6	9	10	11	14	15	16	81	88	
526	8	12	13	14	15	16	18	19	24	28	
527	17	90	91	95	98	
528	90	91	97	
529	88	90	92	94	96	
530	52	54	82	86	87	90	92	94	97	
531	81	82	84	85	86	89	96	99	
532	8	8	10	12	13	16	28	69	79	81	84	100	
533	11	12	15	16	17	18	18	19	21	70	78	
534	20	21	22	23	25	
535	22	28	
536	28	
550	51	53	54	57	
551	34	48	50	51	54	56	57	59	
552	40	45	46	47	48	49	64	
553	32	36	41	44	45	46	47	
554	8	37	46	57	66	72	79	81	84	85	
555	81	82	84	85	86	89	95	101	
556	42	50	54	58	62	81	82	85	86	88	89	90	103	
557	16	19	39	47	49	53	56	63	67	70	79	80	81	83	85	88	
558	14	17	18	20	40	43	44	46	47	48	48	69	79	80	
559	20	21	26	38	40	43	43	44	46	47	69	
560	1	8	9	12	14	22	28	46	71	81	84	99	
561	9	46	82	83	84	86	89	90	95	
562	38	40	81	82	84	85	86	88	90	93	100	
563	66	81	82	83	85	86	89	99	
564	19	42	66	80	81	83	83	85	88	100	
565	7	8	10	13	17	18	45	47	67	72	78	79	80	83	
566	10	12	14	15	16	17	19	20	21	24	28	78	
567	5	21	22	24	27	
568	23	
585	52	55	63	
586	50	52	53	54	55	57	58	60	
587	32	37	48	49	50	51	54	56	58	59	63	
588	23	43	44	45	46	47	49	51	68	68	79	
589	19	28	37	40	44	46	48	49	59	67	78	79	80	
590	10	14	18	20	21	29	44	45	48	64	70	79	80	83	
591	12	14	20	21	44	58	63	70	79	
592	21	23	23	25	26	51	52	54	55	56	57	59	62	64	
593	22	24	32	45	48	49	50	52	56	58	60	
594	2	4	22	24	34	42	43	44	46	47	49	50	57	61	
595	20	27	38	44	46	48	48	52	57	69	80	
596	18	18	20	22	26	42	43	45	46	48	49	60	69	79	80	
597	10	13	18	20	21	27	43	44	45	69	79	80	84	
598	10	13	15	19	20	21	26	28	45	49	63	71	80	
599	12	15	20	21	22	24	32	71	
600	21	22	23	25	
621	51	53	61	
622	50	55	
623	23	50	
624	25	65	
625	23	24	
626	23	
628	55	63	
629	24	50	65	
630	23	64	74	
631	24	25	65	
632	23	23	
720	98	
1157	73	
1163	26	
1168	9	
1170	52	55	
1172	92	
1175	79	
1203	58	
1210	9	
1213	101	
1218	57	
1237	45	
1258	71	
1259	38	
1261	69	
1268	38	
1276	21	
1277	29	
1278	29	
1284	47	
1298	76	
1301	54	
1303	27	
1310	33	92	
1314	42	48	
1315	29	40	48	
1335	16	
1346	92	
1348	11	20	23	
1349	34	41	58	
1350	18	20	42	45	46	51	
1351	42	45	46	49	61	
1352	48	
1353	7	
1363	7	
1370	46	
1373	91	
1374	57	
1375	6	
1382	9	12	17	25	25	
1383	13	17	19	57	
1384	17	19	22	24	33	43	51	56	59	65	
1385	22	42	44	46	47	49	51	53	58	59	
1386	44	47	50	
1387	56	
1393	2	
1397	36	
1400	17	
1401	20	
1402	18	42	57	
1403	19	27	28	42	45	46	48	48	68	
1404	43	47	68	
1405	46	65	68	
1416	9	12	
1417	10	12	14	20	
1418	12	21	52	56	58	58	60	88	90	96	
1419	18	23	48	51	52	53	57	
1420	42	44	45	46	48	49	50	61	
1421	47	50	
1435	18	
1436	13	16	17	18	20	33	57	61	67	71	
1437	16	17	18	20	21	23	26	33	44	47	48	50	56	57	59	72	
1438	20	22	42	44	45	46	47	48	50	51	53	
1439	23	44	48	49	54	
1441	51	
1450	10	19	
1451	13	14	20	90	
1452	6	8	10	12	13	14	57	80	82	87	91	
1453	16	17	18	20	51	53	55	59	
1454	17	43	45	46	47	48	49	51	55	
1455	47	49	
1456	71	
1468	9	13	
1469	9	11	14	15	16	18	20	67	
1470	13	14	15	16	16	17	18	19	20	22	25	28	29	
1471	20	21	23	23	50	52	53	54	56	58	61	65	
1472	22	24	49	50	51	54	61	88	93	
1473	49	92	97	
1474	56	
1476	27	
1478	46	
1485	86	
1486	3	8	10	11	14	18	19	23	56	58	
1487	12	13	15	16	17	19	20	51	52	53	54	55	56	57	68	80	84	
1488	22	46	46	48	49	50	52	54	
1489	55	
1491	90	
1501	9	
1502	9	11	13	15	16	19	68	
1503	7	9	10	11	12	14	14	16	17	19	21	24	56	58	
1504	13	17	18	19	20	21	24	52	54	
1505	23	49	51	53	58	88	91	98	
1506	52	55	78	82	85	86	89	91	97	100	
1507	82	85	87	88	92	
1509	26	83	
1511	47	
1512	48	
1514	29	
1518	41	
1519	9	14	26	
1520	9	10	11	13	14	16	17	27	56	58	
1521	13	15	16	16	18	20	21	24	26	51	52	53	55	56	61	
1522	23	48	49	50	54	92	
1523	48	55	
1524	33	59	
1535	10	13	
1536	6	9	10	12	13	14	16	19	
1537	7	11	12	15	16	17	19	20	21	25	27	52	56	59	
1538	18	20	21	22	24	46	50	51	53	53	54	58	
1539	49	52	59	81	82	85	87	90	92	94	98	
1540	51	79	81	83	83	87	88	
1541	78	80	85	
1545	17	19	39	47	56	59	
1546	17	20	26	45	46	50	71	
1547	44	46	48	52	62	
1549	62	
1552	14	73	
1553	6	9	15	16	19	67	
1554	5	6	11	12	14	16	17	19	21	56	61	
1555	21	22	23	51	52	53	54	58	
1556	49	54	86	89	91	95	100	
1557	86	
1561	68	69	69	70	
1567	14	70	
1569	9	11	24	
1570	6	9	10	11	13	13	14	18	23	56	57	
1571	5	12	15	16	17	18	19	20	52	53	53	54	56	58	71	74	
1572	22	23	39	44	46	48	49	51	53	54	94	101	
1573	47	49	58	78	80	81	83	86	88	
1574	79	
1576	79	
1577	9	17	
1578	9	12	13	21	25	57	68	
1579	16	17	19	20	25	56	59	
1580	21	22	46	47	49	50	52	53	62	
1581	48	55	
1586	8	8	68	
1587	9	11	13	14	16	18	18	20	26	57	
1588	13	17	19	20	21	25	47	51	53	55	56	63	69	
1589	23	50	51	55	88	92	96	
1590	79	81	83	84	86	89	92	
1594	18	
1596	80	
1602	76	
1603	9	11	17	
1604	4	6	10	10	11	13	14	15	58	
1605	13	15	16	18	19	21	24	48	51	52	53	54	55	56	60	91	
1606	18	40	45	46	48	48	49	51	53	
1607	43	79	84	
1608	45	47	49	60	80	86	
1610	14	
1611	16	21	24	
1612	7	9	11	12	14	15	16	17	19	57	
1613	12	15	17	19	20	22	23	25	48	50	51	52	55	56	59	72	
1614	46	49	51	92	
1615	50	56	
1618	41	
1619	10	13	19	39	
1620	9	11	13	15	16	17	18	20	23	69	
1621	3	12	15	19	20	21	23	27	56	60	72	
1622	22	25	50	51	54	93	97	
1623	51	55	82	86	90	96	102	
1624	58	79	82	87	89	99	
1625	85	
1626	33	48	
1628	18	
1635	35	
1637	19	
1638	4	8	9	10	12	13	15	19	
1639	13	15	21	51	52	53	54	55	56	58	60	83	87	88	89	91	95	100	
1640	16	17	23	45	48	51	52	55	56	61	87	90	92	97	
1641	32	43	44	45	46	47	49	76	
1642	46	
1643	43	
1644	16	24	47	
1645	5	7	10	12	14	16	17	18	25	68	68	
1646	12	15	16	17	18	19	20	21	25	26	56	59	
1647	20	21	22	24	45	46	48	49	50	52	53	54	61	
1648	41	43	46	47	49	53	102	
1649	43	47	86	
1651	20	43	63	66	
1652	9	18	66	
1653	9	11	14	16	18	20	44	
1654	4	11	13	17	21	23	24	61	70	
1655	22	24	51	53	54	57	88	92	
1656	36	37	38	53	82	83	85	87	88	90	97	
1657	43	81	83	86	90	
1661	8	
1671	13	
1672	4	9	13	
1673	7	10	12	13	15	80	81	85	87	89	91	
1674	17	19	35	52	53	54	56	58	58	62	81	82	86	87	88	90	93	97	
1675	34	47	50	52	54	
1676	42	43	44	47	49	59	72	
1677	18	24	42	44	46	49	68	69	
1678	9	11	19	21	28	67	
1679	11	13	14	15	17	18	19	21	24	58	
1680	13	20	21	22	24	27	35	51	52	54	55	56	58	60	73	
1681	22	47	49	50	51	52	53	54	57	59	
1682	36	40	43	43	44	46	47	48	49	80	
1683	13	28	37	43	44	46	47	49	56	59	
1684	21	42	43	45	46	48	49	71	
1685	11	15	17	19	22	27	44	47	69	
1686	9	12	14	15	17	19	20	22	24	44	68	
1687	12	15	22	24	26	
1688	2	22	25	52	53	55	60	98	
1689	53	86	88	89	92	95	99	
1690	80	82	84	87	89	93	
1691	83	83	
1693	91	
1706	9	
1707	4	9	12	13	81	83	101	
1708	6	11	15	16	79	81	84	90	
1709	55	63	87	90	92	95	
1710	17	55	
1711	10	24	64	
1712	9	12	15	22	24	
1713	3	13	21	23	24	92	
1714	87	88	90	91	93	94	96	
1715	52	54	55	83	86	87	88	89	90	92	93	95	97	
1716	51	55	64	93	
1717	50	63	64	
1718	15	24	
1719	10	14	22	23	
1720	22	23	25	53	
1721	51	53	55	73	88	91	93	97	
1722	87	89	90	94	97	
1723	54	81	83	83	85	88	
1724	79	84	
1727	20	20	21	
1732	80	
1741	9	14	
1742	10	81	84	88	96	
1743	7	10	12	15	18	80	81	83	85	89	92	99	
1744	11	13	14	82	86	87	90	92	93	98	
1745	7	87	90	91	95	97	
1746	86	87	88	90	91	92	95	97	
1747	82	86	87	89	91	94	101	
1748	80	82	83	85	85	86	86	87	88	89	98	
1749	8	9	11	15	80	80	81	84	86	90	97	
1750	12	82	85	87	89	90	92	95	
1751	88	89	91	96	
1752	87	89	90	93	96	
1753	86	87	90	91	96	
1754	55	87	89	90	94	98	
1755	54	78	82	85	86	88	89	92	97	
1756	79	81	83	85	88	92	94	
1757	40	78	83	88	96	
1761	98	
1773	64	
1777	10	82	84	88	99	
1778	8	79	80	82	84	87	
1779	80	81	83	84	85	88	88	95	
1780	81	82	84	85	92	96	
1781	79	80	82	84	87	96	99	
1782	78	80	83	86	92	97	99	
1783	4	78	79	83	90	
1784	79	80	82	84	87	89	
1785	80	81	84	86	89	93	100	
1786	82	84	85	88	99	
1787	81	82	84	86	89	100	
1788	80	82	84	87	88	91	95	
1789	79	81	84	87	
1790	80	83	
1812	81	
1813	80	84	
1814	79	82	83	88	
1815	79	82	93	
1817	83	
1818	85	
1819	79	83	93	102	
1820	78	81	84	90	95	
1821	39	79	81	
1822	80	85	
1823	80	86	
1834	82	
1839	101	
1842	29	97	
1846	92	
1850	11	
1852	13	
1853	84	
1856	97	
1867	84	
1878	24	
1888	38	
1907	45	
1912	25	
1913	52	
1922	101	
1942	60	
1948	7	16	
1959	71	
1961	7	
1975	29	
1994	80	
2007	85	
2009	92	
2016	1	
2036	59	
2050	4	12	
2060	39	
2068	28	
2092	76	
2104	85	
2117	38	
2119	7	
2142	87	
2145	96	
2149	103	
2150	35	
2188	7	
2190	6	
