47	53	
48	62	103	
56	91	
57	86	88	89	91	92	95	97	
58	86	87	91	92	95	
59	17	
88	52	56	57	60	
89	48	50	51	54	
90	46	49	83	85	87	88	90	94	98	
91	9	81	82	83	84	85	86	87	89	90	91	93	96	101	
92	7	10	11	12	13	15	18	81	82	83	84	84	86	87	89	90	92	93	96	99	
93	12	16	17	17	18	20	82	85	88	
118	88	
122	53	55	56	56	57	58	60	63	
123	42	46	47	48	50	51	51	52	53	54	54	55	56	58	
124	44	46	47	48	48	49	55	83	85	89	
125	9	10	44	80	81	82	83	84	86	89	93	
126	5	6	8	10	11	11	12	13	14	14	15	16	18	81	82	84	
127	12	16	16	17	19	20	21	22	24	
128	18	22	
137	63	
156	53	55	56	57	57	59	60	62	
157	47	49	50	51	52	53	54	54	55	56	58	58	60	
158	43	44	45	46	46	47	49	49	50	51	54	103	
159	5	8	10	44	46	47	48	
160	4	6	7	9	10	11	11	12	13	14	15	15	16	18	84	94	
161	7	15	16	17	18	19	19	20	22	81	84	96	
162	17	20	22	
183	14	17	
186	93	
190	55	57	57	61	
191	51	51	52	53	54	55	55	56	57	58	58	60	61	
192	45	46	47	48	48	49	50	50	51	53	55	
193	9	13	44	46	49	
194	3	4	7	8	9	10	11	12	14	14	15	19	23	
195	7	13	15	16	16	17	19	19	20	21	24	71	
196	18	22	
217	15	
224	57	
225	52	53	55	55	56	57	57	58	60	61	
226	45	46	48	49	50	51	51	52	53	54	55	
227	9	10	44	47	48	49	
228	5	6	7	10	11	12	13	14	14	15	23	
229	12	13	15	16	16	17	17	19	20	20	21	25	
230	18	22	23	
246	88	92	
247	88	90	92	
248	17	
258	57	58	59	
259	47	51	52	53	53	55	56	57	58	59	61	63	
260	45	47	48	49	50	50	51	54	55	
261	8	9	45	49	50	
262	4	6	7	9	10	10	11	12	13	13	14	15	15	18	19	
263	15	16	17	17	19	20	21	23	24	
264	18	22	
278	59	
279	46	48	53	87	91	
280	83	85	86	89	91	92	94	96	100	
281	7	11	15	18	82	84	85	87	90	95	98	
282	16	17	19	
286	90	91	97	
287	93	
292	53	57	58	60	
293	47	48	50	51	52	53	54	55	56	57	59	62	
294	45	46	48	49	50	51	54	59	84	
295	9	45	46	49	86	89	
296	6	8	10	11	12	13	13	14	14	23	
297	2	11	12	15	16	17	18	18	19	21	
298	17	20	23	
311	56	57	61	
312	48	51	52	53	55	56	56	58	
313	44	46	47	48	49	50	54	98	
314	6	9	11	46	81	82	84	85	87	88	89	95	101	
315	5	8	11	12	13	14	15	15	16	18	19	28	71	80	81	83	83	86	
316	16	17	19	20	
317	56	
318	47	58	
319	46	49	87	91	95	
320	8	11	81	82	83	84	86	87	88	89	90	92	93	95	
321	12	18	82	83	84	85	86	89	90	92	96	
322	16	17	19	
326	56	57	60	63	
327	47	50	51	51	52	53	54	55	56	57	59	62	
328	45	46	47	48	50	50	52	53	55	84	
329	10	46	48	86	
330	4	6	8	9	10	11	12	13	13	14	15	18	
331	6	11	12	12	14	15	16	16	17	20	21	22	24	72	82	
332	17	18	19	21	
345	57	58	62	
346	51	52	52	53	53	54	55	56	58	60	
347	45	47	49	49	50	51	54	
348	7	9	10	11	13	28	43	80	83	
349	5	7	11	12	13	14	15	15	16	17	18	19	20	71	
350	18	20	20	21	23	
351	56	57	58	61	
352	51	52	53	55	56	58	
353	44	46	47	48	49	50	51	54	85	
354	5	8	10	13	43	48	80	81	82	84	85	86	88	90	95	100	
355	7	9	11	12	13	14	15	81	82	84	85	88	88	91	
356	12	16	17	17	18	20	91	93	
357	21	
360	53	56	57	58	62	
361	50	51	52	52	53	54	55	55	56	57	59	60	63	
362	45	47	48	48	49	50	51	52	54	58	
363	3	9	11	44	49	
364	7	9	10	11	12	13	14	15	15	16	17	
365	2	8	12	12	14	15	16	17	17	18	18	19	20	21	23	24	
366	20	21	23	
379	56	57	
380	46	51	52	54	55	55	59	61	
381	46	48	50	51	53	90	92	95	
382	7	9	11	12	13	14	
383	2	13	14	15	16	17	18	18	19	21	24	25	26	
384	22	
385	57	58	60	
386	48	51	52	53	54	55	56	57	58	60	61	
387	45	47	49	50	51	52	54	
388	4	9	11	13	45	48	49	81	84	
389	4	6	8	8	10	11	11	12	13	14	15	17	18	80	82	83	85	98	
390	12	15	16	16	17	18	19	20	21	84	90	
391	17	22	
394	56	57	59	62	
395	50	51	52	53	54	54	55	56	58	58	60	
396	44	45	46	47	48	49	50	51	52	54	56	
397	6	9	45	48	
398	5	6	8	9	10	11	12	12	13	14	14	15	16	19	20	
399	15	15	16	17	18	19	20	20	21	23	24	27	71	
400	21	23	
413	53	56	56	59	61	
414	47	49	50	51	52	54	55	
415	9	48	81	85	88	97	101	
416	5	7	10	11	12	13	14	15	
417	16	17	18	18	20	21	23	
419	56	57	61	
420	47	52	53	54	55	56	57	59	61	
421	47	49	50	50	51	52	53	54	55	59	90	
422	4	9	11	49	
423	3	7	9	10	11	12	14	14	15	71	92	101	
424	7	11	13	14	15	16	17	18	19	21	25	26	82	84	88	92	95	100	
425	16	17	21	
428	56	57	58	61	
429	48	51	52	53	54	55	55	56	57	60	
430	45	46	47	49	50	50	51	52	53	54	104	
431	9	10	45	49	
432	7	8	9	10	11	12	13	14	14	15	18	23	
433	13	16	16	17	17	19	19	20	21	22	24	
446	57	
447	52	53	54	55	56	57	58	60	
448	46	47	48	49	50	51	54	55	64	
449	9	11	14	83	88	89	94	
450	4	6	8	10	12	13	14	14	15	16	17	19	23	
451	18	20	22	24	
452	58	
453	55	56	57	57	60	
454	47	48	49	50	51	52	53	54	55	56	59	62	
455	43	46	49	50	52	54	82	85	88	89	93	93	
456	9	41	46	48	90	94	
457	5	6	8	9	10	12	14	15	23	46	71	83	99	
458	7	11	12	13	14	15	15	16	18	19	20	82	84	87	88	91	95	
459	16	17	18	18	20	22	90	93	
462	56	57	58	59	62	
463	51	51	52	53	54	55	56	59	63	
464	49	49	50	51	52	53	55	
465	7	9	10	49	
466	5	7	10	11	12	13	13	14	15	15	16	17	18	19	20	23	71	
467	12	15	17	18	18	19	20	21	22	24	
468	23	
480	57	
481	52	54	55	56	58	59	
482	46	48	49	50	51	53	
483	9	10	12	13	14	84	
484	2	12	13	14	15	16	16	19	24	
485	18	21	22	
486	58	
487	52	53	54	56	57	59	61	
488	48	49	50	51	52	53	53	54	62	92	95	
489	49	51	55	58	60	82	84	103	
490	16	19	42	44	45	50	56	59	80	83	
491	9	11	15	19	21	24	27	43	45	46	47	48	48	49	50	68	
492	7	10	11	12	14	15	22	82	84	
493	12	17	19	22	82	84	86	88	88	90	91	95	99	
494	17	87	90	92	95	
495	87	91	93	
496	56	57	62	
497	51	52	53	54	55	55	56	58	60	92	
498	49	50	53	87	91	95	103	
499	6	8	9	10	12	13	14	15	16	
500	5	11	12	13	14	15	16	17	17	18	19	19	20	23	24	28	37	37	70	
501	17	20	21	22	24	27	38	
514	57	58	
515	51	52	53	54	55	56	60	
516	8	46	48	50	53	88	90	94	
517	5	6	9	10	11	13	14	85	
518	13	15	16	17	19	21	23	
519	22	
520	56	58	59	
521	51	52	53	55	62	
522	9	48	50	54	86	88	90	96	
523	12	14	63	80	
524	16	17	19	20	24	25	52	53	55	57	58	58	59	61	
525	21	22	23	25	32	47	49	49	50	51	54	56	60	
526	5	9	25	28	42	43	45	45	46	47	48	49	
527	10	12	13	15	44	46	48	48	81	82	83	85	99	
528	10	81	82	83	84	85	87	88	89	91	93	95	99	
529	82	85	86	87	89	90	91	94	97	100	
530	53	56	62	87	91	92	95	
531	51	52	54	55	85	86	87	89	91	92	94	97	
532	9	50	81	83	84	85	87	89	91	94	
533	3	6	8	8	10	11	11	12	13	14	15	16	19	
534	14	15	16	17	18	18	19	20	21	24	73	
535	20	22	23	
548	55	56	57	59	60	
549	46	47	50	51	52	53	54	56	59	
550	9	44	48	50	73	82	85	88	90	94	
551	6	8	10	11	12	13	14	15	18	
552	17	17	18	20	21	25	
553	22	
554	52	55	57	58	61	
555	50	51	52	54	55	90	93	
556	9	82	83	86	88	90	93	95	
557	7	11	13	14	15	16	19	71	
558	17	17	20	21	23	25	27	
559	23	51	53	54	55	57	58	60	62	
560	28	45	50	51	53	54	55	56	57	59	73	
561	31	42	45	46	47	48	48	49	50	51	58	
562	11	40	44	45	47	48	49	80	81	84	88	
563	7	12	42	43	47	56	69	81	81	83	83	84	85	89	101	
564	46	52	81	82	83	83	84	86	88	90	95	99	
565	46	51	54	80	81	82	83	83	84	86	88	89	94	
566	7	9	10	11	13	14	79	81	82	84	86	89	93	99	
567	5	7	11	12	13	14	15	15	16	16	17	18	18	19	20	21	24	26	70	
568	13	17	18	20	20	21	22	23	25	
571	19	20	
582	52	55	56	57	58	60	62	
583	46	47	48	50	51	51	53	54	
584	8	9	45	49	80	85	90	95	
585	7	11	12	13	14	15	15	
586	16	17	18	20	21	22	24	
587	53	56	58	
588	52	54	55	61	87	
589	50	53	82	85	87	88	90	91	95	98	
590	8	10	11	13	15	82	84	87	88	91	
591	1	6	12	14	15	15	16	17	18	19	20	23	69	
592	20	22	
594	54	55	56	58	61	63	
595	50	51	52	53	54	55	56	58	60	
596	5	24	43	45	49	50	52	54	56	57	58	59	62	
597	23	27	42	45	45	49	49	50	52	54	56	56	57	59	61	
598	22	26	29	43	44	45	45	46	47	48	48	49	50	51	52	54	59	69	81	
599	44	46	47	48	49	66	79	80	84	
600	6	8	9	10	11	12	13	14	15	16	20	27	44	71	81	
601	2	3	7	12	13	15	16	16	17	18	19	19	20	21	22	23	26	
602	18	20	21	22	24	
615	57	
616	52	52	55	56	56	58	61	
617	42	46	47	48	49	50	50	51	52	53	54	
618	9	10	11	44	45	46	47	48	49	80	88	
619	2	5	7	12	13	14	14	15	83	87	91	94	
620	17	22	92	95	
621	26	28	56	87	91	93	95	
622	51	54	55	86	87	89	90	92	93	96	
623	9	53	81	83	83	84	85	86	87	89	91	93	98	102	
624	4	6	8	10	11	12	13	13	14	15	16	18	19	71	80	83	
625	12	17	17	18	19	20	21	23	25	
626	21	22	
629	62	
630	55	58	61	76	
631	25	51	52	54	55	56	56	57	59	61	
632	24	46	48	50	51	51	52	53	54	55	
633	8	25	41	44	45	49	49	53	
634	4	7	8	10	11	11	12	13	14	15	16	18	24	68	
635	15	17	18	19	20	21	22	24	27	
636	21	23	
649	57	
650	52	53	54	55	56	56	57	58	59	60	61	
651	45	47	48	50	50	51	52	53	54	54	56	56	58	
652	5	42	43	45	46	47	47	48	49	79	
653	5	8	10	12	13	15	27	46	46	48	71	82	86	
654	46	81	82	83	84	85	87	88	89	90	91	93	95	99	
655	82	83	84	85	86	87	88	88	90	91	94	99	
656	9	80	81	82	83	83	84	85	86	87	88	89	90	95	100	
657	6	9	10	12	13	15	16	17	18	19	44	70	80	82	84	
658	6	11	12	14	15	16	17	18	19	20	20	24	26	
659	18	21	22	23	25	
660	23	
664	58	
665	53	55	56	57	60	62	
666	46	47	50	51	52	54	55	
667	8	10	13	45	48	
668	5	6	11	12	12	14	15	19	25	69	
669	18	18	20	21	22	23	
684	55	58	61	
685	51	52	53	54	55	56	57	59	60	
686	32	49	50	50	51	52	53	54	56	57	
687	3	5	38	44	45	46	47	48	49	50	51	57	59	67	
688	18	19	26	29	40	43	45	46	47	48	48	49	50	67	70	80	81	84	100	
689	9	13	18	19	38	44	45	47	49	67	70	80	81	82	84	85	98	
690	6	9	10	11	13	14	15	16	18	19	20	29	44	70	79	80	
691	12	14	15	17	19	19	20	21	24	43	70	
692	21	22	23	24	
693	23	
698	58	
699	52	53	55	57	59	61	
700	46	47	50	51	
701	9	11	
702	12	13	15	15	16	17	18	19	24	26	
703	17	21	22	
719	52	54	55	63	
720	51	54	55	59	60	
721	25	50	52	54	55	59	61	74	
722	21	24	27	28	48	50	59	
723	9	11	14	19	21	23	24	75	80	
724	12	15	15	19	21	22	23	24	
725	21	22	23	23	25	
733	52	54	55	56	59	61	
734	32	45	49	53	
735	5	11	14	44	49	
736	17	19	24	
756	74	
758	25	
767	62	
769	5	24	
770	25	
1165	97	
1172	68	
1174	10	
1177	42	
1178	46	
1179	43	47	
1180	44	47	
1200	68	
1210	9	
1211	21	
1212	16	18	20	42	58	60	
1213	17	19	22	26	43	45	46	47	52	56	61	68	
1214	22	27	45	46	47	49	50	59	
1215	44	48	49	53	61	
1220	103	
1233	25	
1244	8	
1245	11	13	13	15	16	
1246	15	16	17	18	19	20	26	57	58	70	
1247	17	18	19	20	21	23	24	28	44	47	50	51	52	56	58	59	60	63	
1248	22	44	45	46	46	47	48	49	50	50	52	54	57	
1249	44	47	48	52	
1251	90	
1253	101	
1254	63	
1262	25	
1267	15	
1277	44	
1278	10	15	27	
1279	7	9	10	11	12	14	15	16	20	
1280	8	12	13	14	15	15	16	17	18	20	24	26	57	57	58	62	
1281	16	17	22	23	25	52	53	54	55	55	56	57	58	59	60	63	
1282	45	46	47	48	48	49	50	50	51	54	55	60	
1283	45	46	49	50	
1284	48	
1291	7	
1297	29	
1303	24	
1307	30	
1311	77	
1312	8	10	14	
1313	5	6	8	9	11	12	13	14	
1314	7	11	12	12	13	13	14	15	16	17	18	20	57	58	62	96	
1315	16	17	21	23	51	52	53	55	56	57	59	63	
1316	45	46	47	48	50	51	52	54	55	58	
1317	44	49	51	53	55	58	
1318	48	
1324	95	
1331	42	
1338	19	22	
1339	65	
1347	8	8	10	13	14	
1348	7	10	11	12	13	14	15	17	18	20	22	23	26	83	87	90	93	
1349	15	17	19	20	51	52	52	55	56	56	58	59	61	82	
1350	18	22	45	46	47	47	49	50	51	51	52	53	55	56	60	
1351	45	49	51	55	
1352	51	
1357	3	
1369	66	
1376	99	
1381	9	11	13	16	19	
1382	5	7	9	10	11	12	13	14	15	16	20	58	71	
1383	12	16	17	18	19	20	22	26	52	53	55	56	57	59	60	63	81	100	
1384	22	45	46	47	48	49	49	50	51	52	53	54	54	57	59	
1385	45	46	49	53	55	
1387	76	
1389	62	
1397	35	
1402	21	41	45	47	49	57	
1403	21	25	27	45	46	47	49	70	
1405	27	67	
1406	49	
1407	58	
1408	43	
1409	27	
1414	8	
1415	8	10	13	14	16	21	
1416	5	6	10	11	13	14	15	15	16	18	20	23	23	58	
1417	15	15	17	17	19	19	21	23	52	55	56	56	58	59	60	
1418	46	47	49	50	50	51	53	54	55	56	
1419	43	46	48	49	51	55	56	
1420	48	
1423	73	
1429	35	
1434	11	13	
1435	14	16	18	18	20	27	57	
1436	16	17	18	19	21	25	26	45	48	52	56	58	60	
1437	21	22	44	47	48	49	51	53	58	
1438	44	50	
1441	16	21	41	45	
1442	28	40	45	47	51	69	79	
1443	45	46	48	49	58	58	
1445	47	
1448	10	17	
1449	9	11	13	14	
1450	4	6	8	10	11	12	13	14	15	15	16	18	19	22	23	57	58	70	
1451	16	17	18	18	19	20	21	23	25	26	52	53	54	55	56	57	59	60	72	
1452	46	47	50	51	52	53	54	58	58	
1453	43	45	47	48	49	51	54	
1454	49	
1455	26	
1459	75	
1467	10	15	
1468	9	12	15	19	25	
1469	10	11	13	15	16	19	20	23	57	58	61	
1470	17	20	21	23	48	51	52	55	56	60	
1471	22	45	47	49	50	51	53	58	
1474	11	14	19	
1475	16	18	20	25	42	58	
1476	16	17	20	21	24	43	45	51	53	54	56	58	59	63	64	
1477	22	45	46	47	48	48	49	50	52	
1478	44	46	49	
1481	59	
1482	12	30	
1483	7	9	11	14	16	22	
1484	8	10	11	12	13	14	15	16	18	18	20	21	25	26	
1485	13	17	17	19	20	21	22	52	53	55	56	57	59	60	62	
1486	23	46	47	49	49	50	51	52	54	55	59	61	
1487	45	46	48	49	51	53	
1488	48	59	
1489	53	
1490	87	
1497	14	
1501	22	
1502	7	9	11	15	21	
1503	6	8	10	11	12	13	13	14	15	16	20	56	57	60	
1504	16	17	20	21	25	47	52	54	54	59	
1505	49	51	54	87	90	92	98	
1506	49	64	
1507	11	
1508	6	8	10	12	14	
1509	12	13	14	15	16	18	20	23	57	58	
1510	16	16	17	19	21	24	51	52	54	55	56	57	59	60	63	
1511	23	45	46	47	48	49	50	50	51	53	55	56	61	66	
1512	17	43	48	49	50	54	
1513	53	65	
1516	8	
1517	8	10	11	14	17	19	
1518	5	7	11	12	12	13	14	15	16	17	18	20	58	
1519	16	17	19	20	22	23	23	26	52	52	56	57	58	59	61	
1520	46	47	50	51	52	53	53	54	55	57	59	62	
1521	47	48	49	51	54	
1524	13	
1529	3	
1530	78	
1535	14	
1536	8	9	10	14	20	
1537	7	11	12	15	16	17	19	21	23	53	56	57	60	
1538	18	20	21	47	50	51	54	55	
1539	51	54	63	79	81	83	84	86	88	
1541	2	8	
1542	9	12	14	20	
1543	8	10	11	12	13	14	15	16	17	21	24	
1544	16	17	18	19	20	22	52	54	55	57	59	60	62	
1545	22	43	46	47	49	50	50	51	53	54	55	58	58	
1546	45	47	48	49	51	53	
1547	49	
1549	43	
1550	9	
1551	9	10	11	13	13	14	18	
1552	5	7	10	11	12	14	15	16	18	19	22	23	
1553	16	17	18	19	20	21	52	56	56	58	59	60	62	
1554	46	47	49	50	51	52	53	53	54	55	56	
1555	44	48	48	49	52	81	88	
1557	29	
1560	20	
1566	35	
1569	10	
1570	7	9	11	12	14	15	16	23	58	
1571	5	16	17	18	19	20	25	54	56	59	63	70	
1572	22	45	46	50	52	54	55	58	87	95	100	
1573	49	54	79	83	86	89	93	
1574	85	
1575	40	
1576	8	10	12	14	18	
1577	5	6	10	11	12	13	14	15	16	17	18	21	25	58	
1578	15	16	17	18	19	20	21	22	23	25	52	55	55	56	56	57	58	59	60	72	
1579	50	51	52	53	54	55	56	60	
1580	45	46	47	47	48	49	50	51	53	58	59	
1581	43	46	49	54	
1585	5	7	9	10	12	14	16	20	25	
1586	5	7	11	12	13	13	14	15	16	19	57	58	70	
1587	15	17	18	19	20	22	23	52	53	54	55	56	57	58	60	62	
1588	46	47	49	49	50	51	52	54	55	57	59	90	95	
1589	49	87	88	
1590	28	50	
1598	75	
1602	19	39	
1603	10	13	
1604	8	11	11	13	14	16	20	27	
1605	16	18	19	20	21	24	48	52	55	56	59	63	
1606	48	49	50	54	55	87	89	93	
1607	58	
1608	14	87	95	
1609	19	
1610	8	8	10	12	15	16	18	20	
1611	6	11	12	13	14	15	16	17	19	20	20	22	23	25	70	
1612	18	20	22	23	25	55	58	60	62	
1613	50	51	52	53	53	54	55	56	58	59	61	
1614	41	45	46	47	49	50	52	56	61	64	
1615	29	42	44	46	48	48	61	
1616	51	
1617	84	
1618	8	
1619	4	9	10	12	14	
1620	5	6	11	12	13	14	14	15	16	16	17	19	20	23	24	71	
1621	18	19	20	22	25	47	52	54	55	56	58	60	63	
1622	45	47	49	50	51	53	54	55	59	85	87	88	90	93	95	
1623	50	87	100	
1624	103	
1625	84	
1637	10	13	
1638	5	8	12	14	15	16	19	26	57	59	
1639	17	18	20	21	48	50	51	52	53	54	57	58	61	
1640	45	47	49	51	85	90	94	
1643	10	14	16	
1644	6	8	9	10	11	12	13	14	15	16	19	
1645	12	17	18	20	21	23	25	
1646	71	72	86	87	90	91	92	94	95	
1647	52	55	56	57	58	60	82	87	88	89	90	91	92	94	98	
1648	17	50	51	53	54	56	57	58	60	
1649	43	45	47	48	49	50	51	53	56	
1650	43	45	46	47	49	51	53	
1651	26	39	45	46	47	48	
1652	9	27	47	
1653	5	6	8	10	11	14	15	17	18	70	
1654	7	12	13	15	16	17	19	20	21	23	23	56	57	61	71	
1655	21	22	46	47	50	51	52	53	54	55	56	62	
1656	49	51	53	55	57	60	81	84	85	87	89	91	98	
1657	84	95	
1658	54	71	101	
1670	8	
1671	9	11	15	16	19	29	51	
1672	5	7	11	12	13	14	15	16	17	19	56	56	58	59	69	
1673	17	18	23	36	46	47	50	51	53	55	
1674	48	50	82	84	88	96	
1675	65	
1677	9	10	14	16	19	
1678	6	11	12	15	16	17	20	22	25	27	
1679	3	22	47	50	58	
1680	81	82	83	84	85	86	88	90	94	98	
1681	6	8	10	12	14	80	81	81	82	83	84	85	87	89	90	92	94	
1682	18	18	55	62	82	86	87	89	90	91	93	95	
1683	16	33	51	53	53	55	58	58	60	93	
1684	25	30	50	51	52	55	56	59	62	64	
1685	22	38	40	44	45	49	50	52	56	58	70	
1686	9	14	22	45	47	48	50	69	
1687	10	11	12	14	15	16	18	19	20	22	23	28	44	56	57	69	
1688	13	15	19	20	22	24	25	26	53	55	57	58	60	
1689	23	46	48	49	50	52	54	55	88	92	
1690	51	53	80	83	83	85	87	90	97	
1691	87	88	
1692	98	
1697	59	
1701	29	
1702	83	
1703	18	
1704	9	
1705	6	9	10	13	14	18	19	
1706	7	13	16	17	19	20	23	23	52	52	55	57	58	60	71	
1707	22	46	47	49	50	51	53	
1708	49	81	88	88	95	
1709	99	
1710	9	19	
1711	5	6	9	11	12	13	14	16	18	20	23	
1712	17	18	19	20	23	26	53	55	57	58	61	70	
1713	22	45	46	49	50	51	54	
1714	49	78	80	82	85	88	
1715	6	10	80	82	84	
1716	9	11	13	15	81	82	83	85	86	89	98	
1717	13	16	82	84	86	88	91	94	
1718	16	18	54	87	92	
1719	24	
1720	11	14	20	25	
1721	12	15	20	21	23	23	25	53	56	57	58	59	
1722	22	47	48	52	53	54	54	55	57	59	
1723	46	49	51	53	54	55	63	87	89	91	98	99	
1724	49	59	80	86	91	
1727	21	21	22	
1738	8	11	13	21	
1739	6	10	12	13	14	16	18	21	58	
1740	13	17	18	19	21	23	26	52	55	55	56	59	71	
1741	22	43	45	46	47	49	50	51	53	54	59	
1742	45	48	53	
1743	49	
1744	10	11	14	17	18	71	
1745	8	11	12	14	14	16	17	19	20	25	56	58	62	
1746	18	21	23	51	52	53	54	55	56	
1747	48	50	85	87	89	92	94	
1748	88	92	98	100	
1749	29	100	
1750	5	9	80	83	94	
1751	6	10	13	13	81	83	84	85	93	101	
1752	8	11	14	82	83	84	85	86	89	90	93	96	99	
1753	9	13	85	86	88	89	90	91	93	95	
1754	11	15	45	58	88	90	91	94	
1755	16	25	53	57	58	61	87	92	
1756	47	49	50	51	52	53	54	55	58	59	63	93	
1757	48	50	81	84	86	89	91	96	
1758	54	82	83	91	98	
1759	86	104	
1772	9	19	
1773	7	10	11	12	13	14	15	18	20	26	57	
1774	16	17	19	20	22	23	34	52	52	54	55	56	57	58	59	
1775	22	43	45	47	48	49	50	51	52	53	54	56	58	61	63	
1776	42	45	46	48	49	50	54	67	72	
1777	10	15	21	28	45	47	
1778	7	10	11	13	14	15	16	18	18	20	23	44	71	
1779	5	13	17	20	21	23	23	25	26	52	53	55	57	58	60	63	
1780	22	25	50	51	53	54	59	88	90	91	96	
1781	81	83	87	90	
1782	81	
1785	88	101	
1786	83	84	88	93	
1787	12	15	80	81	82	84	85	88	90	95	98	
1788	8	8	9	10	12	14	82	85	86	89	93	98	
1789	13	15	16	18	19	53	56	58	60	69	81	82	83	85	90	100	
1790	18	48	51	52	53	55	58	82	86	88	90	93	96	101	
1791	51	54	79	81	83	86	88	97	
1792	47	
1795	77	
1806	10	14	
1807	5	6	8	9	10	11	11	12	13	14	19	
1808	13	15	16	20	23	35	52	55	61	91	97	
1809	17	18	22	51	53	54	58	58	60	
1810	23	51	
1811	10	15	20	23	27	33	45	50	65	72	
1812	13	21	24	57	58	80	
1813	22	52	54	55	61	91	92	95	
1814	54	85	86	87	89	90	94	99	
1815	81	84	88	91	
1816	89	
1817	69	
1818	82	
1819	99	
1820	88	
1821	40	85	
1822	5	7	10	11	12	13	15	16	82	83	85	93	
1823	16	17	19	20	53	53	59	81	101	
1824	51	55	80	81	84	85	87	90	92	
1825	53	84	90	94	
1836	79	
1838	89	
1840	15	22	
1841	7	9	11	13	15	25	
1842	7	10	12	14	15	81	83	83	85	87	88	90	94	
1843	13	15	82	85	86	87	89	90	91	92	94	97	97	
1844	87	91	92	98	
1845	55	91	92	97	
1846	54	87	88	90	91	92	94	96	
1847	54	83	85	86	87	88	89	91	95	98	
1848	79	81	82	83	85	87	88	90	95	98	
1849	6	84	104	
1852	91	
1853	90	
1855	14	86	
1856	4	6	8	12	15	18	57	62	
1857	20	21	23	51	53	55	63	
1858	51	53	81	84	86	89	100	
1859	83	89	
1860	87	98	
1873	46	
1875	11	
1876	5	9	12	15	81	84	95	
1877	8	12	80	81	82	83	84	86	89	91	96	101	
1878	81	82	83	85	86	87	88	89	91	94	
1879	82	82	82	85	86	87	89	89	90	92	94	100	
1880	81	82	84	85	86	89	94	100	
1881	79	81	84	86	90	93	
1882	81	84	
1883	4	5	
1884	30	
1889	11	14	
1890	8	15	
1891	53	55	88	91	95	
1892	82	84	88	90	94	
1893	85	
1897	27	
1911	80	81	83	
1912	80	81	85	90	
1913	79	81	82	83	84	88	89	95	99	
1914	79	80	82	83	86	88	95	
1915	81	84	90	
1923	9	
1925	82	84	87	93	94	101	
1926	83	86	
1932	57	
1940	57	
1945	96	
1946	84	
1947	83	
1959	59	84	
1960	68	
1961	84	
1973	77	
1979	62	
1981	92	
1984	3	20	
1988	2	
1990	4	
1993	85	92	
2002	101	
2008	51	55	
2014	89	
2015	14	
2044	19	
2059	94	
2078	6	
2080	39	
2100	44	
2113	32	
2115	14	
2117	37	
2135	44	
2137	21	
2187	10	
2204	100	
2217	13	
2261	3	
2292	2	
