50	77	
89	91	
90	87	92	
91	87	91	93	
92	87	91	
123	82	85	87	90	92	95	
124	80	82	83	84	85	86	88	88	89	90	92	94	97	
125	7	13	81	82	83	84	85	86	87	88	89	91	92	95	
126	17	82	83	85	86	87	89	90	92	94	
127	16	18	
152	92	
154	56	58	
155	48	50	51	53	56	
156	41	44	49	
157	79	80	85	
158	6	79	80	82	84	86	89	91	98	101	
159	6	8	10	13	77	79	80	80	81	83	84	86	89	90	95	99	
160	7	10	11	12	14	15	16	17	19	80	81	82	84	85	87	90	100	
161	16	17	18	19	20	
184	93	
185	91	
188	53	56	57	
189	34	36	43	47	48	49	50	51	52	54	55	56	59	
190	42	44	45	46	48	49	49	51	53	
191	44	79	83	97	101	
192	78	79	81	83	91	
193	8	8	9	10	11	14	16	68	79	80	88	88	
194	7	10	11	12	13	14	15	15	16	17	19	79	82	
195	16	16	17	18	19	20	20	21	23	26	
218	82	85	86	87	90	91	97	
219	81	83	86	87	88	90	91	92	93	97	
220	82	86	87	89	90	92	
221	17	
222	53	55	56	57	
223	48	49	50	51	52	52	53	54	55	57	59	
224	41	44	45	46	47	48	49	49	50	51	54	56	
225	43	44	50	88	
226	92	
227	4	6	8	9	10	11	14	14	18	
228	4	6	7	12	13	13	14	15	15	16	16	18	20	24	68	80	
229	16	17	17	18	19	20	20	21	22	23	69	
249	56	58	
250	46	
251	48	97	
252	80	82	83	83	85	86	88	89	91	94	
253	10	13	80	81	82	84	85	86	87	89	90	92	95	
254	8	12	15	16	17	80	81	83	83	85	88	89	90	93	96	98	
255	16	17	18	19	88	
256	52	55	57	
257	34	47	48	50	51	51	52	53	53	54	55	55	56	57	59	
258	34	39	44	45	46	47	49	50	50	52	54	
259	43	45	47	48	77	83	86	93	101	
260	86	88	
261	6	8	9	10	11	14	66	
262	7	10	11	12	12	13	14	15	15	16	17	18	19	20	22	24	
263	2	15	17	17	18	19	20	21	22	24	
264	22	
282	58	
283	52	53	56	57	
284	36	42	46	47	49	50	51	54	
285	43	44	46	48	
286	78	79	81	83	85	102	
287	7	9	10	11	13	78	78	79	80	82	83	86	
288	7	10	11	12	13	14	15	16	17	18	19	79	80	82	84	
289	17	18	18	20	21	81	83	87	97	
290	51	53	55	57	59	
291	43	46	47	49	50	51	51	52	53	54	55	59	
292	40	45	46	48	48	49	50	53	94	
293	44	46	82	86	90	93	
295	9	10	11	13	14	66	
296	3	5	6	8	11	12	12	13	14	14	15	16	18	19	
297	16	17	18	18	19	20	21	22	25	
298	23	
311	92	
312	86	87	90	91	93	96	
313	86	88	89	90	92	97	
314	17	92	
317	51	52	53	53	54	55	56	57	58	
318	42	45	46	47	48	49	50	50	51	52	53	54	56	62	
319	41	44	45	46	48	48	50	54	86	91	94	
320	44	82	88	91	96	99	
321	4	7	9	10	11	14	79	
322	7	10	11	12	13	13	14	15	16	17	18	20	79	81	86	88	
323	12	16	17	17	18	19	20	22	27	80	
324	17	22	51	52	53	54	55	56	57	
325	36	43	46	47	48	49	50	50	51	52	54	55	59	
326	42	44	45	46	47	49	50	51	55	59	86	91	
327	46	
329	5	6	9	10	14	67	
330	3	6	8	10	11	12	12	13	14	14	15	15	16	17	18	19	24	
331	13	16	16	17	18	19	20	21	21	22	24	27	
342	57	
345	82	85	87	89	92	96	
346	80	81	82	84	85	86	87	88	88	89	90	93	96	
347	10	79	80	81	82	84	85	86	87	89	90	92	93	96	
348	16	82	83	85	88	91	
349	17	18	
350	56	
351	36	51	52	53	54	55	57	59	
352	45	46	47	48	48	49	50	51	52	53	54	54	56	60	
353	44	45	46	49	50	53	85	88	90	96	
354	41	44	77	87	92	
355	9	10	14	18	66	
356	3	7	9	10	11	12	13	14	15	15	19	66	
357	13	15	15	16	17	17	18	18	19	20	20	21	23	27	69	
358	21	22	52	52	55	56	57	
359	41	46	47	48	48	49	50	51	53	54	55	56	59	
360	41	44	45	47	48	49	52	53	59	87	90	96	98	
361	39	78	78	84	89	94	
362	14	87	
363	8	9	10	11	13	14	18	26	68	
364	2	7	11	12	12	14	14	15	15	16	17	17	18	19	20	24	
365	16	17	18	20	21	21	22	23	
376	57	
377	46	47	50	52	55	
378	45	47	49	51	
379	80	82	84	86	89	92	95	
380	10	78	78	80	81	82	83	84	86	89	91	101	
381	7	8	10	11	12	14	15	66	77	79	80	80	82	83	86	88	
382	12	13	14	15	16	16	17	18	19	69	79	80	85	91	
383	17	17	20	22	
384	56	
385	47	48	51	52	53	53	54	55	57	59	
386	41	45	47	49	50	51	52	54	
387	44	48	50	79	82	84	87	92	95	
388	78	83	83	88	90	
389	7	9	10	11	14	66	
390	3	5	6	8	10	11	12	13	14	14	15	15	16	16	18	18	19	24	67	
391	13	16	17	17	18	19	19	20	21	22	24	27	57	
392	22	51	52	55	56	60	
393	41	44	46	47	48	49	50	51	52	53	53	54	59	
394	43	45	46	48	49	52	82	86	95	
395	44	83	86	88	94	
396	11	
397	5	8	9	10	11	13	13	14	15	16	20	65	67	
398	11	12	15	15	16	16	17	18	19	19	20	21	22	23	25	26	
399	18	20	21	22	24	
410	51	53	55	57	61	
411	35	41	46	47	47	49	50	51	51	54	55	56	
412	41	43	45	46	47	48	49	50	51	53	58	
413	45	77	78	80	83	83	86	89	
414	7	9	79	82	83	87	
415	7	8	9	10	11	12	13	14	15	16	18	78	
416	11	12	13	14	15	15	16	17	18	19	20	21	25	69	
417	17	18	20	21	22	
418	52	53	54	56	58	
419	47	48	50	51	51	52	54	54	55	
420	43	44	45	46	47	49	49	50	51	54	92	96	
421	45	53	78	82	85	88	91	
423	8	9	10	11	14	14	15	66	91	
424	1	4	6	8	11	12	13	14	14	15	15	16	16	18	18	19	23	
425	17	17	18	19	20	21	22	23	52	57	
426	47	49	50	51	52	53	54	55	56	58	
427	40	43	44	45	46	47	48	49	50	52	53	55	
428	44	46	48	81	87	90	93	
429	79	88	91	
430	8	10	15	
431	5	7	9	10	11	12	13	13	14	15	16	18	18	67	
432	7	11	12	15	16	17	17	18	19	19	20	21	24	
433	18	21	22	23	
443	58	
444	52	53	54	54	55	56	56	58	
445	34	43	46	46	47	48	50	50	51	52	53	54	54	
446	40	42	44	45	46	47	48	49	50	55	
447	44	48	78	99	
448	9	28	80	101	
449	5	7	9	10	11	12	14	14	19	92	99	
450	8	11	12	13	14	15	15	16	17	18	19	21	25	68	82	84	89	93	
451	17	19	21	22	58	93	
452	51	52	53	54	55	56	57	
453	35	41	46	47	49	50	51	52	53	53	54	55	56	60	
454	40	44	45	47	48	49	50	54	82	86	88	92	
455	44	77	79	82	86	92	96	102	
456	79	85	
457	4	7	9	10	11	12	14	15	
458	6	8	11	12	13	14	15	15	16	16	18	18	19	19	20	22	23	25	69	
459	1	17	20	21	22	24	52	56	58	
460	34	47	48	50	51	52	53	54	55	56	58	
461	43	44	45	46	47	48	49	50	53	55	92	98	
462	45	49	82	87	90	96	
463	10	86	
464	5	9	10	11	14	16	19	65	
465	4	6	7	9	10	11	12	13	14	14	15	16	17	17	18	19	68	68	
466	13	15	16	16	17	18	19	20	20	21	22	23	23	25	
467	21	22	
478	52	53	55	57	58	
479	34	43	46	47	48	50	50	51	51	52	54	54	55	56	59	62	
480	39	41	43	44	45	45	46	47	49	49	50	50	52	54	58	
481	40	44	45	46	49	
483	5	8	8	9	10	11	13	14	15	
484	7	11	12	13	14	15	15	16	19	25	83	85	87	88	90	98	
485	13	16	16	17	18	20	22	57	85	87	89	91	
486	47	51	52	53	54	54	56	
487	43	45	47	49	49	50	51	53	54	55	59	
488	45	48	50	78	81	84	87	88	91	96	100	
489	49	80	83	85	88	
490	11	
491	5	6	8	9	10	11	12	14	15	64	68	
492	4	7	10	12	12	13	14	15	15	16	17	18	19	19	21	24	25	27	
493	17	18	21	21	22	52	55	56	
494	47	49	50	50	51	52	53	54	55	59	
495	45	46	48	48	49	50	54	82	84	86	88	88	90	92	97	
496	45	78	78	82	85	87	89	91	93	97	
497	10	
498	6	8	9	10	11	13	14	14	18	20	65	
499	7	10	11	12	13	15	15	16	17	18	18	19	20	20	22	23	24	69	
500	17	18	19	20	21	21	22	23	25	27	68	
501	39	39	42	
512	52	53	55	56	58	
513	47	48	49	50	51	52	52	54	54	55	56	57	60	
514	40	42	43	44	45	46	46	47	48	48	49	49	50	54	
515	33	37	39	41	44	45	46	47	48	49	
516	44	69	
517	5	6	9	10	13	15	
518	7	9	11	12	14	15	15	17	19	81	84	87	90	94	
519	7	12	13	15	16	17	19	22	53	56	58	80	81	82	84	85	87	88	90	91	93	94	99	
520	48	50	50	51	52	54	55	83	85	87	88	89	90	91	92	94	98	
521	47	49	50	54	82	83	85	86	87	88	88	89	91	92	95	98	
522	45	51	55	60	77	81	83	83	85	87	88	91	94	
523	49	79	
525	3	7	8	9	10	11	13	14	15	68	
526	4	7	11	12	13	14	14	15	16	17	18	19	21	24	58	
527	20	21	22	51	52	53	54	55	57	83	88	89	91	
528	47	49	50	51	54	55	56	82	87	90	92	94	
529	44	49	51	53	79	81	82	85	86	90	92	95	
530	78	80	83	84	87	90	98	
531	6	9	12	13	18	
532	6	8	8	10	11	12	12	13	14	14	15	16	17	18	18	19	23	65	66	71	
533	11	12	15	16	16	17	17	18	19	20	21	22	24	69	
534	21	22	23	
535	23	
547	50	51	52	53	53	54	55	55	56	59	
548	35	42	45	46	47	48	48	49	50	50	51	52	54	55	56	58	58	
549	38	39	41	42	44	45	45	46	47	47	49	49	51	53	
550	43	44	46	75	
552	5	8	9	10	12	13	15	81	86	
553	7	12	53	79	80	81	83	84	85	87	89	92	97	100	
554	52	54	55	80	81	81	82	84	85	86	87	89	90	92	94	97	
555	52	54	77	80	81	82	83	84	85	86	87	89	91	94	97	
556	78	79	81	84	87	88	92	95	99	
557	33	46	81	
558	46	
559	5	7	9	10	11	13	15	16	18	
560	5	7	10	11	12	14	15	15	21	23	89	
561	51	52	54	55	57	80	81	82	84	85	87	89	90	91	93	97	
562	49	51	53	80	81	83	83	84	85	86	87	88	89	91	93	94	100	
563	46	79	80	82	84	85	87	88	90	97	
564	9	80	
565	8	10	11	14	16	19	65	68	
566	4	7	10	11	12	13	14	15	15	16	16	17	18	19	20	21	24	27	
567	16	17	18	19	20	21	22	23	23	25	
568	22	
571	20	21	
581	53	55	56	
582	34	48	50	51	52	53	54	54	55	55	56	57	58	60	
583	34	42	43	44	45	46	46	47	48	48	49	50	50	52	53	55	58	
584	33	38	41	42	43	44	45	46	46	47	48	49	50	
585	41	43	46	48	
586	9	14	
587	79	81	
588	54	78	79	80	80	82	83	85	89	
589	55	78	79	80	80	81	85	89	
590	80	86	
591	15	16	18	18	19	43	47	48	56	60	67	
592	17	19	20	22	26	29	40	42	43	44	46	47	47	59	67	70	
593	9	20	21	23	38	41	44	46	47	
594	3	5	11	21	69	
595	53	79	80	81	83	85	94	
596	50	79	80	81	82	84	85	89	99	
597	78	80	81	83	97	
598	9	14	18	68	
599	4	7	9	10	11	12	13	14	15	16	17	18	19	20	22	26	65	66	
600	7	11	12	14	15	17	17	19	19	20	21	22	23	24	27	
601	18	20	21	22	22	25	26	
602	23	
609	101	101	102	
616	52	53	53	54	55	56	57	61	
617	45	47	48	50	51	51	52	53	53	54	54	55	56	56	59	
618	35	38	39	42	43	44	45	45	45	46	47	47	48	49	49	50	50	51	53	54	56	58	
619	32	40	42	42	43	44	45	46	47	48	49	51	
620	27	40	44	47	48	59	66	
621	28	41	
622	36	51	78	79	84	
623	17	70	79	83	
624	9	11	14	16	18	27	43	67	68	
625	8	11	12	12	14	15	16	17	17	19	19	24	35	42	44	55	56	58	67	69	
626	17	17	18	18	19	20	20	21	22	24	28	35	44	45	46	47	48	49	50	51	52	53	54	56	60	63	
627	20	21	22	23	23	24	30	35	37	40	42	43	44	44	45	46	47	47	49	50	54	56	58	59	
628	22	23	25	36	41	42	43	43	44	45	46	46	47	48	49	51	
629	27	30	40	43	44	46	47	79	
630	22	41	71	79	
631	11	13	19	43	47	68	69	
632	7	9	10	11	13	14	15	16	16	17	18	19	20	21	42	64	66	
633	4	6	10	11	12	14	15	15	16	17	17	18	19	19	20	21	23	24	26	
634	13	17	18	20	21	22	22	24	25	26	
635	23	
650	53	
651	52	53	54	55	56	57	59	
652	48	49	49	50	51	52	54	54	55	56	57	60	
653	33	35	36	41	42	43	44	45	46	47	47	48	49	50	51	53	57	59	
654	26	30	33	41	42	42	43	44	44	45	46	47	48	49	50	52	54	57	60	75	
655	19	24	35	40	41	42	43	45	46	47	48	48	50	57	60	67	70	
656	16	19	20	22	39	41	42	43	44	46	63	68	
657	9	12	14	16	18	18	19	20	21	22	25	40	42	43	44	46	66	68	
658	9	10	12	14	15	17	18	19	20	21	44	65	67	
659	5	12	15	17	19	20	21	22	23	23	24	
660	21	22	22	23	25	51	52	53	54	55	57	
661	49	50	51	52	53	54	55	56	57	59	62	64	
662	24	32	41	43	44	44	45	46	47	48	48	49	50	51	52	54	55	57	59	
663	24	32	40	42	43	43	44	45	46	46	47	49	50	55	62	
664	22	24	33	41	43	44	45	46	62	68	
665	10	12	14	15	18	18	20	21	42	44	64	66	68	
666	4	8	11	12	14	18	19	20	20	21	22	24	27	
667	13	19	20	21	22	23	23	24	
668	22	
686	52	54	54	55	
687	50	52	53	54	55	58	59	
688	35	44	45	49	52	54	55	65	
689	24	44	45	49	51	54	59	63	
690	21	23	24	25	29	43	44	45	49	63	65	
691	14	14	20	22	23	23	24	25	44	
692	12	13	21	22	24	25	27	
693	22	23	23	25	
695	52	54	55	
696	49	51	54	55	58	60	
697	44	45	49	53	
698	25	43	45	65	
699	23	23	24	25	45	
700	22	24	25	
701	23	24	
1172	75	
1175	11	99	
1185	76	
1190	71	
1192	24	
1193	38	
1196	17	48	
1201	57	
1205	65	
1210	9	
1218	59	
1232	87	
1244	20	42	
1245	18	
1246	26	28	42	44	47	49	
1247	46	
1254	59	
1273	81	
1277	11	18	
1278	18	
1279	16	17	18	20	28	36	41	43	46	47	57	59	68	
1280	17	19	20	23	33	35	36	41	42	44	46	47	49	55	56	61	67	69	
1281	23	41	43	44	46	47	48	50	53	58	
1282	22	45	
1287	7	
1293	17	
1301	67	
1303	48	
1306	46	
1311	11	15	
1312	7	10	11	12	14	15	17	22	29	66	
1313	13	15	16	17	18	18	19	20	23	23	28	56	60	
1314	17	19	20	22	24	42	44	47	50	51	52	53	54	57	58	
1315	23	23	25	26	40	42	43	43	44	45	46	47	48	49	50	52	54	
1316	44	45	46	48	50	53	59	
1317	44	
1319	59	
1337	18	36	
1341	36	38	
1342	51	94	
1343	26	
1344	14	
1345	10	14	
1346	7	9	10	11	14	15	17	67	
1347	8	12	13	13	14	15	16	17	18	18	19	21	24	25	
1348	17	17	21	22	24	34	48	51	52	53	54	54	55	56	57	58	60	
1349	22	34	38	41	42	45	46	47	47	48	48	49	49	50	51	54	59	
1350	44	45	48	50	59	
1351	21	45	
1368	38	
1371	17	51	
1372	26	
1373	16	36	66	
1374	16	18	18	19	25	42	43	47	57	
1375	20	41	45	46	49	
1376	22	42	44	47	
1379	10	13	
1380	7	9	10	12	13	14	15	16	19	21	24	26	66	
1381	8	12	13	14	15	15	15	16	17	18	18	19	20	21	24	57	70	
1382	18	19	20	21	22	25	51	52	53	55	56	57	59	
1383	35	36	41	42	45	46	47	47	48	49	50	50	51	53	54	55	59	
1384	43	44	45	47	48	50	59	
1385	43	
1406	8	
1407	11	12	14	16	18	19	67	
1408	16	17	18	19	19	21	24	35	38	39	42	45	46	47	48	51	52	54	56	58	61	64	
1409	18	19	21	22	23	27	41	42	44	45	46	47	49	50	56	62	69	
1410	22	42	44	47	48	
1413	10	
1414	5	7	9	10	11	13	14	15	16	18	20	66	
1415	7	11	12	13	15	16	17	18	18	19	20	21	25	28	
1416	17	18	21	22	23	24	26	51	51	52	53	54	55	56	57	58	
1417	41	43	45	46	47	48	49	50	51	51	53	54	56	59	
1418	40	44	45	50	55	
1421	59	
1432	37	
1433	36	44	
1439	10	
1440	9	12	14	19	
1441	7	8	10	11	12	14	15	16	17	18	19	22	23	57	66	
1442	16	17	17	19	19	20	21	25	48	52	53	54	55	56	59	61	
1443	20	22	23	40	42	43	44	45	46	47	48	48	49	50	51	54	60	
1444	38	40	44	45	47	49	55	
1445	43	46	
1447	7	9	12	14	
1448	7	9	10	12	13	13	14	15	16	18	19	26	
1449	12	15	16	17	18	18	19	20	22	24	58	69	
1450	21	22	50	51	51	52	53	54	55	56	57	60	
1451	41	43	45	46	47	48	48	49	50	50	51	54	
1452	42	44	45	47	49	50	52	53	
1453	55	
1455	32	
1466	42	
1467	17	18	38	42	50	
1468	40	43	46	48	48	71	
1469	22	41	46	
1470	71	
1474	7	8	10	14	19	
1475	7	10	11	12	13	14	15	15	16	19	22	25	66	
1476	3	16	17	17	18	19	20	21	24	51	52	53	53	54	55	56	58	59	70	
1477	22	23	33	41	42	45	46	47	48	48	49	50	51	52	53	54	55	57	61	
1478	40	44	45	45	47	49	50	52	53	
1479	44	49	58	
1481	10	13	13	15	
1482	4	6	8	10	11	12	14	15	16	18	20	23	
1483	12	13	15	16	17	18	19	20	21	23	25	57	71	
1484	22	48	51	52	52	54	54	55	56	57	59	
1485	34	41	43	46	46	47	48	49	49	50	51	53	53	54	56	59	
1486	41	44	45	46	49	56	60	
1487	50	
1489	70	
1494	6	
1497	66	70	
1500	11	14	18	19	23	
1501	16	17	19	20	36	42	45	48	56	62	67	69	
1502	17	18	20	21	23	33	33	41	44	46	47	50	53	56	58	
1503	21	23	23	41	43	43	44	46	48	48	50	55	57	68	
1504	45	46	
1505	48	
1507	8	14	
1508	8	10	11	14	66	
1509	4	6	10	11	12	13	13	14	15	16	17	18	18	19	21	24	27	68	
1510	15	16	17	18	19	19	20	22	24	52	53	55	55	56	57	58	
1511	21	23	34	43	45	46	47	49	50	51	51	53	54	55	57	59	
1512	38	42	44	45	47	48	49	50	52	
1513	45	49	
1515	4	7	10	12	13	15	18	
1516	6	8	9	10	11	12	14	14	15	16	17	18	19	21	24	67	69	
1517	12	13	16	17	18	19	20	21	22	24	57	
1518	22	36	48	52	53	54	55	56	57	59	
1519	43	45	46	47	49	49	50	51	54	55	56	
1520	44	46	48	49	50	83	87	88	91	94	
1532	24	
1533	9	67	
1534	6	9	11	13	13	14	16	18	23	67	
1535	11	12	14	15	16	16	17	18	19	20	23	52	54	57	60	
1536	17	20	21	22	24	26	34	36	43	45	47	47	48	49	50	51	53	53	54	56	58	58	70	
1537	22	23	24	41	43	44	46	47	48	49	50	51	
1538	43	
1540	70	
1541	10	16	
1542	7	9	11	12	14	15	16	18	20	24	66	
1543	8	10	12	13	14	15	16	17	17	18	19	20	24	27	
1544	17	18	20	21	23	24	52	53	55	56	59	61	
1545	22	38	43	46	47	48	49	50	50	51	53	53	54	55	57	60	60	
1546	33	41	45	47	48	50	97	
1547	77	
1549	6	8	10	11	12	14	15	16	18	
1550	6	10	11	12	13	14	15	15	16	16	17	18	19	20	24	69	
1551	17	17	19	20	21	22	24	26	56	57	
1552	21	23	47	48	51	52	53	53	54	55	56	57	60	
1553	39	45	46	48	49	49	50	51	54	55	61	
1554	44	46	50	77	80	83	85	88	90	96	102	
1556	72	
1560	74	
1561	73	
1567	9	11	14	16	
1568	7	9	10	11	12	13	14	15	15	16	17	20	
1569	12	15	16	16	17	18	18	19	20	21	24	53	55	56	57	68	
1570	21	22	23	24	43	47	49	50	51	51	52	54	55	56	59	
1571	41	42	44	45	46	47	48	49	50	51	52	54	60	
1572	39	45	48	48	50	76	
1575	10	14	
1576	7	9	10	11	13	14	15	17	18	19	22	23	68	
1577	11	12	13	15	16	17	17	19	19	21	24	57	
1578	17	18	21	22	23	25	27	51	52	52	54	55	56	58	
1579	40	45	46	47	47	48	49	50	51	53	53	54	60	
1580	43	45	47	48	50	53	
1581	45	86	95	
1582	8	15	84	
1583	9	10	11	12	13	14	15	
1584	8	11	12	13	14	15	16	17	18	18	19	20	22	25	68	
1585	18	19	20	21	23	23	27	56	58	
1586	42	46	47	50	50	51	52	53	55	
1587	41	44	45	46	48	49	50	51	53	53	90	
1588	49	80	83	86	91	94	
1589	87	89	
1590	32	81	
1591	67	
1595	73	73	74	
1598	68	
1599	8	
1601	9	10	13	14	20	
1602	6	7	10	11	12	13	13	14	15	18	20	
1603	15	16	16	17	19	19	20	22	24	53	55	56	58	69	
1604	18	21	23	34	36	48	50	51	52	52	54	54	55	57	60	101	
1605	41	42	44	45	46	47	48	49	49	50	51	53	55	59	
1606	21	42	44	46	53	
1609	8	10	13	14	18	21	23	
1610	5	6	9	10	11	13	14	14	15	16	16	17	18	19	20	24	65	67	69	
1611	12	13	16	17	19	20	20	21	22	23	28	58	
1612	22	47	51	52	52	54	54	55	55	56	57	60	
1613	39	41	43	46	47	48	48	49	49	50	52	53	55	56	59	
1614	44	45	46	49	91	101	
1615	44	79	96	
1616	10	14	102	
1617	5	8	9	10	11	12	13	14	15	16	17	18	23	67	
1618	11	12	13	15	15	16	17	19	19	19	20	24	26	
1619	17	18	20	21	23	51	52	53	54	55	56	57	60	
1620	41	46	48	49	50	51	52	54	54	55	
1621	40	43	45	47	49	50	53	59	83	85	87	88	91	93	94	101	
1622	54	77	78	82	86	89	
1628	8	
1633	26	35	
1634	15	
1635	10	13	
1636	4	6	8	9	10	11	12	13	14	15	21	23	
1637	12	12	16	17	18	19	20	25	56	82	86	91	98	
1638	16	17	18	19	21	22	36	48	50	51	52	52	54	54	55	56	57	58	
1639	35	41	42	44	45	45	46	47	47	48	49	50	50	51	53	55	57	60	
1640	39	42	43	44	46	47	48	49	51	51	
1641	40	45	
1642	14	
1643	7	9	10	12	13	14	15	16	18	23	26	68	
1644	7	11	12	14	15	16	17	18	19	19	21	24	
1645	17	18	20	21	22	24	25	28	57	
1646	22	34	51	52	52	54	55	55	56	58	60	
1647	39	41	43	45	46	47	48	49	49	50	51	52	53	54	56	60	
1648	40	44	48	51	
1650	8	10	12	13	15	17	18	67	
1651	5	7	9	11	12	13	14	15	16	17	18	19	21	24	64	
1652	12	14	15	15	16	17	18	19	20	21	22	23	26	57	68	
1653	21	22	48	51	52	53	54	55	56	59	
1654	41	46	47	48	49	50	51	52	53	54	55	59	
1655	45	49	78	80	82	85	87	89	92	98	
1656	37	37	38	55	60	82	87	91	
1657	83	
1669	8	11	14	
1670	10	11	12	14	15	54	
1671	8	11	12	13	14	15	15	17	19	22	23	82	85	87	88	91	93	
1672	16	16	17	19	20	52	53	54	55	55	56	57	58	59	82	87	90	91	94	
1673	18	33	43	47	49	49	50	51	52	54	55	57	60	
1674	29	40	42	44	45	46	47	48	48	49	50	51	54	
1675	30	40	43	43	45	47	
1676	10	
1677	8	8	10	11	12	14	14	15	16	18	19	20	23	23	65	67	68	
1678	12	13	15	16	17	18	19	20	21	22	23	25	
1679	21	22	24	53	57	
1680	36	48	50	51	51	52	52	54	54	55	56	56	58	59	
1681	41	42	44	45	46	47	47	49	49	50	51	53	61	
1682	32	39	42	43	44	45	46	48	
1683	8	45	
1684	9	11	12	14	15	17	19	66	
1685	7	11	12	14	15	16	17	18	19	20	21	23	25	
1686	17	19	20	21	22	24	55	56	57	
1687	42	46	48	49	50	51	52	53	54	55	60	
1688	44	47	49	50	52	54	60	86	91	96	
1689	43	50	77	80	82	84	86	90	96	
1690	81	88	
1703	7	9	28	
1704	5	9	11	15	
1705	7	9	10	11	12	13	13	14	15	17	21	45	79	81	84	87	93	
1706	7	13	16	17	18	18	19	21	43	44	53	55	57	76	80	82	83	85	86	88	90	93	
1707	16	17	20	23	34	48	50	51	52	53	53	54	55	57	59	88	91	
1708	34	42	44	45	46	47	48	49	50	54	60	
1709	41	43	43	44	45	46	48	59	65	68	
1710	10	18	24	26	45	48	63	67	
1711	5	8	10	11	13	14	15	19	21	22	23	25	27	43	
1712	13	19	20	21	22	23	25	28	69	
1713	23	
1714	51	51	52	53	54	55	56	60	92	
1715	34	45	47	48	49	50	51	52	54	55	57	58	62	88	92	
1716	29	35	38	39	42	43	44	45	46	47	48	49	
1717	11	43	43	44	46	63	66	
1718	5	7	9	11	13	13	14	15	16	18	20	22	23	
1719	12	14	15	18	19	20	21	24	26	56	
1720	21	22	23	25	48	50	51	52	52	55	56	59	
1721	47	49	49	50	51	53	55	59	92	
1722	44	48	50	52	53	57	78	82	84	86	87	88	90	91	95	
1723	45	45	76	80	83	85	90	
1724	56	81	
1727	80	
1731	88	
1735	31	
1736	14	
1738	11	15	
1739	5	8	9	11	13	14	20	82	83	
1740	6	8	10	11	12	12	13	14	15	16	21	78	80	84	86	88	91	93	100	
1741	16	17	20	23	52	54	55	81	83	84	86	87	89	90	91	94	96	
1742	16	17	18	50	54	61	91	
1743	49	63	
1745	22	24	
1746	23	
1747	87	93	
1748	55	82	83	85	86	88	88	89	90	92	94	97	
1749	52	53	54	82	82	83	85	85	86	87	88	89	90	92	93	96	
1750	17	19	65	83	87	88	90	92	97	
1751	23	93	
1752	13	21	24	
1753	21	23	23	24	53	56	
1754	48	51	52	53	54	55	58	93	
1755	47	49	50	51	54	55	56	58	83	85	87	88	89	91	92	96	
1756	45	51	77	80	82	83	84	86	88	89	90	94	101	
1757	81	88	89	
1771	7	28	
1772	9	39	
1773	11	14	
1774	8	9	11	12	14	18	20	79	80	83	91	
1775	7	11	12	13	13	14	15	16	20	79	80	81	83	84	85	86	88	90	93	
1776	16	17	19	82	86	87	88	90	91	94	
1777	18	87	88	91	93	
1778	88	91	93	
1779	52	57	88	92	
1780	51	52	87	90	91	92	98	
1781	82	85	86	87	89	90	92	96	
1782	77	79	79	80	82	83	85	86	89	91	97	
1783	8	9	11	13	77	79	79	80	80	82	84	85	87	89	
1784	10	12	14	15	17	19	80	81	82	82	84	85	86	89	91	94	98	
1785	82	83	86	87	89	90	91	96	
1786	18	58	87	88	90	92	93	97	
1787	51	52	53	54	55	56	88	91	92	
1788	51	54	55	86	87	89	91	92	96	
1789	51	53	77	80	81	82	84	85	86	88	89	90	92	95	100	
1790	78	79	80	82	85	93	102	
1792	77	
1807	25	
1808	5	8	12	14	79	83	
1809	10	11	12	14	78	79	81	85	89	99	
1810	8	11	13	13	15	80	80	81	82	83	85	87	88	90	92	93	98	
1811	82	82	84	85	86	87	89	89	92	95	97	
1812	81	82	82	83	85	85	86	88	88	89	90	91	93	94	96	
1813	51	53	55	58	82	83	85	86	87	87	89	89	90	92	93	95	97	
1814	52	82	82	84	85	86	86	87	88	89	90	92	94	96	
1815	77	79	80	81	82	83	84	85	87	88	91	95	
1816	78	80	82	83	88	90	94	
1817	9	14	78	81	84	96	
1818	9	11	13	78	79	80	82	83	85	89	
1819	7	10	12	14	15	79	80	80	82	83	84	86	89	91	93	
1820	52	55	81	82	83	85	87	89	90	92	95	
1821	51	54	81	82	82	83	84	85	86	87	88	90	91	94	96	100	
1822	53	77	78	80	82	83	84	85	86	87	89	90	92	93	96	100	
1823	78	78	79	81	83	83	85	
1824	42	82	85	89	94	
1825	53	82	
1826	73	
1842	14	
1843	5	8	80	
1844	12	15	21	79	80	82	83	99	
1845	78	79	80	80	81	82	83	84	85	86	89	93	
1846	78	79	80	80	81	82	84	86	89	
1847	77	79	80	81	83	83	84	85	88	88	89	92	96	
1848	77	78	79	80	81	81	83	83	85	86	88	91	
1849	78	79	80	82	83	85	
1850	79	86	
1851	5	
1852	5	80	92	
1853	4	7	12	79	81	84	89	
1854	78	79	80	81	84	86	88	92	
1855	77	78	79	80	81	82	84	85	91	94	
1856	79	80	82	84	87	90	
1857	80	90	95	
1861	69	
1869	91	
1871	57	
1878	87	90	
1879	79	81	85	89	
1880	5	79	83	83	
1881	78	80	84	
1882	79	91	
1886	90	
1887	86	
1888	79	81	83	
1889	78	80	84	
1890	81	98	
1914	100	
1915	91	
1918	45	
1923	34	
1932	40	
1940	1	
1943	93	
1950	95	
1958	10	
1965	53	
1968	91	
1987	70	
1992	56	
1994	4	
1995	5	
2027	83	
2030	19	
2039	65	
2045	53	
2056	102	
2081	14	
2083	102	
2099	36	
2115	44	
2119	53	
2121	37	
2166	90	
2173	96	
2178	29	
2216	14	
2219	8	
2228	98	
2250	4	
2253	15	
