47	56	
81	55	
145	33	88	92	
146	91	
176	57	
178	50	91	96	
179	82	86	87	89	91	92	95	98	100	
180	8	11	14	16	87	88	89	90	92	93	96	98	
181	16	17	19	90	
210	56	57	61	
211	51	52	54	57	59	
212	48	48	49	50	53	86	88	90	93	96	
213	9	13	80	81	83	84	85	87	89	90	92	95	
214	7	11	12	14	15	16	18	19	80	81	83	84	85	87	89	100	
215	7	12	16	17	18	19	20	21	23	82	99	
220	98	
243	58	
244	52	56	57	61	
245	46	47	48	49	50	51	52	53	53	54	55	62	
246	32	46	49	50	51	81	83	85	87	90	92	
247	5	8	10	11	14	16	68	80	81	85	88	
248	4	7	11	12	13	14	15	15	16	17	17	18	18	19	20	21	79	81	
249	17	19	20	21	22	23	25	26	75	
262	87	90	91	95	
263	16	87	90	92	93	97	
264	16	93	
277	57	58	
278	34	51	52	53	54	55	56	58	60	
279	47	48	49	50	50	51	52	54	55	89	96	
280	10	13	49	80	83	83	86	89	93	96	98	
281	5	6	8	9	11	12	13	14	15	16	18	19	70	80	84	
282	12	14	15	16	17	17	18	19	19	20	21	24	25	
283	21	22	23	
293	37	57	62	
294	47	50	52	54	59	
295	46	49	86	89	94	
296	9	48	81	82	84	86	87	89	90	92	93	96	99	
297	6	10	11	14	81	82	84	85	86	87	88	89	90	92	95	
298	16	17	18	82	87	90	91	97	
299	17	
311	56	57	60	
312	51	51	52	53	54	55	55	57	59	61	
313	45	47	48	48	49	50	51	54	86	90	93	95	
314	9	10	12	13	28	67	80	84	88	
315	3	7	10	11	12	14	15	15	16	16	17	18	19	21	
316	13	18	19	20	21	21	22	23	25	
317	22	
320	90	92	96	
321	16	91	96	
322	17	
327	53	55	56	57	58	59	
328	48	50	51	52	54	55	56	57	57	59	61	
329	45	46	47	48	49	49	50	51	53	56	70	84	89	
330	10	44	45	46	46	47	48	67	80	81	84	85	
331	8	8	10	11	12	14	15	79	79	81	82	83	85	86	89	94	98	
332	6	11	13	14	15	16	16	17	19	81	83	84	86	88	88	90	92	94	
333	16	17	18	19	21	
344	58	
345	53	56	57	58	60	
346	33	47	48	50	51	51	52	53	54	55	55	
347	45	46	49	50	51	84	87	89	
348	8	10	11	13	14	15	83	88	
349	1	12	14	15	16	16	17	17	19	20	20	70	
350	18	21	21	22	23	24	
352	52	56	58	
353	48	50	93	
354	8	82	85	86	88	89	90	91	93	96	99	
355	11	14	16	82	83	84	85	86	87	88	90	91	93	97	99	
356	16	17	17	19	83	
357	22	
361	57	
362	35	53	55	55	56	57	58	59	60	62	
363	35	37	45	47	50	50	51	51	53	53	54	55	56	57	59	
364	8	44	45	46	47	48	48	49	50	50	51	58	
365	5	9	10	12	14	28	45	48	79	
366	6	7	11	11	12	13	14	14	15	16	18	19	29	80	82	85	91	98	
367	16	17	17	18	20	21	22	23	23	90	
378	57	58	
379	52	53	55	56	56	58	61	
380	46	47	49	50	51	52	53	54	
381	9	46	48	49	83	87	89	92	94	102	
382	5	7	10	11	12	13	14	15	16	19	
383	8	12	14	16	17	17	18	18	19	20	21	24	25	26	
384	22	23	23	
385	57	58	61	
386	47	51	52	54	56	62	
387	46	48	48	50	51	52	53	85	88	89	92	
388	8	9	80	81	83	85	86	88	89	91	93	96	
389	6	9	10	11	12	13	14	15	16	16	17	18	19	80	81	84	86	
390	13	16	17	17	19	20	20	21	80	
391	23	
396	55	56	57	60	
397	51	52	52	54	55	56	56	57	58	59	61	62	
398	45	46	47	48	49	50	50	51	52	53	54	
399	4	8	9	11	44	45	46	48	49	
400	7	10	11	11	12	13	14	15	15	16	18	19	23	71	88	
401	3	16	17	18	20	20	21	22	24	
402	23	
412	57	
413	36	52	52	54	55	56	56	58	60	62	
414	46	47	49	50	50	51	53	54	93	
415	9	10	13	46	48	49	80	83	87	89	101	
416	7	10	11	12	14	15	15	16	17	18	19	
417	13	16	17	17	19	20	21	22	24	26	
418	23	57	
419	52	55	56	57	58	58	62	
420	47	50	51	52	53	54	55	57	
421	33	48	49	50	53	55	81	83	85	87	90	97	99	
422	6	8	10	11	13	30	48	78	81	83	86	91	98	
423	6	11	12	12	14	15	16	17	18	18	19	20	23	80	
424	17	18	19	20	21	22	25	28	
425	23	
430	56	57	60	
431	51	52	53	54	55	56	57	57	58	60	
432	33	46	47	48	49	49	50	51	54	55	
433	5	9	10	13	15	44	47	48	50	
434	5	6	7	11	12	12	14	14	15	16	19	23	
435	17	17	18	18	19	20	21	22	25	
436	23	
446	57	58	
447	36	52	52	54	54	55	56	56	57	59	60	62	
448	32	46	47	47	48	49	50	50	51	51	53	54	55	
449	9	10	11	13	14	49	85	
450	7	11	12	12	13	14	15	16	16	19	23	69	
451	17	18	20	21	22	24	
452	57	58	
453	53	54	55	56	57	58	60	
454	49	50	51	52	53	53	54	55	91	95	
455	49	50	82	83	86	88	90	93	94	
456	9	10	11	12	13	14	83	83	90	
457	7	11	12	13	14	15	16	17	18	18	20	23	25	26	
458	17	21	22	22	24	28	
464	57	58	61	
465	52	53	54	55	56	56	57	59	61	
466	33	45	47	48	49	50	51	51	54	55	
467	9	10	45	48	49	
468	6	7	10	11	11	12	13	14	14	15	15	16	16	18	19	25	69	
469	1	13	16	17	17	19	20	21	21	22	24	25	27	
470	22	
480	57	58	
481	52	54	55	56	59	60	
482	33	46	46	47	48	49	50	50	51	53	54	
483	8	10	10	13	14	45	49	83	
484	3	7	11	12	13	14	15	15	16	16	19	23	
485	16	17	18	19	20	21	22	25	
486	56	58	59	
487	35	36	50	51	52	53	54	55	56	61	
488	50	51	52	54	83	84	86	87	88	90	92	94	98	
489	9	49	83	84	86	91	
490	5	7	9	11	11	13	14	14	15	16	
491	10	12	13	14	15	16	17	18	18	19	20	24	
492	16	17	20	21	22	23	24	28	
498	36	56	57	59	61	
499	34	51	52	53	54	55	57	59	62	
500	48	49	50	51	53	54	88	93	
501	4	9	10	13	14	
502	7	10	11	12	13	14	15	16	17	17	18	19	20	24	70	
503	3	17	20	21	21	22	24	27	
504	22	
507	86	86	
514	57	58	62	
515	35	51	52	53	54	55	55	56	57	59	61	
516	32	46	46	47	48	49	50	50	51	53	54	
517	4	9	10	13	44	45	46	49	
518	8	11	12	13	14	15	16	18	20	24	92	
519	21	22	25	57	92	
520	35	52	55	57	88	91	93	98	
521	51	52	53	55	57	82	86	87	88	89	91	92	94	98	101	
522	48	50	52	55	66	82	83	84	86	87	88	90	94	
523	10	44	46	47	80	84	88	103	
524	5	7	9	10	11	13	14	15	19	
525	8	11	12	13	14	15	16	17	18	19	20	22	25	
526	16	18	20	22	23	23	
531	57	
532	55	57	59	
533	35	51	52	53	54	54	55	59	98	
534	9	49	50	54	85	87	90	98	
535	10	11	12	13	14	15	16	18	19	82	
536	2	5	8	11	12	15	16	17	18	19	19	20	21	23	70	
537	20	21	22	22	24	
548	57	58	58	60	
549	52	52	53	54	55	55	56	56	57	58	59	60	61	
550	33	36	46	47	48	48	49	50	50	51	54	
551	4	6	9	11	14	44	45	46	48	
552	5	7	11	12	81	
553	82	86	87	88	90	91	93	94	96	101	
554	55	60	82	86	87	88	89	90	91	94	96	
555	16	18	46	53	58	66	80	81	83	83	85	86	87	89	94	
556	17	18	19	26	28	33	42	43	45	47	50	53	55	56	59	61	69	78	81	85	98	
557	20	21	41	44	45	46	47	47	48	49	50	68	71	
558	4	6	8	10	11	12	13	14	23	24	43	44	46	48	70	
559	11	12	13	14	15	19	80	86	
560	16	17	19	21	23	92	98	
565	56	58	
566	34	52	54	55	92	
567	53	55	67	85	87	89	90	92	93	96	
568	9	11	13	14	16	79	83	83	84	86	88	93	98	
569	5	7	12	14	15	16	17	18	18	19	20	20	28	69	
570	21	22	23	24	26	
571	21	23	
583	35	52	53	55	56	57	59	60	62	
584	48	50	50	51	52	52	54	54	55	56	57	58	58	59	61	
585	30	40	45	45	47	47	48	49	50	50	51	54	56	56	57	66	68	
586	43	44	45	46	47	48	48	49	56	66	70	
587	19	21	26	41	44	46	48	68	79	80	81	83	85	89	98	
588	11	13	17	19	19	43	45	46	67	71	79	80	81	82	83	84	86	89	99	
589	7	11	15	18	18	19	20	26	44	48	69	72	79	80	84	
590	18	20	21	22	23	24	26	50	52	53	55	55	56	57	57	58	60	61	
591	22	24	25	31	47	50	51	52	54	55	56	56	58	
592	33	42	44	45	45	46	47	48	48	49	50	71	
593	7	9	11	12	14	15	44	46	47	71	80	84	
594	12	14	15	22	80	82	85	86	88	88	90	91	95	98	
595	18	87	89	91	92	95	97	
596	87	91	
597	91	93	98	
598	92	
599	53	58	87	92	96	
600	50	55	86	88	88	90	92	96	101	
601	9	14	16	18	80	81	83	85	86	
602	8	11	12	15	16	17	18	19	20	26	45	69	72	81	
603	19	20	21	22	24	25	27	
604	23	
618	52	54	55	60	
619	51	53	54	56	59	61	
620	24	44	45	49	50	53	60	
621	10	21	23	26	45	49	64	68	79	
622	13	15	20	22	23	27	70	79	
623	21	22	23	24	26	
624	22	24	
625	52	53	54	55	56	57	58	60	62	
626	32	45	50	51	52	54	55	56	58	60	
627	5	9	32	41	45	46	47	48	49	50	
628	11	15	39	43	45	46	48	71	80	81	84	
629	13	15	26	80	82	83	84	85	87	89	90	100	
630	83	85	86	87	89	90	91	93	95	99	
631	82	85	86	87	89	90	91	95	
632	86	87	89	90	91	95	99	
633	47	68	81	82	85	86	87	88	89	91	93	96	99	
634	8	10	13	16	18	79	81	82	84	85	87	89	100	
635	12	13	15	16	17	19	20	21	23	70	80	83	
636	15	20	21	22	23	24	27	
637	22	24	
656	21	24	
660	52	54	55	56	57	60	62	65	
661	32	50	51	52	53	54	57	58	59	61	
662	25	34	37	42	44	45	47	49	50	52	56	57	59	
663	21	27	43	44	45	47	48	48	49	56	58	67	71	78	79	
664	19	22	41	44	45	46	47	48	49	57	59	71	79	80	81	84	86	98	
665	20	26	43	44	45	47	49	56	59	68	69	72	79	80	81	82	84	85	88	98	
666	15	18	18	19	20	45	46	47	48	50	56	59	66	71	80	82	83	85	86	88	98	
667	9	14	15	17	19	20	26	44	45	46	48	50	69	72	79	81	83	84	
668	10	11	12	14	15	17	19	20	21	26	44	68	70	79	84	
669	12	20	21	22	23	70	
670	22	
695	55	
696	53	53	61	64	
697	24	50	52	55	60	78	
698	23	25	45	50	62	64	
699	20	24	27	45	61	71	79	
700	21	23	24	25	27	32	50	62	71	
701	21	23	24	29	79	
702	22	23	23	24	
703	25	
1162	54	
1174	81	
1175	68	
1186	55	
1203	67	
1204	58	
1219	47	
1228	42	
1237	91	
1240	26	68	
1246	16	
1251	62	
1262	42	
1266	47	71	
1267	36	
1272	67	78	
1276	37	
1278	78	
1294	40	104	
1299	31	
1300	18	20	
1301	20	42	43	57	70	
1302	45	47	48	58	70	
1303	43	46	50	70	
1308	37	
1327	19	
1328	4	
1329	71	
1333	10	
1334	16	18	18	19	22	58	
1335	17	20	22	24	45	46	48	53	56	59	69	
1336	22	25	26	43	45	46	47	49	51	57	59	71	
1337	48	49	
1344	29	
1347	13	
1351	51	
1355	4	
1366	12	13	17	88	
1367	10	15	16	20	
1368	7	11	13	15	16	17	18	20	22	57	57	61	69	73	
1369	18	19	20	21	22	24	52	53	55	56	59	71	
1370	21	23	44	46	48	49	50	51	54	62	
1371	48	54	
1372	55	
1376	100	
1380	27	
1384	43	46	
1385	47	49	
1386	15	46	
1395	38	
1400	8	17	
1401	9	11	12	13	14	17	18	20	23	
1402	8	11	12	15	15	17	19	20	21	23	25	53	56	57	58	61	70	
1403	20	21	22	23	23	25	27	48	52	52	54	55	
1404	49	50	53	55	63	87	92	96	
1405	48	54	
1417	16	17	19	24	27	57	
1418	17	21	26	43	48	52	56	60	70	
1419	23	26	42	45	46	47	49	51	59	
1420	46	48	50	59	
1421	46	48	
1432	41	
1434	10	14	19	
1435	4	8	10	11	12	13	14	15	16	17	19	21	23	57	
1436	5	13	16	17	18	19	20	21	23	24	26	52	53	55	57	58	61	
1437	22	46	48	49	50	51	53	54	55	56	
1438	50	53	82	84	86	89	91	96	
1439	82	84	90	
1440	66	
1443	43	48	67	
1448	26	
1449	29	
1450	10	13	14	23	
1451	7	12	16	17	18	20	35	58	
1452	16	17	18	19	20	21	22	23	27	37	56	57	59	61	65	69	
1453	21	22	44	45	46	47	48	49	50	51	53	53	55	58	58	67	74	
1454	44	46	47	49	50	
1455	47	49	58	
1467	16	
1468	9	11	14	16	25	
1469	5	7	10	11	12	14	15	16	18	19	19	21	23	26	35	56	57	60	
1470	18	20	21	22	24	51	52	53	54	54	55	56	59	
1471	23	47	48	49	50	52	87	88	90	94	98	
1472	51	63	81	83	84	87	88	100	
1473	48	
1474	88	
1475	25	
1476	17	19	44	46	48	57	66	70	
1477	22	43	45	46	47	50	53	
1478	44	48	48	72	
1480	26	
1483	9	
1484	10	12	13	15	23	
1485	10	12	13	14	16	19	25	
1486	16	16	17	19	20	23	23	25	37	52	53	55	56	56	57	58	59	61	
1487	18	50	51	52	53	54	55	56	57	61	74	
1488	45	46	47	48	49	49	50	51	53	55	60	
1489	44	47	49	
1490	56	
1502	7	9	10	12	13	14	17	19	25	
1503	5	7	12	12	15	15	17	17	19	20	53	56	57	59	62	69	
1504	18	20	21	23	25	47	51	52	53	54	56	58	
1505	48	49	50	81	84	86	89	92	94	103	
1506	48	93	
1507	84	
1508	10	15	82	
1509	6	12	15	17	18	20	24	57	68	
1510	17	17	19	20	21	24	29	42	48	52	56	58	61	
1511	21	23	25	44	46	47	49	50	51	53	54	58	58	
1512	44	49	51	
1513	43	49	54	
1517	19	
1518	4	6	9	13	14	30	
1519	5	6	9	10	12	14	15	19	24	91	93	
1520	12	13	14	16	17	19	57	58	62	83	88	89	91	96	
1521	16	17	22	33	36	51	52	53	54	55	55	56	56	58	59	61	
1522	44	45	46	47	48	49	49	50	50	51	54	55	57	
1523	47	49	
1526	7	
1527	56	
1531	15	71	
1535	9	14	
1536	6	9	10	12	13	14	15	16	19	
1537	12	16	17	18	18	19	20	21	24	34	53	55	56	58	61	
1538	21	22	23	25	46	47	49	50	51	52	53	54	56	59	
1539	50	56	82	83	86	88	89	102	
1540	91	
1542	7	10	15	18	20	24	
1543	8	11	13	14	15	16	17	18	19	20	25	36	57	68	75	
1544	17	18	21	22	23	23	24	52	53	54	55	56	58	60	62	75	
1545	22	46	47	48	49	50	51	52	54	55	59	73	
1546	49	53	
1548	31	
1549	13	
1551	18	
1552	9	19	
1553	9	12	13	15	19	84	
1554	1	8	10	11	12	14	15	16	18	20	22	24	58	81	85	
1555	17	20	21	36	52	54	55	56	58	59	61	63	81	91	
1556	23	46	47	48	49	50	51	52	53	54	55	58	
1557	47	49	
1558	59	66	
1561	69	69	70	70	
1564	70	
1569	10	13	13	
1570	8	10	11	12	13	14	15	17	18	21	57	58	
1571	16	17	17	19	19	20	21	24	34	52	54	55	56	58	59	69	74	
1572	22	44	44	47	49	50	51	52	53	54	103	
1573	49	81	83	86	94	98	
1574	87	89	
1575	9	15	
1576	10	11	13	13	14	15	18	19	24	
1577	4	8	11	12	15	16	16	17	18	19	20	23	25	56	56	57	58	61	
1578	18	20	21	22	24	25	27	35	51	52	52	54	55	56	60	
1579	46	47	48	49	50	51	53	55	62	
1580	45	48	49	53	55	
1586	20	
1587	7	8	10	13	18	84	
1588	3	5	6	9	10	11	12	13	14	15	16	20	84	93	
1589	16	17	17	19	20	21	23	25	26	51	51	52	53	54	55	55	56	57	59	60	63	
1590	45	46	46	47	49	50	50	51	52	54	
1591	44	46	49	
1594	11	59	
1595	11	
1603	9	11	
1604	5	7	10	11	12	13	13	14	15	16	20	57	
1605	16	17	18	19	20	21	22	23	35	48	52	52	54	55	58	61	
1606	44	45	47	49	49	50	53	55	90	96	102	
1607	50	54	82	83	
1608	7	68	82	
1609	6	10	16	20	25	
1610	5	7	9	10	11	13	14	14	15	16	17	18	18	19	21	27	
1611	4	13	17	19	20	21	22	23	24	26	34	53	56	57	58	59	70	
1612	22	23	46	47	50	51	52	54	54	55	56	58	60	
1613	46	48	49	51	53	55	56	62	86	96	
1614	46	49	88	
1615	44	
1617	40	
1621	9	11	13	16	
1622	6	9	11	12	14	14	16	19	20	23	23	58	
1623	13	15	17	18	19	20	21	23	26	53	54	55	56	59	60	69	
1624	22	31	47	48	50	50	52	54	55	63	
1625	49	53	
1628	54	
1633	70	
1635	8	14	
1637	8	10	14	
1638	5	6	11	12	13	14	14	15	16	19	26	29	57	58	61	
1639	16	17	18	19	20	21	22	25	34	51	51	52	52	54	55	55	56	57	59	60	
1640	23	34	44	45	46	47	48	48	49	50	51	54	87	
1641	45	102	
1642	29	
1643	7	8	8	10	13	14	16	18	19	71	
1644	4	6	8	10	11	13	14	15	16	17	18	19	20	21	57	70	
1645	17	18	20	21	22	23	23	24	26	56	57	58	58	61	
1646	34	48	51	52	53	54	55	57	60	
1647	44	47	48	49	51	54	85	96	
1648	46	49	54	93	
1653	18	
1654	10	13	
1655	10	14	17	18	
1656	4	8	11	13	13	14	15	16	17	19	20	21	23	58	70	
1657	18	21	22	24	51	52	53	54	55	56	59	
1658	32	49	51	52	54	59	63	86	88	89	91	96	
1659	50	
1671	8	12	14	18	27	
1672	3	6	10	11	11	12	13	14	15	16	19	57	57	61	
1673	16	16	17	18	20	21	22	23	25	27	51	51	52	53	55	57	58	60	
1674	33	45	47	47	49	50	50	51	
1675	18	41	43	45	47	49	53	68	70	
1676	9	13	15	18	20	27	45	
1677	6	9	11	13	13	14	15	16	17	19	20	21	24	44	69	
1678	7	12	15	18	20	22	23	24	28	
1679	22	23	24	52	53	55	56	57	58	59	61	91	93	
1680	36	48	50	51	51	52	54	55	56	58	59	
1681	44	45	46	46	48	49	49	51	53	
1682	61	
1685	46	
1686	16	43	
1688	16	25	46	
1689	7	9	11	13	14	15	16	17	19	20	
1690	5	8	13	15	18	19	20	21	25	26	57	60	
1691	21	22	23	51	53	53	54	92	
1692	51	55	55	82	84	85	87	90	92	93	97	102	104	
1693	86	
1703	40	
1704	18	
1705	9	13	15	65	
1706	4	7	10	11	12	13	13	14	15	16	19	25	58	
1707	16	17	19	20	22	23	35	52	53	54	55	55	56	58	59	61	92	
1708	17	22	50	51	55	61	
1709	13	44	45	48	71	
1710	11	14	20	22	24	45	64	69	
1711	13	22	23	25	
1712	8	23	24	91	92	95	97	
1713	57	58	62	83	87	88	89	90	91	93	95	99	
1714	16	17	51	51	52	54	55	56	57	59	61	87	91	93	95	
1715	37	40	45	48	49	50	51	52	53	57	58	
1716	44	45	46	47	49	50	58	69	
1717	45	46	49	
1718	44	46	
1720	20	67	
1721	14	19	
1722	4	10	14	17	19	20	23	73	
1723	8	12	15	18	21	25	36	57	68	
1724	5	21	22	24	28	51	53	55	56	
1725	50	53	54	82	83	86	87	91	93	94	98	
1726	80	82	84	86	88	90	96	
1727	81	
1731	93	94	95	
1737	53	
1739	9	13	
1740	3	5	6	8	10	11	13	14	
1741	7	12	15	17	21	81	84	86	87	88	89	90	92	94	97	100	
1742	16	88	90	91	97	
1743	92	93	
1744	25	88	92	
1745	52	54	87	87	90	91	92	95	97	
1746	14	81	82	83	84	85	86	88	89	90	92	94	100	
1747	4	6	10	11	13	14	18	80	81	82	84	85	88	89	92	99	
1748	8	20	53	57	58	61	81	82	85	86	87	89	90	91	95	98	
1749	17	52	53	54	55	58	59	63	92	
1750	29	37	41	45	47	50	51	57	60	
1751	25	44	47	49	50	54	
1752	19	42	43	46	49	56	58	66	71	
1753	20	40	45	46	48	
1754	8	18	19	22	26	41	44	46	48	68	68	
1755	11	13	15	17	19	21	27	45	46	65	
1756	8	11	14	15	19	20	22	25	29	56	69	
1757	2	22	23	23	25	53	55	60	
1758	3	52	54	61	87	88	91	95	98	
1759	80	82	84	86	88	92	97	98	
1760	79	82	85	88	
1761	92	99	
1773	11	14	
1774	8	13	92	
1775	10	14	80	81	83	85	89	97	
1776	2	6	11	30	30	81	82	85	86	87	89	90	94	101	
1777	82	85	86	87	89	90	91	95	98	98	
1778	78	82	83	85	86	87	89	90	92	93	97	98	
1779	82	85	86	87	88	90	96	102	
1780	14	78	80	81	82	85	88	95	101	
1781	8	13	79	81	86	101	
1782	2	9	11	14	15	79	80	82	84	86	88	91	96	98	
1783	18	53	81	82	85	86	88	89	90	92	95	100	
1784	11	16	55	63	64	92	
1785	51	55	60	75	85	
1786	17	19	23	25	28	45	51	61	
1787	20	22	25	45	48	50	61	71	74	
1788	10	20	22	45	68	
1789	12	15	21	22	24	57	65	65	71	
1790	25	52	59	
1791	54	55	87	91	93	98	
1792	54	82	84	86	87	89	94	
1793	80	83	84	90	
1803	86	
1809	15	81	86	88	
1810	79	80	82	84	89	93	
1811	80	80	81	83	84	87	90	94	
1812	79	80	81	84	86	89	
1813	78	80	82	83	84	87	
1814	85	91	
1816	5	11	13	81	90	
1817	7	8	10	13	15	19	79	80	81	84	86	90	99	
1818	11	82	86	87	89	90	95	100	
1819	6	13	14	16	87	90	92	96	
1820	91	93	96	
1821	24	88	92	
1822	25	93	98	
1823	52	88	91	96	
1824	1	54	87	88	90	92	95	
1825	81	82	84	85	87	88	91	
1826	79	81	83	84	88	93	96	100	
1827	80	88	
1828	80	
1840	103	
1844	88	
1845	82	83	88	
1846	81	
1847	95	
1850	5	9	23	88	
1851	3	10	16	
1852	11	80	81	84	85	89	95	101	
1853	11	80	82	84	85	87	88	90	98	99	
1854	6	9	81	82	86	88	89	92	99	
1855	8	77	82	83	85	86	87	89	91	95	99	
1856	81	82	87	89	90	95	101	
1857	80	81	83	85	86	89	90	94	98	
1858	80	81	83	84	86	89	91	95	99	
1859	79	82	84	91	99	
1860	82	
1862	98	
1880	95	
1886	83	88	95	
1887	80	83	87	
1888	3	79	80	82	84	
1889	79	79	81	84	88	101	
1890	80	81	85	89	94	
1891	78	80	83	90	
1892	79	81	88	
1893	88	
1896	59	
1909	97	
1912	78	
1919	32	91	
1921	85	
1922	101	
1923	88	
1924	81	84	
1926	20	
1927	2	
1940	20	
1942	94	
1943	87	104	
1952	24	
1957	87	91	
1958	56	
1962	83	
1977	101	
1998	5	
2007	9	
2022	41	
2027	10	
2047	82	
2051	8	
2056	76	
2060	42	75	
2068	20	
2077	92	
2085	101	
2104	97	
2106	11	
2112	44	
2118	54	
2160	7	95	
2176	98	
2200	20	
2201	26	
2221	102	
2270	104	
