20	87	
21	93	
53	87	92	96	
54	84	85	86	88	88	90	92	95	
55	86	87	88	90	93	95	
56	17	
79	47	48	
85	56	
86	47	51	54	
87	46	50	84	
88	7	9	12	14	77	78	80	81	83	83	84	85	95	
89	10	12	15	16	77	78	78	80	81	83	85	86	87	89	95	
90	17	82	85	86	87	88	90	93	94	98	
91	16	18	
118	57	
119	35	51	52	54	57	60	
120	47	48	49	50	51	53	56	57	59	67	
121	32	41	42	43	45	47	48	49	50	80	83	
122	8	41	44	46	47	48	48	49	69	78	
123	5	6	10	12	13	14	69	76	79	
124	8	12	14	15	77	79	81	84	85	86	88	95	
125	16	17	19	22	81	86	87	88	90	95	
153	55	
154	52	54	55	57	
155	35	45	50	51	51	52	54	55	56	57	58	59	61	64	
156	25	42	44	45	46	47	48	48	49	50	51	59	67	
157	9	42	43	44	45	46	46	47	48	72	
158	5	7	8	10	11	12	14	15	79	83	
159	6	11	13	14	15	16	19	21	76	78	79	80	82	83	85	86	88	91	93	97	
160	16	17	18	19	21	83	87	88	95	
183	17	
189	53	55	57	58	
190	35	37	50	51	52	52	53	54	55	56	57	59	
191	42	45	46	47	47	48	48	49	50	63	
192	5	9	10	13	44	71	
193	6	7	9	11	12	12	13	14	15	76	77	79	84	89	
194	16	17	18	18	19	21	79	83	86	89	95	
195	17	21	
212	87	92	98	
213	16	85	87	91	94	
219	87	
220	93	
223	58	
224	51	52	53	54	54	55	56	57	58	59	
225	41	47	48	50	51	51	52	53	55	59	
226	41	43	44	45	46	46	47	48	49	70	
227	2	7	8	9	11	11	13	14	15	
228	6	12	14	15	16	17	19	21	78	81	85	86	89	94	98	
229	16	17	18	20	22	
245	48	54	87	90	95	
246	8	78	81	85	86	87	88	89	91	94	
247	11	17	77	81	82	83	85	86	87	88	90	93	96	
248	16	17	20	83	
251	46	
252	82	85	86	87	88	90	93	94	
253	12	81	82	85	86	87	88	88	89	91	93	93	96	
254	13	16	82	85	86	87	89	90	92	95	98	
255	17	88	
258	52	55	56	57	58	
259	43	48	50	51	52	52	53	54	55	56	59	
260	38	45	46	46	47	48	49	50	
261	5	6	9	10	11	43	48	73	
262	7	10	11	12	13	14	15	18	20	80	84	86	89	94	
263	16	17	18	19	20	23	88	93	
264	18	
277	52	56	57	
278	46	48	50	51	52	54	
279	46	49	51	82	84	86	89	92	94	
280	4	9	76	77	80	81	82	83	84	86	88	89	91	94	98	
281	7	9	11	13	14	15	16	18	76	77	79	80	82	84	85	
282	15	16	17	17	18	19	20	78	
283	18	22	56	58	
284	48	52	55	57	
285	46	47	48	49	93	
286	77	81	83	85	87	89	99	
287	6	8	10	76	78	79	80	81	82	84	85	86	90	95	
288	9	11	13	13	15	17	19	78	79	81	82	83	84	85	86	88	94	97	
289	17	17	19	20	82	86	94	
292	53	57	
293	48	50	51	52	52	53	54	54	55	56	57	59	
294	42	46	47	48	49	49	50	
295	8	10	14	43	44	47	49	68	
296	2	5	7	9	11	12	12	13	14	15	79	83	
297	12	16	17	18	19	20	26	78	82	84	87	90	94	
298	16	18	20	22	
310	57	
311	52	53	54	56	61	
312	46	47	48	49	50	51	52	54	55	58	
313	44	46	48	49	54	79	81	85	89	
314	8	10	11	13	78	79	81	84	86	100	
315	5	7	9	11	12	12	13	14	14	15	16	17	18	19	79	
316	16	17	18	18	19	20	21	21	
317	23	53	57	58	
318	48	50	51	52	53	54	55	56	57	60	
319	42	46	47	48	48	49	50	51	54	58	
320	44	46	49	79	82	83	86	94	98	
321	8	9	12	14	18	77	79	81	83	88	
322	4	6	9	11	12	12	14	14	15	16	19	79	80	84	
323	13	16	17	17	18	18	19	20	21	80	
324	22	
326	57	
327	51	52	52	53	55	55	56	57	58	60	
328	45	46	47	48	49	50	51	52	53	
329	43	44	45	46	49	
330	5	7	9	11	12	14	15	79	
331	8	11	12	13	14	15	16	18	20	22	81	84	86	88	88	95	
332	16	17	18	18	19	21	
344	56	58	
345	33	51	52	52	55	55	56	57	60	
346	46	47	48	49	49	50	51	52	53	53	54	
347	44	45	48	50	79	85	89	95	
348	3	8	9	11	13	14	81	84	
349	7	10	12	12	14	14	15	15	16	17	19	19	23	
350	3	17	17	18	18	19	20	21	22	25	
351	23	57	58	
352	48	51	52	53	53	54	55	56	58	60	
353	31	42	45	46	47	48	49	49	50	51	51	53	54	
354	44	46	48	50	53	94	
355	4	9	12	13	79	91	
356	6	8	8	10	11	12	12	13	14	15	15	16	19	78	
357	2	15	16	17	17	18	19	19	20	21	21	23	25	
358	18	22	23	
361	52	53	54	55	56	57	60	
362	34	47	48	50	51	52	53	54	54	55	58	60	
363	41	44	45	45	46	47	48	49	49	
364	8	8	10	14	43	45	49	72	
365	2	5	7	10	11	12	13	13	14	15	16	19	23	76	79	81	83	86	95	
366	17	17	18	18	19	20	21	81	87	95	
367	23	
378	53	56	57	
379	35	47	50	51	51	52	54	55	56	58	58	
380	43	45	46	46	47	48	49	49	50	51	53	55	
381	45	46	49	84	90	93	
382	8	9	10	11	14	
383	2	3	6	8	11	12	12	13	14	14	15	15	16	16	17	18	19	20	23	25	69	
384	17	17	20	21	22	25	
385	22	56	57	
386	48	50	51	52	52	54	54	55	56	57	58	61	
387	43	46	47	48	49	49	50	51	51	53	55	
388	44	46	49	50	85	92	
389	3	8	9	11	13	
390	6	7	10	11	12	12	13	14	14	15	16	18	18	19	24	
391	3	15	16	17	17	18	18	19	20	21	22	24	27	
392	23	
395	55	57	
396	36	48	51	52	53	53	54	55	55	56	57	59	
397	45	46	47	47	48	49	49	50	51	52	53	54	58	
398	9	44	45	46	
399	4	6	8	10	11	12	12	13	13	14	14	15	16	19	78	
400	12	16	16	17	18	19	20	20	21	24	
401	18	22	
412	57	
413	48	50	51	52	53	53	54	55	55	56	57	59	61	
414	33	42	44	46	47	49	49	50	51	53	55	92	
415	8	44	46	48	67	80	86	89	
416	3	6	8	10	10	11	12	13	14	15	
417	11	12	13	14	15	16	16	17	18	18	19	20	21	24	
418	17	20	21	22	23	24	
419	56	57	
420	48	51	52	53	53	54	55	56	58	59	
421	46	47	49	50	50	51	52	53	54	55	62	87	89	92	96	
422	44	49	88	89	
423	5	9	10	13	14	15	16	
424	6	8	11	12	12	13	14	14	15	15	16	17	18	19	20	23	26	70	
425	3	17	18	19	20	21	22	
426	23	
429	56	58	
430	48	51	51	52	53	53	54	55	56	57	60	
431	45	46	47	49	50	51	52	53	
432	8	13	44	48	
433	4	6	7	9	11	11	12	14	15	15	
434	16	17	17	18	19	20	21	22	24	26	
435	22	
439	74	74	75	
446	52	53	56	58	
447	48	50	51	52	52	53	54	54	55	56	57	59	
448	47	47	49	49	50	51	54	83	86	91	
449	9	13	44	48	86	91	
450	3	8	9	10	11	12	13	14	15	18	
451	3	4	12	14	15	16	17	19	20	21	23	25	
452	18	20	22	
453	56	57	
454	47	48	49	50	51	52	53	53	54	55	56	59	
455	48	49	50	54	81	83	85	88	89	92	
456	8	81	83	84	86	90	93	
457	5	8	10	11	12	14	14	
458	7	11	12	13	14	15	15	16	17	18	19	20	22	24	
459	17	17	19	20	21	23	25	
463	56	57	58	
464	51	52	52	53	54	55	56	57	62	
465	43	45	46	47	48	49	50	50	51	53	54	58	
466	9	45	93	
467	3	7	9	10	11	11	12	13	14	15	15	16	18	98	
468	12	13	15	16	16	17	17	18	19	20	20	22	24	
469	22	
480	53	55	56	57	59	
481	46	48	50	51	52	53	54	54	55	60	
482	45	46	47	49	50	51	54	82	86	89	92	94	
483	9	45	82	85	88	90	93	
484	5	7	9	10	11	12	13	14	14	15	97	
485	11	12	13	15	16	16	19	20	88	93	
486	16	17	18	21	23	57	
487	51	52	52	55	56	60	
488	48	49	50	51	51	52	53	54	86	90	96	
489	45	47	49	50	52	55	79	81	84	86	87	90	99	
490	44	80	83	85	
491	5	7	9	10	11	13	14	
492	7	8	10	11	12	13	14	15	16	19	20	24	91	
493	16	17	18	18	20	21	22	24	87	90	
494	88	
497	56	57	
498	47	50	51	52	53	54	55	56	58	59	
499	32	44	45	46	47	48	49	49	50	51	53	
500	9	13	44	45	48	89	
501	5	6	8	9	10	11	12	14	14	15	16	18	
502	13	16	16	17	18	18	19	20	20	22	24	
503	21	23	
513	56	57	
514	50	51	52	53	53	55	56	59	
515	36	42	46	47	48	48	49	50	51	52	53	54	55	58	
516	37	44	47	49	50	81	84	89	
517	79	83	85	
518	5	8	9	10	12	13	14	15	
519	6	8	11	12	12	13	14	15	16	18	18	19	24	26	79	83	84	
520	16	17	20	22	53	56	86	87	90	
521	51	52	53	54	55	56	58	60	86	87	91	98	
522	49	50	51	54	58	82	84	85	87	88	88	90	94	97	
523	40	49	53	57	78	79	81	83	83	85	87	94	
524	16	19	37	40	45	46	47	48	65	67	69	79	
525	7	8	10	14	20	21	24	26	43	45	46	69	
526	7	9	10	12	13	14	15	19	24	27	70	99	
527	11	13	15	17	19	21	80	82	85	86	88	89	91	94	96	99	
528	17	18	21	83	86	87	90	95	
529	17	88	93	
531	53	56	57	
532	35	50	51	52	53	53	54	55	59	
533	45	46	47	48	49	50	51	52	53	54	87	91	96	
534	8	9	44	45	48	84	86	89	98	
535	3	7	9	10	11	12	12	13	14	14	15	18	70	
536	12	16	16	17	17	18	19	19	20	21	22	24	
537	21	23	
547	58	
548	51	52	52	54	55	55	56	56	57	60	60	
549	42	46	46	47	48	49	49	50	51	52	53	54	55	57	58	62	
550	41	43	45	45	47	49	57	66	
551	27	36	41	44	46	47	64	66	68	
552	5	9	13	13	15	18	19	20	42	44	47	67	71	
553	6	8	11	12	15	20	22	27	46	70	80	
554	22	55	57	80	83	85	86	89	93	93	95	99	
555	52	54	78	81	83	84	85	85	86	87	88	89	91	93	93	95	97	
556	41	77	78	80	82	84	85	86	89	93	93	97	
557	12	14	17	18	57	63	68	80	
558	17	17	19	19	20	24	32	36	42	45	47	51	52	55	56	58	61	
559	21	22	23	24	30	42	44	45	46	47	48	48	49	50	71	
560	8	10	13	15	43	45	46	48	70	
561	6	10	11	12	14	15	77	78	80	82	84	
562	8	13	14	15	17	19	77	78	80	82	84	85	86	87	88	90	93	96	
563	17	19	85	86	87	90	93	96	
564	87	88	92	
565	52	54	56	57	87	93	
566	51	52	53	54	55	61	87	90	92	96	
567	47	48	49	51	53	82	84	86	87	89	91	94	
568	9	11	14	66	81	84	85	87	89	94	
569	3	4	6	8	10	11	12	13	14	14	15	16	16	18	19	23	
570	13	15	16	17	17	18	19	20	21	22	24	
571	19	22	
581	57	
582	52	53	54	55	56	57	59	61	
583	42	46	47	48	49	50	51	54	55	60	
584	8	32	44	45	48	66	
585	15	36	52	55	56	57	60	
586	5	17	20	21	23	24	25	27	44	45	47	47	50	51	
587	23	25	42	44	46	47	48	69	
588	52	55	77	78	80	85	88	
589	77	79	80	81	81	83	85	89	
590	8	10	14	16	16	19	40	68	77	78	79	80	83	
591	5	6	10	12	13	14	15	15	16	17	18	19	19	20	21	24	70	
592	20	21	22	23	25	50	51	52	54	55	56	57	58	58	60	
593	22	35	36	43	45	48	48	49	50	51	51	52	53	54	56	57	60	65	
594	5	30	41	44	45	45	46	47	47	49	49	50	67	72	
595	6	8	10	43	44	46	46	48	70	78	
596	6	9	11	13	14	15	78	80	82	83	85	93	
597	12	15	17	77	79	81	82	83	85	86	87	88	90	95	
598	82	83	85	86	86	87	90	91	95	100	
599	52	82	85	85	86	87	88	90	91	94	97	
600	50	51	53	55	58	80	82	83	84	85	86	87	89	90	92	94	
601	67	77	79	80	82	84	85	86	89	91	93	
602	7	8	10	11	12	13	14	15	16	43	67	79	83	83	
603	4	6	11	13	13	14	15	16	17	18	19	19	20	23	25	27	70	
604	17	18	20	21	22	23	25	
616	53	55	57	60	
617	36	48	49	51	54	
618	14	29	44	45	49	
619	7	15	20	24	43	53	55	56	56	58	59	70	
620	21	45	48	50	51	51	52	54	55	56	57	60	71	
621	32	37	41	43	43	45	46	46	47	48	49	49	50	51	55	56	72	
622	26	43	44	47	49	67	79	
623	9	11	13	14	19	28	41	44	46	64	66	68	70	76	78	80	
624	7	9	11	12	13	14	15	16	18	18	19	20	20	22	70	
625	12	15	19	19	20	21	22	24	25	73	
626	21	22	23	24	25	55	57	
627	51	52	52	54	55	55	56	57	57	59	
628	33	45	47	47	48	50	50	51	52	53	56	56	60	
629	39	42	43	44	45	46	47	48	48	49	72	
630	10	25	27	39	42	43	44	46	46	49	68	70	78	
631	1	7	10	12	14	41	46	47	70	77	79	80	83	85	
632	77	79	80	82	84	85	88	99	
633	39	76	77	79	80	81	82	83	84	85	86	88	93	
634	41	49	76	77	78	79	80	81	84	85	89	98	
635	8	9	11	13	16	17	18	19	42	48	66	76	79	80	83	98	
636	7	9	11	12	13	14	15	15	16	17	18	19	20	21	23	27	68	
637	3	13	15	17	20	21	21	22	23	24	27	68	
638	22	25	
650	55	62	
651	54	
652	64	73	
653	58	
654	23	35	51	52	53	54	55	55	57	59	62	
655	43	45	48	49	50	52	54	60	
656	26	29	44	45	48	49	59	64	68	71	
657	8	10	13	14	15	19	23	25	43	
658	3	15	21	22	23	24	25	27	
659	22	23	25	
661	52	57	62	
662	52	53	54	55	56	57	59	63	
663	31	45	47	48	49	50	51	52	54	55	56	57	59	62	
664	25	32	42	44	45	47	48	49	50	51	52	56	59	66	
665	21	25	26	29	36	40	43	44	45	46	47	47	48	49	51	56	57	58	67	68	
666	18	20	22	26	41	44	45	46	47	48	48	49	50	57	67	69	72	78	80	83	
667	14	19	20	26	38	42	43	45	47	49	66	68	69	70	76	79	
668	6	10	11	13	15	16	18	19	20	21	22	27	42	44	45	49	63	63	66	70	79	
669	7	8	10	12	14	15	17	19	20	21	22	28	44	69	71	
670	20	21	22	23	23	24	25	27	68	
671	21	22	24	
688	55	
691	15	23	24	
694	98	99	101	
697	52	54	55	
698	35	52	54	55	58	61	
699	24	50	54	61	
700	24	44	48	54	63	64	72	
701	14	23	23	25	45	71	
702	21	22	24	25	30	69	
703	23	23	25	
704	24	
735	25	
736	25	
1159	8	
1174	14	
1175	40	
1176	41	
1177	72	
1190	71	
1191	39	
1205	5	27	
1207	21	29	
1209	17	18	21	41	45	57	58	67	
1210	22	24	39	44	46	47	49	
1211	42	44	46	50	69	
1212	48	
1214	80	
1215	68	
1236	51	
1241	7	13	
1242	12	15	18	
1243	13	15	17	19	20	25	53	57	60	
1244	17	18	20	21	23	25	27	29	48	49	50	52	55	56	56	59	93	
1245	22	23	25	31	41	44	45	47	49	50	55	57	59	70	
1246	43	44	47	49	50	69	
1247	55	
1248	51	66	
1264	40	
1275	10	
1276	10	11	13	15	18	
1277	7	7	10	12	14	15	16	20	24	88	
1278	17	18	23	33	52	54	55	56	57	62	83	85	86	90	93	95	
1279	16	17	36	47	48	50	51	52	54	55	56	57	59	87	
1280	32	42	44	45	45	46	47	48	49	52	60	
1281	44	47	48	50	71	
1282	45	68	
1283	50	
1289	85	
1294	37	
1303	63	
1305	95	
1309	9	14	
1310	8	13	
1311	9	13	80	
1312	7	10	12	13	58	79	80	82	84	86	88	
1313	17	19	51	52	53	54	55	56	58	60	77	81	82	84	86	88	91	94	96	
1314	16	17	20	31	41	43	47	48	50	51	52	54	
1315	43	44	45	46	47	48	49	51	54	58	71	
1316	49	
1319	19	62	
1322	3	
1332	37	
1333	48	
1337	25	
1343	9	
1345	27	82	99	
1346	11	15	79	82	
1347	6	8	10	11	12	13	14	15	53	55	57	62	77	79	80	85	88	
1348	16	17	20	21	35	48	51	52	53	54	55	57	58	60	78	82	86	88	93	96	
1349	22	41	46	47	48	49	49	50	59	
1350	43	45	46	49	72	
1351	47	
1367	19	41	
1368	19	42	46	62	67	
1369	43	43	47	48	60	
1370	29	
1373	41	
1374	17	20	28	40	48	51	
1375	8	39	46	
1379	47	
1380	8	
1381	9	10	11	13	14	15	21	80	86	
1382	12	13	15	16	17	20	52	53	55	56	57	60	77	80	85	88	88	
1383	16	17	18	20	23	33	41	47	48	49	50	51	52	54	55	58	59	
1384	41	43	45	46	47	49	50	
1385	51	
1397	20	
1400	12	16	
1401	11	15	17	18	20	33	37	56	66	
1402	19	21	23	42	47	48	52	57	58	72	
1403	21	23	25	44	45	46	47	49	51	70	
1404	43	49	71	
1405	48	
1407	17	20	41	68	
1408	16	17	19	20	40	56	60	64	68	
1409	17	20	21	23	27	39	44	46	47	48	50	53	56	58	
1410	27	42	43	45	46	49	59	68	
1411	48	
1414	9	15	
1415	5	8	10	13	15	16	
1416	7	11	12	14	15	18	19	22	53	56	57	61	79	83	94	
1417	16	17	18	18	19	21	48	51	52	54	55	56	59	78	82	84	88	
1418	42	44	45	47	48	48	49	51	53	55	
1419	45	46	49	
1421	51	
1433	17	
1434	9	12	14	16	20	24	68	
1435	12	14	15	16	17	18	19	20	28	53	56	57	
1436	16	17	18	19	20	21	22	24	43	47	47	50	51	52	54	55	56	59	64	70	
1437	22	23	24	44	46	47	48	48	49	51	54	
1438	44	50	
1440	10	13	
1441	11	15	16	18	19	21	
1442	16	17	18	18	19	20	22	24	56	57	59	62	64	70	
1443	18	19	20	22	25	27	33	41	43	45	47	48	49	50	51	53	54	56	59	68	73	
1444	43	43	44	45	46	47	47	48	49	51	59	69	
1445	45	46	49	
1449	10	13	
1450	5	7	10	11	12	14	14	15	18	26	57	79	
1451	12	13	16	17	18	19	22	51	52	53	53	54	55	56	58	61	82	86	88	95	
1452	17	17	22	23	32	40	43	45	46	47	50	51	52	54	59	
1453	45	46	48	49	55	
1454	49	54	
1464	36	
1466	15	63	
1467	9	
1468	10	11	12	12	14	17	
1469	8	11	12	13	15	16	17	18	19	20	21	22	25	55	56	57	
1470	18	20	21	22	23	23	24	27	47	48	50	51	52	53	53	54	55	60	
1471	44	46	48	49	51	
1472	43	48	
1474	8	11	15	29	
1475	6	9	10	11	12	13	14	15	16	19	
1476	15	16	16	17	19	20	21	24	53	55	56	57	57	
1477	18	21	22	23	24	35	48	51	51	52	54	54	55	56	57	59	62	
1478	44	45	46	47	48	48	49	50	51	53	54	57	
1479	44	48	52	53	57	
1480	48	
1484	5	8	9	10	12	12	13	15	16	89	94	99	
1485	8	12	15	16	18	19	20	52	52	54	55	57	58	59	62	78	83	85	94	
1486	17	18	21	23	32	42	47	48	49	50	51	52	54	55	56	60	
1487	44	45	46	48	49	49	52	
1488	44	49	73	73	
1489	53	
1490	59	100	
1493	75	88	
1497	22	
1501	11	13	
1502	8	8	10	11	12	13	14	15	16	19	22	25	
1503	12	13	14	15	16	16	17	18	19	20	24	52	53	55	56	57	59	69	
1504	18	20	21	22	47	48	50	51	53	53	54	55	58	
1505	36	44	45	46	48	48	49	50	62	88	93	
1506	45	53	86	
1508	8	11	13	
1509	7	9	10	11	12	14	15	17	18	
1510	12	13	14	15	16	16	17	18	19	20	24	53	56	57	
1511	18	21	22	50	51	52	53	54	54	56	57	58	
1512	45	46	47	48	49	50	51	54	63	
1513	45	48	51	53	
1515	54	
1517	21	
1518	5	7	8	10	12	14	
1519	6	11	13	14	15	17	19	21	53	57	87	89	95	
1520	17	18	19	20	51	52	52	53	54	57	58	60	63	79	85	88	98	
1521	18	42	45	46	47	48	48	49	49	50	52	53	55	57	73	
1522	45	
1528	83	
1535	9	15	
1536	4	7	9	10	11	12	12	13	14	15	20	
1537	7	12	13	16	17	18	19	19	20	22	22	25	52	53	55	56	57	58	
1538	18	21	22	23	46	47	48	49	50	50	51	53	54	55	56	60	
1539	45	46	49	53	60	82	84	86	90	
1540	48	59	
1542	8	12	15	
1543	4	6	8	10	11	12	13	14	15	16	17	20	25	
1544	13	15	16	16	17	19	19	20	22	25	53	56	57	
1545	20	21	23	34	47	50	50	51	52	52	54	54	55	57	60	
1546	44	47	48	49	50	51	54	56	82	
1547	44	48	51	82	89	
1551	10	14	18	
1552	10	14	25	
1553	7	10	11	12	13	14	15	17	18	19	24	57	58	84	
1554	16	16	17	20	22	24	51	52	52	53	54	55	55	56	57	59	80	83	83	
1555	22	44	45	46	47	49	49	50	51	53	53	62	
1556	45	47	48	
1568	9	13	
1569	10	14	25	
1570	5	6	8	8	9	10	11	12	14	15	15	16	19	57	
1571	2	13	15	16	17	17	18	19	20	22	25	53	54	55	56	58	59	
1572	22	23	46	47	48	49	50	51	52	54	55	56	61	
1573	43	46	50	53	80	82	83	89	
1574	46	50	85	89	
1575	97	
1576	9	11	15	
1577	7	9	10	11	13	14	15	16	18	19	23	
1578	7	13	15	16	17	18	19	19	20	21	24	53	55	56	57	58	59	
1579	18	22	23	47	48	50	51	52	53	53	54	55	
1580	45	46	47	49	50	51	56	63	86	89	94	
1581	45	46	49	53	89	
1585	18	
1586	9	12	13	
1587	5	6	9	11	12	13	14	15	16	17	18	26	57	
1588	12	16	17	19	20	21	24	26	34	48	50	51	52	52	54	54	55	56	58	58	60	69	78	
1589	17	18	22	45	46	47	47	48	49	50	53	54	57	62	
1590	44	46	48	66	
1591	53	
1592	56	
1593	55	62	63	63	
1594	63	
1603	9	11	14	57	
1604	7	10	10	11	12	13	14	15	16	17	19	57	
1605	15	16	17	18	18	19	20	21	23	24	47	51	52	53	54	55	56	58	61	70	
1606	22	42	45	46	46	47	48	49	50	50	52	54	59	
1607	44	46	49	56	79	
1608	65	
1609	19	93	
1610	7	10	12	13	15	16	20	
1611	7	10	11	12	14	15	15	16	17	18	19	19	20	23	23	26	69	
1612	15	17	18	20	21	22	23	25	26	52	55	57	58	58	62	
1613	22	42	47	48	49	50	51	52	53	54	55	56	59	
1614	42	44	45	46	47	48	49	50	60	83	
1615	46	58	
1618	82	
1620	5	10	14	19	79	
1621	8	9	10	11	12	13	14	16	17	19	57	57	
1622	15	16	16	17	19	20	21	22	23	35	51	51	52	53	55	56	57	58	61	
1623	22	45	46	47	48	49	50	51	52	56	
1624	43	48	50	
1626	58	
1636	9	
1637	9	11	14	15	17	20	24	
1638	5	6	8	10	12	13	13	14	15	16	17	19	20	25	29	58	
1639	16	17	18	19	19	20	21	22	24	51	52	52	53	54	55	56	57	59	61	
1640	22	32	42	45	46	47	48	49	50	51	52	53	53	54	56	59	
1641	44	45	46	48	48	50	
1642	44	
1643	9	14	68	
1644	6	8	9	11	12	13	14	15	17	18	20	25	67	
1645	4	11	12	15	16	16	17	18	18	19	20	21	24	
1646	21	22	23	24	35	52	55	56	57	59	
1647	38	43	47	50	51	51	52	53	54	55	56	58	
1648	44	45	46	47	48	48	49	50	51	53	
1649	44	46	49	
1650	49	70	
1654	7	9	12	15	21	
1655	7	10	11	12	13	14	16	18	19	22	24	58	
1656	15	16	17	18	18	19	20	21	24	48	51	51	52	53	54	55	56	57	59	61	
1657	23	33	43	45	46	47	47	48	49	50	51	57	59	
1658	44	46	49	
1663	83	84	84	85	
1667	26	
1668	30	
1670	10	13	
1671	7	9	10	11	13	14	15	16	20	
1672	7	10	11	12	13	14	15	16	17	18	19	19	21	23	25	
1673	17	18	21	22	25	34	51	52	53	55	56	57	58	60	
1674	47	50	50	51	52	53	53	55	56	59	92	
1675	33	42	44	45	46	47	48	48	49	50	54	
1676	9	42	45	
1677	8	11	13	14	19	24	38	
1678	6	8	10	11	12	13	14	15	16	17	19	20	22	69	
1679	15	20	21	23	24	26	
1680	23	53	55	58	86	87	88	90	92	95	97	
1681	50	51	52	53	54	54	55	56	56	58	60	63	82	86	86	87	89	90	91	93	94	96	
1682	18	41	43	47	48	48	49	50	51	54	56	
1683	31	38	41	44	45	46	47	48	48	49	51	53	57	71	
1684	44	46	49	70	
1685	48	
1687	9	15	23	39	
1688	8	11	14	16	
1689	5	9	10	11	12	14	15	16	18	18	19	20	23	58	
1690	17	17	19	19	20	22	25	26	51	51	52	53	55	56	57	59	70	
1691	21	22	46	47	48	49	50	51	52	56	
1692	44	50	
1693	51	
1701	41	
1702	77	
1704	8	12	
1705	6	9	10	10	11	13	14	15	20	65	
1706	7	12	13	15	16	18	19	21	23	25	
1707	23	53	55	86	87	90	92	
1708	34	51	51	52	54	54	58	61	83	85	85	86	89	90	91	93	95	
1709	49	51	58	83	86	88	
1710	29	38	43	45	65	67	
1711	8	10	13	14	15	16	19	21	25	43	65	70	
1712	13	15	19	20	21	22	23	25	26	68	
1713	21	22	50	91	
1714	10	77	82	83	84	85	87	89	91	95	
1715	7	12	15	55	57	76	77	78	79	80	81	82	82	83	84	86	88	89	96	
1716	16	19	51	52	53	54	55	56	57	58	61	77	81	82	85	86	88	89	91	94	96	
1717	33	39	45	47	48	48	49	50	51	53	53	54	57	60	
1718	42	43	45	46	47	48	49	51	59	66	69	
1719	25	27	40	45	46	47	49	
1721	40	44	65	
1722	7	8	10	12	14	17	18	20	
1723	5	6	11	13	13	14	15	16	17	18	20	21	23	25	56	57	68	
1724	20	21	22	24	26	47	50	51	52	52	53	54	55	55	57	
1725	45	47	48	49	50	51	53	58	86	88	90	92	93	97	
1726	49	53	82	87	92	95	
1737	22	
1738	9	14	23	
1739	6	9	11	13	15	17	
1740	12	17	20	82	88	
1741	78	80	81	84	85	87	88	90	95	98	
1742	12	76	77	79	80	81	83	84	85	86	88	94	
1743	15	17	76	78	79	80	82	84	85	87	90	93	98	98	
1744	12	13	16	17	18	19	21	73	85	
1745	21	23	23	25	27	57	65	73	
1746	50	51	52	53	55	87	93	
1747	50	81	83	85	86	88	88	89	92	93	95	
1748	77	78	80	82	83	85	87	90	94	
1749	7	8	10	11	13	15	76	79	82	85	96	
1750	6	12	14	15	16	55	57	77	78	78	80	81	84	85	88	89	95	
1751	16	17	19	35	51	52	54	55	57	59	82	86	87	89	92	97	
1752	18	29	42	47	48	49	50	51	53	53	55	56	59	88	
1753	23	30	40	43	43	44	46	47	49	50	59	63	69	87	
1754	25	31	40	45	46	47	49	58	70	
1755	11	14	16	19	21	26	38	44	65	68	69	
1756	7	8	10	12	13	14	15	17	19	20	21	23	23	27	44	64	67	
1757	13	17	20	21	22	23	25	27	52	55	56	58	60	71	
1758	22	48	49	50	51	52	53	54	55	56	87	88	92	
1759	50	80	81	83	83	85	86	87	90	93	95	
1760	54	80	86	
1769	27	
1772	19	
1773	8	10	12	
1774	53	78	87	92	94	
1775	80	82	83	85	87	89	92	93	96	
1776	9	11	13	79	85	89	100	
1777	7	9	10	11	12	13	14	15	17	80	85	88	93	94	
1778	17	21	23	53	57	87	89	92	
1779	51	52	53	55	86	87	89	91	93	94	96	
1780	51	82	83	85	85	86	88	88	89	92	94	97	
1781	53	76	77	79	80	82	84	87	90	
1782	79	85	89	90	90	91	93	
1783	9	13	78	
1784	6	9	10	11	13	15	78	79	82	84	96	
1785	12	15	16	76	77	78	80	81	83	84	85	87	88	90	95	
1786	18	19	35	51	52	54	55	85	86	87	88	89	90	93	95	97	
1787	17	50	54	60	65	87	91	93	
1788	24	31	45	58	65	
1789	11	14	21	24	45	64	69	
1790	12	25	93	
1791	24	52	53	54	55	58	87	88	91	93	97	
1792	50	54	59	85	86	87	89	90	94	96	98	
1793	54	77	78	80	81	83	84	85	91	
1794	80	85	96	
1808	80	84	
1809	77	78	80	83	84	87	89	
1810	9	83	84	91	
1811	4	6	9	11	12	15	79	85	
1812	77	78	81	82	83	85	86	88	92	95	98	
1813	55	78	80	81	82	84	85	85	86	88	88	90	96	
1814	53	76	77	79	80	82	84	84	86	
1815	79	80	85	99	
1817	8	69	
1818	11	14	
1819	7	9	11	13	77	79	85	
1820	6	10	12	14	15	76	77	79	80	82	84	85	87	93	
1821	12	77	78	81	82	83	84	85	86	88	88	89	93	95	97	
1822	78	86	87	90	91	94	95	98	
1823	83	86	86	87	88	90	91	94	96	
1824	53	55	82	82	85	86	86	88	88	90	91	94	97	
1825	55	78	81	82	84	84	85	86	87	89	92	94	98	
1826	76	77	79	80	81	82	83	83	85	86	88	90	94	
1827	79	81	86	88	
1829	87	
1842	79	
1843	80	
1845	80	83	
1846	77	79	82	85	89	
1847	77	79	80	83	84	87	90	97	
1848	78	80	84	88	89	
1849	78	84	
1850	84	
1853	13	82	84	96	98	
1854	15	78	81	84	96	
1855	9	76	77	79	80	84	86	
1856	76	78	78	79	81	83	84	86	88	91	94	
1857	76	77	78	78	79	80	82	84	85	86	89	95	99	
1858	76	77	78	79	81	83	84	97	
1859	76	77	79	80	83	85	
1860	79	83	83	86	89	
1861	79	
1866	61	
1869	94	
1882	8	98	
1883	57	
1884	97	
1889	83	
1890	79	82	84	89	
1891	80	85	
1892	78	83	
1893	79	83	89	
1894	79	
1896	84	96	
1906	30	
1912	77	
1924	81	
1934	93	
1948	77	
1949	98	
1959	87	
1960	100	
1967	27	
1975	50	
1977	6	
1981	10	
1998	26	
2000	60	
2009	94	
2024	2	
2027	53	
2032	42	
2048	3	
2067	29	
2080	4	
2093	53	
2101	18	
2105	95	
2112	34	
2136	94	
2146	10	32	
2149	33	84	
2178	23	
2182	9	
2194	102	
2225	7	
2250	10	
