48	58	59	
185	93	
218	85	87	90	92	94	98	
219	87	90	92	95	
220	16	
226	88	91	95	
227	86	90	91	93	95	
244	87	92	95	
245	83	86	88	91	93	94	97	
246	16	88	92	
249	57	
250	51	53	54	59	
251	46	48	49	
252	11	81	83	84	85	86	88	90	91	94	
253	5	8	12	13	14	15	18	82	83	83	84	86	87	89	90	94	
254	16	17	19	21	
257	57	
258	37	52	56	61	
259	46	47	50	
260	8	81	85	88	90	95	
261	6	11	12	13	14	82	83	83	84	86	87	88	90	92	96	100	
262	16	17	18	20	87	90	98	
275	57	
276	53	57	61	
277	46	48	51	
278	8	82	84	86	88	89	90	95	
279	9	11	13	82	83	84	85	86	87	89	90	91	94	98	103	
280	12	16	17	18	82	84	87	90	
281	17	
283	53	56	57	58	
284	47	51	52	52	54	54	55	56	59	
285	45	46	47	48	49	50	54	
286	9	10	11	14	48	80	82	85	88	100	
287	7	10	11	12	13	13	14	15	16	18	81	82	84	
288	16	17	18	19	20	21	22	84	
289	22	
291	57	
292	51	52	54	55	56	57	59	
293	43	46	47	48	49	50	50	52	53	
294	11	45	46	80	84	
295	8	10	11	12	14	15	81	82	84	86	90	
296	13	15	16	17	18	20	82	84	87	91	94	
297	17	22	
309	56	57	
310	36	51	52	53	54	55	56	58	
311	44	46	47	48	48	49	50	52	
312	9	44	46	49	82	84	
313	7	9	10	11	14	14	81	82	83	84	85	89	93	
314	8	13	15	16	17	18	19	20	82	83	87	98	
315	16	17	18	21	23	
317	53	56	58	
318	35	36	48	51	51	52	53	53	54	55	56	59	61	
319	47	48	48	49	50	92	95	
320	8	10	10	14	89	94	
321	7	10	11	12	13	14	15	15	16	19	23	82	87	92	99	
322	13	15	16	17	18	18	19	20	21	24	86	93	100	
323	17	21	
326	52	55	56	58	59	62	
327	35	36	47	49	50	51	51	53	54	55	
328	42	44	45	46	47	48	49	
329	5	6	9	11	14	
330	7	12	13	14	15	17	19	83	83	85	90	94	101	
331	16	17	18	19	21	23	86	
343	63	
344	51	52	53	54	54	55	56	58	58	60	63	
345	43	46	47	47	49	49	50	51	52	54	
346	45	46	48	49	
347	4	7	9	10	11	12	13	14	90	
348	6	11	12	15	15	16	16	18	19	20	24	69	83	
349	17	17	21	22	
351	53	55	57	61	
352	48	51	52	52	54	54	55	59	
353	47	49	50	50	53	86	89	91	95	
354	10	13	87	89	91	94	
355	6	8	9	10	11	14	15	16	83	87	99	
356	7	12	13	14	15	16	17	18	19	22	40	41	41	83	85	87	89	91	94	100	
357	16	17	20	21	
360	52	55	57	
361	36	50	51	52	53	53	54	55	55	56	58	59	61	
362	42	44	45	46	47	48	49	50	50	
363	4	8	10	44	46	
364	7	11	12	13	14	15	15	16	83	84	87	89	94	
365	13	16	17	18	19	20	22	23	85	88	91	97	
377	57	
378	51	52	53	54	54	55	56	57	59	
379	42	45	47	48	48	49	50	51	52	54	
380	44	45	46	48	
381	4	8	9	10	11	14	15	68	
382	8	11	12	13	14	15	16	16	18	19	
383	17	17	18	20	21	22	
384	56	
385	52	53	54	55	56	58	58	
386	47	48	50	50	51	53	54	55	56	91	96	
387	48	50	51	82	83	85	87	88	90	91	94	101	
388	9	48	82	84	86	89	95	
389	3	6	8	9	10	11	14	86	
390	7	11	12	13	13	14	15	16	17	18	20	81	82	84	86	90	95	100	
391	16	16	17	18	19	20	21	87	91	
392	22	
395	37	51	52	53	54	55	55	56	56	58	58	60	
396	36	45	46	47	48	49	50	50	51	53	
397	9	43	45	46	47	48	
398	7	9	10	11	13	14	15	18	96	
399	13	14	15	16	17	18	20	21	26	82	84	86	92	95	
400	17	20	22	
412	52	52	53	54	55	56	57	58	58	60	
413	41	45	46	47	48	49	50	51	52	53	54	55	60	63	
414	41	43	45	45	46	47	48	49	49	
415	5	6	8	8	10	11	12	14	15	
416	7	11	12	13	14	15	15	16	17	18	19	24	86	
417	16	17	18	20	21	22	24	
418	52	56	57	61	
419	50	51	52	53	54	55	61	
420	34	46	48	49	50	51	52	54	58	86	88	89	91	93	97	
421	39	52	54	81	84	85	88	89	91	95	
422	38	41	47	67	
423	6	9	11	13	14	20	26	46	84	
424	1	6	8	11	12	12	14	14	15	20	70	83	84	90	98	
425	11	13	16	17	19	21	23	84	86	90	92	94	99	
426	17	18	21	
428	58	
429	53	55	56	57	58	61	
430	36	41	47	48	49	50	51	51	53	54	55	56	61	
431	44	45	46	49	50	
432	4	7	8	10	11	14	
433	6	11	12	13	15	16	19	21	84	88	90	
434	16	17	18	21	22	88	
444	89	
446	52	53	55	56	56	57	60	
447	33	48	50	51	51	52	53	53	54	55	55	56	56	58	60	
448	38	45	46	46	47	48	49	49	50	51	
449	7	8	10	11	13	44	
450	1	6	10	11	12	13	14	15	82	86	92	94	100	
451	17	18	19	20	22	56	58	87	90	93	94	
452	51	52	53	53	54	56	58	62	
453	47	50	51	52	53	54	55	91	93	94	
454	46	48	50	55	80	83	83	85	87	89	91	94	
455	10	16	18	35	42	45	57	58	61	65	80	84	
456	17	17	18	19	20	41	44	45	47	47	49	51	57	66	
457	21	22	31	38	42	44	45	46	46	48	48	
458	7	8	10	11	13	14	15	
459	6	10	12	13	13	14	15	16	17	19	21	81	83	83	84	86	89	91	94	100	
460	16	17	18	19	20	23	91	98	
463	52	56	57	59	
464	50	51	52	53	53	54	55	56	59	63	
465	44	45	46	47	48	48	49	50	51	
466	4	9	10	14	43	
467	7	9	11	12	12	14	14	15	16	19	82	84	86	92	94	101	
468	13	16	16	17	18	18	19	20	22	
480	56	57	
481	36	47	51	52	53	53	54	55	55	56	57	59	61	
482	42	44	46	47	47	48	49	50	50	53	
483	4	9	11	44	45	48	
484	4	7	10	10	11	12	13	14	15	82	84	89	
485	8	13	15	16	17	19	22	53	56	57	84	86	88	89	92	
486	18	51	52	52	54	55	56	61	91	93	
487	48	49	50	53	82	86	88	89	91	93	95	
488	10	14	80	83	84	86	89	91	95	
489	8	11	12	13	15	15	16	17	18	19	43	57	58	69	
490	17	18	20	20	21	22	24	26	35	36	45	48	51	52	53	55	55	56	59	61	
491	22	23	25	41	43	45	46	47	47	49	49	50	
492	4	11	14	40	44	46	48	
493	8	9	10	12	12	13	14	15	68	81	84	88	96	101	
494	16	17	18	20	22	83	86	88	89	91	93	94	
495	17	20	
497	55	56	57	58	
498	35	36	47	50	51	52	53	54	55	55	56	59	60	62	
499	45	46	47	48	48	49	50	50	51	53	
500	9	10	44	
501	4	6	8	10	11	12	12	13	14	15	15	16	19	83	84	
502	16	17	17	18	19	20	20	22	
503	18	22	
514	53	56	58	
515	52	52	53	54	54	55	56	56	57	60	
516	33	42	45	46	47	47	49	50	50	51	52	54	55	58	
517	5	40	43	44	45	46	46	47	48	49	50	
518	5	6	9	10	11	14	15	84	
519	6	13	15	53	82	83	85	88	90	92	95	100	
520	33	51	52	54	82	85	87	88	89	90	91	92	95	101	
521	81	83	84	85	86	88	89	90	91	96	100	
522	6	9	10	12	14	15	16	19	20	65	70	81	85	
523	5	13	15	15	16	17	18	18	19	19	20	21	24	26	44	
524	21	22	24	51	52	53	54	54	55	56	57	58	59	
525	34	47	48	49	50	51	51	53	54	56	60	64	
526	39	42	43	44	45	46	47	48	49	49	
527	5	7	9	10	13	14	83	
528	7	10	11	12	14	15	81	82	83	84	86	88	90	92	97	99	
529	13	17	18	19	22	82	87	90	92	93	96	
530	17	
531	52	53	56	57	
532	51	52	52	54	55	55	56	59	62	
533	46	47	48	48	49	50	51	52	53	54	
534	8	9	34	34	45	
535	7	10	11	12	12	13	14	14	15	15	16	
536	13	16	17	17	18	19	19	20	21	22	24	
537	21	
549	52	55	56	57	58	60	62	
550	35	47	49	50	51	51	52	53	54	55	56	58	59	61	
551	31	40	42	43	45	46	47	48	48	49	49	50	
552	4	7	9	39	44	46	
553	26	38	81	83	85	101	
554	9	31	39	81	82	83	83	84	85	87	89	91	94	95	99	
555	9	11	13	15	19	39	68	79	81	83	84	85	
556	8	11	12	13	13	14	15	16	17	18	18	19	20	27	68	
557	4	17	18	19	20	22	24	
558	23	57	
559	34	51	51	52	53	54	55	56	56	58	60	
560	37	43	44	45	46	47	48	49	50	50	51	53	58	
561	9	44	45	46	47	48	
562	6	10	11	13	14	15	81	
563	8	10	12	13	14	15	18	82	83	83	85	86	88	89	90	92	94	
564	17	18	22	86	88	91	92	
565	52	55	56	58	59	93	
566	51	52	52	53	54	55	56	60	
567	33	47	48	49	50	51	53	55	91	94	
568	9	10	13	87	90	92	95	
569	2	5	6	8	10	11	12	12	14	14	15	16	18	
570	13	15	16	16	17	17	18	18	19	20	21	22	24	
571	22	
583	53	
584	35	51	51	52	54	55	55	56	57	59	61	
585	35	41	45	47	48	49	49	50	50	51	52	53	53	54	55	56	57	58	58	60	62	
586	38	42	43	44	45	46	46	47	48	49	49	50	56	60	
587	19	27	33	39	41	42	43	44	45	46	47	49	60	67	
588	8	15	19	20	21	40	43	43	45	47	49	66	81	
589	10	11	13	14	15	15	17	19	19	20	22	26	45	67	80	
590	5	7	11	13	15	17	18	20	20	21	22	24	25	
591	21	23	
593	52	53	55	56	57	62	
594	33	51	51	52	54	54	55	56	59	60	63	
595	41	44	45	46	47	47	48	49	49	50	53	
596	4	9	38	43	45	48	
597	6	10	11	13	14	15	81	81	83	84	87	99	
598	8	13	14	15	16	20	83	84	85	86	88	89	91	95	100	
599	18	52	53	55	56	58	83	86	87	90	91	96	
600	49	50	51	52	53	53	55	60	88	91	92	95	
601	49	51	83	85	87	88	90	91	93	97	
602	5	8	10	12	13	14	67	84	85	88	90	
603	4	6	7	10	11	12	13	14	15	15	16	17	18	19	20	23	
604	12	16	17	17	20	20	21	22	23	25	
605	21	
618	55	61	
619	51	53	54	55	58	60	
620	34	45	50	52	54	61	65	
621	24	45	49	
622	14	21	23	24	45	
623	5	21	24	25	
624	22	24	
625	22	
628	35	52	53	53	54	55	56	57	58	60	63	
629	34	37	43	45	47	48	48	49	50	50	51	52	54	55	56	57	59	60	
630	29	41	43	44	45	45	46	47	48	48	49	49	51	
631	8	11	38	44	46	47	
632	6	11	13	15	26	81	82	84	85	87	90	93	100	
633	8	38	80	81	82	83	84	85	85	86	88	88	89	90	93	95	98	
634	52	53	55	81	81	82	84	85	86	87	88	89	90	91	94	96	99	
635	9	17	39	65	80	82	84	85	86	88	90	93	97	
636	6	8	10	11	12	13	14	14	15	16	17	18	18	19	84	
637	2	10	12	13	14	15	15	16	17	18	19	19	20	21	22	23	25	69	
638	20	21	22	24	
655	25	
662	55	
663	51	52	55	55	56	58	60	
664	35	45	48	49	49	50	51	52	54	55	56	59	63	65	
665	4	36	40	43	45	45	46	47	48	48	49	50	53	57	58	67	
666	27	36	39	42	44	45	46	47	48	48	49	51	
667	20	26	39	41	43	46	47	49	59	80	81	84	
668	9	20	38	38	40	43	44	47	49	66	80	81	82	83	84	
669	8	9	11	14	15	17	18	18	20	21	44	49	65	67	80	81	84	
670	6	10	12	13	14	15	16	17	18	19	20	21	23	24	43	
671	5	13	15	17	20	21	21	22	23	25	
672	22	
697	55	
698	35	51	53	53	55	55	57	60	
699	47	49	51	53	54	55	56	59	61	
700	24	40	44	45	47	48	49	50	51	55	56	58	60	64	
701	24	40	44	45	46	48	49	50	63	64	
702	9	14	18	20	23	24	25	27	43	45	47	60	
703	12	15	17	19	20	22	24	45	
704	8	13	15	20	22	23	24	25	
705	22	25	
733	55	
734	63	
735	25	
736	24	
737	24	25	
754	1	
1166	17	
1169	74	
1172	41	
1174	52	
1175	11	36	40	
1194	88	
1203	69	
1204	62	
1213	12	
1216	9	
1235	75	
1237	55	
1238	55	83	
1240	68	
1266	58	
1268	29	
1271	55	
1281	92	
1283	42	
1302	3	
1305	69	
1306	78	
1310	35	36	
1312	74	
1313	41	101	
1315	42	
1318	9	
1330	80	
1332	32	45	
1339	37	
1343	36	51	
1347	36	
1349	46	
1350	47	60	
1351	36	
1365	38	47	
1366	39	
1367	46	99	
1369	57	
1371	23	
1372	15	
1373	16	40	56	
1374	16	18	19	21	24	27	38	43	44	46	47	61	70	
1375	45	46	49	53	53	
1376	48	
1377	36	53	
1380	16	
1382	17	18	21	26	36	40	44	47	56	58	70	
1383	43	47	49	
1385	72	
1398	17	23	
1400	17	19	36	39	43	44	46	59	
1401	42	47	49	
1402	48	58	
1404	92	
1406	8	11	20	
1407	11	12	14	16	17	19	37	56	57	60	
1408	16	17	17	18	19	20	22	23	43	47	48	51	52	54	55	57	58	63	
1409	22	25	44	46	49	51	57	
1410	50	
1413	14	
1415	11	15	16	18	23	35	56	58	
1416	16	17	19	21	37	43	51	56	61	64	
1417	20	22	44	45	46	47	49	50	54	56	
1418	43	46	54	
1425	71	
1432	11	19	
1433	12	14	15	16	19	57	
1434	16	17	19	21	22	26	36	41	53	55	57	59	65	
1435	20	21	23	24	26	43	44	45	46	47	48	48	49	50	53	
1436	45	46	50	62	
1439	8	
1440	8	11	15	22	
1441	6	10	11	13	14	16	17	18	20	24	53	57	58	61	
1442	16	17	18	18	19	20	21	23	35	36	42	47	51	52	54	55	57	59	70	
1443	22	44	45	46	48	48	49	50	54	
1444	45	48	
1445	45	
1448	12	14	
1449	7	8	10	11	13	14	58	
1450	13	13	15	16	17	19	21	23	38	51	52	53	54	55	57	60	
1451	18	20	22	45	48	49	50	51	58	60	
1452	42	43	46	47	49	51	
1453	54	
1457	70	
1466	12	14	22	
1467	8	10	11	12	14	15	16	20	
1468	13	15	16	17	18	18	19	21	24	51	52	54	55	56	57	59	62	
1469	18	21	22	42	45	46	47	49	49	50	51	53	53	54	58	
1470	44	46	48	50	
1471	46	
1474	9	13	16	
1475	7	10	11	12	14	15	16	18	19	53	57	
1476	16	17	17	18	19	20	22	24	36	42	47	51	51	52	54	55	56	57	58	60	
1477	22	42	44	45	46	47	48	48	49	50	51	53	55	59	
1478	44	46	48	50	53	60	
1479	43	
1480	48	48	49	49	
1481	15	
1482	14	19	
1483	8	9	11	14	21	
1484	7	11	12	15	17	20	45	54	55	56	57	59	82	87	92	97	
1485	17	18	19	20	23	41	47	47	49	50	51	53	54	56	58	60	
1486	44	46	48	48	49	55	
1487	44	
1488	49	72	
1490	11	89	
1493	9	
1496	86	
1499	21	
1500	11	15	19	
1501	8	8	10	11	12	14	15	19	58	
1502	13	15	15	16	16	18	18	19	20	22	52	53	54	55	56	58	60	
1503	21	23	47	49	50	50	51	54	55	
1504	43	45	46	48	48	50	54	
1506	27	
1507	8	
1508	6	8	10	12	13	18	19	26	
1509	5	6	10	11	12	14	14	16	17	18	19	21	24	57	58	
1510	1	13	15	17	17	18	19	20	21	24	36	48	51	52	54	55	56	57	59	62	
1511	22	36	42	44	45	47	48	49	49	50	51	52	53	54	56	59	
1512	44	46	48	49	50	51	59	
1513	50	55	
1514	48	
1516	13	
1517	9	13	
1518	7	11	12	15	17	19	56	57	82	85	
1519	16	17	19	20	22	26	35	50	50	51	53	54	57	59	83	
1520	22	41	44	45	46	47	48	49	50	51	58	
1521	44	46	48	55	60	
1532	69	
1534	11	
1535	5	7	8	9	11	12	13	14	15	21	24	
1536	7	12	13	15	16	17	18	20	23	34	52	53	54	55	55	56	57	59	61	
1537	17	18	20	21	42	46	47	48	49	50	51	51	54	55	59	
1538	12	44	46	49	54	56	
1539	45	46	
1541	9	16	
1542	6	9	11	13	14	15	16	18	19	21	67	70	
1543	7	11	12	14	15	16	16	17	18	19	20	21	24	25	
1544	3	17	21	22	24	52	53	54	55	56	57	59	61	
1545	23	37	48	49	50	50	51	52	53	54	55	57	58	
1546	43	45	46	47	48	49	50	52	54	57	
1547	43	49	51	
1548	42	48	
1551	10	15	
1552	4	7	9	11	12	14	15	16	95	
1553	13	15	16	17	19	20	35	36	52	53	55	56	58	61	81	87	89	93	98	
1554	18	23	43	45	47	49	50	51	52	54	57	
1555	45	46	48	49	51	55	
1556	48	
1566	83	
1568	9	13	
1569	9	10	12	14	15	58	
1570	7	11	12	13	14	15	17	18	20	37	52	52	55	56	56	57	59	62	83	88	91	
1571	17	17	20	21	22	38	43	48	50	51	52	53	54	55	56	57	59	
1572	44	46	49	49	51	53	53	
1573	47	
1574	27	
1575	7	9	11	14	17	18	68	
1576	7	9	11	12	13	13	14	15	16	17	18	19	20	22	
1577	12	17	19	20	21	23	23	25	
1578	22	53	55	56	57	58	62	
1579	51	51	52	54	54	55	56	58	60	92	
1580	32	39	46	47	47	49	50	51	52	54	
1581	42	43	45	46	47	48	49	51	54	
1585	10	
1586	4	8	10	12	14	16	21	
1587	7	12	13	14	15	16	20	53	55	57	58	58	60	81	83	
1588	16	17	18	19	20	22	42	47	47	50	50	51	53	54	55	57	57	60	
1589	44	46	46	48	48	49	61	
1590	43	67	
1601	14	
1602	13	84	
1603	5	9	10	13	
1604	5	7	10	11	11	12	14	15	15	16	22	53	57	62	83	86	
1605	16	17	18	19	19	21	43	47	47	47	51	52	52	54	55	57	58	60	87	93	
1606	41	44	45	46	47	48	49	50	54	
1607	44	49	
1608	9	
1609	6	9	10	11	12	13	14	17	18	19	20	67	
1610	6	10	12	14	15	16	17	19	20	21	23	23	25	
1611	21	22	25	
1612	82	86	87	90	91	92	94	95	
1613	51	52	54	55	56	57	60	85	86	87	88	90	91	93	95	97	101	
1614	16	17	37	47	48	50	51	52	53	53	54	57	59	61	63	93	
1615	43	44	46	47	49	50	56	
1616	43	46	49	52	57	
1618	33	
1620	5	8	10	13	13	17	95	
1621	8	11	12	14	15	16	18	19	24	56	57	57	82	85	88	88	100	
1622	16	16	17	19	20	22	23	48	50	51	52	53	54	55	56	59	69	83	87	
1623	43	45	46	48	49	50	51	
1624	45	49	54	
1627	70	
1637	9	15	
1638	5	6	10	11	12	13	13	14	15	19	57	83	88	
1639	12	16	17	18	19	20	22	35	38	51	51	52	53	54	54	55	56	58	59	60	83	83	86	93	
1640	17	21	23	37	42	44	45	46	47	49	50	51	52	54	
1641	13	33	42	44	45	46	48	48	49	63	
1642	11	14	18	40	
1643	8	10	11	13	14	15	15	16	17	19	21	24	26	57	69	88	
1644	18	20	20	21	22	23	25	26	51	53	55	
1645	49	51	88	91	92	94	
1646	9	81	82	84	84	86	88	88	90	92	94	99	
1647	7	10	11	12	13	14	15	57	58	80	81	82	83	83	84	85	86	88	88	90	93	94	100	
1648	16	20	51	52	53	54	55	55	56	60	82	86	87	90	92	95	
1649	18	32	38	38	42	45	47	47	49	49	50	51	57	59	
1650	36	44	46	48	50	
1651	49	
1653	9	28	
1654	10	14	
1655	5	8	10	11	13	14	14	15	16	18	18	20	24	58	
1656	16	17	17	18	19	20	21	25	35	48	51	51	52	54	54	55	56	57	59	61	68	82	
1657	23	44	45	46	47	48	49	50	52	54	60	
1658	48	53	
1660	31	
1669	11	
1671	10	
1672	4	7	8	9	10	11	13	13	14	15	18	99	
1673	7	11	12	15	15	16	19	20	22	23	51	52	53	55	56	57	61	82	83	85	87	89	92	95	
1674	18	20	21	38	50	51	51	54	60	
1675	41	44	45	46	47	48	49	53	
1676	9	11	14	19	24	27	44	57	
1677	13	17	20	21	24	27	52	55	56	61	69	
1678	23	47	49	50	52	53	55	58	93	
1679	50	54	81	83	84	85	87	89	90	95	99	
1680	8	80	82	83	85	91	98	
1681	8	10	12	14	15	80	83	86	91	
1682	6	12	13	14	15	19	52	53	55	55	57	58	60	81	82	83	85	87	89	93	96	99	
1683	16	17	18	20	36	50	50	51	52	53	54	56	57	60	88	91	92	
1684	32	40	43	44	45	47	48	48	49	50	51	59	
1685	42	45	46	49	
1686	46	48	
1687	18	
1688	9	9	12	14	
1689	5	6	9	10	11	12	14	15	16	18	19	20	57	58	
1690	16	17	18	18	19	20	22	23	51	51	52	54	57	59	61	
1691	18	21	31	45	46	47	48	49	50	51	53	
1692	45	47	48	56	
1694	39	
1706	5	6	8	10	13	13	15	
1707	6	10	11	12	13	14	15	17	18	21	81	84	86	90	96	
1708	16	17	18	21	53	55	85	87	90	92	94	98	
1709	17	21	64	
1710	24	45	56	59	
1711	24	48	50	51	52	55	57	93	
1712	49	51	55	87	89	90	92	95	
1713	79	81	84	87	88	91	93	
1714	81	88	
1715	5	7	10	
1716	7	8	10	11	13	13	14	15	81	83	84	87	90	
1717	17	21	52	53	55	57	58	59	81	82	83	85	88	90	92	94	98	
1718	16	16	17	18	22	32	41	48	50	51	52	54	55	56	60	64	
1719	33	39	43	43	45	46	47	49	49	51	56	62	
1720	38	42	46	49	
1721	26	
1722	10	12	13	15	19	27	69	
1723	8	10	12	13	14	15	16	17	19	20	22	56	56	57	
1724	18	19	20	21	22	24	27	35	51	51	52	53	53	54	54	55	56	58	59	
1725	23	44	45	46	48	49	49	50	51	52	54	
1726	49	
1728	50	
1740	10	14	19	
1741	7	8	10	12	14	15	82	83	91	96	
1742	6	10	12	13	14	82	84	85	87	89	90	95	
1743	82	87	90	91	92	93	95	96	
1744	52	53	54	55	87	87	91	92	93	94	95	97	
1745	50	52	54	86	86	87	89	90	91	92	94	96	
1746	80	81	83	83	84	86	87	88	89	91	93	95	
1747	82	83	
1749	8	
1750	9	11	14	99	
1751	3	7	10	11	12	14	15	17	82	83	85	92	97	100	
1752	16	18	18	19	22	34	52	53	54	55	56	57	60	83	86	87	90	92	95	
1753	17	22	35	38	41	43	44	45	48	49	50	51	54	56	58	58	64	
1754	24	36	41	44	45	46	47	48	49	50	51	53	63	
1755	26	39	42	43	45	47	49	
1756	8	9	11	13	14	15	16	19	20	26	40	
1757	5	7	11	12	13	15	15	17	18	19	20	21	23	56	57	68	
1758	21	22	23	23	50	50	51	52	52	53	54	54	55	56	59	
1759	48	49	50	52	59	63	86	88	89	91	95	
1760	49	
1769	84	
1771	40	
1773	13	16	
1774	15	101	
1775	4	16	
1776	12	15	81	83	85	87	89	94	99	
1777	81	81	82	83	84	85	86	88	90	92	95	100	
1778	81	82	82	84	85	85	87	88	90	95	
1779	80	81	82	83	83	84	85	86	88	90	95	101	
1780	79	81	82	84	87	90	
1781	88	
1782	93	
1784	9	13	25	
1785	2	4	8	10	11	14	82	84	89	
1786	6	11	13	13	14	15	18	52	55	82	84	86	89	91	94	100	
1787	16	18	22	51	52	54	55	56	59	63	87	90	91	92	95	
1788	17	25	53	54	59	
1789	13	23	44	45	49	65	
1790	6	9	11	14	21	24	44	57	
1791	15	22	23	25	52	55	56	58	59	
1792	22	49	50	51	53	55	91	93	98	
1793	48	51	54	62	81	82	85	86	87	89	90	93	100	
1794	85	91	94	
1809	46	90	94	
1810	85	
1811	81	83	86	91	
1812	79	81	83	84	90	97	
1813	81	84	86	89	
1814	85	
1815	85	103	
1816	94	
1818	4	7	
1819	5	7	
1820	8	8	10	12	14	81	84	86	88	99	
1821	7	10	11	13	14	15	21	81	82	82	83	85	86	88	90	93	94	99	
1822	16	88	90	92	94	96	
1823	87	91	92	97	
1824	24	53	92	
1825	52	54	55	58	87	91	92	96	
1826	53	55	57	82	87	89	90	91	93	94	
1827	54	80	82	83	85	87	89	92	94	99	
1828	82	86	
1845	41	84	
1846	92	
1847	26	57	
1851	93	
1854	5	9	19	84	
1855	9	12	15	81	82	83	86	90	100	
1856	6	9	12	80	81	81	82	84	85	87	89	92	93	96	99	
1857	13	81	82	82	84	85	86	88	90	91	94	100	
1858	55	82	83	84	86	86	89	90	91	92	94	97	
1859	55	81	82	83	84	85	86	87	88	89	90	92	93	99	
1860	80	81	82	83	84	85	87	89	90	96	98	
1861	80	85	91	
1862	81	
1877	34	
1881	26	
1890	82	86	91	
1891	81	82	84	87	88	99	
1892	80	81	82	84	85	88	
1893	80	82	84	88	98	
1894	80	83	83	88	93	
1895	84	
1905	87	
1906	82	
1907	44	
1912	93	
1922	30	
1924	86	
1925	85	99	
1926	97	99	
1927	83	88	94	
1929	63	
1948	101	
1955	5	
1959	3	
1960	85	
1964	67	
1966	79	
1979	45	
1991	99	
1998	69	
2013	43	
2014	61	
2025	31	
2026	83	
2038	100	
2047	100	
2081	55	
2084	56	
2098	88	
2102	90	
2136	39	
2139	17	
2146	24	
2181	9	
2185	13	94	
2188	33	
2191	8	
2196	30	
2204	11	
2227	15	
