109	92	
110	16	
140	56	
142	95	
143	85	86	88	89	90	92	95	
144	16	86	88	90	92	
145	17	
174	56	57	
175	50	53	60	
176	47	48	50	
177	8	10	11	14	81	83	84	85	86	88	89	98	
178	12	15	16	19	20	81	82	84	87	91	98	98	
179	16	17	21	
195	2	
208	53	55	56	57	58	60	
209	34	36	47	50	51	52	54	55	56	61	
210	43	44	45	46	47	47	48	49	
211	5	6	9	11	80	
212	6	8	10	11	12	14	15	15	18	20	82	84	88	91	96	
213	16	17	18	20	22	91	98	
240	88	
242	53	55	57	
243	51	52	52	54	55	56	57	58	61	
244	42	46	47	48	48	49	50	51	53	
245	10	44	45	46	
246	2	6	8	8	10	11	13	13	14	15	82	85	92	97	
247	12	15	16	17	17	19	20	22	82	83	87	90	
248	17	18	22	
259	87	91	96	
260	83	86	88	91	92	94	97	
261	83	85	87	88	89	90	92	93	97	
262	88	92	
263	17	
276	57	
277	36	51	52	53	53	54	55	56	56	57	58	61	
278	43	45	46	47	48	49	50	50	51	54	
279	44	45	46	48	
280	2	7	9	10	11	12	14	15	80	
281	1	7	13	15	16	17	18	19	20	25	83	87	101	
282	17	20	22	
288	88	90	92	97	
289	16	87	90	97	
291	51	53	53	56	59	
292	31	43	46	48	49	52	57	
293	37	41	46	47	70	81	84	
294	11	44	46	80	81	84	
295	7	11	15	80	81	83	84	86	89	
296	8	12	15	82	83	85	86	87	89	91	94	98	
297	17	82	86	87	90	91	92	93	97	
298	16	19	
311	52	52	54	55	56	57	58	59	
312	34	47	48	50	50	51	52	53	54	60	
313	43	44	45	46	47	49	50	
314	5	8	8	10	11	12	13	14	
315	11	12	14	15	16	16	17	18	19	20	24	69	80	
316	17	19	21	22	
319	57	
320	51	
321	48	86	92	94	
322	10	82	85	86	88	89	90	92	95	
323	13	16	17	19	82	85	89	
324	18	22	
325	55	
326	51	55	57	61	
327	33	49	50	51	53	54	56	57	59	
328	45	46	47	48	48	49	50	56	74	
329	42	44	45	46	46	48	79	
330	6	8	11	70	80	81	82	84	
331	10	11	13	13	15	19	80	81	83	83	84	86	87	88	90	92	94	98	
332	7	16	17	82	83	85	87	89	91	93	93	98	
333	16	17	18	
345	52	53	55	56	57	57	62	
346	34	47	47	50	51	51	52	54	54	55	60	
347	43	44	45	46	48	49	49	
348	5	9	10	11	13	14	
349	8	11	13	14	15	16	16	19	20	23	27	81	84	
350	17	18	20	21	22	
352	57	
353	52	55	56	61	
354	46	47	50	51	53	
355	8	82	84	85	87	88	90	91	94	
356	9	11	12	14	14	16	18	80	81	83	84	85	87	89	
357	12	14	15	16	17	17	19	19	20	21	23	27	69	81	
358	18	21	
361	53	55	57	
362	35	48	51	52	54	55	56	57	58	60	65	
363	35	42	45	47	49	50	51	53	55	56	58	
364	44	44	45	46	47	48	48	49	50	
365	4	7	8	10	11	13	14	43	80	
366	7	11	12	14	15	16	18	20	23	81	82	84	85	90	
367	16	17	18	20	21	
379	52	55	56	56	57	58	62	
380	35	46	47	50	50	51	52	53	54	55	59	
381	32	44	45	46	47	48	49	50	
382	5	8	9	10	11	13	44	
383	6	11	12	13	13	14	15	15	16	16	19	23	
384	16	17	18	20	21	22	25	
386	56	57	60	
387	33	50	51	52	53	53	54	56	58	
388	46	47	48	49	50	54	86	91	95	101	
389	9	10	13	45	80	82	84	85	87	89	91	97	
390	4	6	8	10	11	12	13	14	15	16	16	19	68	79	81	85	
391	17	17	18	19	20	21	22	23	24	
392	22	
396	55	58	
397	35	48	50	51	52	53	53	54	55	56	56	59	60	62	
398	41	44	45	46	47	48	49	49	50	50	
399	3	9	10	13	44	49	
400	6	8	10	11	12	12	14	15	15	16	19	81	84	86	91	100	
401	16	17	17	18	20	21	22	23	24	26	82	
413	52	56	57	57	62	
414	34	48	50	51	51	52	53	53	54	54	55	56	59	
415	43	44	45	46	47	48	49	49	50	
416	4	6	8	9	11	13	14	
417	7	10	11	12	12	13	14	15	16	17	18	19	25	69	
418	17	18	19	20	21	22	23	24	
419	58	
420	52	56	57	
421	47	49	50	51	51	52	54	54	55	59	
422	47	48	50	84	87	89	90	93	94	
423	9	10	13	14	80	84	87	89	
424	6	8	11	12	13	14	15	15	16	17	18	19	20	24	69	
425	17	18	20	21	22	22	25	26	
426	23	
430	56	58	
431	33	37	48	51	52	53	53	54	55	56	56	58	59	62	
432	45	46	46	47	48	49	49	50	53	
433	9	11	13	44	67	
434	3	7	11	12	14	15	15	16	18	19	
435	17	19	20	21	21	23	23	26	
447	52	55	56	57	58	62	
448	35	36	50	51	52	52	53	54	55	55	56	58	60	61	
449	32	45	46	47	48	49	49	50	51	53	
450	8	9	10	14	43	
451	1	6	11	12	13	13	14	15	15	16	19	20	24	73	
452	17	18	19	21	22	22	25	
453	56	58	
454	33	51	51	52	55	57	60	
455	49	50	51	52	53	54	87	90	92	96	
456	8	48	82	83	85	87	89	90	96	
457	4	9	10	11	13	14	80	84	93	
458	6	8	12	13	14	15	16	17	18	19	20	22	23	25	70	
459	17	20	21	22	
464	58	
465	48	52	53	54	55	60	62	
466	47	49	50	51	54	
467	3	9	13	44	
468	5	7	10	11	12	14	15	15	16	17	19	19	24	68	
469	18	20	21	23	24	
477	61	
481	56	57	58	61	
482	48	50	51	51	52	54	55	56	57	60	
483	41	44	45	46	47	48	49	49	50	50	53	
484	9	10	43	45	49	
485	3	6	7	10	11	12	13	13	14	15	19	
486	16	17	20	22	23	57	90	93	97	
487	52	56	
488	33	51	52	53	53	55	55	59	88	92	96	
489	43	47	50	51	54	82	85	86	87	89	90	93	95	
490	46	81	82	83	84	86	88	90	93	
491	5	7	9	10	11	12	13	15	83	90	
492	7	11	12	13	13	15	15	17	19	21	23	25	
493	17	18	20	22	87	90	92	96	
494	17	
498	53	56	
499	51	52	54	55	60	
500	8	49	82	87	91	
501	9	11	13	14	16	18	
502	4	15	16	17	19	20	22	24	26	
503	21	23	24	
516	34	51	52	53	54	55	55	56	57	58	60	
517	36	45	47	48	48	49	50	50	51	54	
518	4	43	44	45	46	47	49	
519	8	9	11	12	14	15	23	
520	7	13	81	84	86	87	89	90	92	97	
521	52	53	54	83	86	87	88	89	90	91	92	96	
522	50	52	55	57	63	82	86	87	89	90	92	94	97	
523	16	38	47	48	50	55	56	59	66	81	83	84	85	86	89	
524	17	19	31	42	44	45	46	47	48	48	70	80	85	
525	5	7	9	11	14	44	46	68	
526	8	9	11	12	14	15	22	25	82	85	88	96	
527	11	13	14	15	17	20	81	83	85	86	87	89	90	92	94	97	
528	16	83	87	90	91	93	94	98	
529	87	90	92	
532	53	55	61	
533	54	87	88	89	91	92	96	
534	11	16	67	82	84	85	87	89	92	93	99	
535	8	10	11	12	14	15	16	18	18	19	79	
536	3	13	18	20	21	22	23	
537	22	
550	52	53	54	55	56	58	59	
551	48	50	50	51	52	53	54	56	57	59	64	
552	32	42	43	45	46	47	47	48	49	
553	5	10	14	37	43	46	49	
554	48	80	81	82	83	84	86	89	94	
555	80	81	82	84	85	86	87	89	90	94	97	99	
556	10	16	17	18	80	81	82	83	85	86	88	89	
557	8	13	16	17	17	18	19	20	55	56	57	59	61	68	78	80	
558	17	20	21	21	23	25	26	34	38	43	44	45	47	48	48	49	50	51	53	55	56	57	58	61	
559	22	25	30	42	44	45	46	47	47	49	50	
560	10	13	25	44	46	48	
561	7	10	12	15	26	80	81	83	84	86	89	90	95	
562	8	10	13	14	80	81	82	84	85	86	87	88	89	91	94	
563	12	14	16	81	82	83	84	86	87	88	89	90	91	93	94	98	101	
564	83	85	86	88	90	91	93	96	
565	55	83	87	88	90	91	92	95	
566	53	83	86	87	89	90	91	94	97	
567	82	85	86	88	89	91	96	
568	7	9	11	12	13	14	17	18	19	80	81	83	84	85	
569	15	17	18	19	20	20	21	25	
570	23	23	26	
575	94	94	95	
580	48	
584	55	58	
585	35	51	52	53	54	55	55	56	57	57	59	62	
586	35	40	41	42	46	47	48	49	50	50	51	52	53	54	55	56	57	58	60	62	
587	30	41	43	43	45	45	46	47	48	49	49	50	56	66	
588	18	40	42	43	44	45	46	47	47	49	67	72	80	
589	12	13	19	19	39	43	44	47	64	79	79	80	81	82	83	
590	8	9	10	12	13	14	17	18	19	20	20	21	45	64	68	68	70	80	81	
591	15	18	20	21	22	23	23	25	58	61	74	
592	22	22	24	51	52	53	53	54	55	56	56	57	59	61	
593	32	35	42	45	47	48	48	49	50	51	51	52	54	56	57	58	58	62	
594	30	40	43	44	44	45	46	46	47	48	49	49	50	56	57	61	66	75	
595	20	38	40	42	44	44	46	47	48	48	68	80	
596	8	9	20	26	44	46	80	81	84	99	
597	10	13	79	80	81	82	83	84	86	
598	81	82	83	84	85	86	87	89	91	95	100	
599	81	81	82	84	85	86	87	89	90	93	96	99	
600	16	18	19	66	80	81	82	84	85	86	88	90	93	
601	6	9	11	12	14	15	16	17	18	19	19	20	44	69	79	80	82	83	85	
602	13	15	18	19	20	20	21	
603	21	22	23	23	25	
619	55	
620	51	53	54	55	60	
621	45	51	54	58	61	76	
622	30	45	49	
623	14	21	23	24	25	44	45	48	65	
624	22	23	24	24	
625	22	23	24	25	
626	55	91	92	
627	50	52	55	58	60	
628	50	52	53	54	56	57	58	59	62	
629	24	30	44	45	47	48	50	50	51	52	54	55	56	57	59	61	
630	24	32	40	43	43	44	45	46	47	48	48	49	49	50	56	58	69	
631	19	23	23	27	37	40	43	44	45	46	50	56	58	66	
632	10	15	18	19	20	21	27	29	41	43	44	45	46	47	48	48	49	66	72	80	81	84	
633	10	15	17	19	20	20	29	41	44	45	46	63	66	72	79	80	81	83	84	
634	7	9	11	12	13	14	15	17	18	19	20	20	21	26	44	70	79	80	83	
635	15	20	21	21	22	24	68	
636	21	22	23	24	25	
643	1	1	
660	93	
663	51	53	55	62	
664	45	49	50	54	58	58	62	
665	23	33	45	50	54	62	74	
666	21	24	44	50	62	
667	10	21	22	23	24	25	48	
668	13	22	23	24	27	
669	1	22	23	25	
694	101	
1162	25	
1170	102	
1171	12	
1175	71	
1186	52	
1196	46	
1198	24	
1206	13	26	68	
1208	49	
1214	36	
1219	61	
1228	43	
1230	61	
1233	52	
1234	22	
1245	54	
1250	36	
1253	102	
1265	43	47	
1277	31	
1279	11	
1295	17	
1297	33	
1298	16	19	21	67	
1299	21	24	42	44	47	48	53	56	64	
1300	45	46	49	
1302	48	
1307	35	
1308	97	
1315	35	
1331	9	13	14	18	
1332	12	14	15	16	18	20	34	36	55	56	57	59	
1333	17	19	21	22	23	25	26	43	47	48	49	50	50	52	54	62	70	
1334	44	46	48	49	57	
1338	88	
1347	11	
1350	4	4	4	5	
1363	21	
1365	10	15	
1366	6	8	10	11	13	14	15	17	20	53	55	56	56	57	60	
1367	16	16	18	19	21	23	23	48	51	52	53	54	55	57	60	
1368	43	44	45	46	47	48	49	51	63	
1369	49	
1370	49	
1380	47	55	60	
1381	46	
1382	43	44	46	
1383	60	
1384	33	45	
1385	27	
1394	73	
1395	39	
1399	9	13	19	
1400	6	9	10	12	13	14	15	19	57	61	
1401	12	16	17	20	22	25	33	48	51	52	53	54	55	56	59	82	
1402	42	45	46	47	48	49	50	51	58	
1403	44	49	
1404	53	
1409	26	36	
1410	46	
1411	25	59	
1414	17	20	
1415	16	18	19	20	27	56	58	65	
1416	20	23	26	40	44	50	58	63	
1417	21	27	34	40	43	45	46	48	50	71	
1418	26	41	45	46	49	63	
1419	46	48	
1420	78	
1422	53	
1424	15	
1432	16	
1433	10	
1434	6	9	10	12	13	14	15	20	
1435	7	15	16	17	18	19	21	34	51	52	54	55	56	56	57	58	61	81	88	91	101	
1436	17	18	21	23	43	46	47	48	49	49	50	51	53	54	
1437	45	46	49	
1438	48	
1442	20	
1443	36	43	45	47	
1444	17	26	43	46	47	59	72	
1445	47	49	54	
1447	10	14	
1448	15	17	25	
1449	17	23	
1450	16	23	51	55	57	60	
1451	17	21	23	32	45	50	54	57	59	
1452	22	29	36	40	44	48	50	52	53	62	74	
1453	43	45	46	47	49	51	
1454	43	46	50	
1455	52	
1456	62	81	
1459	71	
1465	82	
1467	14	68	
1468	9	11	13	19	
1469	6	8	10	11	12	16	18	19	21	34	52	52	55	56	57	58	60	81	85	99	
1470	17	20	21	23	42	46	47	49	50	51	52	53	54	70	
1471	45	46	48	49	
1472	43	43	
1476	12	15	16	
1477	8	13	15	16	18	18	20	21	56	58	61	69	69	
1478	19	20	22	23	44	46	48	49	50	51	54	72	
1479	43	45	47	49	57	
1481	13	
1482	20	
1483	10	83	87	90	96	
1484	7	10	12	14	82	86	90	93	
1485	18	34	55	62	87	91	92	93	96	
1486	16	18	24	49	50	51	55	57	58	60	93	
1487	40	44	45	47	49	50	51	54	56	
1488	44	46	47	48	49	51	
1489	45	46	63	
1492	61	
1498	103	
1499	23	
1502	5	8	10	12	13	15	21	93	
1503	6	11	12	12	13	14	15	16	17	18	22	24	34	52	53	55	56	57	58	60	68	83	
1504	16	17	19	20	21	25	43	46	47	50	51	53	55	60	
1505	45	47	48	49	51	
1506	43	43	
1507	54	
1508	14	81	
1509	14	
1510	6	9	11	14	16	18	19	57	
1511	11	13	15	16	17	17	18	19	20	21	52	56	57	58	68	
1512	21	22	23	24	25	28	32	45	46	49	50	51	53	53	55	61	
1513	48	50	93	
1517	82	
1518	10	13	80	82	84	89	
1519	7	9	11	13	15	18	80	82	84	86	88	92	
1520	12	15	16	53	55	55	56	57	58	62	82	86	88	89	91	97	
1521	16	17	18	21	42	47	50	50	51	53	54	55	56	61	
1522	44	45	46	48	48	49	50	
1530	73	
1536	7	9	10	13	15	16	
1537	4	6	7	11	11	12	14	15	16	18	19	34	36	52	55	56	57	60	81	
1538	16	17	17	19	20	21	22	23	26	46	47	49	50	51	52	53	54	55	57	60	
1539	44	45	46	47	48	49	
1540	38	45	47	53	
1543	10	14	17	26	
1544	7	10	11	12	14	15	16	17	19	20	22	54	56	57	
1545	5	13	18	19	20	21	22	24	27	33	47	50	51	51	52	55	56	61	71	
1546	16	22	44	46	48	49	51	54	
1547	44	48	53	83	85	89	
1548	54	
1552	10	
1553	8	10	14	82	
1554	6	10	11	12	14	15	16	19	21	23	57	58	68	80	82	84	93	
1555	18	19	20	26	34	36	51	52	52	54	55	56	59	62	82	
1556	22	45	46	48	48	49	50	53	55	
1557	46	
1565	89	
1566	84	
1569	9	
1570	10	13	13	
1571	3	6	8	10	11	12	14	14	15	17	19	23	55	55	56	57	58	60	74	
1572	16	17	18	19	20	21	24	47	48	51	51	52	53	54	55	58	59	
1573	43	45	46	49	50	53	55	
1574	50	
1576	10	
1577	8	10	13	13	15	17	67	
1578	6	11	12	14	15	16	17	18	18	19	20	21	25	53	56	57	60	
1579	3	21	22	23	24	26	42	47	48	50	51	52	53	54	55	56	
1580	23	47	49	50	51	87	91	94	
1581	52	55	88	
1586	17	
1587	12	93	
1588	8	9	10	11	12	14	15	17	53	58	
1589	8	13	16	16	17	19	20	23	26	50	51	52	53	54	55	60	70	82	99	
1590	45	46	48	49	51	92	
1591	51	54	58	
1595	66	76	76	76	77	
1602	15	
1603	14	
1604	9	15	
1605	4	6	8	11	12	13	14	15	15	16	20	53	56	57	62	
1606	16	17	18	19	20	23	25	42	47	47	50	50	51	52	54	54	55	56	58	82	
1607	23	44	45	46	47	48	49	
1608	45	
1609	39	
1610	13	14	17	18	71	
1611	4	8	9	10	12	14	14	15	16	17	18	19	20	
1612	7	12	15	17	18	19	20	21	22	23	25	26	52	55	55	56	57	58	61	68	
1613	21	22	42	46	47	49	49	50	51	52	53	54	57	58	61	
1614	38	44	45	47	48	50	57	83	
1615	85	89	
1619	41	100	
1621	14	17	18	
1622	4	8	11	12	14	15	16	18	20	24	26	53	57	
1623	20	21	23	51	52	54	55	59	70	
1624	48	50	54	85	87	90	92	95	101	
1625	90	
1626	55	
1633	60	
1638	9	13	15	19	
1639	3	7	10	10	12	13	14	14	21	52	55	57	61	80	
1640	16	18	19	21	25	34	51	52	53	53	54	55	57	59	82	87	89	92	95	
1641	18	22	33	42	43	45	46	47	48	49	50	54	64	
1642	45	46	49	
1643	14	16	43	44	70	
1644	7	9	11	13	14	15	17	18	20	23	
1645	7	9	11	12	15	16	17	17	19	20	21	24	25	58	71	
1646	18	21	22	22	24	27	34	52	56	57	59	63	69	69	70	71	
1647	22	23	37	39	43	47	49	50	51	51	53	53	54	55	57	
1648	43	44	45	46	47	48	48	49	51	56	
1649	43	45	46	47	49	
1650	46	
1652	21	52	
1654	13	19	40	
1655	9	14	17	18	26	67	
1656	5	6	12	14	17	19	20	21	34	53	56	63	
1657	22	23	24	49	50	53	55	61	
1658	49	56	81	83	85	87	89	93	96	
1659	86	
1660	93	
1664	72	
1671	22	
1672	11	
1673	4	7	9	10	12	15	21	83	
1674	8	12	15	16	17	19	21	27	34	52	53	54	55	56	58	61	80	82	85	88	89	96	
1675	17	18	21	30	33	43	47	49	50	52	53	55	58	
1676	41	44	47	49	59	
1677	18	20	23	45	46	66	72	
1678	8	8	10	12	13	13	15	20	21	43	
1679	11	15	21	22	23	25	
1680	1	53	55	55	58	87	88	89	90	91	93	95	97	
1681	16	50	51	52	53	54	55	56	57	59	62	87	88	91	92	94	97	
1682	31	37	40	43	45	47	48	48	49	50	51	54	56	57	59	
1683	31	42	44	45	46	47	48	49	50	54	56	61	
1684	29	40	44	46	47	49	51	61	
1685	22	41	43	46	47	49	59	72	
1686	27	41	60	
1687	10	17	19	46	
1688	9	13	16	20	70	
1689	4	9	11	15	17	18	19	20	21	43	56	70	
1690	19	20	21	24	51	52	60	
1691	22	50	54	90	92	98	
1692	83	83	85	91	
1694	93	
1707	4	7	9	10	14	
1708	6	10	11	12	15	16	20	55	63	82	86	93	
1709	16	20	34	51	54	59	86	87	91	93	97	
1710	16	17	45	61	64	
1711	11	14	24	44	56	
1712	3	21	22	23	25	51	54	60	
1713	22	90	91	94	98	
1714	9	10	13	81	82	83	84	85	86	89	91	94	
1715	6	11	15	16	55	63	81	82	83	84	85	86	87	89	90	94	96	
1716	16	20	52	53	53	54	57	59	62	87	91	93	97	
1717	29	34	49	50	52	55	56	58	58	61	
1718	23	43	45	47	48	50	51	54	57	59	
1719	30	37	40	43	44	46	47	48	49	51	62	64	66	
1720	19	23	44	46	49	58	
1721	19	21	23	43	47	
1722	7	10	12	17	20	21	24	28	44	57	64	68	
1723	22	24	50	51	52	61	68	
1724	22	25	49	50	53	54	58	91	97	
1725	82	84	86	90	
1726	87	88	
1740	13	
1741	8	15	36	37	38	
1742	9	10	12	14	23	81	86	94	
1743	8	11	12	13	13	14	15	81	82	83	85	86	89	91	97	
1744	12	86	87	88	90	92	95	97	
1745	52	53	54	87	88	90	91	91	95	97	
1746	50	54	56	86	87	88	90	91	93	95	97	
1747	80	81	83	84	85	87	88	89	92	93	
1748	4	7	12	14	79	80	85	89	
1749	8	8	10	12	14	79	80	81	85	90	97	102	
1750	6	11	13	14	15	16	80	81	82	83	85	86	88	89	90	92	96	100	
1751	61	87	88	89	90	91	93	94	97	
1752	17	52	54	55	58	61	87	88	90	91	92	
1753	16	17	25	32	45	50	54	61	
1754	23	25	44	45	50	56	59	65	
1755	9	22	23	25	45	49	57	64	
1756	21	22	24	50	52	53	55	56	
1757	4	23	25	51	52	55	88	91	93	94	98	
1758	83	85	86	88	89	90	93	93	97	
1759	81	83	87	90	94	
1760	86	
1770	2	
1775	15	
1776	13	
1777	8	10	15	80	82	83	87	89	94	
1778	80	81	82	82	83	84	85	87	89	93	100	
1779	82	83	84	85	85	86	89	91	93	
1780	80	81	81	82	83	84	85	86	89	95	
1781	79	80	82	85	101	
1782	82	83	89	
1783	5	6	10	14	81	85	90	
1784	9	79	81	82	84	87	
1785	10	13	15	80	81	81	82	83	84	85	87	89	90	100	
1786	7	10	12	14	15	82	84	85	86	88	89	91	95	98	
1787	87	89	90	91	92	94	96	
1788	91	92	94	95	98	
1789	52	87	88	90	91	92	95	98	
1790	53	87	90	92	94	96	
1791	53	81	83	84	85	87	89	91	
1792	82	84	86	
1793	83	85	
1795	89	
1810	15	
1811	82	
1812	78	79	81	84	91	
1813	79	80	82	83	84	86	88	
1814	79	81	83	85	91	
1815	81	97	
1818	85	94	
1819	79	81	84	93	94	
1820	8	12	14	80	81	83	85	88	96	
1821	7	80	81	81	82	83	84	85	88	90	95	
1822	78	82	83	85	86	88	88	89	91	93	96	
1823	80	81	82	84	84	85	87	89	92	95	
1824	80	81	82	83	84	85	87	88	90	97	99	
1825	79	80	82	84	86	92	98	
1826	82	84	
1848	84	
1849	32	
1853	89	
1854	84	
1855	79	81	84	89	94	
1856	79	80	82	84	87	90	94	
1857	78	79	80	83	87	
1858	79	80	84	
1871	70	
1877	8	
1880	93	
1884	53	
1888	83	
1890	40	
1893	87	90	
1901	1	
1902	77	
1912	100	
1918	14	
1923	93	
1925	84	92	
1946	101	
1949	100	
1950	20	
1957	19	
1962	85	
1966	47	
1968	58	83	
1976	56	
1981	17	
1985	61	
2020	91	
2027	52	
2029	14	
2030	52	
2046	68	
2053	19	
2078	37	
2103	65	
2160	8	
2194	10	
2216	14	
2251	12	
