16	68	70	
112	30	
152	93	
220	89	93	
224	90	92	
225	87	88	89	90	91	92	95	
226	83	87	88	91	92	95	
246	92	
247	92	
252	90	92	
253	86	88	89	91	92	97	
254	86	91	93	97	
255	57	
256	53	
257	48	50	
258	83	84	87	89	91	100	
259	6	11	81	81	82	83	84	86	87	89	90	92	94	98	
260	7	11	13	14	15	80	81	82	84	85	86	89	90	92	94	101	
261	15	16	18	85	87	90	92	95	
262	16	18	
278	87	88	89	90	92	97	
279	83	84	86	87	88	88	90	91	92	93	96	
280	10	82	83	85	86	88	89	90	91	92	94	98	
281	15	81	83	86	87	88	90	91	93	94	
282	16	91	
283	17	57	
284	36	
285	46	
286	82	84	86	87	88	89	91	93	98	
287	10	81	82	83	84	85	86	87	89	90	91	94	97	
288	11	13	14	17	20	82	83	85	86	88	90	93	95	
289	17	18	20	56	
290	51	51	53	53	55	56	57	58	
291	33	41	43	44	46	47	48	49	50	51	59	
292	39	46	48	
293	9	14	80	81	83	84	88	
294	6	8	9	11	12	14	15	79	80	81	82	83	84	86	88	91	94	100	
295	7	12	13	15	16	17	19	82	83	83	85	87	89	91	97	
296	16	17	18	20	92	
309	57	
310	47	50	52	56	
311	50	
312	82	83	84	85	86	88	89	90	92	94	
313	80	81	82	84	85	86	88	89	90	92	93	96	
314	6	80	80	81	82	84	85	86	87	89	91	94	
315	6	9	11	13	13	15	16	80	81	82	84	85	86	88	89	90	92	97	99	
316	12	14	16	17	19	81	82	84	86	88	91	96	
317	17	18	20	56	57	
318	47	50	51	53	53	55	57	
319	47	48	49	
320	80	82	84	85	87	89	94	
321	4	7	9	11	13	79	80	81	82	84	85	87	89	94	
322	6	8	10	11	12	14	14	15	16	17	18	80	81	82	83	85	87	88	91	101	
323	16	17	17	19	20	21	83	87	90	93	
324	50	51	52	54	55	56	57	
325	34	42	45	47	48	49	50	51	51	53	53	54	57	59	61	
326	39	42	43	44	45	46	48	48	49	50	
327	9	44	
328	6	9	10	11	14	80	83	
329	3	7	10	11	12	14	15	16	19	81	83	84	86	89	90	92	93	
330	13	15	16	17	20	23	83	85	86	88	89	90	92	94	
331	16	18	20	
342	57	
343	51	52	55	56	57	
344	35	42	47	47	49	50	51	52	53	58	58	
345	38	44	46	48	49	54	
346	49	79	80	81	84	85	87	89	
347	79	80	81	83	84	86	90	
348	11	79	80	81	83	85	90	
349	7	9	10	11	12	14	14	18	79	80	81	83	85	
350	7	11	12	13	14	15	16	16	17	18	19	21	70	81	82	85	
351	16	17	18	20	21	53	55	56	57	
352	34	43	46	47	50	50	51	52	53	54	54	55	56	58	62	
353	38	43	44	45	46	46	48	48	49	50	54	
354	84	94	
355	5	9	11	14	80	81	85	
356	8	8	10	11	12	13	13	14	15	16	19	81	84	92	97	
357	12	14	15	16	16	17	18	19	20	22	82	85	91	94	
358	16	17	20	23	52	55	58	
359	35	43	47	48	50	51	51	52	53	54	55	55	56	57	60	62	
360	32	34	41	43	44	45	45	46	47	47	48	48	49	50	50	58	63	
361	31	39	42	43	45	46	47	49	
362	7	10	
363	5	8	9	11	12	13	14	15	18	79	81	85	88	101	
364	7	10	12	13	14	15	15	16	17	18	19	80	81	83	84	86	90	99	
365	16	17	17	19	20	22	87	92	
377	51	52	53	55	56	58	61	
378	37	42	46	47	48	49	49	50	51	52	54	54	61	
379	32	40	42	43	44	45	46	48	49	55	61	
380	46	49	62	80	
381	43	79	
382	69	81	84	100	
383	4	7	9	10	10	11	13	14	14	83	
384	8	11	12	12	13	14	15	16	16	18	19	20	20	23	69	80	
385	17	20	21	22	52	56	57	
386	47	48	50	50	51	52	53	53	54	55	58	61	
387	33	38	42	44	45	46	47	47	48	49	49	50	59	
388	43	45	49	84	
389	4	9	11	15	
390	5	7	8	10	11	12	14	15	81	83	91	
391	1	11	12	13	14	15	16	17	19	21	81	82	84	85	89	91	98	
392	16	17	18	19	20	22	91	
393	51	52	53	55	56	57	58	
394	35	45	47	47	48	49	50	50	51	51	52	54	55	58	61	
395	32	38	41	42	43	44	45	46	47	48	49	49	50	53	
396	41	43	46	49	
397	5	8	9	11	13	14	
398	7	10	11	12	13	13	14	15	15	16	18	19	21	80	81	84	88	101	
399	16	17	17	19	20	21	23	26	86	91	
400	18	22	
411	52	53	54	55	56	57	
412	34	36	42	48	50	50	51	52	52	53	54	55	56	57	59	61	
413	37	40	41	42	43	44	45	45	46	47	48	48	49	49	50	52	53	59	
414	31	36	40	44	46	47	48	56	
415	43	
417	5	7	9	10	10	11	14	15	18	
418	5	6	8	11	12	12	13	13	14	15	16	19	20	87	92	
419	16	17	18	19	20	21	23	25	55	57	87	91	93	96	
420	47	50	51	52	52	53	54	55	55	56	57	59	61	
421	32	34	40	42	44	45	46	47	47	48	49	49	50	51	53	54	59	
422	41	43	44	46	48	
423	10	
424	5	6	9	10	11	13	13	15	91	
425	3	8	9	10	11	12	13	13	14	15	15	16	18	21	80	81	82	84	86	88	91	95	
426	12	16	17	20	22	82	85	87	89	91	93	95	
427	16	18	57	
428	51	51	52	53	54	55	55	56	60	
429	33	33	41	43	44	45	46	47	48	48	49	50	50	51	52	53	54	59	
430	42	43	44	46	48	48	50	
431	5	9	10	
432	4	6	7	8	10	11	12	13	13	14	15	80	83	90	93	100	
433	12	16	17	19	20	22	82	83	85	87	89	91	94	99	
434	16	17	18	21	
446	50	51	52	52	54	55	55	56	58	60	
447	34	44	45	47	48	48	49	50	51	51	52	53	54	55	56	57	58	59	62	
448	31	37	40	42	43	43	44	45	46	47	47	48	49	49	50	51	53	60	
449	31	41	44	45	46	48	59	
451	5	8	9	11	13	14	
452	6	8	10	10	12	12	13	14	15	17	20	25	82	85	88	90	94	100	
453	8	12	15	16	18	18	20	22	55	82	85	87	89	90	92	97	
454	17	50	51	52	53	55	55	56	57	60	91	
455	41	45	46	47	48	49	50	51	52	53	54	56	60	
456	42	43	44	45	46	48	49	51	
458	8	10	14	83	84	
459	3	6	10	11	12	13	15	19	80	82	84	90	93	
460	8	11	12	14	15	16	17	19	22	80	82	83	84	85	87	89	91	92	100	
461	16	18	20	53	83	86	88	89	92	97	
462	51	52	53	54	54	55	56	59	
463	33	45	47	48	49	49	50	51	52	53	54	59	
464	44	49	50	93	
465	4	9	48	
466	6	9	10	12	13	14	18	68	84	89	
467	7	10	11	12	13	14	15	15	16	17	19	20	80	81	83	85	87	96	
468	16	17	17	18	18	19	20	21	86	
469	22	
480	55	
481	51	52	53	54	55	55	56	57	59	
482	33	38	41	43	44	45	46	47	48	49	49	50	51	51	54	55	56	58	58	61	
483	30	36	40	41	42	43	44	45	46	47	48	48	49	50	53	
484	31	36	39	44	46	49	
485	4	9	43	
486	7	10	11	13	14	80	82	84	
487	8	10	12	13	14	15	16	53	79	80	81	82	83	84	85	87	89	90	93	
488	16	18	18	51	52	53	54	55	56	58	82	83	84	85	87	88	90	92	94	
489	42	46	50	50	51	52	54	55	56	59	91	
490	44	49	51	54	85	89	92	94	
491	50	
492	5	9	40	
493	8	10	12	14	15	17	19	69	88	
494	6	10	12	13	14	15	16	20	81	82	84	87	89	98	
495	8	12	15	17	21	81	82	84	86	87	89	90	91	93	98	
496	51	51	52	53	54	55	56	57	82	87	88	89	91	92	93	96	
497	50	51	52	53	54	55	82	85	86	88	89	90	92	93	95	
498	48	50	54	83	87	89	91	96	
499	68	
500	7	9	10	11	12	13	15	19	68	
501	4	7	10	11	12	13	13	14	15	15	16	16	17	18	18	19	20	20	21	
502	18	19	20	21	22	23	24	
515	52	55	
516	34	48	49	51	52	53	53	54	55	55	57	59	61	
517	33	36	41	43	45	45	46	47	48	49	49	50	50	52	53	54	56	58	58	61	
518	29	37	39	41	42	43	44	45	46	47	48	48	49	50	54	
519	25	39	41	42	43	44	46	47	
520	10	28	69	
521	7	8	9	10	12	13	15	80	81	83	89	94	99	
522	6	12	15	16	52	53	53	54	57	60	61	81	82	84	85	87	90	94	
523	46	48	48	49	50	51	54	82	85	87	88	88	90	91	93	97	
524	45	50	83	85	87	88	90	92	96	
526	12	14	16	17	18	19	36	41	42	42	45	47	
527	17	18	18	19	19	20	26	33	38	41	42	44	46	63	69	
528	6	9	12	13	20	20	22	28	38	38	79	
529	22	69	79	80	81	83	85	94	
530	52	80	81	82	83	83	84	86	89	93	96	99	
531	51	54	55	80	81	82	83	83	84	85	86	89	91	94	98	
532	41	81	82	84	85	88	89	90	93	
533	9	14	16	83	
534	7	8	10	11	12	13	14	14	15	15	16	17	18	18	19	69	
535	5	11	13	14	15	16	17	17	18	19	19	20	21	22	24	25	
536	17	21	22	23	
550	52	54	55	
551	49	51	52	53	54	55	57	60	
552	43	44	45	47	48	48	49	50	52	53	53	54	55	56	57	58	59	60	
553	35	36	40	42	43	44	45	46	47	48	48	49	50	51	59	61	
554	25	28	32	36	38	41	42	44	45	46	47	48	49	50	
555	4	9	25	39	43	58	
556	7	13	52	55	72	80	83	
557	51	54	80	81	82	84	85	87	89	90	93	
558	81	83	84	86	88	90	
559	8	9	11	13	67	
560	7	11	12	12	14	15	15	16	17	18	19	20	23	55	57	
561	17	18	19	20	20	21	23	24	35	42	44	45	46	47	48	49	50	51	53	56	57	58	61	63	
562	22	24	25	31	38	40	41	42	43	43	44	45	46	47	49	50	56	59	
563	22	23	30	40	41	42	43	44	46	48	57	
564	20	26	34	36	39	41	42	46	48	55	56	67	80	
565	18	20	27	37	40	42	44	46	47	51	79	80	81	84	
566	14	19	21	41	44	67	81	84	
567	8	8	10	11	12	13	14	15	16	17	18	19	20	43	44	67	
568	5	10	11	12	14	15	16	17	18	19	20	20	21	23	24	26	
569	17	19	20	21	22	22	24	
570	23	25	25	25	
585	36	37	55	
586	38	52	53	54	55	55	57	59	
587	43	47	49	50	51	52	53	53	54	55	58	61	
588	30	37	41	43	43	44	45	45	46	47	48	49	50	51	56	57	61	
589	4	24	30	34	41	42	44	45	46	47	47	49	51	57	60	
590	24	25	29	36	38	42	43	45	46	47	49	53	55	
591	30	37	39	42	43	46	48	66	79	84	
592	13	41	79	81	85	
593	7	9	10	11	13	14	15	16	17	18	19	26	
594	5	7	12	12	13	14	15	15	16	17	17	18	19	20	21	70	
595	17	19	20	21	21	22	23	24	26	33	50	52	53	55	
596	22	34	43	45	47	49	51	52	54	55	58	60	
597	25	35	42	43	44	45	45	46	48	49	50	52	54	55	56	62	64	
598	23	24	28	42	44	45	46	47	49	51	54	59	
599	22	23	25	31	40	42	43	45	46	48	49	63	63	
600	20	22	24	25	26	39	42	43	45	66	69	
601	4	8	11	13	15	19	20	21	22	23	25	26	
602	20	21	22	24	
603	21	23	
621	53	53	55	
622	52	53	54	55	58	
623	35	44	45	47	49	50	51	52	54	54	55	56	58	61	64	
624	24	28	42	43	44	45	47	48	48	49	50	51	52	53	54	60	
625	24	32	40	42	42	43	44	45	46	47	48	49	60	
626	10	13	19	22	24	40	43	43	44	49	65	68	
627	4	7	11	12	13	15	19	20	22	27	
628	4	18	19	19	20	21	23	24	25	71	
629	22	23	
630	55	
631	53	54	
632	25	55	
633	45	
634	23	
635	24	
657	17	53	
658	45	50	53	54	55	60	
659	45	49	62	
660	25	29	43	45	48	
661	21	23	25	
662	3	22	25	
663	23	
691	13	14	
1164	31	
1165	22	
1167	65	
1168	58	59	
1170	101	
1177	94	
1193	42	
1202	72	
1206	74	75	
1207	70	
1219	99	
1221	55	
1225	37	
1240	67	
1245	13	
1255	101	
1262	37	
1268	31	
1273	40	
1279	12	
1282	60	
1285	99	
1299	51	
1318	73	
1319	23	
1341	42	
1342	87	87	
1344	26	
1347	57	
1357	5	
1358	100	
1367	41	
1369	68	
1374	37	42	
1375	49	57	
1376	102	
1379	16	42	
1380	16	18	21	39	42	57	62	
1381	20	22	26	37	39	41	47	49	
1382	22	28	44	50	73	
1383	44	
1395	21	24	
1400	18	31	36	40	
1401	25	35	42	47	66	
1402	38	46	
1403	41	
1405	87	
1407	40	
1408	16	19	38	38	42	48	67	
1409	18	22	24	26	42	46	57	
1413	11	13	16	24	
1414	15	16	17	19	19	21	25	34	38	42	53	56	61	
1415	17	18	19	20	21	22	24	41	42	43	45	47	48	49	51	55	56	58	69	
1416	22	26	41	44	45	46	47	49	54	57	
1417	44	50	
1418	47	
1420	28	
1425	87	
1433	16	38	
1434	16	17	18	20	22	41	41	44	46	66	69	
1435	19	20	23	39	42	44	46	47	48	60	
1436	18	20	22	30	36	39	42	43	46	50	53	59	68	70	
1437	23	42	45	46	47	48	59	
1438	33	50	
1440	19	
1441	11	15	16	18	42	
1442	16	17	17	19	20	22	25	41	42	45	47	52	57	59	68	
1443	18	19	20	22	24	26	31	38	41	43	44	46	47	48	50	65	
1444	41	45	47	48	
1446	73	
1447	7	9	10	12	13	14	17	24	
1448	7	12	14	15	17	19	52	55	56	57	92	
1449	16	16	17	19	21	23	23	25	26	35	43	45	46	47	48	49	50	51	53	53	55	56	58	59	65	
1450	31	37	40	42	44	45	46	47	48	49	51	57	
1451	44	46	47	49	56	
1452	43	47	50	
1453	12	
1455	10	
1456	62	
1457	53	54	
1466	10	13	
1467	11	14	16	18	20	24	43	
1468	13	14	16	17	17	18	19	20	23	25	26	41	42	48	73	
1469	17	18	20	21	22	23	25	33	35	41	44	46	48	51	53	55	56	59	63	68	70	
1470	20	22	23	25	42	43	44	46	47	48	49	51	52	54	57	58	
1471	24	41	43	43	44	46	47	49	50	
1472	45	48	
1474	11	15	
1475	7	9	11	12	13	14	15	19	68	
1476	16	17	17	18	19	20	23	24	35	51	52	54	55	56	57	58	60	
1477	18	21	22	23	23	27	33	39	42	43	43	45	46	46	47	49	49	50	51	53	53	54	56	60	
1478	40	43	44	45	47	48	49	52	
1479	46	49	
1480	12	13	
1481	4	8	10	13	14	
1482	6	11	12	13	14	15	16	19	58	82	92	
1483	13	16	16	17	19	20	22	35	50	51	52	53	54	55	56	57	61	87	91	92	95	
1484	22	37	41	44	45	46	46	47	49	49	50	51	54	56	57	58	
1485	32	41	43	44	46	48	48	49	57	
1486	43	46	
1487	44	56	
1489	30	53	
1490	12	
1491	75	
1499	45	
1500	9	13	14	
1501	7	9	10	11	12	14	14	15	16	17	19	24	
1502	13	15	16	17	17	18	19	19	20	21	23	
1503	21	22	23	24	52	54	56	57	
1504	25	33	44	47	49	51	52	53	54	55	56	57	58	61	
1505	25	41	43	43	45	46	48	49	49	50	52	53	
1506	41	44	47	48	51	
1508	9	15	
1509	4	6	8	9	10	11	12	13	14	15	17	19	
1510	12	15	15	16	17	17	18	19	20	21	24	52	53	55	55	56	58	59	68	
1511	17	20	21	23	34	37	41	43	48	49	49	50	51	52	53	54	55	56	57	60	
1512	41	43	44	45	46	47	48	49	50	52	60	
1513	47	48	51	
1515	9	14	
1516	6	9	10	12	13	14	16	87	91	
1517	8	10	11	12	15	16	17	20	52	55	57	81	82	84	86	89	91	94	
1518	10	16	17	18	19	20	37	43	47	48	51	52	53	54	55	56	57	58	61	83	87	91	93	98	
1519	33	42	43	44	45	46	47	48	49	50	51	54	56	
1520	40	44	46	49	50	59	
1528	86	
1529	8	
1534	8	11	14	71	
1535	5	7	9	10	11	11	12	13	14	14	15	17	18	
1536	12	15	16	17	18	19	20	22	24	
1537	17	21	22	57	58	
1538	35	36	47	50	51	51	52	53	54	54	55	56	57	60	
1539	41	44	45	46	46	47	48	48	49	49	51	53	57	58	
1540	43	45	47	49	
1541	45	
1542	8	11	13	
1543	3	6	8	9	11	12	14	14	15	16	
1544	13	15	15	16	17	18	19	20	21	22	23	45	52	55	56	58	
1545	17	20	22	48	50	50	51	52	53	54	55	56	62	
1546	32	38	41	43	43	45	47	48	49	49	50	52	55	56	59	
1547	37	40	44	47	49	51	
1548	46	59	
1549	9	
1550	9	12	13	85	
1551	7	9	10	11	12	13	14	15	18	81	84	87	88	95	
1552	15	16	17	19	21	23	52	53	53	54	55	56	57	59	62	81	83	84	86	89	91	95	
1553	16	17	18	21	34	36	41	42	45	46	47	48	49	49	50	51	52	54	55	57	59	62	
1554	41	44	45	46	47	48	48	49	51	54	57	
1555	44	52	
1561	4	
1565	34	
1568	10	15	
1569	5	7	8	10	11	12	13	14	15	18	82	
1570	7	11	12	13	14	15	19	22	23	81	82	86	88	90	91	93	96	
1571	16	17	20	58	82	87	91	92	96	
1572	18	52	52	53	54	55	56	57	59	61	
1573	33	37	40	42	45	47	47	48	48	49	49	50	52	54	55	58	
1574	41	44	46	49	
1575	30	46	
1576	10	
1577	7	8	9	11	13	13	14	15	17	
1578	3	6	11	12	13	14	15	16	17	19	20	22	24	58	81	84	87	89	
1579	16	17	18	19	20	22	33	51	52	53	54	54	55	56	58	59	
1580	33	37	40	43	45	46	47	47	49	50	51	52	54	56	61	
1581	41	43	45	46	47	48	49	50	53	
1583	44	
1584	10	25	
1585	5	7	8	10	11	13	14	15	16	83	
1586	7	11	12	13	14	15	16	16	18	20	26	52	52	56	57	80	81	84	91	
1587	16	17	19	20	22	36	42	46	47	48	49	50	51	52	53	53	54	55	56	57	59	82	
1588	32	37	41	43	44	45	46	47	49	50	51	54	57	60	
1589	45	47	49	
1590	56	
1591	50	
1601	22	
1602	9	
1603	5	9	11	13	
1604	7	8	9	11	12	13	14	15	80	82	83	84	86	91	
1605	6	12	14	15	18	82	83	85	86	87	88	90	91	95	
1606	16	17	18	20	51	51	52	53	54	55	56	57	58	60	82	86	90	92	93	
1607	36	42	45	46	47	47	48	48	49	49	50	51	53	54	56	57	58	62	
1608	33	33	40	42	43	44	45	46	47	49	51	59	
1609	41	44	46	49	
1611	4	7	8	10	11	14	15	17	18	
1612	6	11	12	13	13	14	15	16	17	18	19	21	24	79	81	83	98	
1613	16	18	19	20	21	22	25	52	52	54	55	58	84	
1614	34	37	43	47	47	50	50	52	53	53	54	56	57	60	
1615	33	40	42	44	45	46	47	48	49	50	52	54	58	
1616	39	43	43	44	48	48	49	51	59	
1617	26	42	46	53	
1618	10	
1619	4	9	11	13	13	14	18	21	27	
1620	7	11	12	14	15	16	17	18	19	20	22	55	88	
1621	13	17	18	19	20	21	25	27	51	52	54	55	56	57	58	60	
1622	22	41	43	44	45	45	46	47	47	48	49	50	51	52	53	55	60	
1623	44	45	46	48	50	
1624	48	
1638	5	6	10	11	14	20	83	87	99	
1639	8	8	10	11	11	13	13	14	15	21	80	81	81	83	83	84	86	87	89	
1640	12	15	16	20	53	55	56	82	84	85	86	88	89	90	91	93	95	98	
1641	16	17	22	50	51	52	53	54	55	56	57	58	58	61	87	91	92	
1642	35	36	41	42	45	46	47	48	49	50	50	52	54	57	60	
1643	30	40	42	43	44	45	46	47	49	51	
1644	9	13	32	43	49	
1645	9	10	11	14	15	18	24	52	
1646	2	7	11	13	14	15	15	16	17	19	19	20	21	23	
1647	17	18	19	20	21	22	24	27	53	
1648	52	53	54	55	56	58	61	
1649	35	42	45	46	47	48	48	49	50	50	51	52	54	55	57	58	92	
1650	30	34	36	38	41	42	43	44	45	46	47	48	49	50	55	64	
1651	34	39	41	43	44	46	48	49	65	
1652	9	24	27	38	42	47	64	67	
1653	5	8	10	12	14	15	17	18	20	23	
1654	5	6	11	12	13	14	15	16	17	19	20	21	22	24	57	
1655	20	21	22	23	52	52	54	55	55	56	57	60	
1656	46	48	48	49	50	51	52	53	54	55	58	59	93	
1657	49	87	91	94	
1658	52	
1669	13	
1671	11	
1672	2	11	98	
1673	5	6	9	12	14	81	86	91	93	99	
1674	3	6	8	9	10	11	12	13	14	15	18	79	80	81	82	83	84	86	90	99	
1675	12	15	18	18	53	55	57	82	82	84	85	86	88	89	90	91	92	94	96	
1676	48	50	51	52	53	54	55	56	58	86	87	88	90	91	92	94	96	
1677	17	32	34	41	45	46	47	48	48	49	50	58	62	
1678	39	42	43	45	47	58	
1679	5	7	8	10	12	13	14	26	42	
1680	5	11	12	13	15	16	17	18	19	20	22	25	69	
1681	20	21	23	
1682	52	55	91	
1683	51	52	53	54	55	82	83	86	87	89	89	90	91	92	93	95	
1684	45	51	52	53	55	83	87	88	89	90	91	93	94	96	
1685	17	25	44	45	49	62	64	92	94	
1686	13	17	24	43	43	44	48	
1687	5	6	11	13	15	21	24	27	
1688	20	21	23	24	25	57	
1689	23	51	52	54	56	
1690	48	50	51	53	55	60	86	87	90	91	93	95	
1691	49	80	82	85	87	88	90	93	97	
1692	98	
1693	84	
1698	71	
1700	74	
1703	31	
1707	9	14	18	
1708	2	4	10	14	80	87	88	98	
1709	7	8	10	12	14	15	19	79	80	81	82	83	84	85	86	89	93	94	
1710	6	12	13	14	15	54	55	80	81	82	83	84	85	86	88	89	91	93	96	99	
1711	16	20	50	53	55	62	82	83	86	87	88	89	90	91	92	93	95	
1712	16	44	92	
1713	4	9	12	14	16	18	44	
1714	20	22	24	53	57	
1715	21	23	47	50	51	
1716	48	86	89	91	93	98	98	
1717	6	8	15	80	81	82	83	84	85	87	88	90	92	101	
1718	10	12	14	15	80	80	81	82	83	84	85	87	89	90	93	98	99	
1719	13	15	17	82	83	85	86	87	88	89	90	92	94	
1720	16	86	87	88	90	91	96	
1721	86	87	90	91	92	94	97	
1722	52	53	54	55	57	87	90	91	92	93	96	
1723	49	52	53	54	86	87	90	91	91	92	93	96	
1724	49	52	54	56	80	81	82	83	84	85	86	88	88	89	90	92	96	98	
1725	78	80	82	83	86	89	93	
1726	83	
1727	20	20	21	
1730	13	
1731	82	
1740	9	13	
1742	3	84	95	99	
1743	9	14	80	83	91	
1744	9	11	14	19	79	80	81	84	93	96	
1745	7	9	12	14	80	81	81	82	84	85	86	89	91	94	98	
1746	7	10	12	14	81	82	84	85	86	88	88	89	90	92	93	96	
1747	17	86	87	90	91	93	93	96	
1748	51	52	53	55	55	56	58	59	91	92	93	96	
1749	49	50	51	54	57	88	90	92	96	
1750	49	80	82	84	85	86	87	88	89	90	92	93	95	
1751	8	79	80	84	86	98	
1752	5	11	79	81	83	87	
1753	12	79	80	82	84	85	88	90	95	98	
1754	8	8	13	81	82	83	84	85	86	89	93	93	100	
1755	81	82	83	84	85	86	88	90	92	94	
1756	52	53	55	81	82	83	84	85	86	88	88	89	90	92	95	100	
1757	54	80	81	82	84	85	86	87	88	90	91	94	
1758	79	80	82	84	86	90	
1759	82	95	
1774	49	
1776	20	29	
1777	26	27	
1778	14	84	
1779	8	81	83	84	88	91	
1780	10	12	14	79	79	80	81	82	83	84	87	91	94	
1781	7	10	12	14	80	81	82	84	85	87	88	90	97	100	
1782	52	54	55	56	81	82	83	84	85	86	87	88	90	91	93	96	
1783	50	54	81	82	82	84	85	86	87	89	90	91	93	96	
1784	80	81	82	83	83	84	86	90	
1785	84	
1786	95	
1787	82	83	
1788	81	83	84	89	
1789	79	80	81	83	85	88	
1790	80	80	81	83	84	86	94	100	
1791	78	79	80	81	83	85	89	94	
1792	83	88	
1813	86	
1814	85	
1815	13	80	82	84	
1816	80	81	82	84	86	89	95	
1817	79	80	81	83	83	84	87	88	91	96	
1818	79	81	85	90	
1819	84	
1822	90	
1823	84	
1824	79	
1825	81	
1826	43	83	103	
1839	10	
1841	69	
1843	74	
1846	63	
1848	9	10	11	21	84	
1850	84	
1851	52	80	
1852	20	98	
1853	11	
1854	84	
1859	92	
1875	14	61	
1883	93	
1884	84	
1885	85	
1886	85	91	
1889	90	
1891	71	
1903	78	
1904	75	
1929	22	
1934	2	
1939	75	
1942	68	
1945	55	
1946	66	
1965	70	
1969	102	
1976	68	
2007	34	77	
2009	53	
2010	53	
2014	60	
2015	8	
2020	89	
2051	64	
2057	101	
2076	47	
2087	11	
2096	1	
2123	16	
2196	2	
2217	95	
2219	10	
2234	4	
