84	78	
112	93	
113	87	88	91	94	
114	16	88	
145	92	
146	85	87	88	88	90	91	92	96	
147	6	8	10	13	84	85	86	87	89	90	92	93	95	98	
148	83	85	86	87	89	91	92	94	98	
149	16	18	93	
177	56	
178	46	48	50	51	53	56	59	
179	51	53	86	88	88	90	92	95	99	
180	9	81	82	83	84	85	86	87	89	91	94	100	
181	9	11	14	80	81	82	83	84	85	86	89	90	94	99	
182	8	11	13	14	15	16	16	18	19	80	80	81	82	84	85	87	
183	13	15	17	17	19	21	26	82	83	
210	57	
211	48	52	54	56	57	60	
212	47	49	50	51	52	53	55	62	
213	45	47	49	51	54	81	84	86	87	89	91	97	
214	9	79	81	83	85	86	89	
215	5	8	9	10	11	12	13	14	66	80	81	83	88	
216	5	7	10	11	12	14	14	15	16	16	17	18	19	21	26	81	82	100	
217	13	17	18	20	20	21	23	27	
218	23	
244	56	57	
245	34	46	47	50	51	52	53	54	55	56	58	
246	45	46	48	49	50	51	52	54	55	58	87	90	95	
247	43	50	80	83	83	85	88	89	92	95	
248	10	80	84	88	97	
249	5	6	8	9	10	11	13	14	14	17	18	84	
250	6	11	12	12	14	15	16	17	17	18	19	20	20	21	22	24	
251	2	17	20	22	22	24	26	
277	57	
278	36	52	56	57	
279	46	47	49	50	51	52	52	53	54	55	56	58	
280	33	42	45	47	49	49	51	54	86	89	93	93	
281	47	82	85	88	91	
282	9	11	13	84	
283	5	7	9	10	10	11	12	14	15	16	18	19	24	
284	7	12	13	15	16	17	18	18	19	20	21	22	23	24	25	26	
285	17	20	22	23	26	
311	58	
312	48	51	52	53	55	56	57	60	
313	45	47	47	49	50	51	52	53	54	55	58	
314	33	43	45	46	48	48	49	50	53	83	84	88	88	
315	85	
316	5	7	8	10	11	14	68	
317	5	7	9	10	11	12	13	13	14	15	16	17	18	20	
318	11	13	14	15	16	17	18	18	19	20	21	23	24	26	71	
319	22	
345	56	58	
346	35	50	51	52	53	54	55	56	58	60	
347	35	42	44	45	46	47	48	49	50	50	51	52	54	54	55	57	
348	44	47	49	51	
349	43	84	
350	6	9	10	11	13	15	
351	5	7	8	8	10	11	12	14	14	15	16	16	17	18	19	22	24	26	
352	11	13	15	16	17	18	19	20	20	21	22	24	
353	21	23	
355	91	
367	88	91	96	
379	56	58	
380	35	37	48	50	51	52	53	54	55	56	57	59	62	
381	45	46	47	49	49	50	51	52	53	54	56	59	
382	42	44	45	46	48	48	49	54	89	
383	9	
384	8	9	10	11	13	14	15	68	
385	4	7	10	11	12	13	14	14	15	16	17	18	18	19	19	20	24	27	71	
386	13	17	18	20	21	22	25	
387	23	
388	88	91	92	97	
389	10	83	85	87	88	90	91	93	93	97	
390	83	86	87	89	90	91	93	93	96	
391	16	86	87	90	92	96	
392	17	
399	55	59	
400	92	
401	11	15	18	83	84	86	88	90	92	94	
402	16	20	
413	56	57	
414	51	52	52	53	55	55	56	57	58	59	62	
415	43	45	46	47	48	49	50	51	52	53	54	58	59	
416	45	46	49	50	53	92	
417	93	
418	5	8	9	10	11	12	13	14	16	20	72	
419	2	5	6	8	11	12	12	15	15	16	17	17	18	19	20	21	23	24	27	
420	17	18	21	22	24	27	56	
421	51	53	55	56	
422	82	86	88	89	91	92	94	
423	8	81	82	84	85	87	88	89	90	92	95	
424	10	12	14	16	81	82	82	84	85	86	87	88	89	91	93	95	100	
425	11	13	14	15	16	17	20	81	82	84	85	86	88	89	91	95	
426	17	18	19	
432	57	
433	51	54	60	
434	8	48	88	90	93	
435	5	6	10	11	14	82	84	86	88	90	
436	13	16	16	17	20	21	
447	57	
448	34	48	51	52	53	54	55	56	59	60	
449	35	47	48	49	50	50	51	52	53	53	54	55	58	
450	44	49	86	90	
451	8	
452	3	5	6	8	9	10	11	12	14	14	19	
453	4	7	11	12	13	15	15	16	17	18	20	21	22	23	25	57	
454	22	52	53	55	57	60	83	91	93	98	
455	51	52	54	56	83	86	87	89	90	92	95	
456	56	80	82	84	85	86	88	91	95	
457	9	80	82	83	85	87	89	93	94	
458	8	9	10	12	14	19	79	80	81	83	84	86	
459	6	11	12	13	14	15	16	16	17	19	20	26	68	80	81	82	83	84	97	102	
460	13	16	17	18	19	20	21	
465	56	
466	52	53	56	57	59	
467	50	51	54	87	91	93	95	
468	8	46	47	82	84	85	87	88	89	91	92	95	98	
469	7	10	11	11	12	14	15	16	19	82	84	86	100	
470	17	17	18	19	20	21	22	25	26	72	
481	56	57	61	
482	35	43	47	48	51	51	52	55	55	56	56	57	58	60	
483	41	44	45	46	47	48	48	49	50	50	52	53	54	56	61	
484	43	45	46	47	49	50	84	89	
485	94	
486	4	7	8	10	12	13	15	24	
487	4	11	12	15	25	81	82	88	91	93	97	99	
488	53	54	55	58	61	81	82	84	85	87	88	88	89	91	92	95	
489	52	54	81	82	83	84	85	86	87	88	89	91	94	98	
490	80	82	83	83	85	86	89	93	93	
491	5	8	79	81	83	86	
492	5	9	10	12	13	14	80	83	91	93	
493	6	8	10	11	12	12	13	14	15	16	17	18	19	20	21	23	27	82	
494	16	17	19	21	22	25	28	87	91	99	
498	56	
499	56	93	
500	52	53	53	55	56	58	88	92	94	
501	50	85	86	87	89	90	91	92	95	
502	9	10	79	81	82	84	85	86	88	89	91	95	
503	5	7	9	10	11	12	13	14	14	15	16	19	81	84	97	100	
504	2	13	16	17	17	18	19	20	20	22	23	26	
507	84	85	86	
515	53	58	61	
516	35	51	52	52	54	55	56	57	59	60	62	
517	35	36	40	43	45	46	47	48	48	49	49	50	51	52	53	54	57	59	
518	32	41	44	45	46	46	48	49	50	51	
519	38	44	47	66	
520	5	12	15	46	
521	5	8	11	80	81	84	96	
522	46	80	81	82	83	83	84	85	87	90	94	100	
523	46	55	79	80	81	83	83	84	86	90	94	
524	43	48	80	85	89	
525	46	67	
526	4	8	9	11	14	18	
527	6	10	11	12	13	14	14	15	16	20	92	96	101	
528	8	11	13	15	16	16	18	19	21	23	23	80	82	85	87	90	92	95	102	
529	17	87	92	
531	56	
532	57	88	91	
533	52	55	56	86	87	89	90	92	97	
534	52	54	55	82	84	85	86	87	89	91	92	94	98	
535	80	81	83	84	85	86	87	88	90	92	94	
536	9	10	14	81	82	84	85	89	
537	2	5	7	8	10	11	12	12	13	14	14	15	15	16	16	18	18	19	69	84	
538	2	16	17	18	19	20	20	21	23	24	
550	50	51	52	54	55	57	58	61	
551	38	43	47	48	49	50	50	51	52	53	54	55	56	56	57	59	60	
552	32	43	44	45	46	47	47	49	49	50	54	56	57	58	58	60	
553	30	40	42	43	44	45	46	47	47	48	49	56	57	58	60	72	
554	4	19	20	24	41	43	43	44	46	46	47	47	48	49	51	56	68	73	
555	19	20	21	26	39	42	44	45	46	47	48	57	58	69	
556	19	20	26	39	42	43	46	47	50	53	58	60	80	
557	18	19	20	26	40	42	43	44	46	47	48	48	56	57	61	67	68	79	
558	18	18	19	20	21	23	26	34	37	41	43	43	44	45	46	47	47	48	50	53	56	58	58	73	
559	19	20	21	23	42	44	44	46	47	47	49	70	
560	5	14	25	41	43	44	46	48	
561	6	8	9	10	11	12	13	14	85	89	
562	7	11	12	13	15	16	18	22	80	81	82	83	84	86	87	89	91	95	99	
563	16	82	84	85	86	88	90	91	94	
564	87	88	91	92	
565	56	83	87	88	90	91	92	94	98	
566	55	56	86	87	89	90	92	94	96	
567	52	55	82	83	85	86	87	88	88	89	90	92	93	98	
568	54	79	80	81	82	83	84	85	85	86	87	88	89	91	95	
569	48	79	81	83	84	85	89	98	
570	7	9	10	13	15	16	17	18	18	19	20	26	69	85	
571	2	5	6	8	10	11	12	12	13	14	15	17	18	19	19	19	19	20	21	25	26	
572	3	15	17	19	20	21	22	23	23	25	26	
584	52	55	
585	50	51	52	54	61	
586	45	48	50	51	54	55	60	62	
587	24	35	44	49	50	51	53	56	58	59	61	
588	23	24	45	47	48	49	50	51	53	56	60	63	
589	21	22	23	24	32	41	43	45	45	46	47	48	49	50	59	63	
590	19	22	23	23	24	44	45	47	48	59	62	
591	15	21	22	24	43	45	49	53	57	59	62	
592	21	22	23	23	24	44	48	48	50	51	52	55	56	57	58	59	60	63	
593	21	22	24	25	37	41	44	45	46	47	48	49	49	50	51	51	53	56	57	58	59	61	
594	23	24	33	42	43	44	44	45	46	46	47	48	49	49	50	
595	11	13	42	43	44	46	47	
596	6	8	9	11	14	22	70	80	81	84	
597	8	12	80	81	82	83	83	84	86	87	89	91	93	96	98	
598	81	82	83	83	84	85	86	87	89	90	94	98	99	
599	81	82	83	84	85	86	87	88	89	90	92	94	
600	80	81	82	83	83	84	85	86	87	88	89	91	94	
601	46	67	80	81	82	84	85	87	89	
602	10	16	17	18	44	46	68	80	81	83	85	88	
603	8	10	12	13	13	14	15	16	17	18	19	20	44	46	
604	7	8	10	12	14	15	17	18	19	20	21	21	22	23	24	27	28	44	
605	13	20	21	22	23	24	25	
606	3	22	23	
621	53	
622	50	
623	24	73	
624	23	74	
625	24	
626	23	24	51	55	56	61	
627	25	49	50	51	52	53	55	56	57	58	58	60	63	
628	31	35	37	43	44	45	46	47	48	49	50	50	51	52	53	56	57	58	59	60	
629	23	42	44	44	45	46	47	47	48	48	49	50	57	
630	23	26	40	43	43	44	44	46	47	49	70	
631	6	21	28	41	44	46	46	47	80	81	84	
632	18	20	41	44	47	58	58	67	80	81	83	84	85	89	
633	19	43	44	46	54	79	80	81	82	84	85	98	
634	10	13	17	18	19	45	46	48	48	79	80	81	84	85	100	
635	10	14	16	17	19	20	20	44	46	48	49	71	79	84	
636	6	9	11	13	14	15	17	18	19	20	20	21	25	27	44	71	
637	5	7	11	12	14	15	18	20	20	21	22	23	23	25	26	72	
638	15	21	22	23	23	24	25	
639	24	
655	24	
656	21	22	
660	97	
661	53	
662	51	52	55	57	61	65	
663	34	45	48	49	50	51	52	54	55	56	58	58	61	
664	23	34	43	45	45	46	47	48	49	49	50	51	55	56	58	60	62	63	
665	21	24	43	44	45	47	48	49	50	56	57	60	71	
666	19	21	22	24	42	44	44	45	47	47	48	49	50	58	60	
667	17	19	20	22	23	28	38	43	44	45	46	48	48	49	64	66	71	79	
668	6	10	11	13	14	18	19	20	21	22	24	28	43	44	65	67	
669	9	11	13	15	19	20	21	21	22	23	24	28	28	44	48	65	
670	20	22	22	24	24	25	
671	21	23	24	
672	23	25	
694	98	100	
697	55	
698	51	53	
699	25	45	50	60	65	
700	23	24	45	49	60	64	
701	22	23	24	49	
702	22	24	25	
703	23	24	
704	23	
762	66	
1166	25	
1177	80	
1185	65	
1190	86	
1200	25	
1207	30	
1209	82	
1217	87	
1219	19	
1233	22	37	
1234	10	55	
1235	20	24	32	
1236	50	
1237	69	
1242	15	
1245	12	
1248	83	
1262	41	
1265	19	
1268	17	18	48	66	
1269	20	43	47	53	54	
1270	43	46	47	69	
1271	46	55	
1273	68	
1278	11	
1281	4	
1288	49	
1299	16	
1301	15	17	18	67	
1302	16	17	19	20	21	24	27	35	37	42	45	46	47	52	56	57	59	
1303	18	20	21	27	37	42	44	45	46	48	49	50	57	59	69	
1304	22	44	46	48	49	51	
1312	37	
1317	6	29	
1320	99	
1333	9	24	
1334	9	12	15	16	18	
1335	11	13	14	15	16	16	17	18	19	20	22	23	69	
1336	12	15	17	19	19	20	21	24	26	48	51	52	56	57	59	60	71	
1337	21	22	23	24	43	45	46	47	48	49	50	50	52	54	58	59	
1338	44	46	47	49	50	52	
1339	45	47	50	
1342	48	
1343	34	
1346	33	
1347	84	
1352	71	
1355	3	
1362	23	
1367	10	
1368	6	9	11	12	14	16	18	22	24	
1369	7	10	12	13	14	15	16	16	17	18	19	20	21	24	
1370	17	20	21	21	23	24	35	36	51	52	53	55	56	56	57	58	60	
1371	23	25	46	47	48	49	50	50	51	52	54	55	57	59	
1372	33	44	49	53	92	
1373	50	67	
1378	55	74	
1379	26	
1380	59	
1384	14	
1392	82	
1400	17	
1401	9	11	15	19	
1402	7	9	11	11	13	13	14	15	16	17	18	19	20	22	
1403	8	11	12	15	16	17	18	19	20	20	21	23	23	25	57	
1404	21	22	25	48	52	52	55	56	59	61	
1405	42	46	47	49	50	51	52	53	54	56	62	
1406	45	46	49	51	86	88	89	91	
1407	87	90	
1410	58	
1416	25	
1431	64	
1434	20	
1435	7	10	11	14	17	21	
1436	5	6	8	9	10	11	12	13	14	15	16	17	19	20	23	25	
1437	16	17	18	19	20	21	22	23	23	25	27	56	57	
1438	22	34	47	48	51	52	53	53	54	55	57	58	
1439	43	44	46	47	49	50	51	53	55	90	
1440	46	49	51	85	90	
1441	86	
1443	69	
1449	22	
1455	46	
1456	5	64	
1463	76	
1468	10	21	
1469	6	8	10	11	14	15	18	20	23	28	
1470	6	11	12	13	13	14	15	15	16	17	18	19	21	23	25	
1471	17	17	19	21	22	24	28	52	56	57	61	
1472	23	34	46	47	50	51	52	53	53	54	55	56	57	60	
1473	42	44	47	48	49	50	52	55	90	
1474	49	51	61	83	87	88	
1476	46	
1477	83	
1480	77	
1482	63	
1485	55	
1494	8	
1499	39	
1502	11	
1503	8	9	10	11	13	14	15	17	20	
1504	6	8	11	12	13	14	15	16	17	18	19	20	23	24	28	
1505	16	17	21	22	23	24	53	56	57	58	61	
1506	43	47	50	51	51	52	54	55	56	62	
1507	45	47	48	49	50	51	53	54	87	89	91	
1508	45	50	85	90	95	
1509	51	59	87	
1510	16	43	47	
1511	42	48	
1512	26	46	56	69	
1515	27	
1518	66	
1521	19	31	
1522	19	
1523	44	46	52	
1524	8	48	
1527	96	
1535	11	32	
1536	10	
1537	5	7	8	9	10	11	13	14	15	16	19	
1538	6	10	12	13	13	14	15	16	17	19	20	23	25	27	70	
1539	16	17	18	19	21	23	35	51	52	55	56	57	57	59	61	
1540	43	46	47	48	50	50	51	52	53	53	54	59	61	
1541	45	47	49	54	59	88	92	
1542	82	87	89	
1544	13	17	18	20	23	47	
1545	19	20	24	35	42	45	47	49	56	58	58	67	
1546	21	40	44	46	47	48	50	
1547	43	45	46	49	51	
1548	48	
1555	12	17	19	26	
1556	16	18	21	59	
1557	22	40	46	47	49	53	
1558	32	
1570	8	
1571	5	8	10	11	13	13	14	17	24	
1572	7	10	11	12	14	14	15	16	17	18	19	20	23	82	
1573	17	18	19	20	22	24	35	52	52	56	57	58	60	62	
1574	35	37	41	46	47	48	49	50	50	51	52	53	54	61	
1575	44	45	46	49	50	54	85	87	88	90	
1576	48	66	
1577	8	12	15	16	18	
1578	11	13	14	15	16	17	18	19	20	23	23	30	58	60	69	
1579	17	18	19	20	21	22	23	25	26	28	36	45	48	49	51	52	56	58	59	62	71	92	
1580	21	22	23	25	43	44	46	46	47	48	49	50	51	52	54	56	60	
1581	39	45	47	48	49	52	54	
1584	48	
1585	63	
1589	9	13	14	16	57	
1590	16	18	20	22	23	48	52	55	56	58	59	71	
1591	20	22	24	27	43	44	46	49	50	55	
1592	44	48	
1595	8	77	78	78	
1596	71	
1604	11	19	94	
1605	5	6	8	9	11	12	13	14	15	18	24	
1606	7	11	12	15	16	16	17	19	20	23	25	57	69	
1607	18	21	22	24	27	34	51	52	52	55	55	56	57	58	60	
1608	40	45	46	47	48	48	49	50	50	51	54	55	59	62	
1609	42	43	44	46	47	49	50	52	67	
1610	14	16	20	28	43	45	57	
1611	8	8	10	11	14	15	17	18	19	21	70	
1612	11	13	14	15	16	17	18	18	19	20	21	23	23	25	68	
1613	20	21	22	23	25	27	50	51	52	55	56	57	58	59	61	
1614	43	46	47	49	50	51	52	53	54	56	59	61	74	
1615	26	41	44	45	46	47	48	49	51	53	60	
1616	48	
1622	13	17	20	
1623	7	9	11	14	16	17	18	20	57	
1624	11	13	15	16	17	18	19	20	21	23	25	26	35	48	51	52	55	57	58	61	
1625	22	23	43	44	45	46	48	48	49	50	52	54	56	
1626	44	
1629	54	79	
1632	74	
1636	19	
1638	9	11	20	
1639	6	9	10	11	12	13	13	14	15	19	
1640	12	15	16	17	18	19	20	22	23	25	
1641	17	18	20	22	33	51	52	53	54	55	57	58	58	60	
1642	34	47	50	51	51	53	54	55	56	59	61	
1643	42	43	44	45	47	48	49	63	
1644	11	13	18	21	23	44	45	48	
1645	5	7	11	12	14	15	16	19	20	21	23	25	43	48	69	
1646	20	21	22	22	23	25	
1647	22	23	35	52	56	56	57	59	61	
1648	33	43	45	46	47	48	49	50	51	52	53	54	55	57	58	62	
1649	18	42	44	46	47	48	48	49	50	53	
1650	45	52	
1652	55	
1653	17	
1655	10	14	18	
1656	8	11	14	16	18	18	19	22	24	28	67	70	
1657	9	11	12	14	15	16	17	18	19	20	21	22	23	38	39	39	56	57	
1658	20	21	22	24	35	43	44	47	50	51	52	53	54	55	56	58	59	62	
1659	22	23	44	44	45	46	47	48	49	50	51	53	58	
1660	44	54	
1671	19	
1672	7	9	56	
1673	7	9	10	11	12	13	14	15	19	24	27	
1674	6	8	10	12	12	14	15	16	17	19	21	25	82	91	94	
1675	17	18	19	22	55	93	
1676	50	53	53	62	93	
1677	49	
1678	15	23	
1679	22	23	25	
1680	25	93	
1681	52	52	55	56	58	60	93	
1682	34	36	47	49	50	50	51	52	53	54	55	56	57	59	61	
1683	35	42	43	44	45	46	46	47	48	48	49	50	51	53	56	60	
1684	41	44	45	46	48	49	50	57	59	
1685	45	47	
1687	18	46	
1688	16	20	44	68	
1689	10	12	13	15	16	18	19	20	22	49	
1690	6	10	12	14	15	17	18	18	19	20	21	26	68	
1691	12	15	17	19	20	21	22	23	23	25	26	35	53	56	56	57	61	
1692	22	23	23	25	35	50	51	51	52	53	54	55	57	58	58	60	
1693	42	43	45	47	49	50	51	56	88	
1694	49	53	
1695	72	
1703	4	
1705	15	
1706	6	26	
1707	5	7	9	12	13	15	19	87	
1708	6	8	8	10	11	12	13	15	25	80	82	85	88	92	93	101	
1709	12	15	17	81	82	83	85	86	87	88	89	90	91	94	96	100	
1710	82	83	86	87	88	89	89	90	91	92	94	95	97	
1711	83	86	87	87	89	90	91	92	95	97	
1712	87	91	92	94	97	
1713	87	88	90	91	92	93	96	
1714	86	87	90	91	92	93	94	96	
1715	83	85	86	87	88	89	90	90	92	94	96	98	
1716	16	51	52	53	54	55	56	58	60	62	86	87	90	92	94	97	
1717	31	34	43	47	49	49	50	51	52	53	54	57	59	62	
1718	40	44	45	46	47	48	49	50	57	59	63	
1719	31	39	43	43	45	46	47	48	50	
1720	20	30	43	44	46	66	
1721	12	15	17	19	21	47	67	
1722	9	12	14	16	17	18	18	19	20	22	25	28	45	
1723	11	13	15	17	20	21	23	23	25	29	44	48	69	
1724	11	15	20	21	22	23	24	57	87	
1725	22	24	53	56	
1726	50	51	52	53	54	55	55	60	87	90	91	92	95	97	
1727	50	83	87	89	90	92	93	96	
1728	88	
1730	59	
1735	30	
1738	7	
1739	6	
1740	9	
1741	11	15	86	
1742	11	13	82	84	89	
1743	8	80	80	81	83	83	84	86	89	93	93	100	
1744	11	80	81	81	82	83	83	84	85	87	89	91	96	100	
1745	8	11	80	81	82	83	83	84	85	86	88	90	93	94	100	
1746	81	81	82	83	84	85	86	87	88	89	90	91	93	95	
1747	80	81	82	84	85	86	87	89	90	93	96	
1748	8	81	81	82	84	85	86	88	88	88	89	96	99	
1749	9	11	15	80	80	81	82	83	84	85	87	89	95	
1750	6	8	12	13	13	15	18	80	81	82	82	83	84	85	86	88	90	92	93	100	
1751	16	18	51	52	54	55	58	59	62	83	87	89	90	92	95	
1752	17	45	48	49	50	51	54	57	60	93	
1753	24	42	43	44	45	48	48	50	53	61	63	
1754	18	20	21	24	26	43	44	47	49	62	
1755	10	14	19	21	22	24	28	45	70	
1756	12	14	20	21	22	23	24	25	28	45	83	
1757	21	23	24	57	
1758	23	24	52	53	55	57	88	92	97	
1759	51	53	55	86	87	87	89	90	92	95	98	
1760	52	55	81	82	83	85	87	89	90	92	93	97	
1761	80	81	82	83	84	85	86	88	90	92	95	
1762	87	
1771	81	
1777	80	87	90	100	
1778	79	80	81	84	
1779	80	81	82	84	88	100	
1780	79	80	81	82	83	85	89	93	99	
1781	37	80	81	82	84	92	96	
1782	11	79	80	81	83	85	90	91	92	92	96	
1783	5	10	14	78	79	81	83	87	
1784	7	9	10	12	14	15	19	80	81	82	84	87	89	98	
1785	6	11	12	14	80	81	82	83	84	85	87	88	89	91	94	98	
1786	52	54	85	86	87	89	89	90	92	94	95	
1787	17	87	91	92	96	
1788	92	
1789	23	25	92	
1790	92	
1791	55	56	86	87	90	91	92	95	98	
1792	52	53	55	86	87	88	89	90	91	93	95	97	
1793	55	80	81	82	83	84	85	86	87	88	90	93	94	
1794	79	80	81	83	84	86	88	90	94	
1795	81	84	89	
1796	87	
1805	13	
1807	3	
1810	93	
1811	83	
1812	87	
1813	13	85	89	
1814	81	85	
1815	91	
1816	9	94	
1817	99	
1818	11	14	16	83	85	101	
1819	3	6	10	14	79	80	81	84	86	89	93	99	
1820	6	9	11	15	80	81	82	83	85	86	89	92	95	99	
1821	7	10	13	15	81	82	82	83	84	85	87	88	90	92	93	95	99	
1822	83	86	87	89	90	92	93	95	98	
1823	82	83	85	86	86	88	89	90	91	93	93	94	97	
1824	54	81	82	83	85	85	86	87	88	88	89	90	91	93	95	102	
1825	81	82	83	84	84	85	86	88	88	89	92	94	97	
1826	80	81	82	83	84	85	87	88	89	93	95	
1827	79	81	82	84	85	89	
1828	82	85	93	
1829	82	86	
1839	41	
1840	85	
1843	53	
1851	12	
1852	5	
1853	82	
1854	13	79	81	83	88	88	
1855	13	80	81	82	84	85	90	
1856	79	80	80	81	84	86	88	88	90	94	
1857	79	80	80	81	83	83	84	87	90	
1858	80	80	81	82	84	85	90	93	
1859	78	80	81	83	83	85	88	92	
1860	78	80	84	86	89	
1861	80	
1879	61	
1881	92	
1882	99	
1884	45	
1887	4	92	
1889	80	85	89	
1890	82	84	
1891	80	82	
1892	80	
1893	82	
1897	24	
1900	3	
1903	88	
1910	61	
1915	46	
1923	51	
1928	98	
1932	83	
1934	67	
1944	61	
1964	45	
1974	47	
1975	37	
1977	76	
1984	65	
1988	50	
1991	24	
1993	82	
2010	99	
2012	74	
2019	93	
2045	36	76	
2060	17	
2066	2	
2068	2	
2074	77	
2083	47	
2087	47	
2094	44	
2146	28	
2179	29	
2185	12	
2188	11	
2191	7	
2194	4	
2200	102	
2213	25	
2219	12	
2231	2	
2239	22	
2241	97	
2254	12	
2265	6	
