111	36	37	
145	86	87	89	91	96	
146	83	85	87	89	91	97	
147	16	
176	56	
177	60	
178	49	88	89	93	
179	8	81	82	83	85	86	87	89	91	94	
180	10	12	14	16	69	80	82	84	97	
181	16	17	18	19	
210	56	57	59	
211	48	51	52	53	55	93	
212	49	82	84	86	87	90	
213	8	10	14	18	80	81	
214	4	6	9	11	13	14	15	16	17	18	19	26	68	80	
215	18	20	21	22	23	
243	56	58	
244	36	52	54	57	
245	47	49	50	51	53	54	87	90	
246	9	67	80	82	84	85	89	94	
247	7	10	11	12	13	14	15	16	17	19	78	
248	12	15	17	17	18	20	20	21	23	26	
249	22	25	
276	58	
277	52	55	56	57	61	
278	46	48	50	51	52	54	55	
279	45	49	82	83	86	91	
280	7	9	10	11	14	79	80	83	
281	7	13	15	16	17	18	18	19	20	27	
282	20	21	22	
310	56	
311	33	52	53	54	55	56	57	58	
312	46	48	50	50	51	54	
313	8	43	45	49	83	88	
314	7	10	11	13	14	15	18	69	
315	12	17	18	19	20	21	24	
316	22	23	
322	87	90	93	
323	82	85	86	88	89	90	91	95	
324	87	89	91	96	
330	86	87	91	97	
331	81	83	86	87	88	89	90	92	96	
332	16	86	87	90	92	96	
333	17	
344	57	
345	52	53	55	57	59	
346	47	48	50	50	51	54	
347	8	44	87	
348	6	11	12	13	14	15	18	
349	16	17	18	20	21	23	24	27	
350	22	
354	36	56	57	
356	82	85	87	89	91	
357	7	8	10	14	80	81	82	83	83	84	86	87	89	91	93	97	
358	11	12	15	16	17	18	81	82	83	85	87	89	91	94	
359	16	17	20	
361	57	
362	56	59	
363	37	47	48	51	55	
364	46	82	84	86	88	93	
365	9	11	80	81	82	84	85	89	96	99	
366	6	13	15	16	17	19	81	82	83	85	87	89	95	
367	16	17	18	20	
378	56	
379	51	52	53	54	55	59	
380	45	47	48	50	51	89	
381	8	10	83	84	87	90	93	102	
382	12	13	14	15	15	16	17	18	20	23	71	
383	16	17	20	21	
387	56	58	
388	52	54	56	57	60	
389	49	51	52	54	55	56	87	88	90	93	
390	49	80	81	83	84	85	86	88	88	89	92	95	100	
391	6	9	10	14	79	80	81	82	84	85	87	89	
392	6	7	10	11	12	13	13	14	15	15	16	16	18	19	70	80	81	84	97	
393	16	17	18	19	20	21	22	23	
395	57	
396	35	51	52	54	55	56	58	59	61	
397	31	42	45	46	47	48	49	50	50	52	53	55	57	58	59	61	93	
398	29	42	44	45	46	47	48	49	49	71	79	83	
399	4	9	11	40	43	44	45	46	49	68	79	80	83	
400	6	8	10	11	12	13	14	15	20	71	80	81	83	
401	16	17	18	19	20	21	
412	56	57	61	
413	47	50	51	52	53	54	55	59	
414	44	45	46	48	49	88	89	
415	8	10	11	14	82	
416	12	13	14	15	16	17	19	20	23	
417	18	20	22	
420	57	
421	53	56	57	61	
422	50	51	52	54	55	57	87	89	91	94	
423	47	50	51	52	54	81	83	84	85	87	88	89	92	98	
424	39	80	81	82	84	86	90	
425	6	9	9	10	12	14	78	80	98	
426	2	7	8	10	11	12	12	13	14	14	15	16	16	17	19	20	24	28	70	
427	16	17	18	20	20	21	22	25	28	
429	51	
430	53	54	
431	50	52	55	57	60	
432	47	49	50	51	54	56	59	60	
433	5	25	33	44	45	47	48	49	
434	7	10	12	14	15	19	25	43	
435	1	19	20	22	25	27	
436	22	
439	76	76	
446	53	57	58	60	
447	51	51	52	54	54	56	59	
448	8	32	45	46	47	48	49	50	
449	4	9	10	12	14	43	
450	11	13	15	17	20	24	
451	18	22	
453	58	
454	56	91	
455	51	52	53	54	60	86	88	90	92	
456	33	47	51	52	54	55	57	59	62	81	82	84	85	87	88	90	94	
457	43	45	46	47	49	55	58	80	82	84	
458	9	18	26	42	44	44	45	46	47	48	49	64	70	78	80	
459	7	8	10	11	12	14	15	22	
460	1	4	6	11	12	13	14	15	16	17	19	20	21	23	26	
461	17	18	19	20	22	
465	57	
466	52	54	56	59	
467	49	50	
468	6	10	12	14	
469	2	17	21	23	
473	83	
480	57	
481	51	53	54	55	58	60	
482	41	45	46	47	49	49	
483	5	7	9	14	
484	8	12	13	14	15	15	23	81	86	90	92	96	
485	17	18	21	92	
486	91	
487	56	87	93	
488	53	55	83	86	87	90	91	95	
489	41	55	81	82	83	84	86	89	96	
490	14	16	58	79	80	81	83	99	
491	18	18	19	20	26	33	36	47	50	51	52	55	56	59	69	79	
492	21	22	24	28	44	45	46	47	47	48	49	50	64	
493	4	9	10	14	25	44	
494	6	8	11	12	13	14	15	17	18	19	98	
495	17	19	20	21	23	24	
499	56	58	
500	51	54	
501	49	88	92	
502	6	10	12	14	83	89	
503	16	17	19	
507	88	88	
514	57	
515	51	51	52	53	54	55	56	57	59	61	
516	42	45	46	47	48	49	50	51	54	
517	39	44	45	46	
518	8	10	12	14	15	79	84	
519	13	82	83	86	87	89	90	92	96	
520	82	85	87	89	90	91	94	98	
521	81	82	84	85	86	88	89	91	97	
522	18	47	81	82	84	85	89	95	
523	10	13	16	17	19	45	47	69	72	79	80	84	
524	11	14	15	17	18	19	20	44	69	
525	18	21	22	23	24	27	50	51	52	53	55	55	56	57	58	60	62	
526	39	45	46	47	47	48	49	50	
527	9	43	45	46	48	
528	6	8	10	11	12	13	14	15	15	79	
529	16	17	18	19	21	22	24	
533	57	59	
534	50	51	54	55	86	87	91	
535	82	85	86	88	89	91	95	
536	7	10	11	11	13	14	15	16	18	80	82	85	88	93	
537	2	16	17	19	20	
538	18	23	
541	89	
549	52	55	57	58	60	
550	48	49	50	51	53	55	56	57	60	63	
551	32	43	45	46	47	48	48	49	56	63	
552	5	10	29	41	43	44	46	71	
553	20	39	43	46	47	58	67	71	79	80	85	
554	18	19	38	43	46	48	51	55	67	72	80	81	83	84	
555	16	17	19	20	43	44	47	73	78	79	80	81	83	
556	8	9	11	13	14	15	17	19	20	26	68	78	80	
557	18	19	20	21	24	27	44	68	
558	21	23	24	
559	23	52	53	54	56	57	58	61	
560	43	46	47	48	49	50	51	52	54	58	
561	44	46	48	
562	6	8	10	11	12	13	14	15	
563	12	17	21	81	85	86	87	89	91	93	94	97	
564	18	87	90	92	
565	87	91	
566	56	87	91	93	
567	52	55	86	88	89	91	94	
568	51	53	81	82	83	84	85	86	86	87	89	90	95	
569	8	16	65	67	78	79	80	83	84	
570	5	6	10	11	12	14	14	16	17	18	18	19	27	71	80	
571	13	15	19	20	21	24	27	
572	17	22	
584	51	52	54	
585	50	51	52	54	56	59	62	
586	23	45	48	49	55	59	62	
587	24	27	44	49	51	60	
588	20	22	24	45	48	49	63	79	
589	13	19	21	22	24	30	45	
590	4	22	23	24	
591	23	24	
593	52	53	57	59	
594	34	48	50	51	52	54	55	56	57	58	60	
595	29	40	44	45	46	47	48	48	49	50	64	
596	11	13	40	43	44	
597	8	9	11	14	80	81	82	83	85	
598	12	81	82	83	83	85	86	87	88	90	95	101	
599	82	83	84	85	86	88	89	91	93	96	
600	52	60	82	82	84	86	87	88	90	97	
601	43	46	80	81	82	84	85	89	94	
602	11	14	17	19	69	80	81	82	85	
603	7	10	12	14	15	16	17	18	19	21	28	45	72	
604	12	17	20	21	22	23	24	28	
605	1	21	22	23	
607	8	
608	8	
622	24	
627	53	
628	52	54	56	58	59	61	
629	47	48	49	50	51	52	53	54	56	58	59	60	
630	5	32	42	44	45	45	46	47	48	49	49	74	
631	4	6	13	26	36	40	43	43	44	46	47	58	68	
632	6	19	20	23	28	41	44	46	48	48	80	81	84	
633	18	19	20	40	43	46	47	59	79	79	80	84	
634	18	18	20	42	43	46	72	79	80	81	83	
635	9	12	15	17	19	20	26	44	48	65	71	78	80	
636	11	13	14	15	18	18	20	21	27	44	71	80	
637	20	22	23	24	26	
638	23	
663	51	52	55	
664	32	49	50	52	54	58	62	64	
665	49	51	60	
666	21	24	26	44	45	49	51	60	65	
667	21	22	24	44	49	65	
668	12	14	21	23	24	44	49	65	78	
669	21	22	24	45	
670	22	23	25	
702	25	
718	10	
1160	22	
1164	13	
1176	70	
1207	61	
1217	30	
1242	67	
1250	36	
1251	85	
1265	41	
1266	41	
1267	47	57	
1268	38	41	47	57	
1275	34	
1283	93	
1300	18	43	66	
1301	16	18	18	22	42	47	57	
1302	21	27	44	47	
1303	44	54	
1306	59	70	
1309	58	
1319	11	
1329	5	
1332	16	
1333	11	14	16	
1334	6	15	17	19	21	70	
1335	17	18	21	22	45	47	51	58	63	64	
1336	21	23	43	45	49	51	53	58	62	
1337	48	
1365	16	
1367	3	7	10	14	17	
1368	8	12	14	15	16	17	18	18	19	21	25	56	61	70	
1369	20	21	22	24	50	51	53	54	55	60	73	
1370	48	50	83	90	
1376	59	
1378	18	
1379	33	
1382	12	68	
1400	8	14	
1401	9	10	11	14	15	16	19	22	56	69	
1402	5	13	21	23	23	25	52	54	56	59	
1403	22	49	51	53	55	87	89	96	
1404	49	53	80	82	85	88	96	101	
1405	86	
1418	21	
1419	15	
1424	5	
1425	9	75	
1432	14	
1434	9	11	13	15	18	22	
1435	5	7	12	14	15	17	19	21	24	34	53	57	60	
1436	18	20	22	24	47	51	53	54	
1437	49	81	83	84	86	88	88	91	97	
1438	79	86	92	
1442	14	
1444	48	
1445	42	48	
1447	47	
1452	42	52	
1453	46	
1454	56	
1458	21	
1459	90	
1461	94	
1467	10	15	
1468	8	10	11	14	56	58	
1469	12	13	16	17	19	21	23	26	36	51	52	54	55	
1470	2	22	45	46	49	51	54	56	91	
1471	49	80	85	
1478	16	17	18	
1479	16	20	26	42	43	45	46	47	48	49	52	54	69	
1480	44	46	64	
1481	50	65	
1483	50	
1484	24	
1485	9	16	
1486	16	17	18	20	25	26	35	43	45	47	52	56	62	66	73	
1487	21	23	42	44	46	47	48	49	56	59	
1488	45	46	49	
1489	54	
1502	7	9	11	13	13	14	16	19	57	60	
1503	15	17	18	20	51	52	54	55	60	
1504	22	44	46	48	50	86	89	
1505	67	82	83	
1506	82	
1509	17	
1511	10	14	
1512	12	16	18	18	20	24	34	44	56	57	60	62	70	
1513	16	17	19	21	22	23	27	43	43	45	46	47	48	49	51	52	55	59	70	
1514	22	41	44	46	49	50	55	59	
1518	10	
1519	10	13	14	16	18	20	
1520	16	17	18	19	21	23	56	57	58	61	69	
1521	20	22	24	25	26	36	43	47	48	49	50	51	54	56	60	65	93	
1522	22	44	45	46	47	48	50	52	54	
1523	51	
1535	10	13	
1536	7	10	11	13	14	17	19	53	55	57	
1537	16	17	19	20	21	23	47	50	51	54	55	58	
1538	22	44	46	48	53	53	82	87	90	
1540	38	
1542	20	
1543	1	19	
1544	8	13	20	
1545	8	10	11	14	15	16	18	19	20	69	
1546	11	13	15	15	16	17	18	18	19	20	21	23	25	26	35	53	55	56	57	59	60	70	
1547	20	21	22	23	24	42	47	51	52	54	55	57	58	
1548	44	45	46	47	48	49	50	52	53	55	59	
1549	47	50	
1551	10	
1552	10	14	
1553	5	7	9	10	12	13	14	16	20	23	
1554	12	25	86	91	95	
1555	51	52	53	53	54	55	56	58	60	82	83	86	87	89	90	96	
1556	46	47	49	50	55	
1559	70	
1562	81	
1568	13	23	
1569	9	15	
1570	3	6	8	11	12	14	15	17	19	53	56	57	58	
1571	17	19	21	22	24	43	47	52	54	
1572	47	48	50	53	85	
1577	17	18	
1578	7	8	10	12	14	16	18	20	68	72	
1579	9	10	12	13	14	15	16	16	17	19	19	21	22	24	26	
1580	15	18	20	21	22	22	24	26	55	56	58	58	60	
1581	23	25	32	34	47	48	50	50	51	52	52	54	54	55	57	
1582	44	46	49	50	54	
1583	48	
1585	14	
1587	3	7	12	
1588	9	13	81	83	86	88	98	
1589	7	51	52	54	55	56	61	81	83	84	88	94	
1590	47	50	81	83	86	91	94	
1591	54	
1592	59	
1601	13	18	
1602	13	
1603	10	
1604	6	8	10	11	13	14	15	16	18	23	37	53	56	61	
1605	17	19	21	26	35	47	50	52	54	55	58	
1606	44	46	48	54	79	83	
1607	67	
1610	14	18	18	25	
1611	7	10	14	16	18	19	43	
1612	8	9	11	13	13	14	17	20	21	23	27	
1613	12	14	21	22	24	92	
1614	52	53	55	55	56	56	57	61	82	83	87	88	89	90	91	93	95	98	
1615	33	43	49	50	51	52	54	55	59	83	87	91	95	
1616	44	47	48	50	51	58	82	89	
1617	45	
1619	42	
1622	10	79	
1623	6	12	14	17	18	53	56	60	79	86	
1624	21	47	80	
1625	44	49	52	52	52	53	
1629	7	
1630	81	
1635	29	
1636	31	
1637	8	14	
1638	11	12	14	19	53	56	58	60	
1639	16	17	18	20	22	50	51	52	54	56	59	91	
1640	32	43	44	46	48	48	49	51	
1641	8	43	46	72	
1642	42	43	
1643	10	13	17	19	28	42	
1644	9	13	15	17	18	19	21	24	45	69	70	
1645	11	20	21	25	72	75	
1646	23	24	92	
1647	22	82	86	88	88	89	92	97	
1648	8	12	14	15	16	53	56	57	60	80	81	82	84	85	89	90	95	
1649	16	17	21	37	48	50	51	52	54	55	58	81	83	84	86	86	91	96	99	
1650	35	36	44	45	46	47	49	49	51	53	
1651	47	
1653	24	
1656	10	14	18	
1657	11	15	16	19	22	25	52	57	60	68	
1658	18	21	44	45	46	47	49	51	
1659	43	46	50	
1663	83	84	84	86	
1671	12	
1672	5	7	9	11	12	14	15	23	58	92	
1673	8	12	16	20	24	35	51	52	54	57	59	81	83	83	86	91	95	
1674	18	29	45	50	52	54	61	
1675	30	42	43	45	47	48	63	
1676	8	15	18	21	23	44	70	
1677	11	15	19	21	24	45	74	
1678	22	25	58	93	
1679	23	25	52	55	86	89	92	96	
1680	83	86	87	88	89	93	94	
1681	10	80	82	83	85	91	
1682	5	6	9	11	12	14	18	57	79	80	84	88	94	
1683	12	13	16	19	21	50	51	52	53	54	55	56	58	60	79	80	86	90	98	
1684	18	23	42	45	46	47	49	50	51	54	59	
1685	37	49	55	66	
1686	49	
1688	17	28	46	51	
1689	18	43	
1690	10	12	14	16	20	26	58	68	
1691	13	15	16	17	18	18	20	22	23	28	34	36	52	55	56	58	59	73	
1692	18	21	22	25	45	49	49	50	54	
1693	49	54	62	
1695	96	
1706	4	6	9	12	14	91	
1707	7	12	13	14	19	79	80	85	90	94	
1708	51	55	86	87	91	95	
1709	87	92	97	
1710	24	91	
1711	23	25	58	73	87	88	90	90	91	97	
1712	53	54	59	82	87	90	92	96	
1713	78	82	85	88	88	
1714	81	83	84	88	92	
1715	9	14	80	85	
1716	9	11	14	80	84	89	
1717	7	13	16	18	19	25	33	51	52	53	54	55	57	59	61	80	83	85	90	95	
1718	16	17	22	30	38	41	47	50	51	57	59	
1719	32	43	44	45	46	47	48	50	58	
1720	41	46	68	
1721	47	66	72	
1722	12	18	18	21	27	42	47	65	
1723	11	13	15	16	19	21	45	47	69	
1724	4	7	11	15	19	19	20	21	57	70	
1725	22	23	24	52	54	60	88	
1726	50	52	53	55	61	87	89	90	92	95	
1727	27	
1736	33	
1739	9	
1741	4	6	9	12	15	80	83	90	
1742	12	15	80	81	83	85	93	
1743	80	81	83	84	85	88	88	90	95	
1744	81	83	84	86	88	90	95	
1745	82	83	83	84	87	92	96	
1746	80	81	83	84	88	91	
1747	80	84	93	
1748	80	86	
1749	13	
1750	3	9	12	18	
1751	7	10	11	13	14	21	24	52	61	81	86	89	96	
1752	16	21	51	53	54	56	57	61	82	86	87	88	89	91	94	98	
1753	16	17	28	44	45	49	50	61	
1754	24	43	45	47	48	48	49	59	
1755	21	23	27	31	43	45	
1756	9	13	15	19	21	44	48	65	70	
1757	13	21	23	25	56	
1758	21	23	24	51	60	87	88	92	
1759	23	53	53	55	86	87	90	95	
1760	80	81	82	84	85	87	89	
1761	54	83	85	
1765	99	99	100	
1769	73	
1773	76	
1775	100	
1776	80	83	
1777	79	80	
1778	78	79	81	85	
1779	78	79	81	87	
1780	78	80	83	93	99	
1783	84	
1784	3	12	
1785	4	7	9	12	14	87	
1786	7	10	12	14	15	16	19	81	82	84	85	89	97	
1787	52	55	86	87	89	91	93	95	
1788	88	90	92	96	
1789	84	87	90	92	96	
1790	88	90	93	
1791	83	86	87	90	92	95	
1792	54	61	85	86	88	89	95	
1793	80	81	83	83	85	97	100	
1794	79	80	83	94	
1795	94	101	
1798	73	
1800	77	
1802	90	
1810	35	
1811	86	
1812	87	97	
1813	84	
1814	87	
1819	7	8	84	
1820	5	9	12	16	80	85	92	96	
1821	13	15	79	80	81	83	85	90	
1822	82	85	87	89	91	94	98	
1823	81	82	84	85	87	89	97	99	
1824	81	82	83	84	86	89	99	
1825	80	81	82	84	85	100	
1826	79	81	82	83	85	96	
1827	79	82	90	97	
1837	26	
1839	15	
1844	99	
1848	52	
1854	83	
1855	3	7	80	83	91	
1856	4	12	78	79	83	86	
1857	5	79	81	86	94	
1858	78	79	82	83	88	
1859	78	80	93	
1860	78	85	89	
1861	88	
1862	96	
1873	39	
1876	18	
1877	101	
1885	53	
1887	89	
1889	85	
1890	83	95	
1893	91	
1894	99	
1912	36	
1926	14	
1934	57	
1945	8	
1948	15	
1954	4	
1974	37	
1979	78	
2007	36	
2009	36	
2018	30	90	
2024	3	
2028	13	
2038	77	
2043	53	
2044	78	
2055	49	
2067	20	
2069	66	
2077	52	
2082	42	
2093	42	74	
2113	29	
2120	30	
2152	10	
2157	15	
2164	100	
2254	11	11	
2264	3	7	
2270	7	
