11	15	
47	56	57	
75	88	90	93	
76	18	91	
107	38	59	
108	46	51	53	
109	9	14	81	83	85	87	89	
110	12	15	18	80	83	84	86	89	92	95	
111	17	19	
112	39	
140	58	
141	52	55	56	56	59	
142	47	49	50	51	53	
143	5	8	10	49	82	85	
144	7	12	13	13	14	15	16	19	79	82	87	89	98	
145	16	17	18	19	21	26	
174	57	
175	52	53	55	56	57	59	61	
176	28	46	48	50	51	54	
177	3	9	45	81	84	87	102	
178	7	10	12	13	14	15	16	18	79	92	94	
179	16	17	17	19	20	21	23	88	
180	38	
182	19	
208	56	57	
209	52	53	54	55	56	57	59	61	
210	46	47	49	50	51	54	
211	8	10	45	48	82	84	
212	5	6	9	11	12	13	14	15	79	88	89	
213	12	13	16	17	18	18	19	21	23	26	34	35	94	
218	9	
223	58	
225	47	89	
226	7	11	83	86	87	88	90	92	93	97	
227	16	87	90	93	93	
228	18	
242	58	63	
243	35	36	52	53	54	55	56	57	59	62	
244	46	47	49	50	51	52	54	
245	9	45	48	
246	3	7	8	10	11	12	13	14	15	82	87	91	96	
247	13	15	16	17	18	18	20	22	89	96	
248	16	18	22	
250	92	
251	16	88	89	91	96	
252	16	88	
257	56	57	58	60	
258	51	52	54	55	56	
259	44	46	47	48	49	81	84	
260	9	11	13	79	81	82	84	85	87	89	90	
261	8	12	14	15	16	17	18	80	82	83	85	87	89	91	96	98	
262	16	17	
276	57	62	
277	52	52	54	55	55	56	56	57	58	59	62	
278	36	43	46	47	48	49	50	51	51	53	54	
279	9	44	45	46	47	49	50	
280	5	7	8	10	10	11	13	14	15	82	87	91	95	
281	7	11	12	15	16	17	18	19	21	26	70	80	85	89	95	
282	17	21	22	56	60	
283	47	
284	44	46	82	84	86	88	
285	7	9	11	14	81	82	85	86	87	89	91	93	97	
286	16	17	86	90	95	
287	18	
291	56	57	62	
292	35	36	48	50	51	52	53	54	54	55	56	57	58	59	
293	44	46	47	47	49	50	50	51	
294	5	9	10	13	44	46	49	79	81	84	99	
295	7	10	11	12	14	15	16	18	79	80	81	84	89	98	
296	16	17	17	20	21	23	
310	57	
311	52	52	55	56	57	57	58	60	62	
312	33	47	50	51	51	52	53	54	55	56	58	60	
313	42	43	44	45	46	47	47	48	49	49	51	
314	5	6	9	10	11	12	13	15	68	82	
315	8	11	12	13	14	15	15	16	16	17	19	20	78	98	
316	17	18	19	21	22	23	28	52	55	56	57	58	62	
317	50	51	52	53	54	56	
318	9	44	46	47	48	49	50	79	
319	8	9	11	14	15	79	80	82	84	86	89	96	
320	12	13	15	17	19	80	81	83	85	88	91	94	
321	16	17	18	19	22	
325	57	
326	52	53	54	55	56	57	58	59	61	
327	45	46	47	49	49	50	51	52	53	54	
328	5	8	9	44	46	48	49	68	
329	2	6	7	11	12	12	14	14	15	16	18	19	24	80	89	97	
330	13	15	16	17	17	19	20	21	22	24	27	
345	53	56	57	57	62	
346	48	50	51	51	52	52	54	54	55	56	58	61	
347	31	44	45	46	47	48	49	50	50	51	53	
348	4	8	9	10	11	13	14	44	
349	8	11	12	13	14	15	16	17	19	19	24	69	92	96	
350	17	18	20	21	22	56	57	58	61	
351	51	52	53	53	54	55	56	59	
352	33	44	45	46	47	48	49	50	51	53	
353	5	6	9	10	11	13	80	85	
354	2	7	10	11	12	14	15	15	16	18	69	78	80	84	88	92	95	99	
355	16	17	17	18	20	22	24	
359	58	
360	34	51	52	52	54	55	56	56	57	59	60	62	
361	46	47	49	50	51	51	53	54	
362	9	10	14	44	48	49	
363	2	6	8	10	11	12	13	13	14	15	18	69	79	91	95	
364	15	16	17	18	18	20	21	21	23	23	97	
379	53	56	57	57	59	62	
380	35	51	52	52	54	54	55	56	57	58	59	61	
381	32	43	45	46	47	47	48	49	50	50	51	53	
382	5	6	8	9	10	13	14	
383	7	11	12	12	13	14	15	15	16	18	20	23	25	71	92	
384	16	17	21	22	27	57	58	
385	34	48	51	52	53	54	55	55	56	59	
386	47	48	49	50	51	54	87	89	92	
387	3	9	10	14	45	68	87	
388	5	7	9	10	11	12	13	13	14	15	15	16	18	19	79	87	89	93	
389	12	16	17	18	19	20	21	22	25	91	
390	18	22	
393	57	58	
394	34	52	53	54	55	56	57	59	60	
395	47	48	49	50	50	51	52	53	54	55	
396	8	10	43	45	46	48	49	
397	3	7	9	11	11	12	14	14	15	18	23	
398	13	15	16	17	18	18	20	21	22	23	27	70	81	
413	56	57	58	
414	51	52	52	53	53	54	55	56	56	57	59	60	62	
415	33	43	45	46	47	48	49	50	51	52	54	
416	9	10	44	49	
417	3	6	8	10	11	12	13	14	15	15	18	24	58	92	
418	16	17	20	21	22	52	55	56	57	60	88	92	
419	37	51	52	53	53	54	55	56	58	
420	44	46	48	49	50	51	52	83	83	85	87	90	99	
421	5	9	11	83	84	96	
422	1	5	6	8	10	11	12	13	13	14	15	18	79	87	90	97	98	
423	12	16	17	19	21	23	25	26	88	90	93	97	
424	17	18	22	
428	36	52	52	55	55	56	56	58	59	61	
429	32	46	47	48	50	50	51	52	53	53	54	
430	9	45	46	49	49	68	88	88	
431	3	4	6	8	9	10	11	12	13	13	14	15	16	28	
432	13	15	16	16	17	17	18	19	20	21	22	23	70	
433	22	
437	61	61	61	
447	58	
448	52	53	54	55	56	57	59	60	61	
449	36	46	47	49	50	51	51	52	54	55	58	64	
450	9	44	45	46	48	49	
451	6	7	10	11	12	13	14	15	24	87	88	92	
452	16	21	52	53	55	56	57	60	81	84	87	90	92	95	
453	51	52	53	54	55	56	58	88	88	91	96	
454	48	49	50	54	81	83	85	87	91	
455	5	10	46	79	82	
456	5	6	8	9	10	11	13	13	14	15	23	80	86	90	94	
457	8	10	11	12	14	15	16	17	18	21	78	80	83	83	86	90	96	
458	16	17	20	22	26	91	
461	57	
462	51	52	53	54	55	56	56	57	59	60	63	
463	46	47	49	50	51	51	54	54	
464	8	9	44	46	48	49	86	
465	7	9	10	11	12	14	14	15	16	24	78	
466	16	16	17	18	18	20	21	21	22	24	
467	23	
481	58	
482	52	53	56	57	57	59	62	
483	43	47	48	50	50	51	52	53	54	54	56	58	
484	44	45	46	47	48	49	49	50	
485	7	9	10	13	15	43	85	99	
486	7	16	55	79	80	82	84	86	87	88	90	91	96	
487	33	50	51	53	53	54	57	59	64	80	82	83	84	85	86	87	89	91	94	97	
488	43	51	56	81	82	85	90	101	
489	4	13	41	44	46	47	48	49	50	70	
490	3	8	9	10	11	13	14	21	24	26	43	
491	7	9	11	12	12	13	14	15	16	18	24	79	81	85	88	89	91	94	
492	15	16	17	19	21	82	86	87	90	92	95	
493	17	18	
495	57	58	61	
496	33	51	51	52	53	54	55	56	56	57	59	61	
497	45	47	47	49	50	51	52	53	54	
498	8	9	44	48	49	85	
499	5	6	7	9	10	11	12	13	14	15	15	16	18	19	69	
500	16	16	17	17	18	19	20	21	21	22	25	27	70	
501	23	
516	55	57	58	59	61	
517	34	37	50	51	51	52	53	53	54	55	55	56	56	57	58	59	
518	44	45	46	47	48	48	49	50	50	51	
519	5	10	41	43	44	45	46	48	48	84	
520	7	66	80	81	84	86	88	90	97	
521	66	78	79	80	81	82	84	85	86	88	90	94	
522	7	12	16	18	18	19	20	53	56	56	57	58	60	61	69	80	85	
523	19	20	21	25	31	45	46	47	48	48	49	50	51	64	68	71	
524	5	8	13	22	23	43	44	44	45	46	46	47	48	49	72	
525	6	9	10	12	13	14	24	79	85	99	
526	8	11	12	14	15	16	17	19	21	80	81	84	87	90	91	95	
527	17	18	19	21	
529	57	58	63	
530	35	51	52	52	53	55	56	57	57	59	60	62	
531	45	46	47	48	49	49	50	51	52	53	54	55	
532	8	9	13	44	45	46	49	50	84	
533	6	7	9	10	11	11	12	14	15	15	16	19	
534	16	17	18	19	20	21	22	23	
535	18	22	
550	57	
551	51	52	53	53	54	55	56	57	57	58	59	60	61	
552	31	47	49	50	50	51	52	54	55	56	57	58	59	61	
553	4	32	39	43	43	44	45	47	48	48	49	49	50	56	67	
554	8	19	25	42	44	44	46	47	48	49	49	69	72	79	83	
555	9	11	13	15	17	19	20	21	27	44	45	47	49	53	68	70	79	80	83	
556	8	11	12	15	18	18	19	20	20	22	24	27	44	57	57	60	62	69	71	
557	21	21	22	23	25	45	48	50	51	52	53	53	54	55	56	56	57	58	59	61	70	
558	24	43	44	45	46	47	49	49	50	51	54	
559	2	9	10	44	46	48	49	
560	5	6	8	8	10	11	12	13	14	15	15	77	79	81	84	86	89	91	97	99	
561	13	16	18	21	23	24	83	85	87	90	92	95	
562	16	18	
563	57	58	
564	34	37	51	51	52	53	55	56	56	57	59	60	62	
565	47	48	48	49	50	51	51	53	54	
566	8	9	14	45	48	49	
567	7	10	11	12	13	13	14	14	15	16	19	70	
568	16	17	18	18	19	20	21	22	25	26	
569	23	
585	52	55	
586	51	52	54	55	55	58	61	63	64	
587	48	50	51	59	63	
588	23	25	29	44	50	
589	11	14	20	22	23	24	44	49	65	72	75	
590	4	22	23	23	24	25	26	57	60	
591	25	33	51	52	53	54	55	56	57	57	58	59	61	
592	36	45	48	49	50	50	51	53	53	54	56	58	60	
593	5	44	45	45	46	47	47	48	49	49	50	
594	6	8	9	10	12	14	43	48	79	
595	7	11	12	13	14	15	16	19	81	83	85	86	88	89	91	95	98	
596	16	17	21	87	90	92	97	
597	17	58	
598	52	53	54	55	56	56	57	59	60	62	
599	47	48	50	50	51	52	53	54	55	
600	9	45	48	
601	5	6	8	9	11	11	12	13	14	14	15	16	18	19	
602	16	16	17	17	18	19	20	21	23	27	
603	22	23	
622	74	
625	53	55	57	60	61	
626	37	51	52	53	54	55	55	56	57	58	59	60	62	
627	32	46	47	49	50	50	51	53	54	
628	9	44	44	45	46	46	48	49	
629	7	10	11	12	13	15	78	80	81	85	87	90	93	
630	8	12	14	15	16	21	82	84	85	87	89	90	95	98	
631	17	18	20	56	57	97	
632	35	54	55	56	57	58	60	
633	45	48	49	50	51	51	53	54	55	83	87	91	
634	8	9	45	49	86	89	94	
635	4	6	7	11	11	12	13	14	14	15	16	18	19	
636	13	17	17	18	19	20	21	22	24	26	
637	22	
660	52	53	54	55	55	56	57	58	58	60	61	
661	35	36	49	50	51	51	52	53	54	55	56	57	58	59	62	
662	31	42	44	44	45	46	47	47	48	49	50	51	56	66	
663	9	10	44	45	46	48	78	
664	6	7	9	10	11	13	14	14	15	70	79	80	81	83	84	85	88	89	93	
665	12	16	17	21	56	58	82	86	87	89	90	92	94	97	
666	52	53	54	55	57	59	91	96	
667	51	51	53	54	55	82	85	86	87	88	90	93	96	
668	9	10	67	81	82	84	85	88	98	
669	4	6	7	8	9	10	11	12	12	13	14	15	15	16	17	18	19	70	
670	16	17	18	19	20	21	22	23	26	
671	18	
686	98	
694	60	
695	51	52	53	53	54	55	56	57	58	58	60	62	
696	47	48	49	50	50	51	52	54	56	59	
697	4	9	32	41	44	44	45	46	47	48	48	49	50	69	
698	9	11	12	13	41	43	45	47	72	79	
699	6	12	58	80	81	83	83	85	86	89	93	
700	35	51	53	54	55	80	81	83	84	86	87	88	88	90	91	92	93	96	
701	50	80	81	82	84	85	87	89	90	96	
702	5	7	8	9	11	17	68	78	80	82	84	
703	4	7	10	11	12	13	14	15	16	16	17	17	19	19	20	21	24	27	70	73	
704	17	18	19	20	21	22	23	
729	57	60	
730	51	53	54	55	55	56	56	57	58	59	60	
731	32	45	47	48	49	50	50	51	51	52	54	55	56	56	59	
732	5	31	39	42	43	44	45	46	47	47	49	49	50	58	69	
733	8	41	44	46	47	48	78	80	99	
734	46	54	77	80	81	82	84	85	89	96	98	
735	8	16	18	18	43	46	66	78	79	80	81	82	84	
736	8	10	11	12	13	14	14	15	16	17	18	19	19	21	27	29	69	
737	5	12	13	15	16	17	18	19	20	21	21	22	23	24	
738	21	22	23	24	
764	58	59	
765	51	52	53	54	55	56	57	59	61	62	
766	30	43	47	50	50	51	52	53	55	56	57	58	59	62	
767	24	33	42	44	45	47	48	49	49	50	51	54	56	62	74	
768	19	20	27	42	44	44	45	47	48	49	50	69	78	84	
769	10	12	14	15	16	18	19	20	21	27	43	44	48	67	68	70	79	
770	5	8	12	14	15	19	20	21	21	22	24	25	26	45	70	73	
771	21	22	23	24	25	27	74	
799	62	
800	52	55	
801	51	65	
802	24	65	75	
803	4	11	23	24	25	
804	5	21	23	23	24	
1170	29	
1191	83	
1196	85	
1198	51	72	
1204	59	
1209	29	
1213	69	
1217	57	
1230	17	18	57	
1231	20	24	43	51	
1232	45	46	48	52	66	
1233	49	
1236	64	
1240	9	26	
1244	69	
1260	58	
1261	20	
1264	12	16	21	63	
1265	18	19	22	24	27	52	55	59	
1266	22	44	47	48	50	
1267	44	
1268	42	
1280	8	
1283	37	
1293	40	
1297	15	18	
1298	7	12	14	18	20	23	29	56	57	58	61	
1299	13	17	19	21	26	52	54	55	56	58	71	75	
1300	22	23	44	45	46	48	49	50	52	54	
1301	44	47	
1307	48	80	
1308	26	
1311	66	
1313	26	
1316	49	
1331	10	14	17	
1332	6	11	13	14	15	17	19	57	58	62	
1333	16	17	19	21	23	26	52	52	56	60	69	
1334	18	43	44	45	46	47	49	50	51	54	56	
1335	48	51	
1337	23	
1339	53	
1341	26	
1342	57	
1345	26	
1346	17	
1347	17	67	
1348	28	44	47	
1349	47	
1350	64	
1365	9	18	
1366	6	9	11	12	13	15	19	23	58	62	
1367	12	16	17	19	20	36	53	54	55	56	57	59	61	70	
1368	18	23	45	46	48	49	50	52	54	60	
1369	45	49	
1370	32	32	33	47	
1371	53	
1372	46	
1374	12	
1376	75	
1377	66	
1381	16	17	18	20	57	60	
1382	19	20	20	22	43	44	45	46	47	50	51	57	59	64	72	
1383	44	46	47	48	50	69	
1387	61	
1399	23	
1400	8	9	10	11	12	14	15	16	19	24	58	
1401	12	13	15	16	17	20	22	24	36	52	53	55	56	57	59	61	70	
1402	23	45	46	47	48	49	50	51	52	54	62	
1403	44	45	48	49	50	
1406	17	20	43	61	70	
1407	22	26	42	45	46	48	48	51	69	
1408	46	
1414	8	11	13	22	27	
1415	12	16	17	18	22	25	33	56	57	59	61	
1416	16	17	17	19	21	22	25	51	52	54	57	58	71	
1417	23	44	45	46	47	50	51	52	55	
1418	45	
1421	28	
1428	76	
1430	3	30	
1433	9	12	
1434	5	6	9	10	11	13	14	15	19	21	26	
1435	13	15	15	16	17	18	20	21	25	52	52	53	55	56	56	57	58	60	62	70	
1436	17	17	21	22	31	46	47	49	50	50	51	52	54	55	56	58	
1437	41	44	45	46	48	48	49	
1438	13	
1439	10	15	19	
1440	16	18	20	22	23	56	58	58	63	
1441	20	22	42	45	48	49	50	52	55	56	
1442	44	47	49	50	
1443	58	
1447	10	
1448	10	13	13	
1449	8	10	11	12	14	15	16	25	35	57	57	61	
1450	16	17	18	18	19	21	24	50	51	51	52	54	54	55	57	58	60	
1451	44	45	46	47	48	49	50	51	53	
1452	48	50	
1453	55	
1458	86	
1459	62	
1467	10	14	
1468	7	9	11	12	14	
1469	6	8	11	12	13	15	16	18	19	21	24	35	52	53	56	56	57	59	59	61	91	97	
1470	17	18	20	22	47	48	50	51	51	53	54	55	56	59	
1471	45	46	48	49	51	
1472	49	
1473	8	9	11	13	24	
1474	7	11	12	15	16	18	23	48	55	57	57	59	60	
1475	16	17	19	20	21	24	26	42	48	50	50	51	53	54	56	57	59	60	64	
1476	42	44	45	46	47	48	49	50	53	
1477	49	
1478	24	64	
1482	8	11	21	
1483	5	6	9	10	11	13	13	14	16	19	23	57	58	61	81	
1484	13	17	18	19	20	21	23	35	48	51	52	53	53	54	54	55	56	58	59	71	
1485	22	46	48	49	50	51	54	
1486	44	60	
1497	96	
1502	6	9	11	14	19	
1503	6	8	10	11	11	12	13	13	14	15	16	18	24	35	36	52	56	56	57	58	58	59	61	68	80	86	89	
1504	16	16	17	19	20	21	26	51	52	53	54	55	57	63	
1505	45	46	48	48	49	50	52	
1506	31	
1507	9	12	
1508	6	8	10	11	12	13	13	14	15	17	19	56	57	60	62	81	
1509	16	17	18	19	20	21	23	27	48	51	52	53	54	56	59	
1510	44	45	46	47	49	49	50	52	54	
1511	45	49	
1512	51	73	
1516	9	97	
1517	8	9	10	11	13	14	15	17	20	24	57	63	
1518	13	16	17	18	18	19	20	23	25	53	55	55	56	58	59	61	70	79	99	
1519	44	45	45	46	47	48	49	50	51	54	55	57	59	
1520	44	48	48	49	
1521	53	
1523	32	
1526	56	
1527	88	
1536	6	9	12	14	95	
1537	5	7	8	10	11	12	12	14	15	16	18	53	56	56	57	58	60	61	79	96	
1538	16	16	17	18	19	21	22	28	34	48	50	51	52	53	54	55	56	57	61	71	79	91	98	
1539	23	43	45	46	48	49	50	
1540	44	49	67	
1541	6	10	12	13	16	
1542	6	8	10	11	12	13	14	15	16	17	18	19	20	27	36	50	57	58	60	62	68	79	
1543	17	19	20	21	22	24	35	36	48	51	52	53	53	54	55	55	56	58	59	61	
1544	44	45	46	47	49	49	50	51	52	54	59	
1545	45	47	48	51	54	
1547	58	
1548	72	
1550	8	15	18	
1551	6	8	10	11	11	13	13	14	15	21	58	63	97	
1552	12	16	17	18	18	19	21	22	25	33	53	54	55	55	56	57	59	60	72	
1553	18	22	23	45	46	47	49	49	50	50	51	53	54	55	56	59	63	
1554	45	49	51	57	
1555	49	
1561	88	
1568	94	
1569	14	
1570	9	14	55	
1571	5	7	10	11	12	14	15	19	57	61	93	96	
1572	13	16	17	18	20	22	23	26	52	53	54	55	56	57	58	60	62	81	87	89	92	96	
1573	44	45	46	47	48	49	50	51	54	
1574	45	46	49	
1575	9	11	13	15	18	70	
1576	4	6	8	11	12	13	14	15	16	17	19	19	21	22	57	60	63	71	
1577	18	19	20	21	23	24	26	51	52	53	54	55	56	57	58	58	59	61	75	
1578	43	44	45	46	47	48	48	49	50	51	52	54	64	
1579	44	45	46	47	49	50	
1580	42	44	49	
1582	52	
1583	26	
1584	8	11	13	
1585	4	6	8	9	10	12	13	14	15	17	19	57	58	67	
1586	12	15	16	17	19	20	22	24	36	51	52	53	57	59	61	70	
1587	9	18	22	33	45	46	47	49	50	51	51	53	54	56	61	
1588	48	
1601	21	
1604	8	14	18	
1605	5	6	8	10	11	13	14	15	19	
1606	12	15	16	17	19	22	35	51	52	53	55	56	56	57	58	60	70	80	86	90	97	
1607	17	22	42	45	46	47	48	49	49	50	54	63	
1608	30	39	44	46	48	49	
1609	5	6	9	10	11	14	15	19	21	24	67	69	
1610	7	11	13	14	15	16	17	18	19	20	22	23	24	57	70	
1611	18	21	22	27	35	51	52	53	54	55	56	57	57	58	60	62	
1612	41	47	47	49	50	51	52	53	53	54	55	56	57	59	61	
1613	41	44	46	47	48	49	50	56	59	
1614	44	46	50	
1615	59	
1618	10	15	
1619	4	7	10	11	12	13	14	15	19	25	56	57	58	62	
1620	15	16	17	18	20	21	22	25	52	53	54	55	55	56	58	59	60	70	
1621	22	22	44	45	46	47	48	49	50	52	54	62	
1622	44	47	53	83	88	88	
1623	56	
1634	28	
1638	9	
1639	9	10	12	
1640	2	6	8	12	13	15	16	18	22	55	56	58	60	62	79	87	91	95	
1641	16	17	19	20	22	32	50	51	52	53	54	
1642	40	43	45	46	47	48	49	64	67	
1643	7	8	10	11	13	15	20	27	43	72	
1644	12	20	21	22	23	25	27	71	
1645	57	59	61	86	87	90	92	97	
1646	17	51	52	53	53	54	56	56	58	58	59	62	92	
1647	46	48	49	50	51	52	54	
1648	43	43	44	46	48	49	50	56	
1651	14	44	
1652	9	15	18	
1653	5	7	9	10	11	12	13	14	15	19	25	57	
1654	13	16	16	17	20	21	22	24	27	51	52	52	55	56	58	58	59	61	69	
1655	22	23	32	45	47	48	49	50	51	52	53	54	56	87	
1658	44	
1673	5	7	9	12	14	19	24	94	99	
1674	6	8	10	11	11	12	13	14	14	15	16	20	62	81	84	90	95	
1675	16	17	18	19	21	24	55	62	88	91	
1676	18	50	56	
1677	24	85	
1678	9	87	91	
1679	6	10	13	81	82	84	85	86	87	88	90	92	94	
1680	16	18	35	52	52	54	55	56	57	58	59	61	82	86	87	88	89	89	91	93	94	96	
1681	17	37	47	50	50	51	52	53	54	55	56	59	61	
1682	43	45	45	46	47	48	48	49	50	51	
1683	44	46	50	57	
1684	50	
1686	10	
1687	4	7	10	11	12	13	14	15	17	19	22	56	57	57	63	
1688	13	15	17	18	18	19	20	22	24	27	35	52	53	54	55	56	58	61	69	
1689	23	44	45	46	47	50	51	53	53	54	56	
1690	33	33	34	44	46	49	55	84	
1693	32	
1704	70	
1705	35	
1706	15	78	
1707	9	13	21	
1708	1	5	7	8	9	10	11	13	15	80	89	96	
1709	1	7	12	15	16	23	80	82	86	87	88	89	91	93	96	99	
1710	51	52	83	87	87	89	90	91	93	94	96	97	
1711	52	56	59	83	86	86	87	89	89	90	91	95	96	
1712	53	82	83	86	86	87	89	90	92	94	96	101	
1713	7	8	10	14	78	79	81	83	83	85	87	90	
1714	6	11	12	14	15	53	57	57	60	63	80	81	83	83	84	86	89	93	
1715	17	18	18	21	36	51	52	52	54	54	55	56	57	58	60	88	90	92	
1716	45	46	47	48	49	50	51	52	53	54	56	59	
1717	42	43	45	47	49	50	
1718	39	52	
1719	47	
1720	8	
1721	5	6	9	10	11	13	13	14	15	18	25	57	58	
1722	13	16	16	17	19	20	22	24	52	53	53	54	54	55	55	56	56	59	60	69	
1723	33	45	46	47	48	49	50	50	51	54	59	
1724	46	50	
1731	97	97	97	
1740	13	29	
1741	11	
1742	4	8	11	14	88	
1743	10	78	80	81	83	85	88	90	93	
1744	78	80	81	81	82	83	84	85	87	88	90	97	
1745	78	80	81	82	83	83	84	85	87	88	90	94	99	
1746	78	79	80	81	82	84	85	89	92	97	
1747	10	78	81	
1748	8	9	10	11	12	14	15	19	78	80	85	88	90	
1749	7	12	13	15	16	19	52	54	55	58	59	60	62	79	80	83	84	86	87	89	91	95	99	
1750	16	17	21	37	51	52	53	55	57	59	61	
1751	44	45	46	47	48	48	49	50	51	53	55	57	
1752	44	45	46	49	53	72	
1753	46	48	
1754	11	22	
1755	8	8	9	10	11	13	14	15	16	19	21	62	
1756	12	15	17	18	18	19	20	21	22	25	26	34	36	51	52	53	54	55	56	57	59	61	69	
1757	22	23	45	46	47	48	48	49	50	50	51	52	54	56	
1758	46	
1760	65	
1765	74	
1769	61	
1770	22	
1771	21	
1776	3	12	
1777	80	85	
1778	79	79	81	83	94	
1779	78	79	80	81	83	84	
1780	79	80	82	
1781	5	8	
1782	5	9	11	13	15	84	
1783	7	11	12	14	15	16	62	78	79	81	84	87	90	97	
1784	16	17	19	20	26	53	54	55	56	57	57	59	61	81	86	90	93	96	
1785	17	42	47	49	50	51	52	53	55	56	57	58	59	
1786	32	44	45	46	47	47	48	49	49	50	54	61	
1787	30	43	47	49	
1788	10	13	
1789	2	5	8	8	9	11	12	14	14	16	17	18	25	57	58	69	
1790	1	12	13	16	16	17	20	21	22	24	52	53	55	55	56	57	59	60	62	69	
1791	44	45	46	47	49	50	51	51	53	54	
1792	46	49	53	56	
1793	56	
1811	99	
1812	79	84	91	
1813	82	
1814	89	97	
1816	10	
1817	4	7	8	9	11	13	14	79	86	
1818	6	11	12	13	14	15	17	20	57	61	79	81	83	84	86	87	88	90	92	96	
1819	16	17	21	51	52	52	54	56	57	58	59	61	87	90	92	97	
1820	33	42	45	47	48	49	50	51	52	53	61	
1821	8	43	45	47	48	49	
1822	4	9	10	13	15	45	49	68	69	
1823	5	7	10	11	12	14	15	16	17	19	20	23	25	56	57	57	61	71	
1824	3	17	18	21	22	23	25	35	52	52	54	55	56	57	59	
1825	22	49	50	51	53	53	86	87	90	
1826	48	
1827	65	
1830	20	
1838	7	
1845	2	27	
1849	14	
1851	8	11	13	
1852	3	6	9	10	11	14	15	80	82	85	88	88	91	
1853	7	11	12	15	17	52	53	54	55	60	62	80	81	83	84	85	86	88	88	89	91	94	
1854	16	17	19	35	51	52	54	56	59	62	92	
1855	17	24	45	47	49	50	68	
1856	8	10	15	19	25	45	
1857	12	13	14	15	19	19	21	22	25	27	34	56	57	59	62	69	71	
1858	21	22	23	24	25	51	52	52	53	54	55	56	59	73	
1859	50	51	53	54	82	84	86	87	89	91	94	101	
1860	49	55	89	
1864	71	
1865	23	
1868	59	68	
1874	26	
1879	43	
1884	5	
1885	11	
1886	2	8	13	14	87	
1887	6	8	10	11	13	15	17	79	81	83	84	86	94	99	
1888	12	15	17	78	80	81	82	84	86	87	88	89	92	95	
1889	16	18	19	91	
1890	25	56	57	74	
1891	22	23	25	34	52	55	56	57	59	
1892	49	50	52	53	54	56	62	86	87	88	89	90	92	95	
1893	50	78	80	81	82	84	85	88	96	
1894	85	90	
1897	32	59	
1898	100	
1919	15	30	
1920	83	
1921	10	13	80	86	
1922	7	10	11	13	15	79	81	84	86	90	
1923	7	10	12	15	42	78	80	81	84	85	86	87	88	89	91	93	95	
1924	83	87	88	89	89	90	93	95	97	
1925	55	86	86	87	88	89	90	93	93	95	
1926	53	78	81	82	83	85	86	87	90	95	99	
1927	80	82	83	87	89	94	103	
1928	84	
1941	36	
1951	70	
1953	19	
1955	8	
1956	10	79	87	
1957	12	79	80	82	83	85	88	89	94	
1958	78	79	80	81	82	84	85	87	89	90	
1959	78	80	81	82	83	83	84	85	86	87	88	93	98	
1960	79	80	81	82	83	84	86	
1961	80	
1963	93	
1976	41	
1978	94	
1982	7	95	
1984	100	
1987	84	
1990	87	
1992	79	81	83	94	
1993	79	80	90	
1994	79	99	
1995	84	
1996	8	27	
1999	10	
2024	99	
2025	86	
2026	83	90	
2028	83	
2043	82	
2055	17	
2061	71	
2131	100	
2165	101	
2190	91	
2200	1	
2231	4	
2245	103	
2262	8	
