48	2	
149	53	55	
183	17	
219	7	
227	91	
228	93	
260	82	86	87	90	91	94	
261	82	85	86	86	87	88	89	91	94	96	
262	82	86	87	88	89	91	93	96	
263	16	87	90	97	
277	87	
278	86	87	89	91	97	
279	83	86	87	88	90	91	93	94	97	
280	16	87	90	92	96	
281	17	
291	56	
292	51	53	56	58	
293	47	48	50	
294	6	80	81	83	83	85	86	89	94	100	
295	9	79	80	81	82	83	84	85	86	87	89	90	93	96	
296	9	11	14	79	80	81	82	83	84	85	86	87	88	89	91	96	
297	11	12	16	78	80	81	82	83	85	86	89	91	94	98	
298	16	18	20	
309	56	
310	55	58	
311	46	49	
312	81	82	83	84	85	86	87	88	90	92	94	
313	6	9	15	78	80	82	83	84	85	86	87	88	90	91	95	97	
314	12	16	81	82	84	85	86	87	89	90	93	96	
315	16	17	18	87	89	92	96	
319	86	87	90	93	
320	87	88	89	90	92	94	96	
321	16	86	87	89	92	98	
325	56	57	
326	34	47	51	52	53	53	55	56	58	60	
327	36	42	44	45	46	47	49	50	51	54	
328	44	48	79	81	85	102	
329	13	78	79	79	81	83	85	89	
330	5	6	8	9	11	14	79	79	81	82	84	93	
331	7	9	10	11	12	13	13	14	15	16	19	20	79	80	84	88	94	
332	15	16	17	17	18	19	20	21	23	26	
333	18	
343	53	57	58	61	
344	34	47	48	51	51	53	54	55	57	59	62	
345	45	46	47	49	49	51	55	
346	43	48	78	79	81	82	83	84	85	
347	7	9	11	14	77	79	80	81	84	85	87	89	
348	7	9	10	12	13	15	78	79	80	81	83	83	84	86	89	91	96	
349	12	15	16	17	18	20	78	80	82	84	85	88	89	92	96	
350	17	20	88	91	
351	56	
352	54	86	88	89	91	97	
353	81	82	84	86	87	88	89	91	96	
354	10	80	81	82	83	83	84	85	86	87	88	89	90	92	94	97	
355	7	12	81	82	83	83	84	86	87	88	90	92	95	98	
356	17	86	88	90	96	
357	17	
359	57	
360	50	51	51	52	53	53	54	55	56	56	57	59	60	62	
361	33	37	43	45	46	47	48	49	49	50	50	51	53	54	55	56	58	
362	44	45	46	49	49	50	
363	5	8	48	
364	9	10	11	14	79	
365	3	6	8	10	11	12	12	13	13	14	15	15	16	17	18	19	24	71	78	80	99	
366	16	17	18	19	20	20	21	22	
367	23	
377	53	56	57	58	61	
378	34	47	48	50	51	51	52	54	54	55	56	57	59	62	
379	41	43	45	45	46	46	47	48	48	49	50	52	53	
380	43	44	46	50	
381	11	14	79	83	
382	3	7	8	10	11	12	14	15	79	81	86	89	
383	10	11	12	13	14	15	15	16	19	79	81	84	86	88	89	92	96	
384	13	16	17	22	57	82	86	87	88	90	92	95	
385	52	54	56	83	86	87	89	91	93	95	
386	50	54	81	82	83	85	87	89	90	93	94	
387	78	78	80	81	82	83	83	85	86	89	95	
388	8	10	13	78	78	79	80	82	84	85	87	92	96	
389	7	10	11	12	14	15	17	19	78	79	80	81	84	85	89	96	
390	8	12	14	15	16	17	17	19	22	79	81	83	85	95	
391	17	18	21	
393	58	
394	34	52	52	54	55	56	57	59	
395	46	47	48	49	50	50	51	52	53	54	55	56	59	
396	43	45	47	48	49	50	52	
397	13	43	
398	5	9	10	14	15	19	
399	4	7	8	11	12	12	13	14	14	15	15	16	16	17	18	19	24	27	70	95	98	
400	13	16	17	18	18	19	20	21	22	24	97	
412	35	50	51	52	53	53	54	55	56	57	57	59	61	
413	35	42	45	46	47	47	48	49	49	50	51	51	53	53	54	55	56	58	59	61	
414	41	43	44	45	45	46	47	48	49	49	75	
415	44	
416	5	6	9	11	13	
417	6	8	8	10	11	12	14	15	78	80	83	84	87	92	98	
418	13	53	55	56	79	80	82	84	85	86	89	90	92	95	97	98	
419	52	54	81	82	84	85	86	87	88	88	89	91	96	
420	51	78	80	82	83	83	85	86	88	88	91	96	
421	77	79	81	85	88	97	
422	5	8	10	66	78	80	83	
423	6	8	10	11	12	13	14	15	15	16	17	18	20	80	84	
424	3	6	12	13	14	15	15	16	17	18	18	19	20	22	23	28	71	79	
425	18	21	
427	57	
428	33	52	52	54	55	56	58	59	62	
429	46	47	49	50	51	52	52	53	54	56	
430	44	45	47	48	49	51	54	91	
432	5	8	11	14	
433	1	6	7	11	12	13	14	15	16	18	19	23	26	69	
434	16	17	17	18	19	20	21	22	23	
446	52	53	56	57	57	62	
447	47	48	50	51	51	52	53	54	54	55	56	57	58	58	59	62	
448	33	42	44	45	46	46	47	48	49	49	50	50	51	53	55	61	
449	44	45	48	
451	2	7	9	11	14	81	
452	79	80	81	82	83	85	88	
453	53	77	78	79	80	81	82	83	84	86	88	90	94	
454	52	79	80	82	84	85	
455	10	80	85	
456	8	10	11	14	
457	3	4	7	9	10	11	12	13	14	15	15	16	16	18	19	19	22	24	27	68	
458	13	15	16	17	18	19	20	21	22	23	23	25	27	
459	22	
461	56	
462	34	51	51	52	54	54	55	56	56	58	60	
463	45	47	48	49	50	50	51	53	54	59	87	88	91	
464	45	48	49	51	54	83	85	87	90	
466	5	8	8	9	11	14	19	68	
467	7	9	11	11	12	13	14	14	15	15	16	17	17	18	19	20	27	
468	13	15	16	17	18	19	20	21	21	23	24	
480	56	57	63	
481	34	51	52	53	54	54	55	55	56	57	58	60	
482	41	43	45	46	47	47	48	49	50	50	51	52	54	55	56	60	
483	44	45	46	47	48	49	
484	5	44	49	
485	46	
486	46	78	81	88	
487	40	78	80	83	
488	47	64	79	81	
489	10	13	
490	4	6	9	10	11	12	13	14	15	20	
491	3	7	10	11	12	13	13	14	15	16	17	17	19	20	24	26	
492	16	17	18	20	21	22	23	24	
495	53	57	58	
496	51	52	52	54	55	56	59	87	91	
497	51	52	53	54	58	81	82	85	86	87	89	91	94	97	99	
498	50	53	81	82	85	87	90	95	
499	9	68	
500	7	8	10	11	12	13	13	14	16	17	18	19	
501	11	12	13	14	15	16	16	17	17	19	19	20	21	22	24	68	
502	18	20	21	22	23	23	
514	53	57	
515	51	51	52	53	54	55	55	56	57	58	60	
516	33	34	43	45	46	47	48	49	50	50	51	52	54	55	56	58	59	
517	29	40	42	44	45	46	47	48	49	50	54	56	
518	40	44	47	48	63	
519	17	19	41	43	43	47	56	61	67	70	
520	17	18	20	40	42	46	47	51	57	66	70	
521	17	20	40	43	43	44	46	47	56	63	69	71	
522	30	43	44	48	69	
523	7	
524	4	7	8	10	11	12	14	15	21	
525	7	11	11	12	13	14	15	17	19	20	22	24	98	
526	16	17	18	20	22	91	
527	92	
528	88	91	
529	52	55	61	82	86	87	89	91	93	96	
530	51	52	53	55	56	59	81	82	84	85	87	88	88	90	92	93	96	
531	51	53	55	77	80	81	82	83	83	84	85	87	89	92	93	97	
532	16	50	80	81	84	
533	7	9	10	12	13	15	17	19	46	
534	3	7	11	12	12	14	14	15	16	17	18	19	20	70	
535	13	15	16	17	18	19	20	20	21	22	23	24	25	
536	18	22	23	26	
549	35	52	53	54	55	57	59	61	
550	35	47	49	50	51	52	53	54	55	56	57	59	60	63	67	
551	29	35	42	43	43	45	45	46	47	48	49	50	57	60	
552	39	42	44	45	47	48	48	50	54	56	59	63	63	68	71	
553	19	20	23	40	43	43	45	47	56	57	60	62	71	
554	15	18	19	20	22	24	28	42	44	46	47	49	51	53	54	55	56	56	57	58	59	61	68	69	71	
555	21	22	23	24	26	32	41	43	44	45	47	47	48	49	50	51	52	54	56	61	
556	22	24	41	42	43	44	45	46	46	47	48	49	51	72	
557	44	49	
558	4	6	8	9	11	12	13	15	
559	6	9	11	12	12	14	15	15	79	82	86	88	91	96	
560	12	16	18	81	82	84	85	87	88	89	90	91	94	96	
561	82	85	86	87	88	89	90	91	93	95	
562	53	54	57	60	81	82	83	84	85	86	87	89	91	92	94	96	
563	52	55	80	81	82	83	84	85	86	88	89	90	93	96	
564	78	79	80	81	82	83	83	85	86	97	
565	42	46	66	78	79	80	82	85	
566	8	10	14	16	17	18	19	28	43	44	48	67	69	78	
567	9	11	12	13	14	14	15	16	17	18	19	19	20	21	71	
568	2	5	7	10	12	13	15	18	18	19	20	21	22	23	24	25	26	28	44	70	
569	2	20	21	22	23	25	
570	24	25	25	
584	52	54	
585	51	55	62	64	
586	45	59	
587	23	23	25	45	52	58	64	
588	22	24	50	52	55	56	57	58	61	
589	23	34	45	47	49	50	51	51	52	53	53	54	55	56	57	57	59	60	62	
590	30	40	42	43	44	45	46	47	48	49	49	50	51	56	60	66	
591	29	37	41	43	44	45	46	47	48	48	50	56	67	
592	9	44	46	
593	6	9	11	15	22	79	
594	13	22	79	80	81	83	84	85	89	94	
595	78	79	80	81	82	83	84	85	86	89	95	98	
596	53	54	78	79	80	81	82	83	84	85	88	96	
597	16	42	44	46	66	77	78	79	80	81	82	83	85	
598	11	16	17	18	43	44	46	63	79	80	84	
599	8	11	14	15	16	17	17	18	19	20	21	28	40	44	46	49	68	72	78	
600	6	10	11	12	13	14	15	17	18	19	20	20	21	24	26	43	70	
601	5	12	15	19	20	20	21	22	23	23	24	26	44	70	
602	21	22	24	
603	23	
623	50	51	53	53	54	55	58	60	
624	31	35	45	48	49	50	51	52	54	55	56	57	59	61	
625	24	29	42	43	44	45	47	49	49	50	51	52	53	54	56	57	59	61	73	
626	3	24	31	41	43	44	45	45	46	47	47	48	50	51	56	58	69	73	
627	22	25	29	37	41	42	43	44	45	46	47	48	48	58	70	
628	18	20	42	43	47	49	58	67	70	78	79	99	
629	19	23	39	42	43	47	63	66	70	79	80	84	99	
630	13	17	18	18	19	20	41	43	43	44	46	48	48	61	67	68	71	79	80	
631	8	11	14	17	18	19	20	21	26	42	44	48	71	79	
632	8	11	13	13	15	17	19	20	20	21	21	22	26	29	44	65	69	72	
633	7	12	14	18	19	20	21	22	23	23	24	25	43	71	
634	12	18	21	22	24	25	
635	23	24	
643	3	
658	52	54	55	
659	51	52	54	55	56	60	
660	31	35	44	47	49	50	51	53	54	55	56	57	58	60	63	64	
661	22	23	25	30	39	43	45	47	48	49	49	51	55	60	63	67	73	
662	18	22	24	42	44	45	45	47	49	61	74	
663	8	11	14	18	20	22	23	24	26	44	45	62	70	
664	13	13	15	19	20	21	22	23	25	44	50	69	
665	15	21	22	24	26	45	64	
666	21	22	23	24	28	
667	21	23	25	
669	23	
695	55	
696	23	65	
697	24	
698	22	24	
1162	43	
1168	9	
1171	78	
1173	33	
1174	1	7	86	
1177	7	
1184	6	
1211	10	
1212	86	
1217	97	
1233	26	
1236	31	
1242	75	
1260	24	
1264	16	
1272	34	
1275	11	
1288	15	
1291	3	
1304	51	52	
1309	79	
1316	55	
1317	56	
1320	6	
1327	70	
1338	20	
1339	20	
1344	12	
1345	1	
1347	13	
1356	60	
1362	45	
1363	64	
1364	64	
1370	70	102	
1374	10	
1378	27	
1381	42	
1382	37	46	
1384	46	49	70	
1385	46	
1386	60	76	
1389	11	
1401	44	
1402	47	
1405	31	
1407	48	
1412	53	
1415	17	17	34	
1416	16	17	18	19	22	40	43	43	47	57	58	67	68	
1417	18	20	25	42	46	49	52	56	62	67	
1418	26	32	42	44	46	47	48	59	
1419	46	49	69	
1420	45	
1422	64	
1424	8	
1432	20	
1433	26	37	67	
1434	16	19	22	24	26	36	42	43	47	56	
1435	20	24	32	43	44	46	49	57	68	
1436	38	41	47	48	
1438	37	
1439	50	
1441	38	68	
1442	48	53	
1445	53	
1448	12	77	
1449	8	10	12	14	15	16	18	
1450	15	16	17	19	20	22	23	34	41	52	56	58	61	70	
1451	17	18	19	20	21	22	25	26	33	43	45	48	49	51	53	54	56	57	60	67	71	
1452	21	23	26	40	43	43	45	46	47	48	49	50	51	53	54	58	
1453	23	40	44	45	46	49	50	55	59	71	
1454	49	
1456	61	
1466	12	
1467	13	15	17	18	21	28	57	61	
1468	16	17	17	18	19	21	40	42	43	45	47	51	56	57	59	62	66	68	
1469	17	20	22	23	24	42	44	45	46	47	48	49	51	53	56	59	71	
1470	22	28	42	43	45	46	48	48	50	53	68	
1471	45	46	
1472	62	
1473	43	
1474	19	34	42	
1475	16	18	36	40	43	46	48	52	60	
1476	20	36	43	46	48	52	59	66	71	
1477	46	58	
1479	52	
1482	9	11	13	
1483	6	9	10	11	14	14	17	19	21	25	
1484	12	13	15	16	17	18	19	20	22	23	25	27	
1485	18	21	22	24	37	51	53	55	56	57	58	58	60	
1486	33	47	47	49	49	50	50	51	53	55	57	59	61	
1487	43	44	45	46	47	48	49	50	54	
1488	44	49	
1489	49	
1491	65	
1497	43	
1499	8	53	
1500	9	13	
1501	6	8	10	11	12	14	15	15	17	19	22	55	
1502	13	15	16	16	17	18	18	19	20	21	22	25	35	52	55	56	57	58	61	71	
1503	21	22	23	24	35	45	48	49	50	51	52	53	55	56	57	58	59	61	
1504	23	42	43	44	45	46	47	48	49	50	54	58	
1505	43	44	47	49	
1506	47	54	
1507	11	15	45	66	
1508	11	15	16	20	
1509	16	17	18	18	19	20	38	42	43	47	56	57	59	65	66	68	
1510	17	19	21	22	42	44	45	46	47	47	49	50	52	54	57	58	71	
1511	21	23	26	41	44	45	46	47	48	50	65	71	
1512	44	46	48	50	54	
1513	48	50	55	
1515	22	57	
1516	10	13	25	
1517	8	9	10	10	11	13	14	15	17	18	
1518	7	12	12	15	16	17	19	21	24	26	92	
1519	16	17	18	21	22	28	36	52	52	56	57	58	60	
1520	47	48	50	51	52	52	53	54	55	56	59	60	
1521	42	44	45	46	47	48	49	50	53	55	63	
1522	53	
1524	11	
1525	11	
1534	8	10	18	
1535	6	8	10	10	11	12	13	13	14	15	15	
1536	13	15	16	18	18	20	22	24	55	86	92	96	
1537	16	17	21	23	35	51	52	53	53	54	55	56	57	58	60	63	
1538	33	42	45	46	47	48	49	49	50	51	53	54	55	56	57	58	62	
1539	40	43	43	44	45	46	47	48	49	50	59	
1540	8	43	45	46	50	
1541	10	12	15	16	21	24	70	76	
1542	6	9	11	13	13	14	16	17	19	21	26	43	69	
1543	17	18	18	19	20	21	22	24	25	44	53	57	61	72	
1544	21	22	23	25	27	44	47	48	49	50	51	52	53	54	55	56	58	60	62	
1545	22	45	46	47	49	50	50	52	54	55	59	
1546	44	46	48	50	74	
1547	48	51	
1548	43	
1550	8	13	
1551	5	6	9	10	12	13	14	16	19	
1552	6	8	10	12	12	14	15	16	17	18	19	21	73	79	
1553	16	17	17	19	21	22	53	56	57	58	62	
1554	47	50	50	51	52	53	53	54	55	56	57	59	
1555	43	44	45	46	48	49	49	50	52	54	
1556	13	44	46	48	65	
1558	13	
1559	89	
1561	73	73	
1568	10	
1569	4	7	9	10	11	12	13	15	82	86	
1570	6	8	10	11	12	13	14	14	15	16	19	44	80	81	85	88	93	95	
1571	16	16	17	18	18	20	21	55	58	60	92	
1572	43	48	51	52	53	54	55	57	59	60	62	
1573	33	43	44	45	46	47	48	49	50	51	54	58	67	
1574	27	33	40	43	44	46	49	63	66	
1575	7	10	13	14	19	22	25	44	47	65	66	70	
1576	8	11	13	13	15	17	19	20	21	23	23	44	70	
1577	20	21	22	24	25	56	57	
1578	22	34	48	50	51	52	53	53	54	55	57	59	
1579	45	46	48	49	50	51	52	54	55	58	61	88	
1580	49	52	87	
1581	48	
1584	10	
1585	7	9	9	10	11	13	13	14	16	20	
1586	8	10	11	12	14	15	16	17	18	19	21	24	70	
1587	18	20	21	21	22	24	27	34	53	55	56	57	57	59	62	
1588	46	47	48	50	50	51	51	52	54	54	55	56	57	59	60	
1589	44	45	46	47	49	49	51	62	88	91	
1590	52	
1591	51	
1592	67	
1595	73	73	74	
1596	12	
1601	36	
1603	4	8	9	10	13	18	
1604	6	8	9	10	10	11	12	13	14	15	79	80	83	89	
1605	12	16	17	18	19	20	22	23	81	85	89	97	98	
1606	17	18	52	55	60	
1607	49	51	54	61	
1608	30	45	49	
1609	10	15	23	25	
1610	12	15	21	23	24	25	
1611	23	36	52	53	55	56	57	58	62	
1612	46	47	48	49	50	51	52	54	54	55	57	59	
1613	47	49	50	54	60	82	85	87	95	
1614	52	81	82	86	91	94	
1617	46	
1618	10	15	
1619	5	7	9	10	11	12	13	14	15	16	18	19	24	
1620	12	14	15	15	16	16	17	19	19	20	22	25	70	
1621	20	21	23	34	56	57	58	59	62	
1622	47	48	49	50	51	52	53	54	55	56	60	
1623	45	47	49	50	51	82	82	86	88	90	
1634	12	32	
1637	10	14	
1638	7	9	10	11	12	13	14	15	16	21	28	80	84	92	
1639	8	12	12	15	16	18	19	20	22	79	80	85	88	88	91	95	
1640	16	17	18	19	21	23	
1645	52	55	56	56	57	58	60	
1646	46	47	49	50	51	52	53	53	54	55	59	
1647	37	43	45	48	48	49	51	55	81	84	
1648	46	79	
1649	65	
1651	10	19	
1652	9	11	14	17	19	26	44	66	70	
1653	5	7	9	10	11	12	14	15	16	18	19	20	21	25	26	43	70	86	
1654	2	7	12	13	16	17	18	20	21	22	23	23	25	57	70	
1655	21	22	52	53	54	55	56	57	59	
1656	47	48	50	50	52	54	55	56	59	86	88	90	93	98	
1657	49	54	81	83	83	85	86	88	90	95	101	
1658	65	91	
1660	88	
1665	3	
1671	9	
1672	5	6	9	10	11	12	14	16	25	80	98	
1673	3	6	8	10	11	12	13	14	14	15	19	21	23	80	83	84	86	91	96	
1674	17	21	82	86	88	89	91	96	
1675	87	90	92	
1676	86	87	90	91	95	98	
1677	82	85	86	87	89	91	92	95	97	
1678	87	88	89	91	93	97	
1679	51	52	53	55	56	56	57	58	60	
1680	35	41	45	46	47	48	48	49	50	50	51	52	54	55	56	59	
1681	30	40	43	43	44	45	46	47	49	50	57	58	
1682	42	47	
1683	63	
1684	8	15	17	19	42	43	48	
1685	11	13	15	16	18	20	43	46	68	69	
1686	6	9	11	14	15	16	17	18	19	20	22	23	26	72	
1687	4	11	13	14	15	17	19	21	22	24	70	
1688	20	21	23	24	25	55	56	58	
1689	51	53	53	54	56	59	87	88	91	
1690	48	50	52	54	63	82	83	84	85	86	87	89	91	96	
1691	51	79	81	84	86	94	
1692	87	90	
1693	84	
1705	8	
1706	9	11	14	21	
1707	7	9	11	12	14	15	19	79	82	85	87	88	92	94	
1708	13	80	82	83	85	86	87	89	90	92	93	95	
1709	78	80	81	82	83	84	85	86	87	88	89	90	91	94	96	100	
1710	78	80	81	82	83	84	85	86	87	88	89	90	93	95	97	
1711	8	9	12	13	77	79	80	81	82	83	83	84	85	86	88	90	93	94	97	
1712	7	11	12	15	16	78	79	80	81	82	84	85	86	87	89	90	93	96	
1713	16	17	20	52	55	56	57	61	86	88	91	97	
1714	12	33	43	48	50	50	51	52	53	54	55	56	58	60	
1715	29	36	41	43	44	44	45	46	47	48	49	50	51	53	56	58	62	
1716	31	41	44	45	46	47	48	49	70	
1717	15	23	23	41	43	45	46	63	64	67	68	
1718	8	8	12	14	17	19	21	28	44	48	66	
1719	9	11	13	13	15	16	18	18	19	20	23	24	27	43	52	71	
1720	11	15	19	20	21	22	24	26	82	
1721	21	22	23	24	25	53	57	88	93	
1722	52	54	55	87	90	91	93	
1723	50	52	53	55	59	82	83	85	86	87	88	89	90	93	97	
1724	52	54	61	78	80	81	82	83	84	86	87	88	91	95	
1725	79	82	83	90	98	
1726	84	
1740	3	8	
1741	5	12	80	100	
1742	79	80	82	83	84	87	90	
1743	78	78	79	80	81	83	84	85	90	93	
1744	77	79	79	80	81	84	89	95	
1745	7	9	13	78	79	81	82	85	89	
1746	7	9	10	11	12	14	15	78	79	80	82	83	85	88	90	97	
1747	13	15	17	20	80	81	82	83	85	86	87	89	90	94	95	98	
1748	17	51	52	54	55	57	60	62	87	89	90	92	95	97	
1749	32	50	52	54	60	62	
1750	44	45	49	52	61	
1751	22	24	26	44	49	
1752	12	15	20	21	22	23	27	74	
1753	13	21	22	23	24	92	
1754	56	87	88	89	90	92	
1755	51	53	54	83	85	85	86	87	89	90	91	95	96	
1756	52	54	78	81	82	83	84	85	86	88	89	90	92	95	97	
1757	64	77	79	80	81	82	84	85	86	89	
1758	79	80	81	85	92	
1763	8	9	
1764	7	8	
1770	23	
1775	88	
1776	78	83	84	98	
1777	79	88	
1778	79	81	83	90	
1779	6	9	13	80	
1780	1	5	9	11	13	79	81	86	89	96	
1781	6	10	11	15	78	78	80	81	82	83	87	89	93	
1782	8	11	13	15	78	79	80	82	83	83	84	85	87	88	90	91	95	
1783	17	82	82	83	85	86	86	87	89	89	91	93	95	97	
1784	86	87	88	90	91	96	
1785	87	88	90	92	96	
1786	86	86	87	89	90	91	94	96	
1787	53	54	82	83	85	86	87	88	89	90	91	93	96	
1788	82	83	85	86	87	89	90	91	94	
1789	77	78	79	80	81	82	83	83	85	86	88	90	95	
1790	78	79	79	80	81	82	84	86	88	
1791	78	79	81	85	90	94	
1792	82	85	
1797	91	
1799	2	
1807	37	
1809	100	
1812	9	
1814	5	10	14	
1815	8	15	79	81	
1816	11	15	79	80	81	85	88	94	98	
1817	8	9	11	13	77	79	80	81	84	85	89	94	
1818	77	80	81	82	83	84	85	86	88	89	92	94	99	
1819	80	81	82	84	85	85	86	88	89	90	94	97	
1820	77	80	81	83	84	86	88	89	93	
1821	78	80	80	81	82	84	85	87	88	92	95	
1822	76	78	79	80	81	83	84	86	89	98	
1823	78	79	80	85	89	
1824	79	
1825	80	
1827	43	
1840	36	
1844	4	
1850	2	79	84	102	
1851	80	85	96	
1852	78	79	80	82	83	85	99	
1853	78	79	80	81	83	83	85	96	
1854	78	79	81	84	96	
1855	79	80	84	
1856	81	93	96	98	
1860	4	
1874	17	
1875	83	
1879	96	
1885	83	94	
1886	79	93	
1887	80	
1888	81	93	
1890	90	
1894	4	
1901	76	
1916	102	
1921	87	
1926	54	
1929	39	99	
1935	56	69	
1943	99	
1945	98	
1956	44	
1960	72	
1978	14	
2000	3	
2008	68	
2024	47	
2025	58	
2028	2	18	
2044	11	
2051	76	
2057	56	
2081	86	
2084	18	
2093	40	
2121	89	
2158	14	
2176	91	96	
2180	89	
2181	28	
2195	20	
2255	13	
2265	6	
