80	52	
112	40	41	
211	88	92	
212	91	
213	87	88	91	93	
214	92	
225	87	88	90	91	95	
226	92	
227	16	
242	57	
244	85	87	89	92	94	
245	10	81	82	84	85	86	87	88	89	90	92	95	97	100	
246	12	82	83	85	86	87	88	89	90	92	94	97	
247	9	13	81	83	85	86	87	89	90	96	
248	16	82	86	87	89	91	95	
249	17	
256	57	
257	55	56	59	
258	47	50	86	90	
259	10	13	80	81	82	84	85	87	89	91	95	
260	6	11	15	16	18	80	82	84	85	87	89	90	91	95	
261	17	86	88	90	92	
262	17	
276	56	58	60	
277	46	51	53	53	55	87	
278	48	50	81	83	84	85	87	88	88	91	97	
279	79	81	82	83	84	85	87	89	92	95	
280	8	16	18	42	47	78	78	79	80	81	82	84	85	88	95	
281	10	12	14	17	19	46	67	79	80	81	82	84	85	88	99	
282	8	12	13	14	15	16	79	80	82	84	86	95	99	
283	16	17	18	20	
287	87	88	90	94	
288	82	85	87	88	88	90	92	93	97	
289	17	87	91	97	
290	58	62	
291	51	52	53	53	55	56	57	59	60	
292	37	43	45	47	48	49	50	50	54	56	
293	3	9	13	44	45	46	47	48	50	79	81	83	101	
294	7	9	11	12	13	15	79	80	81	82	83	85	86	88	90	93	97	98	
295	12	15	16	21	81	84	86	87	89	91	93	96	
296	16	17	91	
297	18	
309	57	57	
310	35	52	53	55	56	57	59	62	
311	46	47	49	50	51	52	53	54	55	
312	46	48	50	82	84	85	87	90	
313	10	13	16	19	67	78	80	81	83	85	
314	15	16	17	18	18	19	20	21	43	47	71	79	80	
315	5	9	13	17	18	19	20	21	22	23	45	49	70	78	80	
316	7	11	12	14	15	18	19	20	21	26	44	71	79	80	
317	12	15	20	21	22	
318	23	
319	56	58	58	
320	46	48	51	54	56	
321	9	81	82	85	86	87	88	90	92	94	
322	10	11	15	80	82	83	84	85	86	87	89	90	92	95	101	
323	11	13	16	17	19	80	82	83	86	88	91	97	
324	17	18	20	26	
325	52	54	55	57	58	61	
326	51	51	52	54	55	56	59	60	63	
327	5	32	44	45	46	47	48	48	49	50	50	53	
328	5	9	11	44	45	46	49	79	
329	8	10	11	13	13	15	18	80	81	84	86	87	88	90	93	98	100	
330	12	15	16	16	19	81	85	87	89	91	95	
331	16	17	
343	57	61	
344	35	36	52	52	53	54	55	56	57	58	59	61	
345	46	47	48	48	49	50	51	52	53	54	55	90	
346	8	10	48	81	83	83	84	86	100	
347	6	10	11	12	13	15	16	16	18	19	68	
348	12	15	16	17	18	18	19	20	20	21	22	23	24	25	27	
349	21	22	24	25	28	44	
350	3	4	23	24	
351	23	25	
352	57	
353	33	51	52	55	56	58	58	60	
354	46	47	49	50	51	52	53	54	85	90	
355	46	48	49	81	82	84	85	87	101	
356	8	9	11	13	14	79	80	81	84	85	89	
357	6	11	12	13	13	14	15	15	16	17	18	19	20	69	80	81	85	89	96	
358	16	17	17	20	21	
360	35	52	53	54	55	56	57	58	60	62	
361	36	50	51	51	52	53	54	56	57	59	60	
362	43	45	45	46	47	47	48	49	50	50	74	
363	8	9	11	12	14	15	46	79	83	
364	8	10	12	13	14	15	16	16	20	79	81	82	83	85	87	88	90	95	98	
365	16	16	17	18	19	21	92	98	
377	57	58	
378	48	51	52	52	53	54	55	56	59	61	
379	43	45	46	47	49	50	50	51	53	
380	9	10	11	14	44	48	
381	7	11	12	13	14	15	16	19	24	73	73	
382	16	17	18	20	21	22	22	24	27	
383	22	
386	56	57	59	
387	34	51	52	53	54	55	55	56	56	57	58	60	64	
388	46	47	49	50	51	52	53	53	54	58	60	87	88	
389	46	48	51	80	83	83	85	
390	5	7	9	10	11	13	15	67	79	83	
391	7	10	11	12	13	13	14	15	15	16	17	17	18	19	20	22	23	73	79	
392	17	17	20	21	21	22	23	
394	57	58	60	62	
395	51	52	52	53	54	55	55	56	57	58	59	60	
396	32	45	46	47	48	49	50	50	51	52	54	
397	5	6	9	10	45	46	48	49	
398	7	10	11	12	13	13	14	15	16	19	79	81	85	89	95	98	
399	15	16	17	18	18	20	21	23	80	85	89	98	
400	17	23	
411	58	
412	34	52	53	54	55	57	57	59	60	62	
413	43	47	48	50	51	51	53	54	59	
414	5	8	9	11	13	44	45	47	48	50	
415	6	10	11	12	13	14	15	24	90	98	
416	16	17	19	21	22	
417	18	
420	57	58	60	
421	34	50	51	52	53	54	55	56	57	59	60	
422	47	48	48	50	50	51	52	53	54	64	86	88	90	
423	8	46	49	50	86	89	
424	4	8	10	11	12	13	13	14	15	17	18	
425	5	6	10	11	12	13	14	15	15	16	17	17	19	19	20	22	24	27	71	
426	18	19	20	21	22	25	
428	57	58	63	
429	35	52	53	54	55	56	56	57	59	61	
430	45	46	47	49	50	51	51	52	53	54	55	58	
431	8	45	46	48	49	50	
432	5	7	9	10	11	12	14	15	81	86	90	95	
433	7	12	13	15	16	17	19	20	22	80	84	87	88	91	93	
434	16	17	18	21	23	
436	57	57	58	
446	52	53	55	56	57	58	61	62	
447	51	51	52	54	54	56	59	
448	45	46	47	47	48	49	50	50	
449	2	6	7	9	10	11	14	15	44	48	
450	12	13	15	16	21	80	82	86	87	90	92	96	
451	16	18	21	92	
454	52	56	57	59	62	
455	51	52	52	53	54	55	56	58	60	90	
456	47	49	50	51	52	53	55	82	83	85	87	90	95	101	
457	10	14	85	
458	5	7	9	10	11	12	14	14	15	16	19	20	24	26	69	73	
459	2	7	12	13	15	16	17	18	19	19	20	21	22	24	28	70	
460	21	22	23	
462	57	
463	35	52	52	55	56	56	57	58	59	60	62	
464	47	50	50	51	51	52	53	54	54	57	
465	45	46	48	49	50	53	
466	4	7	9	10	12	14	18	90	
467	8	10	11	12	13	14	14	15	16	17	18	19	79	82	83	86	90	97	98	
468	13	16	17	18	19	20	21	23	24	
480	58	
481	52	53	54	55	55	56	56	57	59	60	62	63	
482	33	43	46	47	48	49	50	51	54	
483	6	9	11	13	44	45	46	47	48	49	
484	7	10	11	12	14	15	80	81	83	84	86	89	91	97	100	
485	13	16	21	85	87	89	91	93	96	
486	17	88	91	
487	56	
488	52	54	55	56	58	58	60	87	92	
489	52	53	53	54	55	82	86	87	89	91	95	
490	50	54	81	83	84	86	87	88	91	96	
491	8	10	11	14	84	
492	5	7	10	11	12	13	14	15	15	16	17	18	18	19	20	21	24	69	73	
493	2	13	17	18	19	20	21	22	23	23	25	
497	35	52	55	55	56	56	57	57	58	60	61	
498	50	50	51	52	52	53	54	55	55	58	60	
499	45	48	49	50	51	86	88	91	
500	4	9	10	11	14	
501	5	6	8	9	11	11	12	13	14	15	15	16	16	18	18	19	20	72	81	100	
502	15	16	17	18	19	20	21	22	24	
515	52	54	56	57	60	62	
516	34	50	51	52	53	53	54	55	56	56	58	59	
517	41	45	47	48	48	49	50	50	
518	1	5	6	8	10	13	44	45	46	47	48	79	
519	9	11	12	14	80	81	82	84	86	87	88	89	90	96	
520	12	82	85	86	87	89	90	91	93	93	97	99	
521	36	82	86	87	87	88	90	91	92	94	98	
522	52	53	55	56	60	82	86	87	88	88	90	91	96	
523	51	53	55	81	82	84	85	86	87	88	88	90	94	
524	14	80	82	84	85	89	97	
525	6	8	9	10	11	12	14	14	15	16	17	18	
526	2	4	7	11	13	14	15	16	16	17	18	18	19	20	21	22	23	24	72	
527	21	21	22	25	
528	23	
530	56	58	58	
531	36	50	52	52	54	55	57	60	
532	51	51	52	53	54	55	59	82	85	87	88	89	91	93	98	
533	50	52	53	82	85	86	92	
534	5	9	10	11	13	14	
535	6	8	10	11	12	12	13	14	14	15	16	17	18	19	19	25	69	79	99	
536	2	16	17	18	19	20	21	22	23	24	
537	22	
550	52	53	55	56	57	58	60	61	
551	33	48	49	50	51	52	54	55	56	57	58	59	63	
552	29	41	45	46	46	47	49	49	50	
553	8	12	42	44	46	47	48	73	78	79	84	
554	12	46	49	57	70	78	79	80	82	83	84	86	89	
555	41	46	56	78	79	80	81	83	83	84	85	88	95	
556	40	46	48	51	54	59	80	81	82	84	85	86	89	98	
557	42	43	45	46	48	50	53	79	80	82	83	84	100	
558	9	10	11	14	19	40	44	46	72	80	82	83	88	
559	7	9	10	11	12	13	13	14	15	18	26	70	
560	1	12	15	16	16	17	18	19	21	22	24	
561	21	23	
563	56	57	60	
564	51	52	57	60	88	
565	50	51	52	53	54	55	57	60	86	87	88	90	92	93	
566	50	53	81	82	83	85	86	87	89	92	93	
567	8	81	83	85	88	
568	4	9	10	11	12	13	14	15	16	17	18	18	19	69	
569	6	7	11	12	14	15	15	16	17	18	19	19	20	20	21	22	23	25	26	29	68	73	74	
570	2	18	20	21	22	24	
571	22	
585	51	52	53	53	54	55	56	57	59	60	62	
586	31	39	47	48	50	50	51	52	53	54	55	56	58	58	60	62	
587	29	45	47	49	49	50	56	58	61	
588	21	29	43	44	45	47	48	49	51	56	58	61	67	68	72	78	79	
589	19	20	22	40	44	45	47	48	48	49	51	56	57	61	71	79	79	80	
590	19	20	22	44	45	46	48	49	51	52	55	56	56	57	58	60	63	64	69	71	78	79	
591	21	22	30	43	43	44	45	47	48	49	50	51	52	56	57	70	73	78	
592	9	22	43	44	45	46	47	47	49	49	72	
593	4	7	8	10	11	12	13	14	15	23	46	48	72	
594	12	14	15	16	17	18	20	22	24	92	98	
595	17	20	22	
596	56	
597	56	57	59	92	
598	52	53	54	55	60	87	87	89	91	96	
599	35	51	53	55	81	82	83	84	86	87	88	88	90	93	96	
600	51	53	67	79	81	82	83	83	84	86	89	101	
601	8	10	11	14	15	16	18	19	80	84	
602	5	6	10	11	12	13	14	15	16	17	17	18	19	19	20	21	24	45	70	72	73	
603	15	20	20	21	22	23	24	24	
604	22	
607	10	11	11	
619	55	
620	52	61	65	
621	29	50	75	
622	24	50	53	62	
623	23	24	49	62	
624	23	25	50	52	54	57	58	61	
625	22	24	25	34	50	51	52	52	54	55	56	57	58	59	60	64	
626	22	24	30	45	46	48	50	50	51	53	
627	5	6	9	10	11	14	44	45	46	47	48	49	71	
628	7	11	12	13	14	15	21	72	80	88	89	
629	22	83	86	87	90	92	97	
630	56	86	87	89	90	92	95	98	
631	52	54	57	60	82	85	86	87	88	88	89	91	93	95	
632	54	55	82	83	83	84	85	86	87	89	90	91	94	
633	16	46	50	53	78	79	80	81	82	83	84	86	90	
634	9	11	14	16	17	18	19	20	45	68	69	78	80	
635	4	6	8	10	11	12	13	14	15	15	16	17	17	18	19	20	20	21	22	28	45	71	
636	13	15	20	20	21	22	22	23	24	25	
637	1	23	25	
657	18	
659	52	55	57	60	62	
660	51	51	52	53	54	56	57	58	60	
661	8	33	47	49	49	50	
662	9	11	14	27	38	43	45	46	48	79	84	
663	46	80	81	82	84	85	87	88	96	
664	58	82	82	84	85	86	87	88	89	95	
665	42	46	47	52	54	60	80	81	82	83	83	85	86	89	98	99	
666	17	46	67	68	77	80	81	82	84	85	100	
667	9	11	14	15	16	17	18	18	19	44	48	69	71	79	84	
668	7	9	11	12	13	13	14	15	16	17	19	20	21	22	24	26	44	48	70	72	
669	6	12	18	19	20	21	22	23	23	24	25	
670	2	22	23	23	25	
691	13	14	15	
694	34	52	53	54	55	58	58	60	62	
695	30	47	50	51	53	54	55	56	57	59	63	
696	4	42	43	45	47	48	49	50	53	56	57	58	59	71	
697	19	26	32	41	44	45	46	47	48	49	51	58	62	68	69	79	81	
698	19	21	44	44	45	46	47	48	49	62	66	71	78	79	80	83	84	99	
699	9	14	17	19	20	26	28	43	44	45	46	48	48	67	69	71	79	80	81	
700	9	11	15	16	18	19	20	21	23	26	43	45	46	63	68	70	72	79	
701	11	13	13	15	18	19	20	21	22	25	27	43	71	
702	2	15	20	21	22	22	23	24	25	
703	22	23	23	25	
729	54	62	
730	52	53	61	
731	23	49	51	53	55	61	73	
732	21	24	51	60	
733	21	23	24	25	27	75	
734	23	23	24	28	
735	22	24	25	
736	25	
1166	60	
1167	14	
1174	37	
1200	64	
1206	26	
1211	7	
1221	17	
1237	54	
1263	46	
1268	43	
1269	54	
1270	47	
1273	76	
1279	11	
1289	101	
1290	66	
1295	93	
1298	91	
1304	65	
1305	59	
1308	27	
1314	26	
1315	69	
1319	22	
1320	19	
1324	5	
1327	66	
1328	37	
1332	46	
1333	46	
1337	59	
1344	26	
1346	38	
1347	67	
1348	39	60	
1349	56	
1351	35	
1353	90	
1361	46	
1362	11	
1364	53	
1366	48	
1367	17	20	26	46	
1368	21	44	46	48	48	54	61	
1369	42	44	47	56	71	
1370	46	50	72	
1377	46	
1380	19	28	
1381	21	24	45	47	61	69	
1382	43	45	46	48	49	54	70	
1383	14	45	
1387	56	
1389	87	94	
1393	93	
1399	14	26	
1400	15	16	17	19	21	25	29	
1401	16	17	20	22	30	42	44	46	48	50	57	62	64	74	
1402	21	23	24	43	45	47	49	52	55	56	57	60	73	75	
1403	20	22	24	28	43	44	45	47	48	50	51	56	59	72	
1404	44	46	47	48	49	53	70	
1405	44	48	49	
1407	20	
1408	29	
1409	3	48	
1410	27	43	46	
1412	49	54	
1413	12	14	
1414	15	16	18	19	22	25	57	62	
1415	16	17	18	19	20	21	24	26	42	48	52	55	56	58	58	60	
1416	22	43	44	45	46	47	49	50	55	56	
1417	45	46	48	50	55	
1418	4	49	53	
1422	57	
1426	95	
1429	59	
1430	18	21	
1432	12	13	16	
1433	11	13	15	16	19	
1434	8	12	15	16	17	18	19	20	22	69	
1435	19	20	21	22	23	24	73	
1436	21	22	24	50	52	54	56	57	58	59	61	65	
1437	23	23	50	51	52	53	55	56	58	60	92	93	
1438	50	51	55	
1439	48	53	
1440	59	
1442	13	18	22	
1443	17	19	42	47	58	60	
1444	18	22	41	45	46	48	49	55	72	
1445	44	46	47	49	51	
1446	25	49	
1447	6	8	11	15	
1448	6	10	12	13	14	14	19	62	
1449	17	20	23	23	52	53	55	56	57	58	60	62	73	92	98	
1450	18	25	32	37	48	49	50	50	51	54	57	59	62	
1451	44	45	46	47	49	50	52	53	57	
1452	45	47	49	50	
1453	54	
1454	15	55	
1456	8	
1458	62	
1459	16	
1466	10	13	
1467	7	9	10	12	13	14	15	17	20	24	
1468	12	14	15	16	17	17	18	18	19	20	21	23	25	
1469	21	22	23	25	91	
1470	83	86	87	88	89	90	91	95	98	
1471	52	55	58	82	86	87	88	88	89	91	92	96	
1472	54	82	86	88	90	92	97	
1475	15	
1476	9	12	13	15	16	18	
1477	15	17	18	19	20	22	24	56	57	58	60	62	71	
1478	19	20	22	25	44	45	47	48	50	51	52	54	55	56	58	69	
1479	23	43	45	46	47	49	50	51	54	64	
1480	45	49	
1481	8	14	
1482	8	10	12	14	82	
1483	12	13	14	15	16	20	35	58	58	62	85	87	89	90	96	
1484	16	17	18	20	51	52	53	54	55	56	57	59	62	88	91	93	97	
1485	36	47	48	49	50	51	53	54	57	58	60	
1486	44	45	46	47	48	49	60	
1487	47	48	
1488	9	
1499	8	
1500	8	9	13	
1501	6	7	10	11	12	13	14	14	15	17	19	20	36	56	57	
1502	16	17	18	20	21	23	23	25	33	53	55	56	60	
1503	22	48	50	51	54	87	88	90	93	95	
1504	78	81	82	83	83	84	86	90	95	
1505	80	81	82	84	85	90	99	
1506	80	82	84	85	
1507	81	85	
1508	81	
1509	9	14	20	
1510	4	7	9	11	12	14	15	16	20	24	70	
1511	13	15	16	17	18	18	19	20	21	25	34	56	57	58	60	62	
1512	17	21	22	23	24	25	51	52	53	53	54	55	56	58	59	62	
1513	15	44	45	47	48	48	49	50	51	53	54	55	56	
1514	45	50	
1515	14	
1516	4	9	18	25	81	100	
1517	6	8	10	11	12	13	13	15	80	83	83	86	90	96	
1518	12	16	17	19	24	35	56	57	58	60	62	81	83	84	85	87	89	91	98	
1519	17	18	21	50	51	52	54	55	56	57	59	62	
1520	44	45	46	46	47	49	49	50	51	52	53	59	66	
1521	44	47	48	50	65	
1523	49	60	
1524	83	
1526	87	
1530	72	
1533	9	
1534	8	10	14	
1535	6	10	10	11	12	13	14	15	15	17	19	53	57	58	61	
1536	16	17	19	21	23	24	35	51	52	54	54	57	60	
1537	45	47	49	50	51	53	82	83	85	88	
1538	45	48	49	79	80	84	
1539	78	81	86	90	
1540	78	81	88	
1541	41	
1543	5	9	11	13	15	16	19	
1544	6	9	11	12	13	14	15	16	18	20	21	27	
1545	13	15	17	17	18	19	20	21	22	23	25	26	35	53	56	57	57	60	63	70	
1546	22	25	48	51	52	53	53	54	54	55	56	57	58	60	
1547	45	47	49	51	52	54	57	
1548	50	54	
1550	96	
1551	10	12	13	15	
1552	6	8	10	11	12	14	15	16	62	80	82	86	91	95	
1553	16	16	17	18	18	19	20	23	51	52	53	55	56	57	58	60	62	
1554	46	47	48	49	50	51	52	54	55	56	62	
1555	43	45	46	47	49	50	51	54	59	
1557	49	
1558	87	
1562	3	
1565	69	
1568	10	15	
1569	3	8	11	12	13	14	14	20	57	
1570	13	17	19	21	37	51	52	53	55	55	56	57	58	60	65	80	82	87	89	92	94	100	
1571	18	45	47	51	52	54	60	78	
1572	44	46	48	50	52	55	61	
1573	48	
1574	102	
1576	10	
1577	4	9	11	14	16	
1578	7	10	11	12	13	13	14	15	16	17	19	20	22	58	70	
1579	13	16	17	18	19	20	20	22	23	24	28	33	53	56	57	59	60	63	
1580	22	47	48	51	52	52	54	55	57	58	60	
1581	46	49	50	51	53	55	87	90	
1582	51	
1584	13	
1585	5	9	14	82	
1586	7	9	10	11	12	13	14	15	16	20	79	86	
1587	15	16	17	18	19	20	21	23	53	55	56	57	58	59	60	61	70	80	83	100	
1588	18	21	22	33	36	47	47	50	50	51	52	53	53	54	55	56	57	59	62	
1589	44	46	46	47	48	49	50	60	
1590	49	53	
1591	49	
1595	12	
1602	8	
1603	5	9	11	13	14	89	
1604	12	13	15	17	22	53	57	61	80	81	86	90	98	
1605	17	18	20	22	48	51	51	53	54	55	56	58	60	64	
1606	33	43	44	45	46	47	48	49	51	55	
1607	46	
1608	44	
1609	20	
1610	11	14	21	
1611	6	10	11	14	15	17	19	23	
1612	4	12	13	13	14	15	16	17	18	18	19	21	24	71	
1613	18	20	21	22	25	35	52	53	55	56	57	58	60	63	
1614	46	50	51	52	54	55	56	58	87	90	93	
1615	48	50	54	64	81	82	84	86	89	96	
1617	55	67	
1619	6	10	13	
1620	4	8	8	10	11	12	13	14	16	19	20	96	
1621	12	13	15	16	17	18	18	19	21	23	25	35	56	57	58	60	62	79	98	
1622	17	18	21	22	48	51	51	52	53	55	56	57	59	60	
1623	45	46	47	48	49	49	50	51	53	55	61	
1624	47	50	
1625	51	52	52	52	67	
1626	62	
1629	82	82	82	83	
1630	59	
1632	72	
1636	8	
1637	9	12	13	15	
1638	7	11	12	13	14	15	17	62	79	86	89	95	99	
1639	16	17	19	22	33	51	52	52	54	55	56	58	59	60	62	89	91	96	
1640	17	45	47	50	51	53	54	58	60	
1641	39	43	45	46	47	48	50	
1642	42	45	46	48	55	70	
1643	22	26	47	48	67	69	
1644	11	14	19	27	75	
1645	8	9	10	11	13	14	15	16	16	18	18	19	21	23	69	
1646	5	7	13	15	16	17	19	20	21	22	24	56	58	61	72	
1647	20	21	22	25	46	48	52	52	55	56	60	
1648	47	49	50	52	52	53	54	59	82	84	86	87	89	90	93	102	
1649	81	83	86	91	94	
1653	25	
1654	5	8	9	10	11	13	13	14	15	16	18	19	20	25	26	
1655	8	12	16	17	19	19	20	21	23	35	58	61	74	
1656	18	20	21	22	35	48	51	52	52	54	55	55	56	57	59	60	61	
1657	45	46	48	49	49	50	51	53	55	58	60	
1658	44	49	57	
1666	86	
1671	12	
1672	5	6	9	10	12	13	54	79	84	91	94	
1673	7	11	12	15	17	20	23	35	53	57	62	79	80	81	83	83	85	87	89	90	93	94	
1674	16	17	20	52	54	55	56	57	59	61	91	93	98	
1675	25	29	50	51	52	54	55	57	59	74	
1676	25	29	42	43	45	46	48	48	52	68	70	
1677	13	18	20	45	48	50	66	73	
1678	7	9	11	13	15	16	18	20	21	23	26	44	70	
1679	5	5	6	11	14	15	17	18	19	20	22	23	25	26	45	57	70	
1680	20	21	22	23	25	52	53	55	56	57	58	59	61	
1681	46	47	49	50	51	52	54	55	59	
1682	47	48	50	53	61	81	82	84	85	87	89	99	
1683	80	84	
1685	53	
1686	23	
1687	9	12	15	17	18	20	28	
1688	3	5	7	9	10	11	13	13	14	15	16	17	19	19	21	23	51	71	
1689	2	12	17	18	20	20	21	22	24	57	58	60	71	
1690	21	22	23	51	51	52	55	56	59	60	62	
1691	50	51	52	53	54	59	88	91	92	
1692	45	49	
1705	28	
1706	10	19	
1707	7	9	11	13	14	54	79	81	85	90	
1708	8	12	13	15	17	18	62	82	84	86	89	91	98	
1709	16	18	52	53	55	61	88	92	
1710	24	92	
1711	14	24	
1712	9	11	14	20	22	24	
1713	22	23	24	57	91	93	
1714	23	25	34	36	51	52	53	55	56	58	58	60	91	
1715	45	47	49	50	51	52	54	55	61	
1716	44	46	47	48	49	51	54	60	79	81	84	
1717	47	58	67	
1720	8	12	14	16	19	26	44	
1721	4	9	11	12	13	14	15	16	17	19	19	22	24	70	
1722	4	7	11	12	16	17	18	19	20	21	22	23	25	26	28	57	58	69	72	
1723	22	23	24	53	56	58	61	
1724	50	51	52	53	54	54	55	58	83	87	90	91	93	98	
1725	50	52	54	81	82	83	83	85	86	87	89	91	96	
1726	86	92	
1739	11	
1740	9	
1741	8	11	14	
1742	8	10	12	14	15	80	81	83	87	89	96	
1743	12	13	15	81	82	85	86	88	89	90	92	95	99	
1744	82	86	86	87	89	91	93	95	98	
1745	11	86	87	88	89	90	92	93	96	
1746	9	86	87	88	90	91	92	95	97	
1747	11	82	86	86	87	89	90	91	95	
1748	17	52	53	54	55	56	57	57	59	60	61	82	83	86	88	88	89	91	94	97	100	
1749	18	43	50	51	52	54	55	56	57	58	62	92	
1750	33	44	46	47	49	50	51	54	103	
1751	47	
1752	67	
1753	10	10	15	17	19	44	
1754	11	12	14	16	17	18	19	21	45	71	
1755	10	11	13	14	15	16	17	18	19	20	21	23	23	25	27	44	69	
1756	20	21	22	23	24	28	36	53	56	57	62	
1757	51	52	53	54	55	58	60	88	92	
1758	49	51	54	55	82	83	84	85	86	87	88	88	89	91	96	
1759	53	58	79	80	81	82	84	85	91	94	
1761	70	
1773	30	
1774	18	
1776	5	10	86	
1777	11	15	78	80	82	84	86	92	99	
1778	77	79	80	81	82	83	84	86	90	
1779	9	81	82	83	83	84	85	91	98	
1780	80	81	81	82	83	84	86	91	96	
1781	7	10	15	80	81	82	83	84	90	98	
1782	8	11	12	15	57	78	79	80	81	84	85	87	89	91	93	100	
1783	18	34	51	52	52	57	59	61	63	81	82	85	86	87	88	90	91	95	98	
1784	18	43	47	51	53	54	58	
1785	8	42	45	46	47	48	49	66	
1786	10	15	19	26	42	44	47	68	72	
1787	9	11	13	14	15	17	18	19	20	22	25	45	73	
1788	6	9	11	12	14	15	18	19	20	21	22	24	26	44	68	72	91	
1789	20	21	22	23	25	56	58	61	73	
1790	52	54	55	56	60	87	91	92	97	
1791	53	54	55	82	83	85	86	86	88	88	90	91	93	96	100	
1792	53	80	82	84	85	86	93	
1793	78	80	82	85	
1794	83	89	
1800	69	77	
1809	42	
1811	79	82	
1812	38	79	84	
1813	79	81	84	89	
1814	79	82	84	
1815	78	79	81	84	92	98	
1816	5	7	10	12	15	79	80	84	94	99	
1817	8	11	12	14	15	79	80	81	83	85	87	89	92	
1818	16	18	19	21	53	55	60	65	88	91	
1819	16	24	
1820	10	15	21	24	26	45	87	
1821	11	13	15	21	22	24	72	
1822	21	22	23	24	
1823	22	53	55	56	59	86	87	88	90	91	93	96	
1824	53	54	81	82	83	85	86	86	87	88	89	91	95	
1825	55	62	80	80	81	82	83	84	85	87	90	93	
1826	79	81	83	83	85	90	
1831	103	
1841	26	
1843	83	
1846	98	
1848	12	
1849	12	19	
1850	8	15	83	
1851	3	9	10	13	15	80	82	84	93	
1852	9	12	15	17	80	82	85	86	89	91	94	
1853	12	86	87	89	90	92	97	
1854	87	92	96	
1855	86	87	88	89	90	92	95	98	
1856	55	82	82	87	89	91	93	94	96	
1857	53	80	81	82	83	84	85	86	87	89	90	93	
1858	78	79	80	81	83	84	86	88	97	
1859	78	80	82	83	86	
1860	89	
1861	84	103	
1867	70	
1879	94	
1881	73	
1883	3	4	5	
1885	5	
1886	12	79	80	84	87	88	93	94	100	
1887	11	81	82	83	85	86	89	98	
1888	77	81	81	83	84	85	87	88	90	94	99	
1889	77	78	80	81	81	82	84	85	86	89	
1890	78	80	81	82	83	85	86	88	90	102	
1891	78	79	81	82	85	100	
1892	79	97	
1905	62	
1906	11	
1914	97	
1916	13	
1919	5	
1920	80	84	
1921	78	80	84	90	
1922	79	81	84	
1923	79	80	85	90	95	99	
1924	79	81	84	86	103	
1925	80	82	86	96	99	
1926	44	85	
1928	88	
1938	76	
1955	87	
1958	102	
1959	58	
1966	79	
1979	72	
1982	103	
1989	94	
1992	3	
1994	79	
2009	7	
2019	100	
2025	90	
2027	49	
2032	77	
2041	34	
2051	96	
2079	24	
2113	21	
2139	98	
2156	10	
2159	9	
2178	29	
2191	13	
2251	12	
2265	9	
