16	68	
77	58	
78	92	
79	82	86	87	89	91	92	95	
80	86	88	89	91	97	
81	18	
109	56	
110	36	57	
111	34	55	88	91	
112	39	82	86	87	88	88	90	92	96	
113	10	80	81	82	83	83	85	86	87	88	89	91	95	
114	8	11	13	15	16	17	81	82	84	85	94	
115	16	17	18	20	
116	21	
143	57	
144	47	53	55	56	59	
145	47	49	51	52	54	55	85	87	88	90	
146	80	81	82	83	85	86	90	92	96	
147	5	6	9	9	11	12	14	16	68	79	80	81	84	
148	7	11	12	13	13	14	15	16	17	18	18	19	19	20	68	71	80	
149	17	20	21	22	24	27	
152	88	
176	57	
177	52	56	57	61	
178	34	47	50	51	52	53	53	54	56	87	
179	48	49	50	52	54	80	81	83	83	85	86	88	90	93	
180	9	13	16	67	79	81	82	83	84	86	88	
181	7	10	11	12	14	15	16	16	17	18	19	20	69	78	
182	2	5	8	13	15	16	17	18	19	20	21	21	22	24	26	71	
183	21	22	23	23	
210	56	57	60	
211	33	48	51	52	53	55	56	58	58	61	
212	45	47	49	50	51	52	53	53	54	87	101	
213	44	48	50	79	81	83	84	87	92	
214	7	8	10	11	12	13	13	14	15	16	79	81	85	
215	4	6	12	13	14	15	16	16	17	18	19	19	20	23	26	69	
216	17	18	20	21	22	23	25	26	
217	22	
220	99	
244	53	56	57	61	
245	34	48	50	51	51	52	53	54	55	55	56	58	60	
246	31	43	45	46	47	48	49	50	50	51	
247	8	44	49	80	86	
248	3	7	8	11	12	13	14	15	16	19	70	
249	12	13	14	15	16	17	18	19	20	20	22	24	25	27	71	
250	18	19	21	22	23	27	
251	18	
277	58	
278	52	53	55	56	56	57	60	
279	35	36	47	48	50	51	51	52	53	54	54	55	56	59	62	
280	33	45	46	48	49	49	50	83	87	88	97	
281	6	9	11	14	68	83	83	87	
282	4	7	10	11	12	13	13	14	15	15	16	18	
283	7	11	13	15	16	17	17	18	19	20	21	22	24	25	68	
284	17	21	22	
290	91	
312	53	54	56	57	59	62	
313	47	49	50	51	52	53	53	54	55	58	
314	33	45	47	48	49	50	82	85	87	90	96	
315	9	14	44	83	87	
316	4	8	9	10	11	12	13	14	14	15	16	19	23	
317	13	14	15	16	17	17	18	18	19	20	21	24	
318	21	23	26	
321	36	57	
323	86	87	88	90	92	
324	82	86	87	89	90	92	94	
325	16	83	85	87	88	88	90	92	94	
326	16	
345	56	57	
346	35	51	52	53	54	55	57	59	
347	45	46	47	49	50	50	51	52	54	55	55	59	
348	45	49	82	84	86	87	89	
349	8	10	11	14	68	
350	5	6	9	10	11	12	13	14	15	15	16	17	18	19	
351	12	15	16	17	17	18	19	20	20	21	23	24	25	26	
352	22	
355	57	59	92	
356	54	87	91	98	
357	54	82	83	84	85	86	87	89	90	96	
358	9	81	82	82	83	84	85	87	88	89	91	98	
359	11	12	13	15	16	18	80	81	82	84	85	90	97	99	
360	15	16	17	17	19	82	86	
379	52	56	57	57	59	
380	35	36	47	51	52	52	53	54	55	56	58	59	60	
381	36	46	48	49	49	50	51	51	53	55	
382	45	50	80	82	84	86	
383	5	7	9	10	10	13	14	84	
384	3	7	11	12	12	13	14	15	15	16	17	18	19	20	21	26	69	
385	17	18	20	21	21	22	23	23	24	26	
387	57	
388	57	91	
389	34	52	54	55	56	59	86	88	89	91	93	97	
390	51	52	53	55	82	83	85	86	87	88	89	91	93	93	
391	79	80	82	83	84	85	86	88	88	91	93	
392	8	10	13	15	18	66	79	80	82	84	86	88	94	
393	7	8	10	11	12	12	13	14	15	15	16	17	18	19	69	78	79	81	85	
394	16	16	17	18	19	20	21	24	
398	92	
399	83	86	87	89	90	97	
400	17	87	89	90	92	94	
401	16	83	86	88	91	97	
413	56	57	57	61	
414	33	43	50	51	52	52	53	54	55	55	56	57	58	60	
415	40	45	45	46	47	48	48	49	50	51	52	53	59	
416	9	44	49	82	86	
417	3	6	8	9	10	11	12	13	14	15	67	93	
418	5	7	10	11	12	13	14	15	15	16	16	17	18	19	20	23	69	
419	17	17	18	19	20	21	22	26	
420	57	
421	56	87	88	92	
422	53	55	58	83	86	87	88	90	91	95	
423	52	53	54	81	82	84	85	87	87	88	90	91	93	
424	53	78	79	81	82	82	84	85	86	88	90	92	98	
425	79	80	81	84	86	
426	3	9	10	11	14	15	67	78	80	84	
427	4	6	8	10	11	12	13	13	14	15	15	16	17	18	19	20	23	71	80	99	
428	17	18	19	20	21	22	22	24	26	
429	23	
430	56	58	60	
431	47	51	56	
432	43	46	88	
433	82	83	84	85	89	93	
434	7	9	12	13	80	81	82	84	85	86	87	88	89	91	92	96	98	
435	14	16	18	81	82	85	86	87	90	92	93	98	
436	16	17	18	
447	55	56	57	57	60	
448	34	48	50	51	52	52	53	53	54	54	55	56	58	59	60	62	
449	43	45	46	47	48	48	49	50	50	51	52	54	55	
450	44	87	
451	6	9	10	11	13	14	14	15	
452	2	8	11	12	12	13	14	15	16	17	18	18	19	20	24	25	27	68	
453	18	21	22	23	57	
454	52	56	59	88	91	
455	34	51	52	54	55	56	85	86	87	89	91	96	
456	54	79	80	81	82	84	85	86	87	88	90	91	93	98	
457	41	46	53	79	80	81	83	83	85	101	
458	53	79	80	82	83	84	86	99	
459	9	16	18	79	82	83	
460	4	9	10	11	13	14	15	16	66	
461	4	7	10	12	12	14	15	15	16	17	18	18	19	22	25	69	
462	16	17	19	20	21	22	23	24	27	
463	23	
464	55	57	
465	35	48	52	53	54	55	56	56	58	59	60	62	
466	43	45	47	47	49	50	51	55	
467	45	46	48	79	87	
468	8	8	9	11	13	14	78	79	80	81	83	84	88	91	
469	7	10	12	12	14	15	16	18	20	80	81	84	87	89	
470	17	17	18	20	21	22	53	53	54	
481	56	57	58	61	
482	34	47	48	50	51	52	52	53	53	54	55	56	56	58	59	
483	32	41	44	45	46	46	47	48	49	49	50	50	51	54	56	
484	9	43	45	46	49	
485	3	9	9	10	11	13	14	
486	8	11	12	14	15	16	17	19	20	23	58	69	88	91	96	
487	22	52	58	82	86	87	88	90	92	95	
488	35	51	53	54	55	83	85	86	87	89	91	92	94	
489	54	80	81	82	83	84	86	87	88	90	93	
490	18	51	53	56	59	64	78	79	81	82	83	85	
491	17	18	20	36	40	42	44	47	48	48	53	58	70	78	80	
492	21	31	43	43	44	46	47	51	
493	8	
494	4	9	10	11	13	14	15	16	19	68	
495	5	8	11	12	13	13	15	15	16	16	17	18	19	20	21	23	25	
496	17	18	20	21	21	22	24	27	
498	56	61	
499	35	51	52	53	54	55	56	56	57	58	60	
500	35	49	50	51	51	53	54	55	56	59	88	91	93	96	
501	48	49	86	87	91	
502	8	9	11	14	67	79	84	88	
503	2	4	7	10	11	12	12	13	13	14	15	15	16	19	79	81	83	
504	16	17	17	18	18	19	20	21	22	25	26	
505	23	
515	53	55	57	59	
516	35	51	52	52	53	54	54	55	56	57	58	59	60	62	
517	35	36	41	45	47	47	48	49	49	50	50	51	54	59	
518	42	43	44	45	46	47	48	49	50	
519	5	10	11	13	
520	5	6	8	11	12	15	21	80	85	90	95	
521	54	55	80	81	82	83	83	84	85	86	89	90	91	94	
522	53	77	80	81	82	84	85	86	87	88	90	95	
523	16	66	79	80	81	84	85	
524	8	11	13	14	15	16	17	17	18	19	44	57	60	63	65	69	79	83	
525	17	18	19	19	20	21	21	24	42	45	46	47	48	49	50	51	52	54	56	58	59	61	68	
526	23	24	25	43	43	44	45	46	47	48	49	49	74	
527	44	
528	5	7	8	9	10	11	13	13	14	15	
529	5	6	12	13	15	16	17	19	20	23	25	
530	16	17	18	20	21	22	25	
531	56	
532	55	56	88	92	
533	35	52	55	56	59	85	87	88	89	90	92	
534	51	52	53	54	55	59	82	82	83	84	85	86	87	88	90	91	
535	78	80	81	83	84	86	88	89	94	102	
536	8	10	12	13	14	19	67	83	
537	1	5	6	7	10	11	12	12	14	14	15	15	16	17	18	18	19	23	26	69	
538	16	17	17	18	19	20	21	22	23	24	26	
549	58	
550	34	51	51	52	53	54	55	56	58	60	61	
551	45	46	47	48	49	50	51	51	53	53	54	55	56	57	59	60	
552	29	32	40	43	43	44	45	46	47	47	48	49	50	57	58	
553	40	42	43	45	46	47	48	48	56	72	
554	2	19	20	26	41	43	46	47	47	49	57	58	69	72	79	83	
555	18	18	19	20	23	26	39	42	43	43	44	46	47	48	52	62	70	78	79	81	99	
556	16	18	19	20	40	42	44	46	47	70	78	79	80	84	
557	8	8	10	13	14	15	16	17	19	19	20	26	43	45	69	72	79	
558	13	14	15	16	18	18	19	20	21	22	27	43	56	57	61	69	73	
559	20	21	21	22	23	24	25	26	35	36	48	50	51	52	52	54	54	55	56	56	58	60	61	
560	32	42	43	45	45	46	47	47	48	49	49	50	50	51	53	
561	33	44	45	46	49	
562	4	7	9	10	12	14	14	18	
563	8	10	11	12	13	14	15	16	19	21	25	27	88	91	
564	17	21	23	25	56	86	87	90	92	97	
565	53	56	83	87	88	90	91	94	
566	55	58	82	85	87	88	90	91	96	
567	52	53	55	81	82	84	85	86	87	89	90	97	
568	54	67	78	79	80	81	82	84	84	85	86	89	96	
569	13	18	79	81	102	
570	7	10	11	13	14	15	16	17	17	18	19	20	26	68	71	
571	2	4	6	8	11	12	13	13	14	15	16	18	20	21	23	26	69	
572	17	20	21	21	22	24	27	
573	23	
579	48	
584	55	57	61	
585	50	51	51	52	53	54	55	56	59	62	
586	30	43	45	47	48	49	50	52	53	55	59	61	
587	45	47	48	49	56	59	62	63	
588	20	21	23	26	29	44	45	47	49	50	53	60	71	74	
589	19	20	21	23	23	24	43	45	47	48	49	60	64	71	73	
590	19	21	22	23	24	25	44	45	49	63	
591	21	22	23	24	43	45	49	64	70	
592	21	22	23	25	27	57	
593	23	51	52	52	53	53	54	55	56	56	57	58	60	61	
594	34	43	45	46	47	48	49	50	50	51	52	54	55	58	60	
595	40	44	45	46	46	47	48	49	50	
596	4	6	10	43	
597	8	9	11	13	13	15	80	81	83	86	92	97	
598	56	81	82	83	84	85	86	88	89	93	95	
599	53	55	80	81	82	84	85	86	87	89	90	92	93	97	
600	52	55	78	79	80	81	82	83	84	86	87	89	91	94	
601	16	55	67	78	79	79	80	82	83	84	87	89	94	
602	12	13	16	44	79	80	82	85	
603	7	10	12	13	14	15	16	17	18	18	19	20	43	45	48	69	73	79	
604	8	11	12	14	15	16	17	18	19	20	20	21	22	24	27	
605	20	21	22	22	23	23	24	26	73	
606	21	22	25	
609	102	102	102	
621	51	75	
623	24	
624	25	
625	25	
627	51	52	57	58	59	61	
628	34	47	50	51	51	52	53	53	54	55	56	57	58	58	59	61	
629	31	39	42	44	45	46	46	47	48	48	49	49	50	50	54	
630	29	42	43	44	45	46	47	48	49	
631	1	6	11	42	44	46	47	79	
632	7	12	19	42	80	81	82	83	85	87	
633	17	46	67	78	79	80	81	82	83	84	86	88	
634	16	17	18	19	20	42	45	46	48	51	68	78	79	80	81	83	84	
635	9	16	17	18	19	20	21	27	41	43	43	44	46	47	48	49	64	67	72	79	
636	9	10	11	13	13	14	15	17	18	19	20	21	22	28	44	72	
637	11	13	14	15	17	19	20	20	21	21	22	24	26	28	70	
638	20	21	22	23	23	24	25	74	
639	22	24	
661	58	62	
662	52	53	53	54	55	57	58	60	61	
663	35	45	46	47	49	49	50	51	52	54	54	55	57	58	59	60	
664	32	42	44	44	45	46	47	47	48	49	49	50	51	57	62	
665	30	42	43	44	45	46	47	47	48	49	58	61	71	75	
666	18	19	20	43	43	44	45	46	47	48	49	72	79	
667	9	12	14	15	17	19	20	21	28	44	45	47	48	63	67	69	72	79	
668	11	12	14	15	17	18	19	20	21	22	23	42	43	45	72	
669	14	19	20	21	22	23	24	45	51	
670	5	20	21	22	23	24	24	25	45	
671	22	23	23	25	28	
672	22	
696	53	62	
697	50	52	54	55	61	
698	33	45	48	49	50	53	61	
699	24	45	47	49	61	65	
700	14	21	23	24	45	65	
701	15	21	22	24	25	27	45	73	
702	21	22	23	23	24	25	27	
703	22	25	
704	23	25	
732	54	
1164	41	
1168	9	
1172	71	
1180	40	77	
1191	21	85	
1196	42	
1201	43	46	
1203	34	
1204	51	
1206	68	
1212	28	31	
1230	42	
1234	17	18	47	60	
1235	20	40	43	47	51	
1236	21	27	44	49	
1238	53	80	
1241	27	
1245	34	
1246	9	
1260	40	
1267	9	13	15	16	19	
1268	12	15	16	17	17	18	19	22	44	48	56	58	60	71	
1269	17	19	20	21	22	28	42	43	45	46	47	49	50	52	55	64	74	
1270	21	23	42	44	45	47	48	50	56	59	
1280	11	
1282	36	
1292	102	
1298	38	
1299	16	
1300	12	18	67	
1301	7	9	11	13	13	14	15	16	17	19	23	57	72	
1302	15	16	16	17	18	19	20	20	21	24	26	55	56	57	59	71	
1303	21	22	23	24	27	48	49	50	51	52	53	55	56	62	73	
1304	23	45	50	51	88	
1305	51	
1319	30	94	
1333	10	20	
1334	9	11	13	13	15	18	20	24	67	
1335	7	11	12	14	15	16	17	17	18	19	20	22	24	37	56	57	61	70	
1336	19	20	21	22	24	27	33	38	47	50	51	52	54	55	57	60	
1337	22	23	49	50	51	54	89	92	
1338	49	51	55	82	86	91	93	
1339	50	86	
1342	93	
1349	55	
1357	10	
1364	32	
1366	13	
1367	9	14	
1368	5	6	9	11	12	13	14	15	16	17	19	58	71	
1369	7	12	15	16	17	18	18	19	20	21	22	24	26	52	55	56	57	60	69	
1370	21	22	23	24	46	48	49	50	51	52	53	54	55	56	
1371	45	49	52	54	63	81	83	84	86	87	89	92	101	
1372	49	78	81	84	89	100	
1376	103	
1378	50	
1383	46	
1397	5	86	
1398	19	
1400	13	23	
1401	9	15	18	
1402	6	7	10	11	12	13	13	14	15	17	19	20	21	23	56	57	68	
1403	17	18	18	19	20	20	21	24	26	34	52	53	54	55	56	59	69	
1404	22	44	46	47	48	49	50	52	53	54	61	
1405	44	48	49	56	78	82	84	
1406	83	88	
1407	16	
1408	53	
1412	26	
1416	18	55	
1417	4	
1421	28	
1424	18	
1434	14	
1435	9	11	14	16	19	28	68	
1436	4	7	9	11	11	12	14	15	16	17	19	20	23	56	57	61	
1437	16	17	18	19	20	21	22	23	34	50	51	52	53	53	54	55	57	58	61	
1438	22	44	46	47	48	49	50	51	52	54	88	89	
1439	44	47	49	57	82	87	88	
1441	15	52	
1443	80	
1445	50	
1446	39	44	46	52	58	58	
1447	25	
1450	25	
1456	60	
1458	11	
1463	86	
1467	13	
1468	14	19	
1469	6	8	10	13	15	18	21	
1470	6	11	12	14	15	15	16	16	17	19	20	22	23	50	56	57	61	70	
1471	17	18	20	21	22	24	25	26	34	48	50	51	52	53	53	54	55	57	58	61	
1472	23	44	47	49	50	51	55	56	88	
1473	44	48	88	
1474	51	
1478	16	
1479	17	18	19	44	47	61	71	
1480	19	20	39	43	44	46	48	49	53	56	59	69	
1481	22	41	45	46	49	
1482	48	76	
1483	67	
1484	52	
1485	85	95	
1486	7	
1487	50	
1491	54	
1493	10	
1499	3	
1500	32	
1502	9	13	22	
1503	6	9	11	12	14	15	17	20	
1504	4	6	8	11	12	13	15	16	17	18	18	19	20	21	23	25	56	57	59	69	
1505	18	21	22	23	26	34	46	47	51	51	52	54	55	57	59	
1506	43	45	46	49	50	51	53	85	87	90	
1507	48	51	53	61	85	
1510	17	
1511	8	15	46	
1512	11	14	16	18	19	28	68	
1513	7	15	16	17	18	18	19	19	20	22	23	44	57	58	59	61	
1514	17	19	20	21	22	24	25	27	40	43	45	46	47	48	48	50	51	52	54	57	60	
1515	23	44	45	46	48	49	50	55	59	73	
1516	44	
1520	47	
1521	27	46	
1523	47	
1524	60	
1526	60	
1531	34	
1535	13	
1536	9	14	
1537	7	8	10	11	11	13	13	14	15	15	16	19	
1538	12	15	16	16	17	18	18	19	20	21	22	25	34	38	52	53	55	56	57	58	59	69	
1539	18	21	22	23	35	37	47	47	50	50	51	52	53	54	57	58	61	
1540	44	47	48	49	50	53	62	83	84	88	
1541	82	83	90	
1543	17	27	46	
1544	19	
1545	11	15	16	18	18	20	48	67	72	
1546	8	9	11	13	13	15	16	17	18	19	20	22	23	27	45	47	71	74	
1547	12	17	19	19	20	21	22	24	25	26	36	57	58	61	72	
1548	20	21	22	23	23	25	35	45	47	48	50	51	52	54	55	56	59	61	73	
1549	44	45	47	49	50	50	52	54	55	58	
1550	45	49	
1551	65	
1553	16	19	24	
1554	16	20	42	67	
1555	19	22	27	32	42	44	46	48	51	56	60	
1556	20	43	45	46	47	72	
1561	68	
1565	9	
1569	18	
1570	10	15	
1571	5	6	8	8	10	11	12	13	13	14	15	16	18	20	58	
1572	13	15	16	17	17	19	20	21	22	24	26	34	53	55	56	56	57	58	59	60	61	70	
1573	18	22	23	42	46	47	47	49	50	50	51	53	54	55	61	
1574	45	46	47	48	49	50	53	
1576	9	
1577	10	13	17	19	27	68	
1578	10	12	14	15	16	17	18	19	20	23	26	45	73	73	
1579	5	10	12	15	16	17	19	20	21	22	24	26	28	44	70	
1580	13	15	18	20	21	22	23	23	24	27	57	
1581	5	21	22	23	24	28	52	53	56	57	59	61	
1582	22	35	46	47	49	50	51	52	53	54	54	55	58	63	
1583	44	45	46	47	48	49	51	56	86	89	
1584	44	
1587	11	13	
1588	16	21	23	63	
1589	16	17	18	18	20	21	23	25	33	34	42	48	50	56	58	59	62	73	
1590	22	24	40	43	44	45	46	47	48	49	50	52	53	57	71	
1591	22	44	45	46	47	49	57	
1592	43	50	
1593	59	59	60	60	
1595	83	
1604	9	
1605	4	6	7	8	10	11	12	13	13	14	14	15	17	19	26	57	69	
1606	15	16	16	17	18	19	20	21	24	34	52	52	53	55	56	57	58	60	61	
1607	22	23	35	43	46	47	47	49	49	50	51	52	54	54	56	59	
1608	44	46	47	48	49	84	89	
1609	44	
1610	11	15	16	18	18	20	68	
1611	7	10	12	14	15	16	17	19	20	21	68	
1612	4	8	10	12	13	15	16	17	18	19	20	21	22	23	29	45	
1613	12	15	18	20	20	21	22	23	24	
1614	5	22	23	25	57	
1615	35	52	52	55	56	57	58	60	62	
1616	36	42	47	48	50	51	52	53	53	54	55	58	
1617	33	44	46	47	49	50	54	82	85	
1618	86	
1619	48	83	
1620	10	26	
1621	4	10	13	
1622	7	10	11	13	15	17	19	22	26	95	
1623	12	15	16	17	18	18	19	20	23	23	53	55	56	57	58	60	62	69	
1624	17	20	22	24	34	37	42	45	47	48	50	51	52	54	55	57	59	
1625	44	45	46	47	48	49	50	51	53	57	
1626	45	
1628	53	
1633	63	
1636	20	
1637	23	
1638	8	10	14	
1639	4	6	9	10	11	11	12	14	14	15	16	18	20	
1640	13	16	17	19	20	21	24	28	35	53	54	55	55	56	57	58	59	61	69	92	
1641	18	21	22	34	41	47	49	50	50	51	52	53	54	55	56	59	
1642	30	41	43	44	45	46	48	48	49	50	68	
1643	10	29	42	44	47	65	68	
1644	10	12	13	14	17	19	20	45	73	
1645	7	10	12	14	16	17	18	19	20	21	22	24	25	26	69	
1646	21	22	23	23	25	28	
1647	22	23	25	88	90	92	
1648	57	85	86	87	89	91	92	95	97	
1649	17	20	34	52	52	53	54	55	56	57	59	61	
1650	43	45	46	47	49	50	50	51	52	53	54	54	55	58	
1651	44	46	47	48	49	51	
1654	18	
1655	11	15	
1656	4	7	9	11	12	13	14	16	17	18	19	21	67	69	
1657	7	11	12	15	16	17	18	19	21	22	24	26	53	56	57	58	61	72	
1658	21	22	48	51	52	52	53	54	55	57	59	
1659	32	43	44	45	45	46	48	48	49	50	51	52	54	60	
1660	44	
1662	54	
1670	4	
1672	9	
1673	4	8	9	10	11	12	13	14	15	18	21	24	
1674	8	12	15	15	16	17	19	20	21	23	52	55	55	56	60	62	80	83	86	89	91	96	98	
1675	17	20	22	50	51	52	53	54	55	58	61	91	
1676	33	45	45	47	48	49	51	
1677	9	14	44	45	63	
1678	12	15	21	23	23	26	37	56	57	
1679	21	22	24	27	56	92	
1680	23	54	87	88	89	90	92	97	
1681	8	80	81	82	83	84	86	87	89	90	92	94	
1682	6	11	12	13	13	14	18	45	78	80	81	82	83	84	86	89	91	94	98	
1683	17	19	20	34	52	53	54	55	56	57	58	60	61	70	81	89	96	
1684	35	38	45	47	48	50	50	51	52	53	53	54	55	57	58	60	
1685	43	45	46	48	49	50	51	54	83	
1686	45	46	53	
1687	16	20	
1688	10	17	18	44	47	72	
1689	10	12	14	15	16	17	18	19	20	22	26	44	69	
1690	4	7	9	11	12	14	15	16	17	18	19	20	21	28	69	
1691	13	15	17	18	19	20	21	22	23	23	23	24	35	36	56	57	57	59	62	72	
1692	21	22	25	34	51	51	52	52	54	55	55	56	57	59	
1693	32	45	47	49	50	51	53	58	87	88	92	
1694	53	
1695	54	
1704	71	
1705	13	80	
1706	12	13	
1707	5	6	10	11	13	15	16	18	
1708	3	6	8	10	11	12	15	20	80	82	85	89	91	95	
1709	17	55	81	82	85	86	87	88	89	90	91	94	96	
1710	82	86	87	89	90	92	95	97	
1711	25	83	86	87	89	90	91	95	
1712	24	56	73	83	87	87	90	91	92	93	96	
1713	52	53	54	56	58	82	86	87	88	88	89	90	92	95	
1714	53	83	84	85	86	88	89	91	
1715	10	13	79	80	81	83	85	93	
1716	7	8	10	11	12	13	14	15	79	80	84	87	88	
1717	16	17	19	20	24	27	33	52	52	55	56	57	58	60	69	80	82	85	88	89	92	93	98	
1718	18	22	35	42	47	50	51	52	53	54	55	56	59	60	
1719	31	37	42	44	45	46	46	47	48	49	50	51	53	59	
1720	43	47	
1721	12	16	18	20	27	44	46	67	72	
1722	10	13	15	16	17	19	20	21	24	43	46	71	
1723	9	12	14	17	18	20	21	22	44	68	
1724	12	20	21	22	23	24	25	27	56	57	85	
1725	13	22	23	24	25	52	55	56	60	
1726	34	50	51	52	53	54	55	59	87	88	89	91	92	95	
1727	18	50	53	62	81	82	85	87	89	91	95	
1728	18	
1729	64	81	
1737	29	
1740	10	
1741	11	18	95	99	
1742	2	8	11	13	15	19	80	82	85	88	97	
1743	13	79	80	81	82	83	84	85	87	89	90	93	97	
1744	12	77	80	81	81	82	83	84	85	87	89	90	94	
1745	80	81	82	84	85	86	88	90	94	99	
1746	80	81	82	83	84	84	86	88	89	91	95	
1747	53	53	79	80	81	83	83	84	86	90	97	
1748	78	79	80	81	83	84	85	87	91	94	100	
1749	12	13	79	83	83	
1750	3	7	9	10	11	14	15	24	81	84	95	98	
1751	7	11	12	13	15	16	20	23	53	58	62	81	83	85	87	89	92	95	
1752	16	17	18	20	21	35	51	52	53	54	55	57	60	62	87	91	93	
1753	29	42	44	45	47	48	48	49	50	51	55	59	63	
1754	18	42	43	44	45	46	48	49	50	63	67	
1755	9	13	20	22	23	26	44	46	67	
1756	11	15	19	20	20	22	23	25	26	
1757	21	22	23	25	36	56	57	73	
1758	22	24	52	56	87	88	92	
1759	52	53	53	55	56	59	82	85	86	86	87	88	89	91	93	96	
1760	51	55	57	79	80	82	82	83	84	86	87	88	89	91	95	102	
1761	79	80	81	82	83	85	85	89	92	
1762	84	88	
1769	81	
1770	20	
1774	27	
1775	11	92	
1777	79	80	82	83	
1778	78	79	80	82	84	94	
1779	78	79	80	81	82	83	87	89	
1780	78	79	80	81	83	85	88	
1781	78	79	81	
1782	80	90	
1783	7	8	14	
1784	5	9	11	15	23	
1785	7	10	11	12	13	13	14	15	16	23	80	81	85	89	92	101	
1786	15	16	17	20	52	53	55	83	85	86	87	89	90	91	99	
1787	16	18	50	52	91	93	
1788	45	76	
1789	24	92	
1790	74	87	91	92	
1791	25	55	56	82	86	86	87	89	90	91	92	93	96	
1792	51	53	53	55	57	85	86	87	88	88	89	90	93	96	
1793	79	80	81	82	83	84	85	87	89	96	
1794	79	79	80	82	84	87	88	92	97	
1795	79	81	84	88	102	
1809	4	101	
1811	80	
1812	79	
1814	99	
1815	83	90	
1817	88	
1818	8	
1819	3	4	10	12	14	16	78	82	83	90	
1820	6	8	9	10	11	12	13	14	79	81	82	84	86	89	91	93	
1821	81	82	83	85	86	87	88	88	89	90	92	95	
1822	86	87	89	90	91	93	94	96	
1823	55	82	83	85	86	87	87	88	89	90	92	93	96	
1824	55	81	82	83	84	85	86	88	88	89	91	96	
1825	78	80	80	81	82	83	84	85	86	89	95	
1826	78	79	80	81	82	83	84	86	87	89	95	
1827	78	79	81	83	85	89	95	
1828	79	81	84	
1843	39	
1847	83	
1852	9	
1853	5	10	
1854	11	14	79	81	86	89	
1855	8	11	79	79	80	81	82	84	85	87	91	98	
1856	79	79	80	81	82	84	85	86	88	88	98	
1857	79	80	81	82	84	85	90	
1858	79	79	80	82	84	88	92	94	
1859	79	80	83	86	90	
1860	62	78	81	83	85	91	93	
1861	80	83	90	
1871	55	
1874	73	
1878	97	
1879	19	
1887	85	
1889	78	79	87	
1890	79	81	83	95	
1891	78	79	81	87	88	
1892	78	80	
1893	64	85	
1899	3	
1909	72	
1922	86	
1924	8	89	
1925	83	
1931	102	
1932	7	
1942	57	
1944	100	
1957	63	85	90	
1958	87	
1961	43	
1972	73	
1973	29	
1993	3	
1994	3	
2011	13	
2014	5	
2023	90	
2034	42	
2052	90	
2054	63	
2077	79	
2092	49	
2100	84	
2115	31	
2128	23	
2168	27	
2241	98	
2255	11	
