14	100	
81	55	
111	36	37	
113	87	92	
114	86	87	90	91	93	96	
115	87	89	91	96	
144	57	
145	92	
146	29	82	87	88	90	92	98	
147	83	85	86	87	88	88	89	91	92	95	
148	9	81	83	84	85	86	87	88	89	91	96	
149	10	12	14	18	80	81	82	84	85	87	89	90	92	95	
150	17	19	85	90	97	
177	56	
178	56	92	
179	55	83	86	87	88	88	90	91	96	
180	53	82	83	84	85	86	87	88	89	91	94	
181	79	81	82	83	84	85	86	88	89	91	96	99	
182	10	13	78	79	80	81	82	83	84	87	88	93	
183	4	6	8	9	11	12	13	14	15	16	17	18	69	79	80	82	83	85	97	
184	11	12	15	16	17	17	18	20	69	81	84	
186	98	
193	92	
210	57	
211	53	54	56	93	
212	50	52	54	82	86	87	88	90	92	96	
213	54	55	59	80	81	82	84	85	86	87	89	90	93	
214	54	79	80	82	83	84	85	86	89	94	98	
215	9	67	79	80	82	84	
216	6	9	11	14	16	17	18	20	68	69	79	80	98	
217	1	6	8	8	10	11	12	13	13	14	15	17	17	18	19	19	20	80	
218	15	17	19	20	20	21	22	25	27	
219	6	7	18	22	
225	91	
226	87	89	91	96	
227	82	86	87	89	90	91	96	
228	16	85	87	88	90	92	93	97	
229	17	
243	56	57	
244	35	52	54	55	56	61	87	92	
245	34	50	51	52	54	55	59	81	83	86	87	88	89	91	92	95	
246	51	54	80	81	82	83	85	86	87	88	89	90	95	
247	54	78	79	81	82	83	85	88	91	93	
248	17	68	79	81	
249	7	8	10	12	13	14	16	17	18	19	44	67	79	
250	6	10	11	12	14	15	16	17	18	18	19	20	20	21	22	27	70	
251	2	8	13	15	20	20	21	22	23	24	26	
252	2	21	22	23	24	
253	23	
257	56	
258	58	
259	86	89	97	
260	80	81	82	84	85	86	88	88	89	91	92	93	97	
261	9	80	82	82	83	84	85	86	88	88	89	91	93	96	
262	11	13	14	16	18	81	82	83	84	85	86	89	91	96	
263	16	17	19	82	87	91	
275	57	
276	57	60	
277	52	54	57	87	
278	50	51	52	54	55	81	82	85	86	87	88	89	90	95	
279	50	51	53	55	80	82	83	84	85	86	86	89	90	92	96	101	
280	67	78	79	81	82	84	85	89	94	
281	9	13	66	79	84	
282	9	11	12	14	15	16	16	17	19	68	
283	6	9	11	12	13	13	15	16	17	17	18	19	19	20	20	21	23	25	69	
284	12	15	18	19	20	21	22	23	24	25	26	
285	22	23	24	
288	91	
289	86	87	90	92	96	
290	87	89	91	
291	53	56	57	61	
292	35	47	48	49	51	52	54	55	56	59	
293	43	45	46	49	50	55	85	
294	44	78	78	80	81	83	83	85	
295	8	10	14	78	79	80	81	82	83	84	86	92	98	
296	6	8	10	12	13	13	14	16	19	79	80	82	84	87	88	91	96	
297	13	16	17	19	81	83	85	88	90	92	97	
298	16	17	
309	56	57	
310	51	52	54	55	56	58	
311	33	36	41	44	46	47	48	50	51	53	54	55	57	
312	44	48	49	51	53	54	80	81	83	83	85	
313	78	79	80	82	84	86	88	
314	79	81	84	89	
315	7	8	10	11	14	15	16	17	19	67	73	84	
316	5	6	10	11	12	13	13	14	15	16	17	18	18	19	20	21	24	26	71	
317	12	15	16	17	18	19	20	21	21	22	24	25	26	
318	5	22	22	23	
319	57	
321	86	87	91	
322	82	85	86	87	88	89	90	92	95	
323	6	8	81	82	83	84	85	87	88	88	89	90	92	96	
324	12	81	82	85	86	87	88	90	94	97	99	
325	16	17	55	57	62	82	85	95	
326	33	35	47	48	50	51	52	52	53	54	55	56	58	59	61	
327	37	43	44	44	45	46	47	48	48	49	50	52	53	55	58	
328	44	49	
329	5	7	11	14	79	85	
330	8	10	11	12	13	14	21	79	81	84	
331	6	8	11	12	12	14	15	17	18	19	21	69	80	82	85	91	95	
332	16	17	17	19	20	22	26	
343	52	60	
344	33	36	48	51	52	53	53	54	55	56	57	58	59	61	
345	45	46	47	47	49	49	50	51	52	54	55	58	
346	44	45	46	48	48	49	50	59	78	
347	80	83	
348	8	10	14	18	67	
349	3	6	9	11	12	12	13	14	15	16	17	18	19	20	70	
350	7	12	13	14	15	17	18	19	19	20	21	21	22	24	26	
351	21	22	23	24	27	
352	56	
353	52	56	58	
354	51	55	56	87	88	90	93	
355	54	81	83	84	85	86	87	89	90	93	93	
356	81	82	83	83	84	85	87	88	90	92	94	98	
357	7	10	66	79	80	81	82	83	84	85	87	89	96	
358	8	9	10	11	12	14	15	16	17	80	81	82	83	85	89	94	
359	6	12	16	16	17	18	18	19	21	80	
360	22	35	48	51	51	52	53	54	55	56	57	58	58	60	62	
361	36	41	45	46	47	49	49	50	50	51	54	60	
362	43	44	45	46	48	49	50	53	
363	6	
364	5	7	8	9	10	12	13	14	82	93	99	
365	7	11	11	12	13	14	14	15	16	17	18	19	22	24	79	80	82	91	
366	16	17	18	19	20	21	22	28	
377	53	57	
378	48	51	51	52	54	55	56	57	58	61	
379	34	46	47	49	50	50	51	53	53	54	62	
380	43	45	46	48	49	86	89	91	
381	9	48	
382	6	9	10	11	12	13	14	66	68	
383	3	8	11	12	13	14	15	15	15	16	16	17	18	18	19	20	24	25	26	69	
384	13	17	17	20	21	22	23	23	24	26	
385	22	57	
386	56	57	62	
387	48	50	51	53	53	55	56	
388	46	50	52	54	59	81	83	84	85	86	88	89	90	99	
389	55	79	81	82	84	85	86	88	89	93	99	
390	78	79	80	82	84	85	88	
391	9	10	14	18	19	68	78	79	80	82	84	
392	5	6	7	8	10	11	12	12	13	14	15	15	16	16	17	18	19	19	79	80	
393	13	16	17	18	19	20	21	22	23	24	27	57	
394	22	51	52	53	54	55	56	57	59	61	
395	43	46	47	48	49	50	50	51	52	53	54	55	56	59	
396	44	45	46	48	48	49	50	51	
397	45	
398	4	9	10	11	14	15	19	67	
399	5	6	8	10	11	12	12	13	14	14	15	15	16	16	17	18	19	20	25	98	
400	13	16	17	18	19	20	21	21	23	24	
405	69	70	70	
411	53	55	56	57	60	
412	36	48	50	51	52	52	54	55	56	57	58	60	
413	32	44	46	47	49	49	50	51	53	53	54	55	59	95	
414	44	47	49	88	89	
415	10	68	
416	6	8	8	9	10	11	13	14	14	15	16	19	26	
417	3	11	14	15	16	16	17	18	18	19	20	21	24	28	
418	18	20	21	22	23	
419	56	57	58	61	
420	35	51	52	54	56	57	60	
421	47	49	50	51	52	53	54	55	61	86	88	90	
422	35	46	49	51	54	78	80	82	85	86	89	94	98	
423	79	80	83	87	91	
424	8	11	13	81	
425	3	6	9	9	10	11	13	14	15	16	16	18	19	20	
426	3	7	10	11	12	14	15	16	17	18	18	19	20	21	24	72	
427	18	20	21	22	23	24	
428	52	53	54	55	56	57	58	60	
429	35	42	46	47	48	49	50	51	51	52	53	53	54	56	59	62	
430	44	45	46	47	49	49	50	54	
431	45	49	
432	5	7	9	10	13	15	
433	7	8	10	11	12	12	14	15	16	18	19	20	23	25	28	70	
434	16	17	17	19	20	21	22	24	
435	22	
437	62	62	63	
445	56	57	
446	48	50	51	51	52	52	54	54	55	56	58	58	59	
447	33	45	45	46	47	48	49	49	50	51	52	53	55	86	
448	44	46	48	50	83	83	
449	6	9	11	14	
450	6	8	9	10	11	12	13	13	14	15	16	19	69	
451	3	12	14	15	16	17	18	20	21	22	23	25	26	
452	21	22	57	
453	56	57	93	
454	34	50	51	52	52	54	54	55	56	58	61	88	91	
455	48	49	50	51	53	55	62	81	82	85	86	87	89	90	93	93	
456	50	53	81	82	83	85	87	89	91	93	
457	14	81	83	
458	6	9	10	13	14	16	17	18	19	22	68	
459	7	10	11	12	14	15	16	17	17	18	19	20	20	21	24	26	29	69	
460	5	13	15	19	20	21	22	23	23	25	
461	22	25	57	
462	52	53	54	55	56	57	59	
463	34	36	47	48	48	50	50	51	52	53	53	54	56	60	
464	45	46	47	48	49	50	52	88	
465	50	67	
466	4	8	9	11	14	
467	5	7	10	11	11	12	13	13	14	14	15	16	16	17	18	19	20	25	68	98	
468	13	15	16	17	17	19	20	21	21	22	24	27	48	72	
469	22	48	
479	55	56	57	62	
480	35	50	51	52	52	53	53	54	55	55	56	58	59	61	
481	41	44	45	46	47	47	48	50	51	53	53	54	58	
482	8	44	49	89	
483	9	10	
484	7	9	10	11	12	13	13	14	15	21	96	
485	7	11	12	15	17	18	21	23	83	86	87	91	92	95	
486	57	82	87	88	89	91	92	96	
487	52	53	55	56	82	86	87	88	90	91	96	
488	51	52	53	54	55	59	82	84	86	86	88	89	90	92	95	
489	52	55	79	80	81	83	83	85	86	88	89	91	
490	81	84	
491	6	9	11	29	66	
492	6	7	8	10	11	12	13	14	15	16	18	19	24	69	
493	1	12	13	15	16	17	17	18	19	20	21	22	22	23	24	
494	22	25	
495	57	
496	35	51	51	52	53	53	54	55	56	56	58	58	60	
497	45	46	47	50	50	51	52	54	54	60	
498	44	46	48	48	49	51	53	83	88	
499	86	
500	5	8	9	10	12	13	65	
501	5	7	9	10	11	12	12	14	14	15	16	17	18	18	19	19	20	23	27	69	
502	15	17	17	20	20	21	22	23	26	
513	53	55	56	57	58	61	
514	34	48	50	50	51	52	52	54	54	55	56	57	59	60	62	
515	40	42	44	45	46	46	47	48	49	49	50	50	51	52	53	63	
516	30	42	43	44	45	46	47	48	49	
517	9	13	46	
518	3	5	6	9	10	14	15	20	85	
519	7	9	11	12	15	79	81	82	84	86	89	90	95	
520	80	81	82	83	83	84	85	86	89	89	91	95	
521	52	53	54	57	58	80	81	82	82	83	84	85	86	87	89	90	91	93	96	
522	43	52	55	77	80	81	82	83	84	85	87	89	95	
523	53	78	80	81	84	85	
524	80	83	
525	8	9	10	14	67	
526	7	11	11	12	13	14	14	15	16	16	17	19	19	21	
527	2	13	15	16	17	18	19	20	20	21	22	23	23	25	
528	22	
529	56	58	
530	52	52	53	54	55	56	57	60	
531	45	47	49	49	50	51	52	53	54	54	55	58	87	89	92	
532	45	46	48	49	50	85	87	91	95	
533	8	49	
534	4	9	10	11	13	13	14	15	17	66	
535	4	7	10	11	12	12	13	14	15	15	16	17	19	20	21	24	27	69	
536	16	17	17	18	19	20	21	22	23	
537	23	
547	53	
548	34	51	52	52	54	54	55	56	57	58	60	62	
549	34	47	47	48	49	50	50	51	52	53	54	55	56	57	59	60	61	
550	31	41	43	43	44	45	45	46	46	47	48	48	49	50	58	62	
551	40	43	44	44	46	47	49	59	72	
552	8	19	23	31	40	43	44	46	57	58	68	71	
553	2	6	11	19	40	43	46	47	66	79	83	
554	16	18	18	20	27	41	46	48	60	72	78	79	80	84	
555	16	18	20	40	43	44	47	54	57	59	66	71	78	79	80	81	83	
556	19	20	38	40	42	43	44	46	47	48	49	54	56	59	64	71	79	80	83	
557	18	19	20	30	41	43	43	45	46	47	49	65	69	73	79	
558	10	46	
559	4	6	9	10	11	14	
560	5	7	8	9	10	11	12	13	14	14	15	17	18	20	25	27	70	96	
561	3	12	13	16	17	19	21	22	25	86	92	97	
562	17	
563	56	57	58	
564	48	50	51	52	52	54	55	57	59	62	
565	49	50	51	53	54	82	84	86	87	88	90	92	
566	47	49	81	82	83	85	86	90	96	
567	7	9	12	
568	5	7	9	10	11	12	13	14	15	16	17	19	69	
569	1	5	6	8	11	12	14	15	15	16	17	17	18	18	19	19	20	21	22	24	26	28	69	
570	18	20	22	23	23	
571	20	
583	34	50	51	52	54	55	60	61	
584	34	45	47	48	49	50	50	51	53	53	55	56	58	60	62	
585	24	42	43	44	45	46	47	48	49	50	51	58	59	62	74	
586	22	23	25	27	29	41	43	44	45	46	47	48	48	50	60	62	73	73	
587	19	21	22	24	35	43	44	45	47	49	52	55	60	63	68	73	
588	19	21	22	23	23	27	40	43	44	45	45	46	47	48	49	62	71	78	
589	19	21	22	24	44	45	47	49	58	62	72	
590	20	22	23	24	25	27	43	44	45	48	49	50	51	52	53	54	56	56	57	59	60	61	70	78	
591	22	23	23	24	25	27	32	34	43	44	45	45	46	47	47	49	49	50	51	54	56	57	59	
592	28	39	43	43	44	45	46	46	47	48	48	49	73	
593	7	8	10	44	46	
594	1	5	6	9	11	12	13	13	14	15	81	
595	8	10	11	12	15	16	18	19	22	24	80	82	84	85	87	88	90	92	95	98	
596	17	57	83	85	87	88	89	90	92	95	
597	52	54	55	56	60	87	90	92	
598	50	51	52	53	54	55	56	60	86	87	88	89	91	93	
599	50	51	54	81	82	83	84	85	86	87	88	90	98	
600	9	78	81	83	84	90	
601	9	13	15	
602	4	7	8	9	10	11	12	13	14	15	15	16	16	17	18	19	20	26	68	70	
603	13	15	16	17	17	18	18	19	20	21	21	23	23	24	
604	22	
618	51	
619	53	
620	49	54	
621	23	23	45	49	53	55	74	
622	22	23	50	63	
623	23	25	45	
624	24	51	53	53	55	56	57	58	60	63	
625	23	23	34	36	45	49	50	50	51	52	52	53	54	55	56	57	59	60	
626	42	45	45	46	47	48	48	49	50	50	51	53	58	
627	10	41	44	45	46	47	49	
628	4	6	9	11	13	15	41	
629	7	8	10	12	14	20	79	80	82	83	85	89	97	
630	13	15	55	56	80	81	82	84	86	87	89	91	94	97	99	
631	51	52	53	54	55	58	81	83	84	85	86	87	88	89	91	93	94	97	99	
632	54	82	83	83	85	86	87	88	89	90	92	95	99	
633	53	68	78	79	81	82	84	85	89	93	
634	10	46	67	80	
635	6	9	10	11	13	13	14	15	16	16	18	18	19	20	43	
636	4	8	11	12	12	14	15	16	17	18	19	19	20	21	23	23	27	69	
637	13	18	20	21	22	23	23	25	26	
642	5	5	5	
655	24	
657	17	
659	51	51	52	53	54	55	55	56	57	58	59	60	62	
660	35	36	45	46	47	48	49	50	50	51	52	54	56	57	59	61	
661	31	37	42	43	44	44	45	46	46	47	48	48	49	50	53	56	58	59	
662	36	41	43	43	44	45	46	46	47	49	71	74	
663	3	8	11	14	22	26	37	43	46	73	79	
664	8	79	79	80	81	84	85	
665	17	42	46	48	54	79	80	81	82	84	85	88	
666	41	78	79	80	81	84	85	88	
667	10	13	16	42	47	68	78	80	84	
668	8	10	12	14	16	17	17	19	19	20	43	44	46	67	71	
669	3	6	7	8	10	11	11	13	13	14	15	17	18	19	20	20	21	71	
670	5	15	18	19	20	20	21	22	23	23	24	25	
671	22	23	
691	14	
693	52	
694	50	51	52	54	55	60	
695	33	47	49	50	51	52	53	55	56	58	58	60	62	
696	23	25	41	43	44	45	46	47	47	48	49	49	50	55	57	59	61	75	
697	3	24	28	40	43	44	44	45	46	46	47	48	48	49	58	58	61	
698	18	20	22	41	44	44	45	46	47	50	55	57	59	62	70	74	79	
699	18	19	20	22	27	40	43	43	44	45	46	46	47	48	59	62	66	69	72	79	
700	15	16	19	20	21	28	41	43	44	45	46	48	49	64	67	71	80	83	
701	7	9	11	12	14	15	18	18	19	20	21	27	29	41	43	44	65	
702	10	12	13	13	15	17	19	19	20	21	21	22	24	25	26	69	
703	3	3	17	20	21	22	23	23	25	26	
704	21	22	23	25	
729	52	55	62	
730	51	54	61	
731	25	34	44	49	50	53	53	58	61	74	
732	22	24	26	35	45	48	49	50	61	
733	20	22	23	24	25	45	48	49	63	
734	10	22	23	24	45	45	
735	15	21	22	23	24	25	27	45	74	
736	2	22	24	25	
737	23	23	
1170	9	
1172	26	
1174	31	
1180	7	
1202	23	46	
1204	59	
1209	11	
1222	102	
1230	64	
1232	39	
1235	20	55	
1237	59	
1243	46	
1245	8	
1247	13	76	
1251	100	
1261	17	
1267	41	
1268	39	40	
1269	16	21	34	44	46	58	68	
1270	17	19	40	44	46	49	69	
1271	45	48	
1272	47	50	
1277	58	
1279	82	
1284	29	
1287	75	
1288	94	
1301	15	17	18	44	68	
1302	15	16	18	19	43	45	
1303	16	17	18	19	21	27	37	42	46	50	57	62	69	
1304	17	19	20	22	23	27	36	42	44	46	47	49	51	55	56	59	68	
1305	22	44	45	47	48	50	53	56	
1306	43	49	
1310	68	
1315	18	
1318	36	
1321	65	
1334	11	14	17	18	22	43	67	
1335	11	15	16	17	18	19	20	23	42	43	47	73	
1336	11	13	13	15	17	18	19	20	21	23	45	68	69	
1337	17	19	20	21	22	24	26	44	50	53	56	57	59	61	
1338	21	22	24	26	36	45	47	48	49	50	51	52	54	56	59	
1339	23	43	44	45	47	49	50	51	54	88	
1340	45	49	53	
1345	26	48	
1349	22	
1350	66	
1352	28	
1362	75	
1366	14	
1367	8	14	16	18	
1368	10	12	13	15	16	17	19	20	43	45	68	69	
1369	9	12	14	15	16	17	18	18	19	20	21	23	23	48	
1370	12	15	18	19	20	21	22	23	25	45	57	
1371	21	22	24	52	53	55	56	58	
1372	22	49	50	51	52	54	55	61	87	91	92	
1373	49	51	55	83	86	87	89	91	94	
1374	10	86	91	
1380	70	
1381	16	21	34	66	
1382	18	19	39	43	43	47	49	75	
1383	18	20	23	42	45	46	46	48	51	
1384	20	44	46	
1385	50	
1399	20	
1400	10	16	23	23	70	
1401	7	9	10	11	13	13	14	16	18	18	19	21	24	44	65	68	68	
1402	6	11	12	14	15	17	18	19	20	21	22	24	27	
1403	12	19	20	21	22	22	23	25	27	57	
1404	22	25	53	57	
1405	51	52	54	55	58	87	88	89	90	91	98	
1406	52	53	55	56	81	82	83	85	86	87	88	88	90	91	94	97	
1407	55	80	81	82	84	85	87	88	90	95	
1408	54	61	81	83	
1411	22	
1414	11	19	
1415	12	16	17	19	24	67	
1416	16	17	18	18	19	20	21	23	42	44	45	48	52	56	56	58	59	61	65	74	
1417	19	20	22	23	25	33	41	44	45	46	47	49	51	52	54	56	59	71	74	
1418	25	44	45	46	47	48	48	49	55	57	
1419	44	46	51	
1420	51	
1430	15	
1431	77	
1432	14	
1433	9	14	16	28	
1434	9	11	13	14	16	18	18	19	21	22	44	70	
1435	7	10	12	13	15	16	17	18	19	20	21	23	24	69	
1436	18	19	20	21	22	23	25	56	57	
1437	22	22	24	52	55	57	
1438	49	51	52	54	55	87	89	91	97	
1439	50	51	54	55	80	81	82	83	84	85	86	89	90	92	93	
1440	49	49	78	79	80	81	82	84	85	91	
1441	79	81	83	87	
1444	17	22	43	48	
1445	22	39	47	71	
1446	22	26	40	44	47	65	
1448	6	10	12	15	26	
1449	7	10	12	13	14	15	16	21	24	
1450	15	16	16	17	18	19	20	22	23	25	52	56	56	58	60	62	69	73	
1451	18	20	21	22	23	25	35	36	45	48	50	51	52	53	54	56	59	
1452	22	42	43	45	46	47	48	49	50	51	52	53	59	
1453	40	44	46	49	51	54	
1454	46	48	
1463	31	
1466	9	12	14	18	
1467	9	11	12	14	15	20	24	
1468	10	12	13	14	15	16	17	18	19	20	21	23	25	28	
1469	13	17	18	20	21	22	23	25	57	
1470	21	22	23	25	53	56	57	60	
1471	47	50	51	52	54	55	88	91	93	
1472	46	49	51	53	55	59	81	82	84	85	87	88	89	90	93	94	
1473	79	80	81	83	85	89	100	
1474	78	80	87	91	
1477	14	17	19	21	43	43	47	66	70	
1478	16	17	19	20	23	27	43	45	47	57	62	66	71	
1479	17	20	21	24	42	44	45	46	47	49	51	53	56	58	59	73	
1480	22	26	42	44	45	46	48	48	50	56	
1481	45	47	74	
1482	8	10	13	
1483	6	9	10	11	12	14	14	17	20	81	
1484	12	13	16	17	18	18	19	21	23	23	25	28	57	70	93	
1485	17	22	25	48	50	51	51	52	53	54	55	56	57	58	59	60	62	
1486	33	42	45	46	47	48	49	49	50	51	52	53	55	59	63	
1487	44	45	46	48	48	49	
1488	49	53	
1490	87	
1500	10	13	
1501	7	9	10	11	13	14	15	17	17	21	28	67	
1502	7	10	11	12	14	14	15	16	17	18	18	19	20	22	
1503	17	20	21	23	23	25	56	57	58	
1504	46	48	51	52	53	54	55	56	60	
1505	49	50	51	54	82	85	86	88	89	90	101	
1506	48	53	78	79	81	82	83	85	86	90	
1507	53	79	82	83	90	
1509	12	66	
1510	9	12	13	15	16	18	21	
1511	11	15	16	17	19	19	21	24	42	44	48	71	
1512	13	17	18	19	20	21	22	24	26	29	34	45	48	51	56	57	58	60	62	70	
1513	20	21	22	23	23	25	26	44	45	47	48	49	51	52	54	56	58	61	
1514	22	44	45	47	49	50	51	54	56	76	
1515	49	
1516	9	
1517	7	8	9	10	11	13	14	15	16	18	82	94	
1518	7	11	12	16	17	18	20	22	24	69	81	91	
1519	16	17	21	22	28	34	52	52	53	56	57	58	59	60	
1520	35	40	47	48	50	50	51	52	53	54	55	59	60	
1521	44	45	46	47	48	49	50	51	54	60	
1522	45	46	
1523	53	59	
1534	10	
1535	5	7	8	9	11	12	13	14	15	17	18	71	
1536	7	11	11	12	14	14	15	16	16	17	18	19	20	23	57	71	
1537	17	20	21	22	22	23	24	34	36	51	52	53	55	56	58	59	60	
1538	37	46	47	48	49	50	51	54	54	58	
1539	45	46	49	51	53	79	81	82	83	85	87	100	
1540	47	53	79	81	85	89	
1541	82	
1542	16	19	
1543	9	13	15	16	23	66	73	
1544	7	10	11	13	13	14	15	16	17	18	19	20	21	25	28	71	
1545	12	15	17	18	18	19	20	21	22	24	26	70	
1546	20	21	23	23	24	53	56	57	59	61	
1547	22	35	51	52	53	54	55	56	57	58	
1548	44	45	48	49	51	52	54	59	88	90	92	
1549	48	
1550	15	87	
1551	4	8	9	10	11	12	13	14	19	
1552	7	10	11	12	14	15	16	17	18	19	22	24	89	
1553	16	17	17	19	20	22	52	56	57	58	61	69	
1554	34	43	48	50	50	51	52	53	53	54	55	55	57	59	
1555	44	45	47	49	49	50	51	54	60	
1556	49	
1558	85	
1566	13	23	
1568	9	14	26	
1569	7	8	10	11	12	13	13	14	15	16	19	23	
1570	3	5	12	13	15	16	16	17	18	19	20	21	23	25	27	57	62	
1571	18	21	22	25	48	52	52	54	55	55	56	57	58	58	59	62	
1572	45	46	47	49	50	51	52	53	53	54	55	56	86	90	
1573	44	46	49	55	79	82	85	90	94	
1575	57	
1576	10	21	26	
1577	8	9	11	12	14	15	16	17	19	24	67	73	
1578	7	10	12	13	14	15	16	17	18	18	19	20	20	21	24	26	
1579	17	21	22	23	24	26	56	58	
1580	23	46	53	55	56	
1581	46	49	50	50	51	52	54	54	86	88	89	91	92	94	
1582	49	51	53	82	83	85	86	87	88	89	91	96	
1583	31	85	89	
1584	10	97	
1585	5	7	9	10	12	14	15	22	
1586	6	8	9	11	12	13	13	14	15	16	17	18	19	22	23	69	98	
1587	16	17	19	20	21	23	26	34	53	55	56	57	57	59	61	
1588	34	43	46	47	48	49	50	50	51	52	53	54	55	55	56	58	58	60	
1589	42	44	45	46	47	48	49	50	54	
1590	51	
1592	58	58	
1593	68	
1594	49	64	64	65	65	
1602	7	9	11	15	
1603	4	7	8	10	11	12	13	13	14	15	16	17	18	68	
1604	12	12	15	16	17	17	18	19	20	22	24	26	56	57	62	
1605	21	22	34	43	47	48	51	51	52	53	54	55	57	58	60	
1606	38	42	45	46	47	49	49	50	52	54	61	89	102	
1607	44	46	49	82	
1608	39	46	
1609	16	20	24	66	
1610	9	12	14	16	17	19	
1611	5	7	9	10	11	12	13	14	15	16	17	18	18	19	20	21	24	70	
1612	4	15	17	17	19	20	21	22	24	27	58	70	
1613	21	22	23	52	53	55	56	57	60	
1614	34	47	50	51	52	54	54	57	58	
1615	46	49	50	53	55	80	81	82	84	85	87	89	91	
1616	50	54	79	81	82	84	86	90	
1617	41	82	84	
1618	9	15	
1619	4	6	8	10	11	14	15	16	18	
1620	6	11	12	13	13	14	15	16	16	17	18	19	21	23	69	
1621	18	19	20	21	23	24	26	53	56	57	57	61	
1622	47	48	50	50	51	52	53	54	55	56	58	60	
1623	33	43	45	45	46	47	49	49	50	59	
1624	42	44	46	47	47	47	48	53	
1626	9	52	
1628	69	
1636	7	8	10	15	
1637	5	6	8	9	10	11	12	13	14	15	16	19	
1638	12	15	16	16	17	18	19	20	21	23	24	53	56	57	61	68	
1639	18	22	22	33	36	50	51	52	52	54	54	55	56	57	58	60	61	
1640	30	42	43	44	45	46	47	47	48	49	50	50	52	53	55	56	59	62	
1641	29	41	44	45	46	47	48	50	62	
1642	42	44	46	48	71	
1643	9	17	19	27	42	44	46	67	71	
1644	6	10	11	13	13	15	17	18	19	20	21	24	73	
1645	4	8	11	13	14	16	17	19	20	21	22	24	25	44	55	69	
1646	21	22	23	24	26	56	57	62	
1647	23	42	48	51	52	53	54	55	57	
1648	45	46	49	50	51	53	54	55	87	90	95	
1649	46	48	51	81	82	84	85	87	89	98	
1650	46	79	87	
1652	11	
1653	7	9	10	11	13	14	16	19	25	29	
1654	7	10	11	12	15	16	16	17	19	20	21	22	24	69	
1655	18	20	21	22	23	23	35	53	55	56	57	59	61	
1656	34	46	47	50	50	51	52	53	53	54	55	56	58	58	59	62	
1657	44	47	48	49	50	87	93	
1658	45	50	
1660	66	
1669	11	
1670	9	11	15	18	
1671	5	6	8	8	9	10	11	12	13	14	15	20	26	
1672	12	13	14	15	16	17	18	20	22	24	25	82	86	88	91	93	93	96	
1673	16	17	22	51	53	54	56	59	61	
1674	48	49	50	51	52	54	56	58	60	
1675	32	34	42	44	45	47	49	50	53	59	
1676	27	44	45	47	48	50	63	
1677	11	14	17	19	21	23	24	44	63	
1678	7	9	11	12	14	15	18	19	20	21	23	24	26	73	
1679	20	21	22	24	25	92	
1680	23	52	53	53	55	55	56	57	58	59	61	
1681	43	47	47	48	50	50	51	52	54	54	55	57	59	
1682	41	44	45	46	47	49	50	52	54	85	89	
1683	48	50	78	82	84	
1684	83	
1686	9	
1687	4	7	8	9	10	11	13	14	15	16	17	18	19	21	26	67	
1688	5	6	12	13	14	15	16	17	19	19	20	22	23	25	57	70	
1689	18	20	21	22	25	35	38	53	56	57	58	61	
1690	46	47	49	50	51	52	53	54	55	56	59	61	
1691	43	45	47	49	50	52	82	85	87	90	92	
1704	8	13	
1705	6	8	9	11	13	15	82	87	
1706	6	7	10	11	12	14	15	16	18	80	81	83	83	85	87	90	92	95	
1707	13	16	18	81	82	82	84	85	86	87	87	88	89	90	91	92	93	95	97	
1708	52	53	86	87	88	90	91	93	93	96	
1709	87	88	91	92	96	
1710	74	87	90	92	97	
1711	23	25	87	88	89	90	92	98	
1712	12	24	83	87	88	89	90	92	95	98	
1713	82	86	87	88	89	89	90	92	94	97	
1714	17	35	52	53	53	55	56	57	59	61	86	87	90	92	97	
1715	33	37	43	48	50	50	51	52	53	53	54	55	57	58	60	
1716	44	45	46	47	48	49	50	51	53	55	
1717	43	46	48	
1718	43	
1720	7	9	11	14	16	19	24	66	
1721	7	9	10	11	13	14	15	16	17	18	19	20	23	26	71	
1722	3	7	12	13	17	18	19	20	21	22	24	25	56	57	68	
1723	23	51	52	53	55	57	58	61	
1724	46	48	49	49	50	51	52	53	54	87	90	
1725	45	47	49	51	53	79	82	83	84	86	87	89	91	
1726	87	
1730	66	
1731	95	95	96	
1738	9	82	
1739	9	13	
1740	1	4	10	13	14	78	80	
1741	6	8	9	12	12	14	16	78	80	80	81	82	83	84	86	89	90	95	99	
1742	80	81	82	83	84	85	87	89	91	94	98	98	
1743	9	80	81	82	83	84	85	86	87	88	90	91	94	97	
1744	81	82	83	83	85	86	87	89	90	92	94	
1745	81	82	83	84	85	86	88	89	90	93	
1746	80	81	82	83	84	85	86	87	89	90	91	94	
1747	8	9	10	12	13	14	79	80	80	81	83	84	85	90	95	
1748	11	12	14	15	16	18	53	57	58	62	80	81	82	84	85	87	89	90	93	96	
1749	16	17	18	18	34	51	51	52	54	54	55	56	58	59	60	83	86	90	94	
1750	37	41	45	45	46	47	49	50	50	51	52	54	55	57	60	
1751	33	43	43	45	46	47	48	48	49	50	53	
1752	41	45	46	50	75	
1753	8	13	19	43	46	
1754	8	10	11	14	16	19	20	23	24	71	
1755	10	11	13	13	14	15	16	17	18	19	20	21	22	24	27	71	
1756	20	21	22	23	25	28	53	56	57	58	62	
1757	47	48	51	51	52	53	54	54	55	56	59	
1758	48	49	50	51	54	55	56	58	85	86	87	89	91	94	
1759	79	81	85	88	
1760	53	
1761	89	
1774	4	11	88	97	
1775	10	79	80	84	
1776	78	79	80	83	83	85	89	
1777	10	78	79	80	81	84	87	89	94	
1778	78	79	80	80	81	83	84	85	99	
1779	79	80	81	82	83	83	84	87	95	
1780	78	79	79	80	81	84	
1781	5	6	9	13	78	79	82	83	89	
1782	7	9	10	12	13	14	15	16	19	78	79	80	82	84	88	90	93	
1783	16	17	19	21	51	52	57	61	80	81	83	85	87	89	91	93	97	99	
1784	16	18	21	48	51	52	53	55	56	58	59	62	88	92	
1785	31	42	44	45	47	47	48	49	50	52	53	55	60	
1786	20	32	41	43	44	46	48	48	49	64	67	76	
1787	9	12	13	15	20	23	24	44	65	
1788	7	8	10	12	14	15	16	18	19	20	21	22	23	43	70	
1789	13	15	20	21	22	23	25	26	57	58	
1790	35	52	55	56	57	59	
1791	50	51	52	53	54	55	56	87	88	90	92	97	
1792	49	53	53	82	84	85	86	87	88	89	93	97	
1793	81	84	88	
1796	95	
1797	71	
1807	38	
1810	79	89	
1811	79	81	85	
1812	79	94	
1813	79	
1814	82	84	99	
1816	5	8	8	9	11	13	14	19	80	89	95	
1817	3	6	10	11	12	14	15	20	79	80	82	84	86	88	90	93	
1818	13	55	82	83	85	86	86	87	88	89	90	91	93	94	96	
1819	16	17	50	51	54	61	87	87	91	92	98	
1820	16	24	45	45	49	74	92	
1821	10	13	24	
1822	21	22	25	36	
1823	22	23	56	87	92	
1824	8	51	52	54	55	82	86	86	87	88	89	90	91	92	94	
1825	53	54	57	82	82	83	83	84	85	85	86	87	88	90	92	93	96	
1826	53	79	80	81	83	84	85	88	89	93	
1827	82	84	
1828	91	
1843	89	
1848	9	10	11	27	
1849	14	
1850	5	8	13	21	86	89	
1851	10	14	80	81	84	88	93	99	
1852	8	8	10	11	13	15	77	79	80	81	81	83	84	84	86	89	93	
1853	6	10	12	14	81	81	82	83	84	85	86	88	89	91	94	
1854	82	83	86	87	88	90	91	93	94	97	
1855	83	85	86	87	88	88	89	90	92	93	95	
1856	51	53	55	81	82	83	86	87	90	91	93	94	96	
1857	52	54	60	81	82	82	85	85	86	87	88	89	90	91	93	96	
1858	53	55	78	79	80	81	82	83	84	85	86	89	91	98	
1859	79	80	81	82	84	85	88	90	
1860	78	80	85	93	96	
1862	16	
1863	82	
1881	95	
1885	83	
1886	5	10	78	80	86	89	
1887	12	79	80	82	84	85	89	98	100	
1888	13	79	79	80	81	82	84	85	90	97	
1889	79	80	80	81	82	83	84	86	89	
1890	80	81	82	84	85	88	90	96	98	
1891	79	80	81	82	83	85	88	89	95	
1892	79	80	83	84	88	99	
1893	78	80	
1894	80	
1896	19	
1902	67	
1910	74	
1919	85	
1921	79	84	88	
1922	81	83	88	
1923	78	79	81	87	90	
1924	78	79	81	83	86	88	
1925	78	80	81	84	
1926	81	89	
1930	62	
1933	67	
1964	55	
1965	72	
1978	18	
1988	62	
1994	10	
1997	7	
2007	33	
2016	1	
2022	102	
2023	5	
2027	93	
2033	42	
2036	1	
2038	3	
2047	54	
2048	73	
2051	56	
2053	22	
2057	101	
2058	42	
2061	95	
2062	4	
2110	27	
2119	32	
2122	88	
2191	90	
2193	9	
2234	1	
2260	11	
2268	6	
