50	78	
79	47	
88	88	90	91	96	
89	88	90	91	92	94	97	
90	87	88	91	92	96	
91	17	93	
119	57	
120	56	57	
121	47	50	52	53	88	91	
122	49	81	82	85	86	87	88	89	90	91	93	96	
123	8	10	14	81	82	83	84	85	86	87	88	89	90	91	93	94	96	
124	6	9	12	13	15	81	82	85	86	87	88	89	90	91	93	94	96	
125	83	86	87	88	89	91	92	93	96	
126	16	17	87	91	92	96	
127	16	
152	90	
153	58	62	
154	34	52	54	56	57	58	59	60	61	
155	42	45	47	48	48	49	50	51	51	53	54	56	58	59	85	
156	45	46	46	47	49	50	53	79	80	82	83	83	85	86	94	
157	9	13	46	79	80	80	81	83	84	85	90	98	
158	6	9	11	15	16	79	80	81	83	84	85	86	89	90	98	99	
159	6	9	10	12	13	15	79	80	81	82	84	85	86	88	89	90	91	95	98	
160	7	10	12	14	17	81	85	86	87	88	89	90	91	92	94	97	99	
161	16	17	19	90	91	95	98	
162	17	
187	57	62	
188	53	55	56	57	58	58	59	60	61	
189	32	47	49	50	51	51	52	54	54	55	56	56	57	58	59	61	85	103	
190	31	42	43	45	46	47	48	48	49	50	50	51	53	56	58	81	
191	5	41	45	46	47	47	49	71	79	80	
192	12	46	48	80	82	85	
193	9	10	13	72	79	80	81	83	84	86	91	98	98	
194	6	9	10	12	13	14	15	79	80	81	82	83	84	86	88	89	90	92	97	
195	8	11	12	14	15	16	19	81	83	84	86	88	90	92	93	96	
196	16	17	17	18	20	22	
213	88	92	96	
214	91	92	97	
218	9	
220	93	
222	61	63	
223	33	52	52	54	55	56	57	58	59	60	61	62	
224	50	51	52	52	53	54	55	56	57	58	58	59	60	62	
225	25	26	30	41	45	48	49	50	51	51	52	53	55	56	56	58	58	60	69	
226	21	44	45	45	46	47	47	48	49	49	50	51	53	53	71	
227	5	44	46	47	49	50	79	
228	4	6	9	10	11	13	13	15	80	81	85	
229	8	10	11	12	12	14	14	15	16	16	18	19	71	81	82	89	96	
230	13	16	17	17	18	18	19	20	21	22	
231	23	
245	56	58	
246	48	50	52	54	90	94	
247	8	83	85	86	87	89	90	92	94	97	
248	10	82	84	86	87	88	88	89	90	91	93	93	96	98	
249	13	15	16	82	86	89	91	93	97	101	
250	16	18	
252	93	
253	86	87	89	90	91	94	97	
254	83	87	88	90	91	92	96	
255	16	91	97	
258	53	55	57	58	60	61	
259	51	52	52	54	55	56	57	57	58	59	60	61	63	75	
260	24	32	45	47	48	49	50	51	51	52	53	54	55	56	58	63	
261	13	45	46	47	49	49	50	51	
262	3	8	9	10	13	15	50	
263	6	7	11	11	12	13	13	14	14	15	16	17	18	19	80	98	
264	16	17	17	18	19	20	21	21	23	24	
278	56	57	
279	35	52	53	55	56	57	58	59	64	
280	48	49	50	51	52	54	55	85	87	88	91	94	
281	49	79	80	81	82	84	85	86	89	91	97	
282	7	9	10	11	12	14	15	78	80	80	81	82	83	84	85	87	89	95	
283	2	7	10	11	12	13	14	15	16	18	20	79	80	82	84	89	92	94	
284	16	17	18	21	22	58	
285	57	
286	50	52	53	63	86	88	89	91	
287	9	81	82	84	85	87	88	88	89	91	93	96	
288	9	11	14	18	81	83	84	85	86	87	89	90	92	93	95	97	98	
289	7	12	14	16	17	81	83	84	86	88	89	91	94	97	
290	17	18	
293	36	53	54	55	56	57	57	58	59	60	61	63	
294	33	47	49	50	51	51	52	53	54	54	55	58	59	60	64	
295	48	48	49	50	51	53	
296	5	9	10	11	13	49	
297	6	7	9	10	11	12	12	14	14	15	15	16	17	18	20	25	93	
298	16	16	17	18	18	19	20	21	21	22	25	
299	22	
312	57	57	60	63	
313	36	47	48	51	52	53	53	55	55	56	58	58	60	
314	48	49	50	51	52	54	55	56	82	83	85	87	89	92	
315	50	53	79	81	84	87	88	
316	4	9	9	10	11	14	15	78	79	81	84	88	98	
317	6	7	10	11	12	13	14	14	15	15	16	16	17	18	19	21	69	71	78	80	90	
318	17	18	19	20	21	23	24	56	57	61	
319	51	52	53	54	55	56	58	59	60	88	
320	49	50	51	54	82	85	86	88	89	91	94	100	
321	4	9	53	78	80	81	82	83	85	86	89	97	
322	5	6	9	10	11	13	14	79	80	81	82	84	85	87	88	91	100	
323	6	8	10	11	12	15	15	16	16	17	18	19	20	69	79	81	86	
324	16	17	18	20	21	22	23	
326	58	
327	37	52	56	57	57	59	61	
328	47	50	51	52	52	53	54	55	55	56	58	60	
329	47	48	49	50	54	
330	5	9	10	13	
331	7	8	9	10	11	12	12	13	14	15	15	16	17	18	19	20	24	79	
332	16	17	17	18	19	20	20	21	22	25	26	
333	22	
345	58	
346	34	53	55	56	56	57	59	61	
347	48	49	50	51	52	53	54	54	55	59	93	102	
348	48	49	50	53	54	56	58	82	84	85	87	88	91	101	
349	9	83	83	87	
350	5	6	9	9	10	11	13	13	14	15	
351	1	6	8	10	11	12	14	14	15	16	17	18	19	21	24	
352	17	18	20	21	22	23	25	34	56	57	59	61	
353	31	48	51	51	52	54	55	57	58	63	86	88	91	
354	49	50	53	53	54	80	82	83	85	86	88	89	92	95	101	
355	80	82	84	88	
356	7	9	10	10	12	14	14	15	80	
357	3	7	11	12	13	13	14	14	15	16	16	17	18	18	19	20	20	22	24	71	79	
358	17	18	20	21	22	23	25	
360	58	
361	52	54	55	56	57	58	59	60	62	
362	47	50	51	52	53	53	54	55	55	59	86	88	90	92	
363	49	50	54	88	91	
364	7	8	9	10	13	14	
365	7	9	10	11	12	12	13	14	15	15	16	16	18	19	20	24	76	81	
366	17	17	18	19	20	21	22	22	23	
379	57	60	
380	34	52	53	54	55	56	56	57	58	59	60	62	
381	47	49	50	51	51	52	53	54	55	59	85	87	89	91	
382	49	50	53	80	82	84	85	87	89	
383	15	
384	3	6	8	9	10	10	11	13	14	15	
385	7	12	13	14	15	15	16	16	17	18	18	19	20	23	25	57	58	62	
386	17	18	21	22	35	52	57	59	61	
387	50	51	52	53	53	54	55	59	82	86	88	91	
388	49	52	58	81	83	84	85	87	91	
389	6	10	84	88	
390	4	6	8	9	10	11	12	14	14	15	16	18	20	71	
391	5	11	12	13	14	15	16	17	17	18	19	19	20	21	22	23	24	
392	18	21	22	23	24	
394	57	58	60	
395	50	51	52	53	55	55	56	57	59	
396	33	47	49	50	51	52	54	55	57	64	84	86	87	90	96	100	
397	49	52	53	82	84	87	91	96	
398	4	9	10	11	14	15	
399	5	6	7	10	11	12	12	13	13	14	14	15	16	17	18	18	19	24	26	70	
400	16	17	18	19	20	21	21	22	25	
401	23	
413	56	57	58	60	
414	51	52	53	54	55	56	57	58	59	60	64	
415	33	48	50	51	52	53	54	55	56	63	82	83	85	87	88	89	92	96	
416	49	52	54	82	84	87	91	102	
417	8	14	
418	4	6	8	9	10	11	13	15	16	
419	7	11	12	13	16	16	17	18	19	19	21	24	57	60	71	80	
420	18	22	23	53	54	55	56	57	58	60	87	91	96	
421	49	50	51	52	53	54	55	62	67	80	83	83	85	87	89	93	95	100	103	
422	9	81	83	85	102	
423	9	10	13	14	84	
424	4	6	8	10	11	12	12	13	14	14	15	15	16	17	18	19	24	
425	12	15	16	17	18	19	20	21	21	22	25	74	
426	22	23	
428	55	56	57	59	61	
429	32	51	52	52	53	54	55	56	58	61	63	
430	48	49	50	51	53	54	55	82	84	86	87	89	
431	48	54	82	84	85	
432	5	8	10	12	14	
433	3	6	7	11	11	12	13	14	15	15	16	18	19	24	
434	16	17	17	18	19	20	21	22	24	
435	22	
446	57	
447	52	55	56	57	57	58	60	62	
448	32	49	51	52	52	53	53	54	55	56	58	59	61	87	91	
449	49	50	52	54	61	82	84	86	87	91	
450	55	80	82	83	85	103	
451	8	11	13	
452	4	6	10	11	12	13	14	15	16	17	18	19	20	23	57	69	72	
453	17	18	20	21	22	24	25	26	35	37	48	56	57	59	62	72	80	
454	49	51	52	53	55	56	59	83	87	88	90	95	
455	49	51	53	56	79	82	83	84	86	88	88	91	
456	80	89	94	
457	7	8	9	10	13	14	16	
458	1	6	7	10	11	12	13	14	15	15	16	17	18	19	20	22	24	75	
459	13	16	17	19	21	22	23	24	
460	18	23	
461	57	60	
462	48	52	54	55	57	58	58	60	62	
463	47	49	51	51	52	53	54	55	56	60	86	88	89	90	94	99	
464	49	50	52	53	84	86	88	90	95	101	
465	9	50	80	
466	4	9	11	13	19	23	
467	4	6	9	10	11	12	12	14	14	15	15	16	17	18	18	19	20	23	26	68	70	75	
468	13	16	17	18	18	19	20	21	22	24	
480	56	57	58	60	
481	35	47	51	53	55	57	59	62	
482	48	48	50	51	52	54	55	57	59	83	86	87	89	91	94	101	
483	50	53	82	84	85	87	90	96	101	
484	11	
485	7	9	10	11	12	13	14	18	18	71	
486	8	12	15	15	16	17	17	19	20	21	22	24	28	57	58	62	71	
487	22	23	24	51	52	53	55	57	59	
488	50	51	52	54	82	85	87	88	90	97	
489	49	81	83	85	
490	13	85	89	
491	3	7	8	9	11	13	
492	6	9	10	11	12	14	15	17	18	23	88	91	96	
493	12	13	15	16	17	18	20	22	81	87	89	91	92	94	97	
494	17	22	
495	33	56	57	58	59	61	
496	50	51	52	52	54	55	55	56	57	59	62	
497	49	51	52	53	53	54	58	82	83	85	87	89	93	102	
498	49	55	81	82	83	85	87	95	
499	10	14	16	43	67	
500	8	9	10	11	12	13	14	15	16	17	18	19	20	46	70	
501	3	4	7	10	11	12	15	15	16	17	18	19	19	20	21	22	23	24	27	72	
502	18	20	21	22	23	25	27	
503	23	
513	58	
514	35	52	53	56	57	58	59	61	
515	47	48	50	51	52	53	53	54	55	56	58	60	86	
516	47	48	50	51	52	53	54	82	83	84	85	86	89	90	96	101	
517	50	81	83	85	88	90	
518	6	9	10	14	19	85	
519	3	7	9	10	11	12	13	13	14	15	15	16	17	19	20	69	72	
520	15	17	18	20	21	22	23	23	24	34	56	57	58	60	
521	52	52	53	54	55	56	58	58	87	88	91	93	
522	50	52	55	82	84	86	88	89	96	
523	50	82	85	88	
524	39	
525	10	47	
526	4	7	8	10	11	12	14	17	82	87	92	94	
527	7	10	11	12	13	14	14	15	16	17	19	79	80	82	84	86	88	89	90	93	95	98	
528	16	18	21	83	87	90	92	95	
529	33	57	59	60	63	91	93	98	
530	51	52	53	54	55	58	58	60	87	88	90	92	97	
531	50	51	53	54	55	82	84	86	87	90	95	102	
532	9	16	42	82	84	
533	9	11	12	13	14	16	16	18	18	19	70	
534	5	6	8	10	11	12	13	14	15	15	16	17	18	18	19	20	21	24	28	70	72	
535	15	17	19	20	20	21	22	22	24	25	26	
536	23	28	
547	57	58	62	
548	34	53	54	55	56	57	57	58	59	61	
549	32	46	47	49	50	51	52	52	54	54	55	56	59	62	88	
550	45	46	48	49	50	54	66	80	82	84	87	88	
551	9	48	53	85	
552	9	10	12	14	15	16	
553	5	6	8	13	15	17	18	20	24	
554	21	23	54	57	58	62	91	92	97	
555	52	54	59	82	83	85	86	87	88	89	90	93	95	100	
556	53	81	82	84	86	90	93	
558	17	20	26	41	44	45	46	47	48	49	50	56	59	67	70	
559	44	46	46	47	48	49	
560	5	9	13	23	45	46	
561	6	8	9	10	11	12	14	46	79	80	84	87	89	91	
562	7	13	15	79	81	82	84	86	87	88	89	90	91	92	94	96	99	
563	35	58	82	85	86	87	88	88	89	90	91	93	95	97	
564	52	54	55	63	81	83	84	85	86	87	89	90	92	95	
565	81	82	83	83	85	86	88	89	92	95	
566	7	9	10	12	13	14	18	20	
567	5	7	11	12	13	13	14	15	16	17	17	19	19	20	21	24	26	69	71	
568	12	18	18	20	20	21	22	23	23	24	25	
569	1	21	22	
581	58	62	
582	53	55	56	56	57	58	58	59	60	61	
583	33	47	48	50	50	51	52	52	53	54	55	55	57	58	64	
584	45	46	46	47	48	48	49	49	50	51	53	84	
585	84	
586	5	8	9	10	13	14	
587	1	6	87	91	93	96	98	
588	82	85	86	87	88	89	91	93	96	102	
589	54	80	81	82	82	84	86	88	89	101	
590	9	19	43	46	81	82	85	88	
591	6	13	14	15	16	17	18	18	19	20	21	23	57	58	59	61	69	72	
592	18	20	21	21	24	26	45	50	51	52	55	56	56	57	58	59	59	61	71	76	
593	21	22	24	26	31	43	45	47	48	48	49	50	50	51	52	53	56	70	
594	44	45	46	46	47	48	49	49	50	52	72	
595	9	12	13	27	46	46	47	49	80	83	
596	80	81	83	84	85	88	89	91	96	99	
597	79	80	81	82	83	83	84	86	86	89	90	97	
598	80	81	82	83	85	86	87	88	90	98	
599	9	16	19	79	80	82	84	86	
600	7	9	11	11	12	13	14	15	15	16	17	17	18	19	20	23	69	71	
601	7	11	12	14	15	16	17	18	18	19	20	20	21	22	24	27	71	
602	2	21	22	23	24	76	
615	57	62	
616	52	53	55	56	56	57	57	59	59	61	
617	33	50	50	51	52	52	53	53	54	55	55	56	56	58	58	66	
618	29	43	44	45	45	46	47	48	48	49	49	49	50	50	51	53	54	56	63	
619	40	45	46	47	48	49	
620	4	10	42	46	
621	16	19	27	46	82	86	
622	44	47	68	78	79	80	81	82	83	84	85	89	101	
623	9	14	16	18	46	81	83	83	85	
624	6	8	10	11	12	14	15	15	16	16	17	18	19	20	44	47	70	72	
625	11	13	15	17	18	18	19	20	20	21	23	24	28	44	70	
626	19	20	21	22	22	24	34	52	55	56	57	57	58	59	60	61	62	63	75	
627	22	23	24	31	34	37	50	51	52	52	53	54	55	55	56	57	57	58	59	61	73	
628	25	44	45	47	48	49	50	50	51	52	53	53	56	56	57	58	60	70	
629	27	28	43	44	45	46	47	47	48	48	49	50	50	56	70	72	
630	5	42	45	46	46	47	49	50	80	82	
631	20	43	46	47	79	80	82	84	87	89	
632	9	18	40	46	49	67	68	80	81	83	84	88	102	
633	5	6	9	10	11	12	14	14	16	16	17	17	18	20	23	27	44	71	83	
634	5	7	10	11	12	13	14	15	16	16	17	18	18	19	20	20	21	22	23	24	25	70	72	
635	1	21	22	22	23	24	
650	57	61	62	
651	51	52	53	54	55	55	56	57	57	58	58	59	60	61	
652	29	32	48	48	49	50	51	51	53	54	55	56	56	57	57	59	
653	42	44	45	45	47	48	49	49	50	50	52	53	56	57	62	65	67	68	
654	19	24	42	44	45	46	47	48	49	50	50	57	61	72	
655	19	43	44	46	47	48	50	66	69	
656	10	13	18	19	20	21	45	46	49	67	69	80	84	
657	7	9	11	12	13	14	15	16	17	18	18	19	19	20	21	27	45	49	69	71	
658	12	15	16	17	19	20	20	21	22	23	24	25	
659	21	22	22	23	24	74	
660	22	24	63	
661	53	55	57	59	60	62	
662	25	51	52	54	55	56	56	57	58	58	59	60	61	65	
663	24	26	32	45	47	49	50	51	51	52	53	54	55	56	57	59	62	64	69	74	
664	23	24	28	44	45	46	47	48	49	49	50	50	72	
665	9	19	25	26	43	43	45	46	47	48	49	50	69	71	
666	9	11	13	13	14	15	16	17	19	19	20	23	45	48	49	67	68	71	84	
667	7	11	12	14	15	16	17	18	18	19	20	21	24	26	28	43	69	71	
668	1	13	15	17	20	21	22	23	24	25	
669	1	22	23	25	
685	53	60	63	
686	30	51	52	54	55	56	57	58	59	61	74	
687	24	32	51	52	53	53	55	57	59	60	68	75	
688	21	23	24	26	33	45	49	50	52	55	60	63	67	73	
689	18	20	21	24	29	45	48	50	66	71	74	
690	7	11	13	14	15	16	19	20	21	23	24	29	44	49	70	76	
691	4	11	13	19	20	21	22	23	23	24	73	
692	5	21	22	23	24	25	73	
696	35	52	61	
697	35	52	53	53	54	55	57	58	60	61	64	
698	24	50	51	55	61	68	
699	11	19	24	27	45	50	66	72	
700	4	7	9	12	14	20	21	23	24	25	71	73	
701	20	21	22	23	23	24	74	
702	3	22	23	24	
720	62	100	
721	55	60	
722	53	55	
723	23	25	76	
724	24	73	
725	23	25	
734	23	25	
735	76	
859	38	
1165	31	
1176	39	
1184	62	
1200	20	
1201	48	68	
1202	5	
1204	2	57	
1208	11	
1211	47	48	59	66	
1212	46	
1213	46	
1214	47	54	
1216	57	
1233	30	
1235	10	20	
1236	49	
1240	81	
1242	18	
1243	17	21	25	
1244	16	17	19	20	27	35	42	45	46	48	57	67	
1245	19	21	27	45	47	50	52	54	57	58	66	72	
1246	21	26	31	42	44	46	47	48	51	56	59	
1247	46	47	48	50	54	71	
1248	46	49	
1258	84	
1263	57	
1275	26	
1276	10	18	22	
1277	10	12	13	15	16	17	18	19	21	26	72	
1278	16	17	18	19	20	21	22	57	58	61	75	
1279	17	19	20	21	23	26	32	41	45	48	51	52	55	56	57	59	61	70	
1280	21	23	29	43	44	45	47	49	50	51	51	54	56	57	58	60	62	71	74	
1281	42	44	46	47	48	48	49	50	52	53	57	59	70	
1282	26	44	46	47	48	49	50	54	71	
1283	44	47	49	
1284	46	52	61	
1287	70	
1294	41	
1299	42	
1302	54	
1304	51	
1309	21	
1310	7	8	10	12	15	16	
1311	6	9	10	12	13	13	14	15	16	18	20	
1312	16	17	18	20	21	22	23	25	73	
1313	17	21	22	24	53	58	59	62	63	74	
1314	25	31	52	53	54	55	57	58	59	61	
1315	24	45	50	51	52	53	54	55	56	57	59	60	71	
1316	27	31	44	45	47	47	49	50	51	52	54	56	59	71	
1317	44	45	46	47	48	49	50	51	54	
1318	49	
1320	57	
1327	41	
1335	46	
1338	55	
1339	55	
1341	47	67	
1342	94	
1344	7	9	12	14	
1345	7	9	10	12	13	13	14	18	
1346	11	13	15	16	19	22	24	87	88	90	91	92	95	97	
1347	16	17	20	92	97	
1348	62	
1349	52	53	54	55	56	57	58	60	61	
1350	33	47	48	51	51	52	53	53	54	55	56	57	58	58	59	61	65	
1351	44	45	46	46	47	49	49	50	51	54	55	56	
1352	48	50	
1353	61	
1366	40	
1368	16	
1369	17	19	29	42	47	52	56	58	66	
1370	22	45	46	47	48	50	56	58	
1371	42	45	46	47	48	52	71	
1372	27	
1374	11	
1375	46	51	
1376	44	46	48	49	56	
1377	47	
1378	9	
1379	5	8	10	12	13	15	89	94	
1380	7	9	10	11	14	15	18	80	81	86	87	89	91	95	
1381	10	12	15	81	83	86	87	88	89	89	90	91	93	96	
1382	13	13	16	17	90	91	92	96	98	
1383	16	17	18	57	58	61	63	
1384	51	52	53	54	54	55	56	57	58	59	60	
1385	46	47	48	49	50	51	52	53	53	54	59	62	
1386	48	49	
1389	59	
1395	41	
1401	13	14	21	
1402	8	11	14	16	18	18	19	21	52	58	70	
1403	16	17	18	19	20	21	24	27	35	41	43	56	57	58	59	61	72	75	
1404	17	21	22	23	44	47	48	49	51	52	54	56	58	59	69	73	
1405	44	46	47	49	50	51	53	56	
1406	48	
1407	48	
1408	16	19	
1409	16	17	19	21	27	41	47	52	57	58	63	68	70	
1410	20	23	44	46	47	48	48	50	51	56	59	
1411	44	46	47	49	50	
1412	49	
1413	8	14	84	
1414	5	8	15	80	83	90	
1415	8	10	11	14	15	79	80	81	81	83	84	85	86	89	92	96	
1416	7	10	11	12	14	15	16	18	20	80	81	82	83	84	86	87	88	89	90	92	94	97	
1417	15	16	17	18	20	33	57	57	58	61	82	88	95	
1418	18	33	51	52	53	55	56	57	58	60	62	
1419	46	47	48	49	50	51	52	53	54	56	57	58	
1420	49	50	52	53	60	
1424	5	12	
1434	20	
1435	10	12	14	16	20	
1436	7	10	11	13	15	16	17	18	20	24	72	
1437	16	17	17	19	19	20	21	22	23	56	57	58	59	61	62	
1438	21	22	23	25	33	35	51	52	53	53	54	55	56	57	59	61	74	
1439	46	47	48	49	50	51	52	54	54	56	60	
1440	42	48	50	
1441	8	13	14	16	
1442	12	14	16	17	18	19	21	71	
1443	16	17	18	19	20	22	23	25	53	56	57	58	58	60	63	73	75	
1444	22	25	33	45	48	48	50	51	52	54	56	57	58	60	72	74	
1445	45	46	47	48	48	49	50	50	51	53	58	63	
1446	45	48	49	58	
1447	5	
1448	72	84	91	
1449	5	8	11	14	78	80	86	90	
1450	6	9	10	11	11	12	13	14	15	79	80	81	83	85	89	
1451	12	13	15	16	17	18	18	19	20	34	58	60	62	80	81	86	93	
1452	17	18	20	22	23	37	53	55	55	56	57	58	59	60	
1453	33	46	47	48	50	50	51	52	54	55	57	62	
1454	46	49	50	53	
1463	9	52	
1468	12	
1469	7	9	11	13	15	17	18	20	
1470	6	8	10	11	12	14	14	15	16	17	17	18	19	20	22	24	26	70	
1471	17	17	19	20	21	22	23	25	35	57	58	59	61	62	
1472	22	48	51	52	53	54	54	55	56	57	59	
1473	33	46	47	49	49	50	51	54	63	
1474	48	51	
1475	8	10	12	14	24	
1476	11	12	13	13	15	15	16	17	18	18	19	20	24	69	72	
1477	17	20	21	22	23	25	34	56	57	58	60	61	63	
1478	22	23	25	48	52	53	54	55	56	57	59	60	
1479	47	48	49	50	51	52	53	54	57	61	
1480	50	54	
1481	28	
1482	13	98	
1483	8	14	16	18	84	
1484	3	4	6	9	10	10	12	14	15	16	19	24	81	84	99	
1485	7	12	13	15	16	17	18	18	19	20	21	24	35	62	72	79	94	
1486	18	20	21	22	51	52	52	53	55	55	56	58	58	59	60	62	
1487	46	47	49	50	50	51	52	54	56	
1488	46	48	50	51	
1489	55	63	
1499	23	
1502	8	10	13	
1503	6	9	10	11	12	13	14	15	16	18	19	49	
1504	6	8	11	12	14	15	16	17	17	18	19	20	22	24	71	75	
1505	17	18	20	21	22	24	28	33	56	57	58	59	60	61	
1506	51	52	52	54	55	55	56	57	58	64	
1507	47	49	49	50	51	52	53	54	63	87	
1508	9	44	48	50	53	
1509	7	8	10	11	12	13	14	15	16	17	19	70	
1510	5	11	12	14	15	16	17	18	18	19	20	21	24	27	71	
1511	20	21	22	24	33	56	57	57	60	61	
1512	48	51	52	54	55	55	56	58	58	59	60	63	63	
1513	48	49	50	52	53	54	55	88	92	
1514	50	54	57	
1517	9	12	13	17	
1518	7	9	10	11	12	14	15	16	18	18	19	25	
1519	3	13	15	16	17	17	19	20	21	22	23	23	27	35	62	70	
1520	21	22	52	53	54	55	55	56	56	57	58	59	60	61	
1521	46	47	48	49	50	50	51	52	53	53	54	55	56	58	64	87	
1522	39	46	49	51	
1532	18	
1536	9	10	14	16	
1537	7	9	10	11	12	12	13	14	15	16	17	18	19	71	
1538	12	15	16	17	17	18	19	20	21	22	24	
1539	18	20	21	22	34	57	57	60	61	63	
1540	51	52	52	53	53	54	55	56	57	58	59	60	61	
1541	47	49	49	50	53	54	86	
1542	10	14	48	
1543	5	8	10	11	12	14	15	16	17	18	19	21	23	25	
1544	12	15	16	17	18	20	21	22	24	58	
1545	21	22	52	53	56	57	58	59	61	
1546	33	47	50	51	52	53	53	54	55	60	
1547	46	48	50	52	54	56	59	85	87	91	
1548	43	
1550	8	14	
1551	9	10	11	13	14	17	18	
1552	4	7	9	11	12	14	15	15	16	17	18	19	20	22	25	71	
1553	16	17	17	20	21	22	23	24	25	26	35	57	58	63	
1554	52	52	54	55	56	56	57	58	58	59	61	
1555	33	45	46	47	49	50	51	51	52	53	54	55	59	86	
1556	49	50	53	55	58	63	
1557	50	
1558	31	
1569	10	19	
1570	5	6	9	11	13	14	19	
1571	5	6	7	9	11	12	13	13	14	15	16	17	18	19	19	20	21	25	71	
1572	15	16	17	18	19	20	21	22	23	24	28	74	
1573	22	35	56	56	57	60	61	62	
1574	38	51	52	52	53	53	54	55	56	58	60	
1575	8	32	49	50	51	54	84	88	
1576	8	10	11	14	15	18	69	
1577	5	6	9	11	13	15	16	17	19	20	25	70	74	
1578	17	18	20	21	22	23	23	25	57	58	62	75	
1579	52	53	55	56	57	58	59	61	
1580	46	47	48	50	51	52	53	53	54	55	57	59	85	86	89	97	
1581	47	49	50	54	82	83	85	89	100	
1582	90	
1584	6	10	15	
1585	4	8	9	10	11	12	14	15	16	17	19	23	
1586	3	7	11	12	13	15	15	16	17	18	18	19	20	21	24	27	70	
1587	20	21	22	23	58	61	73	
1588	52	52	53	55	56	57	58	59	60	62	64	
1589	48	49	49	50	51	52	53	54	56	58	60	87	
1590	47	49	50	54	
1602	28	
1603	8	10	
1604	6	9	10	11	12	13	14	15	16	17	19	
1605	6	8	11	12	14	15	16	17	18	18	19	20	21	23	25	26	71	
1606	2	18	21	22	24	57	58	
1607	34	52	56	58	60	
1608	13	49	50	52	53	54	86	87	88	90	91	97	
1609	9	13	83	85	87	92	95	
1610	4	9	11	13	15	16	17	18	18	19	73	
1611	11	13	15	17	19	20	21	22	23	25	27	
1612	18	21	22	24	60	62	
1613	51	52	52	53	55	55	56	57	57	58	59	60	61	
1614	45	46	47	48	49	50	50	51	52	54	56	59	61	65	84	87	103	
1615	45	46	47	48	49	50	55	57	61	81	84	
1616	45	46	49	
1617	8	8	57	
1618	9	11	14	16	
1619	5	7	9	10	12	13	13	14	15	16	17	18	19	21	25	27	72	
1620	2	15	15	16	17	18	19	20	21	23	23	71	75	
1621	21	22	34	57	57	61	
1622	35	51	52	53	55	56	57	58	59	60	64	
1623	16	49	50	51	52	53	54	57	59	64	88	90	93	97	
1624	46	46	46	47	48	51	55	93	
1627	18	
1637	6	9	12	14	15	16	
1638	9	10	11	13	13	14	15	16	16	17	19	20	22	24	27	71	
1639	12	15	16	17	18	19	19	20	21	22	23	27	
1640	21	22	38	56	57	60	63	
1641	32	51	52	52	54	55	59	88	92	
1642	24	48	50	54	82	83	84	86	87	88	88	90	95	
1643	6	9	10	12	14	15	80	81	84	87	89	
1644	5	7	10	11	12	14	15	16	17	19	19	21	52	
1645	17	18	20	21	22	23	25	27	
1646	57	62	
1647	35	52	53	55	56	56	57	58	58	59	61	
1648	47	50	50	52	53	54	55	56	57	58	60	84	
1649	22	43	46	47	47	48	49	49	50	51	53	57	73	
1650	13	47	48	49	53	
1651	14	47	
1652	7	9	10	12	14	16	18	23	26	71	
1653	5	7	10	11	12	13	13	14	15	16	16	17	18	19	20	24	26	70	
1654	17	17	21	22	23	23	24	58	
1655	56	57	60	
1656	33	50	52	53	53	54	55	57	59	61	64	88	91	93	97	
1657	49	52	54	61	83	84	85	86	87	89	92	97	
1658	88	
1670	8	11	15	16	
1671	10	11	12	14	15	17	18	20	26	
1672	5	8	10	11	12	13	13	14	15	16	16	17	19	19	20	22	23	24	
1673	17	18	21	22	23	25	37	56	57	58	62	
1674	48	52	53	54	55	56	59	
1675	46	47	49	50	52	53	54	55	60	86	88	89	92	
1676	8	23	31	44	48	80	82	84	85	89	95	
1677	8	10	11	12	13	14	15	16	18	19	70	80	83	
1678	11	12	15	16	17	18	19	20	21	23	24	70	74	
1679	21	22	
1681	57	58	61	62	
1682	34	51	51	52	52	53	54	55	56	57	58	58	59	60	
1683	29	45	47	48	49	49	50	51	52	53	54	56	57	58	61	64	74	
1684	30	42	44	45	46	47	48	48	49	50	51	52	53	56	
1685	9	14	19	45	47	49	68	72	
1686	9	11	12	13	14	15	16	18	19	21	27	44	49	72	
1687	8	11	12	15	16	16	17	19	20	21	23	23	27	70	75	
1688	20	21	22	25	34	57	59	63	
1689	52	54	57	59	87	91	93	
1690	51	51	53	55	57	60	83	84	85	86	87	88	89	90	91	95	
1691	54	80	81	83	84	85	87	89	95	
1692	88	
1703	57	
1704	8	10	17	27	
1705	5	7	8	9	10	11	11	12	13	14	15	15	17	19	22	
1706	6	12	15	16	16	17	18	19	19	20	21	22	23	25	71	
1707	18	21	22	57	57	59	60	
1708	48	51	52	52	53	54	55	56	57	58	60	63	
1709	40	44	47	49	50	52	53	81	83	83	85	102	
1710	9	11	14	19	43	44	47	48	51	68	79	83	
1711	5	7	9	11	12	13	14	15	17	19	20	21	68	72	
1712	20	21	22	23	23	25	26	
1713	23	
1714	88	91	92	96	
1715	63	92	
1716	34	55	57	59	61	63	
1717	28	51	51	52	53	54	55	56	57	58	60	62	
1718	29	44	48	49	50	51	53	59	67	
1719	8	11	19	23	41	43	45	46	47	49	50	72	
1720	5	6	9	11	13	14	15	16	18	20	21	24	27	45	68	73	
1721	13	20	21	22	23	23	25	27	34	56	57	61	74	
1722	22	51	53	53	54	55	56	59	63	
1723	50	51	53	54	55	59	83	85	87	88	88	89	91	97	101	
1724	62	80	80	81	82	84	85	86	88	89	96	98	
1725	53	79	81	86	89	
1726	85	
1736	25	
1737	53	
1738	9	11	13	14	19	
1739	5	6	8	10	11	12	14	14	15	17	18	20	
1740	12	13	16	16	17	18	19	20	21	23	25	
1741	17	21	22	23	61	
1742	52	55	58	60	63	
1743	50	54	
1744	10	15	20	25	49	70	77	
1745	13	15	20	22	24	25	57	
1746	22	
1747	87	90	91	93	93	96	
1748	7	9	12	13	82	86	87	89	90	91	94	96	
1749	11	15	82	83	86	87	88	88	89	90	91	94	96	97	100	
1750	16	17	19	92	98	
1751	53	61	
1752	53	55	74	
1753	14	25	
1754	21	23	23	25	56	57	
1755	24	33	52	56	57	58	59	63	
1756	50	51	52	53	54	55	58	59	63	87	90	91	93	94	97	
1757	50	53	81	82	83	84	85	86	88	89	91	94	
1758	54	80	82	84	88	92	
1759	84	
1772	8	11	13	20	
1773	3	6	9	10	10	11	12	13	14	15	20	25	
1774	12	16	17	19	21	88	91	92	96	97	
1775	16	18	20	22	23	93	
1778	24	
1779	53	56	59	62	92	
1780	33	53	54	55	60	87	87	88	89	90	91	92	94	96	97	
1781	54	82	84	85	86	87	88	88	89	91	96	
1782	9	14	79	80	81	82	83	84	85	87	88	90	91	94	98	
1783	7	9	11	12	14	15	16	78	79	80	80	81	82	84	85	86	88	89	91	93	
1784	11	13	14	15	16	81	82	84	86	87	87	89	90	90	92	93	95	97	
1785	17	87	88	90	91	92	94	96	
1786	16	92	
1787	36	
1788	57	58	61	
1789	51	52	54	57	58	87	88	89	91	92	96	
1790	53	53	55	81	82	83	85	86	87	88	88	90	92	95	101	
1791	63	79	81	82	84	86	91	
1792	84	102	
1802	69	
1806	10	14	25	
1807	4	6	9	10	11	14	
1808	6	8	9	10	11	12	14	15	15	80	81	84	85	87	90	95	
1809	13	18	20	81	86	87	88	90	91	92	93	95	96	98	
1810	88	92	93	97	
1811	91	92	93	
1812	87	91	92	96	
1813	52	55	59	87	87	89	90	91	92	94	96	98	
1814	55	58	82	84	85	85	86	86	87	89	90	93	98	100	
1815	79	80	81	82	83	84	86	96	
1816	4	79	81	83	87	90	96	
1817	4	7	10	18	79	81	85	
1818	6	9	12	79	80	81	82	84	85	86	87	88	90	95	
1819	6	8	9	10	11	13	14	15	16	80	81	82	83	84	85	85	86	87	89	90	91	94	97	98	
1820	12	13	15	17	83	87	89	90	91	93	94	96	98	99	
1821	87	90	91	93	96	98	
1822	54	55	57	61	87	91	92	93	94	96	98	
1823	54	55	82	85	86	86	87	89	90	92	95	97	100	
1824	54	79	80	82	83	84	85	86	89	101	
1825	80	84	101	
1826	83	
1840	14	
1841	90	
1842	7	10	12	15	79	81	83	87	89	97	
1843	8	10	11	13	14	15	78	80	81	82	83	83	84	85	86	87	89	90	91	94	97	
1844	78	81	82	85	86	86	87	88	89	90	92	95	97	99	
1845	82	83	85	86	87	88	88	89	90	91	95	97	99	
1846	81	82	83	84	85	86	87	88	88	89	90	91	92	94	96	100	
1847	82	83	84	85	85	86	87	88	89	90	91	92	94	
1848	79	80	81	82	83	84	85	88	89	93	
1849	80	82	83	85	88	95	
1850	83	
1852	9	80	82	85	89	
1853	4	6	9	11	13	78	79	80	81	85	89	
1854	7	15	79	80	81	83	84	86	87	88	90	91	96	
1855	81	82	83	84	85	86	87	87	88	89	90	92	95	
1856	80	81	82	82	85	86	87	88	89	91	92	95	
1857	46	79	80	81	82	83	84	85	87	88	
1858	79	81	86	89	
1859	49	85	
1862	74	
1869	74	
1876	11	81	
1877	10	14	79	80	83	86	
1878	78	79	80	81	84	85	86	90	96	
1879	79	80	81	82	83	83	84	86	87	89	90	92	93	
1880	79	80	81	82	84	85	86	88	91	98	100	
1881	78	79	80	83	84	85	92	
1882	81	84	
1887	83	102	
1888	79	80	81	84	89	95	
1889	78	79	80	81	82	84	85	87	89	92	98	
1890	79	80	82	84	86	89	93	101	
1891	79	80	82	82	84	94	
1910	17	91	103	
1912	80	83	84	89	
1913	79	81	85	
1914	78	79	82	83	87	
1915	81	88	
1921	87	
1922	88	92	
1923	79	86	
1924	79	83	86	
1926	83	89	
1928	4	
1943	103	
1945	98	
1947	84	96	
1950	95	
1954	44	
1955	101	
1957	85	
1958	104	
1959	84	
1966	67	
1984	86	
1992	89	
1996	43	
1999	17	
2007	26	34	
2009	36	
2013	69	
2017	43	
2030	25	
2034	98	
2042	90	
2063	73	
2071	2	
2072	78	
2077	36	
2083	52	
2088	95	
2113	13	
2117	85	
2122	8	
2139	98	
2155	8	
2157	90	
2166	103	
2185	14	
2257	10	
