48	1	
90	88	91	
91	88	91	93	97	
112	40	
122	56	
123	43	47	50	54	
124	46	48	
125	8	10	13	13	81	83	85	86	88	89	91	97	
126	17	19	87	91	92	96	
145	34	
146	33	
156	55	56	57	61	
157	50	51	53	55	
158	42	45	46	48	49	
159	8	10	13	80	82	86	
160	6	11	12	15	16	19	82	83	85	87	88	90	92	97	99	
161	16	17	19	22	92	
180	42	42	
181	44	
190	55	57	58	
191	48	51	52	53	54	55	56	57	59	62	
192	33	42	44	45	46	47	48	49	49	50	
193	5	9	10	44	45	
194	7	8	10	11	12	13	14	15	79	80	82	84	86	88	90	92	98	
195	17	19	21	85	87	88	90	92	96	
196	16	17	
220	92	
224	58	
225	52	53	54	55	56	57	58	60	62	
226	45	46	47	48	49	50	51	52	53	54	59	
227	4	43	43	44	45	46	46	48	49	
228	5	6	9	11	12	14	80	86	88	
229	8	11	12	13	14	14	15	18	82	83	85	89	91	95	99	
230	16	17	17	19	20	98	
231	17	
245	87	90	93	96	
246	87	89	91	92	97	
247	17	88	
252	86	87	88	90	91	93	98	
253	15	86	87	89	90	92	93	97	99	
254	18	88	91	92	97	
259	52	55	56	57	58	60	63	
260	47	50	50	51	52	53	55	56	59	
261	32	44	45	46	46	47	48	49	50	50	
262	4	7	9	10	13	43	
263	6	8	8	10	11	12	14	14	15	18	79	81	83	85	88	91	96	100	
264	12	13	15	16	17	19	20	22	86	90	95	
265	17	
276	56	
277	48	52	56	58	
278	46	51	91	
279	82	84	85	86	88	89	90	92	96	102	
280	7	9	11	13	80	81	82	84	85	86	88	88	89	90	92	94	97	
281	8	15	16	17	18	81	83	84	87	91	94	
282	17	
283	56	57	
284	47	52	56	
285	47	50	92	
286	82	84	85	87	88	89	90	93	97	
287	7	9	10	81	82	83	84	85	86	87	89	90	91	93	96	100	
288	11	12	14	15	16	17	18	20	81	83	84	85	88	90	97	
289	17	20	
293	53	56	57	58	
294	35	49	50	51	52	52	54	54	55	56	59	60	
295	42	44	45	46	47	48	48	49	49	50	
296	10	44	46	49	
297	1	4	6	8	9	10	11	12	13	14	15	15	80	84	89	
298	7	12	14	15	16	18	19	20	21	23	80	85	90	93	
299	16	17	18	19	21	
310	56	57	62	
311	33	48	51	52	53	55	56	57	59	
312	46	49	50	51	53	
313	8	48	80	81	83	83	85	87	89	96	
314	8	10	11	12	14	67	78	79	80	82	83	85	86	89	100	
315	11	12	13	14	14	15	16	16	17	18	19	21	80	82	
316	17	20	21	
317	53	56	58	
318	35	47	50	51	52	54	55	56	58	61	
319	47	48	49	50	53	86	88	88	91	98	
320	9	48	78	80	81	83	83	84	86	88	90	94	
321	6	9	10	11	12	14	15	79	80	81	84	85	90	99	
322	7	10	11	12	13	13	14	15	16	16	17	18	19	20	68	79	81	
323	16	17	17	18	19	20	21	
327	53	56	57	
328	48	51	51	52	53	54	55	55	56	56	58	58	59	62	
329	33	43	45	46	47	47	48	49	49	50	55	
330	4	44	48	
331	9	10	11	14	15	87	91	96	
332	6	8	11	12	13	14	15	15	16	17	19	21	81	84	89	91	94	
333	16	17	17	18	20	21	23	
344	56	57	61	
345	35	36	46	48	50	51	52	52	53	54	55	56	58	58	61	
346	44	45	46	47	48	49	50	50	52	53	87	
347	9	45	49	80	82	85	90	96	
348	5	6	9	10	11	13	14	15	80	84	
349	2	8	11	12	14	15	15	16	17	17	18	19	20	21	70	79	
350	18	20	21	22	23	56	57	
351	52	54	55	57	60	
352	34	47	50	51	52	52	53	54	55	56	59	87	92	93	
353	47	48	49	50	54	82	83	86	87	90	94	
354	78	81	83	85	87	91	95	
355	6	8	9	10	11	13	14	16	79	81	83	
356	7	11	12	13	14	15	16	17	18	19	19	20	25	26	70	
357	16	17	18	19	20	21	22	23	25	26	
361	56	57	
362	47	51	52	53	54	54	55	56	57	58	59	61	
363	32	44	45	46	47	48	48	49	50	50	52	53	54	56	
364	44	45	46	49	50	
365	5	8	9	10	11	14	67	
366	7	10	11	12	12	13	13	14	15	15	16	17	18	19	24	27	80	89	
367	1	16	17	17	18	19	20	21	21	22	23	26	
378	52	55	56	57	60	
379	47	48	50	50	51	52	53	53	54	55	56	57	59	
380	32	44	45	45	46	47	48	49	49	50	
381	43	90	
382	4	7	9	10	10	11	13	13	14	15	19	83	
383	6	11	12	13	14	14	15	15	16	17	17	19	19	21	24	26	69	
384	17	18	20	22	22	57	
385	51	52	53	53	54	55	56	59	
386	48	49	50	52	54	60	87	89	90	92	95	101	
387	48	51	80	81	83	83	85	87	89	90	93	100	
388	9	13	81	86	
389	7	9	10	11	12	14	15	17	19	
390	8	12	13	14	14	15	16	17	18	19	19	20	21	23	27	
391	16	17	18	20	21	22	
395	52	56	57	58	
396	35	48	51	52	53	53	54	55	56	56	57	60	
397	45	46	47	48	48	49	50	50	51	53	54	59	
398	38	44	49	91	
399	5	6	8	9	10	11	14	91	
400	5	7	10	11	12	12	13	13	14	15	15	16	17	18	19	23	70	81	84	91	
401	16	16	17	18	20	20	21	22	26	
404	66	66	
412	52	55	56	57	61	
413	47	50	51	51	52	52	53	54	54	55	56	58	60	62	
414	43	44	45	46	47	48	48	49	49	50	53	
415	9	44	84	
416	5	7	9	10	11	12	13	14	14	15	16	
417	1	8	12	12	15	15	16	16	17	18	18	19	20	21	23	27	57	71	
418	17	21	22	52	53	54	55	58	
419	48	50	51	52	54	55	86	87	88	91	93	98	
420	50	51	52	54	60	81	83	83	85	86	88	88	90	95	101	
421	49	80	82	84	88	89	
422	8	11	13	84	
423	5	6	9	10	11	13	14	15	15	16	23	100	
424	8	12	14	15	15	16	17	18	18	19	21	23	
425	16	17	20	22	24	
429	57	
430	34	50	50	51	52	52	54	55	56	58	59	
431	44	45	46	47	48	49	50	51	52	53	55	58	88	93	
432	44	45	48	83	84	89	
433	7	8	10	11	13	14	15	66	83	
434	4	7	11	12	12	14	15	15	16	17	18	19	20	23	28	
435	16	17	18	18	19	20	21	22	
436	23	
438	65	
446	53	56	57	58	61	
447	35	50	51	51	52	52	53	53	54	54	55	56	57	59	61	
448	45	46	46	47	48	48	49	49	50	
449	9	44	
450	3	5	6	7	9	10	11	12	13	13	14	15	16	18	24	
451	12	15	17	19	20	21	24	52	55	57	59	
452	22	34	50	51	52	53	53	54	55	59	88	92	95	
453	50	51	53	54	58	82	83	85	87	89	91	92	95	
454	50	78	80	82	84	85	87	90	94	100	
455	10	79	84	100	
456	8	16	69	
457	6	9	10	11	12	13	14	
458	2	6	8	11	12	13	14	15	16	17	18	19	20	22	24	80	
459	17	18	20	21	22	24	
463	53	55	56	57	60	
464	50	51	52	52	53	54	55	56	58	61	
465	47	49	50	51	52	53	54	59	83	85	87	90	93	
466	44	48	83	87	88	92	97	
467	9	10	15	16	67	
468	5	6	8	9	10	11	11	12	13	14	14	15	15	16	17	18	18	19	24	70	
469	13	16	17	18	19	20	21	22	22	25	
470	23	
480	56	56	57	60	
481	34	47	48	50	51	52	53	53	54	55	55	56	58	60	
482	43	43	45	46	47	48	49	50	54	
483	10	13	48	
484	6	8	9	10	11	12	14	15	16	18	24	92	
485	13	20	52	53	55	56	58	91	93	96	
486	51	52	54	55	56	83	86	87	88	90	91	92	95	
487	49	51	53	79	81	82	84	86	87	88	90	93	95	102	
488	42	46	50	79	81	83	86	90	
489	41	47	83	
490	29	38	46	72	
491	3	8	9	9	10	11	13	14	16	23	
492	8	11	12	13	14	15	15	16	18	19	21	24	69	81	88	92	97	
493	16	17	18	20	22	23	92	
496	57	
497	35	52	54	55	56	57	58	61	
498	50	51	52	53	54	55	60	87	89	91	93	96	
499	50	51	53	81	82	85	86	88	89	91	96	
500	8	82	85	91	
501	5	9	10	11	13	13	14	15	16	19	
502	4	8	11	12	14	15	15	16	17	17	18	19	19	20	21	24	
503	18	20	21	22	23	25	
504	23	
514	53	56	57	58	60	
515	33	48	50	51	52	52	53	53	54	55	56	57	59	
516	44	45	45	46	46	47	48	48	49	50	51	54	
517	43	45	
518	7	10	12	14	
519	53	80	82	85	87	88	89	91	93	97	
520	80	81	82	84	85	86	87	89	90	91	96	98	
521	16	62	79	81	82	83	85	88	91	
522	16	19	20	47	48	50	57	58	62	67	68	80	84	
523	17	18	18	19	19	20	23	39	43	43	44	45	46	47	47	48	49	56	60	70	72	
524	20	21	24	27	40	44	44	46	47	49	70	
525	5	8	9	10	14	44	
526	5	7	9	11	12	13	13	14	15	20	24	81	87	90	96	
527	12	16	18	20	22	80	83	87	89	91	92	96	
528	87	90	91	92	96	
529	88	90	92	98	
530	88	91	93	97	
531	51	52	54	55	60	82	85	87	88	89	90	92	93	96	
532	52	53	54	82	83	83	85	86	87	88	90	91	93	96	100	
533	53	81	82	83	84	85	87	89	96	101	
534	9	11	14	16	79	82	84	
535	5	6	8	9	10	11	12	13	13	14	14	15	16	18	19	66	68	
536	5	11	13	15	16	16	17	17	18	19	19	20	21	21	23	24	
537	21	22	23	
548	55	56	57	58	60	
549	35	36	48	50	51	52	52	53	54	55	55	56	57	59	60	62	
550	43	44	45	46	47	48	48	49	50	50	53	59	
551	44	45	47	
552	12	85	88	
553	40	47	48	66	79	80	82	83	85	89	
554	42	49	78	79	81	83	85	
555	6	9	11	14	16	17	18	19	20	69	79	
556	8	12	13	15	15	16	17	18	19	19	20	24	28	43	52	56	56	57	61	69	72	
557	17	20	21	21	22	23	24	25	26	42	45	46	47	48	48	50	50	51	52	53	54	56	57	58	60	73	
558	22	24	32	39	42	44	44	45	46	47	49	49	50	53	74	
559	5	9	43	46	47	48	
560	4	7	8	10	12	14	15	82	86	90	96	
561	11	13	14	22	80	81	82	84	85	86	88	89	90	92	95	98	
562	80	81	82	83	84	85	86	87	88	89	90	92	94	97	98	
563	81	82	84	85	86	87	87	89	90	91	92	93	96	
564	53	55	81	82	83	84	85	86	87	89	90	91	95	100	
565	54	78	79	81	81	82	84	85	86	87	88	90	92	95	98	
566	53	79	80	81	82	84	85	87	88	90	100	
567	10	16	67	79	81	83	85	89	
568	6	8	9	11	12	13	14	16	17	18	18	20	29	45	68	70	
569	7	10	11	12	14	14	15	16	17	18	19	19	20	20	21	24	71	
570	1	12	17	18	20	21	22	23	
571	18	19	19	21	23	
582	57	
583	37	48	51	51	52	53	54	55	55	56	56	57	59	60	61	
584	31	33	36	42	44	45	46	47	47	48	49	49	50	50	51	52	54	55	56	57	58	60	
585	29	37	42	43	43	44	45	46	46	47	48	48	49	49	50	57	
586	42	44	47	68	
587	10	16	20	40	43	66	69	79	
588	9	11	13	14	15	16	17	18	18	19	20	23	43	44	69	71	78	
589	7	10	11	12	14	15	15	16	17	18	18	19	19	20	21	24	68	71	
590	4	17	20	21	22	23	23	24	25	52	57	58	
591	22	24	50	51	52	53	54	54	55	56	57	58	60	61	
592	31	38	43	44	45	46	47	47	48	49	50	50	51	54	56	57	58	59	60	
593	32	41	43	44	44	45	46	47	48	48	49	49	50	56	58	72	
594	26	38	42	44	45	46	47	48	48	68	70	73	
595	7	20	26	38	44	46	47	57	73	79	80	84	88	100	
596	6	38	40	43	78	79	80	81	82	83	85	88	101	
597	78	78	79	80	81	82	83	83	84	85	89	99	
598	18	41	47	68	79	80	81	82	84	85	86	88	99	
599	16	17	18	20	33	41	45	47	53	78	79	79	81	82	83	85	88	101	
600	17	19	20	41	43	45	47	48	64	68	69	73	79	80	83	
601	7	10	12	13	15	17	18	19	20	20	26	28	43	44	72	
602	8	9	11	12	14	15	16	17	18	18	19	20	20	22	23	44	69	72	
603	4	15	17	19	20	21	21	22	23	24	25	
604	22	25	
605	22	
617	52	55	56	57	60	
618	50	51	51	52	52	53	54	55	56	59	61	
619	31	36	42	44	45	46	47	48	49	50	51	53	58	61	
620	42	43	44	45	45	47	48	49	63	64	66	69	75	
621	10	14	16	19	21	23	27	39	44	45	48	69	
622	3	8	11	13	13	15	18	19	20	21	22	23	44	69	
623	20	21	22	24	25	
624	22	23	24	
625	23	52	54	55	58	61	
626	48	50	51	52	54	55	57	60	62	
627	30	45	48	49	50	52	54	57	58	58	61	
628	23	42	43	44	45	46	47	48	49	50	51	52	54	57	58	59	61	
629	20	24	27	28	38	40	43	43	44	45	46	47	47	49	49	56	58	60	64	71	79	
630	18	20	22	42	43	44	45	46	47	48	48	49	54	57	60	64	66	69	72	80	
631	15	18	20	20	22	27	40	43	44	45	47	48	49	62	64	68	70	72	79	
632	11	13	15	16	19	19	20	21	22	23	41	43	44	45	46	48	49	50	61	70	73	79	84	
633	15	18	19	20	20	21	24	26	41	43	44	45	46	47	50	59	65	70	72	
634	12	15	16	18	19	20	21	22	23	24	25	26	44	45	50	63	70	
635	7	9	12	14	15	21	22	23	24	44	65	
636	5	20	21	22	23	23	24	25	27	
637	22	25	
652	51	55	61	
653	51	54	61	
654	23	45	49	
655	23	24	63	74	
656	23	25	
657	22	24	
660	53	55	63	
661	52	55	60	
662	45	52	55	59	63	63	74	
663	23	24	45	49	51	60	
664	24	44	49	51	59	62	
665	23	23	24	45	48	
666	21	22	23	25	65	
667	21	22	24	25	64	
668	24	
669	22	23	25	75	
670	23	
683	17	
700	25	
749	68	
988	1	
1157	92	
1184	83	
1204	53	
1213	46	
1230	43	
1231	91	
1232	74	
1237	25	
1239	26	
1240	31	
1241	8	
1244	35	
1246	18	19	38	57	61	
1247	44	47	48	
1255	72	
1267	36	
1268	43	
1269	52	
1271	10	18	
1272	53	
1278	11	
1279	12	15	27	58	
1280	15	23	26	51	56	60	
1281	16	18	24	27	28	41	44	45	46	47	49	51	53	58	
1282	44	71	
1283	48	
1295	39	
1297	58	
1299	104	
1307	48	
1313	9	12	14	
1314	7	11	12	14	15	17	54	56	58	59	
1315	16	16	18	20	22	23	32	42	45	48	49	50	52	53	55	56	
1316	43	44	45	46	46	49	50	
1317	43	48	55	
1318	48	
1336	40	40	40	
1341	54	
1344	77	
1347	9	14	
1348	7	9	10	11	14	15	16	18	20	25	53	62	
1349	13	17	19	20	35	50	50	51	52	54	56	57	59	61	92	
1350	17	18	21	23	42	44	45	46	47	48	48	49	50	51	59	
1351	43	45	46	49	
1354	57	
1355	56	
1364	39	
1366	30	43	
1367	46	50	
1368	43	46	
1371	63	
1374	46	
1375	39	44	
1377	49	
1381	9	14	
1382	4	6	9	10	14	17	20	
1383	7	11	12	15	16	19	21	34	52	53	54	56	57	60	63	79	81	87	89	
1384	17	18	19	20	23	41	45	48	49	50	51	52	54	55	56	57	58	
1385	42	43	44	45	46	48	48	49	51	
1389	101	
1400	16	
1401	16	17	21	31	41	46	60	71	
1402	21	40	44	46	47	48	69	
1403	43	49	
1405	16	31	
1406	13	17	
1407	18	
1408	16	18	18	19	41	46	48	58	60	68	70	
1409	21	28	39	43	45	46	48	50	
1410	22	43	46	60	71	
1415	14	
1416	7	9	11	14	
1417	7	10	11	12	13	13	14	15	16	18	20	23	56	57	58	61	80	88	97	98	
1418	13	16	17	17	20	21	50	51	52	54	55	56	58	59	
1419	22	33	43	44	45	46	47	47	49	49	50	52	53	56	
1420	43	45	47	48	50	59	
1421	13	47	50	
1424	5	
1431	18	
1433	13	
1434	12	14	18	20	62	
1435	16	17	18	19	20	24	26	36	48	52	55	56	57	58	61	68	
1436	18	20	21	22	24	26	43	45	46	47	49	50	51	55	58	69	
1437	43	45	47	48	57	
1440	23	
1441	8	10	12	15	16	18	19	28	61	67	
1442	16	17	18	18	19	20	21	24	43	44	47	52	55	56	59	61	73	
1443	18	20	21	22	42	44	45	46	47	48	49	50	53	54	58	69	
1444	41	43	45	47	48	50	58	
1446	55	
1448	18	
1449	10	
1450	9	11	13	20	
1451	5	6	8	9	10	10	11	12	13	14	15	57	80	83	
1452	15	16	17	17	18	19	20	22	25	35	52	54	55	56	58	60	68	
1453	18	21	22	45	46	47	48	49	50	50	51	53	53	55	57	58	
1454	43	45	46	48	49	51	
1456	52	
1457	14	85	
1460	70	
1467	9	13	18	
1468	7	10	11	12	14	15	16	19	23	58	
1469	12	13	16	17	18	19	19	20	21	23	27	36	52	52	55	56	57	59	61	68	
1470	21	22	23	27	44	45	46	46	47	49	49	50	51	53	54	62	
1471	44	45	47	48	49	63	
1474	9	15	67	
1475	7	9	10	12	13	13	14	15	16	17	19	21	
1476	15	16	17	18	19	20	21	22	23	24	26	33	51	52	54	55	56	56	57	59	60	70	
1477	22	23	25	36	43	45	46	47	47	49	50	51	51	52	53	54	55	57	58	74	
1478	18	44	45	46	48	48	49	50	55	
1484	9	16	
1485	4	7	9	10	11	12	13	14	15	16	20	98	
1486	13	15	15	16	17	18	18	19	20	21	24	27	35	51	51	52	52	53	54	55	56	57	60	62	69	81	
1487	17	22	45	47	48	49	50	51	52	54	56	57	58	
1488	41	43	45	46	47	49	50	51	53	53	
1489	46	
1500	10	
1501	9	12	14	19	
1502	7	9	10	11	12	13	14	14	15	16	18	20	57	
1503	12	13	15	16	17	17	19	19	21	22	23	51	52	52	54	55	56	57	58	60	
1504	18	21	22	43	46	47	47	49	50	52	53	54	58	74	
1505	45	46	48	49	62	
1506	49	
1507	8	
1508	4	9	11	12	14	15	16	18	21	27	
1509	5	8	10	10	12	13	13	14	15	16	17	18	19	20	23	25	57	68	
1510	17	18	19	20	21	22	23	52	53	55	56	57	59	60	
1511	22	33	46	47	49	50	50	51	52	54	55	58	59	
1512	16	44	46	48	49	51	54	
1513	44	50	54	
1517	17	26	
1518	10	
1519	4	8	9	10	11	13	13	14	15	16	18	20	22	27	28	
1520	13	15	15	16	17	17	18	19	20	22	24	35	36	52	54	55	56	56	57	60	62	70	
1521	17	21	22	46	47	48	50	50	51	52	53	53	54	55	56	57	58	60	
1522	43	44	45	46	48	49	50	53	
1523	48	
1526	15	
1530	95	
1534	16	
1535	9	11	14	
1536	5	6	7	10	10	11	12	13	13	14	14	15	17	18	21	57	
1537	16	16	17	18	19	19	20	21	23	51	52	53	54	55	56	58	59	60	
1538	21	22	32	46	47	49	49	50	51	53	55	56	
1539	44	46	48	50	88	93	
1540	28	49	66	
1541	7	8	10	14	17	
1542	3	6	10	11	11	12	14	15	16	17	18	19	20	21	69	
1543	5	8	13	15	16	17	18	18	19	20	20	22	24	25	57	69	
1544	21	22	23	25	36	47	51	52	53	54	55	56	58	60	62	
1545	33	46	47	48	49	50	50	51	53	53	54	55	56	58	
1546	44	47	48	50	82	
1547	44	46	49	54	
1552	6	9	15	
1553	5	7	9	10	11	13	14	15	19	24	
1554	2	8	12	13	16	17	18	19	20	21	22	24	52	56	56	57	60	62	70	
1555	22	23	34	47	50	51	52	52	53	54	55	57	58	59	61	
1556	43	44	45	46	47	48	49	50	52	53	55	
1557	50	
1558	15	52	
1561	11	87	
1566	10	67	
1568	31	
1569	9	10	14	
1570	4	6	8	9	10	12	12	13	14	15	15	16	19	57	
1571	16	16	17	18	18	19	20	21	23	25	33	52	53	54	55	55	56	57	59	60	71	
1572	23	33	44	46	48	49	50	51	52	54	55	59	93	96	
1573	44	50	54	83	84	
1574	9	68	
1575	9	11	13	13	14	15	16	20	
1576	8	11	12	13	15	16	17	18	18	19	20	21	22	24	26	70	
1577	19	20	21	22	23	24	26	56	57	
1578	22	51	52	52	53	54	55	56	57	58	59	60	
1579	42	45	47	47	48	49	50	51	52	53	54	
1580	45	46	47	48	50	51	
1581	55	
1582	41	74	
1583	40	57	
1586	6	8	10	14	19	
1587	5	6	9	10	11	12	13	14	14	15	16	18	21	23	26	70	
1588	12	12	15	16	17	18	19	19	20	24	35	52	53	56	57	61	68	
1589	17	21	22	36	43	47	48	50	50	51	51	52	53	54	55	56	59	60	
1590	44	45	46	49	49	50	52	57	
1591	49	
1593	56	
1595	102	
1602	10	
1603	9	10	13	13	
1604	7	10	10	11	12	13	14	15	16	18	57	58	
1605	16	16	17	18	19	20	21	22	36	48	51	52	54	55	56	60	
1606	23	33	36	44	45	46	47	48	49	50	52	53	54	58	63	87	
1607	9	43	45	46	49	
1608	9	12	13	15	16	18	72	
1609	5	7	9	11	12	13	14	15	16	17	19	19	20	21	25	68	
1610	12	14	15	17	18	19	21	22	23	24	28	70	
1611	21	22	23	58	
1612	51	52	53	54	54	55	56	57	59	61	
1613	42	45	46	47	48	49	49	50	50	52	54	55	56	58	60	
1614	44	45	47	49	50	58	
1615	45	
1619	14	
1620	9	11	13	15	17	18	20	24	
1621	6	8	10	11	12	13	14	15	16	17	18	19	23	69	
1622	15	16	17	19	20	21	22	25	52	56	57	58	59	62	71	
1623	22	23	46	47	50	51	51	52	53	54	55	56	60	
1624	44	45	46	48	49	51	53	53	87	91	97	
1625	49	56	
1637	7	9	15	
1638	5	6	8	10	11	12	13	13	14	14	15	16	18	21	25	57	58	
1639	16	17	17	19	19	20	21	50	51	52	52	54	55	57	59	61	
1640	18	21	23	30	37	41	44	45	46	47	47	49	49	50	52	54	60	
1641	43	43	44	46	49	
1642	8	8	11	13	14	18	20	28	46	69	
1643	11	12	14	15	17	19	20	21	23	25	70	
1644	21	21	22	24	
1645	93	
1646	34	52	53	55	56	56	57	59	60	92	
1647	37	41	46	47	48	49	50	50	51	52	54	54	56	61	
1648	32	43	44	45	46	47	49	50	54	
1649	43	47	48	
1651	27	46	
1652	13	16	48	
1653	8	14	17	24	28	42	44	69	
1654	5	8	10	12	14	15	16	18	18	19	21	23	67	72	
1655	6	10	12	13	15	16	17	18	19	20	21	25	27	57	71	
1656	15	17	20	21	22	23	24	25	52	52	55	56	57	59	62	
1657	47	49	49	50	51	52	53	54	57	59	
1658	45	48	50	82	84	86	87	88	91	93	97	
1659	48	
1661	63	
1669	37	
1670	11	13	
1671	9	14	20	67	
1672	4	6	8	10	10	11	12	13	13	14	15	16	18	23	26	
1673	13	15	16	17	17	19	20	21	22	23	25	51	52	55	60	62	71	
1674	22	32	50	51	59	
1675	9	43	45	49	64	75	
1676	11	13	15	19	22	24	56	72	
1677	21	23	24	25	
1678	90	91	
1679	83	86	86	87	88	88	89	90	91	95	97	
1680	16	18	52	53	56	57	59	62	82	83	86	87	88	89	90	92	94	97	100	
1681	16	47	49	50	51	51	53	53	54	55	56	57	58	60	62	
1682	31	36	41	43	44	44	45	46	47	47	48	49	49	51	56	60	
1683	31	34	42	44	45	46	47	48	51	57	61	67	
1684	41	44	46	48	49	66	
1685	17	19	22	40	43	46	47	58	63	72	
1686	11	13	16	19	20	23	26	41	44	47	71	
1687	9	11	15	16	17	18	20	21	44	46	68	
1688	9	11	13	14	15	17	19	20	21	22	24	25	26	43	69	
1689	13	18	20	21	22	22	24	26	57	58	60	
1690	21	22	22	25	51	52	53	55	56	59	
1691	31	45	48	49	51	52	54	88	89	91	93	98	
1692	48	55	81	83	83	85	87	89	97	
1693	88	
1704	5	26	75	
1705	9	15	18	
1706	6	8	9	10	11	12	13	13	14	15	16	19	
1707	12	15	15	16	17	18	18	19	20	22	23	87	93	97	
1708	17	20	22	
1709	46	56	74	
1710	25	
1711	51	55	88	91	92	97	
1712	81	82	83	85	86	87	88	88	89	90	91	93	93	95	98	102	
1713	8	11	13	15	77	80	81	82	83	84	84	86	87	89	93	93	
1714	7	11	12	13	14	18	78	80	81	83	84	85	87	88	90	93	95	99	
1715	16	18	35	51	52	53	53	54	55	57	60	82	86	87	89	89	90	92	96	
1716	17	47	49	50	51	53	54	58	58	61	64	
1717	23	35	44	45	45	47	48	49	50	57	61	
1718	19	44	45	47	48	49	51	57	60	72	74	
1719	19	21	23	24	43	43	44	46	47	50	63	65	66	68	73	
1720	11	14	17	19	20	22	23	27	44	72	
1721	12	15	20	21	22	24	25	26	65	69	73	
1722	21	22	24	57	
1723	24	53	57	92	
1724	50	51	52	52	53	54	55	58	61	88	90	91	92	
1725	51	54	82	83	84	86	86	88	89	90	92	95	97	
1726	24	24	24	53	82	85	90	96	
1727	83	89	99	
1729	58	
1739	8	12	
1740	5	7	9	10	11	12	13	14	97	
1741	2	6	8	11	12	14	15	16	19	22	23	82	84	86	88	89	90	91	96	
1742	17	87	90	91	93	97	
1743	45	53	56	88	92	
1744	52	54	55	56	87	88	91	92	96	98	
1745	53	54	82	83	85	86	87	88	89	90	91	95	97	101	
1746	77	79	80	81	82	84	85	87	89	90	93	97	99	
1747	10	78	80	86	
1748	7	9	10	11	13	14	15	19	79	81	84	86	90	
1749	7	11	12	13	14	15	20	23	80	81	83	84	86	87	89	90	92	95	98	
1750	17	55	87	88	90	91	93	95	98	
1751	73	90	91	
1752	25	55	93	
1753	23	24	25	93	
1754	24	92	
1755	24	75	88	91	92	97	
1756	53	57	87	90	91	93	94	97	
1757	52	54	55	56	87	87	90	91	92	94	97	
1758	52	53	55	82	83	84	85	86	87	88	89	90	91	93	94	97	98	
1759	79	81	82	83	84	85	87	90	94	
1760	82	85	88	
1763	18	
1765	99	99	99	100	
1774	8	10	12	14	90	
1775	7	9	11	12	13	15	79	80	82	84	86	90	94	98	
1776	81	82	84	86	87	88	89	90	91	93	96	100	
1777	53	53	54	82	83	85	85	86	87	88	89	89	90	92	93	95	97	99	
1778	77	80	81	82	83	84	85	86	87	89	90	93	94	97	
1779	80	80	81	82	84	85	86	90	94	
1780	78	79	81	83	83	
1781	8	80	83	
1782	4	9	14	84	90	
1783	7	9	11	14	15	79	80	81	84	86	89	99	
1784	9	11	14	81	81	82	83	84	85	86	88	89	90	92	96	
1785	9	11	14	78	81	82	83	85	86	87	89	90	91	93	93	97	100	
1786	86	86	87	88	89	90	90	92	94	96	
1787	83	86	87	89	90	91	92	94	96	
1788	86	87	89	90	91	92	94	95	97	
1789	82	83	85	86	87	89	90	91	92	94	97	102	
1790	55	78	81	82	83	84	86	87	88	88	90	92	95	97	99	
1791	53	80	80	81	82	83	83	84	85	86	88	89	91	94	101	
1792	80	82	84	85	86	91	
1793	78	80	82	85	
1795	90	
1808	14	98	
1809	80	85	89	97	101	
1810	78	79	80	81	82	84	86	89	
1811	78	80	80	81	82	84	85	87	89	95	99	
1812	78	79	80	82	84	85	89	
1813	78	80	83	83	85	92	
1814	98	
1816	14	24	
1817	79	83	
1818	11	15	78	79	81	82	83	84	86	100	
1819	79	80	81	83	84	85	86	89	98	
1820	80	81	82	84	85	87	89	95	98	
1821	78	79	80	81	81	82	83	84	86	88	88	89	92	95	99	
1822	77	78	81	82	83	84	85	87	88	90	92	94	
1823	77	79	80	81	82	84	85	87	88	91	
1824	79	80	81	83	84	85	87	90	
1825	78	79	80	81	84	87	89	97	98	
1826	79	80	83	85	89	
1828	85	
1831	44	
1844	80	87	93	
1845	79	81	83	84	
1846	79	89	
1847	93	
1852	79	86	94	
1853	79	82	
1854	78	81	83	87	89	
1855	79	80	82	84	
1856	79	80	84	88	
1857	78	80	85	
1858	79	
1859	78	84	
1860	45	85	
1873	15	
1878	88	95	
1879	91	
1880	85	
1882	99	
1890	90	
1894	95	
1895	93	
1903	68	
1907	34	
1928	54	
1932	100	
1933	20	
1941	68	
1944	99	
1952	97	
1963	23	
1976	56	
1987	103	
1988	95	
2007	60	
2008	67	68	
2022	13	
2035	15	
2046	69	
2049	86	
2062	41	
2066	74	
2081	12	
2095	20	
2135	22	
2136	53	
2146	12	
2149	15	
2155	96	
2181	13	
2185	10	
2211	22	
2219	12	
2226	7	
2255	9	
