50	73	
77	86	87	90	
78	82	86	87	88	89	90	92	95	
79	16	83	85	90	95	
109	57	58	
110	47	54	87	
111	81	82	84	86	87	88	90	94	
112	9	12	77	80	81	82	83	84	85	86	89	97	
113	13	16	16	18	69	79	80	89	98	
114	18	20	
118	83	
142	56	58	
143	34	51	54	55	57	
144	46	49	51	52	53	54	83	85	87	90	97	
145	78	81	82	83	85	86	88	91	93	
146	4	6	9	10	11	13	13	14	15	18	78	79	80	81	84	94	
147	8	11	12	13	14	15	16	17	19	20	26	79	
148	18	21	22	26	
158	91	
159	87	91	
160	87	92	
176	54	56	58	60	
177	46	48	49	51	51	52	53	54	55	
178	33	48	49	50	54	82	85	86	89	
179	9	10	67	80	81	83	85	
180	4	7	10	11	12	13	14	15	16	17	17	19	69	79	
181	12	13	15	16	17	18	18	19	20	21	22	25	26	
182	22	23	
192	82	85	87	89	91	
193	81	82	84	85	86	87	88	88	90	92	93	
194	81	83	85	87	89	90	92	
195	16	
209	57	
210	33	51	52	54	55	56	59	
211	46	47	49	50	51	52	53	55	59	87	90	
212	45	48	50	80	81	83	85	86	89	95	
213	6	9	10	11	13	14	15	16	68	79	83	
214	5	8	11	12	15	15	16	17	18	19	19	20	73	
215	17	18	20	21	22	23	24	
219	86	87	89	91	95	
220	87	90	92	
223	58	
224	52	54	56	
225	46	48	49	51	54	59	
226	81	82	84	86	88	89	
227	9	11	14	79	80	81	82	83	84	85	86	89	100	
228	7	12	14	15	16	80	81	82	84	86	88	89	91	96	99	
229	16	17	19	90	97	
243	53	56	57	58	
244	47	51	52	53	54	55	56	60	
245	33	44	46	47	48	49	50	51	54	82	
246	8	10	44	48	78	80	82	83	85	89	93	
247	3	6	9	10	11	12	13	13	14	15	16	16	19	69	80	
248	12	15	16	17	17	18	19	20	20	21	24	25	
249	21	22	23	
250	56	
251	56	
252	87	92	
253	81	83	84	85	86	88	89	90	96	
254	13	15	80	81	83	84	86	88	89	90	92	97	
255	16	92	
257	56	58	
258	34	51	52	53	54	55	56	56	57	59	60	
259	31	45	46	47	48	48	49	50	51	54	
260	43	45	46	47	49	78	81	
261	8	9	10	13	77	78	79	80	82	98	
262	5	6	8	9	10	11	12	14	14	15	18	20	78	78	79	81	84	93	
263	12	14	15	16	17	17	19	21	79	82	84	87	89	
264	17	18	21	
277	52	55	56	57	58	61	
278	33	42	47	48	50	50	51	52	52	53	54	55	56	59	
279	44	45	46	47	49	49	50	89	
280	8	9	10	13	67	81	84	
281	7	10	11	12	13	14	15	16	17	18	19	20	71	
282	15	17	18	18	19	20	21	22	24	25	
283	22	
284	56	57	
285	47	51	52	54	
286	45	47	49	84	86	88	91	
287	10	78	79	80	82	84	85	91	94	
288	8	8	10	12	14	15	19	78	78	80	81	83	84	97	
289	12	15	16	17	18	19	21	80	
290	23	
291	58	
292	35	51	52	53	54	55	56	57	58	60	63	
293	36	43	45	46	47	48	49	49	50	51	51	52	53	54	56	56	59	
294	32	44	45	46	47	48	49	49	
295	4	9	14	44	46	
296	7	9	10	11	12	14	15	18	89	98	
297	2	11	12	13	14	15	16	17	19	21	79	82	86	90	94	99	
298	16	17	18	19	20	22	
311	52	55	56	57	57	60	
312	35	47	50	50	51	52	52	53	54	55	56	58	59	
313	32	43	45	45	46	47	48	49	50	
314	6	8	10	11	12	13	44	83	
315	11	12	13	14	15	15	16	16	17	18	19	20	23	68	
316	17	20	21	21	22	23	25	
318	52	55	56	57	59	
319	34	47	50	51	51	52	53	54	55	56	59	61	
320	45	47	49	50	81	82	83	85	87	90	
321	4	9	10	13	67	79	81	83	85	88	
322	5	8	10	11	12	13	14	15	15	16	17	18	79	81	
323	16	17	17	18	19	20	21	22	25	
324	22	
326	52	55	56	58	62	
327	48	50	51	51	52	53	53	54	55	56	57	59	62	
328	33	39	44	45	46	46	47	49	49	50	51	
329	44	47	48	
330	5	7	9	10	11	13	14	25	83	88	
331	1	7	10	11	12	12	13	14	15	16	18	19	20	24	78	78	82	87	90	97	
332	16	17	18	19	20	21	24	
345	53	56	57	57	59	
346	42	47	48	50	51	51	52	52	53	54	55	59	
347	33	44	45	46	48	49	50	88	
348	8	9	10	12	14	14	
349	3	8	12	13	15	15	16	16	17	19	19	21	23	25	26	68	
350	18	19	21	21	22	25	
351	57	
352	52	53	55	56	57	58	62	
353	32	45	46	47	49	50	51	51	52	54	55	87	91	
354	33	48	50	79	81	82	83	85	87	88	95	102	
355	3	8	9	10	13	15	79	81	83	91	
356	5	6	10	11	12	13	14	15	15	16	16	17	18	19	20	70	73	
357	15	16	17	18	19	20	21	21	22	23	23	25	
360	53	57	
361	34	51	51	52	53	54	55	55	56	56	57	58	59	61	
362	42	45	46	47	47	48	49	50	50	51	52	52	53	54	58	60	
363	43	43	44	45	46	47	49	
364	4	7	8	9	10	11	13	14	
365	5	7	10	11	12	12	14	14	15	15	16	19	20	23	78	
366	17	17	18	19	20	20	21	22	25	
379	52	56	57	58	61	
380	33	47	48	50	50	51	52	53	54	55	59	61	
381	43	45	46	48	49	50	85	94	
382	5	8	9	10	11	13	15	
383	12	13	14	15	15	16	17	18	19	24	69	
384	16	17	20	22	23	
385	56	57	
386	35	48	50	51	52	53	54	55	56	57	59	61	
387	32	44	47	48	49	49	50	51	54	85	88	91	
388	44	50	80	82	84	87	91	93	
389	4	7	8	9	10	11	12	13	14	15	16	72	
390	4	6	11	12	13	14	15	16	16	17	18	18	19	20	21	24	69	
391	17	18	20	21	22	23	24	
395	33	52	52	54	55	56	57	58	59	
396	34	47	48	50	51	51	52	53	53	54	55	56	57	59	61	
397	42	44	45	46	46	47	48	49	50	51	
398	8	9	11	14	67	
399	3	4	7	11	12	12	13	14	14	15	15	16	17	18	19	20	23	70	
400	17	18	19	20	20	21	22	23	25	26	69	
413	52	56	57	60	
414	46	48	50	51	51	52	53	54	55	58	
415	32	44	45	47	49	50	82	85	89	
416	5	7	9	10	11	13	14	
417	8	11	12	13	14	15	15	16	16	17	18	19	24	72	
418	17	17	20	21	22	24	
419	53	55	56	57	58	
420	34	46	48	51	52	52	53	54	55	56	58	60	87	92	
421	45	46	48	49	50	50	54	81	83	85	86	88	90	
422	8	11	80	82	84	87	91	
423	5	6	9	10	11	12	13	14	15	19	
424	1	4	7	13	15	15	16	17	18	18	19	20	21	24	25	
425	17	20	21	22	25	
429	36	52	56	57	59	
430	34	48	50	51	51	52	53	53	54	55	56	58	61	
431	45	47	49	50	51	
432	9	10	13	15	43	
433	3	5	7	10	11	12	15	16	17	19	19	23	25	27	70	
434	16	17	18	20	21	22	23	26	
446	58	
447	52	53	54	55	56	57	57	60	
448	47	47	49	50	51	52	53	53	54	55	58	60	
449	32	45	46	48	49	85	89	
450	5	7	8	9	10	11	13	14	82	87	91	
451	12	12	14	15	16	17	19	20	23	70	
452	17	18	20	21	22	56	57	
453	52	55	56	57	58	59	
454	34	46	48	49	50	51	51	52	53	54	55	83	87	90	93	
455	48	50	80	81	83	85	86	88	90	95	
456	7	9	10	13	81	83	87	
457	3	7	9	10	11	12	14	15	15	17	24	
458	8	12	13	14	15	16	16	17	18	18	19	20	21	22	24	25	70	
459	21	22	
462	57	
463	52	53	56	57	61	
464	46	48	50	51	51	52	54	55	58	
465	33	45	46	49	50	53	83	86	89	
466	4	7	9	10	13	
467	5	7	10	11	12	13	14	15	16	16	17	18	19	20	
468	16	17	20	21	22	23	23	
480	57	
481	35	52	53	55	56	57	59	61	
482	39	45	46	47	48	49	50	50	51	52	54	55	59	
483	32	42	43	45	46	47	48	49	
484	4	7	9	10	10	11	13	14	
485	7	12	12	13	14	15	16	16	18	19	25	69	
486	16	17	18	21	22	23	52	56	57	59	
487	50	51	52	53	54	55	56	
488	33	48	50	51	52	54	81	82	84	85	87	88	90	93	
489	48	78	79	80	82	83	85	95	
490	9	11	13	15	73	79	82	83	
491	4	8	9	10	11	12	14	14	15	16	17	20	23	68	
492	7	11	13	14	16	17	18	18	19	20	21	22	23	25	69	
493	22	26	
496	57	
497	34	52	53	53	55	56	56	57	59	62	
498	46	47	48	49	50	51	52	54	55	58	
499	9	44	49	81	85	
500	3	6	10	11	12	13	14	18	81	84	
501	8	11	12	15	16	17	17	18	19	20	20	22	23	41	41	42	71	
502	20	21	22	24	
515	52	53	55	55	56	57	58	59	60	
516	42	45	47	47	48	50	50	51	52	52	53	54	55	59	62	
517	33	44	45	46	46	47	49	49	50	
518	5	7	9	10	11	13	14	44	
519	1	5	7	11	12	13	14	15	16	17	18	19	24	56	58	68	92	
520	17	20	21	22	36	51	52	55	56	58	86	88	91	
521	32	50	51	52	53	54	83	85	86	88	88	90	92	96	
522	42	46	49	51	55	58	79	81	82	83	85	86	89	
523	39	46	80	82	83	
524	4	9	11	14	68	73	74	
525	5	7	9	10	11	12	13	13	14	15	16	19	27	
526	12	14	15	16	17	17	18	19	20	22	23	25	29	92	
527	17	20	22	23	
530	57	
531	35	50	51	52	52	55	55	56	57	59	61	
532	32	41	45	46	47	50	50	51	52	53	54	
533	9	44	48	49	83	87	
534	3	6	7	10	11	12	13	13	14	14	15	16	
535	12	15	16	17	17	18	19	20	20	21	23	25	27	31	31	32	
536	21	22	25	
549	53	55	56	57	60	
550	35	36	47	50	51	51	52	53	54	55	58	59	61	
551	32	45	46	47	48	49	49	
552	5	6	9	10	13	
553	1	8	12	15	23	57	83	87	90	98	
554	18	22	53	54	55	59	81	82	85	86	87	88	89	90	92	93	97	
555	50	51	52	54	55	59	80	81	83	84	85	86	89	96	
556	16	41	43	47	49	57	59	79	80	84	
557	17	17	18	19	36	40	43	43	44	47	47	48	50	69	72	78	
558	10	20	44	46	47	49	71	
559	5	7	8	9	10	11	13	13	14	22	26	
560	1	7	10	12	13	14	15	15	16	18	19	22	24	71	80	88	89	92	98	
561	16	17	20	21	
564	56	58	
565	33	51	52	52	54	54	55	56	57	59	
566	41	46	47	49	50	50	51	53	87	90	
567	8	10	13	48	84	86	
568	3	7	10	11	12	12	13	14	15	16	18	70	
569	15	16	17	18	18	19	20	21	21	23	24	27	72	
570	22	24	
571	19	19	20	
583	52	56	57	
584	37	47	51	51	52	52	53	53	54	55	55	56	57	58	59	61	
585	33	37	42	44	45	46	47	47	48	49	49	50	50	51	
586	3	9	44	45	46	48	
587	5	7	13	15	78	
588	55	77	79	80	81	81	83	83	84	86	
589	16	18	78	79	80	81	84	
590	12	16	16	17	18	19	19	20	45	47	51	53	56	57	61	64	68	70	79	
591	21	22	24	27	37	44	45	47	48	49	50	51	52	54	56	58	60	64	71	
592	22	23	23	24	28	31	42	43	44	45	46	46	47	47	49	49	
593	2	5	6	8	9	10	13	14	44	46	48	
594	7	11	12	12	13	14	15	15	18	24	70	78	86	90	
595	16	17	19	20	22	78	83	87	89	91	94	
596	17	23	
598	56	58	
599	34	51	51	52	54	55	56	61	88	
600	49	49	50	53	82	85	87	89	92	
601	9	10	14	68	80	82	84	86	91	95	
602	5	6	8	10	11	12	13	15	15	16	16	17	19	72	
603	16	17	18	19	20	21	22	23	24	27	
604	23	
618	51	52	52	53	54	55	57	58	58	60	62	
619	32	36	42	45	47	48	49	50	51	52	54	55	56	57	59	60	62	
620	3	30	42	43	44	45	45	46	47	47	48	49	49	51	53	59	
621	8	13	19	26	39	42	43	45	46	47	48	49	68	72	
622	9	10	14	19	20	44	65	66	70	78	79	80	
623	6	10	12	13	14	15	16	17	19	19	21	26	45	70	72	79	
624	18	19	20	21	22	23	53	57	74	
625	21	22	23	23	24	27	33	50	51	52	52	54	55	55	56	57	58	58	60	61	
626	22	37	42	47	47	48	49	50	51	52	53	74	
627	4	9	44	45	46	46	47	48	
628	7	8	10	11	12	14	15	24	83	
629	11	12	15	16	21	77	79	81	82	84	86	87	88	90	92	96	
630	16	17	18	21	87	89	91	
631	57	91	
632	55	56	60	88	91	
633	50	51	52	54	55	82	86	87	88	89	90	96	
634	32	50	80	82	83	84	85	86	87	88	90	92	
635	6	9	11	12	13	14	16	19	79	81	
636	7	11	12	15	17	17	18	18	19	20	21	24	69	
637	17	21	22	23	24	
652	55	
653	51	53	53	55	57	61	
654	50	52	54	58	60	63	
655	24	43	45	49	63	
656	12	14	21	23	24	26	43	45	48	
657	21	22	22	23	26	
658	22	23	24	25	
659	52	53	55	56	57	58	61	
660	33	47	50	51	51	52	53	54	55	56	57	59	60	
661	31	39	44	46	47	48	48	49	49	50	
662	8	9	10	13	43	49	
663	7	9	10	11	12	13	14	15	23	71	78	80	82	84	87	90	
664	17	78	79	81	82	85	86	87	88	89	91	95	
665	82	85	86	87	88	89	90	91	92	96	
666	53	54	55	59	82	84	86	87	87	89	90	92	93	
667	33	52	54	78	80	82	83	83	84	85	86	87	89	90	92	93	
668	9	10	13	67	77	78	79	80	81	82	84	85	88	
669	6	7	9	10	11	12	13	14	15	16	16	17	18	19	71	80	
670	2	17	18	19	20	20	21	23	24	25	26	
671	21	22	25	
693	53	58	
694	34	51	51	52	53	54	55	55	56	57	59	60	
695	32	36	40	43	45	46	47	47	48	49	50	50	51	53	58	
696	4	10	29	41	44	45	46	46	49	
697	6	8	10	12	14	15	78	80	
698	12	78	79	80	81	83	83	85	86	89	
699	55	77	78	79	80	81	82	83	84	85	86	91	96	
700	33	53	55	78	78	79	80	81	82	83	84	85	86	89	91	94	101	
701	9	16	67	77	78	79	80	81	82	84	
702	9	10	10	12	13	14	16	17	18	68	72	77	80	
703	4	6	10	11	13	15	16	16	17	18	19	19	20	21	71	
704	18	20	21	22	23	24	
705	22	
728	52	52	55	56	57	62	
729	49	50	51	51	52	53	54	55	56	57	58	59	60	62	
730	32	42	44	45	47	47	48	48	49	50	51	52	56	56	57	59	
731	27	37	39	42	43	44	45	46	47	47	48	48	49	50	56	58	68	73	
732	2	21	27	42	43	46	46	47	71	79	
733	19	22	42	46	51	55	60	71	77	79	80	83	
734	18	19	44	47	67	71	78	79	80	
735	9	10	12	14	16	17	18	18	19	20	43	44	46	67	69	72	78	80	
736	5	6	10	12	13	13	14	15	17	18	19	19	20	21	22	26	71	
737	20	21	22	22	23	23	24	25	26	
738	22	22	24	
763	35	51	52	53	55	61	
764	50	51	53	54	56	58	59	61	65	
765	45	48	49	50	51	52	54	57	59	60	62	
766	22	24	26	33	38	44	45	47	48	49	49	50	51	53	60	
767	21	23	24	25	43	43	44	48	49	62	63	67	72	
768	7	11	12	14	15	18	18	19	21	22	23	28	45	72	
769	12	19	20	20	21	22	24	25	28	44	49	71	
770	20	22	22	23	23	24	25	28	74	
799	52	55	
800	50	
801	25	
802	21	24	25	26	
803	22	23	24	25	
1157	64	
1166	70	
1170	10	
1171	12	60	96	
1176	10	
1179	36	
1184	99	
1185	63	97	
1200	41	46	
1202	69	
1205	42	
1206	77	
1209	11	
1210	26	
1212	35	
1214	71	
1228	39	
1229	42	
1232	16	
1233	17	45	46	
1234	18	20	40	43	46	47	48	52	64	72	
1235	45	49	73	
1236	13	46	51	
1246	2	
1251	56	99	
1258	88	100	
1261	29	
1266	12	13	16	18	20	24	
1267	15	16	17	19	20	52	56	57	61	64	69	
1268	17	18	19	20	22	23	44	46	47	48	49	51	55	59	71	
1269	22	45	48	
1270	48	54	
1271	49	
1273	77	
1277	24	
1279	3	
1280	10	46	
1281	56	
1282	48	
1284	8	
1299	10	14	16	
1300	7	10	12	13	14	16	17	19	56	57	70	
1301	15	16	17	18	18	19	20	21	24	35	52	52	56	59	63	69	
1302	18	21	22	23	23	25	27	32	45	47	49	50	51	53	55	56	58	88	94	
1303	45	48	54	88	
1305	53	
1315	47	49	
1319	16	
1321	90	
1331	66	
1333	8	8	9	11	13	14	18	
1334	7	10	11	12	14	15	16	18	19	20	21	24	56	57	69	
1335	17	20	21	23	24	25	33	47	48	51	51	52	54	55	56	58	
1336	23	45	46	49	51	53	60	85	86	90	95	
1337	51	81	83	87	
1340	52	
1343	53	
1345	55	
1347	12	14	
1348	16	18	20	22	47	60	72	
1349	19	20	23	23	26	40	45	46	47	48	48	50	57	59	70	
1350	26	43	43	45	46	49	
1352	58	
1363	28	
1365	29	
1366	12	15	
1367	7	8	10	12	13	14	15	16	21	66	
1368	5	6	12	14	15	16	17	18	18	19	20	22	24	33	52	56	57	59	62	71	
1369	21	21	22	23	25	47	49	50	51	53	53	54	74	86	
1370	47	48	50	55	81	82	85	86	88	88	97	
1371	81	
1375	17	20	42	47	
1376	74	
1377	26	48	
1378	46	
1379	14	
1380	14	
1381	6	9	11	13	15	16	20	68	
1382	12	15	16	17	18	19	20	22	24	29	52	57	58	60	63	65	73	
1383	17	17	18	20	21	22	29	42	44	47	47	49	50	51	53	54	56	59	
1384	22	23	44	45	46	47	48	49	51	
1385	44	49	74	
1387	54	
1393	70	
1399	17	
1400	10	13	15	27	
1401	3	6	8	9	10	11	12	13	13	14	15	16	17	19	21	24	36	56	57	71	
1402	13	13	15	18	20	21	22	23	25	34	50	51	52	54	55	57	60	70	
1403	21	22	45	46	48	48	50	51	52	53	55	87	
1404	46	51	55	77	80	81	84	96	
1405	86	92	
1406	16	
1408	16	18	29	37	57	61	
1409	16	17	19	21	24	43	45	47	48	50	56	61	71	
1410	21	45	46	47	50	54	56	60	73	
1411	44	48	
1414	11	
1415	7	9	10	11	13	14	15	17	18	67	
1416	8	12	13	15	16	17	19	20	22	24	27	35	53	56	57	61	93	
1417	17	18	20	21	23	24	25	35	43	48	51	52	53	54	55	56	57	58	61	73	
1418	41	45	46	47	48	48	49	50	53	54	55	56	
1419	44	46	49	51	
1420	45	48	
1422	59	
1431	18	
1433	23	
1434	3	7	8	10	14	19	
1435	7	11	12	13	13	14	15	16	17	19	37	52	56	57	60	69	
1436	2	16	17	18	19	20	21	22	23	25	35	46	47	50	51	51	52	53	54	55	56	60	
1437	22	47	48	50	52	54	82	83	86	88	95	
1438	50	81	84	88	93	
1439	51	
1440	73	
1441	9	14	17	19	
1442	6	12	14	15	16	17	18	19	24	56	57	63	71	
1443	16	17	19	20	21	23	25	35	42	45	47	50	51	52	57	59	68	72	
1444	25	44	46	47	48	49	50	56	74	
1445	45	48	51	63	
1446	52	
1447	17	
1448	9	14	57	
1449	1	4	8	10	11	13	14	15	
1450	5	7	11	12	14	14	15	16	21	53	57	78	86	91	
1451	16	17	18	19	21	23	24	33	36	51	52	53	54	55	56	58	58	60	88	91	
1452	18	47	48	50	51	52	54	61	
1453	41	43	45	47	48	49	51	53	55	59	
1455	11	
1456	55	61	
1457	61	
1460	9	
1467	4	11	69	
1468	8	10	11	16	
1469	5	7	10	11	11	12	14	15	17	19	20	36	52	55	56	57	58	60	
1470	2	17	18	19	20	21	23	23	25	26	33	47	48	50	51	52	53	54	
1471	45	47	49	53	54	81	85	94	
1472	47	86	89	
1473	82	
1474	9	
1475	10	12	14	15	67	
1476	8	11	12	14	15	16	17	18	18	20	22	25	56	57	57	61	70	
1477	17	18	20	21	22	23	24	34	47	48	51	51	52	53	54	55	59	
1478	22	44	46	48	49	50	51	53	58	59	
1482	22	
1483	9	11	15	22	24	
1484	5	7	9	10	11	12	13	15	17	18	80	85	90	
1485	13	16	17	18	19	21	34	52	52	54	55	56	57	59	61	77	80	86	90	92	
1486	17	23	36	47	47	49	49	50	50	51	53	53	54	57	58	60	
1487	43	44	45	46	47	48	49	50	64	
1488	49	
1490	16	
1491	10	101	
1494	9	
1495	70	
1502	9	11	13	58	
1503	1	5	6	8	10	11	12	12	13	14	15	15	16	17	20	33	52	52	55	56	57	59	69	
1504	16	17	18	19	20	21	22	24	47	48	50	51	53	54	59	
1505	44	46	49	52	62	80	82	84	89	
1506	87	
1508	9	
1509	6	9	10	11	13	14	15	16	18	26	67	
1510	5	7	12	13	14	15	16	16	17	18	19	20	22	24	35	52	56	57	59	60	73	
1511	18	20	21	21	23	24	27	35	47	48	50	51	51	52	53	54	55	56	59	
1512	23	43	47	49	50	52	53	57	85	87	88	
1513	52	55	83	86	90	
1516	22	
1517	5	9	13	18	
1518	5	6	9	10	11	14	15	20	79	88	
1519	12	15	15	17	19	20	23	26	35	52	53	57	60	78	82	85	87	88	91	97	98	
1520	18	21	23	36	43	48	51	51	52	53	54	54	56	58	59	61	
1521	44	46	48	48	49	50	52	54	61	
1524	93	
1534	14	
1536	3	9	11	13	15	19	
1537	6	8	8	11	11	12	15	16	19	35	52	52	55	56	57	59	61	
1538	16	17	18	19	20	21	22	23	46	47	48	49	50	51	53	54	56	
1539	43	47	49	54	
1540	85	
1541	28	
1542	9	12	14	19	
1543	6	8	10	11	12	14	15	16	17	18	20	
1544	13	15	16	16	17	19	20	21	23	23	25	26	34	52	53	55	56	59	61	68	
1545	21	22	35	46	47	49	50	50	51	52	53	54	55	58	
1546	45	46	48	50	81	83	85	88	96	
1547	51	
1548	59	
1550	82	
1551	11	
1552	4	7	10	11	13	15	16	96	
1553	7	11	12	14	15	15	17	18	21	52	56	57	78	80	
1554	17	17	23	48	50	51	52	53	53	54	55	56	57	59	80	95	
1555	13	32	41	43	45	48	49	49	51	52	55	82	86	88	
1556	47	
1567	17	
1570	8	8	10	13	13	15	16	19	
1571	2	7	11	11	12	14	15	16	17	19	20	23	35	53	55	55	56	57	58	59	61	70	
1572	17	18	19	20	21	24	26	43	46	47	48	50	51	52	53	55	56	60	
1573	45	48	49	54	84	
1575	10	15	19	
1576	9	11	14	18	68	69	
1577	4	6	8	9	10	11	12	13	14	15	16	17	18	20	24	26	54	57	58	
1578	16	17	18	20	20	21	22	23	24	34	51	52	53	54	55	56	57	59	72	
1579	22	39	44	47	48	48	49	50	51	54	55	
1580	47	49	51	53	80	83	
1581	39	
1582	63	
1584	94	
1585	17	
1586	8	10	12	14	19	
1587	3	6	8	11	12	14	14	15	16	19	24	33	37	53	55	56	57	59	61	70	
1588	17	18	19	20	21	46	47	48	50	50	51	52	54	55	57	59	78	89	96	97	
1589	45	46	49	64	84	91	
1590	46	49	54	
1592	42	
1593	62	63	63	
1594	63	
1601	11	
1602	33	
1603	8	13	
1604	8	9	11	14	16	18	
1605	5	6	12	13	14	15	16	17	18	19	22	25	35	37	53	55	56	57	60	62	69	
1606	17	17	20	22	24	32	46	47	48	49	50	50	51	53	53	55	63	
1607	44	45	46	49	
1608	44	
1609	11	13	16	18	
1610	7	10	11	13	15	16	17	19	21	52	70	
1611	8	10	12	13	15	15	16	17	18	18	19	20	21	22	23	57	71	
1612	18	20	21	22	23	25	47	51	52	52	53	54	55	56	57	58	60	
1613	43	45	46	48	48	49	50	51	53	55	57	58	
1614	45	46	49	52	63	83	87	90	
1615	45	47	
1618	45	
1619	12	20	24	98	
1620	9	11	14	19	68	
1621	7	11	12	13	15	16	17	19	20	56	57	61	
1622	17	18	21	22	23	24	28	46	47	49	50	51	52	53	55	57	59	79	
1623	44	48	50	52	80	82	83	87	89	
1624	48	
1628	64	
1630	7	
1637	15	
1638	4	8	9	11	12	13	14	26	
1639	8	11	12	15	17	20	22	26	34	52	52	53	55	55	56	58	59	60	90	
1640	17	17	18	20	21	23	24	26	41	45	46	47	48	50	51	52	53	53	55	60	
1641	44	46	48	50	
1642	10	49	66	
1643	10	12	14	17	18	
1644	7	8	10	11	13	13	14	15	16	17	18	19	20	22	23	68	
1645	16	17	18	19	20	21	22	23	24	25	27	36	56	57	60	71	
1646	21	22	24	25	33	47	51	52	53	53	54	57	59	61	
1647	43	45	46	47	48	49	50	51	54	55	
1648	46	48	50	53	
1653	8	15	16	23	
1654	9	10	11	13	14	15	19	57	
1655	6	12	17	18	18	19	20	22	24	34	36	53	55	57	58	69	
1656	21	23	25	46	47	49	50	51	54	55	56	59	
1657	39	39	39	40	49	53	57	82	85	86	90	
1658	58	87	88	
1667	1	
1670	14	
1672	5	6	9	10	11	14	16	
1673	6	7	10	11	12	12	14	15	15	16	19	20	34	52	52	53	55	56	57	59	60	80	100	
1674	18	20	21	23	35	36	42	47	48	50	50	51	52	54	55	58	
1675	45	46	48	49	54	
1676	9	14	68	
1677	9	10	12	13	14	15	16	16	18	18	19	24	
1678	4	7	12	12	15	16	17	17	19	20	21	23	25	27	61	61	62	69	
1679	20	21	23	24	52	57	58	62	91	
1680	33	36	51	51	52	53	53	54	55	56	57	59	63	88	91	92	
1681	37	43	44	46	47	48	48	49	50	51	55	56	58	
1682	45	47	49	53	
1686	28	
1687	9	
1688	5	6	10	11	12	14	15	18	18	26	56	57	58	
1689	12	13	16	17	19	19	21	22	24	52	55	57	70	
1690	21	22	32	44	46	48	50	51	54	61	87	
1691	44	48	81	85	
1692	27	27	27	28	83	
1694	40	
1703	7	
1706	9	11	13	16	
1707	7	10	11	12	14	14	15	16	18	19	22	34	52	52	55	56	57	59	62	78	98	
1708	16	17	18	18	19	20	22	47	48	49	50	51	52	53	54	59	63	70	79	87	92	
1709	23	28	40	44	45	47	49	
1710	9	11	18	23	44	47	49	64	67	71	
1711	5	6	9	10	12	13	14	15	19	21	70	
1712	13	20	21	22	23	24	88	92	
1713	22	23	82	85	86	87	88	89	90	92	95	
1714	51	51	52	54	55	56	56	58	58	60	83	85	86	87	89	90	92	
1715	17	33	42	45	47	49	50	50	51	52	53	54	59	92	
1716	44	45	46	48	49	50	54	
1717	45	48	53	
1718	29	37	
1719	66	
1721	8	14	
1722	6	9	11	12	14	15	16	19	21	27	50	57	57	67	
1723	15	17	18	20	22	25	33	48	51	52	52	54	55	57	59	70	
1724	22	23	44	47	48	49	50	54	87	91	94	
1725	45	49	54	79	82	84	88	
1728	16	16	17	
1740	4	9	10	13	16	24	
1741	5	7	10	11	12	14	14	15	16	25	89	
1742	16	17	18	20	22	24	51	52	53	54	61	79	86	87	88	90	97	99	
1743	17	23	28	49	56	60	64	88	92	
1744	12	88	
1745	22	23	25	87	88	91	
1746	33	81	82	84	85	86	89	90	91	94	
1747	10	77	79	80	81	83	83	84	86	88	91	
1748	8	10	11	12	14	15	34	53	56	57	58	61	77	79	80	81	82	84	85	87	89	93	97	98	
1749	16	17	20	35	43	50	51	52	53	53	54	55	57	59	78	82	85	87	88	90	92	97	
1750	41	44	45	46	47	49	50	51	53	59	63	
1751	32	45	46	49	63	
1752	48	
1753	14	
1755	5	8	11	13	18	21	67	
1756	6	11	12	13	14	15	16	17	18	19	20	26	53	56	57	58	
1757	17	20	21	22	25	26	46	47	48	51	52	53	53	54	56	61	
1758	23	33	45	46	49	54	83	85	86	89	93	
1759	45	51	54	65	
1761	64	
1762	15	
1764	53	
1767	73	
1772	80	
1774	5	11	
1775	5	7	9	11	12	14	17	22	91	98	
1776	7	10	12	13	14	15	20	77	80	82	83	85	87	89	92	93	
1777	13	81	83	85	85	86	87	89	90	91	94	98	
1778	51	53	54	55	56	59	82	85	86	87	88	88	89	91	96	
1779	82	85	86	87	89	92	93	
1780	78	79	80	81	82	83	85	88	98	
1781	78	80	81	91	
1782	5	7	9	11	12	14	15	58	78	79	82	82	83	89	
1783	17	34	37	51	52	55	56	57	59	62	77	79	80	82	83	85	86	88	90	
1784	16	16	18	18	22	35	43	45	47	47	50	51	53	56	59	
1785	36	38	44	46	47	48	48	49	53	57	63	
1786	27	44	47	
1787	42	73	
1788	13	15	16	19	
1789	7	10	11	14	15	16	17	19	27	67	69	
1790	8	12	13	16	17	18	20	21	23	24	35	53	56	59	61	72	
1791	22	23	27	47	49	50	51	52	54	56	59	
1792	49	54	82	83	85	87	89	
1793	49	58	82	85	91	
1808	5	
1809	12	91	
1810	3	7	11	14	79	81	87	92	
1811	78	79	79	80	81	82	84	85	91	
1812	77	78	79	80	80	81	83	84	85	86	91	
1813	80	81	82	83	84	86	
1814	39	79	81	84	
1815	78	83	88	
1816	5	10	12	14	79	89	96	97	98	
1817	6	8	10	11	12	14	14	15	18	19	24	52	53	57	61	79	81	84	90	
1818	13	16	16	17	18	19	20	26	36	51	52	54	55	56	57	58	60	81	87	89	92	
1819	32	42	44	45	46	47	48	48	49	50	51	54	57	60	63	
1820	42	44	45	46	47	49	72	
1821	9	14	19	43	45	46	47	48	64	71	
1822	8	11	14	17	18	18	19	21	45	46	64	69	73	
1823	10	12	14	16	17	18	19	20	22	24	45	56	58	69	
1824	1	17	21	22	23	25	28	33	50	51	52	54	55	56	73	
1825	22	49	50	52	53	54	82	85	86	87	89	92	95	
1826	48	80	81	83	84	87	91	
1831	17	47	
1837	68	
1844	3	
1845	79	81	84	
1846	79	80	84	98	
1847	78	80	85	89	93	
1850	5	9	14	86	98	
1851	3	7	9	10	11	12	13	14	15	
1852	11	12	15	17	20	23	51	52	53	54	61	77	79	81	85	86	88	88	90	91	96	
1853	16	18	19	22	31	50	51	58	60	86	87	88	90	91	92	
1854	29	45	49	50	59	63	
1855	15	20	23	25	44	50	63	
1856	11	14	20	21	23	24	26	56	58	65	70	
1857	5	21	22	23	24	26	34	52	53	55	57	60	74	88	91	93	
1858	22	23	25	50	51	52	53	55	56	86	87	88	89	90	91	96	
1859	52	54	80	81	82	84	85	86	88	89	
1860	53	78	81	86	
1862	30	
1866	67	
1873	33	
1876	100	
1881	84	
1884	28	
1885	4	7	8	10	13	14	86	96	
1886	6	9	10	11	12	14	15	21	79	81	83	86	91	
1887	13	22	80	82	84	85	86	87	89	93	94	
1888	82	85	86	86	88	88	89	91	95	
1889	73	82	86	87	89	90	91	97	
1890	24	86	87	88	90	92	
1891	52	53	54	55	57	59	82	84	85	86	86	88	90	97	
1892	51	53	78	81	82	83	83	84	85	87	89	95	
1893	78	79	80	81	83	84	96	
1894	81	95	
1895	44	
1905	68	
1909	29	
1914	91	
1919	11	
1920	12	14	79	87	100	
1921	10	15	78	79	80	82	83	84	87	88	
1922	7	10	12	14	77	78	79	79	80	83	83	84	85	87	90	95	
1923	34	55	72	77	80	81	82	83	84	85	86	88	90	94	
1924	55	78	80	81	82	85	86	88	89	95	
1925	77	78	80	81	81	82	83	84	85	88	94	
1926	76	77	79	80	81	82	84	
1927	16	80	89	
1935	88	
1937	67	
1939	26	
1944	22	
1946	68	
1954	85	
1955	10	80	94	
1956	79	
1957	78	78	79	80	83	84	89	95	
1958	77	78	79	80	81	83	85	90	
1959	78	80	83	86	89	
1960	78	89	
1963	58	
1965	81	
1983	8	
1989	86	
1991	90	
1992	79	86	
1993	79	92	
1994	85	95	
1995	59	
1997	88	
2008	53	
2016	84	
2022	13	
2023	96	
2032	75	
2042	1	
2048	40	
2051	17	
2057	23	
2062	14	
2085	60	
2095	1	
2113	42	
2115	12	
2116	55	
2129	1	
2150	6	
2161	22	
2169	23	
2178	1	
2182	12	
2194	6	
2223	9	
2225	11	
2228	11	
2257	10	
2260	11	
