81	55	
84	83	
182	20	
186	94	
193	86	87	90	93	95	
194	87	91	93	
225	88	90	
226	82	85	86	87	89	90	93	96	99	
227	13	81	82	84	85	86	87	88	89	91	95	98	
228	78	82	84	85	86	87	89	91	95	98	
229	16	17	19	92	
257	57	
258	36	47	50	52	54	
259	42	44	46	49	52	82	
260	39	46	48	78	79	81	84	85	
261	9	12	13	77	78	79	81	82	83	84	
262	7	10	11	11	14	14	15	20	76	77	79	81	83	83	85	86	88	94	
263	16	17	17	18	19	83	86	91	
264	18	
278	87	90	93	
279	85	86	87	89	91	96	
280	17	
291	51	53	55	56	58	
292	47	49	50	51	53	54	55	56	57	60	
293	32	35	44	45	47	48	48	49	50	51	55	56	57	59	61	
294	41	43	43	45	45	46	47	48	49	50	70	
295	5	21	40	44	44	46	47	49	69	78	
296	5	6	7	9	11	12	13	14	15	23	69	78	
297	12	15	16	20	81	86	87	88	91	97	
298	16	17	18	19	22	
309	57	
310	52	
311	46	49	
312	77	82	84	85	86	88	90	92	97	
313	8	10	12	15	18	77	80	82	84	85	87	90	95	
314	16	17	19	
320	90	93	97	
321	86	87	89	91	96	
327	45	50	52	54	55	56	58	61	
328	47	48	50	51	52	53	54	56	59	
329	25	43	45	46	47	49	49	
330	8	10	44	
331	2	9	11	12	13	14	15	18	77	79	82	84	86	87	89	95	
332	16	18	19	21	87	88	
333	18	
343	52	56	58	
344	47	51	52	53	60	
345	40	45	46	46	47	48	49	
346	8	79	81	83	85	87	88	
347	7	10	11	12	14	15	16	18	78	78	81	84	
348	16	17	18	18	19	20	21	
353	47	49	
354	85	86	89	91	96	
355	10	14	80	82	83	85	86	87	89	91	94	
356	16	17	19	86	
361	55	57	
362	51	52	52	53	54	55	56	58	60	
363	42	45	45	46	47	47	48	49	49	50	53	
364	9	44	45	48	
365	6	8	9	10	11	12	13	13	14	14	15	18	79	85	
366	16	17	17	18	19	20	21	25	
367	22	
377	52	57	58	
378	47	48	50	50	51	52	53	54	55	61	
379	40	42	45	46	46	47	48	49	
380	8	10	44	79	83	
381	4	7	10	11	12	13	14	15	15	16	19	88	
382	15	16	17	17	18	19	20	21	22	25	
385	56	58	
386	48	51	52	54	56	
387	46	47	48	49	50	
388	8	44	79	81	83	85	87	88	92	93	
389	5	7	10	11	12	13	13	14	16	18	77	79	81	83	83	85	86	89	95	99	
390	12	16	17	17	19	20	21	88	
391	18	
396	52	52	53	54	55	55	56	56	57	58	
397	46	47	47	48	49	49	50	50	51	53	54	59	
398	8	43	44	45	
399	7	9	10	11	12	13	14	14	15	15	16	83	
400	12	13	16	17	17	18	19	20	21	24	
401	17	22	
404	66	
411	52	55	57	
412	48	50	50	51	52	52	53	54	55	56	57	58	60	
413	39	42	45	46	47	47	48	49	50	53	
414	8	9	13	44	86	
415	4	6	7	10	11	12	12	14	14	15	
416	13	16	17	18	18	19	20	21	23	
419	56	57	
420	48	51	52	53	54	55	56	59	
421	47	48	49	49	50	54	87	88	90	93	94	
422	9	45	78	81	84	88	91	
423	5	6	8	8	10	11	12	12	13	14	15	79	92	
424	14	15	16	17	18	18	19	20	22	86	
425	23	
429	57	
430	51	51	52	53	55	56	60	
431	45	46	47	49	50	51	53	
432	9	31	45	48	90	
433	5	6	7	10	10	11	12	13	14	15	
434	15	16	17	17	18	19	20	21	22	23	26	
435	21	
438	65	65	
445	57	58	
446	50	50	51	51	52	53	54	55	56	59	
447	42	44	45	46	47	47	48	49	49	50	51	
448	9	13	43	45	46	48	
449	2	6	8	10	11	12	14	15	15	25	95	
450	3	13	15	16	17	19	21	83	86	87	88	88	90	93	94	98	
451	87	90	93	97	
452	87	91	
453	56	87	90	92	95	
454	51	51	52	53	54	55	58	62	83	86	88	88	90	92	97	
455	49	50	53	80	82	84	85	86	87	90	92	95	
456	9	11	82	84	86	88	90	96	
457	7	8	9	10	11	12	14	14	15	81	85	88	
458	3	13	15	16	17	19	21	22	23	78	82	86	88	89	92	95	
459	17	18	88	98	
463	57	
464	51	52	52	54	55	55	88	
465	50	51	53	55	58	83	85	87	88	90	91	93	
466	9	29	83	84	86	88	90	93	
467	4	7	9	10	11	12	13	14	14	15	16	18	
468	13	15	16	17	18	19	19	20	21	24	
469	22	49	49	50	
479	58	
480	51	52	53	53	54	55	55	56	57	59	
481	33	42	45	46	47	48	49	50	51	53	59	
482	9	40	43	43	44	45	46	46	48	68	
483	3	6	9	11	14	70	
484	7	12	13	15	77	81	82	84	85	86	89	95	
485	77	82	85	86	87	88	88	90	91	95	
486	82	83	85	86	87	88	88	90	91	94	97	
487	53	77	81	83	84	85	86	87	87	89	90	92	94	96	
488	52	54	55	78	80	81	83	84	85	86	87	89	90	91	95	
489	77	79	80	81	83	83	84	85	89	93	
490	10	29	41	80	81	84	
491	5	7	9	10	11	12	14	15	82	
492	7	9	11	12	14	15	18	19	21	77	81	83	84	85	89	92	95	
493	13	16	77	82	85	86	87	89	91	93	93	95	98	
494	17	86	87	88	88	89	91	93	94	98	
495	85	86	87	88	89	91	92	94	97	
496	83	86	87	90	92	94	96	
497	55	57	82	85	86	87	89	90	92	95	
498	38	51	52	54	55	82	83	85	87	88	89	91	93	93	96	
499	80	81	82	84	85	86	88	90	93	96	
500	6	9	11	14	16	68	77	79	80	82	84	
501	5	7	10	12	13	14	15	15	16	16	17	18	18	19	20	20	28	
502	20	21	22	23	24	26	
503	22	
514	52	53	54	55	57	59	
515	35	50	51	51	52	54	54	56	56	57	58	60	
516	42	44	45	46	47	47	48	49	50	51	54	67	
517	9	39	41	43	44	45	46	47	48	49	68	70	
518	11	28	40	43	46	78	80	83	85	
519	12	76	78	79	80	81	82	84	85	89	94	
520	38	76	77	79	81	82	84	85	86	89	93	
521	18	40	46	77	78	79	80	81	82	83	84	85	89	95	
522	19	36	39	55	57	61	66	76	78	79	80	81	84	85	86	89	95	99	
523	16	17	18	19	36	41	44	46	47	49	56	58	66	77	78	79	82	84	
524	9	15	17	17	18	19	20	27	30	41	44	45	46	46	47	48	48	64	67	69	71	78	
525	3	8	15	20	21	21	26	36	40	42	43	44	46	47	68	68	70	
526	8	11	15	23	28	43	46	70	79	
527	12	13	77	79	80	81	83	85	86	88	
528	7	76	77	79	80	81	82	83	84	85	86	86	89	95	
529	76	78	79	80	82	82	83	84	85	86	89	93	96	
530	76	77	79	80	82	84	85	86	87	88	90	93	95	
531	76	77	80	81	82	83	83	84	85	86	89	93	96	98	
532	46	77	78	79	80	81	83	84	85	86	89	
533	6	8	10	14	17	18	40	67	77	78	80	81	83	
534	6	10	11	13	13	14	15	16	17	18	19	20	70	79	
535	4	12	15	17	19	19	20	21	22	24	25	27	
536	22	
548	55	
549	51	53	55	59	
550	48	49	50	51	52	53	54	55	56	57	58	61	
551	33	33	44	45	47	47	49	49	50	53	56	57	61	67	
552	37	41	43	43	44	45	46	47	47	48	48	49	56	57	60	67	73	
553	1	19	23	27	41	43	44	45	46	47	52	56	57	59	66	68	72	
554	19	20	27	39	42	44	46	47	48	48	50	56	60	66	68	70	77	79	83	
555	13	18	19	20	21	30	39	42	43	44	46	48	49	62	68	70	76	80	83	
556	10	12	14	17	19	20	20	22	24	26	28	39	43	43	45	46	68	70	84	
557	6	10	12	15	18	18	19	20	21	23	52	57	63	63	68	68	70	
558	20	21	22	24	34	44	50	51	52	54	56	57	59	61	72	
559	21	22	23	24	44	45	47	48	49	50	51	53	56	57	58	62	
560	5	24	31	39	42	43	44	45	46	46	47	48	48	49	49	51	56	
561	36	41	43	44	44	46	46	47	49	56	68	68	71	79	
562	20	26	37	40	42	45	47	57	71	77	78	79	84	
563	19	35	38	41	46	58	68	70	77	79	80	82	83	
564	17	18	20	42	48	56	76	78	78	79	81	83	99	
565	16	19	20	40	42	45	46	62	66	69	76	77	78	79	80	
566	10	14	15	16	18	19	20	21	39	44	49	68	69	71	77	79	
567	7	10	11	12	14	15	15	17	18	19	20	20	21	26	43	67	70	78	
568	3	11	13	15	19	20	21	21	22	24	25	26	44	72	
569	22	23	
572	16	16	
575	95	96	96	
584	55	
585	35	51	52	53	54	55	58	61	
586	46	49	51	54	55	60	
587	24	42	43	45	48	50	54	59	63	73	
588	22	23	24	44	50	55	72	
589	15	20	22	24	25	28	45	49	59	65	71	
590	22	23	24	25	26	65	
591	22	24	25	
592	24	52	55	
593	51	53	54	55	58	59	62	64	
594	35	44	48	50	51	53	54	55	56	59	62	
595	25	29	44	45	46	47	49	50	51	53	54	57	59	71	
596	21	32	41	43	43	44	45	47	48	48	49	52	57	59	63	68	69	
597	19	21	23	25	26	29	42	44	45	47	56	61	63	70	
598	11	13	19	20	21	23	23	25	28	42	44	45	47	49	62	65	68	69	71	
599	10	14	18	20	21	22	24	44	46	71	
600	5	11	14	19	21	22	23	23	25	28	45	64	69	
601	21	22	24	
602	5	23	
606	15	
628	55	62	
629	51	55	62	
630	50	55	63	
631	23	24	
632	23	25	
633	23	25	29	
1171	42	
1175	49	
1189	89	
1197	20	
1203	57	
1205	35	
1208	98	
1219	53	
1225	78	
1230	40	
1232	20	48	
1234	40	
1238	88	
1252	68	
1266	28	
1269	29	
1271	41	
1274	86	
1279	8	
1283	98	
1310	35	
1319	7	
1323	68	
1328	16	
1338	22	
1345	12	
1346	38	
1348	21	
1349	33	41	43	46	46	48	69	
1350	45	46	49	68	
1353	101	
1369	82	
1380	15	20	33	
1381	14	17	19	42	45	
1382	16	18	19	20	24	32	34	40	45	57	60	69	
1383	17	18	20	22	25	40	43	43	45	46	47	48	48	50	51	53	59	67	69	
1384	22	41	44	46	48	49	73	
1385	45	
1386	78	
1397	38	
1400	40	
1403	51	
1410	28	57	
1414	8	11	14	19	
1415	11	12	13	15	17	19	22	23	
1416	15	16	17	19	21	23	52	55	56	57	60	88	
1417	20	22	23	25	48	51	52	53	53	55	57	59	88	91	
1418	40	44	45	46	47	48	49	55	
1419	43	46	49	54	
1420	50	
1433	16	21	29	56	
1434	16	22	42	45	46	48	72	
1435	21	45	46	68	
1447	10	
1448	9	12	15	
1449	10	12	15	18	56	
1450	8	11	13	14	41	53	58	77	86	87	90	95	
1451	51	52	53	54	55	56	60	82	86	87	88	89	91	94	98	
1452	16	17	41	43	47	48	51	52	53	55	59	
1453	43	44	47	49	51	55	72	
1465	82	
1466	13	
1467	18	35	57	
1468	16	17	18	19	20	23	41	43	47	50	52	55	56	60	66	70	
1469	22	41	44	46	47	48	50	
1470	47	
1472	26	
1475	16	
1476	17	19	39	48	57	
1477	44	46	48	52	
1481	77	
1483	8	91	
1484	9	15	78	79	81	83	85	97	
1485	6	10	11	14	15	16	52	53	55	57	76	78	78	80	81	83	84	86	90	
1486	16	17	18	19	20	47	49	50	51	52	54	59	77	82	85	88	94	
1487	18	43	44	44	45	46	47	48	49	51	65	
1488	44	49	53	
1491	69	
1493	85	
1500	9	14	20	
1501	6	10	12	13	14	15	19	23	46	56	57	67	
1502	16	17	17	19	20	21	24	43	46	47	48	50	51	52	53	54	59	
1503	21	23	44	46	49	52	
1505	52	
1506	68	
1507	15	17	
1509	12	16	19	57	
1510	16	17	18	19	23	38	43	47	52	56	60	66	71	
1511	21	23	24	44	46	47	48	50	71	
1512	45	48	52	
1513	53	
1514	69	
1517	27	
1518	9	15	
1519	6	9	11	12	13	14	16	20	26	53	57	84	
1520	12	15	16	17	18	19	20	24	48	51	52	53	53	54	55	57	59	61	80	
1521	17	18	22	43	45	46	46	47	49	49	50	54	
1522	45	46	54	58	
1534	10	15	
1535	7	9	10	11	12	14	14	15	18	52	53	55	56	57	
1536	13	16	17	18	19	20	22	24	37	43	47	47	49	50	51	51	54	55	56	59	
1537	21	23	45	47	48	49	52	54	
1542	17	
1543	7	10	11	13	14	16	18	19	25	57	
1544	15	16	16	17	19	20	22	25	27	47	48	51	52	53	54	56	59	61	
1545	20	22	23	25	45	46	47	48	49	51	54	
1546	44	46	50	
1551	21	
1552	8	95	
1553	9	10	11	13	14	19	53	57	57	
1554	1	7	12	13	16	17	19	21	22	24	51	51	52	54	55	56	57	60	
1555	22	42	44	45	46	48	49	49	50	52	53	
1556	47	
1557	6	34	
1560	54	68	68	
1561	68	72	
1568	11	14	83	
1569	4	8	10	11	12	13	13	14	15	19	23	53	55	56	56	58	
1570	13	15	16	17	19	20	21	25	43	48	49	50	50	51	54	55	56	
1571	23	44	45	46	47	48	49	49	51	53	
1572	42	43	
1573	48	54	
1575	25	
1576	9	12	16	25	38	
1577	6	9	11	12	14	15	16	17	25	56	56	57	67	69	
1578	8	13	15	16	17	18	19	19	20	22	24	48	50	51	52	53	54	57	59	
1579	22	43	44	45	46	47	48	49	49	51	53	
1580	46	49	51	
1581	4	
1585	18	27	
1586	6	12	39	
1587	5	6	9	10	11	13	14	17	19	57	58	
1588	8	11	12	13	15	16	17	18	19	20	24	48	50	50	51	52	53	54	55	56	59	
1589	17	17	21	22	44	45	46	47	48	49	50	58	
1590	43	49	
1593	62	62	63	
1594	9	64	91	
1602	8	12	13	
1603	5	6	10	11	12	13	14	15	16	19	53	55	58	
1604	13	15	16	17	18	19	21	24	35	48	50	51	52	53	54	55	56	60	88	92	
1605	22	38	42	45	46	46	47	49	50	51	55	56	58	67	
1606	28	40	40	44	46	51	54	
1607	40	43	47	49	73	
1608	19	24	37	42	48	59	
1609	19	29	69	
1610	9	12	16	17	19	22	24	39	43	69	
1611	6	9	10	11	13	14	15	16	18	19	20	21	24	53	56	58	69	
1612	13	15	17	18	19	20	22	23	25	47	51	52	53	54	54	55	56	57	60	69	
1613	22	41	44	46	47	48	49	50	52	54	56	58	63	
1614	13	32	42	43	44	47	50	73	
1615	40	46	72	
1616	50	
1617	25	
1618	36	39	
1619	18	46	67	
1620	11	19	39	67	
1621	8	8	10	11	13	14	15	16	17	18	20	24	56	57	
1622	13	15	17	17	20	21	22	24	47	51	52	53	55	56	58	69	
1623	23	45	48	48	49	50	91	93	94	
1624	45	46	46	47	47	54	88	
1636	10	15	
1637	8	9	11	13	14	16	
1638	6	12	15	17	20	23	51	52	55	56	57	59	80	85	87	90	96	
1639	16	17	20	30	33	45	49	50	51	54	57	58	61	90	93	
1640	40	43	44	44	46	47	49	50	52	54	61	66	
1641	25	38	43	44	47	49	60	71	
1642	16	19	21	25	27	29	37	39	43	45	48	49	59	69	
1643	12	15	17	19	21	25	26	42	45	64	68	
1644	10	12	14	17	19	20	21	22	24	45	65	69	
1645	11	13	15	18	20	21	22	24	25	68	
1646	22	22	23	24	35	51	52	54	56	58	60	93	
1647	23	34	45	48	49	50	51	52	53	55	57	59	92	
1648	36	41	43	44	45	46	46	47	49	50	54	57	62	
1649	41	44	46	47	48	48	55	58	67	69	
1650	21	25	37	38	43	43	47	55	58	66	71	
1651	18	20	23	27	30	37	41	45	46	48	49	54	57	68	70	
1652	18	20	24	42	44	47	67	72	
1653	12	14	18	20	24	40	46	70	
1654	7	9	11	13	14	15	17	19	20	22	26	45	67	70	
1655	6	12	19	20	21	23	23	24	53	56	58	73	
1656	22	25	47	49	50	52	54	55	57	
1657	50	54	82	84	85	86	88	90	93	96	
1658	81	85	95	
1668	21	
1669	25	
1670	12	
1671	5	8	12	
1672	6	9	10	11	12	13	15	19	80	83	84	86	89	96	
1673	11	12	15	20	51	55	77	80	81	82	84	85	86	87	88	90	91	94	
1674	16	17	19	53	55	59	83	87	90	92	97	
1675	17	24	45	50	53	58	65	
1676	22	24	29	45	64	70	
1677	11	15	21	22	24	45	65	73	
1678	22	24	91	93	
1679	23	25	87	88	90	92	
1680	54	55	83	86	87	88	89	91	93	94	95	
1681	51	52	53	54	55	58	62	81	82	83	85	85	86	87	89	90	91	92	93	95	98	
1682	50	52	55	58	61	86	87	89	91	96	
1683	17	24	45	49	50	55	56	61	
1684	21	24	43	44	45	47	48	50	54	57	59	62	68	
1685	19	21	23	24	27	44	45	49	52	53	62	69	
1686	15	21	22	23	25	27	43	44	45	49	58	67	69	72	
1687	10	15	22	23	25	27	44	65	72	
1688	12	15	20	22	24	57	71	
1689	23	23	25	51	52	54	57	88	92	
1690	50	54	83	85	85	86	88	88	90	91	94	97	
1691	53	77	78	80	81	84	85	87	88	
1692	80	85	91	
1706	7	10	15	79	
1707	7	8	10	12	13	15	77	78	79	82	84	85	87	91	94	99	
1708	6	11	12	14	17	78	81	83	84	85	87	89	90	94	
1709	78	83	86	87	87	90	91	93	95	97	
1710	83	86	87	89	90	91	95	97	
1711	82	83	85	86	86	87	88	89	90	92	94	95	97	
1712	54	82	83	85	86	87	87	88	89	90	91	93	95	
1713	77	81	82	84	85	86	87	89	90	94	98	
1714	76	77	80	81	83	84	85	86	88	90	100	
1715	10	13	76	76	77	78	79	80	81	84	85	88	95	
1716	7	10	12	14	15	76	77	80	81	84	85	86	89	94	98	
1717	16	85	86	88	90	92	93	95	97	
1718	17	25	55	86	87	87	91	93	97	
1719	23	87	88	92	
1720	24	87	88	90	92	
1721	87	88	90	91	93	96	
1722	52	53	55	86	87	88	89	90	92	95	98	
1723	52	54	82	86	87	89	90	93	96	
1724	77	79	80	81	82	84	85	87	89	96	
1725	79	83	84	92	94	100	
1730	59	
1732	89	
1737	42	
1740	12	
1741	11	15	79	
1742	11	77	79	81	84	94	99	
1743	11	76	77	79	80	81	84	85	86	89	91	94	
1744	76	77	78	79	80	81	82	84	85	86	89	92	93	99	
1745	76	77	79	80	81	83	84	85	86	89	95	
1746	76	76	77	78	79	80	81	83	84	86	88	90	94	
1747	76	78	78	79	81	83	84	94	
1748	76	78	80	84	86	89	
1749	5	9	79	84	
1750	11	15	78	81	83	87	89	94	98	
1751	7	9	12	14	76	77	78	80	81	84	85	86	96	
1752	78	80	81	82	84	85	85	87	89	91	94	
1753	77	78	82	83	84	85	85	86	87	89	91	93	95	
1754	82	85	86	87	88	89	91	94	97	
1755	76	78	80	82	84	84	85	86	89	93	95	
1756	75	76	78	80	81	82	84	85	87	88	90	95	
1757	76	77	78	79	80	83	83	84	86	88	91	96	
1758	40	78	80	85	97	
1759	79	
1764	6	
1769	18	
1776	85	88	
1777	78	83	
1778	76	79	82	84	
1779	78	79	81	85	
1780	78	80	83	
1781	81	88	94	
1782	85	93	99	
1784	14	39	80	
1785	78	81	84	90	93	
1786	79	81	83	86	99	
1787	76	77	79	80	82	84	86	92	98	
1788	77	78	79	81	83	84	86	91	
1789	76	78	79	80	82	83	85	89	
1790	77	79	80	84	97	
1791	78	81	93	
1792	81	83	98	
1798	5	5	5	
1799	59	
1804	21	
1811	4	79	83	
1813	21	81	85	
1815	88	
1819	79	
1820	78	85	
1821	79	
1822	79	83	
1840	95	
1841	100	
1842	48	
1844	25	51	
1850	88	
1856	97	
1858	89	
1864	39	89	
1865	91	
1876	101	
1890	94	
1914	17	
1919	69	
1925	7	
1943	24	
1956	89	
1959	78	
1960	25	
1966	89	
1972	75	
1976	55	
1977	102	
1989	2	
2002	23	
2008	22	
2009	28	
2012	79	
2027	100	
2031	53	
2045	31	
2057	35	
2066	41	
2078	12	
2079	38	
2087	87	
2096	92	
2102	2	
2111	13	
2126	87	
2141	5	
2158	39	
2159	88	
2163	28	
2181	101	
2206	4	
2215	10	
2247	11	
2250	12	
2251	14	
