48	62	
112	43	
122	87	90	98	
123	16	88	
124	17	
154	59	
155	48	95	
156	11	15	82	85	86	88	93	
157	17	82	84	96	
158	17	87	92	
181	24	
187	53	58	
188	45	47	50	52	
189	30	42	45	46	49	60	67	
190	10	14	
191	3	21	40	46	49	69	79	
192	6	11	
193	17	86	89	92	94	
194	16	92	
221	55	
222	54	
223	53	
224	52	55	56	58	
225	43	48	50	
226	10	45	70	
227	10	12	14	80	84	88	
228	17	83	86	88	89	90	95	
229	17	
253	4	
258	57	
259	51	52	53	55	56	59	
260	43	44	45	47	49	50	
261	9	44	48	
262	7	9	11	12	14	15	78	81	83	85	95	98	
263	15	16	18	19	83	87	93	
264	17	
274	96	
293	52	55	57	62	
294	48	50	51	53	54	59	
295	44	45	46	48	49	50	
296	6	10	11	14	44	
297	11	13	15	19	80	86	89	93	99	
298	17	21	
313	87	91	93	96	
314	86	87	89	92	94	
315	18	
327	58	
328	48	51	52	53	54	55	56	60	
329	42	46	46	49	50	
330	9	44	
331	7	10	11	13	14	15	18	29	80	83	88	90	99	
332	16	17	19	21	
344	56	
345	48	52	
346	46	49	
347	10	81	85	87	89	91	96	
348	6	11	12	15	16	18	81	84	86	89	98	
349	16	17	20	
362	52	54	55	57	60	
363	43	44	47	48	49	50	53	
364	9	44	46	49	
365	7	10	11	12	14	15	18	23	86	
366	13	16	17	18	19	20	88	
378	53	56	
379	46	48	49	50	52	55	
380	49	87	90	92	96	
381	9	10	13	80	82	83	85	87	88	96	
382	6	12	15	16	16	17	18	19	20	69	78	83	
383	18	20	21	25	
388	92	
389	88	91	93	
390	98	
396	53	54	55	57	58	59	
397	47	48	49	50	51	54	55	61	
398	49	
399	6	10	11	12	13	14	16	87	92	96	
400	12	16	17	18	19	20	24	27	85	
401	22	
412	51	52	55	56	57	58	
413	43	46	47	49	50	51	53	55	60	
414	9	45	46	85	90	
415	7	10	11	12	13	14	15	18	79	81	85	
416	15	16	17	19	20	21	25	
417	22	23	
420	56	60	
421	87	97	
422	86	88	88	90	91	96	101	
423	6	10	83	85	86	87	89	90	92	95	
424	17	87	90	92	95	
425	18	
430	51	52	55	57	59	
431	48	50	52	53	54	87	90	97	
432	8	87	88	89	90	92	94	96	
433	4	6	9	10	11	13	14	14	83	83	
434	15	16	16	17	18	19	20	21	27	
435	21	23	
446	50	51	52	53	54	57	58	61	
447	45	46	47	49	50	50	52	
448	8	43	48	83	91	
449	5	6	7	10	11	12	13	14	15	
450	16	17	18	19	20	22	24	
453	56	
454	37	50	52	56	88	90	92	
455	36	47	83	86	87	88	90	92	93	96	
456	9	77	81	82	83	84	86	89	94	99	
457	9	11	13	14	77	80	81	83	84	85	89	94	100	
458	7	12	14	15	16	20	80	82	83	85	87	88	88	90	95	99	
459	16	18	86	87	90	91	94	98	
460	88	93	
463	56	87	88	90	92	
464	37	52	53	54	55	57	86	87	90	92	94	96	
465	55	81	83	85	86	87	89	90	91	93	97	
466	9	18	41	67	78	81	82	83	85	86	89	96	
467	4	6	9	10	11	12	13	14	14	15	16	17	19	19	71	80	
468	12	17	18	19	20	21	22	24	46	46	47	
469	22	
479	57	
480	52	53	54	55	56	59	
481	43	46	47	48	49	50	51	54	
482	10	44	84	
483	6	8	10	11	12	14	14	15	
484	13	15	16	17	88	93	97	
485	92	
486	52	88	91	93	
487	51	87	92	96	
488	51	53	58	60	85	86	88	89	91	95	
489	16	39	43	47	52	54	56	57	78	80	82	83	84	85	89	
490	17	18	19	21	31	41	43	44	45	46	47	49	50	66	70	79	81	83	
491	8	11	15	20	29	40	44	46	48	67	69	72	78	80	85	
492	10	12	14	23	39	78	78	80	81	84	98	
493	10	12	77	80	82	83	85	86	89	90	93	96	
494	78	83	85	86	87	89	90	92	95	
495	86	87	90	91	94	97	
496	83	87	88	90	91	93	93	95	98	
497	37	78	81	82	84	86	87	88	89	90	92	94	96	99	
498	43	52	54	78	81	82	84	86	87	88	89	94	96	
499	14	16	17	18	41	47	68	78	79	80	81	83	84	85	
500	7	9	11	12	14	15	16	17	18	19	20	43	72	79	81	84	
501	4	10	12	13	14	15	16	17	19	20	21	22	24	25	26	69	
502	22	23	24	
513	56	
514	50	51	52	54	55	56	58	61	
515	39	43	46	47	49	49	50	51	53	
516	9	32	44	45	46	48	71	
517	7	8	10	11	14	15	80	85	91	
518	11	22	79	81	83	84	86	87	88	89	90	92	94	97	
519	82	86	87	88	88	89	91	92	94	96	99	
520	82	85	86	87	89	90	91	95	
521	78	81	82	84	85	86	87	88	89	91	94	97	
522	8	13	16	19	41	44	68	80	81	83	83	85	86	
523	15	16	17	19	20	21	27	53	58	71	80	
524	18	20	21	23	24	25	34	44	48	49	50	51	52	53	55	56	57	60	
525	22	25	41	43	44	45	47	48	49	49	51	56	60	
526	5	24	28	30	41	43	44	44	46	47	48	67	70	
527	9	39	42	46	48	70	78	80	83	85	
528	12	20	22	40	46	56	71	77	79	80	81	84	86	99	
529	18	40	46	48	52	57	66	79	80	81	83	85	89	93	
530	36	40	43	46	50	67	77	79	81	82	84	85	
531	13	19	26	41	47	77	79	80	81	83	85	99	
532	7	8	11	14	16	18	18	19	20	27	42	43	45	64	68	72	79	80	83	
533	9	11	12	14	17	18	20	21	22	28	68	73	79	
534	5	13	15	20	21	22	23	24	34	34	35	70	
535	4	21	23	24	
548	52	53	53	55	55	56	57	58	
549	34	37	46	47	48	49	50	51	52	54	55	56	57	59	61	
550	30	41	43	44	45	46	47	48	49	50	67	
551	13	28	40	43	44	46	56	67	72	79	
552	3	8	39	43	79	81	83	84	
553	19	40	47	68	77	79	80	82	83	84	85	99	
554	17	19	28	41	46	78	80	81	83	84	85	88	99	
555	9	12	13	16	17	18	19	21	29	41	43	69	78	79	81	83	
556	10	12	13	15	19	20	21	26	69	79	
557	18	20	21	22	24	
558	23	24	53	55	
559	35	52	54	55	56	60	65	
560	45	48	50	52	53	55	56	59	
561	25	32	33	37	43	44	47	49	50	54	57	59	63	65	
562	5	22	24	33	43	44	47	49	52	53	58	59	
563	19	22	25	33	42	44	45	47	49	51	54	62	66	69	78	83	
564	19	22	42	43	45	49	59	68	72	79	
565	10	15	19	21	22	24	44	49	65	71	78	
566	12	14	21	22	25	64	71	78	
567	22	24	25	
568	3	22	
571	18	
582	58	
583	51	52	54	55	56	58	60	
584	33	42	45	47	47	48	49	50	51	52	53	54	56	58	59	
585	40	43	44	45	46	47	48	49	50	51	62	66	
586	22	23	27	31	43	44	45	46	49	57	59	63	68	69	78	
587	12	15	20	21	24	34	45	47	71	79	
588	13	13	15	18	19	20	21	23	24	27	44	64	68	78	
589	14	20	21	23	23	24	44	64	
590	22	24	
594	55	
595	55	74	
596	53	55	73	
597	25	45	54	
598	25	
599	25	
600	25	
617	55	
618	55	
619	35	53	55	
620	44	63	
621	25	65	
622	22	24	
623	74	
682	22	
1178	22	
1196	9	
1204	1	
1205	34	36	65	
1216	42	
1219	99	
1223	70	
1229	63	
1230	70	
1233	57	
1242	13	
1246	49	60	
1269	45	
1270	65	
1277	16	
1278	18	20	26	42	43	48	
1279	41	46	
1280	47	
1283	55	
1295	22	
1300	41	
1308	18	
1310	13	18	24	
1311	8	16	19	24	28	58	
1312	21	51	53	
1313	38	50	55	74	
1314	43	52	
1315	46	
1318	68	
1338	18	
1343	13	16	
1344	10	
1345	21	
1346	55	88	90	97	
1347	52	60	
1348	17	36	45	46	50	59	
1349	43	43	46	48	63	
1350	4	46	50	
1351	12	
1380	10	81	94	
1381	11	82	87	89	
1382	13	16	57	59	
1383	16	17	21	42	47	50	53	60	
1384	42	43	46	47	48	56	70	
1385	55	
1405	71	75	
1414	81	88	
1415	12	13	81	
1416	7	11	14	16	58	
1417	17	19	53	53	55	58	62	97	
1418	17	41	46	48	49	57	
1419	44	47	50	
1421	69	
1435	42	
1437	55	
1446	75	
1448	21	
1449	10	
1450	8	11	80	84	
1451	6	11	12	15	52	54	55	56	57	60	81	87	89	95	
1452	16	18	20	41	47	51	53	
1453	42	43	45	47	49	52	53	
1454	70	
1463	38	
1467	16	
1468	43	
1469	16	18	20	42	47	60	
1470	21	44	48	50	68	
1471	45	
1478	56	
1480	17	
1483	10	
1484	16	
1485	7	11	13	14	15	16	53	
1486	15	16	17	19	20	50	51	54	59	
1487	44	45	46	48	48	50	55	
1488	43	46	51	
1489	67	
1492	61	
1500	98	
1501	10	
1502	11	13	15	17	19	57	
1503	18	19	21	24	44	47	50	52	55	62	
1504	22	44	45	46	49	
1506	57	
1508	70	
1511	46	
1517	43	
1518	7	10	
1519	4	10	11	14	20	85	90	
1520	13	16	17	20	52	53	54	55	56	59	62	82	86	89	93	
1521	18	23	43	45	46	47	49	50	51	55	
1522	49	65	
1523	38	
1534	24	27	
1535	10	13	15	
1536	8	11	12	14	15	16	18	20	52	55	57	61	
1537	17	20	21	22	24	46	48	49	51	52	54	55	56	
1538	23	52	88	90	94	
1543	17	19	25	40	
1544	26	42	48	50	66	
1545	26	41	58	
1546	48	
1548	54	
1550	64	
1552	10	14	18	
1553	5	9	11	14	20	23	57	
1554	12	16	17	19	21	24	33	51	52	55	56	57	59	
1555	22	42	44	45	46	47	48	49	50	52	53	
1556	45	49	
1561	66	
1565	56	
1568	15	
1569	7	9	11	12	14	57	
1570	4	12	13	15	16	17	18	19	22	24	51	52	55	56	59	
1571	21	22	46	49	50	52	
1572	48	83	85	93	
1573	82	
1575	14	38	46	
1576	22	
1577	11	17	19	43	57	
1578	16	17	19	20	22	31	42	45	47	50	52	55	56	57	58	66	
1579	21	23	26	42	44	45	46	47	48	50	71	
1580	32	45	46	49	51	62	70	
1581	43	44	46	68	
1583	48	
1584	16	40	
1585	43	
1586	32	41	52	
1587	4	7	10	11	13	14	17	20	57	69	
1588	8	11	12	15	16	17	18	18	19	20	23	24	48	51	51	52	55	56	59	62	69	
1589	17	21	23	45	46	47	48	49	50	54	58	
1590	45	50	
1592	68	
1593	11	49	
1596	59	
1602	11	
1603	7	9	11	13	13	14	16	19	25	
1604	12	16	17	18	20	24	51	53	54	55	56	59	62	
1605	21	41	44	45	46	49	50	52	55	60	
1606	81	91	93	
1607	31	
1608	15	
1609	16	22	23	
1610	11	15	16	18	20	24	26	41	
1611	7	9	11	13	14	15	16	18	18	20	21	25	71	
1612	17	20	20	21	22	23	25	34	34	51	53	54	56	58	58	60	74	
1613	22	34	43	48	48	49	50	52	54	56	60	
1614	40	43	44	45	46	47	49	51	56	58	
1615	26	39	43	47	49	72	
1616	47	49	66	70	
1617	14	20	36	46	
1618	18	42	45	47	69	
1619	16	19	21	23	41	45	47	67	73	
1620	10	12	13	15	17	19	20	27	43	43	67	72	
1621	6	10	11	14	15	17	19	20	22	24	28	56	58	72	
1622	17	20	22	23	23	25	51	51	52	55	56	
1623	49	50	52	54	59	91	92	97	
1624	88	
1625	36	
1636	9	13	17	
1637	9	11	14	17	19	56	58	
1638	13	16	19	20	23	24	26	36	43	47	51	51	53	54	56	60	
1639	18	22	30	41	44	45	46	48	48	49	50	58	
1640	36	41	43	47	66	
1641	18	26	43	45	46	63	67	
1642	12	18	21	39	43	49	
1643	10	12	14	16	19	26	67	69	
1644	6	10	12	13	15	17	18	19	20	21	28	75	
1645	21	23	23	25	
1646	7	87	91	93	96	
1647	16	51	53	53	55	56	57	58	83	87	88	90	91	93	94	98	
1648	16	17	32	48	50	52	54	57	60	64	73	
1649	29	34	42	44	45	47	49	50	52	55	56	
1650	24	41	43	44	46	48	48	50	69	
1651	13	17	20	31	68	
1652	15	18	19	20	23	24	33	43	49	61	65	67	68	73	
1653	8	13	14	17	19	20	22	23	25	44	71	
1654	11	14	22	24	70	
1655	22	25	52	55	56	60	
1656	50	52	54	87	88	90	91	96	
1657	77	82	84	85	86	87	89	90	92	96	
1658	43	43	44	45	80	82	86	
1661	96	
1665	94	
1670	11	
1671	5	7	8	10	11	13	14	17	19	24	
1672	11	12	15	15	16	19	23	53	54	55	56	59	61	
1673	16	17	18	21	29	35	42	45	47	49	49	51	55	59	
1674	42	43	45	46	48	48	50	55	56	58	71	
1675	19	43	44	47	54	69	88	
1676	9	13	21	23	25	27	45	64	68	
1677	11	21	23	24	26	45	57	69	
1678	23	52	91	
1679	87	88	89	90	94	96	
1680	81	82	85	86	88	88	90	97	99	
1681	7	10	12	14	77	80	81	82	84	85	86	89	91	
1682	53	54	55	82	86	87	89	90	92	95	97	
1683	18	54	63	65	73	88	91	92	96	
1684	55	
1685	25	93	
1686	15	25	
1687	25	81	88	90	92	98	
1688	88	92	96	
1689	86	87	88	88	90	93	93	96	
1690	76	78	81	82	83	84	85	86	89	90	94	102	
1691	78	79	80	82	83	85	86	89	
1692	81	99	
1694	22	
1695	96	
1704	17	18	
1705	7	8	10	12	14	
1706	7	11	12	14	15	18	21	23	55	81	87	90	97	
1707	16	18	19	53	55	87	88	90	91	96	
1708	54	65	
1709	24	40	55	64	
1710	91	92	
1711	53	87	90	91	93	97	
1712	83	87	88	89	90	94	
1713	77	80	81	84	86	90	96	
1714	11	80	82	84	
1715	3	12	78	81	88	96	100	
1716	8	12	15	78	78	80	81	84	86	89	
1717	11	14	78	81	83	84	85	86	89	92	95	
1718	78	82	85	86	87	89	90	93	98	99	
1719	85	86	90	96	
1720	86	87	89	91	95	
1721	82	82	85	86	87	89	90	95	
1722	54	77	81	82	85	86	87	88	90	95	
1723	77	80	81	83	84	85	87	92	
1724	79	80	84	86	88	
1725	90	
1727	19	
1735	42	
1738	25	95	
1739	9	
1740	5	9	11	15	81	86	97	
1741	7	10	13	77	80	81	83	85	86	88	89	90	93	98	98	
1742	86	87	88	88	89	91	95	97	
1743	82	86	87	90	91	92	95	
1744	83	85	86	88	88	90	93	95	
1745	81	83	84	85	87	89	91	
1746	80	82	84	85	89	94	100	
1747	79	84	88	
1748	14	83	86	91	
1749	2	
1750	83	
1751	79	81	85	
1752	79	80	83	85	93	
1753	80	81	83	85	88	94	
1754	80	81	84	85	88	89	98	
1755	77	79	80	82	84	86	91	
1756	79	80	84	89	94	
1757	78	83	86	
1758	81	
1759	84	
1763	11	11	11	12	
1773	69	
1774	10	
1775	9	79	81	83	85	96	
1776	13	78	79	80	83	83	84	86	90	
1777	78	80	81	83	83	84	86	88	93	97	98	
1778	78	79	80	81	83	84	86	
1779	79	80	81	84	
1780	78	80	85	
1781	85	
1785	79	
1786	81	84	93	
1787	78	85	90	
1788	80	84	
1789	80	
1790	78	83	88	
1796	89	
1798	90	
1803	25	
1805	15	
1809	1	8	
1810	80	89	
1811	79	81	
1813	79	84	
1814	100	
1818	99	
1822	85	
1825	76	98	
1830	19	
1837	24	
1841	25	
1842	92	
1845	90	
1846	82	
1848	93	
1849	83	
1872	63	
1873	24	
1877	97	
1881	4	26	
1895	39	89	
1899	63	
1901	53	
1918	81	
1924	51	
1950	21	
1969	101	
1978	35	
1993	64	
2007	46	
2009	11	
2012	5	
2023	63	
2033	5	
2043	13	
2049	15	
2063	28	
2066	55	
2068	49	
2107	99	
2160	86	
2163	96	
2165	95	
2168	93	
2178	91	
2182	8	
2185	2	
2187	99	
2211	10	
2249	3	
2251	2	
