80	48	
124	93	
147	46	47	
149	55	
156	47	
157	88	91	98	
158	88	90	91	95	98	
159	16	87	90	92	96	
175	57	
177	91	
178	87	90	92	95	97	
181	44	45	
182	21	
188	58	
189	53	57	57	61	
190	47	50	51	52	54	
191	9	38	45	46	47	47	48	83	85	87	90	93	
192	9	12	15	46	46	81	82	84	85	86	88	89	90	93	95	
193	11	13	14	16	82	85	86	87	89	90	93	95	97	
194	16	17	19	
195	17	
209	56	59	
210	47	51	54	
211	46	49	81	86	87	89	90	92	93	96	
212	7	9	11	15	81	82	85	86	87	88	88	90	91	95	97	
213	12	15	16	18	86	87	89	92	94	99	
214	17	18	
223	52	55	57	58	59	60	62	
224	51	52	53	53	54	55	57	59	61	
225	28	45	48	50	51	52	55	56	57	58	59	65	
226	9	43	45	47	48	49	50	70	73	79	81	84	86	
227	7	9	10	11	12	14	15	43	45	46	49	72	79	80	81	83	85	88	
228	12	15	16	21	82	86	87	88	88	90	92	93	95	98	
229	16	17	19	88	90	93	97	
230	16	
243	53	55	56	56	57	58	59	61	
244	46	47	50	51	52	53	53	54	
245	9	46	46	48	48	49	50	79	81	83	85	87	89	92	94	
246	6	10	11	13	15	79	81	82	83	85	86	88	89	91	93	
247	8	10	12	12	14	15	16	17	18	19	80	82	84	86	89	95	98	
248	16	17	17	18	19	21	
252	92	
253	5	92	
258	55	61	
259	52	55	56	57	58	59	60	62	73	
260	24	49	51	51	52	53	54	55	56	59	
261	5	7	10	13	45	46	46	47	48	49	49	50	
262	8	10	11	14	81	82	84	85	87	89	92	94	98	
263	8	11	13	14	16	17	19	82	86	87	89	92	96	
264	16	17	17	19	21	
277	52	53	55	56	57	57	58	58	59	61	
278	47	48	50	50	51	52	52	54	54	55	56	60	63	
279	9	44	45	46	47	48	48	49	50	50	53	83	
280	6	8	9	10	11	14	15	45	79	80	84	101	
281	2	7	11	12	13	14	15	15	16	18	19	20	24	79	80	83	88	
282	16	17	17	18	19	20	21	
283	56	
284	53	59	
285	46	49	88	92	95	
286	8	12	83	86	87	88	88	90	91	93	94	96	98	
287	13	15	16	82	86	87	88	90	92	95	97	99	
288	16	17	20	
293	53	55	57	58	60	63	
294	51	51	52	53	54	54	55	56	57	59	60	61	
295	47	49	50	50	51	
296	7	8	10	12	14	45	46	47	48	49	50	78	80	84	89	
297	5	7	10	11	11	12	14	15	15	16	79	80	82	83	85	87	89	90	
298	13	16	17	18	19	20	21	24	89	
299	18	
310	57	
311	52	55	56	56	57	59	61	
312	48	50	51	51	52	53	53	54	54	55	56	58	59	62	63	
313	45	46	47	49	50	50	52	54	
314	7	9	10	11	12	13	14	48	
315	2	7	11	12	12	14	14	15	15	16	17	19	20	25	80	
316	16	17	18	18	19	20	21	22	
317	22	53	56	57	59	
318	48	51	53	54	55	56	57	59	
319	46	47	49	50	54	58	81	84	86	90	
320	7	9	10	14	46	48	79	81	82	83	84	86	87	89	90	95	100	
321	7	10	11	12	14	15	16	19	80	81	82	84	85	86	89	91	95	
322	1	16	16	17	18	18	19	20	
323	18	22	
327	57	58	
328	51	52	53	54	55	56	57	57	58	59	60	63	
329	46	47	49	50	50	51	52	53	54	55	56	73	
330	9	46	47	48	49	50	
331	2	6	8	9	10	11	11	12	14	14	15	80	85	96	
332	2	13	15	16	17	17	18	18	19	20	22	26	87	89	
333	16	17	22	
345	56	57	58	58	60	62	
346	47	50	51	51	52	53	53	55	55	57	59	
347	45	47	48	48	49	50	50	52	53	
348	4	6	8	10	11	13	14	46	
349	7	11	12	12	14	14	15	15	16	17	18	19	23	
350	17	17	19	20	21	22	23	
351	57	58	60	63	
352	51	52	53	54	55	56	57	59	61	
353	46	47	48	48	49	50	50	51	53	53	55	84	
354	8	10	13	49	79	80	84	87	88	92	
355	2	7	9	10	11	12	13	14	15	15	18	80	81	84	88	
356	12	16	16	17	18	19	20	21	23	89	98	
357	17	21	
361	57	63	
362	52	55	56	57	57	58	60	61	
363	47	48	49	50	51	51	52	53	54	55	56	59	
364	8	45	47	48	49	49	50	
365	4	7	9	10	11	12	13	13	14	14	15	19	88	93	
366	8	12	15	16	16	17	18	19	20	21	84	95	99	
367	16	17	21	23	
379	53	55	56	57	58	58	60	63	
380	47	48	50	51	52	53	53	54	55	56	58	60	
381	45	46	47	49	49	50	51	54	63	
382	7	9	10	11	14	48	
383	2	8	10	11	12	13	13	14	15	15	16	18	24	80	
384	13	16	17	20	21	22	
385	22	56	57	58	58	60	
386	47	51	51	52	53	54	55	56	58	59	60	62	
387	47	48	48	49	50	51	52	53	54	83	
388	5	6	9	11	14	49	50	83	
389	5	7	8	9	10	11	12	12	13	14	15	24	80	83	88	96	
390	12	15	16	16	18	19	20	82	86	88	88	90	93	95	97	
391	16	17	18	19	23	92	
395	58	
396	37	53	54	55	56	57	57	58	59	62	
397	46	47	48	49	50	51	51	52	53	54	54	55	56	59	60	
398	45	46	47	48	49	50	
399	5	6	8	9	10	11	12	13	13	14	15	16	18	48	86	95	
400	6	11	12	12	15	16	17	18	19	20	23	83	89	94	
401	16	17	17	20	22	23	
413	55	56	56	57	58	59	61	63	
414	50	51	52	52	53	53	54	55	55	56	57	58	58	60	
415	44	45	46	47	47	48	49	50	51	52	54	
416	9	10	14	44	46	48	49	
417	6	8	9	10	11	12	13	13	14	15	15	19	82	92	
418	12	15	16	17	18	18	19	20	22	83	86	88	
419	17	18	23	56	57	58	59	62	
420	52	53	53	54	55	56	57	59	
421	46	47	48	49	50	51	52	53	54	55	58	63	92	94	
422	6	9	49	92	
423	4	6	8	10	11	14	15	18	89	96	101	
424	6	11	12	13	14	15	18	78	81	82	85	86	88	89	91	93	95	
425	12	13	15	16	17	18	20	83	85	87	88	89	90	92	95	
426	17	18	93	
429	58	
430	52	53	56	56	57	58	59	61	
431	47	50	51	52	52	54	54	55	56	56	58	61	64	
432	45	46	47	47	48	49	49	50	53	
433	7	9	10	11	12	14	15	46	
434	3	7	12	13	13	15	15	16	18	19	20	25	27	83	90	98	
435	16	17	18	19	20	22	24	91	
436	18	
447	57	58	61	63	
448	51	52	53	54	55	55	56	57	58	58	59	60	61	63	
449	33	46	47	48	49	50	50	51	51	52	53	54	55	59	
450	4	9	10	14	43	45	46	48	49	
451	7	9	10	11	12	14	14	15	18	81	90	
452	12	13	14	15	16	17	19	20	23	81	87	90	94	97	101	
453	17	18	22	55	56	57	58	59	60	
454	50	51	52	52	54	55	56	59	61	
455	47	48	49	50	51	53	54	87	91	
456	48	55	89	
457	8	10	14	90	
458	8	9	10	12	14	15	18	79	80	82	84	85	87	89	98	99	
459	7	10	12	13	13	15	17	19	80	81	83	84	86	87	89	90	92	93	96	98	
460	15	17	18	19	83	86	88	90	92	96	
461	16	17	22	88	92	
464	57	59	61	
465	51	52	53	54	54	55	56	57	58	59	60	61	
466	44	45	46	47	48	48	49	50	50	51	54	55	74	
467	4	6	8	10	11	14	48	49	
468	7	9	10	11	12	13	13	14	15	15	16	82	84	88	89	91	95	
469	2	12	16	16	17	18	19	19	20	22	23	
470	18	21	
473	78	79	80	
481	57	
482	52	53	55	56	56	57	58	58	59	61	62	
483	35	48	49	50	51	51	52	52	54	54	55	56	57	58	59	73	
484	9	43	45	45	46	46	47	48	49	49	50	51	
485	5	6	9	10	11	13	15	44	46	49	
486	7	8	11	12	14	15	16	19	81	84	86	89	94	
487	17	18	22	53	56	57	60	88	
488	52	52	54	54	55	56	59	63	87	91	94	97	
489	50	51	53	54	66	67	86	88	89	92	95	101	
490	53	
491	14	19	26	46	48	49	
492	5	10	14	46	80	
493	4	8	9	11	12	14	15	79	80	82	85	87	88	90	98	
494	7	9	12	13	14	15	16	18	20	80	81	83	84	86	87	89	90	92	94	96	99	
495	12	16	18	19	82	86	87	88	89	90	91	93	95	98	
496	17	91	
497	93	
498	57	57	58	59	61	63	
499	51	52	52	53	53	54	55	55	56	56	57	59	62	
500	47	49	49	50	51	52	54	55	59	
501	9	14	39	39	40	48	
502	5	6	8	10	11	11	12	13	14	14	15	15	16	80	
503	13	15	16	16	17	17	18	18	19	20	21	23	95	
504	18	21	
516	56	57	59	61	
517	51	52	52	53	54	55	55	56	57	58	58	59	61	63	
518	32	46	47	48	48	49	50	51	52	53	54	56	
519	5	6	8	9	11	44	45	46	47	48	49	
520	7	11	12	13	13	14	15	44	80	83	83	86	88	91	94	100	
521	53	63	82	85	86	87	89	91	92	94	96	99	
522	52	54	58	83	85	86	87	88	89	90	91	93	96	
523	55	65	65	83	83	85	87	90	97	
524	41	57	60	68	
525	16	17	18	19	20	21	32	43	47	48	51	56	58	71	
526	5	22	42	44	45	46	47	47	48	49	50	68	71	
527	5	7	9	14	43	44	46	47	68	79	84	
528	6	9	10	12	14	20	46	78	79	81	82	84	86	88	91	96	99	
529	7	9	12	13	15	79	80	81	82	83	85	86	87	89	91	95	97	
530	12	15	18	20	81	83	86	87	88	88	90	91	93	94	96	100	
531	13	86	87	89	91	93	95	98	
532	57	87	88	91	92	97	
533	53	55	56	57	59	62	87	91	92	96	
534	50	52	54	55	87	88	90	92	97	
535	8	10	13	
536	4	6	7	8	10	10	11	12	12	13	14	14	15	19	40	83	88	
537	15	16	17	17	18	18	19	20	21	23	
538	17	18	22	
550	63	
551	52	53	54	55	55	56	57	58	58	59	61	62	
552	33	48	49	50	51	52	53	54	54	56	56	57	58	59	
553	10	43	45	46	47	47	48	48	49	50	50	
554	4	15	44	46	47	49	72	81	
555	80	81	83	84	85	86	88	88	89	91	94	95	98	
556	80	81	82	84	85	86	88	89	90	94	99	
557	10	14	80	82	85	88	97	
558	7	12	13	13	14	15	15	16	17	18	20	33	58	61	73	
559	17	17	18	18	19	20	20	21	24	25	40	52	53	54	55	56	57	58	59	60	61	73	
560	23	25	30	41	45	47	48	49	50	51	51	52	54	55	56	56	57	58	59	71	74	
561	25	43	44	45	46	47	48	48	49	50	51	54	56	63	70	72	
562	6	8	14	27	44	46	47	48	49	49	68	70	79	
563	9	11	14	44	46	78	80	81	84	85	89	93	
564	2	8	12	16	80	81	82	84	85	87	89	91	95	98	
565	12	80	81	82	83	85	86	87	88	88	89	90	92	95	
566	80	81	82	85	86	87	88	89	90	91	94	96	
567	53	82	85	87	88	89	90	91	94	96	
568	47	53	55	81	82	84	85	86	87	89	90	95	
569	4	9	46	
570	4	6	8	9	10	11	12	13	14	14	15	15	16	17	18	19	25	71	
571	12	13	15	16	17	18	19	20	21	25	26	
572	17	21	23	
585	55	58	60	63	
586	51	51	52	53	53	54	55	55	56	57	58	58	59	60	61	62	75	
587	33	47	48	48	49	50	50	51	51	52	54	54	56	59	68	73	
588	45	45	46	47	48	48	49	50	51	
589	48	79	80	81	83	85	99	
590	9	79	80	82	84	96	100	
591	9	10	11	12	14	15	16	19	41	
592	11	12	13	14	15	15	16	16	17	18	18	19	19	20	23	24	
593	17	19	21	21	22	23	25	60	62	74	
594	24	52	53	55	57	58	60	61	
595	25	31	35	47	50	50	51	52	52	54	55	55	56	56	57	58	59	63	75	
596	24	29	41	44	45	47	48	49	49	50	50	51	52	53	56	57	58	59	72	74	
597	4	26	37	42	43	44	45	46	47	48	48	49	50	56	67	69	72	
598	37	44	46	46	47	49	50	56	80	81	83	85	
599	19	37	40	44	46	46	48	48	79	80	81	83	83	85	87	90	98	
600	36	46	46	47	56	59	69	78	79	80	81	82	84	85	86	89	94	99	
601	16	36	41	46	47	49	56	68	79	80	81	82	83	84	86	88	88	89	93	101	
602	17	32	41	46	47	68	69	80	82	83	85	88	90	
603	4	6	8	10	11	13	13	15	17	19	39	46	49	67	
604	3	6	10	11	12	13	14	14	15	15	16	16	17	18	19	19	20	23	25	26	72	
605	13	15	16	17	19	20	21	21	22	24	26	
606	22	
607	8	9	
608	8	
619	58	
620	53	55	56	57	57	58	59	60	62	
621	47	48	51	51	52	52	53	53	54	55	56	57	57	59	60	
622	32	44	45	46	46	47	48	49	49	50	50	51	54	
623	44	46	46	47	50	58	67	
624	8	10	40	
625	5	6	9	10	11	12	13	13	14	15	16	16	17	18	19	42	69	72	
626	7	12	13	15	16	17	17	18	19	19	20	21	22	24	72	
627	17	20	21	22	23	25	27	
628	55	61	
629	51	52	54	59	61	62	64	73	
630	29	50	51	52	52	53	54	55	57	58	58	59	60	62	73	
631	23	25	33	45	48	48	49	50	51	52	53	55	57	59	61	66	71	
632	20	24	26	42	43	45	47	49	50	50	51	52	57	58	58	59	61	68	70	72	
633	18	19	20	22	24	26	28	42	44	45	47	49	50	50	51	55	57	59	60	68	70	72	79	
634	18	20	21	22	23	23	25	28	29	37	45	47	49	50	50	52	57	58	59	60	62	70	72	79	81	
635	19	20	21	22	24	26	29	36	44	45	48	48	49	50	51	53	58	59	61	68	71	79	
636	8	13	19	20	21	22	24	26	44	45	48	49	50	51	58	67	69	71	80	
637	6	9	11	12	14	15	18	18	20	21	21	22	28	43	45	50	68	70	72	
638	8	12	13	14	15	19	20	21	21	23	23	24	26	45	48	73	
639	2	20	21	22	23	
654	60	61	
655	34	51	52	53	53	54	55	55	56	57	57	58	59	60	61	63	
656	45	47	48	49	50	51	51	52	53	54	58	75	
657	8	27	40	44	45	46	47	48	49	49	66	73	
658	9	10	11	13	13	14	15	19	26	44	49	70	
659	11	12	14	15	16	17	18	19	19	20	21	22	24	68	73	
660	2	15	17	19	20	21	22	23	23	25	
661	22	
664	55	
665	23	53	55	61	
666	23	54	61	
667	24	35	51	55	62	
668	23	24	25	55	
669	22	24	53	55	61	63	73	
670	9	23	23	24	73	
671	13	23	25	73	
672	24	
689	34	53	55	56	57	58	59	61	63	
690	51	52	53	53	54	55	60	74	
691	11	24	26	29	43	44	45	48	49	50	66	70	
692	5	7	10	12	14	15	15	17	19	24	28	45	70	72	
693	5	13	17	19	20	21	22	23	25	
694	22	
724	55	
725	9	
726	4	23	24	
1174	11	
1192	99	
1198	76	
1199	33	
1206	93	
1209	25	
1213	39	61	
1221	4	
1227	22	
1230	47	
1236	52	
1242	36	
1243	53	
1245	47	101	
1246	46	
1255	3	
1279	39	46	
1280	46	47	51	56	
1281	43	46	51	
1282	46	
1298	36	
1299	43	
1300	47	52	73	
1303	49	
1305	60	
1307	97	
1310	19	
1312	17	21	
1313	16	17	18	20	23	26	43	56	58	59	
1314	20	42	47	48	51	57	70	
1315	26	45	47	48	49	53	71	
1316	50	
1317	48	
1319	3	
1322	72	
1330	25	86	
1333	17	18	41	45	57	58	71	
1334	23	42	45	46	47	49	51	57	70	
1335	45	46	48	50	69	
1336	43	73	
1337	24	43	43	44	
1339	28	
1345	8	12	
1346	10	12	13	14	16	18	
1347	16	17	19	20	24	58	60	61	
1348	18	23	23	25	31	51	52	55	57	59	60	
1349	32	47	49	49	50	51	54	56	59	63	
1350	35	42	43	45	46	47	48	49	51	59	
1351	38	46	47	48	
1354	85	
1355	60	
1357	2	
1366	11	14	20	
1367	16	16	17	18	19	21	24	38	57	59	61	
1368	17	20	22	24	26	44	47	48	50	52	55	57	58	60	70	
1369	44	45	46	47	48	49	50	51	53	73	
1371	50	91	
1373	42	47	
1374	39	47	
1375	8	46	
1376	59	
1377	51	51	
1379	10	
1380	7	8	10	11	13	13	15	16	
1381	12	15	17	23	91	96	
1382	17	58	61	63	88	90	91	95	97	
1383	16	17	32	42	51	52	54	55	56	57	59	61	68	
1384	45	47	49	50	52	54	57	59	73	
1385	26	44	46	47	48	48	49	51	59	71	
1386	45	46	
1391	8	
1399	1	11	14	21	
1400	7	10	11	12	13	14	15	16	19	23	
1401	12	13	16	16	17	19	20	21	24	25	56	57	58	60	62	
1402	21	22	24	32	50	51	52	53	53	54	55	56	57	59	61	
1403	44	45	46	47	48	49	50	51	52	54	
1404	46	49	54	65	
1407	17	21	42	
1408	20	42	47	49	59	71	
1409	46	48	48	56	68	
1410	47	
1414	4	18	
1415	8	11	13	23	80	83	86	89	94	
1416	7	10	11	13	14	80	80	81	83	84	85	86	89	91	93	
1417	15	16	17	18	20	35	57	57	60	62	86	90	96	
1418	16	17	22	25	50	51	53	55	56	57	58	60	
1419	44	46	47	48	49	50	52	53	54	56	58	58	96	
1420	46	48	49	51	
1421	49	60	
1422	75	
1425	2	
1433	9	12	15	25	
1434	4	6	8	9	10	11	12	14	15	18	20	
1435	12	15	16	17	18	19	20	22	24	57	57	58	60	
1436	17	17	21	22	51	52	52	53	54	54	55	56	57	59	61	64	
1437	45	46	47	48	49	50	51	54	
1438	48	50	52	54	64	
1439	48	
1440	19	
1441	16	17	18	20	23	58	60	
1442	17	20	21	23	23	26	41	45	47	53	55	56	57	59	61	72	
1443	27	45	46	47	48	48	49	51	58	71	
1444	44	47	50	
1449	8	79	
1450	4	8	9	10	11	12	13	14	18	78	80	82	99	
1451	8	11	12	12	15	15	16	19	23	58	79	81	84	88	90	97	
1452	16	17	18	18	19	21	55	56	56	57	59	60	64	
1453	47	47	48	50	51	52	53	53	55	
1454	44	46	47	49	50	73	
1455	7	50	
1456	60	
1457	54	
1460	11	
1465	25	
1466	15	
1467	9	15	
1468	4	6	8	9	10	11	12	14	15	16	24	
1469	11	12	13	15	16	16	18	19	19	21	57	58	61	81	
1470	18	20	21	22	51	52	53	53	54	55	56	57	59	
1471	46	48	49	49	50	51	54	64	
1472	42	49	53	
1473	9	49	
1474	10	11	14	16	
1475	8	12	13	16	17	18	20	23	61	
1476	16	17	17	19	20	21	24	26	52	53	55	56	57	58	58	59	61	64	
1477	22	45	46	47	48	49	50	51	52	53	54	55	60	64	
1478	45	47	49	50	
1479	65	
1480	54	
1481	28	82	
1482	31	81	
1483	10	89	
1484	4	10	13	15	16	19	58	94	
1485	5	6	8	10	11	13	14	15	16	19	82	86	
1486	15	16	17	18	19	20	21	52	52	53	56	57	58	59	61	63	
1487	18	50	51	51	52	54	55	56	58	61	
1488	46	47	48	49	50	51	52	54	89	
1489	49	
1490	48	
1494	13	
1501	11	
1502	8	9	10	11	12	13	14	16	18	22	24	
1503	7	11	12	13	14	15	16	17	18	20	24	57	57	57	60	70	79	
1504	17	18	19	20	22	52	53	54	54	55	56	58	59	62	63	
1505	45	46	47	48	49	50	51	52	54	56	
1506	45	48	48	50	55	
1507	10	14	
1508	6	9	10	11	13	14	16	18	
1509	7	11	12	14	15	16	16	18	20	23	26	58	
1510	16	17	18	19	21	22	23	52	55	55	56	57	58	59	60	62	
1511	47	48	50	50	51	52	53	54	55	56	57	57	58	62	73	
1512	45	47	49	50	51	53	53	
1513	44	46	48	50	
1514	29	
1515	21	
1517	89	
1518	6	9	12	14	
1519	3	7	11	12	13	14	15	16	19	21	26	80	
1520	1	15	16	17	18	18	19	21	23	55	56	57	58	60	62	81	84	98	
1521	18	22	48	50	51	52	53	54	54	55	56	58	59	61	64	
1522	45	46	48	48	49	50	51	54	57	
1523	46	50	
1534	50	
1535	8	14	
1536	5	9	10	11	12	13	14	15	17	19	
1537	6	8	12	12	15	16	17	18	19	22	57	57	62	
1538	16	17	18	19	20	21	23	51	52	52	54	55	55	56	57	58	59	61	
1539	45	47	47	49	49	50	51	53	56	58	58	58	60	
1540	42	45	46	48	49	50	
1541	50	
1542	7	9	10	12	14	16	18	
1543	7	11	12	13	14	15	16	17	19	22	
1544	16	17	18	20	22	23	24	35	52	55	56	57	60	61	63	
1545	48	50	50	51	52	53	53	54	55	56	57	58	60	
1546	37	44	45	46	48	49	50	51	52	55	58	70	74	
1547	44	46	48	49	50	53	69	
1548	50	62	
1549	50	74	
1551	28	
1552	9	11	14	17	
1553	5	7	9	10	12	13	15	16	19	
1554	13	16	17	18	19	20	21	23	25	33	57	58	59	61	
1555	21	23	48	51	52	53	54	54	55	56	59	60	62	
1556	45	46	47	48	49	50	51	54	55	59	
1557	46	49	53	
1558	86	
1565	39	
1569	9	13	18	
1570	5	7	9	10	12	13	14	20	
1571	3	6	8	12	13	14	15	16	17	18	20	23	
1572	16	17	18	19	21	24	53	55	56	57	58	58	59	60	62	64	
1573	36	47	47	49	50	51	52	54	55	56	59	61	
1574	44	47	48	48	49	50	51	55	74	
1575	42	50	67	
1576	7	8	10	11	13	14	19	59	
1577	6	10	11	12	13	14	15	16	17	17	19	20	24	26	
1578	16	17	18	19	20	21	22	25	57	58	60	62	
1579	23	33	36	51	52	54	55	56	57	58	58	59	61	
1580	47	48	50	51	52	53	53	54	55	56	57	59	61	68	72	75	
1581	42	45	46	47	47	49	49	50	51	54	55	58	
1582	45	46	47	49	55	
1583	44	46	71	
1584	58	
1586	4	6	10	13	17	
1587	3	6	8	8	10	11	12	14	14	18	
1588	12	13	15	16	16	18	21	24	53	58	62	
1589	16	17	18	20	21	51	52	52	54	55	55	56	57	59	61	
1590	45	46	46	47	48	48	49	50	51	52	53	53	55	58	63	
1591	44	47	49	59	
1592	52	
1601	19	
1603	10	61	
1604	4	6	9	11	13	14	20	
1605	6	8	11	12	13	13	14	15	20	86	90	96	
1606	16	17	18	19	23	23	52	53	56	57	57	59	60	62	88	
1607	18	48	50	51	52	53	54	55	56	57	58	60	
1608	44	45	46	47	48	49	49	50	52	71	
1609	10	13	45	46	49	50	
1610	7	9	10	11	13	14	16	19	
1611	3	7	11	12	13	14	15	16	17	18	18	19	20	20	22	
1612	17	19	21	22	23	24	
1613	53	57	60	62	
1614	52	53	54	55	56	56	57	58	59	61	62	
1615	29	43	45	48	49	50	50	51	54	55	56	58	58	59	72	76	
1616	45	46	47	49	50	51	52	53	56	71	74	
1617	43	46	47	49	72	
1618	26	43	47	50	
1620	7	10	18	75	
1621	7	8	9	10	12	14	15	16	
1622	7	12	13	14	15	16	17	18	19	20	22	23	58	61	80	85	90	
1623	17	18	20	20	20	21	52	53	54	55	56	57	59	60	61	61	
1624	45	46	47	47	50	51	52	52	53	54	55	56	58	75	
1625	45	46	47	48	49	50	52	54	56	
1626	53	54	54	55	
1633	39	
1637	15	
1638	8	11	14	
1639	1	4	6	9	10	11	12	13	14	15	16	20	81	83	88	88	97	
1640	12	15	16	17	19	20	57	58	61	82	84	87	90	93	95	
1641	16	17	20	22	51	52	52	55	55	56	57	58	59	60	
1642	30	38	42	46	47	48	49	50	51	52	53	55	60	
1643	11	45	46	49	
1644	4	8	9	10	11	13	14	14	15	19	42	44	46	59	68	
1645	7	12	13	15	16	16	17	18	19	20	21	22	24	25	26	70	
1646	18	21	22	22	24	
1648	53	55	57	59	60	62	
1649	32	51	51	52	53	54	55	56	57	57	58	59	61	
1650	32	36	44	45	47	48	49	50	50	51	52	54	56	57	59	62	72	
1651	16	44	45	46	47	47	48	49	50	53	53	56	58	69	
1652	27	31	43	45	47	48	49	50	56	59	69	
1653	42	45	47	48	50	57	
1654	12	14	19	26	47	48	71	
1655	3	6	9	10	11	13	14	16	20	
1656	8	12	14	15	15	16	17	19	20	21	24	80	84	98	
1657	16	17	18	20	21	22	38	39	41	42	52	53	55	55	56	57	58	60	62	
1658	47	48	51	51	52	54	54	56	60	65	
1659	45	46	48	49	50	51	53	59	
1660	49	
1667	72	
1668	40	
1672	3	9	
1673	4	7	9	10	12	13	14	16	22	24	80	87	
1674	7	8	10	11	12	14	15	15	16	17	19	20	58	63	79	81	86	89	92	97	99	
1675	17	18	19	21	52	55	55	56	57	59	60	62	93	
1676	18	29	42	50	51	53	54	60	
1677	8	11	14	40	45	48	48	49	67	71	
1678	5	9	10	12	13	14	15	16	19	20	22	24	70	
1679	13	20	21	22	24	56	
1680	22	
1681	87	88	91	92	95	98	
1682	19	88	91	92	98	
1683	33	55	58	60	62	
1684	52	53	53	55	56	57	58	59	60	62	
1685	25	33	43	50	51	52	54	55	56	58	59	74	
1686	27	41	45	46	47	49	50	50	52	54	54	56	58	60	63	71	
1687	1	23	44	45	46	48	49	50	53	60	69	
1688	19	22	26	42	43	43	45	46	47	49	51	68	
1689	7	9	10	12	14	15	18	20	22	26	40	45	46	49	66	69	
1690	1	5	6	8	12	13	14	15	15	16	17	18	19	20	22	25	28	58	70	88	
1691	17	18	19	20	21	23	24	55	56	57	57	59	59	61	
1692	31	48	49	50	51	51	52	53	54	55	56	57	58	
1693	45	47	49	50	51	53	61	
1694	22	52	53	
1701	24	
1706	11	101	
1707	3	10	12	13	18	98	
1708	8	9	10	11	12	14	15	19	80	85	88	91	98	
1709	13	16	18	23	63	81	85	87	88	90	92	96	
1710	16	17	19	22	55	
1711	11	13	18	23	
1712	4	21	23	25	57	
1713	22	25	56	58	62	
1714	46	48	49	50	51	53	54	92	96	
1715	9	11	14	78	81	83	84	85	86	87	89	91	94	96	100	
1716	6	11	13	14	15	78	81	82	84	85	86	87	89	90	92	93	95	98	100	
1717	16	86	87	88	91	92	94	95	97	
1718	16	20	88	
1719	53	54	60	62	63	
1720	24	35	50	51	53	55	57	58	60	62	
1721	25	27	34	49	50	52	52	55	56	59	67	72	
1722	20	23	24	49	51	63	67	72	73	
1723	1	11	13	13	15	19	22	23	44	50	71	
1724	12	19	21	22	23	24	58	89	
1725	22	33	53	55	55	56	57	58	59	61	
1726	48	49	50	51	52	52	53	54	55	58	63	91	
1727	49	51	53	58	
1740	78	
1741	4	9	14	37	38	101	
1742	5	6	9	10	12	14	15	39	41	84	89	
1743	1	7	12	12	13	14	15	16	18	79	81	83	85	87	88	90	93	96	99	
1744	13	15	16	17	18	19	20	22	86	93	
1745	18	21	
1746	56	56	57	59	
1747	51	52	53	54	55	56	58	59	
1748	49	50	51	53	55	83	87	88	90	92	94	
1749	5	9	79	82	84	86	90	95	100	
1750	9	13	14	55	79	79	81	83	85	87	89	93	95	
1751	7	9	11	12	13	14	19	19	77	80	81	82	84	85	86	87	89	91	93	96	99	
1752	8	15	81	82	85	86	87	88	90	91	93	94	95	97	98	
1753	16	17	19	88	90	92	96	
1754	16	
1756	25	
1757	24	
1758	25	57	74	
1759	51	52	53	54	55	58	59	61	64	93	
1760	50	51	52	54	55	83	87	90	91	94	96	99	
1761	50	86	91	94	
1762	87	
1772	5	
1775	5	9	25	
1776	10	15	84	
1777	5	6	8	9	10	11	11	12	14	15	16	19	79	81	83	86	89	
1778	7	12	13	15	15	16	17	19	21	80	81	84	87	88	92	
1779	16	17	18	19	21	23	
1780	53	55	56	59	61	
1781	50	51	52	54	54	55	56	59	87	91	92	96	
1782	53	55	79	82	85	87	88	89	91	93	95	99	
1783	78	83	85	90	
1784	5	10	80	83	
1785	9	13	14	18	78	79	80	83	83	86	89	103	
1786	7	9	11	14	15	79	81	82	83	84	86	88	89	93	100	
1787	7	10	11	12	13	15	16	80	81	82	85	86	87	89	90	91	94	96	98	
1788	87	89	90	91	92	94	95	96	98	
1789	87	87	89	90	90	91	93	94	95	96	98	
1790	87	88	90	91	92	95	96	97	
1791	87	87	90	91	92	93	95	96	
1792	87	89	90	90	91	94	95	96	
1793	52	54	55	86	87	87	88	89	90	91	92	94	96	
1794	55	81	82	85	86	87	88	89	90	93	96	100	
1795	82	86	89	
1801	84	
1809	98	
1810	8	8	97	
1811	8	9	10	12	14	15	16	
1812	3	7	11	12	13	14	15	16	19	22	79	82	84	86	89	91	95	99	
1813	20	56	90	92	96	
1814	52	53	53	54	56	59	88	90	92	96	
1815	50	54	57	81	83	85	86	87	88	90	92	94	98	100	
1816	53	82	84	85	88	90	96	
1817	90	
1818	4	85	
1819	7	80	
1820	1	6	9	79	80	84	100	
1821	1	11	78	79	80	81	83	83	85	88	91	93	
1822	77	80	82	83	84	85	86	87	88	89	90	93	94	
1823	77	80	81	82	83	83	84	85	85	87	88	89	91	96	
1824	78	80	80	81	82	83	83	84	84	85	86	87	89	90	93	95	99	
1825	77	80	80	81	82	83	83	84	85	85	86	88	89	95	98	
1826	77	78	80	81	82	83	84	86	87	88	89	90	93	98	
1827	77	80	81	82	83	84	85	85	87	88	89	91	96	98	
1828	79	81	82	83	85	86	88	94	99	
1829	88	92	
1841	100	
1843	4	
1845	4	7	10	85	91	
1846	7	10	11	12	14	79	81	85	88	92	95	99	
1847	13	82	84	85	87	88	88	89	90	91	93	94	96	96	98	
1848	82	83	86	87	88	89	90	90	91	94	96	98	
1849	79	81	83	84	85	86	88	89	93	96	
1850	80	82	83	86	
1851	88	91	
1853	6	
1854	9	67	89	
1855	81	89	
1856	78	80	85	90	99	
1857	78	79	83	85	90	
1858	79	81	86	91	
1859	78	80	85	90	94	
1860	79	82	84	86	88	92	93	100	
1861	78	80	83	86	88	
1862	79	84	
1879	9	13	
1880	5	15	80	83	89	
1881	78	80	81	83	85	87	90	95	99	
1882	79	81	82	84	85	86	88	89	89	92	93	98	
1883	78	81	85	92	
1886	72	
1888	92	
1893	83	
1895	84	
1896	83	
1904	94	
1915	80	85	
1916	79	81	85	100	
1918	18	
1920	81	
1923	83	
1930	93	
1939	49	
1940	84	
1949	94	101	
1951	95	
1952	10	
1954	73	
1965	98	
1979	55	
1983	13	
1984	82	100	
1987	100	
1988	67	
1995	17	
2007	40	
2012	53	59	
2015	41	72	
2016	11	
2045	69	
2057	65	
2087	19	
2095	17	
2101	75	
2114	39	
2147	37	
2156	42	
2185	1	
2194	92	
2200	21	
2256	9	
2257	8	
