111	37	
215	26	27	
249	25	25	
327	87	90	92	97	
328	87	90	91	95	98	
329	86	87	89	91	92	94	97	
330	86	87	88	89	91	92	95	98	
331	87	90	92	95	
332	18	
357	92	
358	87	91	93	95	
359	87	88	89	90	92	95	98	
360	87	88	89	90	92	93	94	96	
361	86	87	89	90	91	94	96	
362	82	83	85	86	87	88	89	90	91	93	95	98	
363	10	78	80	81	83	84	85	86	87	88	89	90	92	94	95	98	
364	7	8	10	13	77	80	81	82	84	85	86	87	88	89	90	95	
365	10	12	14	15	17	77	82	83	84	85	87	88	88	89	91	95	100	
366	16	17	18	18	20	89	96	
386	91	
387	88	91	98	
388	88	89	91	93	97	
389	90	91	97	
390	87	90	91	93	96	
391	83	86	87	88	88	89	91	92	94	97	
392	81	82	84	85	86	87	89	90	91	92	95	96	98	
393	81	82	84	85	86	87	88	89	90	92	93	95	97	
394	80	81	82	84	85	86	87	88	89	90	92	95	97	99	
395	37	78	80	81	82	83	85	86	87	88	88	90	93	93	97	99	
396	46	79	80	82	83	84	85	87	88	94	
397	10	78	79	80	81	82	84	86	88	
398	6	9	11	13	15	20	28	67	78	79	81	82	83	84	98	
399	6	8	11	12	12	13	14	14	15	16	17	18	19	19	78	80	81	84	85	98	
400	16	17	18	18	19	20	22	84	
401	22	
418	93	
419	87	91	92	97	
420	9	83	86	87	89	91	93	93	95	
421	77	81	82	84	85	86	87	89	90	91	93	96	
422	81	82	85	86	87	88	89	90	91	93	94	96	
423	81	83	85	86	87	88	89	90	91	93	93	95	98	
424	77	81	82	84	85	86	87	88	88	89	90	92	95	97	99	
425	78	80	81	82	84	85	86	87	89	90	92	94	
426	41	78	78	79	81	82	84	85	86	87	89	91	98	99	
427	16	47	77	78	79	80	81	82	83	84	86	
428	37	41	46	78	79	80	82	83	85	86	89	
429	16	17	41	56	59	79	80	82	83	85	87	
430	14	16	17	18	18	19	28	37	41	42	44	46	47	49	51	55	59	68	68	78	80	83	
431	17	19	20	22	29	42	44	45	46	50	66	71	
432	6	9	11	13	14	15	18	19	20	21	29	42	44	64	67	68	72	78	
433	7	10	12	13	14	15	17	18	18	19	20	21	22	24	71	80	
434	3	17	21	21	23	23	24	
451	87	89	91	93	95	
452	55	83	85	86	87	89	90	92	95	97	
453	78	81	83	85	86	87	88	89	90	92	94	96	
454	80	81	82	84	85	86	87	88	89	92	96	98	
455	46	78	79	80	81	82	84	85	86	88	90	94	99	
456	36	77	78	79	80	81	83	84	85	86	89	99	
457	77	79	80	81	83	84	85	87	89	96	
458	16	19	41	59	78	78	79	80	81	83	84	85	86	
459	17	18	20	38	41	47	56	62	79	80	81	83	84	88	
460	14	16	19	26	41	45	46	49	54	57	59	68	69	79	82	83	
461	16	18	19	21	26	29	37	41	43	44	47	49	58	66	72	78	83	
462	10	14	16	17	18	19	21	26	29	41	45	47	60	64	67	68	72	78	83	
463	12	13	15	17	18	19	20	21	22	25	27	43	45	57	58	65	67	69	72	
464	14	17	19	20	21	22	23	23	26	32	42	44	48	51	54	63	64	71	
465	19	20	21	23	24	25	26	42	45	50	59	71	
466	13	15	21	22	24	25	26	69	
467	4	13	15	20	21	23	23	24	28	
468	22	
483	53	56	91	93	94	98	
484	53	86	87	87	89	90	91	93	93	95	
485	82	85	86	87	88	89	90	91	95	99	
486	78	79	81	82	84	85	86	87	88	88	90	92	94	
487	37	39	46	51	77	79	80	81	82	83	84	84	85	86	88	90	95	99	
488	18	46	56	79	80	81	82	83	85	89	
489	16	18	39	49	58	79	80	84	
490	15	17	19	20	29	37	39	44	46	48	56	66	69	78	79	82	
491	16	18	18	19	36	41	43	44	46	48	56	58	62	65	69	72	78	80	85	
492	8	13	13	16	17	19	20	20	21	25	26	35	42	43	45	47	49	55	57	62	65	68	68	71	79	83	
493	15	18	19	20	20	21	22	25	28	38	42	45	46	49	62	65	66	71	
494	14	19	21	22	23	23	26	41	44	47	62	64	69	
495	14	19	20	21	22	23	24	31	45	55	63	69	
496	20	21	22	24	26	45	71	
497	20	21	23	24	25	
498	22	24	
499	22	
500	5	23	
514	56	
515	46	48	50	52	
516	51	83	86	89	92	95	
517	50	82	83	85	86	87	88	88	89	91	92	95	
518	37	46	53	80	81	82	84	85	86	87	88	88	89	91	94	97	99	
519	46	57	59	77	79	80	81	82	84	85	86	89	90	93	99	
520	16	18	28	39	46	57	68	77	79	80	82	83	84	
521	13	13	16	17	19	40	43	43	46	48	57	62	67	71	78	80	
522	13	17	18	19	19	20	21	23	41	44	46	47	49	61	67	68	71	79	
523	10	14	17	19	19	20	21	22	26	39	43	43	45	46	59	65	68	71	
524	10	12	14	15	17	18	19	20	21	23	23	24	27	62	63	68	73	
525	12	14	19	20	21	22	24	25	26	43	58	65	68	
526	20	22	23	23	24	44	54	65	
527	21	22	23	25	55	
528	22	23	65	
529	23	25	
547	56	
548	48	51	52	53	56	
549	42	46	47	48	49	50	51	54	56	59	
550	36	44	46	49	56	81	85	88	95	
551	18	37	41	44	46	62	67	77	78	80	81	82	84	85	90	95	99	
552	16	17	19	26	29	41	47	59	67	79	80	81	83	
553	11	15	16	17	19	20	39	43	43	47	59	63	64	66	68	68	73	78	80	84	
554	11	13	13	14	17	18	19	19	20	25	29	42	59	65	67	70	79	
555	11	13	15	16	18	19	20	21	22	24	35	59	63	72	
556	15	20	21	22	22	23	24	25	28	43	49	55	65	68	
557	20	22	24	25	65	
558	22	23	24	
559	22	23	
560	24	
581	56	58	
582	51	52	52	54	55	55	56	57	60	
583	30	40	43	45	47	47	48	49	50	51	53	54	59	
584	32	40	42	44	45	46	47	48	49	60	67	73	83	
585	6	9	11	13	14	18	42	60	65	66	79	
586	11	13	15	17	18	19	20	21	22	23	45	59	64	69	79	
587	13	15	19	20	21	22	24	25	45	64	70	
588	13	15	20	22	23	23	24	25	27	45	71	
589	21	22	24	25	
590	22	24	
607	9	
608	6	6	
616	52	54	55	
617	34	51	53	55	62	
618	45	65	
619	14	24	25	35	44	
620	15	22	23	25	28	29	
621	22	25	26	27	
652	74	
653	73	
727	5	
966	6	
1157	79	
1159	42	
1171	96	
1172	26	
1192	39	
1201	17	
1202	43	
1208	27	
1217	51	
1242	29	
1268	40	
1275	24	
1277	44	
1282	80	
1289	85	
1311	19	
1314	47	
1320	22	
1352	2	
1380	66	
1384	32	
1385	65	
1386	9	
1405	17	23	23	24	24	
1412	79	
1417	31	
1418	46	
1441	103	
1443	38	
1444	26	
1447	20	57	
1449	17	46	
1450	66	
1451	30	46	
1452	8	41	47	50	54	
1454	48	
1471	53	
1472	24	
1479	23	27	56	
1480	26	36	46	71	
1482	24	27	38	47	68	
1483	18	19	43	
1484	16	18	20	36	42	51	56	59	66	71	
1485	19	21	25	26	30	36	42	47	48	48	51	57	58	67	71	
1486	21	28	41	44	46	47	50	57	73	
1487	44	46	47	49	65	
1488	51	
1495	101	
1497	12	
1503	36	61	
1508	72	
1509	46	
1511	37	
1513	17	41	46	49	
1514	16	18	19	27	33	41	50	68	68	
1515	10	17	19	21	39	44	46	49	58	59	63	68	
1516	13	15	16	17	18	20	22	41	43	49	
1517	12	15	17	19	20	22	26	29	34	40	45	49	57	60	64	67	69	
1518	17	19	21	23	24	39	45	48	53	57	61	
1519	18	20	21	22	27	43	45	47	49	50	52	55	56	57	58	68	
1520	20	22	23	25	26	39	43	43	45	47	47	48	49	50	51	53	53	57	58	60	64	67	70	
1521	27	44	46	47	48	48	49	51	73	
1522	44	
1540	38	
1541	18	48	
1542	16	19	32	36	36	41	46	61	
1543	17	20	24	29	37	41	47	49	59	67	72	
1544	18	19	36	45	46	49	62	68	
1545	16	18	22	26	37	42	43	49	58	66	
1546	11	15	16	18	20	26	42	49	66	71	
1547	12	14	16	19	20	21	25	28	33	39	51	64	69	
1548	14	17	18	18	19	20	21	22	23	40	43	45	47	50	56	59	63	69	
1549	15	17	19	21	22	24	28	33	43	47	61	64	69	
1550	12	14	18	19	21	22	24	43	45	55	63	65	68	70	73	
1551	14	20	21	23	23	29	44	
1552	15	20	22	24	55	64	
1553	23	24	51	52	55	56	57	60	64	
1554	33	33	50	50	51	52	53	54	55	56	58	59	
1555	45	47	48	49	50	52	53	91	
1556	18	
1562	13	
1572	14	38	40	
1573	14	36	
1574	16	23	41	
1575	11	14	18	18	24	27	40	48	68	68	
1576	17	18	19	21	38	42	47	51	60	64	
1577	17	19	20	23	23	27	39	42	45	46	48	50	55	58	58	63	68	69	
1578	14	16	18	19	20	22	23	26	29	38	43	44	47	50	56	62	
1579	17	18	20	22	40	45	47	49	57	62	69	
1580	12	14	17	19	20	21	23	23	26	45	69	
1581	12	15	19	21	22	24	45	64	69	
1582	20	21	22	23	24	65	
1583	23	24	25	
1584	24	
1586	90	92	93	95	98	
1587	52	55	87	87	88	89	90	92	95	97	
1588	50	51	53	53	54	60	87	87	89	90	92	94	96	
1589	52	58	86	86	88	89	90	91	93	95	
1600	92	
1606	9	18	38	42	43	47	68	
1607	3	9	12	14	19	20	
1608	11	14	16	17	18	20	21	24	42	44	64	66	71	
1609	12	13	15	16	17	19	20	21	22	24	43	45	64	69	
1610	11	15	18	20	21	22	23	25	27	49	55	65	68	
1611	20	21	22	24	27	50	54	60	63	
1612	22	24	65	65	73	
1613	22	23	25	65	
1614	24	
1615	25	92	97	
1616	25	88	91	92	96	
1617	87	88	89	90	91	96	97	
1618	87	88	89	90	91	95	96	
1619	83	85	86	87	87	89	90	92	93	95	97	100	
1620	77	82	84	85	86	87	89	90	92	95	98	
1621	77	78	79	80	81	83	84	84	85	87	88	89	91	95	
1622	76	77	80	81	82	83	84	85	86	88	88	90	93	94	100	
1623	78	80	80	82	83	85	87	91	95	
1624	84	
1637	38	
1638	12	15	66	
1639	10	13	16	18	20	26	40	44	67	
1640	10	14	15	17	18	18	20	39	68	
1641	10	12	13	15	16	17	19	20	23	24	28	33	45	65	73	
1642	15	16	18	19	20	21	22	24	44	70	
1643	13	21	22	23	24	
1644	22	24	
1645	88	
1646	87	91	92	97	
1647	87	89	90	91	96	
1648	86	86	87	88	90	91	93	94	95	96	
1649	85	86	86	87	88	89	90	93	95	97	
1650	77	81	82	84	85	86	87	88	89	91	93	95	97	99	
1651	77	78	80	81	82	84	85	85	87	89	90	93	95	
1652	76	77	78	80	81	82	84	85	86	87	89	90	92	93	98	99	
1653	76	78	79	79	80	81	82	83	84	86	88	90	94	101	
1654	22	78	79	79	80	82	83	84	86	95	
1655	79	81	85	90	
1656	79	80	82	83	86	
1657	79	81	84	90	
1658	87	97	
1661	44	
1667	20	
1670	14	
1671	9	14	16	19	29	
1672	10	12	13	15	16	17	19	21	25	40	67	
1673	9	12	14	16	17	18	19	20	21	22	24	43	45	71	
1674	11	13	14	15	20	21	22	25	28	69	
1675	12	20	21	23	24	
1676	22	23	25	
1677	87	87	91	92	96	
1678	87	88	89	89	90	92	95	96	97	
1679	83	86	86	87	88	89	90	93	94	96	
1680	82	83	85	86	87	87	88	89	90	94	96	
1681	77	80	81	83	83	84	85	86	88	89	90	92	93	96	98	
1682	77	78	80	80	81	82	84	84	85	87	89	91	94	97	98	
1683	7	77	78	79	80	81	84	85	86	88	91	94	
1684	77	78	79	80	81	83	85	86	89	95	
1685	78	79	80	82	83	84	87	89	95	
1686	79	81	84	97	
1687	79	82	85	99	
1688	80	88	
1689	80	
1690	81	
1702	23	
1705	8	8	9	10	11	14	19	23	
1706	10	12	13	14	15	16	17	19	20	21	24	
1707	20	21	22	24	
1708	22	23	23	88	92	95	98	
1709	73	87	88	91	92	95	96	
1710	82	86	87	89	90	91	93	93	95	96	99	
1711	78	80	81	82	84	85	86	87	88	89	91	94	96	98	
1712	76	77	80	80	81	82	84	84	85	86	87	89	90	92	94	100	
1713	76	78	79	80	81	82	83	84	86	88	90	93	
1714	77	79	81	82	84	85	88	89	93	98	
1715	78	79	81	84	88	96	
1716	79	81	84	89	
1717	79	81	84	88	
1718	79	84	89	
1719	81	
1720	80	89	
1722	88	
1726	46	
1738	9	15	
1739	7	8	10	11	12	14	15	
1740	12	13	15	21	23	88	93	
1741	86	87	88	90	90	91	93	94	95	96	
1742	82	86	87	88	89	90	94	97	
1743	77	78	80	81	82	84	84	85	86	88	88	89	91	94	99	
1744	77	79	80	81	82	83	84	85	86	88	90	98	
1745	78	79	80	81	82	83	85	87	88	94	
1746	78	80	83	84	89	
1747	79	87	89	
1748	78	82	84	86	94	
1749	78	85	88	
1750	91	
1754	101	
1770	20	
1772	13	
1773	11	
1774	78	80	86	
1775	77	78	80	81	82	84	85	86	89	98	99	
1776	77	78	80	81	83	84	86	90	94	
1777	79	80	83	85	97	101	
1778	78	79	81	84	90	100	
1779	79	82	
1780	79	
1781	83	
1784	74	
1789	90	
1793	26	
1808	83	94	
1809	80	84	88	
1810	80	84	89	
1811	80	83	
1812	81	90	
1813	9	91	
1817	4	
1821	76	
1822	19	
1825	63	
1832	53	
1843	45	80	
1847	14	
1848	12	13	
1850	10	
1854	102	
1875	14	
1876	90	
1907	9	
1926	16	
1939	80	
1975	15	
1977	18	
1982	84	
1995	96	
1998	27	
2000	24	
2022	23	
2044	41	
2058	89	
2065	65	
2066	23	
2068	73	
2075	30	
2107	84	
2109	10	
2143	18	29	
2161	99	
2164	25	
2165	98	
2178	3	
2183	12	
2185	11	17	
2192	103	
2194	9	9	
2226	98	
2290	4	
