48	61	
80	53	
111	37	
249	24	
250	20	20	21	21	21	22	
312	91	93	
313	90	91	92	
314	88	92	
343	57	
345	46	47	50	
346	82	85	87	89	90	95	100	
347	12	81	82	85	86	87	88	89	90	92	94	96	98	
348	13	15	16	83	85	86	87	88	89	90	91	92	93	95	99	
349	86	87	89	90	92	94	97	101	
350	16	87	91	92	96	
351	87	91	93	
377	57	
378	47	51	52	53	53	54	56	60	
379	38	38	42	46	47	48	48	49	50	56	
380	32	38	42	43	45	46	46	47	49	82	84	
381	46	70	80	81	83	83	85	89	
382	7	9	11	80	81	82	84	85	86	89	100	
383	10	13	13	15	81	82	83	83	84	85	87	89	90	91	93	95	
384	10	82	83	84	85	86	87	88	89	90	91	92	94	96	99	
385	12	14	82	85	86	87	89	90	92	94	97	99	
386	16	87	90	91	92	94	96	
387	17	91	93	
388	88	92	
389	93	
412	52	53	54	55	57	61	
413	48	50	51	52	54	55	56	57	59	61	
414	34	41	43	45	47	49	50	51	52	53	55	56	57	59	
415	4	23	34	37	38	41	43	43	44	45	47	47	48	49	50	56	57	59	64	
416	34	40	43	43	45	46	47	48	49	66	70	83	
417	22	26	38	42	44	46	48	81	83	84	89	
418	12	13	26	36	40	81	82	83	84	85	89	102	
419	8	10	15	46	82	83	83	84	85	86	89	90	94	102	
420	7	10	12	13	82	84	85	86	87	89	91	94	96	101	
421	81	82	85	86	87	88	88	90	91	92	94	98	
422	83	86	87	89	90	92	93	93	95	102	
423	87	88	90	91	92	95	
424	86	87	90	92	93	94	98	
425	88	91	92	95	
426	92	
427	16	16	17	92	
437	59	
447	54	55	
448	52	53	54	55	58	59	
449	45	49	50	52	53	55	57	61	64	
450	25	34	44	45	47	48	50	51	53	53	54	55	56	58	63	
451	24	35	40	43	43	44	45	46	47	48	48	49	51	56	57	61	
452	22	23	32	39	42	44	45	47	48	48	50	56	57	59	
453	21	31	34	38	38	41	43	43	44	46	47	47	49	50	81	84	
454	22	36	40	44	46	80	81	83	84	86	
455	11	13	38	39	46	80	81	82	83	85	99	
456	80	81	82	83	84	85	85	87	89	90	97	99	
457	9	81	82	84	85	86	87	89	91	93	95	99	
458	11	13	81	82	83	84	85	86	87	88	88	90	91	94	97	
459	10	14	82	83	84	85	85	86	87	89	90	91	93	94	96	101	
460	15	17	82	85	86	87	88	90	91	92	93	95	99	
461	14	15	16	86	87	88	89	91	92	94	102	
462	88	90	92	93	95	97	
463	16	87	91	93	98	
464	92	
473	79	
483	55	
484	54	55	58	61	
485	52	53	55	57	
486	48	50	52	54	55	57	60	64	
487	24	33	43	45	47	49	50	52	53	53	54	55	56	58	58	65	
488	25	38	39	43	44	45	48	48	49	50	52	56	57	61	63	
489	23	24	32	33	41	43	44	45	46	47	48	49	51	53	54	57	58	59	81	
490	22	23	26	34	38	41	44	45	46	47	48	49	51	56	81	
491	20	26	38	39	42	43	44	46	46	48	48	49	70	80	81	84	85	
492	10	26	38	41	44	46	81	82	84	85	89	
493	9	14	68	81	82	83	84	86	89	99	
494	10	81	82	84	84	85	87	88	90	93	100	
495	12	82	83	83	84	85	86	89	90	91	93	98	
496	12	81	82	84	85	87	89	90	91	94	96	102	
497	11	81	82	83	84	85	86	87	88	90	91	92	94	95	98	
498	11	14	16	83	86	87	89	90	91	93	94	97	99	
499	16	83	86	87	89	90	92	94	96	
500	87	90	92	93	95	98	
501	88	91	93	97	
502	17	44	44	45	
520	55	
521	55	
522	52	54	57	59	
523	25	50	53	54	55	56	58	60	64	
524	23	35	45	48	49	51	52	53	54	56	57	60	64	
525	24	34	37	39	43	45	46	48	49	50	51	52	54	55	56	57	58	60	65	
526	24	26	34	42	44	45	45	46	47	48	48	49	53	54	56	57	59	65	
527	21	23	26	34	37	38	42	43	44	45	46	47	48	49	51	56	57	60	83	
528	20	21	26	34	40	42	43	44	45	46	47	49	50	56	60	69	80	81	83	
529	20	22	28	37	38	41	43	44	46	46	47	48	48	49	68	80	82	84	
530	10	22	27	36	40	43	46	48	80	81	83	85	88	
531	9	13	40	47	81	81	83	84	85	89	94	
532	10	13	81	82	83	84	85	86	88	88	90	102	
533	12	82	83	84	85	86	87	88	90	93	99	
534	8	12	15	82	83	84	84	85	86	87	88	90	91	95	
535	10	12	14	15	81	82	83	85	86	87	89	90	94	98	
536	13	16	17	18	19	85	
537	18	
559	53	53	55	
560	52	55	63	
561	49	51	54	55	57	59	63	
562	23	34	45	51	52	53	53	54	55	56	57	59	62	64	
563	24	34	40	43	44	45	46	47	48	49	50	51	52	54	55	56	58	58	60	
564	23	31	33	37	40	42	44	45	45	46	47	48	48	49	51	56	58	59	65	70	
565	25	35	36	41	43	44	44	45	47	48	48	56	57	65	
566	20	21	23	23	26	32	37	39	41	43	44	45	46	47	49	50	81	84	
567	11	20	22	31	37	40	43	44	46	46	48	81	82	83	85	99	
568	9	12	13	15	19	21	42	46	68	71	80	81	83	84	85	86	102	
569	7	8	10	11	12	13	14	15	16	18	19	20	26	67	80	81	84	85	89	
570	12	15	17	18	20	21	22	27	85	
571	22	
596	55	
597	51	54	55	59	
598	49	53	53	55	58	59	64	
599	24	45	50	52	54	57	62	65	
600	24	33	44	45	48	49	50	52	53	54	57	59	61	
601	23	24	43	43	45	47	49	50	65	67	
602	4	9	11	14	19	23	23	42	44	64	67	
603	5	12	14	15	19	20	21	24	26	
604	20	22	23	24	
634	54	
636	5	25	
655	23	
656	18	
657	17	
686	96	
1161	33	
1193	85	
1198	26	68	
1204	74	
1205	64	
1213	60	
1215	25	
1230	18	
1236	17	
1237	55	
1252	4	
1258	86	
1260	30	
1268	38	
1275	21	
1285	90	
1286	101	
1289	100	
1296	73	
1300	66	
1302	67	
1314	80	
1336	97	
1350	99	
1352	24	
1353	7	
1368	96	
1382	5	
1390	53	
1397	53	
1406	19	19	19	19	19	
1414	46	
1421	68	
1424	87	
1431	8	
1434	47	
1441	68	
1447	27	96	
1449	41	
1454	70	
1458	3	
1459	85	
1465	1	
1467	36	40	
1468	17	18	20	41	47	56	66	
1469	20	26	28	38	38	43	44	47	53	58	
1470	28	47	69	
1471	42	45	
1475	17	
1478	30	
1491	71	95	
1499	32	
1501	11	15	16	18	24	58	
1502	15	16	17	19	21	24	57	62	
1503	18	19	20	22	23	33	42	43	45	48	49	50	53	54	57	60	
1504	21	24	33	36	41	44	45	46	47	48	50	56	60	
1505	41	43	45	46	50	
1506	30	39	43	46	47	48	
1507	40	44	46	50	
1508	29	37	39	48	
1511	47	
1512	26	
1513	45	
1516	23	32	
1524	61	
1528	3	
1534	9	17	
1535	6	9	10	12	14	15	
1536	7	12	13	15	16	21	23	55	
1537	16	18	21	24	52	54	55	56	59	93	
1538	17	23	24	47	49	50	52	53	54	57	59	63	64	
1539	24	31	35	41	44	45	47	49	50	55	56	59	
1540	25	34	42	43	45	47	48	49	51	53	53	56	58	60	64	
1541	22	24	38	38	42	44	46	46	47	48	50	57	
1542	36	42	44	45	46	48	49	53	56	65	66	
1543	26	41	45	46	48	
1544	40	45	47	52	61	66	69	
1545	26	42	48	
1546	36	40	46	
1547	76	
1548	49	54	
1553	55	
1557	71	
1569	7	8	11	15	
1570	9	11	13	14	21	82	87	90	
1571	6	11	14	82	85	87	88	90	91	95	101	
1572	12	86	87	88	90	92	93	93	95	
1573	55	87	88	90	91	92	95	
1574	35	50	52	53	54	56	59	65	92	
1575	25	45	50	51	53	55	57	59	65	
1576	24	32	38	41	44	45	47	49	51	53	54	57	60	
1577	34	42	44	45	47	49	52	55	57	59	68	
1578	23	24	34	39	43	43	45	46	48	48	51	57	
1579	21	36	39	45	46	47	50	54	61	63	
1580	23	24	36	41	43	46	47	48	50	53	58	90	
1581	27	37	40	44	47	48	51	53	56	
1582	20	21	21	21	22	43	44	46	
1583	26	38	47	49	
1585	33	39	49	
1590	68	
1592	57	58	
1594	19	
1603	13	
1604	5	14	84	100	
1605	6	9	13	81	83	83	84	87	88	99	
1606	10	14	17	80	81	82	83	84	85	86	89	90	96	98	
1607	7	8	11	15	82	83	85	85	86	88	89	90	94	98	
1608	10	13	15	85	86	87	89	90	91	93	94	96	100	
1609	16	55	87	90	90	91	93	93	94	97	
1610	17	55	88	91	92	97	
1611	16	24	54	55	65	93	
1612	23	25	35	51	54	55	58	58	64	
1613	23	25	49	50	53	54	55	56	57	61	64	
1614	25	43	44	45	47	48	49	51	55	56	57	60	65	
1615	22	24	28	38	40	43	44	45	47	49	51	53	57	60	65	66	
1616	21	23	26	42	44	46	48	48	49	51	55	57	
1617	26	34	38	42	43	45	46	48	49	54	57	64	
1618	22	24	27	37	38	42	45	46	47	49	65	
1619	26	42	45	46	47	49	58	
1620	40	45	46	48	50	57	70	
1621	26	43	
1622	41	47	
1623	53	
1624	49	
1626	3	
1627	67	
1630	59	71	
1637	24	
1638	84	90	94	
1639	28	85	93	
1640	81	85	89	
1641	81	84	85	91	93	
1642	2	5	81	82	83	83	84	85	87	88	91	
1643	7	9	12	81	81	82	84	85	86	88	88	90	91	
1644	10	12	14	82	82	84	85	86	87	89	90	92	94	
1645	7	11	13	13	83	85	86	88	89	90	92	94	98	101	
1646	87	88	90	90	91	93	94	95	97	
1647	88	90	91	92	94	97	
1648	54	61	87	92	97	
1649	50	52	54	55	57	58	
1650	23	45	50	52	54	55	56	59	64	
1651	33	34	45	49	50	52	55	57	58	65	
1652	23	23	43	44	45	48	49	51	53	54	56	58	58	62	64	
1653	21	33	35	37	41	44	46	47	48	49	51	53	55	57	63	
1654	23	24	34	40	44	46	47	49	51	56	59	
1655	22	36	39	42	43	45	46	47	49	51	57	70	
1656	21	23	30	40	44	46	49	61	63	
1657	40	44	46	48	59	
1658	47	49	
1673	91	
1674	85	
1675	5	9	83	91	
1676	5	88	89	
1677	81	83	86	96	99	
1678	5	6	9	81	82	83	84	95	
1679	81	82	83	84	86	90	
1680	4	7	12	14	81	82	83	84	85	86	89	91	96	101	
1681	7	10	15	81	82	82	84	84	85	87	89	90	92	94	
1682	8	8	11	13	13	15	82	85	86	87	88	89	91	93	94	95	98	101	
1683	15	83	87	89	90	90	91	93	93	94	97	
1684	88	90	90	91	92	94	95	97	
1685	55	87	90	91	92	94	96	
1686	55	63	88	92	
1687	17	25	50	52	53	55	56	62	93	
1688	25	35	45	50	52	54	56	58	
1689	22	24	44	51	56	57	59	63	
1690	23	24	44	45	48	48	49	51	53	53	55	58	61	65	
1691	22	43	45	46	48	49	50	61	
1692	43	53	
1698	68	
1708	17	81	103	
1709	90	
1711	5	93	
1712	15	84	89	
1713	84	92	
1714	9	84	89	
1715	3	14	17	80	82	84	97	
1716	3	14	81	82	83	84	85	89	
1717	81	82	83	83	84	85	88	90	92	
1718	12	80	81	81	82	83	84	84	85	86	89	90	92	94	
1719	7	8	10	12	13	81	82	83	83	84	85	86	88	89	91	96	99	
1720	10	12	14	15	82	83	84	85	86	88	89	91	93	96	101	
1721	86	87	88	89	90	91	92	94	95	
1722	87	88	90	90	91	92	95	96	
1723	17	53	56	87	90	91	93	95	
1724	50	51	52	53	54	55	57	58	92	93	
1725	45	49	51	53	88	92	97	
1726	53	
1727	55	
1746	100	
1748	84	
1749	96	
1750	83	93	
1751	84	86	90	
1752	80	81	83	86	92	
1753	11	81	83	85	89	
1754	5	81	83	84	85	86	94	
1755	10	81	82	82	83	84	84	85	87	89	99	
1756	11	81	82	82	84	85	86	87	89	90	92	93	96	101	
1757	7	12	81	82	85	86	86	89	90	92	95	99	
1758	52	53	55	85	86	87	88	90	91	92	94	96	99	
1759	83	85	86	87	89	90	93	94	97	
1779	91	
1781	4	
1782	57	
1783	86	
1784	5	
1785	83	
1787	13	87	99	
1788	13	84	94	
1789	81	84	94	98	
1790	81	82	83	85	
1791	81	82	83	85	88	
1792	81	83	83	84	85	86	88	96	
1793	79	81	82	84	85	88	91	
1794	84	95	
1808	90	
1813	99	
1814	48	
1815	98	
1816	57	
1817	102	
1819	34	
1822	85	
1823	82	
1826	85	
1827	53	
1828	84	97	
1840	52	
1847	15	15	
1848	14	
1850	12	
1861	38	84	89	
1882	8	
1885	82	
1887	22	57	
1891	1	9	
1894	40	88	
1913	43	
1915	10	
1928	99	
1930	17	
1943	46	
1944	100	
1946	20	
1948	44	
1952	4	
1963	40	
1974	62	
1982	30	
2008	81	
2011	10	
2031	68	
2050	69	
2051	86	
2060	87	
2065	40	
2071	17	
2072	68	
2081	10	10	
2102	22	
2105	18	
2112	80	
2147	11	
2154	97	
2156	37	
2182	7	
2183	8	
2191	14	
2211	14	
2256	7	
