81	53	
84	73	79	
118	73	74	76	
147	26	27	
186	93	
218	11	
321	93	
322	93	
323	91	92	
324	91	96	
325	92	97	
326	92	97	
327	92	
328	91	96	
329	92	
330	9	91	93	97	
331	12	83	86	88	90	91	93	93	96	
332	16	17	87	
352	92	
353	87	90	92	96	
354	83	86	87	90	91	93	94	96	99	
355	85	87	88	90	91	92	95	
356	83	86	88	89	90	91	93	95	98	
357	83	85	86	88	89	90	91	93	94	97	100	
358	82	86	87	88	89	90	91	93	93	96	
359	86	87	88	89	90	91	92	93	96	
360	13	85	86	87	88	89	90	91	92	94	96	
361	83	85	87	88	89	90	91	92	93	95	98	100	
362	82	85	86	87	88	89	90	91	93	93	95	
363	81	83	85	87	88	89	90	91	92	94	96	100	
364	9	82	83	85	86	87	88	89	90	91	95	
365	6	10	12	14	81	83	84	85	87	89	90	92	95	100	
366	13	16	17	18	19	20	23	
382	91	93	97	
383	87	92	
384	88	91	92	97	
385	52	87	91	92	94	98	
386	87	89	91	92	94	96	
387	81	82	83	84	85	87	88	89	91	92	94	98	103	
388	7	81	82	84	85	86	87	88	89	90	91	94	96	100	
389	81	82	83	84	85	86	87	89	90	91	93	95	98	99	
390	81	82	84	85	86	88	89	90	91	95	
391	80	81	82	84	85	86	87	89	90	92	96	99	
392	81	82	84	85	86	87	89	90	92	94	96	99	
393	80	81	82	83	84	85	86	88	88	89	91	93	94	97	99	
394	80	81	82	83	84	85	86	86	88	89	90	92	94	99	
395	12	81	82	84	85	86	87	89	91	94	101	
396	81	82	84	85	85	87	89	90	94	98	
397	80	81	82	83	84	85	87	89	90	93	95	98	
398	10	13	80	81	82	84	85	86	87	88	89	91	93	98	98	
399	6	8	10	11	12	12	13	14	14	15	16	17	18	80	81	83	84	85	87	89	
400	12	16	17	18	18	19	20	21	24	104	
414	93	
415	83	87	89	90	92	93	96	
416	82	84	86	87	89	90	91	92	95	98	
417	82	85	86	87	89	90	91	92	94	96	99	
418	82	85	86	87	89	90	91	92	94	96	
419	54	83	84	85	86	87	88	89	90	91	92	94	96	
420	81	83	84	85	86	87	89	90	92	93	95	
421	80	81	82	84	85	87	88	89	91	95	
422	79	80	81	82	83	84	86	88	91	98	100	
423	80	81	82	83	85	87	88	90	95	
424	80	81	82	83	84	85	89	93	93	99	
425	80	81	83	84	87	88	
426	7	80	82	83	85	87	89	
427	80	81	82	83	85	
428	68	81	82	84	85	90	99	
429	17	40	81	82	83	84	85	88	89	93	101	
430	13	20	38	39	46	80	81	83	85	89	99	
431	20	37	42	66	79	81	84	86	
432	9	13	14	16	20	28	46	67	80	81	83	85	
433	3	5	7	8	10	11	12	13	14	15	15	16	17	19	19	23	73	82	
434	16	17	17	18	19	20	21	22	23	
435	21	
446	58	
447	46	48	49	52	53	57	
448	50	54	86	90	91	95	
449	49	82	84	86	87	89	90	91	93	93	96	100	
450	9	80	81	82	83	84	85	86	87	88	90	92	94	
451	81	82	82	83	84	85	86	88	88	89	94	99	
452	80	81	82	83	84	85	86	88	90	93	97	100	
453	80	81	82	83	84	85	86	88	88	89	91	94	101	
454	47	79	80	81	84	85	86	89	99	
455	79	81	84	91	
456	84	89	
458	80	84	
459	82	84	
460	36	39	
461	66	
462	16	19	23	40	44	46	66	85	
463	13	18	19	33	38	42	59	67	
464	15	16	18	19	20	21	39	43	50	59	
465	11	15	16	17	18	18	19	20	21	25	33	39	42	44	45	47	48	50	59	68	69	73	
466	9	12	14	18	19	20	21	21	22	24	27	41	44	44	49	
467	5	7	11	12	13	14	14	15	17	19	20	21	21	22	23	27	45	69	
468	13	20	21	22	22	24	25	
479	56	
480	51	52	53	54	55	56	57	58	61	
481	33	37	42	46	47	48	49	50	51	54	56	
482	43	44	46	47	49	52	53	82	85	88	94	98	
483	39	46	47	80	81	83	83	84	85	87	89	
484	80	81	82	83	84	89	98	
485	47	81	83	83	85	93	103	
486	80	81	83	84	86	88	
487	51	57	80	81	84	86	
488	51	81	83	89	
490	19	46	66	84	
491	35	
492	18	24	40	44	66	
493	16	19	38	39	66	98	
494	12	15	16	17	19	21	42	45	47	67	
495	15	16	18	18	19	20	22	25	35	40	45	47	55	56	58	67	
496	12	16	17	18	19	20	21	21	24	26	28	40	42	44	45	47	49	68	
497	9	12	13	15	17	19	20	21	22	24	27	40	44	45	47	49	64	
498	11	12	14	15	18	19	20	21	22	23	23	24	27	44	65	69	
499	13	20	21	21	22	23	24	25	45	
500	15	21	22	23	25	
501	23	24	
513	57	
514	35	51	52	52	53	54	55	56	58	59	
515	42	45	47	49	50	51	51	52	53	54	56	57	58	59	
516	32	37	40	43	44	45	45	46	47	48	48	49	50	51	52	53	55	56	58	60	66	
517	30	41	43	44	45	46	47	48	48	49	52	56	72	80	
518	22	38	41	44	45	46	48	49	50	56	59	69	83	
519	19	20	22	26	29	35	38	41	43	44	46	47	49	56	66	68	
520	18	20	20	39	41	43	44	46	47	49	54	60	66	70	
521	20	21	23	38	42	43	45	46	47	47	48	57	
522	41	45	46	49	
524	16	18	19	25	37	40	48	56	58	59	66	
525	16	17	18	19	19	20	21	24	28	32	41	43	44	45	46	47	48	50	55	58	69	
526	18	20	21	22	24	38	41	44	45	46	48	48	70	
527	11	14	18	18	19	20	21	27	39	43	44	45	47	69	
528	6	10	13	13	14	16	17	19	20	20	22	24	26	42	44	47	59	63	
529	7	15	18	19	20	21	22	23	24	26	28	45	70	
530	20	21	22	23	24	44	51	63	70	
531	22	23	24	28	
532	4	22	23	25	
533	25	
548	54	55	
549	52	54	55	58	
550	51	52	54	55	56	58	62	
551	25	30	45	48	50	51	54	55	56	58	63	
552	23	23	24	32	44	45	47	50	53	53	55	57	58	61	
553	22	23	24	33	43	45	48	49	52	55	56	58	59	
554	20	22	24	25	31	43	45	48	50	51	52	53	54	55	56	57	59	61	63	67	
555	23	24	25	33	36	41	43	44	45	46	47	48	48	49	50	51	52	53	55	58	
556	23	23	25	27	32	40	42	44	45	46	47	49	50	65	66	
557	9	12	14	15	25	39	44	
558	7	12	13	14	15	16	17	18	19	20	21	24	27	70	
559	17	19	20	20	21	22	23	24	26	45	50	55	59	64	70	
560	13	21	22	23	25	26	43	45	48	55	58	65	69	
561	15	20	22	23	25	26	44	65	
562	20	22	24	
563	22	23	24	
564	24	
586	55	
587	25	50	55	
588	24	35	52	54	54	55	56	58	59	
589	25	47	50	51	52	53	54	55	56	59	
590	30	39	43	44	45	46	48	48	49	
591	5	11	14	23	25	44	65	69	
592	12	15	18	20	21	23	23	24	26	69	
593	21	22	23	27	
596	25	
606	14	15	15	
609	102	102	103	
618	86	
622	55	
623	54	
625	24	
626	24	
660	98	
1178	60	
1196	40	
1203	57	69	
1205	96	
1210	6	
1232	69	
1237	85	
1240	71	71	71	72	
1246	37	
1249	37	
1274	13	
1275	60	
1296	66	
1302	29	32	
1308	91	
1311	11	
1316	30	
1323	72	
1333	39	
1342	28	57	
1347	28	
1372	22	
1373	13	
1375	53	
1383	11	
1388	59	
1400	90	
1407	24	
1411	16	
1417	3	
1422	55	73	
1424	10	87	
1429	62	
1435	53	
1440	39	
1445	26	
1448	44	
1449	27	40	46	
1450	19	39	
1451	68	
1452	20	39	57	
1453	47	51	
1454	66	
1460	70	
1463	14	
1472	22	48	
1474	40	
1475	16	43	57	60	
1476	17	36	41	48	69	
1477	18	48	
1478	20	38	40	43	46	51	59	68	
1479	21	26	37	45	48	49	56	
1480	19	19	27	44	47	
1481	20	26	40	43	47	51	59	69	
1482	21	25	37	41	45	47	50	58	66	71	
1483	19	26	47	57	66	
1484	20	38	38	44	47	54	
1485	16	20	24	32	43	44	66	68	
1486	15	18	20	40	46	51	59	64	66	
1487	22	44	46	47	48	50	54	
1488	44	46	49	58	
1489	54	
1497	83	
1505	48	52	
1507	20	27	42	67	
1508	16	19	25	38	39	48	67	
1509	16	17	18	20	43	43	44	48	56	60	
1510	17	19	21	24	26	39	43	45	46	47	50	54	58	60	71	
1511	15	17	19	21	38	45	47	49	58	69	
1512	17	18	20	23	24	28	36	38	41	43	46	48	49	52	55	56	61	69	
1513	19	20	22	36	42	44	45	46	47	50	56	59	
1514	19	21	23	23	27	41	44	47	49	54	56	60	67	
1515	18	20	21	35	38	39	43	44	47	50	54	56	59	
1516	19	21	23	24	27	38	43	45	47	49	53	54	57	59	69	
1517	18	20	22	36	42	45	47	48	52	58	60	68	
1518	18	20	22	25	28	37	41	44	46	48	49	52	56	
1519	19	21	23	23	43	43	45	46	56	58	69	
1520	20	21	24	26	42	46	48	48	51	52	54	55	56	59	62	68	
1521	22	25	26	43	45	46	47	49	49	50	53	55	56	72	
1522	47	48	58	
1524	68	
1528	101	
1530	100	
1532	36	
1535	42	
1536	19	47	
1537	41	46	
1538	17	18	21	26	42	46	56	
1539	19	37	38	47	50	67	
1540	16	19	21	43	44	67	
1541	9	13	14	16	18	20	28	41	48	
1542	12	14	17	19	20	21	41	69	
1543	16	18	18	19	20	21	23	24	25	34	41	45	46	49	65	68	
1544	19	21	22	23	26	42	44	47	48	50	54	56	58	64	
1545	19	20	22	23	25	45	49	55	63	
1546	20	22	23	25	26	43	49	54	56	58	65	70	
1547	21	22	23	25	26	44	49	52	53	59	65	69	
1548	21	22	24	26	43	44	45	49	56	
1549	21	23	23	25	28	43	45	49	51	53	59	63	
1550	21	24	45	49	51	54	57	59	
1551	21	22	25	45	48	55	57	
1552	20	21	23	23	25	44	52	64	
1553	22	24	25	44	49	53	56	57	58	60	64	
1554	24	43	48	50	51	52	54	54	55	56	57	59	
1555	44	45	46	47	49	49	50	51	52	53	
1556	43	49	64	
1565	33	
1568	19	
1569	13	
1570	14	17	18	21	38	
1571	17	19	21	35	36	38	46	
1572	17	18	19	20	22	36	40	44	46	50	53	56	60	64	68	70	
1573	14	18	19	21	22	25	28	42	44	45	47	48	55	60	67	
1574	18	20	21	22	23	39	43	45	47	48	
1575	8	12	14	18	19	20	22	24	26	41	45	46	64	67	
1576	11	13	14	15	17	19	20	21	22	24	28	
1577	19	20	21	22	24	25	
1578	22	23	24	
1579	23	25	
1580	24	
1583	25	55	
1585	25	
1586	25	
1587	25	57	58	92	
1588	48	50	51	51	52	53	53	54	55	55	56	59	92	
1589	47	48	49	50	59	92	93	97	
1590	50	54	
1591	59	
1602	18	89	
1603	11	13	16	
1604	9	12	13	15	16	17	17	18	19	21	42	69	
1605	14	15	16	17	19	20	21	23	25	70	
1606	18	19	21	22	23	25	44	50	60	
1607	21	22	23	25	45	49	55	
1608	14	22	24	25	32	45	65	
1609	14	21	23	24	
1610	22	23	25	
1611	25	
1619	93	
1620	92	95	98	
1621	83	86	87	89	90	91	92	93	95	
1622	51	53	55	83	86	87	87	89	90	91	92	93	95	95	97	
1623	82	83	87	88	88	89	90	91	94	96	
1624	87	
1627	67	
1635	24	
1636	9	
1637	6	9	10	12	13	14	23	
1638	7	10	12	14	15	16	18	19	20	25	
1639	17	18	19	20	22	23	24	93	
1640	21	23	25	
1641	22	25	
1650	92	98	
1651	87	88	91	92	94	97	
1652	87	88	90	91	92	93	95	97	
1653	82	83	85	86	86	87	89	90	91	91	93	95	97	
1654	81	82	85	86	87	88	89	90	91	94	95	98	
1655	80	81	81	82	83	84	85	87	88	89	92	93	96	98	
1656	80	80	81	82	83	84	84	85	87	88	90	95	
1657	80	81	82	83	84	85	88	90	92	97	
1658	81	84	95	
1670	8	12	
1671	9	11	13	14	15	18	19	
1672	7	8	10	11	12	14	15	21	93	95	
1673	10	13	15	87	88	91	92	94	96	
1674	87	90	91	92	93	94	96	
1675	88	91	92	95	97	
1676	87	90	91	92	94	95	
1677	86	87	88	91	92	93	95	98	
1678	17	91	93	
1680	91	93	96	
1681	86	87	88	91	92	93	94	96	
1682	86	87	90	90	91	92	95	96	
1683	87	89	90	91	91	92	93	95	98	
1684	82	83	86	87	88	89	90	91	92	94	95	98	
1685	81	82	84	85	86	87	89	90	91	94	97	101	
1686	80	81	81	82	84	84	85	87	89	90	93	95	
1687	80	81	81	82	83	84	85	86	88	88	92	96	99	
1688	80	81	81	82	83	84	85	86	88	90	98	
1689	80	82	83	86	
1690	82	85	
1691	80	84	87	
1692	39	90	
1695	57	
1697	60	93	
1704	13	
1706	8	10	82	85	88	100	
1707	9	13	15	81	81	82	83	84	85	85	86	89	90	93	95	98	
1708	10	81	82	83	83	84	85	86	87	89	90	91	97	98	
1709	81	82	83	84	85	86	87	88	89	90	91	93	95	100	
1710	9	81	81	82	83	85	86	87	88	89	90	92	93	94	97	98	
1711	6	10	12	13	15	81	82	83	84	84	85	86	87	89	90	92	94	96	101	
1712	7	12	15	81	82	83	85	86	87	88	89	90	91	92	94	98	102	
1713	52	53	59	86	88	91	92	95	
1714	85	87	88	89	90	92	94	98	
1715	6	81	82	83	84	85	86	87	89	90	94	96	98	
1716	81	82	83	83	84	85	86	87	88	89	91	93	98	98	101	
1717	81	82	82	83	84	85	85	87	88	90	91	94	
1718	80	81	81	82	83	84	85	86	89	90	92	94	
1719	80	81	82	83	84	85	88	90	97	
1720	81	82	83	85	91	93	98	
1721	80	81	84	
1722	81	84	90	94	
1723	85	
1724	103	
1726	92	
1728	32	
1731	93	94	95	
1735	89	
1739	13	
1740	15	86	88	94	
1741	80	82	84	89	94	101	
1742	11	81	82	84	87	94	
1743	79	80	81	84	85	90	93	99	
1744	79	80	81	83	84	86	88	91	
1745	8	10	14	80	81	82	84	85	90	
1746	7	12	80	81	82	84	85	87	89	91	94	98	
1747	54	81	82	83	84	85	86	88	89	90	92	94	95	99	
1748	53	81	82	84	85	87	89	90	93	95	
1749	79	80	81	84	86	90	95	
1750	79	80	82	84	86	91	94	
1751	79	81	82	83	84	87	93	101	
1752	80	83	87	89	
1753	81	83	
1754	87	
1763	9	
1764	7	7	8	
1767	101	
1771	22	
1773	15	
1774	84	
1776	86	
1777	84	91	
1779	3	10	14	87	
1780	4	82	84	96	
1781	81	82	84	86	91	100	
1782	79	81	82	83	85	87	88	90	94	
1783	80	83	
1786	84	
1788	87	
1789	5	
1791	10	
1805	64	
1809	43	
1813	85	
1814	86	91	94	
1815	81	84	
1816	93	94	95	
1818	86	
1824	78	
1825	1	
1849	37	
1850	83	
1851	84	
1877	79	
1879	57	
1881	12	62	
1882	21	
1890	26	
1896	45	
1913	46	
1961	78	80	
1963	50	
1976	62	
2003	7	
2009	102	
2016	70	
2017	70	
2018	83	
2019	83	
2043	15	
2052	15	
2053	28	
2127	79	
2133	49	
2136	7	
2159	86	
2166	28	
2180	31	96	
2219	14	
2237	94	
