80	49	50	
183	16	
220	101	
254	1	93	
388	93	
389	88	91	92	96	
390	87	92	93	97	
391	87	90	91	92	96	
392	87	91	93	96	
393	87	91	93	93	97	
394	88	91	93	94	98	
395	87	91	92	94	
396	87	90	91	95	
397	87	91	93	95	
398	86	88	90	92	95	
399	87	91	92	93	98	
400	91	94	
401	17	
415	91	
416	92	
417	87	91	93	97	
418	92	
419	91	93	
420	87	92	97	
421	87	88	91	92	95	
422	82	86	88	88	90	91	93	95	
423	82	83	85	87	89	90	91	94	
424	10	83	85	86	87	89	90	91	95	
425	82	83	84	85	87	87	88	89	90	92	94	
426	81	82	85	86	87	88	90	91	95	
427	7	81	82	83	84	85	86	88	89	90	91	95	
428	82	85	86	87	89	90	92	94	
429	82	83	85	86	87	89	90	91	94	99	
430	82	83	85	86	88	88	89	90	93	97	98	
431	82	83	84	85	86	87	89	90	95	99	
432	81	83	84	85	86	87	89	90	93	96	99	
433	12	81	83	84	85	86	87	88	89	90	94	
434	13	16	18	82	85	86	88	89	90	93	
435	17	19	88	
439	74	74	
447	53	
448	46	
449	86	89	90	94	
450	81	82	85	86	87	88	89	91	93	96	
451	83	84	86	87	88	89	90	91	95	
452	83	85	86	87	88	90	91	93	95	102	
453	82	83	86	87	88	89	90	91	94	99	
454	81	82	83	85	86	87	88	89	90	94	
455	17	56	80	81	82	84	85	86	89	94	99	
456	17	33	42	46	47	56	58	80	81	82	84	85	86	89	98	
457	18	19	41	45	46	48	57	67	68	81	82	84	88	99	
458	14	18	19	20	26	29	33	38	42	43	47	56	68	80	81	82	84	85	86	99	
459	17	19	20	42	44	47	56	59	80	81	83	85	
460	18	19	20	42	44	46	47	48	50	57	59	69	80	81	83	85	
461	20	27	40	44	45	47	48	57	58	66	69	79	80	81	83	84	
462	20	21	27	42	43	45	47	48	48	49	56	80	82	83	85	88	
463	19	20	21	28	42	43	44	46	48	49	56	57	58	67	71	80	81	84	99	
464	20	21	27	29	42	44	45	46	48	49	50	57	59	80	81	84	
465	19	20	26	28	41	44	44	46	48	49	52	57	59	68	79	80	84	
466	18	19	20	21	28	39	43	43	44	45	46	48	49	56	69	79	81	84	
467	10	15	19	20	21	42	44	46	49	68	79	80	82	83	85	
468	7	10	11	13	14	15	18	18	19	20	22	28	67	69	80	81	83	84	
469	21	22	24	
480	57	
481	34	53	54	56	57	59	
482	41	47	47	49	50	52	56	
483	40	43	47	47	48	81	84	89	
484	19	40	43	47	71	81	82	83	83	84	85	88	
485	12	39	43	43	46	70	80	81	83	83	84	85	100	
486	16	18	19	31	39	41	46	47	48	56	70	79	80	81	82	83	84	85	88	98	
487	17	19	20	40	44	46	48	68	68	79	80	81	82	84	85	88	98	
488	15	17	19	20	41	43	45	47	61	68	80	81	82	84	89	
489	18	18	19	20	27	42	44	45	47	53	57	63	79	80	81	84	
490	20	21	22	27	29	44	50	57	68	73	80	
491	20	21	23	24	32	45	47	48	54	64	
492	13	20	21	23	24	44	45	47	53	59	64	
493	21	23	23	25	45	55	58	65	
494	22	24	25	27	30	53	55	58	65	
495	22	23	24	25	45	52	53	55	58	
496	23	23	25	27	33	45	50	55	59	65	
497	22	24	25	52	54	62	
498	22	23	25	27	29	50	55	59	
499	22	23	24	44	51	55	62	65	
500	21	24	25	27	36	44	50	60	
501	14	22	24	25	42	
502	4	22	23	25	27	
503	24	
515	52	54	55	57	60	
516	35	45	47	50	52	53	54	55	56	58	59	
517	44	45	47	49	50	52	53	55	65	
518	24	31	43	45	45	47	49	51	55	58	58	63	68	69	79	
519	19	22	42	44	45	46	50	55	65	67	
520	13	18	20	21	23	26	44	50	64	80	
521	20	21	23	23	25	45	49	63	63	79	
522	21	22	24	25	26	45	
523	22	23	23	24	65	
524	22	24	25	54	
525	25	
526	25	
527	24	
534	35	
551	53	55	
552	25	
553	24	55	
554	22	23	
555	25	
584	79	
1163	22	
1167	46	
1169	54	
1174	77	
1181	100	
1188	5	
1205	65	
1206	26	
1207	11	
1210	15	
1217	51	
1222	64	
1226	87	
1232	18	
1237	54	
1247	29	
1252	13	
1270	25	
1278	14	
1285	8	
1295	81	
1310	33	
1313	29	
1323	12	
1330	52	
1338	19	25	
1343	30	49	
1350	28	
1352	10	
1353	14	72	
1376	90	90	
1378	14	
1379	79	
1389	69	
1402	48	
1409	5	
1414	11	
1419	78	
1420	30	
1422	58	
1448	79	
1450	27	85	
1456	13	
1458	3	74	
1460	12	
1476	65	
1483	64	
1489	8	
1491	8	
1492	67	
1506	50	
1507	42	
1508	47	52	
1509	47	
1511	39	
1512	39	48	
1513	50	
1514	23	40	
1515	72	
1516	40	47	
1517	46	54	57	
1519	48	
1520	46	
1521	31	41	72	
1528	72	
1537	8	
1538	19	
1542	18	19	68	70	
1543	21	57	66	
1544	16	18	23	24	45	46	48	56	
1545	19	40	43	46	53	68	73	
1546	19	24	41	44	46	48	50	56	61	
1547	20	41	44	46	48	51	56	66	
1548	20	23	39	44	46	51	57	61	
1549	19	22	39	43	46	48	68	
1550	19	22	43	43	47	48	55	57	
1551	20	25	32	40	47	51	
1552	20	41	44	46	48	49	57	59	66	71	
1553	19	23	25	26	31	39	44	46	55	57	68	
1554	28	38	43	43	47	50	54	57	67	
1555	40	45	46	48	48	51	
1556	45	46	68	
1557	43	
1565	28	
1569	21	
1571	18	19	42	43	47	
1572	19	41	48	51	
1573	19	37	45	46	58	69	
1574	19	43	47	49	67	69	
1575	15	20	41	43	47	
1576	17	19	21	41	45	46	69	
1577	10	14	17	19	41	44	59	70	
1578	16	18	19	20	22	23	28	29	44	48	56	58	68	
1579	18	19	20	21	25	26	44	51	55	59	65	
1580	20	21	23	24	27	44	49	52	56	59	65	
1581	20	22	24	28	30	43	44	49	51	58	60	
1582	20	22	23	25	45	48	51	55	
1583	19	21	24	26	44	49	55	58	64	
1584	20	22	24	26	32	44	45	48	51	54	65	
1585	19	21	22	24	45	55	57	58	65	
1586	22	23	27	44	50	54	57	60	
1587	21	28	45	49	52	54	58	
1588	20	21	23	24	26	45	47	48	50	53	55	56	58	60	63	
1589	22	25	44	49	51	52	54	56	60	
1590	43	45	47	48	49	52	
1591	44	
1593	57	60	60	61	
1597	3	
1603	16	
1604	11	13	16	18	
1605	17	19	20	57	67	
1606	17	18	19	22	24	27	28	43	45	47	49	56	60	66	
1607	20	22	24	29	43	45	46	48	54	57	59	
1608	19	21	25	44	45	48	54	57	62	67	69	
1609	15	20	21	23	25	43	45	48	49	54	
1610	15	21	22	24	26	44	62	64	
1611	11	15	21	23	25	27	45	
1612	23	24	
1613	23	92	
1614	91	92	
1615	88	91	92	96	
1616	87	91	93	95	
1617	87	89	90	92	94	97	
1618	90	92	96	
1619	88	93	96	
1620	87	88	91	95	97	
1621	87	88	90	92	93	96	
1622	87	91	92	94	98	
1623	25	52	53	54	55	90	91	92	94	98	
1624	53	55	87	88	91	
1625	49	
1634	42	
1637	11	
1638	7	9	11	12	13	15	16	
1639	12	15	16	18	20	22	23	91	
1640	18	21	23	88	92	
1641	24	93	
1642	24	91	93	
1643	23	25	92	
1644	87	88	91	92	95	
1645	86	87	90	92	96	
1646	86	88	89	90	92	93	95	
1647	82	87	89	90	95	100	
1648	82	84	85	86	89	90	92	94	100	
1649	82	85	86	87	89	91	95	99	
1650	81	83	85	86	88	90	95	99	
1651	81	81	82	83	83	84	86	89	91	95	99	
1652	81	82	84	85	88	89	90	93	94	100	
1653	80	81	82	84	85	87	89	90	96	99	
1654	81	82	83	85	86	90	93	98	
1655	80	81	82	84	85	89	94	
1656	80	81	82	83	84	85	88	88	90	97	
1657	82	83	83	84	85	86	88	90	
1658	81	82	85	87	91	93	98	
1659	82	96	
1669	29	
1671	11	21	
1672	10	12	13	
1673	7	11	13	21	82	87	93	
1674	8	8	82	83	87	89	90	93	95	
1675	86	88	89	90	92	94	
1676	83	85	86	87	89	90	91	94	
1677	81	82	84	85	86	88	89	90	92	94	97	98	
1678	82	83	85	86	89	92	94	99	
1679	81	82	84	85	86	89	103	
1680	81	82	84	85	89	101	
1681	79	80	83	83	85	89	94	
1682	80	81	84	85	89	96	
1683	79	80	82	83	85	
1684	78	80	82	84	88	89	
1685	79	80	85	
1686	79	81	83	
1687	79	80	83	
1688	80	82	86	89	
1689	80	86	89	
1690	80	85	
1691	79	82	85	96	
1692	82	85	
1694	84	
1705	14	
1707	4	14	81	84	93	
1708	79	81	82	85	89	
1709	79	80	81	83	83	84	86	89	99	
1710	79	80	81	82	84	86	90	94	
1711	79	80	81	83	86	
1712	79	80	82	84	86	88	100	
1713	79	83	85	93	102	
1714	81	89	100	
1715	94	
1716	83	
1717	88	98	
1718	101	
1720	3	
1721	91	
1723	83	
1724	84	
1725	20	
1727	19	19	20	67	96	
1742	94	
1743	81	89	95	99	
1744	81	
1746	9	
1748	88	
1751	49	
1754	94	
1765	103	
1769	44	
1773	63	
1776	87	
1779	85	
1785	45	
1799	103	
1800	68	
1813	30	86	93	
1817	9	
1823	1	100	
1826	13	56	
1844	21	
1845	98	
1847	5	
1850	103	
1855	20	
1862	80	
1866	103	
1883	31	
1894	46	
1895	83	
1904	96	
1911	46	
1913	99	
1924	9	
1939	89	
1963	78	
1970	89	
1975	63	
1991	84	
2001	102	
2010	45	47	
2015	5	
2020	70	
2027	85	
2047	60	
2059	83	
2069	27	
2103	18	
2105	15	
2109	30	84	
2112	83	
2143	14	
2147	31	
2214	96	
2237	17	
2269	101	
