15	67	
182	20	21	
230	92	96	
231	86	87	90	92	96	
232	16	88	
251	87	91	93	95	97	
252	83	86	87	89	90	92	94	96	
253	87	96	
261	92	
262	88	91	93	
263	87	91	94	
264	83	86	87	89	90	92	95	97	
265	7	11	14	82	83	85	86	87	88	89	90	95	
266	13	16	16	17	19	81	86	
282	56	
283	47	52	
284	50	88	91	93	
285	78	80	82	85	86	88	89	91	95	
286	7	9	11	77	80	82	83	84	85	86	86	88	88	89	91	94	97	
287	13	15	16	18	18	77	81	85	93	
288	17	22	
294	87	91	96	
295	82	86	87	88	90	91	93	94	97	100	
296	81	83	85	87	87	89	91	92	95	97	100	
297	82	83	85	86	87	88	88	90	91	92	93	96	99	
298	9	78	80	81	83	84	85	86	87	88	90	92	94	97	
299	4	7	9	10	11	14	15	16	19	76	78	78	80	81	83	84	85	86	102	
300	13	16	16	17	17	19	20	21	24	
301	18	21	
316	52	53	57	59	
317	36	41	46	47	49	50	51	52	55	
318	44	46	49	50	87	92	
319	9	78	80	82	84	88	91	95	
320	7	9	11	11	13	14	15	77	78	78	79	81	82	84	85	
321	7	11	13	14	15	16	17	17	19	20	21	79	83	
322	17	18	19	21	22	
326	92	
327	87	89	91	92	93	96	
328	81	83	84	86	87	88	88	90	92	93	95	
329	78	80	81	83	84	85	86	86	87	88	89	90	92	95	98	
330	77	79	80	81	82	84	85	86	88	89	90	94	97	
331	41	77	78	80	81	82	84	85	86	90	94	
332	8	10	16	17	19	26	28	39	67	78	80	81	84	
333	5	6	10	11	12	13	13	14	14	15	16	17	17	18	19	20	21	80	
334	17	19	20	21	21	22	24	
335	21	23	
349	57	
350	51	52	54	55	56	
351	46	47	48	49	50	51	52	53	53	54	55	60	
352	44	45	47	48	49	50	86	91	96	
353	10	86	92	95	
354	5	6	8	9	10	11	12	13	14	15	16	80	
355	11	12	14	15	16	17	18	18	19	20	21	24	27	
356	21	23	
358	93	
359	55	56	88	90	91	96	
360	51	52	53	86	87	88	90	91	92	94	97	99	
361	52	82	85	86	87	89	90	91	94	96	
362	36	78	78	80	81	83	84	85	87	89	90	93	96	98	
363	16	19	38	40	47	78	79	81	84	86	
364	9	14	17	19	35	43	67	78	78	79	81	83	85	
365	9	12	13	15	16	17	19	19	20	40	43	64	66	78	80	
366	6	8	10	12	14	15	16	17	19	19	20	21	22	24	26	64	68	69	79	
367	13	14	15	17	20	21	22	23	24	25	26	
368	2	22	23	23	25	
383	56	
384	51	52	53	54	55	
385	46	47	48	49	50	51	54	55	58	92	94	
386	44	45	46	49	82	86	88	88	90	91	93	96	
387	9	10	13	67	83	86	89	
388	3	7	10	11	12	12	13	14	14	15	16	17	19	20	21	28	
389	12	20	20	21	22	24	
390	91	93	95	
391	86	88	89	90	92	95	97	
392	86	87	88	89	90	91	93	95	97	
393	82	83	84	86	87	87	89	90	92	93	95	97	
394	36	54	78	80	81	82	83	85	86	87	88	88	90	92	94	97	
395	34	38	42	53	77	79	80	81	83	83	84	85	87	88	91	94	99	
396	11	14	16	19	33	36	42	48	59	68	78	79	81	84	
397	11	14	16	17	18	19	19	20	24	34	40	42	43	44	47	62	64	80	
398	10	12	14	15	18	20	21	22	23	24	28	40	44	63	64	67	69	
399	10	13	14	15	20	21	22	23	24	25	44	68	
400	12	21	22	23	23	25	28	
405	69	70	
417	48	51	52	58	
418	46	47	49	50	51	52	54	55	
419	44	46	47	48	50	54	85	88	89	92	
420	80	82	84	86	90	93	97	
421	7	10	11	12	14	15	84	
422	2	4	13	15	16	17	19	21	24	
423	22	92	97	
424	78	81	83	85	86	87	88	90	91	93	95	97	99	
425	77	80	81	82	83	83	84	85	86	87	89	90	91	94	96	
426	36	77	79	80	82	83	83	84	85	86	87	89	90	95	99	
427	36	43	77	78	78	79	80	81	82	84	85	87	89	95	
428	9	16	18	20	41	77	79	81	82	83	84	86	
429	11	12	13	14	17	18	19	26	42	67	68	78	80	84	
430	7	8	10	12	14	15	15	16	17	18	18	19	20	21	24	65	
431	12	15	19	20	21	22	24	25	44	65	69	
432	21	22	23	23	25	
433	25	
450	56	
451	47	50	51	52	53	55	56	
452	47	48	48	49	50	51	52	54	55	60	
453	44	47	49	51	80	85	90	92	95	
454	9	78	81	84	86	88	91	95	
455	4	6	8	10	11	13	14	15	84	
456	86	91	96	
457	82	85	87	88	90	93	94	96	
458	77	79	80	82	83	84	85	86	87	88	90	95	
459	78	79	80	81	83	84	85	88	94	
460	13	16	17	19	38	42	67	78	79	81	84	
461	10	14	16	17	18	18	19	28	39	42	45	48	60	68	79	83	
462	9	12	14	16	17	19	19	20	21	24	30	40	43	44	64	67	
463	4	10	12	14	15	18	19	20	21	22	23	24	29	72	
464	21	22	23	24	
465	22	25	
469	48	48	49	
484	52	57	
485	47	50	51	52	53	54	54	56	57	60	
486	43	45	46	47	48	48	49	50	51	54	93	
487	45	81	83	86	88	88	91	98	
488	14	79	83	88	90	
489	8	88	98	
490	80	82	83	85	88	91	94	
491	77	79	80	81	84	85	86	88	98	
492	17	18	34	40	47	66	78	80	82	85	
493	11	14	15	17	18	19	20	21	39	42	43	63	63	67	71	79	
494	8	11	12	14	15	17	18	18	19	20	21	22	23	38	70	78	
495	12	15	19	20	21	21	22	24	25	27	28	45	64	68	
496	20	21	22	23	23	24	
497	5	22	25	
518	52	55	56	
519	47	48	50	51	51	52	54	55	56	
520	45	47	49	50	54	86	88	88	91	96	98	
521	44	46	49	56	80	82	84	86	87	90	92	94	
522	9	83	
523	84	
524	19	68	79	84	89	
525	9	11	14	16	18	19	34	39	42	63	66	79	84	
526	6	8	11	13	14	15	16	16	17	18	18	19	20	20	22	24	28	39	43	71	
527	10	12	14	15	19	20	21	21	22	23	25	26	29	64	
528	4	12	15	20	21	22	23	25	
529	22	24	
535	30	31	33	
551	57	
552	48	50	51	53	54	56	57	
553	49	50	51	52	54	88	92	96	
554	48	49	50	79	82	85	87	88	89	91	93	95	98	
555	38	77	79	81	84	86	89	95	99	
556	38	65	87	
557	10	15	17	20	35	38	42	71	
558	8	10	12	14	15	16	17	19	20	22	26	42	67	71	
559	5	11	11	13	13	14	15	16	17	18	18	19	20	21	22	23	63	68	
560	12	14	16	17	19	20	21	22	24	44	
561	21	22	23	24	
585	47	51	52	53	
586	47	49	51	52	53	53	55	58	90	96	
587	37	46	50	51	55	81	82	85	86	88	89	91	92	94	97	99	
588	35	38	77	80	81	82	84	85	86	87	89	91	93	97	
589	16	37	43	48	67	79	82	84	
590	8	12	14	17	18	20	37	41	42	46	63	66	
591	9	11	12	13	14	15	16	17	17	19	20	20	21	24	26	65	67	69	
592	10	12	15	15	17	18	19	19	20	21	22	24	27	43	65	72	
593	13	19	21	22	23	24	25	70	
594	22	25	
595	23	
608	7	
618	51	52	54	57	
619	43	47	48	49	51	52	53	55	
620	45	46	49	51	54	86	90	94	
621	48	79	80	82	84	85	87	89	95	
622	14	16	18	39	42	46	66	79	80	81	83	84	85	
623	8	9	11	14	16	17	19	19	28	39	42	45	47	67	69	
624	9	11	13	13	14	15	17	18	18	19	20	21	22	26	42	63	72	
625	5	6	12	14	17	19	20	21	22	23	24	
626	20	21	22	23	23	24	
627	22	25	
643	1	2	
651	57	
652	34	37	48	50	51	52	53	54	55	56	57	60	
653	36	41	43	45	46	47	47	49	49	50	51	54	
654	32	38	39	41	44	46	48	49	54	80	85	
655	9	28	45	70	78	81	84	
656	7	8	11	12	13	14	15	16	18	19	20	21	23	68	79	
657	11	13	14	15	17	19	19	20	21	22	23	25	45	64	70	
658	18	20	21	22	24	26	45	
659	23	25	
660	23	
686	51	52	52	53	54	55	56	57	60	
687	43	47	48	50	51	52	53	54	59	63	
688	33	40	43	44	45	46	49	62	72	
689	10	24	26	45	65	70	
690	11	13	14	15	16	19	21	23	24	27	43	68	
691	3	20	21	22	24	25	26	
692	22	
720	53	54	
721	55	
722	54	63	65	
724	22	24	
1161	90	
1164	52	
1172	73	
1186	84	
1192	88	
1201	33	
1203	101	
1206	4	
1208	81	
1217	59	
1219	2	
1232	38	100	
1240	23	
1242	11	
1251	3	
1263	38	
1266	15	
1276	24	
1277	79	
1296	26	
1298	38	
1304	8	
1305	30	
1308	80	
1314	82	
1330	37	
1333	51	
1337	25	
1338	22	
1341	64	
1344	32	
1346	101	
1347	77	
1351	59	
1352	40	
1356	54	
1362	24	
1374	38	
1381	23	
1384	18	40	
1385	39	66	
1386	17	19	27	40	47	56	67	
1387	21	45	53	64	
1388	49	
1389	49	
1391	66	69	
1392	59	
1405	16	21	
1406	18	33	36	43	56	68	
1407	20	26	36	40	43	47	57	66	
1408	22	42	46	
1415	18	
1416	19	39	64	
1417	32	39	
1418	14	18	20	41	46	68	
1419	13	18	18	20	37	39	66	
1420	17	19	20	21	32	35	41	43	44	46	47	48	50	52	56	58	
1421	21	22	41	44	46	47	49	51	63	71	
1422	53	54	
1424	73	
1435	25	
1439	10	
1440	12	15	16	19	21	56	61	
1441	17	18	19	20	21	23	26	37	39	42	45	48	50	52	54	56	58	61	66	69	
1442	20	22	23	24	27	42	43	44	47	49	51	
1443	43	45	46	49	54	71	74	
1447	27	32	38	
1448	17	18	
1449	11	41	
1450	12	17	20	38	47	68	
1451	12	15	16	17	19	21	24	33	37	39	42	43	48	67	
1452	9	14	17	18	19	20	21	28	40	43	46	61	64	
1453	11	15	18	18	19	21	23	24	43	53	56	58	67	71	
1454	19	21	22	24	28	34	47	48	49	50	51	51	52	54	57	64	
1455	21	23	24	43	44	46	48	49	51	
1456	43	48	
1461	6	
1469	92	
1473	9	11	13	
1474	6	9	10	12	14	15	17	19	55	56	58	
1475	13	16	17	18	19	21	22	23	27	36	48	49	50	51	53	53	54	56	58	60	
1476	18	22	43	44	45	46	47	48	49	50	52	74	
1477	43	46	49	61	
1478	42	57	
1479	29	
1480	38	
1481	13	
1482	17	18	41	67	
1483	11	14	17	19	21	41	66	
1484	7	12	15	16	17	18	19	20	22	24	28	42	47	62	64	67	73	
1485	13	17	19	20	21	22	23	25	27	28	45	62	67	
1486	15	20	22	24	44	65	
1487	23	24	52	53	54	55	57	
1488	22	24	47	50	51	53	53	55	56	88	92	98	
1489	48	50	55	83	86	88	90	92	94	96	
1490	98	
1506	13	29	
1507	10	12	14	17	
1508	8	9	11	11	13	13	14	15	16	17	19	20	25	27	28	56	
1509	13	15	17	18	19	20	21	22	23	47	48	50	51	51	52	53	54	59	
1510	43	44	45	46	49	50	53	54	56	
1511	12	48	
1512	39	52	
1513	13	43	47	
1514	20	32	37	38	67	
1515	10	15	17	18	20	42	64	66	
1516	9	12	14	16	17	19	20	22	24	39	71	
1517	9	11	12	14	15	16	18	18	20	21	22	24	67	68	
1518	12	19	21	22	24	25	28	
1519	16	22	24	93	
1520	52	56	88	91	92	93	
1521	52	53	54	55	87	88	90	91	93	94	96	
1522	50	53	85	86	88	88	89	91	94	96	
1523	77	79	80	81	83	84	85	87	89	91	94	
1524	80	84	
1527	9	
1538	17	97	
1540	12	14	20	
1541	6	9	10	12	14	16	17	18	
1542	5	7	11	12	13	14	15	16	17	18	19	20	21	52	52	58	
1543	19	19	20	21	23	25	46	47	49	50	51	52	53	54	55	57	
1544	34	45	46	49	50	53	62	86	88	89	91	95	98	
1545	40	44	46	48	60	93	
1546	16	39	42	45	46	67	71	
1547	14	18	18	20	22	27	36	39	42	46	60	64	
1548	9	15	16	19	20	22	27	40	62	67	69	
1549	11	13	13	15	17	18	18	20	21	23	23	26	45	
1550	8	9	12	15	17	19	20	21	24	43	65	70	
1551	22	23	24	
1552	2	22	23	91	92	97	
1553	83	85	86	87	89	90	91	94	96	
1554	24	81	82	85	85	86	87	89	90	91	95	98	
1555	55	80	81	82	83	85	87	88	88	90	95	
1556	77	79	81	82	83	84	86	87	90	96	
1557	79	80	86	99	
1558	81	84	
1560	54	66	
1564	94	
1574	10	12	14	19	27	29	
1575	7	8	10	11	12	14	15	16	18	20	24	57	65	67	
1576	15	16	16	17	19	20	21	22	24	27	47	48	52	53	54	55	56	
1577	21	22	38	42	45	47	49	52	54	58	
1578	31	41	63	77	80	82	84	85	
1579	17	20	38	46	55	
1580	13	13	16	18	18	18	19	21	24	27	33	34	41	44	47	57	59	63	71	
1581	14	19	21	22	23	42	44	62	64	68	68	
1582	10	14	19	21	22	24	44	
1583	12	15	21	23	24	65	68	
1584	22	24	52	
1585	53	53	91	93	95	97	
1586	51	82	83	87	88	89	90	92	93	95	
1587	76	77	79	80	81	83	84	85	87	88	92	93	
1588	77	78	79	80	81	83	83	85	87	89	95	
1589	78	79	80	82	84	92	
1590	78	81	84	86	92	
1591	79	83	
1592	101	
1594	62	65	65	
1607	16	
1608	8	9	10	13	13	15	17	19	66	
1609	6	10	11	12	13	14	15	16	17	19	20	21	22	24	53	55	57	
1610	17	18	20	21	22	24	43	46	47	49	50	51	54	62	
1611	23	33	34	39	42	44	45	46	48	50	54	62	
1612	9	41	45	
1613	10	12	13	15	19	19	21	25	65	66	
1614	21	23	23	25	44	64	
1615	23	25	64	
1616	25	
1617	87	88	89	90	91	93	95	97	
1618	51	54	86	87	88	89	90	92	94	96	99	
1619	53	77	78	80	81	83	84	85	86	87	88	88	89	91	95	98	
1620	77	79	80	82	84	85	88	89	92	97	
1621	80	83	87	90	
1622	78	
1623	85	
1636	41	
1640	31	
1641	9	
1642	6	10	11	14	15	19	20	
1643	8	11	12	13	15	15	16	17	18	19	20	22	24	26	
1644	18	20	21	22	23	25	53	55	56	
1645	43	44	54	65	
1646	13	23	64	
1647	24	73	
1648	88	97	
1649	51	52	86	87	88	90	92	95	97	
1650	86	87	89	90	91	93	94	96	98	
1651	77	81	82	84	85	85	87	89	92	95	
1652	76	77	79	80	81	83	84	86	89	91	98	
1653	76	78	79	80	81	84	86	91	93	
1654	79	81	84	87	89	
1655	78	85	
1656	84	
1657	40	41	41	42	
1659	38	
1668	5	
1674	15	16	25	
1675	8	10	15	16	
1676	8	8	10	11	12	13	14	15	17	18	20	24	27	67	
1677	3	11	12	15	15	16	17	18	19	20	21	22	24	
1678	18	22	23	
1680	52	56	74	
1681	50	88	93	
1682	50	54	86	87	89	90	91	93	95	97	
1683	54	77	79	80	82	83	85	86	87	89	90	92	94	
1684	76	77	78	78	79	80	81	82	83	84	85	87	88	90	93	
1685	77	78	79	81	83	85	87	
1686	79	83	89	95	100	
1687	84	
1700	100	
1701	50	
1708	9	17	38	
1709	9	11	13	13	14	16	18	19	67	
1710	5	7	10	11	12	14	14	15	16	18	18	19	20	22	24	
1711	12	15	17	17	21	22	23	24	26	72	
1712	22	23	
1713	57	57	92	
1714	49	50	52	53	87	88	90	91	93	95	97	
1715	51	78	82	83	85	86	87	89	90	91	94	96	97	99	
1716	76	77	79	80	81	83	83	84	85	87	88	90	93	93	97	
1717	77	78	79	80	82	84	87	89	92	98	
1718	79	83	84	89	
1719	80	
1721	87	
1733	94	
1741	11	13	17	
1742	9	11	14	15	17	18	20	67	
1743	5	8	10	12	14	15	16	17	19	20	22	23	25	
1744	12	13	15	15	17	18	20	21	22	25	
1745	22	23	53	
1746	51	53	87	88	90	92	97	
1747	50	82	87	88	89	90	91	94	95	98	
1748	53	57	77	78	80	81	83	86	87	88	89	91	93	95	
1749	76	77	79	80	81	82	84	85	87	88	94	
1750	79	81	85	90	
1751	71	80	85	
1752	79	
1758	28	40	
1760	94	
1763	9	
1764	8	
1765	15	
1770	50	
1774	10	87	
1775	10	12	14	
1776	8	9	11	12	14	15	15	16	16	18	19	20	21	69	
1777	12	13	15	17	18	19	20	21	23	24	26	
1778	21	23	24	52	93	
1779	51	52	86	87	89	90	91	93	94	95	97	
1780	51	56	82	83	85	85	86	87	89	89	91	93	94	95	98	
1781	55	77	78	80	81	82	83	84	85	87	89	92	93	97	
1782	77	79	80	82	84	85	90	93	94	100	
1783	78	81	84	93	
1784	79	88	
1798	3	4	
1808	10	
1809	9	10	11	13	14	15	16	
1810	7	12	13	14	15	16	18	20	24	
1811	22	51	53	88	90	92	
1812	50	83	86	87	87	89	90	91	93	94	96	
1813	55	78	80	81	82	84	85	86	87	88	89	92	96	
1814	76	78	79	80	81	82	83	84	85	86	88	95	
1815	79	80	81	83	85	
1816	79	82	88	
1817	79	
1829	60	
1830	98	
1841	4	
1843	5	7	8	10	13	13	17	
1844	6	12	15	52	86	90	
1845	54	78	81	82	85	86	87	89	90	94	96	98	
1846	77	79	80	81	83	84	85	86	87	88	90	92	96	
1847	77	79	81	84	85	89	91	
1848	79	81	84	88	96	
1849	8	35	81	84	
1869	87	
1872	64	
1877	11	
1878	78	86	
1879	79	80	82	84	85	89	94	
1880	77	78	80	82	84	86	
1881	81	84	
1888	73	
1892	28	
1913	79	82	84	93	
1914	67	82	87	
1917	42	
1922	72	
1923	48	
1926	27	
1942	56	
1943	67	
1946	88	
1948	82	
1949	101	
2000	42	
2008	64	76	
2009	90	
2027	19	
2034	24	
2061	45	
2065	43	
2081	103	
2098	40	
2112	80	
2134	48	
2166	17	
2168	14	30	
2179	7	34	
2191	97	
2215	6	
