50	6	
81	55	
111	38	
113	44	
219	6	
261	92	
262	87	91	92	98	
263	91	93	96	
264	16	17	
284	104	
293	93	
294	92	95	98	
295	87	88	89	90	92	94	97	
296	9	82	85	86	87	89	90	91	93	94	97	
297	7	11	12	14	81	82	84	85	86	88	89	90	102	
298	16	17	18	20	87	
325	92	97	
326	87	88	90	92	94	97	
327	86	87	90	91	92	95	97	
328	82	83	84	85	86	87	88	89	90	91	93	93	95	
329	81	83	83	84	85	86	87	89	90	91	92	93	94	102	
330	9	81	82	83	84	85	87	88	90	96	
331	6	8	8	10	10	11	12	13	14	15	15	16	16	18	19	20	26	70	80	81	83	84	98	
332	15	17	17	19	19	20	21	25	26	
358	87	91	93	95	
359	83	86	87	88	90	91	92	93	94	98	
360	83	85	86	87	89	90	91	92	94	95	101	
361	39	46	81	82	84	85	87	89	90	91	93	94	
362	43	50	81	82	84	85	87	88	89	91	98	
363	8	40	47	80	81	84	85	86	89	99	
364	5	8	9	10	12	13	14	15	16	18	18	19	69	79	81	83	84	
365	4	6	11	12	12	13	14	15	16	16	17	18	19	20	21	24	70	
366	17	19	20	21	22	27	
389	92	
390	56	87	92	98	
391	36	87	88	89	90	91	92	93	95	
392	37	55	83	84	86	87	88	88	90	91	92	94	96	100	
393	46	80	81	82	84	85	86	87	89	90	92	95	
394	16	42	44	47	51	54	57	61	66	80	81	82	84	85	86	87	89	99	
395	16	17	19	20	26	35	40	45	46	47	49	53	56	59	69	81	82	83	84	88	99	
396	15	16	18	19	20	27	35	42	43	44	45	46	47	49	50	60	68	69	81	85	
397	8	11	14	18	18	20	21	26	41	44	45	48	48	68	84	
398	5	6	8	10	11	12	14	14	15	16	19	20	21	22	23	24	45	70	
399	13	14	15	17	20	21	21	22	23	24	
400	22	
421	57	92	
422	91	92	93	96	
423	87	89	91	92	94	98	99	
424	83	84	85	86	88	89	90	91	93	93	95	
425	41	81	82	83	84	85	85	88	89	90	92	94	99	
426	10	16	39	73	81	82	84	85	86	89	101	
427	10	14	16	17	19	20	35	41	43	45	47	48	68	80	81	82	84	
428	6	10	12	13	14	16	18	19	19	20	21	27	43	44	45	57	81	83	
429	15	19	20	21	22	23	34	51	54	60	65	71	
430	21	22	23	27	44	50	
431	12	14	21	22	23	45	
432	2	11	14	19	21	22	23	24	
433	21	22	25	
453	91	93	96	
454	88	91	92	97	
455	86	88	90	91	92	95	100	
456	37	82	83	85	86	87	88	88	90	91	92	94	96	100	
457	82	83	83	85	86	87	88	89	91	93	95	97	
458	8	19	39	68	80	81	82	84	85	85	86	89	99	
459	10	12	14	16	17	17	19	20	26	29	42	44	45	46	70	80	82	84	85	
460	7	11	13	14	15	17	18	19	20	21	44	70	83	
461	12	13	15	18	19	20	21	23	23	24	26	
462	20	21	22	23	24	
463	25	
483	92	
484	92	
485	92	98	
486	88	89	91	92	94	97	
487	82	85	86	87	89	91	92	95	97	102	
488	82	83	84	85	86	87	89	90	91	93	93	95	
489	38	81	82	83	85	85	87	89	90	94	97	98	
490	18	36	44	50	68	68	69	69	70	72	80	81	82	84	85	86	89	99	
491	8	10	14	16	17	18	19	26	43	45	46	49	71	80	81	82	84	85	
492	6	10	11	12	13	14	15	16	17	18	19	20	20	22	24	26	43	45	81	83	
493	12	15	17	20	20	21	22	23	24	70	
494	21	22	24	25	
495	22	
501	42	43	
514	56	
515	48	
516	87	91	97	
517	85	87	89	91	92	94	98	98	
518	82	86	87	88	89	90	91	92	94	95	
519	56	83	86	87	88	89	90	91	92	94	95	
520	81	82	84	85	86	87	89	90	91	92	93	96	
521	46	68	80	81	82	84	84	85	86	88	88	89	90	94	97	
522	18	30	38	43	45	46	67	80	81	82	84	85	86	88	95	100	
523	9	13	13	16	16	17	19	20	30	45	48	49	69	80	81	83	84	
524	10	12	13	14	15	16	17	18	19	20	20	23	43	45	71	80	84	
525	7	8	12	15	17	18	19	20	20	21	22	23	24	
526	13	14	21	22	23	24	
527	22	24	
547	56	
548	36	53	56	57	63	
549	46	47	50	51	53	55	56	59	
550	45	46	49	82	85	86	89	91	93	98	
551	7	38	56	81	82	83	83	85	86	86	88	89	90	93	96	100	
552	36	41	46	58	81	82	83	84	85	86	88	89	90	94	98	
553	37	43	46	48	49	66	80	81	82	84	84	85	86	88	90	94	99	
554	18	42	48	70	79	81	82	83	84	85	89	93	
555	10	13	15	16	17	19	20	30	41	44	47	68	72	80	81	83	85	103	
556	7	8	10	12	14	15	16	17	18	19	19	20	26	40	44	69	81	83	
557	10	13	14	17	19	20	21	22	23	24	45	71	
558	4	21	22	23	23	25	28	
559	21	22	24	
582	52	55	56	57	57	58	59	61	
583	45	47	49	50	51	51	52	53	54	56	57	58	60	
584	31	42	43	44	45	46	47	48	48	49	50	50	57	62	67	70	84	
585	42	44	44	47	48	48	49	56	57	59	61	67	70	80	81	84	
586	15	17	19	19	20	41	44	45	46	47	48	49	53	53	59	66	70	81	83	84	
587	9	14	17	19	20	21	22	27	43	44	45	46	48	50	61	68	70	80	83	
588	10	11	14	15	16	19	20	21	22	24	44	45	72	80	83	
589	11	12	13	15	17	18	19	20	21	22	24	25	44	65	71	
590	21	22	23	23	24	65	
591	22	25	
592	23	
617	35	52	54	55	59	
618	24	45	49	51	55	59	
619	24	25	45	55	
620	15	22	24	25	55	59	
621	22	24	26	30	
622	23	23	25	
623	25	
728	1	
1157	16	
1163	28	
1166	35	
1170	102	
1174	80	
1183	61	
1202	18	
1203	57	83	
1246	14	
1249	23	
1251	5	
1256	98	
1268	42	
1274	35	
1281	10	
1285	38	
1309	44	
1345	77	
1346	54	
1347	35	
1349	51	
1350	67	
1351	96	
1358	4	
1363	72	
1372	27	
1374	11	
1377	43	
1384	42	43	
1385	11	47	51	68	
1386	74	
1416	44	
1417	17	23	40	44	58	
1418	16	18	43	45	47	49	55	56	
1419	20	23	44	46	47	49	51	56	69	
1420	43	49	
1422	74	
1424	63	
1432	81	
1446	39	50	
1447	26	
1448	42	
1449	17	18	24	41	72	
1450	13	14	16	19	43	45	46	48	
1451	12	14	17	19	20	25	26	42	45	48	57	68	
1452	16	18	19	20	21	22	25	32	43	45	48	51	52	54	56	58	59	61	72	
1453	21	22	25	44	45	46	47	49	50	51	52	54	
1454	45	48	
1456	8	
1459	1	
1460	4	
1479	16	38	
1480	17	45	
1481	17	19	40	45	48	50	
1482	12	13	17	19	20	26	42	44	48	70	
1483	11	14	17	19	20	22	24	45	71	
1484	10	12	14	17	18	19	20	22	25	27	44	49	71	
1485	12	15	19	20	21	23	24	26	56	57	62	
1486	21	22	23	25	50	50	51	52	53	53	54	55	58	59	60	
1487	48	49	50	51	54	63	
1488	50	61	
1489	48	
1493	76	
1506	47	
1507	68	
1511	46	
1512	18	
1513	19	38	44	
1514	11	14	16	17	19	20	25	42	44	46	50	
1515	11	15	16	17	18	19	20	22	23	45	47	70	
1516	9	12	13	15	17	19	20	21	23	44	71	
1517	11	14	15	19	21	22	24	26	
1518	21	23	23	25	57	
1519	23	52	56	57	60	
1520	50	51	52	53	54	55	56	59	63	93	
1521	49	51	53	55	87	91	93	95	
1525	85	
1526	71	
1531	9	75	
1532	13	
1537	81	
1538	44	
1542	16	
1543	26	43	
1544	19	46	
1545	15	16	19	25	39	
1546	9	15	17	19	24	26	29	40	45	69	
1547	10	12	13	15	16	17	18	19	21	24	43	44	
1548	11	14	17	19	20	21	22	23	25	
1549	13	15	21	22	24	
1550	23	23	25	
1551	92	96	
1552	87	90	90	91	93	94	95	97	
1553	53	86	87	88	90	91	93	95	97	
1554	51	54	59	86	87	90	91	92	94	96	
1555	55	80	82	85	86	88	89	91	96	99	
1557	96	
1567	15	
1571	21	
1572	19	94	
1573	19	
1574	42	
1575	26	46	
1576	41	46	
1577	13	17	21	26	34	38	
1578	9	15	17	19	20	40	44	46	69	
1579	10	12	14	16	17	19	20	23	24	26	45	69	
1580	12	14	15	17	18	18	19	20	22	23	45	70	
1581	12	14	20	22	24	
1582	21	22	24	
1583	87	91	91	93	95	97	
1584	87	88	91	92	94	95	98	
1585	82	87	90	91	93	95	99	
1586	7	81	82	85	87	88	88	89	90	92	94	100	
1587	81	82	83	84	85	86	87	89	90	95	100	
1588	80	81	82	83	84	85	87	88	90	94	
1589	82	83	85	92	
1603	43	
1608	19	43	45	67	72	
1609	16	20	28	42	47	49	66	
1610	8	12	15	16	18	19	21	41	46	71	
1611	10	12	13	15	17	19	20	22	26	45	46	69	
1612	11	14	15	17	18	18	19	21	22	24	43	70	
1613	12	15	20	22	23	24	
1614	23	25	57	
1615	53	88	91	92	95	97	
1616	83	86	87	90	91	92	93	95	97	
1617	81	82	82	84	85	87	88	89	90	94	99	
1618	81	82	84	85	87	89	91	93	95	
1619	79	81	82	83	84	85	87	88	90	93	99	
1620	81	82	84	87	90	
1621	80	81	83	85	89	97	100	
1622	79	81	83	85	89	95	103	
1623	86	
1624	28	93	
1629	80	81	81	
1636	88	
1638	19	37	41	43	48	
1639	16	20	45	46	80	
1640	8	17	20	42	43	47	49	
1641	8	13	14	16	19	41	45	46	71	
1642	11	15	16	19	20	21	23	26	39	45	47	69	
1643	13	14	16	17	19	20	24	28	43	44	45	68	68	
1644	11	14	17	18	20	21	22	24	28	44	
1645	13	15	21	22	26	
1646	22	23	24	
1647	23	25	43	53	55	59	92	98	
1648	87	87	91	93	94	95	97	
1649	82	84	85	86	88	89	90	94	98	100	
1650	80	82	82	84	85	86	88	90	93	97	
1651	80	82	84	86	89	93	102	
1652	81	83	86	88	91	
1653	80	85	99	
1654	29	84	
1655	17	
1657	72	
1659	30	
1660	2	
1671	16	
1672	7	12	15	16	18	19	24	40	58	
1673	13	17	18	19	20	21	25	35	41	48	50	64	70	
1674	11	17	19	21	23	24	44	45	50	64	71	
1675	10	13	13	17	18	20	21	25	44	48	64	69	
1676	11	13	15	18	19	20	21	23	23	27	44	70	
1677	21	22	24	25	
1678	24	
1679	52	91	92	97	
1680	53	87	88	90	91	92	94	95	97	
1681	82	83	85	86	87	89	90	91	93	94	
1682	81	82	83	84	86	87	88	89	92	94	96	100	
1683	78	80	81	83	85	86	90	94	
1684	79	81	84	86	90	
1685	84	
1686	103	
1687	99	
1689	98	
1691	29	29	30	
1693	81	
1694	32	
1703	20	
1704	9	
1705	9	11	12	14	17	18	23	65	
1706	11	13	14	15	16	17	18	19	20	22	24	26	
1707	15	17	20	21	23	24	
1708	14	21	23	24	
1709	23	24	
1710	22	51	52	53	93	
1711	55	61	87	90	91	92	97	
1712	54	87	88	90	91	92	93	94	97	
1713	82	82	85	87	88	89	90	92	94	101	
1714	82	83	84	85	85	87	89	91	94	
1715	80	81	82	84	85	88	93	99	
1716	81	84	87	87	89	
1717	82	85	90	
1718	101	
1724	93	
1725	74	
1733	67	
1735	6	
1736	89	
1738	8	12	14	
1739	9	11	12	13	14	20	
1740	7	11	12	15	21	
1741	88	91	92	93	96	
1742	87	90	91	92	96	
1743	87	88	91	91	92	95	97	
1744	85	87	87	90	91	93	94	96	100	
1745	82	83	84	85	86	87	88	89	90	92	93	95	99	
1746	81	81	82	83	84	84	85	87	89	90	91	93	
1747	80	81	83	84	85	88	91	
1748	80	82	84	86	97	
1749	88	96	99	
1750	83	
1767	82	
1769	72	
1772	12	
1773	5	11	15	
1774	7	82	83	87	89	94	98	
1775	82	82	85	86	87	88	89	91	94	98	98	103	
1776	81	82	85	86	88	88	90	91	94	99	
1777	81	82	83	84	85	85	87	88	89	92	94	101	
1778	80	81	82	83	83	84	85	86	88	88	90	97	99	
1779	79	80	81	83	84	84	86	89	101	
1780	80	81	83	83	85	90	94	102	
1781	81	91	
1782	90	
1783	83	96	
1794	31	
1807	43	
1808	80	85	93	
1809	79	80	81	83	84	86	89	
1810	79	81	83	87	91	
1811	80	82	84	90	98	
1812	79	80	84	87	
1813	81	84	88	
1819	5	
1831	54	87	
1834	93	
1840	101	
1844	83	
1845	63	85	
1846	18	
1847	27	
1850	101	102	103	
1859	71	
1860	53	
1874	51	
1880	89	
1883	100	
1885	15	
1908	101	
1909	90	
1915	9	
1919	10	
1945	28	
1952	38	
1975	51	
1991	13	74	
2015	62	
2044	8	
2045	44	
2099	33	
2100	35	
2101	43	
2114	38	
2143	87	
2148	14	
2151	37	
2167	2	
2179	21	
2181	22	
2255	9	
2256	9	
