12	9	
113	44	
182	19	20	
330	87	88	91	92	97	
331	88	91	92	97	
359	91	92	96	
360	87	90	91	92	94	97	
361	88	90	92	96	
362	87	88	90	91	93	93	96	
363	8	82	87	88	88	90	91	92	93	96	
364	9	13	81	82	83	85	86	87	89	90	92	94	97	
365	6	12	14	15	81	82	83	84	85	86	87	89	90	92	95	
366	16	17	18	19	87	
384	91	
385	87	90	92	95	
386	90	91	93	97	
387	88	91	93	97	
388	88	91	92	98	
389	91	92	96	
390	91	92	96	
391	83	87	89	90	91	93	94	97	
392	87	88	89	91	92	93	96	
393	82	83	84	86	87	88	88	90	91	92	94	97	101	
394	82	83	85	86	87	88	88	89	90	92	93	95	97	
395	82	85	86	87	89	90	91	92	93	96	98	
396	81	83	84	85	86	87	88	89	90	91	94	96	99	
397	80	81	82	84	85	87	89	90	92	93	95	98	
398	7	9	10	13	14	79	80	81	82	84	85	86	88	90	93	94	
399	6	7	11	12	12	13	14	15	15	16	17	18	18	19	80	81	82	84	85	86	89	101	
400	12	16	17	17	19	20	20	85	
401	18	23	
414	91	93	95	
415	91	92	97	
416	87	88	91	92	95	
417	86	87	89	91	92	96	
418	82	83	86	87	88	89	90	92	93	94	96	99	
419	82	84	86	87	87	88	89	90	91	93	94	97	99	
420	82	85	85	87	88	88	89	91	93	95	97	
421	81	82	84	85	86	87	88	89	90	91	93	94	97	
422	82	83	85	86	87	89	90	91	93	94	96	
423	82	83	85	86	87	88	89	90	91	93	94	97	100	
424	81	82	84	85	86	87	88	89	90	91	93	94	96	100	
425	81	82	84	85	86	87	88	89	90	91	93	95	
426	80	81	82	83	83	85	86	87	88	89	90	91	94	96	98	
427	80	81	82	83	84	85	87	89	91	94	99	
428	36	80	81	83	84	84	85	87	89	90	
429	79	80	81	82	83	83	84	85	86	87	88	89	96	99	
430	16	37	47	79	80	81	83	84	85	86	89	99	
431	18	71	79	80	82	83	84	86	89	
432	9	10	13	19	41	79	81	83	85	89	
433	6	8	10	11	12	12	14	14	15	16	18	19	23	69	83	84	
434	16	17	17	18	19	20	21	22	24	85	
435	21	
445	57	
446	51	
447	46	48	48	
448	83	84	86	88	89	91	93	95	100	
449	83	84	85	86	88	88	89	91	94	97	
450	81	82	84	85	86	87	89	90	92	94	96	98	
451	81	82	83	84	85	86	87	88	89	90	93	96	99	
452	81	82	83	84	85	86	88	88	89	91	95	99	
453	79	80	81	82	83	84	86	87	88	89	95	
454	79	80	81	82	83	84	85	86	89	101	
455	7	79	80	81	82	83	84	85	87	89	
456	79	80	81	82	83	84	84	86	87	89	90	95	99	
457	40	79	80	82	83	84	85	86	89	90	94	
458	57	79	80	80	82	83	83	84	85	86	88	88	90	97	99	
459	38	46	79	80	81	83	84	85	88	98	
460	17	79	81	82	84	85	90	
461	17	18	26	35	41	44	46	58	59	79	80	84	
462	19	40	46	57	68	80	84	99	
463	16	18	18	19	20	23	33	36	41	44	45	47	49	52	57	58	64	79	80	
464	17	19	20	21	23	26	37	41	44	45	46	48	48	49	51	56	59	70	80	
465	18	18	20	21	23	26	41	45	47	49	51	68	68	
466	4	8	10	13	14	16	18	19	20	21	26	42	43	44	64	66	
467	4	6	10	11	12	13	13	14	15	15	16	18	19	20	21	22	
468	12	15	17	19	20	21	22	23	24	
469	48	49	49	
479	56	58	
480	33	37	51	52	52	53	54	56	57	60	
481	36	42	44	46	47	48	49	51	54	56	
482	36	40	44	46	48	48	56	57	81	84	
483	20	37	40	43	43	47	48	49	57	68	80	81	82	84	85	
484	40	43	46	47	51	57	69	79	80	81	82	83	84	86	88	100	
485	19	31	39	42	45	47	48	49	52	56	70	80	81	82	84	84	86	88	
486	20	39	41	44	46	46	47	49	58	68	80	81	83	84	
487	21	26	40	44	46	47	49	69	79	80	83	85	
488	20	43	46	52	57	79	80	83	88	
489	16	22	39	43	48	48	57	66	80	82	85	
490	16	17	19	20	22	27	39	44	46	48	49	56	67	70	79	80	
491	17	19	21	26	35	40	43	45	46	47	49	57	61	66	79	80	84	
492	18	19	20	21	40	43	45	46	48	57	63	79	81	
493	15	17	19	20	21	23	40	44	47	48	50	54	56	58	58	68	70	80	83	
494	17	19	20	21	23	27	38	42	43	44	45	46	47	49	64	67	
495	11	18	19	20	21	22	23	26	29	42	44	45	46	49	58	63	
496	11	13	13	15	17	19	20	20	21	23	27	43	44	48	61	64	70	
497	15	18	19	20	21	21	23	24	25	27	45	51	54	55	58	59	65	
498	21	22	23	23	24	27	44	49	54	62	64	
499	21	22	23	24	44	45	50	63	65	
500	6	13	13	20	22	23	25	45	72	
501	1	21	22	24	25	27	
502	21	23	25	
513	57	
514	50	52	53	54	55	56	59	63	
515	30	42	45	49	50	52	54	58	60	
516	40	44	45	47	48	50	54	57	61	63	73	
517	21	24	39	44	45	50	51	53	55	56	60	65	67	71	
518	21	22	23	41	44	45	48	48	50	53	54	55	56	59	64	67	78	
519	21	22	23	24	37	43	44	45	48	50	52	55	56	58	63	64	67	79	
520	20	22	24	27	30	34	38	43	44	46	47	49	51	52	53	54	56	58	61	
521	21	22	23	24	42	44	45	46	48	48	49	54	57	59	70	
522	11	14	20	22	24	30	40	43	45	46	48	49	56	64	67	69	
523	14	19	20	20	22	25	42	44	45	47	52	55	58	59	63	63	66	70	
524	18	19	20	20	21	22	23	24	35	45	48	49	53	54	57	63	
525	19	21	22	22	23	25	26	39	44	47	50	54	58	62	69	73	
526	20	22	24	25	28	44	45	55	58	65	67	70	
527	15	19	20	22	23	24	43	45	48	54	64	
528	19	20	22	23	23	25	26	35	55	60	63	
529	20	22	24	53	65	
530	22	23	23	24	25	55	65	
531	2	23	25	55	
532	24	
533	24	
534	25	
548	54	
549	54	
550	55	64	
551	24	54	
552	24	53	
553	23	25	53	55	
554	24	54	55	59	65	
555	24	45	50	54	65	
556	22	24	25	63	
557	22	23	24	25	45	55	
558	22	23	25	45	55	63	
559	22	24	
560	24	
561	25	
607	8	
608	7	8	
1167	88	
1170	66	
1184	94	
1191	43	
1201	25	
1207	75	
1208	33	
1235	47	
1236	22	
1237	76	
1238	88	
1251	62	
1266	40	
1291	70	
1293	17	
1309	33	
1311	20	
1316	12	
1320	101	
1321	47	
1324	3	
1327	72	
1335	39	
1338	22	
1348	21	101	
1354	29	
1362	51	
1364	38	
1369	73	
1377	26	
1378	32	
1379	58	
1385	12	
1386	9	
1402	38	
1410	2	
1412	26	
1423	72	
1439	80	
1451	42	47	57	
1453	47	69	
1455	50	
1461	102	
1469	16	
1477	25	
1478	24	
1479	38	
1482	46	
1483	40	65	
1484	18	20	69	
1485	16	19	41	46	56	58	65	68	
1486	17	19	22	30	40	45	47	49	61	69	
1487	44	46	47	48	57	
1488	52	
1490	3	59	
1494	81	
1507	71	
1509	37	
1510	37	46	
1512	17	19	46	49	71	
1513	18	41	43	47	
1514	18	27	39	48	58	72	
1515	16	19	21	40	44	46	48	58	60	66	
1516	16	20	22	26	39	43	46	47	54	
1517	16	20	23	26	37	41	44	46	48	58	66	69	
1518	13	14	18	19	21	25	30	41	45	67	
1519	16	17	19	20	22	25	26	47	51	53	56	58	59	64	
1520	18	19	20	22	25	27	28	39	43	43	45	46	47	48	49	51	52	53	55	58	59	62	65	69	
1521	23	40	45	46	47	49	50	
1522	45	55	
1523	69	
1534	34	
1536	45	46	
1537	37	42	
1538	15	37	
1539	16	38	50	64	70	
1540	17	18	22	24	35	44	49	60	68	
1541	20	27	39	44	46	48	48	57	67	
1542	19	22	39	44	46	48	52	64	
1543	20	26	38	38	42	44	46	57	63	68	
1544	18	19	22	47	48	52	53	57	
1545	16	20	24	41	43	48	
1546	12	17	19	39	48	54	59	67	70	
1547	11	13	18	19	20	22	24	40	43	46	48	57	67	
1548	15	18	19	20	21	26	37	40	44	47	55	57	61	64	66	
1549	16	18	19	20	21	22	23	41	44	46	48	50	54	56	60	66	
1550	17	19	21	22	23	27	34	39	44	47	50	53	59	64	
1551	17	18	20	22	23	26	43	44	47	49	63	67	70	
1552	12	15	18	19	22	24	45	
1553	13	20	21	23	23	24	29	43	52	53	55	56	57	62	64	
1554	22	23	24	43	48	50	51	51	52	53	54	55	56	57	58	
1555	44	45	46	47	48	49	50	52	53	
1556	45	49	
1557	30	
1562	2	
1568	13	
1569	36	41	
1570	17	18	37	43	47	79	
1571	14	19	43	47	49	56	
1572	13	17	19	23	40	47	50	56	69	
1573	17	19	22	41	44	46	57	63	65	66	71	
1574	15	16	18	19	20	22	23	39	43	45	47	50	55	62	68	
1575	17	18	20	21	24	26	40	44	47	49	53	54	57	58	
1576	19	20	22	37	44	46	48	49	51	55	57	62	64	70	
1577	18	20	21	23	23	26	41	43	45	47	51	54	60	
1578	19	20	22	23	25	26	39	43	44	45	46	48	49	57	59	65	66	69	
1579	12	16	19	20	22	24	27	30	41	45	54	56	62	64	74	
1580	15	16	18	20	21	22	24	43	45	47	49	54	63	69	
1581	11	15	20	21	23	23	25	27	49	62	70	
1582	12	14	15	20	21	22	24	27	44	
1583	21	22	23	25	26	53	
1584	22	24	55	64	
1585	22	24	53	
1586	24	
1587	22	24	53	55	56	57	93	
1588	23	47	50	50	51	52	53	54	54	55	56	58	60	93	
1589	44	47	48	49	50	58	
1590	44	49	55	
1592	54	
1598	74	
1602	8	13	19	
1603	14	15	16	20	
1604	15	16	17	18	18	20	22	63	64	68	70	
1605	15	17	18	20	21	23	25	45	
1606	11	14	16	19	21	24	28	45	49	65	70	
1607	11	15	17	19	20	21	23	24	44	70	
1608	20	21	23	24	25	45	52	55	64	
1609	22	23	24	26	55	59	63	
1610	22	23	25	27	53	55	65	
1611	22	24	27	45	55	62	64	
1612	22	24	53	
1613	23	23	25	63	
1614	24	25	
1615	24	
1616	24	93	
1617	93	
1618	93	
1619	88	92	97	
1620	86	87	91	92	94	96	98	
1621	83	86	87	88	90	91	92	93	95	97	
1622	8	51	52	54	55	56	87	87	89	90	91	94	96	
1623	51	54	82	87	89	89	91	92	93	95	96	
1624	87	93	
1625	55	
1626	8	
1635	8	
1636	8	11	20	85	
1637	1	6	9	10	11	13	14	15	21	
1638	12	15	16	17	18	20	22	23	92	
1639	15	22	24	91	92	
1640	24	43	87	92	93	96	
1641	25	92	97	
1642	25	90	91	93	95	98	
1643	88	92	97	
1645	88	92	
1646	87	90	91	92	95	97	
1647	91	92	95	
1648	87	88	91	92	94	96	
1649	87	87	91	92	96	
1650	87	88	89	90	91	92	94	95	97	
1651	83	86	87	87	90	90	91	94	95	97	
1652	83	86	87	88	90	91	92	94	95	
1653	81	82	82	84	85	86	87	89	89	90	91	93	95	98	101	
1654	80	81	82	82	84	85	86	88	88	90	92	94	94	97	
1655	80	80	81	82	84	85	86	89	91	96	
1656	80	81	82	83	84	84	85	86	88	89	91	93	96	
1657	80	81	82	83	84	85	86	88	88	90	92	97	
1658	25	45	82	87	
1663	87	87	87	
1667	56	
1669	21	
1670	8	11	
1671	10	12	13	15	16	23	
1672	7	11	87	91	96	
1673	8	83	85	87	88	90	92	95	101	
1674	81	82	86	87	88	89	90	95	99	
1675	8	9	82	83	86	87	88	89	91	92	93	95	100	
1676	82	85	86	87	89	89	90	92	95	
1677	8	12	15	81	82	84	85	86	88	89	90	91	93	94	95	95	98	100	
1678	82	86	87	88	89	89	90	91	92	93	94	96	98	
1679	83	85	86	87	88	89	89	90	92	93	94	97	
1680	11	81	82	85	86	87	88	89	90	93	94	96	100	
1681	81	82	84	85	86	87	88	89	90	92	93	95	98	
1682	82	83	84	86	87	89	90	91	94	95	97	98	
1683	80	81	82	85	86	87	88	89	90	93	94	98	98	
1684	80	81	81	82	84	85	86	87	89	90	95	100	
1685	80	80	81	82	83	84	85	86	88	89	92	93	
1686	79	80	81	82	83	83	84	85	87	89	93	95	98	
1687	79	80	81	82	83	84	85	88	94	
1688	10	79	80	81	83	83	85	89	
1689	79	81	83	84	87	90	
1690	80	81	84	86	88	
1691	79	82	84	86	
1697	88	
1702	47	
1705	5	
1706	80	82	84	86	91	95	
1707	79	80	81	84	85	86	89	94	100	
1708	79	80	82	84	86	89	94	
1709	78	79	80	82	84	85	86	88	90	96	100	
1710	10	79	80	81	82	84	85	87	88	92	94	99	
1711	79	80	81	82	83	84	86	89	
1712	80	80	81	82	83	84	85	86	87	89	92	98	101	
1713	80	80	81	83	84	85	86	89	
1714	80	81	83	83	84	86	89	92	
1715	10	79	80	81	83	84	88	89	94	99	
1716	79	80	82	83	85	88	88	90	
1717	79	80	81	83	83	84	89	93	
1718	79	80	82	84	87	89	94	
1719	79	81	84	
1720	79	81	93	
1721	81	87	91	
1722	89	
1724	81	84	
1727	22	23	23	
1728	56	
1740	9	81	
1741	80	83	
1742	86	93	
1743	81	83	92	
1744	81	
1745	79	82	86	90	100	
1746	79	80	83	89	
1747	38	78	80	90	93	
1748	82	85	
1749	79	83	
1750	80	85	102	
1753	87	
1756	84	
1760	18	
1776	86	
1778	15	42	92	
1781	91	
1785	83	95	
1788	89	
1814	89	
1816	93	
1820	7	
1828	64	
1830	72	76	
1849	96	
1853	4	
1855	19	
1856	90	
1865	21	
1871	76	
1875	45	
1884	73	
1885	44	
1895	2	
1914	103	
1916	29	
1924	23	
1930	40	
1955	76	
1961	1	
1970	94	
1973	48	
1974	77	
1977	5	42	
1979	28	
1989	21	
2005	65	
2013	68	
2021	3	
2023	71	
2032	39	
2034	30	
2059	49	
2065	1	
2066	44	
2082	47	
2093	3	
2109	6	
2113	95	
2154	12	
2173	93	
2216	12	
2217	8	
2253	10	
2270	104	
