80	49	
115	56	
147	47	48	
148	48	49	50	
218	11	
220	99	
227	87	91	
228	86	87	91	
260	83	86	88	90	92	
261	9	82	84	85	86	87	88	90	92	93	97	
262	9	78	81	82	84	85	86	87	89	90	92	94	97	
263	16	17	82	86	87	88	90	93	
264	16	18	
292	57	88	92	
293	52	55	83	85	86	87	89	90	92	96	
294	81	82	83	84	85	86	87	89	90	92	95	97	
295	78	79	80	81	82	83	84	85	86	87	88	90	95	
296	8	10	78	79	80	81	83	84	85	87	88	90	96	
297	6	10	11	12	15	17	78	78	80	81	82	84	85	87	89	91	94	98	
298	16	17	18	18	19	
325	85	86	87	89	91	95	
326	82	83	85	86	86	87	89	90	92	95	
327	53	53	80	81	82	84	85	86	88	88	89	90	93	96	
328	77	79	80	81	82	84	85	86	87	89	92	95	
329	77	79	80	82	83	85	91	
330	4	9	10	79	80	
331	6	7	9	10	11	12	13	13	14	14	15	16	18	19	26	79	81	84	
332	15	16	16	17	17	18	19	20	21	97	
333	17	22	
356	57	92	
357	86	87	91	97	
358	53	53	58	82	86	87	88	89	90	92	94	
359	52	78	81	82	84	85	86	88	89	90	92	94	
360	79	80	81	82	84	85	86	88	90	96	99	
361	47	79	80	81	83	83	85	
362	42	79	80	82	84	
363	79	98	
364	9	10	14	16	18	19	39	67	83	
365	1	4	6	7	9	10	11	11	12	13	13	14	14	15	16	18	19	70	
366	12	17	18	19	20	20	21	22	24	
367	18	
389	93	
390	83	86	88	89	91	95	
391	80	81	82	84	85	86	87	88	89	91	94	
392	53	78	81	82	83	83	84	86	87	89	90	94	96	
393	46	54	77	79	80	81	83	85	86	89	95	
394	78	79	80	82	83	85	90	
395	16	40	46	79	80	
396	16	18	19	34	39	43	44	47	49	67	69	
397	11	15	17	18	18	19	21	24	26	40	45	46	50	59	65	66	
398	10	12	13	14	17	19	20	21	22	25	42	44	45	66	69	
399	4	6	8	11	12	13	14	15	15	18	18	19	20	21	22	25	27	72	
400	12	19	20	21	22	23	25	26	
422	52	56	87	88	90	93	96	
423	82	84	86	87	88	90	91	
424	53	78	81	82	83	84	85	86	88	89	90	92	93	97	
425	78	79	80	81	82	83	83	84	86	88	90	95	99	
426	37	46	66	78	79	80	81	83	84	85	88	93	
427	78	79	80	83	
428	11	15	18	19	37	43	46	79	101	
429	8	11	13	13	15	16	17	18	19	19	22	27	47	68	
430	11	13	15	16	17	18	19	20	21	22	24	26	29	40	43	45	50	63	
431	10	15	18	20	20	21	22	23	44	50	66	69	
432	10	12	15	19	20	21	22	24	25	27	45	
433	1	21	22	23	23	25	
452	93	
453	83	86	88	89	90	93	95	
454	82	86	87	89	90	92	96	
455	52	82	85	86	87	88	90	91	94	
456	53	59	78	81	82	83	83	85	86	87	88	89	91	96	
457	77	79	81	82	83	83	84	86	87	88	90	93	96	
458	78	79	80	81	83	84	85	87	
459	16	17	19	39	44	46	58	66	79	81	88	
460	11	13	16	17	19	21	28	28	41	46	48	67	79	
461	9	14	16	17	18	18	19	20	39	43	44	45	46	65	
462	6	9	10	11	13	14	15	17	19	20	20	21	22	23	26	65	68	
463	12	14	15	17	19	20	21	21	22	24	25	27	
464	18	21	22	23	24	
465	23	23	25	
466	24	
485	52	56	
486	82	85	87	88	88	90	92	
487	78	80	81	82	83	84	85	86	87	89	91	95	
488	80	81	82	83	83	84	85	86	88	90	91	94	
489	38	77	79	80	81	82	83	84	85	87	89	90	93	97	100	
490	37	55	78	79	80	81	82	84	85	90	94	
491	16	48	66	77	78	79	81	84	86	
492	7	10	13	15	18	18	43	67	79	
493	10	12	14	16	17	17	19	19	20	21	24	40	46	
494	8	11	13	14	15	16	18	19	20	21	22	23	
495	14	20	21	22	22	23	24	25	26	
496	21	22	23	24	
497	21	22	25	
501	39	39	40	
518	53	54	61	87	89	91	96	
519	51	52	61	82	86	87	88	90	91	92	94	97	
520	78	81	82	83	85	86	87	89	90	92	96	100	
521	78	79	80	81	82	84	85	87	88	90	93	
522	77	78	79	80	81	83	83	84	90	94	99	
523	16	17	38	77	78	79	80	82	83	84	
524	16	17	19	43	43	47	48	68	68	79	84	
525	6	8	11	13	16	17	18	19	19	20	40	44	49	67	
526	6	9	11	12	13	14	15	16	17	18	19	20	21	22	44	72	
527	12	14	15	18	19	20	20	21	22	23	23	24	26	
528	20	21	22	24	25	
529	22	
551	52	87	88	89	91	97	
552	51	55	80	82	83	85	86	87	89	90	91	93	94	97	
553	52	53	77	79	80	81	82	83	84	85	86	87	88	90	92	94	
554	41	77	79	80	81	83	84	86	89	96	
555	43	46	79	85	
556	10	16	17	18	38	40	67	68	79	
557	7	9	11	13	13	14	16	17	18	19	21	26	68	72	78	
558	11	12	13	15	15	16	17	18	19	20	21	22	23	26	45	
559	12	14	17	18	19	20	21	22	24	25	30	45	
560	22	23	24	25	
561	21	23	24	
583	52	57	
584	49	51	52	55	56	86	87	91	96	
585	48	50	52	54	81	82	83	85	86	87	89	91	94	
586	46	53	55	77	79	80	81	83	83	84	85	87	88	92	95	
587	37	78	79	79	80	82	84	89	98	
588	8	43	48	78	80	82	83	
589	9	12	14	16	17	17	18	19	42	47	68	69	79	
590	8	10	12	13	14	16	17	18	18	19	20	21	22	23	26	44	47	70	
591	9	12	13	14	15	17	19	20	21	21	22	24	26	44	69	
592	15	20	21	22	23	24	
593	22	23	25	
616	53	56	58	
617	46	48	49	51	52	55	56	
618	44	49	50	52	54	78	81	82	85	86	88	90	94	
619	49	53	59	77	78	79	81	82	83	84	85	88	94	100	
620	40	68	77	78	80	81	84	
621	10	15	16	18	18	19	26	40	43	44	48	66	68	73	79	
622	7	8	10	11	12	13	14	16	17	18	19	20	27	68	70	
623	11	12	14	15	17	18	19	20	21	22	24	30	43	73	
624	12	15	20	21	22	23	24	
625	3	21	22	23	24	
626	22	23	
649	53	56	57	
650	48	51	52	52	54	56	59	61	
651	39	44	45	46	46	47	48	49	50	50	51	53	54	61	67	
652	31	40	43	45	46	47	50	60	67	80	89	
653	9	13	18	39	42	43	47	67	78	79	83	
654	9	11	14	15	16	18	19	28	42	45	65	66	
655	11	12	14	15	16	18	19	19	20	21	23	24	26	45	69	
656	6	12	15	18	20	21	22	24	24	27	45	
657	1	15	17	20	21	22	23	23	24	
658	22	24	
682	22	
683	57	
684	52	53	54	54	55	57	59	
685	31	43	45	47	49	50	51	54	55	62	
686	8	29	40	45	48	50	55	68	
687	12	13	15	19	21	44	64	68	
688	5	12	14	15	17	20	21	22	23	23	24	45	
689	20	22	22	24	
690	23	23	
718	55	
719	54	
720	63	75	
721	15	24	
722	22	25	
1177	42	90	
1180	41	
1186	101	
1193	25	
1194	18	
1200	39	
1211	88	
1218	101	
1222	99	
1227	36	
1237	53	
1240	11	
1244	11	
1248	57	
1260	2	
1262	37	
1275	8	
1282	51	
1283	7	
1284	27	
1295	79	
1298	38	
1299	36	
1300	22	
1301	21	
1303	40	46	46	46	47	
1306	22	
1313	90	
1329	35	
1336	88	
1346	62	
1350	46	
1353	14	
1356	61	
1371	40	
1374	13	
1380	19	
1382	16	42	78	
1383	18	27	40	41	46	49	67	
1384	42	48	48	66	
1385	46	
1400	88	
1410	81	
1415	16	44	
1416	16	20	41	58	
1417	5	17	18	19	21	38	47	51	54	57	70	
1418	18	21	23	24	26	29	41	43	45	46	47	49	50	54	66	69	
1419	22	42	43	46	49	51	56	
1420	49	
1422	75	
1424	7	
1427	81	
1429	74	
1446	22	28	38	
1447	20	
1448	10	13	19	41	47	
1449	10	14	17	20	24	38	
1450	10	12	14	15	17	18	19	20	26	45	57	69	
1451	17	18	18	19	20	21	22	23	25	45	51	52	54	55	56	57	59	69	
1452	20	21	22	23	26	32	41	45	46	47	48	48	50	51	52	54	55	56	59	
1453	22	43	44	45	46	47	49	50	51	54	
1454	45	49	
1478	17	
1481	12	14	17	20	40	44	46	73	
1482	11	13	15	17	18	18	20	21	24	39	46	75	
1483	9	11	14	15	16	17	19	20	22	24	45	69	
1484	12	15	19	21	22	23	24	26	28	45	
1485	21	22	23	24	25	34	52	53	55	56	57	58	60	
1486	22	43	47	49	50	50	51	51	52	54	54	57	59	62	
1487	44	45	46	47	48	49	50	51	57	
1488	44	49	
1489	54	
1492	1	
1497	1	
1502	60	
1506	37	
1512	11	16	40	64	
1513	16	19	26	41	48	
1514	7	9	12	13	15	16	18	18	20	24	69	
1515	9	12	14	15	16	17	19	19	20	22	24	38	70	
1516	10	12	14	15	17	18	19	20	21	22	23	25	
1517	13	21	22	23	25	
1518	22	24	
1519	52	57	58	
1520	48	51	51	52	53	53	54	54	55	56	59	62	87	91	
1521	45	47	49	50	51	54	86	87	88	90	92	
1522	44	51	
1527	11	
1529	2	80	
1531	44	
1536	100	
1541	36	
1543	23	
1545	11	15	16	19	40	
1546	10	17	18	20	27	37	39	48	67	
1547	11	13	14	17	18	19	20	22	23	45	46	
1548	10	12	14	15	16	17	19	20	21	22	23	25	27	28	44	69	
1549	11	12	13	15	18	19	20	21	22	23	25	
1550	21	22	24	25	
1551	25	92	
1552	86	87	88	88	89	90	91	94	94	96	
1553	57	82	83	84	85	86	87	89	90	91	94	96	
1554	52	53	54	55	56	81	82	84	85	86	87	88	89	91	94	96	
1555	53	53	80	81	82	84	85	86	87	90	94	
1556	88	
1565	9	
1568	30	
1577	11	16	
1578	8	12	16	18	21	28	39	45	71	
1579	9	11	13	14	16	17	18	19	21	21	25	41	68	74	82	
1580	10	13	14	15	16	17	19	20	20	22	24	26	69	
1581	10	12	13	15	18	20	21	22	24	
1582	21	22	23	24	
1583	23	25	87	88	92	
1584	87	92	98	
1585	82	83	86	87	89	90	91	95	
1586	80	81	82	83	84	85	86	87	89	90	94	94	
1587	77	79	80	81	82	84	85	86	88	88	94	
1588	77	79	79	80	81	83	83	84	86	89	94	
1589	77	78	80	81	83	85	95	
1590	80	85	
1593	5	
1605	77	
1607	32	36	42	
1608	16	36	47	58	
1609	15	16	18	19	20	37	42	45	47	67	
1610	17	19	21	47	
1611	9	12	13	16	18	19	21	26	42	43	66	72	
1612	9	11	14	17	19	20	21	24	26	
1613	9	11	13	13	15	16	17	19	20	21	22	24	25	70	
1614	18	21	22	24	56	
1615	23	24	25	88	91	93	
1616	86	87	88	90	91	92	96	
1617	52	81	82	83	85	86	87	88	89	90	91	93	95	98	
1618	81	82	83	85	86	87	88	88	89	90	92	93	95	
1619	77	79	80	81	82	83	84	85	87	89	91	94	101	
1620	78	79	80	82	85	90	94	
1621	78	78	79	83	95	
1622	78	80	87	90	
1623	79	83	94	
1625	89	
1627	79	
1629	80	80	80	81	
1635	36	
1638	20	
1641	11	13	16	68	
1642	14	17	18	19	21	42	57	61	67	
1643	16	17	19	21	24	26	41	45	46	50	68	
1644	13	13	18	19	20	21	23	24	40	44	45	48	64	
1645	11	15	18	20	21	23	24	44	48	72	
1646	12	14	15	20	21	22	23	24	27	64	71	72	72	
1647	20	21	22	23	25	92	
1648	87	87	91	93	
1649	52	54	83	84	85	86	87	88	89	91	96	
1650	78	81	81	82	83	84	85	87	89	90	94	96	
1651	77	78	79	80	81	82	84	87	92	
1652	77	78	79	80	81	84	86	89	93	98	
1653	78	79	81	85	
1654	79	84	
1657	89	
1658	31	
1661	25	68	
1673	19	42	
1674	14	17	19	21	43	68	
1675	8	10	11	13	16	17	18	20	27	40	
1676	5	7	11	12	14	15	16	17	19	19	20	23	24	27	35	69	
1677	13	15	17	18	19	20	21	23	23	24	
1678	22	24	65	
1679	22	24	25	88	
1680	73	86	87	90	91	95	98	
1681	51	54	82	83	85	86	87	88	89	90	92	94	96	
1682	53	81	82	83	85	86	87	88	89	91	95	97	
1683	78	79	80	81	83	84	85	87	92	96	
1684	78	79	80	83	84	85	89	
1685	79	85	
1686	78	86	
1687	101	101	
1691	28	
1692	27	27	27	
1695	82	
1703	19	
1704	44	
1706	12	13	18	40	
1707	10	13	15	16	17	19	22	26	
1708	8	11	13	15	16	18	18	19	20	29	42	44	68	72	
1709	10	12	13	15	16	17	18	19	21	22	
1710	3	12	15	17	19	20	22	23	23	25	
1711	22	24	25	88	92	
1712	51	87	88	92	
1713	52	82	85	86	87	89	91	92	93	96	
1714	84	85	86	88	89	90	94	
1715	77	79	80	81	82	84	86	88	94	
1716	76	78	78	79	80	81	84	85	88	88	92	97	
1717	78	80	82	89	
1718	78	89	99	
1719	83	
1738	24	
1739	15	16	
1740	8	11	14	16	17	18	23	42	70	
1741	9	11	13	14	15	16	17	18	19	20	22	23	73	
1742	11	12	14	15	17	18	19	20	21	22	24	72	
1743	3	15	21	22	23	23	25	
1744	24	87	
1745	52	82	86	86	87	89	90	91	94	96	
1746	52	54	59	78	81	82	82	83	84	85	86	87	89	89	90	92	93	95	99	
1747	77	79	80	81	83	83	84	86	88	89	91	96	
1748	78	79	80	82	93	
1749	78	80	88	
1750	80	83	
1751	79	
1752	87	
1753	24	
1772	9	
1773	10	12	14	19	
1774	7	8	11	13	13	14	16	16	17	18	20	21	25	69	
1775	11	14	15	17	19	20	21	22	23	25	69	
1776	21	22	23	25	93	
1777	52	57	83	85	86	87	88	89	90	92	94	96	
1778	82	82	85	85	86	87	88	88	89	90	92	93	95	
1779	78	80	81	82	83	83	84	85	87	89	93	94	
1780	78	79	79	80	81	82	83	85	88	97	99	
1781	78	80	81	85	
1782	78	82	88	
1783	79	86	
1787	31	
1788	97	
1806	9	13	20	
1807	7	8	9	10	11	12	14	15	23	
1808	11	12	13	15	16	17	18	19	22	25	91	93	
1809	21	23	24	83	86	87	91	93	96	
1810	82	83	85	86	87	89	90	91	93	95	97	
1811	77	78	80	81	82	82	84	85	86	89	92	92	95	
1812	76	77	79	79	80	81	83	84	85	87	91	99	
1813	79	80	81	84	86	90	
1814	79	82	84	89	
1815	78	81	
1816	92	101	
1820	38	78	
1836	86	
1839	12	
1841	8	9	10	12	13	15	
1842	78	82	85	87	89	91	
1843	53	77	80	81	82	84	85	86	88	90	95	
1844	76	77	79	80	82	83	83	85	87	89	
1845	77	79	80	81	83	84	86	88	
1846	78	79	83	
1847	43	85	
1871	20	
1873	15	
1875	4	13	
1876	79	82	85	
1877	78	78	79	82	85	88	94	
1878	79	86	103	
1879	80	85	
1880	83	
1881	84	95	
1885	3	48	
1898	39	
1902	89	
1909	97	
1910	79	
1927	3	
1936	89	
1940	93	
1943	88	
1950	80	
1960	97	
1980	94	
1991	38	
1993	39	
2013	98	
2022	22	
2070	6	
2071	91	
2075	16	
2077	94	
2078	90	
2081	23	
2094	61	
2137	13	
2149	27	
2178	10	
2185	31	
2194	99	
2212	9	22	
2229	100	
