147	26	
226	88	92	
227	87	89	91	92	93	96	
228	87	91	93	94	96	
229	88	90	92	96	
230	16	
258	93	97	
259	87	91	93	93	97	
260	53	82	84	86	87	88	89	90	91	93	93	96	98	
261	7	82	83	83	84	85	86	87	88	89	91	92	94	97	99	
262	10	82	84	85	86	87	88	89	90	91	94	96	99	
263	7	11	12	13	15	16	17	82	85	87	88	90	92	94	97	101	
264	16	17	18	19	21	
291	54	83	86	88	91	92	95	
292	60	82	83	85	86	88	88	89	90	91	92	95	98	
293	55	82	84	85	86	87	88	88	89	90	91	93	95	100	
294	8	53	80	82	82	84	85	86	87	89	91	95	
295	81	81	82	83	84	85	86	88	91	
296	5	9	11	46	80	81	82	83	84	85	87	88	90	93	101	
297	5	7	8	9	10	11	12	13	13	14	15	15	16	19	81	82	83	83	84	86	89	
298	16	17	18	19	20	21	22	83	
299	18	22	
323	60	88	90	91	96	
324	55	56	59	87	88	90	91	93	94	97	
325	82	84	85	86	87	89	90	91	94	96	100	
326	63	81	82	84	85	85	87	89	90	92	94	101	
327	80	82	83	83	84	85	87	89	91	98	98	
328	79	81	83	85	86	89	103	103	
329	12	37	82	83	92	
330	5	9	10	14	16	46	81	83	
331	4	7	8	10	10	11	12	12	13	14	15	15	16	17	18	18	19	19	20	72	
332	15	17	17	19	20	20	21	22	25	26	
355	57	61	92	
356	87	90	91	94	96	
357	55	63	82	83	84	86	87	89	90	92	94	97	
358	60	82	83	84	85	86	87	88	89	90	91	92	95	100	
359	81	82	83	84	85	86	88	89	94	100	
360	80	81	83	83	84	86	88	100	
361	19	47	80	82	84	87	
362	14	40	46	84	
363	9	13	16	19	22	41	46	
364	6	10	11	12	13	14	15	16	17	18	18	19	20	23	39	71	
365	2	5	8	10	12	12	13	14	15	16	17	18	18	19	20	21	22	23	24	25	
366	21	21	22	23	
387	92	
388	57	88	90	91	92	94	97	
389	56	86	87	88	89	91	92	94	
390	54	82	83	84	86	87	88	88	90	91	92	93	95	100	
391	81	82	84	85	86	87	88	89	90	94	
392	46	80	81	82	84	85	86	90	97	
393	80	82	83	85	89	94	
394	7	16	38	44	46	48	85	
395	12	16	18	18	20	43	47	49	69	
396	11	14	16	17	19	20	27	29	39	44	46	48	51	67	72	
397	8	9	11	12	14	15	17	18	18	19	20	21	25	45	48	72	
398	4	12	13	14	15	17	20	20	21	22	23	23	25	27	45	69	
399	15	21	22	23	23	25	
400	22	
420	58	88	92	96	
421	58	86	87	89	91	92	95	
422	82	85	86	87	89	90	91	93	93	96	
423	81	82	84	85	86	88	88	89	90	91	94	98	98	
424	81	82	83	84	85	86	89	90	94	99	
425	80	81	83	84	86	89	
426	11	18	26	46	81	84	
427	10	14	19	33	39	
428	9	11	14	16	17	18	18	19	20	20	45	73	
429	11	12	13	14	16	18	19	20	20	22	23	27	45	49	51	70	
430	11	13	15	18	19	20	21	22	23	26	44	48	
431	11	15	19	20	21	22	24	26	45	
432	13	21	22	23	23	25	
452	56	92	
453	88	90	91	93	94	98	
454	57	82	83	86	87	88	89	90	91	93	94	98	101	
455	81	82	83	83	84	85	86	88	88	89	90	92	94	98	99	
456	54	80	81	82	83	84	85	86	88	88	90	96	101	
457	80	81	83	83	84	86	91	95	
458	19	38	50	80	81	84	85	90	
459	16	19	35	42	48	84	
460	10	13	16	17	18	19	20	43	47	71	
461	6	8	10	11	12	13	14	15	16	17	19	20	26	34	42	45	
462	12	15	17	18	19	20	20	21	21	22	23	24	25	
463	21	22	23	23	25	
464	22	
465	23	
484	58	92	98	
485	88	90	92	95	
486	57	82	85	86	87	88	90	91	92	94	
487	55	81	82	83	84	85	86	87	89	90	91	94	97	103	
488	81	82	83	84	85	86	87	89	90	92	97	
489	81	83	84	84	86	89	
490	73	81	82	83	85	95	
491	16	46	70	84	
492	7	11	19	43	46	71	
493	4	8	10	11	13	14	15	16	16	17	18	18	19	19	20	21	25	73	
494	4	11	13	14	15	17	19	20	20	21	22	23	25	26	44	51	
495	12	14	20	21	22	23	23	24	26	50	75	
496	22	22	25	
497	23	
507	86	86	87	
515	66	
516	56	60	
517	88	91	93	93	96	
518	82	85	86	87	88	89	90	91	93	93	95	
519	82	85	87	88	89	90	90	91	93	93	95	99	
520	57	62	82	82	84	84	85	86	88	88	89	90	92	94	98	
521	80	81	82	84	84	85	88	88	89	91	94	
522	46	49	67	81	82	83	85	86	
523	16	31	39	46	82	84	
524	11	17	19	35	
525	10	13	13	16	17	17	18	19	20	21	24	43	45	47	50	72	
526	7	9	11	12	13	14	15	16	17	18	19	20	21	22	25	42	45	49	72	
527	11	12	13	15	18	19	19	20	21	21	22	24	27	48	
528	20	21	22	23	24	27	
529	22	
536	26	
548	56	
549	47	52	57	59	
550	47	48	53	57	83	86	88	89	91	92	93	95	98	
551	82	83	84	85	86	87	89	90	91	93	94	96	103	
552	55	58	81	82	84	85	85	86	88	89	90	91	95	99	
553	80	81	82	83	84	85	86	87	89	92	95	99	
554	80	81	82	83	84	86	99	
555	16	19	81	83	
556	16	17	18	19	26	39	43	46	47	49	59	85	
557	6	8	11	14	17	19	20	25	26	41	43	45	46	49	50	68	
558	11	12	13	13	14	15	15	16	17	18	19	20	20	28	41	44	45	47	49	70	
559	12	13	15	17	19	19	20	21	22	24	25	
560	18	20	22	23	24	25	28	
561	21	22	24	
571	19	19	
581	58	
582	56	56	57	58	59	61	
583	47	50	51	52	53	54	55	56	57	59	63	
584	44	45	46	47	47	48	48	49	50	51	52	56	81	83	84	85	89	101	
585	36	43	46	46	47	48	49	80	81	82	83	84	85	86	88	90	100	
586	37	46	81	82	83	84	86	88	93	
587	46	80	81	84	
588	8	15	16	18	20	39	45	46	48	71	81	
589	10	11	13	14	16	17	18	19	20	24	42	45	61	70	
590	10	14	16	17	18	19	19	20	21	22	24	27	47	49	51	71	74	
591	11	14	15	16	18	20	21	22	23	24	26	45	49	
592	4	12	15	19	21	22	23	24	25	
593	20	22	23	24	
594	23	
616	57	57	59	61	
617	33	51	52	52	53	53	54	55	55	56	56	57	58	59	61	
618	41	44	45	48	49	49	50	51	51	52	52	54	55	56	57	58	60	
619	33	42	44	45	46	48	49	50	51	53	54	56	58	60	70	80	81	84	
620	19	20	21	41	44	45	45	47	48	49	49	51	56	59	68	71	84	104	
621	6	9	12	13	15	16	19	19	21	27	42	44	45	47	49	50	71	
622	6	10	12	14	15	18	18	19	20	22	24	45	46	48	69	72	
623	12	13	14	15	17	19	20	21	22	24	25	45	71	74	
624	20	21	22	23	24	
625	22	23	23	75	
626	22	25	
627	23	
643	2	2	
651	55	58	59	62	
652	34	52	54	55	60	92	
653	24	51	54	55	60	62	64	
654	15	20	22	23	24	51	53	60	
655	13	21	22	23	24	25	51	
656	15	20	22	23	24	25	
657	22	23	25	
658	25	
689	25	
690	24	
720	100	
727	5	
728	1	
1157	42	
1161	25	
1165	64	
1184	104	
1201	80	
1207	9	
1219	101	
1238	56	
1243	66	
1251	69	
1253	87	
1274	82	
1284	21	
1289	53	
1301	98	
1302	29	
1315	92	
1316	51	
1319	12	
1320	49	
1324	3	
1345	26	
1348	37	46	
1349	47	
1350	38	46	
1351	46	48	56	
1353	8	
1355	60	
1368	49	
1380	46	
1381	16	39	44	46	
1382	16	18	18	20	28	37	46	48	57	
1383	17	20	22	44	45	46	47	50	53	55	57	60	67	
1384	19	21	43	44	46	47	49	51	56	57	59	
1385	22	45	46	47	49	50	52	63	
1386	46	48	
1390	68	
1396	36	
1397	24	
1405	62	
1408	61	
1412	16	46	
1413	16	19	45	
1414	9	16	18	20	40	46	49	
1415	11	12	14	16	19	22	23	33	49	71	
1416	16	17	18	18	19	20	21	24	46	58	60	
1417	19	21	22	24	44	50	52	54	56	57	58	60	63	
1418	21	23	23	25	27	32	48	50	52	53	54	56	57	58	60	72	
1419	22	25	46	48	49	50	51	52	53	54	56	57	59	63	
1420	48	49	50	59	
1421	49	
1439	58	
1443	47	
1445	17	
1446	16	19	22	43	49	
1447	12	13	17	18	19	42	
1448	10	14	19	20	22	23	28	40	49	
1449	10	12	14	15	16	18	18	20	21	24	29	45	49	
1450	13	15	17	20	21	22	24	73	
1451	21	22	23	23	25	58	61	
1452	23	53	54	55	56	57	59	60	61	
1453	47	49	50	51	52	53	54	55	56	58	
1454	48	49	54	
1457	84	
1470	41	
1471	81	
1478	16	24	36	46	
1479	11	14	16	17	19	24	45	46	
1480	6	12	14	16	18	19	20	24	27	44	72	
1481	11	13	14	15	17	18	18	19	20	21	23	25	43	70	
1482	15	17	20	21	22	24	26	75	
1483	13	21	23	24	25	77	
1484	22	24	
1485	57	62	
1486	51	52	52	54	55	57	58	60	61	
1487	49	50	51	53	53	54	56	59	63	88	91	
1488	52	
1490	69	
1498	8	
1508	18	
1509	19	39	
1510	10	27	36	41	47	
1511	11	17	19	46	
1512	6	10	13	14	16	18	18	20	23	42	47	50	
1513	10	13	14	16	17	18	19	20	21	24	26	
1514	9	12	13	15	16	17	18	19	20	21	22	23	25	45	48	
1515	15	20	21	22	24	25	26	
1516	22	24	
1518	57	
1519	57	61	93	
1520	52	53	54	55	59	62	88	90	91	92	94	97	
1521	53	53	55	62	82	85	86	87	89	90	93	93	95	101	
1522	89	
1537	33	
1542	45	46	
1543	16	18	25	39	
1544	11	14	16	19	21	40	
1545	9	11	14	16	18	18	19	21	41	48	73	
1546	11	13	13	15	16	17	19	20	21	22	23	25	71	
1547	12	15	17	20	20	21	22	23	24	
1548	22	23	23	25	
1551	91	93	
1552	87	89	90	91	93	94	95	97	
1553	55	61	85	86	86	87	89	90	91	93	94	96	100	
1554	53	55	59	81	82	84	85	86	87	89	90	91	94	102	
1555	79	81	82	83	84	86	89	
1556	87	89	
1558	8	
1572	69	
1573	5	
1574	31	46	
1575	16	19	46	
1576	11	14	16	19	22	40	46	
1577	9	11	13	15	16	18	19	21	25	27	45	46	
1578	11	14	15	16	17	18	19	20	21	22	24	45	
1579	9	12	14	14	17	18	19	21	22	23	23	25	26	45	
1580	21	22	23	25	
1581	23	25	
1582	57	
1583	93	
1584	87	88	90	91	93	93	95	97	
1585	82	87	88	90	90	92	93	94	96	100	
1586	81	82	84	85	87	88	88	89	90	91	94	102	
1587	81	81	82	83	84	85	85	86	88	89	90	96	99	
1588	80	81	82	83	84	86	88	93	94	101	
1589	84	88	
1591	35	
1605	2	41	46	
1606	46	
1607	16	21	38	
1608	11	17	20	24	30	38	47	
1609	10	12	14	16	18	19	20	21	39	
1610	9	15	17	18	18	20	21	22	24	28	42	
1611	11	13	13	15	17	19	20	21	23	24	27	28	49	
1612	14	20	21	22	23	25	
1613	22	24	
1616	58	59	87	91	92	96	
1617	53	54	83	86	87	89	90	91	91	94	96	
1618	81	82	83	84	85	86	87	89	90	92	94	96	100	
1619	80	81	82	83	83	84	84	85	86	88	89	90	93	97	101	
1620	80	81	83	83	84	86	90	94	99	
1621	79	80	83	85	92	92	
1622	82	83	89	
1623	84	
1624	90	
1627	20	
1632	71	
1635	37	
1638	48	
1639	16	27	39	48	
1640	7	13	17	19	38	
1641	10	17	18	21	23	45	48	70	
1642	12	12	15	16	17	18	19	20	21	23	40	44	46	48	
1643	11	13	13	15	17	18	20	21	24	27	45	
1644	15	19	20	21	22	23	24	
1645	22	23	23	24	
1647	56	
1648	58	
1649	52	54	87	87	90	91	92	94	95	
1650	55	82	84	85	86	87	88	89	90	92	93	94	96	99	
1651	54	59	81	82	83	83	84	85	86	88	90	91	93	98	98	104	
1652	79	81	84	86	89	91	
1653	80	82	86	
1654	84	93	
1655	83	
1656	88	
1657	23	
1660	74	
1669	23	
1670	43	
1671	13	16	18	67	
1672	16	19	
1673	8	12	13	16	17	19	20	23	37	39	44	47	
1674	11	13	15	16	18	19	20	21	22	45	48	
1675	9	11	13	15	16	18	18	19	21	22	23	25	45	72	
1676	11	14	17	19	20	21	22	23	24	28	
1677	15	21	22	23	25	
1678	24	
1680	93	
1681	53	57	87	88	91	92	93	94	96	
1682	52	55	86	87	89	90	90	91	93	94	95	97	100	
1683	55	81	82	83	85	86	87	87	88	89	90	92	94	98	
1684	79	80	81	82	84	84	86	87	89	92	102	
1685	79	80	82	84	85	88	
1686	82	83	91	104	
1688	83	
1689	86	
1691	30	30	30	32	
1695	15	
1704	17	
1705	8	11	13	16	20	
1706	11	14	16	17	18	18	19	20	21	25	26	71	
1707	10	12	14	16	17	18	19	20	21	23	24	28	45	74	
1708	10	13	15	19	20	21	22	24	
1709	20	21	22	24	
1710	22	23	25	
1711	93	
1712	88	91	93	97	97	
1713	87	91	91	93	95	
1714	51	53	55	86	87	90	91	92	94	95	
1715	81	82	83	84	84	85	86	88	89	90	92	94	95	98	
1716	81	81	82	83	83	84	85	86	87	88	89	90	97	99	103	
1717	80	81	83	84	85	88	90	
1718	81	84	92	98	
1719	82	89	
1720	92	
1722	94	
1728	16	
1738	8	11	14	
1739	6	9	11	12	13	14	17	19	
1740	10	12	12	13	15	16	17	18	19	21	23	
1741	16	17	20	21	22	23	24	74	93	
1742	25	
1744	58	93	
1745	54	87	87	90	91	92	94	96	
1746	82	84	85	86	87	88	89	90	90	91	93	94	96	100	
1747	55	81	82	84	85	86	87	88	89	90	92	94	97	99	
1748	55	81	82	83	84	85	86	87	88	89	91	93	96	99	
1749	79	80	81	84	86	101	
1750	80	81	84	89	
1751	84	
1754	25	
1758	9	
1761	25	
1762	15	15	
1766	69	
1769	71	
1772	9	13	
1773	6	9	10	11	14	15	18	
1774	7	11	12	14	15	23	87	91	94	97	
1775	87	90	91	92	94	96	98	
1776	87	91	92	93	94	95	
1777	87	87	88	90	91	92	92	95	96	98	
1778	55	86	87	87	89	90	90	91	94	96	101	
1779	82	83	84	85	86	86	87	88	89	91	93	97	100	
1780	79	80	81	82	83	83	84	85	86	89	96	99	
1781	80	82	83	83	84	86	89	
1782	80	81	84	86	88	91	
1783	83	94	
1784	85	99	
1792	98	
1797	98	
1806	14	
1807	10	14	
1808	5	10	81	82	84	87	90	93	
1809	81	81	82	83	84	84	85	86	87	88	89	90	92	93	97	101	
1810	81	82	83	84	85	86	87	88	89	90	92	94	98	
1811	82	82	84	85	85	86	88	89	90	92	94	101	
1812	80	81	82	82	83	84	85	85	86	88	88	89	91	93	100	
1813	79	81	82	84	84	85	86	90	95	
1814	82	84	86	91	
1815	80	86	
1816	84	
1817	85	
1819	10	13	
1823	4	
1839	77	
1840	10	
1842	95	
1843	80	81	84	
1844	80	82	83	84	87	97	98	
1845	80	81	82	83	84	85	86	91	
1846	79	80	82	84	
1847	84	89	
1848	87	
1849	83	
1851	9	
1853	49	
1859	49	
1862	82	
1866	68	
1869	69	
1877	83	
1878	84	
1879	85	89	
1880	89	
1881	86	
1893	88	
1899	56	
1907	69	
1913	86	
1938	81	
1944	41	95	
1954	45	
1956	92	
1960	102	
1974	69	
1982	101	
2006	69	
2015	76	
2020	75	
2021	43	
2026	20	
2030	61	
2032	35	
2043	67	
2055	3	
2072	95	
2110	27	
2143	29	
2147	33	
2150	32	
2179	26	
2180	34	
2230	1	
2253	1	
