81	54	
146	29	
181	24	
218	11	
328	93	
329	87	90	92	97	
330	86	91	98	
355	93	
356	91	
357	88	91	93	96	
358	87	92	
359	87	91	92	
360	88	90	92	93	97	
361	87	89	91	93	
362	85	87	88	88	90	91	92	97	
363	9	81	82	84	85	87	88	88	89	90	92	94	98	
364	13	14	81	82	83	84	85	86	88	88	89	90	92	93	97	
365	16	85	87	88	90	91	94	
366	17	
384	93	
385	87	92	
386	86	88	90	91	93	
387	86	88	89	90	91	97	
388	86	88	88	89	91	92	94	
389	86	87	88	88	89	90	92	96	
390	82	83	86	87	88	88	89	91	92	93	96	98	
391	81	82	83	84	85	86	87	89	90	91	97	
392	82	84	85	87	88	89	91	93	94	98	100	
393	81	83	84	85	87	88	89	90	91	94	98	
394	81	82	84	85	86	88	89	92	96	
395	82	83	84	85	86	88	89	90	92	95	
396	80	82	83	83	84	85	86	88	89	91	94	98	
397	9	79	80	81	82	83	83	84	90	94	
398	6	8	10	12	13	15	16	19	80	81	82	83	84	85	89	
399	12	13	14	16	17	19	79	81	82	83	84	86	89	93	99	
400	16	17	18	19	20	
414	91	97	
415	86	91	93	
416	87	91	92	98	
417	86	88	89	90	92	98	
418	82	85	86	88	88	89	90	92	96	
419	83	85	86	87	88	89	90	91	92	94	
420	81	82	83	84	85	86	88	89	91	95	98	
421	80	81	82	83	83	84	85	86	87	89	90	92	94	97	
422	80	81	81	82	83	84	85	86	88	90	91	94	97	98	
423	80	81	82	83	84	85	87	89	90	91	94	
424	81	82	83	84	85	86	89	90	94	
425	79	80	81	82	83	84	85	86	88	90	93	
426	79	80	81	82	83	84	85	86	88	89	92	97	
427	78	79	80	81	82	82	83	85	86	89	92	93	
428	46	80	81	82	83	84	85	87	89	91	96	
429	79	80	81	82	84	85	86	89	95	
430	78	80	81	82	84	85	
431	10	39	79	80	84	88	
432	9	11	13	16	18	69	79	80	
433	6	8	9	11	12	13	14	15	16	16	17	18	19	20	21	68	80	81	83	
434	17	18	20	21	22	98	
447	46	49	
448	82	85	87	89	90	93	
449	82	84	85	86	87	89	90	92	97	
450	80	81	82	84	85	86	87	88	90	92	94	
451	80	81	82	83	84	85	86	89	90	94	
452	56	80	81	82	83	83	84	85	87	89	94	98	
453	40	46	80	81	81	82	84	85	86	89	95	100	
454	38	40	79	80	81	82	83	84	85	100	
455	37	46	79	80	80	82	84	
456	56	79	79	80	82	83	84	88	93	
457	46	79	80	81	82	83	84	
458	27	42	79	80	81	83	85	88	93	
459	36	48	67	72	78	79	81	85	
460	20	26	46	80	81	83	
461	16	19	37	41	48	79	80	84	100	
462	16	19	33	42	44	47	57	58	68	68	80	83	
463	17	18	19	21	26	28	41	44	45	46	47	48	49	54	56	63	78	80	84	
464	9	18	19	20	22	29	41	44	45	46	48	49	67	70	
465	9	11	14	17	19	21	42	43	65	
466	6	9	11	13	14	15	16	17	18	18	19	20	21	22	24	27	44	68	
467	12	13	14	15	17	19	20	21	21	22	23	24	
468	21	22	24	
479	56	57	
480	51	52	54	55	56	57	59	
481	37	41	44	46	47	48	48	50	55	
482	43	57	80	81	83	85	93	98	
483	37	42	47	57	80	81	82	84	85	86	
484	16	19	36	41	46	48	53	56	58	67	69	80	80	81	83	83	84	99	
485	17	19	42	43	45	46	47	47	49	57	68	80	81	83	84	
486	18	19	26	40	42	44	45	46	47	48	48	52	57	59	66	79	80	84	
487	18	20	27	40	43	44	46	47	48	49	56	57	61	78	79	80	83	
488	18	20	21	26	40	43	43	44	45	46	47	48	49	51	56	67	79	
489	19	20	21	26	38	39	42	44	45	46	47	49	51	56	58	60	64	79	
490	18	18	20	21	22	26	42	43	44	45	46	47	48	48	49	56	57	61	66	68	79	
491	19	20	22	27	30	41	43	44	45	46	47	49	53	56	57	60	67	
492	18	18	20	21	22	26	40	44	45	46	47	48	48	50	53	57	58	59	68	
493	13	19	20	21	22	28	29	40	42	43	44	45	46	48	49	57	67	
494	15	17	20	21	22	42	43	44	46	49	57	65	
495	12	14	18	19	20	21	22	24	26	42	44	45	47	48	62	65	67	68	
496	18	19	20	20	21	22	24	26	28	42	44	45	47	48	51	55	58	58	
497	19	20	21	23	24	26	32	43	44	45	46	49	62	65	69	
498	13	15	17	19	21	23	23	24	28	42	45	46	48	
499	11	15	19	21	22	24	25	44	65	
500	13	14	20	21	23	24	25	27	
501	22	25	
513	57	
514	35	51	52	52	54	55	57	59	61	
515	43	45	47	48	48	49	50	51	54	57	59	
516	42	44	45	45	46	48	49	50	64	67	
517	10	14	20	24	27	43	44	45	58	62	63	67	79	
518	15	19	20	22	26	45	48	52	55	63	78	
519	20	22	23	24	25	44	50	53	55	60	
520	22	23	24	35	44	45	50	55	62	
521	21	23	23	24	25	27	45	48	50	54	63	
522	22	23	24	28	45	47	48	50	55	58	
523	21	22	23	24	45	49	54	64	
524	22	23	24	25	26	33	44	48	51	54	63	63	75	
525	22	24	25	45	49	51	54	
526	23	23	25	28	43	45	48	51	55	65	
527	21	22	23	25	45	49	63	
528	21	22	24	25	26	32	45	50	64	
529	21	22	23	24	49	
530	22	24	
531	22	24	
532	25	
533	24	
548	55	
549	51	55	64	
550	24	45	
551	24	
552	22	23	
553	22	24	46	
575	95	95	
609	99	
1171	77	
1175	59	
1178	60	
1185	65	
1194	17	
1202	19	
1208	9	
1210	9	
1213	6	
1230	40	
1235	47	
1236	22	
1238	20	
1259	38	
1272	21	
1286	21	
1296	4	
1298	88	
1302	28	
1306	31	
1307	31	
1312	79	
1314	82	
1316	8	
1317	94	
1318	49	
1325	8	
1344	33	
1349	27	
1354	56	
1365	39	
1373	15	
1401	39	
1409	40	
1417	9	
1424	8	
1433	50	
1440	85	
1443	56	
1444	46	
1448	46	
1449	28	
1450	17	
1451	41	58	
1452	46	
1453	55	
1454	8	
1459	12	
1467	2	
1469	37	
1471	38	
1479	56	
1483	16	36	44	67	
1484	17	36	
1485	17	20	43	45	46	49	71	
1486	43	46	
1487	46	
1489	71	
1490	56	71	
1492	49	
1503	36	
1504	36	
1507	50	
1508	21	
1509	19	41	68	
1510	19	46	71	
1511	38	40	47	69	
1512	16	19	38	46	56	66	
1513	20	27	43	48	50	58	
1514	20	37	43	44	57	69	
1515	21	47	49	67	
1516	17	19	44	46	68	
1517	10	16	19	22	41	43	46	50	
1518	17	18	20	24	27	38	45	52	56	58	61	68	
1519	17	20	22	24	27	42	43	44	46	47	48	48	50	51	55	56	58	60	68	
1520	22	32	42	44	45	46	47	48	49	50	52	61	
1521	44	46	49	
1523	54	
1532	47	
1535	37	
1536	18	
1537	19	32	
1539	47	68	70	
1540	42	47	67	
1541	17	20	42	47	57	65	
1542	16	19	42	45	47	51	57	
1543	17	21	37	40	45	46	48	51	66	
1544	18	19	21	37	43	43	48	51	61	
1545	16	19	21	21	27	46	66	70	
1546	17	18	20	22	36	41	44	46	51	57	59	
1547	19	21	23	23	42	44	45	46	48	48	51	56	72	
1548	18	20	21	25	29	39	43	43	45	46	48	49	53	56	60	63	66	
1549	14	18	18	20	22	25	42	45	46	48	50	60	66	74	
1550	14	16	18	20	22	24	30	38	44	47	63	
1551	10	14	16	20	21	24	42	44	66	69	
1552	15	16	18	18	19	20	22	24	34	45	48	62	
1553	20	21	22	23	25	50	51	52	53	55	56	56	58	58	60	
1554	25	43	44	45	47	48	48	49	50	51	52	53	54	56	60	64	75	
1555	44	45	47	49	50	51	58	
1561	9	
1566	33	
1568	32	34	
1569	16	37	
1570	17	21	43	47	51	
1571	17	20	42	44	46	48	50	56	
1572	16	20	47	57	66	69	
1573	17	19	42	43	47	66	
1574	12	14	17	20	27	36	42	47	
1575	16	18	19	21	25	26	35	44	47	51	65	67	69	
1576	16	17	19	21	22	24	26	41	43	45	46	48	50	60	65	67	
1577	18	18	20	21	24	25	28	39	43	44	45	46	48	51	53	58	
1578	12	14	16	19	20	22	23	25	44	45	48	50	59	65	69	
1579	11	16	19	20	22	24	27	44	59	
1580	20	21	22	23	25	26	29	45	49	52	53	59	65	
1581	20	22	23	25	48	49	51	59	64	
1582	20	22	23	25	44	45	50	59	
1583	14	21	25	27	29	45	50	
1584	21	23	24	45	63	
1585	13	21	23	24	
1586	23	23	25	58	
1587	25	52	55	56	58	62	92	
1588	48	50	51	51	53	53	54	55	58	60	88	91	92	
1589	49	52	86	87	91	97	
1596	59	
1602	28	
1603	18	
1604	16	17	18	18	20	41	61	64	68	
1605	17	19	20	22	29	35	43	44	47	49	
1606	11	16	19	22	25	45	49	59	69	
1607	14	16	19	21	22	25	35	43	45	49	
1608	14	18	18	20	21	23	23	24	27	44	48	64	
1609	12	14	19	21	22	24	
1610	21	22	23	24	93	
1611	15	22	25	53	92	
1612	23	23	25	93	
1613	25	
1614	92	92	
1615	24	88	93	
1616	24	93	
1617	91	92	
1618	90	92	97	
1619	83	86	87	88	91	93	96	
1620	85	86	87	90	92	94	97	
1621	55	56	82	83	85	86	87	89	90	91	92	93	97	
1622	52	54	55	81	82	83	84	85	86	87	89	90	92	95	
1623	80	81	83	85	86	89	93	
1627	68	
1636	10	
1637	7	10	11	12	13	14	15	
1638	14	16	18	18	20	21	25	93	93	
1639	22	23	24	91	93	
1640	22	23	87	88	91	97	
1641	25	73	87	88	90	92	93	97	
1642	86	87	89	90	91	92	95	
1643	25	83	86	87	90	91	93	93	96	
1644	85	86	86	87	90	91	92	96	
1645	82	83	85	85	86	87	89	90	91	93	94	98	
1646	83	85	86	86	87	89	89	90	91	94	97	
1647	82	86	87	88	89	89	90	91	93	97	
1648	82	85	86	86	87	90	91	92	94	96	
1649	82	85	85	86	87	89	90	91	94	97	
1650	82	83	85	86	87	88	89	90	91	94	96	
1651	82	83	84	85	86	87	88	89	90	92	93	97	
1652	78	81	82	83	84	85	87	88	89	90	92	93	97	
1653	80	81	82	83	83	84	86	88	88	89	91	95	
1654	80	81	81	82	84	85	86	87	89	91	93	96	
1655	80	80	81	82	84	85	89	91	94	
1656	78	79	80	81	82	84	85	87	89	
1657	80	82	84	88	93	100	
1658	81	
1665	84	
1667	22	
1670	10	
1671	7	8	10	12	14	15	21	
1672	11	13	15	82	86	89	92	
1673	82	83	85	86	87	89	90	92	96	
1674	81	82	85	87	89	91	93	
1675	81	82	84	85	89	92	95	
1676	81	82	83	84	85	88	90	99	
1677	80	80	81	82	83	84	85	87	88	90	96	
1678	80	81	81	82	83	84	85	86	89	93	
1679	80	80	81	82	84	84	86	89	
1680	79	80	81	82	84	84	86	89	94	
1681	79	80	81	82	83	84	85	89	91	94	
1682	80	81	81	82	83	84	85	87	88	91	93	95	99	
1683	6	79	79	80	81	82	83	84	86	87	88	90	98	
1684	79	79	80	81	81	84	85	86	88	90	94	98	
1685	79	80	80	81	83	84	85	88	90	
1686	79	80	81	83	84	89	96	
1687	79	80	81	84	
1688	79	80	81	83	83	85	90	
1689	79	81	82	83	89	
1690	56	80	83	84	
1691	86	
1692	91	
1697	91	91	91	
1705	12	14	
1706	78	79	81	84	89	99	
1707	79	80	81	83	83	84	86	90	94	
1708	79	80	82	83	89	98	
1709	79	80	82	83	86	88	
1710	78	79	81	83	86	88	94	
1711	79	80	84	97	
1712	78	79	83	86	89	99	
1713	79	80	85	
1714	79	81	84	88	
1715	79	81	84	88	
1716	38	79	80	84	
1717	79	80	85	91	
1718	78	80	83	89	
1719	79	80	84	
1720	88	
1721	79	87	90	
1732	72	
1735	6	
1740	98	
1741	81	
1742	86	88	
1744	35	
1746	83	
1748	84	
1751	84	
1753	87	
1756	4	
1768	83	
1769	84	
1774	93	
1776	85	99	
1779	90	
1787	11	
1791	88	
1820	96	
1833	68	
1839	3	
1851	92	
1853	43	
1859	58	
1878	5	
1886	56	
1906	72	74	
1914	31	
1925	2	4	
1946	43	
1957	3	58	
1976	102	
1977	5	
2003	60	
2007	9	68	
2038	76	
2047	24	
2048	62	
2049	49	
2056	3	93	
2059	1	
2060	82	
2079	61	
2082	8	
2083	56	
2087	39	
2100	88	
2104	77	
2112	84	
2113	8	
2130	80	84	
2148	21	35	
2149	10	
2153	9	
2171	23	
2173	86	
