112	40	
347	92	
348	92	
351	93	
359	92	
360	92	
363	92	
364	93	
366	93	
379	51	59	
380	47	49	96	
381	9	83	85	89	91	94	98	
382	12	81	83	85	87	88	89	90	91	93	93	96	99	
383	82	86	87	90	91	92	94	
384	86	87	90	92	93	93	95	
385	87	90	91	92	95	
386	83	87	89	90	91	92	94	97	
387	87	90	92	93	97	
388	87	88	90	91	92	95	
389	87	90	91	92	93	96	
390	87	91	92	94	98	
391	83	87	88	90	91	92	94	97	
392	86	87	90	92	95	
393	87	91	92	94	97	
394	87	89	91	92	94	97	
395	86	88	90	91	93	94	
396	87	90	91	93	94	96	
397	86	88	90	91	92	94	96	
398	85	86	88	89	91	92	94	98	
399	82	86	87	89	90	92	93	95	98	
400	13	87	88	91	
401	16	17	21	
413	51	52	54	55	56	56	58	61	
414	40	42	45	46	47	48	49	50	53	
415	42	44	46	49	80	
416	8	8	11	81	82	82	84	85	89	101	
417	13	15	80	81	82	83	84	86	87	88	89	91	94	98	
418	7	81	82	83	84	85	86	87	88	89	90	92	94	98	100	
419	82	84	85	86	87	88	88	89	90	91	93	94	97	99	
420	82	83	84	85	86	88	88	90	92	94	95	
421	81	82	83	83	84	85	86	87	88	89	91	93	95	
422	81	82	82	84	85	86	87	89	90	91	94	95	99	
423	82	83	84	85	86	88	88	89	90	91	94	98	100	
424	82	83	83	84	85	86	88	88	89	91	92	93	95	
425	81	82	83	84	85	86	87	89	90	91	93	94	97	
426	81	82	83	83	84	85	87	88	89	90	91	93	93	95	99	
427	81	81	82	83	84	85	87	88	88	89	90	92	93	95	
428	81	82	84	85	86	87	88	89	90	91	92	96	
429	7	81	82	83	84	85	86	87	89	90	91	94	98	98	
430	81	82	83	84	85	86	87	88	89	91	94	100	
431	37	81	82	83	84	85	86	87	89	91	94	101	
432	81	82	84	85	86	86	89	90	93	95	
433	9	14	16	68	81	82	83	83	84	85	88	90	94	99	
434	7	11	12	14	15	16	16	17	19	19	81	83	85	89	99	
435	17	19	20	
447	51	52	53	54	55	56	57	58	59	
448	35	47	50	50	51	52	53	54	55	56	57	59	61	
449	29	39	42	43	44	45	46	46	47	48	48	49	50	50	53	56	64	
450	40	42	43	44	46	47	56	
451	29	41	43	46	47	81	82	83	84	99	
452	20	39	44	46	47	69	80	81	82	84	85	
453	9	37	38	43	43	46	57	67	80	81	82	82	83	84	85	89	
454	16	17	19	42	47	56	79	80	81	84	84	86	
455	11	17	19	39	42	46	47	56	58	66	79	80	81	84	85	102	
456	17	18	20	40	42	43	46	47	48	50	56	66	80	81	82	83	84	89	
457	20	31	39	42	44	46	81	82	84	85	
458	41	48	80	81	82	83	84	85	86	95	99	
459	19	26	41	46	80	81	82	83	84	86	89	
460	42	66	80	81	82	84	85	89	100	
461	17	42	46	58	80	80	81	83	84	85	86	101	
462	16	17	18	20	41	43	44	46	47	50	56	70	81	82	83	84	85	
463	17	19	21	26	35	39	43	44	46	47	58	68	79	80	81	83	84	88	
464	17	19	20	35	39	42	45	46	48	49	58	67	71	81	82	84	89	
465	17	18	19	21	36	42	43	44	46	47	49	65	67	79	80	81	83	84	99	
466	9	17	18	19	20	22	27	29	43	44	46	65	66	69	80	81	83	85	
467	4	6	9	10	11	12	13	14	17	18	19	20	21	80	84	
468	12	13	14	15	17	19	20	21	22	23	24	46	68	
469	3	21	22	
482	51	53	54	55	58	61	
483	35	49	51	52	54	55	57	61	
484	23	35	42	45	45	47	48	50	51	52	53	54	56	57	59	61	65	
485	23	25	42	43	44	45	46	47	48	48	49	50	52	54	55	56	63	67	
486	21	23	32	40	42	44	45	47	47	49	50	62	
487	13	19	21	26	42	43	44	47	60	68	69	84	
488	18	19	20	21	26	43	44	45	46	49	55	56	62	65	80	
489	18	20	21	22	23	24	40	44	47	49	52	54	56	58	60	
490	20	21	23	24	26	30	43	45	46	47	49	51	52	53	53	54	56	57	59	68	
491	21	22	24	25	33	34	41	43	43	44	45	46	47	48	49	50	54	56	58	64	
492	20	22	23	28	42	43	44	46	47	48	48	49	54	57	64	
493	13	19	20	22	33	35	39	42	43	44	44	47	48	49	58	62	64	67	69	
494	14	17	18	20	21	22	35	41	44	45	46	48	56	58	67	81	83	
495	15	19	20	20	21	23	24	26	34	40	44	46	48	54	56	65	
496	17	19	20	21	21	22	23	26	41	43	44	49	53	56	60	65	69	
497	9	14	19	20	21	22	24	26	31	43	44	46	48	51	55	57	65	68	
498	11	14	19	21	22	25	35	44	49	64	
499	5	12	15	20	21	22	23	24	25	27	44	58	64	
500	12	15	20	21	23	24	
501	21	23	24	
502	1	23	24	45	45	
517	55	
518	54	55	
519	24	52	53	55	
520	25	45	55	62	63	
521	22	23	24	33	45	55	
522	21	24	65	
523	22	23	23	25	55	
524	24	53	54	55	57	
525	24	34	50	54	55	64	
526	24	45	50	53	55	64	
527	15	22	24	25	45	49	55	59	64	
528	20	22	23	25	44	49	
529	15	22	24	
530	22	24	
531	23	23	
532	24	
534	24	
1162	24	
1165	74	
1174	10	
1211	62	
1213	95	
1233	27	
1245	34	
1250	8	82	
1282	90	
1287	50	
1303	27	40	
1306	27	
1313	69	
1317	42	
1327	39	
1328	38	
1342	82	
1345	28	
1358	4	
1372	98	
1380	27	42	
1390	7	
1393	91	
1395	33	
1410	3	
1414	41	
1415	61	
1426	94	100	
1431	14	
1436	35	
1439	65	
1445	57	
1447	29	
1456	71	
1465	37	
1466	10	
1468	36	
1470	36	
1473	86	
1475	39	
1477	57	
1481	29	
1484	28	
1486	37	39	
1491	68	
1495	7	
1496	83	
1502	18	38	42	44	56	67	
1503	43	47	
1504	40	47	
1505	39	46	69	
1507	26	36	48	50	
1508	46	58	66	
1509	58	
1510	56	
1511	16	26	42	47	
1512	18	46	
1513	23	46	65	
1514	19	44	56	
1515	38	44	72	
1516	20	46	53	63	66	
1517	43	45	47	78	
1518	30	42	46	
1519	47	57	
1520	19	36	44	47	57	
1521	44	46	70	
1522	43	49	
1523	49	
1525	8	
1530	73	
1535	9	13	
1536	15	56	
1537	16	17	19	20	24	37	42	47	50	55	56	59	65	
1538	17	20	22	30	42	44	45	46	47	49	53	56	60	
1539	22	25	35	40	40	44	46	47	52	53	57	60	67	
1540	21	35	41	43	45	47	50	56	
1541	20	37	41	44	47	53	56	64	67	68	
1542	18	19	21	34	42	44	47	49	
1543	19	22	23	34	41	44	47	48	49	58	59	65	69	
1544	17	20	41	43	45	46	48	51	
1545	18	20	39	44	46	48	56	62	64	
1546	20	41	43	47	55	57	67	
1547	18	20	21	29	41	43	43	46	48	50	53	56	65	67	
1548	19	21	23	39	42	45	47	51	57	59	
1549	20	22	24	27	42	44	46	48	49	
1550	19	20	28	40	44	46	48	50	55	63	73	
1551	19	22	42	44	46	48	57	59	68	70	
1552	19	22	26	34	36	38	42	43	46	47	50	55	
1553	18	19	21	23	27	34	38	42	44	46	47	50	56	59	64	66	68	
1554	21	24	42	44	47	50	56	58	60	67	
1555	21	26	44	46	47	48	50	54	56	62	
1556	22	43	45	47	49	53	
1561	72	72	72	
1563	7	
1569	9	
1570	6	9	11	12	13	15	18	
1571	12	15	16	18	20	23	54	
1572	16	17	19	20	25	33	45	52	54	56	58	63	64	
1573	20	23	27	34	43	45	48	49	54	57	58	
1574	20	23	24	35	45	47	49	53	56	62	63	
1575	19	20	22	24	43	44	45	48	49	54	58	63	
1576	20	21	23	23	34	44	45	48	50	52	53	55	56	70	
1577	19	20	22	24	35	44	45	51	55	56	59	64	
1578	20	21	23	24	43	45	49	54	57	59	65	
1579	20	21	22	24	26	34	44	49	54	57	63	65	
1580	19	21	22	25	28	33	43	43	45	48	50	54	56	63	
1581	20	21	23	24	43	45	47	49	53	53	59	
1582	20	21	22	24	35	43	44	45	47	49	53	55	57	58	65	69	
1583	20	22	24	26	44	48	48	53	55	57	65	70	
1584	20	22	24	33	35	44	45	50	55	56	62	63	
1585	21	22	23	45	48	50	54	56	63	
1586	22	44	51	55	62	
1587	21	23	27	44	49	57	63	
1588	20	21	23	24	45	50	52	53	53	55	60	
1589	22	49	50	51	54	56	60	
1590	49	52	53	
1595	73	
1603	8	
1604	9	11	14	21	
1605	7	10	11	12	14	15	19	86	92	
1606	13	20	87	90	91	92	95	
1607	88	90	91	92	95	
1608	25	88	92	
1609	25	55	93	
1610	25	92	
1611	25	88	91	93	
1612	25	88	91	92	97	
1613	88	92	98	
1614	17	24	
1615	24	55	
1616	23	85	
1617	23	92	
1618	25	92	
1620	24	88	92	98	
1621	87	88	91	92	93	95	
1622	52	55	87	88	91	92	94	96	
1623	53	53	88	90	91	92	94	95	
1624	87	91	94	97	
1625	32	
1637	18	
1638	10	
1639	5	10	13	13	84	86	93	102	
1640	6	10	15	81	82	83	84	85	88	90	97	98	
1641	6	10	12	13	82	85	86	87	89	90	92	94	99	
1642	8	82	86	87	88	89	90	91	93	94	96	100	
1643	83	86	87	88	90	91	92	94	95	98	
1644	83	85	86	87	90	90	91	93	94	97	
1645	82	83	85	86	87	89	90	92	95	101	
1646	9	82	83	84	85	86	87	89	90	91	93	95	101	
1647	6	9	11	12	13	15	81	82	86	87	89	90	91	93	97	102	
1648	83	86	86	87	90	91	92	93	94	95	
1649	86	87	88	89	90	91	94	95	97	
1650	86	87	88	90	91	91	93	93	94	95	97	
1651	85	86	87	89	90	91	93	93	94	96	101	
1652	83	86	87	89	91	92	94	96	99	
1653	83	84	85	87	88	88	89	90	91	93	95	101	
1654	81	82	83	86	87	89	90	93	93	95	
1655	81	82	84	84	86	88	89	90	93	96	101	
1656	80	81	82	82	84	84	85	87	89	90	94	
1657	81	82	83	84	85	87	90	92	98	98	
1658	80	81	83	85	89	95	
1673	83	
1674	11	81	84	86	88	
1675	12	15	81	82	83	85	87	89	97	
1676	80	81	83	83	84	86	90	92	
1677	80	81	82	83	83	84	85	86	89	90	94	
1678	80	81	82	83	84	85	86	88	88	90	95	
1679	80	81	83	84	85	88	89	
1680	80	81	84	85	88	90	95	99	
1681	12	80	81	82	83	85	88	90	93	
1682	81	81	82	84	85	86	88	90	93	95	98	
1683	80	81	81	82	84	85	86	88	89	90	93	
1684	80	81	81	82	83	83	84	85	86	87	89	91	97	100	
1685	80	80	81	82	83	84	85	86	89	
1686	79	80	80	81	83	83	85	87	88	90	94	98	101	
1687	79	80	81	83	83	85	86	94	98	
1688	79	80	81	82	84	85	87	88	91	98	
1689	80	82	83	85	93	
1690	80	82	84	86	94	
1691	81	84	86	
1692	26	26	26	27	85	91	
1693	85	88	
1708	101	
1709	15	83	
1710	80	85	92	
1711	79	81	85	91	93	100	
1712	79	82	84	87	
1714	8	83	
1715	5	90	
1716	81	84	87	90	
1717	80	82	84	91	
1718	79	81	86	
1719	81	85	89	94	99	
1720	81	
1721	80	96	
1722	85	
1723	85	
1733	76	
1747	84	90	
1749	100	
1750	5	
1751	26	
1752	94	
1753	85	
1776	47	
1781	28	
1784	5	
1792	27	98	
1796	67	
1816	93	
1826	8	
1832	61	
1843	46	64	
1845	94	
1846	18	
1848	26	
1850	43	
1863	16	
1880	20	
1897	65	
1900	78	
1911	43	92	
1913	61	
1915	26	
1939	64	
1941	92	
1945	100	
1952	43	99	
1959	2	84	
1961	85	
1965	66	
1974	60	
1976	54	
1994	9	
2004	93	94	
2010	60	
2012	24	
2038	61	
2051	23	
2052	99	
2059	4	
2064	90	
2081	7	
2100	64	
2122	8	15	
2131	3	
2133	99	
2146	96	104	
2163	84	
2169	17	
2180	17	
2190	95	
2224	8	
2226	101	
2256	11	
2262	10	
