48	59	
49	63	
84	79	
220	100	
364	88	91	92	
365	87	90	92	98	
366	92	
391	91	
392	88	92	97	
393	88	92	93	94	97	
394	87	90	92	93	93	95	
395	87	89	91	92	93	96	
396	86	87	89	91	93	94	96	
397	86	87	90	91	93	93	95	98	
398	9	83	85	86	87	89	90	92	94	98	99	
399	11	14	16	81	83	84	85	86	88	88	90	91	93	96	
400	16	83	85	87	89	91	97	
401	17	20	
405	70	70	70	
417	93	
418	91	93	
419	87	91	92	95	
420	87	92	96	
421	87	92	93	95	
422	87	90	91	93	96	
423	87	90	91	93	94	98	
424	86	87	90	91	93	93	95	
425	82	83	85	86	88	89	90	91	93	96	
426	81	82	85	86	87	89	91	93	95	
427	81	82	83	84	85	86	88	89	90	91	95	
428	82	84	85	86	87	88	90	91	95	99	
429	80	81	82	83	84	85	86	87	88	89	90	94	
430	16	18	36	41	67	80	81	83	84	85	86	88	90	100	
431	42	80	81	84	84	86	
432	80	81	84	85	89	
433	7	9	11	13	15	18	21	43	66	82	83	83	85	
434	6	12	15	16	17	19	20	22	26	80	81	84	88	
435	20	21	24	27	
449	87	91	92	95	
450	83	87	88	89	91	92	94	97	
451	82	86	87	89	90	91	93	94	97	
452	82	83	85	86	87	88	90	91	92	94	95	98	
453	82	83	85	87	88	88	89	90	91	93	93	95	99	
454	81	82	83	85	86	87	88	88	89	90	92	93	96	
455	81	82	84	85	86	87	88	89	90	92	94	99	
456	81	82	83	84	85	86	87	88	89	91	94	98	100	
457	82	83	83	85	86	87	88	90	94	
458	17	40	47	68	80	81	82	84	85	86	88	99	
459	19	39	42	46	80	81	82	84	85	
460	19	27	28	37	39	43	46	50	56	60	80	81	84	85	100	
461	16	20	41	47	66	79	80	81	82	84	84	99	
462	11	13	17	19	20	33	41	42	43	46	58	62	66	81	82	83	84	
463	15	17	18	19	20	21	22	27	34	41	44	48	52	57	66	79	81	
464	19	20	21	22	42	43	45	47	49	53	55	62	
465	19	21	22	28	28	33	42	43	43	45	47	49	59	68	68	79	83	
466	9	14	19	21	23	25	41	44	46	48	65	80	
467	8	11	14	15	19	21	22	24	27	44	
468	13	20	21	23	24	46	47	47	
469	23	
480	57	
481	46	51	54	
482	40	46	48	
483	81	85	88	
484	81	82	83	84	85	86	87	89	90	94	
485	37	81	82	84	84	85	86	87	88	90	
486	36	80	80	81	82	84	84	85	86	88	89	99	
487	17	18	42	79	80	81	82	83	84	84	85	87	89	99	
488	16	37	39	42	47	80	81	82	83	84	85	89	
489	16	18	18	19	26	39	42	47	66	80	81	82	83	84	88	99	
490	9	17	18	19	21	26	30	40	43	48	80	81	81	83	85	
491	13	15	17	19	20	26	30	39	42	46	56	62	65	66	70	80	81	84	85	102	
492	18	20	20	21	24	33	43	45	47	48	50	55	57	60	67	80	
493	19	21	22	24	31	34	42	43	45	46	48	51	53	63	65	
494	20	22	24	41	43	44	62	
495	12	21	22	23	24	26	44	46	62	
496	15	20	22	24	25	27	44	68	
497	21	22	24	25	27	45	54	
498	23	24	25	55	
499	24	45	54	
500	25	
501	24	
502	24	
514	52	55	56	57	
515	48	50	51	52	53	54	56	
516	32	35	37	40	42	44	45	46	47	48	49	50	51	53	57	58	
517	29	35	37	41	42	43	44	46	47	48	49	53	56	79	84	
518	34	36	40	42	43	43	46	47	50	62	68	79	80	84	
519	19	20	40	42	42	44	46	48	48	56	60	80	81	84	
520	14	18	19	20	21	26	38	39	42	43	44	46	47	63	67	81	
521	4	14	17	19	20	21	23	26	42	44	46	61	66	80	
522	14	17	19	20	21	22	23	42	43	45	47	65	66	
523	15	19	20	21	22	24	27	44	45	47	54	61	63	67	
524	15	20	21	22	23	24	29	44	45	65	
525	21	22	23	25	
526	24	25	44	55	
527	22	25	55	64	
528	24	45	65	
530	25	
549	52	54	55	63	
550	45	47	49	50	53	53	54	57	59	
551	44	50	53	54	63	65	
552	24	43	44	48	48	53	54	60	
553	22	23	24	25	27	44	45	47	60	64	
554	22	24	25	29	44	47	53	64	
555	22	24	25	44	55	
556	23	24	25	44	
557	22	25	
558	25	
585	55	
1162	56	
1165	70	
1171	66	
1180	25	
1181	91	
1199	38	
1200	51	
1204	61	
1208	45	
1213	71	
1218	55	
1227	17	
1236	10	
1238	18	
1250	93	101	
1252	61	
1268	84	
1273	7	
1274	85	
1276	12	
1279	94	
1284	91	
1285	8	
1286	99	
1287	55	
1291	102	
1317	32	
1339	25	
1344	64	
1376	103	
1384	40	
1387	12	
1409	27	34	
1417	12	29	60	
1418	72	
1423	60	
1441	76	
1451	24	
1453	67	
1474	18	
1479	51	
1481	25	
1485	8	
1487	46	
1490	52	
1492	8	88	
1495	66	
1501	42	
1508	60	
1512	36	
1514	20	
1515	19	55	
1516	18	39	43	66	
1517	12	20	50	
1518	5	28	39	
1519	16	20	39	48	
1520	20	42	44	46	
1521	40	46	53	64	
1523	51	
1527	8	
1528	70	
1532	23	
1538	42	
1539	27	39	
1540	19	
1544	19	39	
1545	19	42	58	
1546	20	40	61	68	
1547	16	18	22	38	43	47	50	57	62	
1548	16	19	21	40	46	57	
1549	16	19	23	25	26	38	41	43	46	48	55	72	
1550	18	18	20	42	43	46	49	61	
1551	17	19	22	23	33	38	42	45	47	49	63	
1552	17	19	20	42	44	66	
1553	12	16	18	20	23	24	35	42	44	47	51	54	57	60	65	67	
1554	20	22	25	26	41	43	44	47	48	49	51	54	56	57	66	
1555	23	25	27	33	41	44	47	49	51	55	63	
1556	43	44	47	48	
1560	67	67	68	
1561	69	
1571	39	
1572	16	18	38	40	49	
1573	66	
1574	18	19	32	41	44	46	49	54	59	
1575	20	23	39	43	46	66	
1576	18	20	40	43	49	54	60	
1577	17	20	40	43	43	46	62	
1578	13	18	18	20	26	41	47	63	70	
1579	14	17	19	21	23	27	41	44	46	61	66	
1580	15	18	19	21	28	44	47	49	
1581	16	18	19	21	23	25	27	34	42	44	48	51	61	65	
1582	17	18	19	21	22	24	27	42	44	47	
1583	20	22	23	44	48	52	54	58	58	63	
1584	22	23	25	43	45	50	55	64	
1585	22	23	25	45	51	55	60	63	
1586	24	45	93	
1587	11	23	25	55	
1588	23	51	52	53	54	57	61	92	
1589	45	49	50	51	55	93	98	
1590	48	51	93	
1599	11	
1603	34	
1604	43	67	
1605	15	16	18	18	20	40	
1606	17	19	21	23	40	43	43	53	
1607	16	19	21	23	27	35	41	43	45	46	50	56	60	
1608	16	18	18	19	21	23	25	41	45	46	48	48	53	55	58	60	64	
1609	19	20	22	25	26	31	34	41	43	45	46	48	50	56	
1610	21	23	24	25	35	40	42	43	45	46	52	53	58	61	63	67	
1611	20	22	23	25	27	35	43	44	47	48	
1612	15	21	24	44	59	64	
1613	14	21	22	25	44	54	82	
1614	15	25	55	64	
1615	11	24	
1616	24	93	
1617	25	91	92	97	
1618	25	91	93	
1619	83	87	88	92	95	97	
1620	11	86	87	91	92	94	
1621	82	85	86	90	91	93	96	
1622	51	82	86	88	90	92	93	96	
1623	21	53	82	87	88	89	91	94	
1624	55	83	85	91	96	100	
1625	81	
1637	9	13	
1638	11	14	15	
1639	12	15	16	17	18	19	20	22	28	33	45	65	
1640	15	17	18	20	21	23	24	43	45	65	
1641	21	22	23	24	44	62	
1642	22	23	25	53	54	
1643	24	45	53	64	
1644	25	45	93	
1645	25	87	90	92	96	
1646	25	87	88	90	91	92	97	
1647	87	90	91	92	97	
1648	86	88	91	93	95	
1649	6	85	86	89	90	93	96	
1650	82	86	87	88	89	91	94	97	
1651	82	83	84	85	86	88	90	92	93	95	
1652	81	82	84	86	87	89	91	93	95	99	
1653	80	81	82	84	85	89	92	94	97	
1654	80	81	82	85	86	90	98	98	
1655	80	81	82	84	88	94	
1656	80	81	82	83	85	91	
1657	81	82	83	85	89	92	95	102	
1658	80	82	85	88	98	98	
1667	81	
1668	50	
1670	42	
1671	10	
1672	7	9	10	11	13	13	15	
1673	6	10	11	12	14	17	22	88	98	
1674	13	88	90	90	91	95	
1675	11	87	90	91	92	95	97	
1676	86	87	90	91	91	93	93	94	96	
1677	83	85	86	87	88	89	90	91	92	94	95	97	
1678	86	87	88	89	90	91	94	96	
1679	83	85	86	87	88	89	92	94	
1680	81	82	85	86	89	90	95	99	
1681	81	82	84	85	87	89	90	92	95	
1682	80	81	83	84	86	90	93	
1683	79	80	82	84	85	88	88	97	
1684	79	80	82	84	85	87	91	97	
1685	80	81	84	86	88	
1686	79	80	81	83	85	91	
1687	79	82	83	88	
1688	81	92	
1689	81	93	
1690	82	89	101	
1691	29	85	92	
1692	27	27	28	
1693	57	96	
1695	86	
1701	12	70	
1705	11	
1706	3	10	10	14	
1707	81	84	86	90	98	
1708	7	81	82	83	84	86	89	92	94	98	
1709	6	81	81	82	84	84	85	86	88	90	94	
1710	80	81	81	82	84	84	85	88	88	90	94	
1711	80	81	81	83	83	84	85	86	89	92	94	
1712	79	80	81	82	83	84	85	86	88	90	93	98	
1713	79	80	82	84	86	91	99	
1714	81	82	83	85	89	
1715	79	81	83	
1716	80	91	98	
1717	82	93	
1718	83	86	
1719	83	
1720	99	
1724	72	
1728	66	
1741	12	83	83	
1742	13	81	83	87	
1743	79	80	83	89	94	
1744	80	82	84	
1745	79	81	87	
1746	80	86	89	97	
1748	86	
1750	92	
1753	84	
1754	84	
1755	95	
1761	56	
1769	69	
1774	11	
1776	84	
1777	83	89	
1782	90	91	91	
1783	87	
1788	94	
1792	73	
1801	75	
1805	55	
1807	94	
1809	18	
1811	63	
1814	90	
1816	93	
1823	2	
1824	87	
1850	94	
1853	10	
1862	50	
1872	92	
1877	41	41	
1887	61	
1890	47	
1895	57	
1902	58	
1909	97	
1920	14	
1921	97	
1936	66	
1977	58	
1994	81	
1999	85	
2002	11	
2007	64	
2009	6	
2013	101	
2022	24	
2043	86	
2052	93	
2057	51	
2059	97	
2061	8	
2069	50	
2085	17	
2102	18	
2119	101	
2125	55	
2158	103	
2178	11	
2180	8	
2200	1	
2212	9	
2220	7	
