186	97	
347	83	87	91	
348	86	88	91	93	
349	87	90	92	
350	87	90	92	97	
351	87	91	
380	86	88	89	91	94	
381	81	82	83	84	85	87	88	90	91	93	93	97	98	
382	81	82	84	85	86	87	89	90	92	95	
383	81	81	83	84	85	86	87	89	90	91	94	98	99	
384	9	15	81	82	83	84	86	87	88	88	89	91	93	94	
385	14	81	82	84	85	86	87	89	90	91	93	97	98	
386	82	83	86	88	89	90	91	92	93	97	
387	82	83	85	87	89	90	92	95	
388	83	87	89	90	91	
389	87	91	93	
390	88	93	
391	87	92	
392	91	93	
393	91	
411	57	
412	36	48	52	53	55	56	57	59	
413	42	47	49	51	59	
414	36	42	46	48	80	83	85	
415	79	80	81	84	89	
416	8	79	80	81	82	83	84	89	
417	13	36	39	79	80	81	82	83	85	89	94	
418	8	79	80	81	82	83	84	89	98	
419	8	12	80	81	82	83	84	85	88	93	
420	13	80	81	82	84	85	86	89	95	
421	12	15	80	81	82	83	84	85	86	88	89	91	94	
422	14	80	81	82	83	84	85	87	88	89	90	92	93	96	98	
423	81	82	84	85	87	88	90	91	92	96	101	
424	82	84	85	87	88	89	90	92	96	
425	82	83	85	86	87	89	90	91	92	94	97	
426	82	83	84	86	87	88	90	91	93	96	
427	82	82	84	86	87	89	90	91	94	
428	87	89	91	93	94	
429	83	88	90	92	
430	87	90	92	94	
431	86	87	89	91	96	
432	82	86	87	88	90	91	92	94	98	
433	85	86	90	92	95	
434	18	
445	58	
446	50	51	52	54	56	57	60	
447	35	45	47	48	48	49	50	51	52	53	54	56	57	59	
448	40	42	44	45	46	47	47	48	49	50	52	54	56	58	61	63	
449	20	35	37	40	42	43	43	44	46	47	48	49	56	57	58	80	
450	19	21	23	34	40	42	43	45	46	47	48	49	56	57	62	69	78	79	
451	20	21	26	39	42	43	44	46	47	56	57	67	77	80	
452	20	20	22	38	38	41	42	44	47	47	48	57	79	80	
453	21	22	26	29	40	42	43	43	45	46	47	49	56	66	79	80	
454	5	6	22	37	39	42	47	78	79	80	83	
455	11	15	41	46	79	80	81	
456	7	11	14	37	39	79	80	81	83	85	88	
457	80	81	82	83	83	85	88	94	
458	36	79	80	81	81	83	83	84	85	86	93	
459	46	80	80	81	83	83	84	85	88	95	
460	8	11	15	80	81	82	84	85	86	88	90	
461	11	80	81	81	83	83	84	85	86	88	91	93	99	
462	80	81	83	84	85	86	87	88	90	91	95	98	
463	81	82	83	84	85	86	87	89	90	91	92	94	97	100	
464	81	82	83	84	86	87	88	90	91	94	97	
465	80	81	82	83	83	84	85	87	88	89	90	92	93	98	
466	9	80	81	82	83	84	85	86	87	89	90	91	95	
467	11	12	13	15	16	19	80	81	82	84	85	86	88	88	89	92	94	
468	16	17	18	19	20	46	
480	55	
481	52	53	55	63	
482	51	55	
483	23	25	44	45	49	54	59	63	
484	24	25	45	49	51	54	55	58	61	64	
485	23	24	44	45	48	51	53	54	55	56	61	
486	23	23	25	34	44	45	46	48	49	50	51	53	54	55	57	58	61	65	
487	24	35	42	43	45	45	47	48	49	50	51	53	54	56	57	59	63	
488	23	23	25	34	42	43	43	44	45	46	47	49	50	51	57	60	
489	4	21	25	27	37	39	41	42	43	44	45	46	47	48	49	50	56	
490	19	21	23	23	26	31	41	42	44	46	47	48	48	50	57	58	68	68	80	
491	18	20	21	26	35	36	39	41	42	44	46	47	49	56	56	58	62	78	79	
492	19	20	21	22	27	41	43	43	46	47	48	49	56	79	80	
493	21	23	26	35	36	39	41	43	44	46	47	48	79	81	
494	9	26	36	40	43	46	47	79	83	99	
495	11	22	37	39	46	66	79	80	99	
496	13	36	66	79	80	82	84	94	98	
497	79	80	80	81	84	89	96	
498	8	19	36	39	79	80	81	83	83	84	89	93	
499	9	41	78	79	80	81	84	89	
500	4	8	10	11	14	17	40	67	79	79	80	81	84	94	
501	7	10	11	12	12	14	15	15	16	17	18	19	80	81	82	83	
502	16	17	18	19	20	21	45	45	84	
503	22	
520	53	54	55	
521	52	55	60	
522	47	50	54	55	56	62	
523	24	45	50	54	55	58	61	
524	23	25	44	47	48	52	54	55	
525	22	23	25	43	45	47	50	54	57	58	64	
526	24	25	35	44	45	50	52	53	54	55	57	60	65	
527	23	24	43	43	45	47	48	50	51	53	53	55	56	57	59	65	
528	23	24	31	40	42	44	45	47	48	49	50	51	54	56	57	58	58	60	64	
529	22	25	32	35	36	38	42	43	44	45	46	47	48	49	50	52	54	56	57	
530	20	23	25	37	40	42	43	43	44	45	46	47	47	48	48	49	50	58	60	79	
531	19	21	23	26	35	41	42	44	45	46	47	48	54	56	57	63	67	69	79	
532	19	20	21	23	27	34	39	41	43	43	44	47	48	48	50	56	67	80	
533	17	19	20	22	36	40	41	43	44	46	47	48	48	50	63	67	80	
534	8	9	11	14	18	18	19	21	22	40	43	43	47	66	79	
535	3	4	6	10	11	12	13	13	14	15	15	18	19	20	21	22	23	27	68	
536	17	20	20	21	22	24	
537	22	
560	55	
561	54	
562	25	53	53	55	63	
563	24	45	47	51	54	58	
564	25	34	43	45	49	51	54	55	57	58	64	
565	23	23	25	35	45	49	54	64	
566	24	25	35	44	45	49	54	62	64	
567	22	24	25	43	45	47	48	53	63	
568	9	13	21	23	23	24	25	45	
569	15	22	24	44	
570	2	23	23	
580	51	
1161	34	
1168	12	
1178	71	
1186	102	
1204	1	
1207	34	
1208	9	
1217	86	
1227	27	
1238	74	
1241	71	
1242	82	
1254	93	
1268	34	
1275	35	
1276	40	
1283	37	
1285	78	
1291	5	
1298	54	
1305	34	
1306	74	
1310	35	
1311	12	
1319	84	
1349	56	
1375	40	58	
1378	19	
1385	13	
1393	100	
1396	95	
1404	17	
1406	28	
1408	48	
1409	97	
1415	18	66	
1416	21	
1440	52	
1442	66	
1454	48	
1473	38	
1477	51	
1478	51	
1482	77	
1483	28	
1497	85	
1502	18	21	37	42	45	47	66	
1503	22	37	42	
1504	22	38	42	56	
1505	20	20	26	36	43	47	48	70	
1506	22	41	47	
1507	39	
1508	51	
1509	26	44	50	
1514	46	
1515	28	
1523	50	
1524	9	
1535	12	15	20	
1536	16	17	19	21	37	42	43	
1537	16	18	18	19	21	23	23	28	42	45	47	50	56	60	64	68	68	
1538	18	20	21	24	40	43	43	45	47	49	58	60	
1539	19	21	23	37	39	42	45	46	47	49	55	56	57	62	67	
1540	21	24	26	36	41	44	45	46	49	51	54	58	63	
1541	21	24	35	38	40	43	43	45	46	48	48	55	56	69	
1542	21	27	37	42	45	46	50	54	56	69	
1543	21	37	41	44	46	48	48	58	62	63	
1544	25	27	43	44	47	53	
1545	37	39	
1546	38	43	45	50	58	68	
1547	34	38	46	49	
1548	36	46	51	56	
1549	47	
1550	29	54	
1551	43	47	49	
1552	47	61	
1553	39	45	
1554	48	49	57	
1568	9	14	
1569	9	11	13	14	15	17	18	23	
1570	13	15	16	19	20	25	
1571	16	18	20	21	23	24	45	92	93	
1572	22	23	25	45	55	61	64	64	
1573	21	25	49	53	54	57	61	88	92	
1574	23	23	45	50	51	55	57	61	92	
1575	21	23	25	43	44	45	49	50	54	57	61	
1576	21	23	27	33	34	42	43	45	47	49	50	52	54	56	57	61	
1577	21	25	38	38	41	43	44	45	46	47	48	50	54	56	60	
1578	23	24	41	44	45	46	48	48	50	54	56	59	65	68	
1579	21	25	28	38	42	43	45	46	48	49	55	62	
1580	19	22	25	27	41	45	46	50	58	59	68	68	
1581	19	21	23	38	39	42	43	46	48	48	51	55	57	
1582	20	25	42	43	46	47	50	56	
1583	22	26	38	42	44	46	48	49	64	69	
1584	22	34	38	42	47	58	59	
1585	18	22	26	37	38	42	48	49	
1586	20	25	40	43	46	48	58	62	
1587	19	27	35	36	38	41	47	56	68	
1588	19	22	41	43	47	49	57	60	66	
1589	21	43	43	47	
1590	53	
1593	10	
1602	11	14	44	
1603	7	10	12	14	17	
1604	8	10	11	13	13	15	16	22	87	90	94	
1605	85	86	87	89	90	92	97	
1606	82	82	85	86	88	88	89	90	92	93	95	
1607	43	83	85	86	88	88	89	90	93	93	96	
1608	82	84	85	86	87	89	89	90	92	94	97	
1609	16	55	87	88	89	90	91	93	94	97	
1610	16	53	82	87	89	91	93	
1611	17	24	50	52	54	60	64	88	91	93	
1612	25	45	48	49	51	54	60	88	92	
1613	25	45	50	55	60	
1614	22	24	34	44	45	50	55	58	60	
1615	22	23	25	34	44	49	52	55	56	61	65	
1616	22	25	35	42	43	44	47	49	50	52	54	56	58	
1617	21	23	23	43	44	45	46	48	49	52	55	59	64	91	
1618	21	25	39	42	45	46	47	49	56	58	65	69	
1619	20	22	23	27	41	43	44	45	46	48	48	55	56	59	64	
1620	17	20	21	23	26	38	42	43	44	47	51	55	57	59	
1621	20	21	24	40	42	45	47	50	56	56	58	60	65	
1622	18	21	22	23	25	27	38	40	43	44	45	47	48	49	50	52	54	57	60	69	
1623	22	24	44	45	46	48	48	50	52	
1624	45	56	
1629	57	
1636	14	
1638	80	83	84	87	95	
1639	79	80	81	82	83	84	86	90	
1640	80	81	83	83	83	84	87	90	98	
1641	6	9	80	80	81	83	83	84	86	90	
1642	10	79	80	81	82	83	84	85	86	89	
1643	9	12	80	80	81	82	83	84	85	87	89	92	
1644	6	10	13	14	81	82	83	83	84	85	88	88	90	91	100	
1645	81	82	83	83	84	85	86	89	90	97	
1646	12	82	83	85	86	86	88	89	89	90	92	93	95	
1647	12	21	82	83	86	87	88	89	90	91	94	97	
1648	83	85	86	87	88	90	91	92	93	96	
1649	85	86	86	87	89	90	91	94	97	
1650	55	86	87	89	90	92	95	97	
1651	51	53	55	86	88	91	92	96	
1652	16	25	51	65	
1653	23	25	64	92	
1654	24	65	92	
1655	22	24	25	45	53	53	55	56	57	60	92	
1656	25	45	48	50	51	51	52	54	54	55	56	58	59	61	93	
1657	44	45	47	48	49	50	
1658	45	48	
1660	21	
1673	80	84	88	
1674	4	78	80	85	100	
1675	80	85	
1676	80	84	
1677	14	79	80	84	
1678	8	14	79	80	81	83	84	86	
1679	79	80	81	83	84	86	89	
1680	12	79	80	81	82	84	85	88	98	
1681	80	80	81	83	84	85	89	92	94	
1682	6	11	80	81	82	83	84	85	88	90	95	100	
1683	6	8	12	15	79	80	80	81	83	84	86	89	
1684	11	15	80	80	81	82	84	85	86	88	90	94	
1685	8	12	15	80	81	82	84	85	86	88	90	95	
1686	16	81	82	84	85	87	89	90	91	94	96	
1687	82	83	85	86	86	88	88	89	91	94	95	98	
1688	82	83	85	85	86	87	90	91	93	94	97	
1689	83	85	86	87	88	89	90	93	96	
1690	51	52	53	54	55	56	60	82	85	85	86	87	89	89	90	92	95	97	
1691	50	52	54	82	86	87	88	89	90	93	95	
1692	50	
1693	63	
1696	71	
1697	13	
1699	8	
1709	85	94	
1710	84	
1711	85	
1712	98	
1714	80	
1715	79	83	
1716	79	
1717	11	13	80	83	84	88	98	
1718	79	80	81	83	89	96	
1719	12	15	79	80	81	83	87	89	
1720	79	80	81	82	83	85	89	98	99	
1721	79	80	80	81	82	84	85	87	89	94	
1722	80	80	82	84	85	86	88	91	96	
1723	80	81	81	82	83	84	85	88	88	94	
1724	79	79	80	81	82	83	84	86	89	
1725	79	79	80	81	83	85	88	91	100	
1726	86	
1728	17	
1742	37	
1747	84	
1748	85	92	
1749	79	80	
1753	84	
1754	82	84	
1755	79	81	85	
1756	79	80	83	88	
1757	78	80	84	98	
1758	79	81	84	88	94	99	
1759	79	81	85	89	
1760	83	
1763	12	12	12	
1765	99	100	100	101	
1769	44	
1773	82	
1781	21	
1785	14	
1790	31	
1791	84	
1794	39	
1799	60	
1809	82	
1821	25	
1829	34	
1841	87	
1846	42	
1857	24	
1858	93	
1876	53	
1885	14	
1886	54	
1888	4	
1895	71	
1909	68	
1915	45	
1940	71	
1945	83	
1946	15	
1964	31	
1965	34	
1969	7	
1974	82	
1979	61	
1982	98	
1983	42	
1988	26	
1997	11	
2001	2	
2007	48	
2009	35	
2010	42	
2017	20	
2023	98	
2025	48	
2042	10	
2058	49	
2062	2	
2063	4	
2070	11	
2075	88	
2081	10	55	
2094	24	
2101	34	
2112	36	36	
2123	87	
2164	4	
2185	19	
2194	3	
2227	3	
2299	2	
