15	67	
152	89	
220	100	101	
288	98	100	
362	92	
363	88	90	92	96	
364	87	90	91	93	95	
365	86	88	90	91	93	95	
366	90	
392	88	92	
393	87	90	92	97	
394	88	90	92	94	98	
395	86	88	90	92	94	98	
396	36	86	87	88	89	91	93	96	
397	82	84	85	87	89	91	93	95	
398	8	15	82	82	83	84	85	87	88	89	91	95	99	
399	11	14	16	18	67	80	81	82	84	85	86	89	98	
400	12	15	16	17	19	82	85	91	99	
401	18	
422	93	
423	92	95	
424	87	91	92	
425	87	88	90	91	92	94	98	
426	82	85	87	88	89	91	92	94	97	
427	82	83	84	85	86	88	89	90	92	93	96	
428	81	82	84	85	86	87	89	90	93	
429	16	35	37	39	57	81	82	84	85	86	89	95	
430	16	18	19	38	39	42	43	47	50	81	82	83	85	
431	17	18	34	41	43	46	63	66	80	81	83	84	
432	10	15	17	18	20	21	28	39	42	67	80	81	83	
433	11	13	14	18	18	19	20	21	23	81	
434	7	12	20	22	23	27	81	
435	21	
450	92	
451	87	91	93	
452	88	90	92	
453	88	91	92	97	
454	90	92	95	
455	87	88	89	91	92	94	
456	83	85	87	88	89	90	92	95	
457	82	85	86	88	89	90	91	93	95	
458	16	37	81	82	83	84	85	86	87	89	90	94	96	98	
459	17	81	82	83	84	85	89	94	
460	34	38	42	80	81	82	83	84	86	90	
461	16	17	19	35	39	42	46	79	80	81	83	84	
462	9	13	16	18	19	20	21	35	40	42	43	64	66	80	81	84	100	
463	10	14	18	19	20	21	43	45	47	65	68	79	81	83	
464	18	20	21	23	24	43	45	55	63	64	
465	20	22	23	25	45	
466	22	23	24	45	
467	24	
468	23	24	
483	90	92	
484	83	86	87	88	89	90	91	93	94	
485	82	84	85	86	87	88	90	91	95	99	
486	81	82	85	86	87	89	90	94	100	
487	81	82	83	84	85	86	88	89	91	94	
488	37	82	83	85	86	88	89	91	94	
489	16	38	81	82	83	83	84	86	89	95	98	
490	16	18	37	41	46	66	81	82	84	85	89	98	
491	13	17	18	26	29	41	42	47	57	79	80	81	83	84	100	
492	17	19	20	40	43	46	47	61	66	69	79	80	81	84	
493	18	19	20	22	27	41	43	44	47	61	68	80	
494	11	19	20	22	27	45	47	64	80	
495	13	20	21	23	23	24	27	43	44	65	
496	13	21	22	23	24	45	
497	22	24	25	
498	24	
514	56	
515	36	41	47	52	56	
516	37	50	52	56	
517	37	81	83	84	87	88	90	99	
518	16	38	40	42	66	80	81	82	84	85	86	98	
519	9	16	18	19	37	40	42	46	68	79	80	82	83	84	89	
520	17	19	20	36	40	42	80	81	83	84	98	
521	17	18	19	35	40	42	46	47	48	58	68	79	80	81	84	101	
522	19	20	26	37	39	42	44	60	79	81	83	84	
523	17	18	19	21	42	44	48	63	65	66	79	80	
524	12	15	17	18	19	21	24	44	47	80	84	
525	19	20	21	22	24	43	45	64	79	
526	21	22	23	25	43	48	50	
527	22	24	44	
528	22	
529	23	
541	89	90	
548	51	53	55	56	58	
549	42	46	47	49	50	52	54	56	
550	33	39	42	44	45	46	47	48	50	62	
551	41	44	48	61	68	79	
552	17	19	26	43	45	46	60	80	
553	20	21	23	24	26	29	43	45	49	55	60	64	
554	21	22	24	25	43	45	47	49	55	64	
555	23	23	24	35	44	47	49	54	60	64	
556	22	24	44	45	65	
557	22	23	25	43	45	48	
558	23	24	
559	21	25	
571	18	19	
582	55	
583	52	54	60	
584	44	47	48	61	
585	44	
586	22	24	
609	101	
1159	63	
1168	13	
1169	23	
1172	70	
1176	42	
1205	30	44	
1209	71	
1212	88	
1217	85	
1221	91	
1227	91	
1229	96	
1231	22	
1251	5	
1260	27	
1275	74	
1288	79	
1290	6	
1308	92	
1313	100	
1314	36	
1316	57	
1320	12	
1329	98	
1346	35	
1355	12	94	
1382	13	
1389	8	47	
1390	59	
1393	102	
1410	96	96	103	
1414	33	
1415	24	
1427	7	
1433	40	
1443	97	
1448	18	
1449	27	
1466	71	
1476	8	
1482	64	
1484	42	
1485	37	
1486	27	
1488	50	
1489	10	
1494	69	
1498	93	
1502	10	
1512	99	
1516	17	
1517	17	19	38	
1518	16	20	36	38	42	47	49	
1519	17	19	21	27	37	40	43	46	56	59	
1520	20	28	36	41	46	48	48	57	60	
1521	42	43	47	
1527	96	
1536	2	42	
1538	65	
1545	37	48	55	
1546	47	
1547	16	18	35	43	
1548	16	19	22	36	39	43	47	53	57	68	
1549	17	19	22	40	43	47	68	
1550	17	19	21	27	39	43	46	58	66	75	
1551	17	20	22	24	27	40	47	63	66	
1552	13	16	18	18	19	20	25	43	43	
1553	19	20	22	24	43	44	50	57	64	
1554	22	24	44	48	49	51	53	56	61	64	
1555	25	43	45	47	48	50	52	55	61	93	
1556	44	51	
1563	7	
1569	14	
1572	40	
1573	74	
1575	20	
1576	47	
1577	41	46	
1578	17	20	37	39	46	57	67	
1579	17	19	26	42	47	67	78	
1580	9	17	19	22	26	40	67	
1581	12	18	19	21	24	35	42	44	47	63	67	
1582	18	18	19	21	25	28	43	44	47	61	
1583	21	22	24	42	45	48	61	
1584	22	44	
1585	13	21	23	23	
1586	13	24	
1587	23	25	55	88	89	91	92	96	
1588	50	51	53	55	87	89	90	94	97	
1589	50	54	86	88	90	91	95	
1590	95	
1596	5	
1599	12	
1604	43	
1605	7	40	47	
1606	17	38	43	68	
1607	21	37	39	46	60	
1608	18	20	41	44	47	68	
1609	17	19	22	24	29	38	39	61	
1610	12	16	19	25	42	48	59	68	70	
1611	9	18	19	20	25	27	39	42	47	
1612	13	18	19	21	24	26	43	46	60	
1613	15	18	19	20	22	24	26	42	45	62	69	
1614	13	22	24	44	45	
1615	15	24	
1616	23	23	92	
1617	22	24	90	91	92	95	98	
1618	91	92	96	
1619	83	86	87	92	97	
1620	85	87	91	93	100	
1621	81	82	84	85	86	89	91	
1622	81	82	83	84	86	89	92	
1623	80	81	82	85	87	92	93	
1624	81	84	92	
1638	11	21	41	66	
1639	11	16	17	18	20	27	38	42	66	
1640	16	17	19	21	35	41	45	47	49	61	
1641	18	19	20	23	24	27	43	43	46	49	55	60	
1642	20	22	25	34	43	45	46	48	59	
1643	22	24	44	48	63	63	
1644	19	21	22	23	43	45	
1645	13	14	22	24	45	64	
1646	23	24	92	
1647	91	93	97	
1648	86	87	91	97	
1649	87	90	95	
1650	86	88	88	90	91	94	96	
1651	82	83	84	85	86	88	89	91	95	
1652	81	83	85	86	89	91	96	101	
1653	80	81	82	84	86	89	93	95	
1654	79	81	82	84	86	96	100	
1655	79	82	84	
1656	79	81	83	89	
1657	39	39	40	81	
1658	85	100	
1661	20	
1671	15	
1672	9	11	13	15	16	18	
1673	11	14	17	20	22	24	83	
1674	7	22	24	65	93	
1675	22	24	91	93	
1676	87	91	93	97	
1677	86	88	90	92	97	
1678	87	90	91	96	
1679	87	89	90	94	98	
1680	83	86	87	89	90	93	94	98	
1681	81	82	85	86	90	92	97	
1682	81	83	84	85	88	89	91	93	96	
1683	80	81	83	86	88	93	
1684	80	81	82	83	84	86	90	98	
1685	79	80	85	90	
1686	79	81	85	90	95	
1687	80	84	
1688	80	93	
1691	89	
1692	95	
1705	10	14	
1706	8	10	12	13	14	25	
1707	88	92	
1708	85	86	90	93	95	
1709	82	83	85	87	89	91	95	98	
1710	81	82	85	86	88	90	96	
1711	81	82	84	85	86	89	94	
1712	81	81	85	86	89	91	97	99	
1713	80	81	84	85	88	91	94	
1714	81	83	84	85	89	
1715	79	81	84	90	
1716	79	80	84	
1717	80	89	93	
1718	79	
1719	86	89	
1735	68	
1737	11	
1739	11	23	
1740	5	11	
1741	82	85	90	95	100	
1742	81	83	83	85	87	88	
1743	79	80	81	85	88	95	
1744	79	80	82	83	89	
1745	79	81	85	97	
1746	80	83	89	
1747	80	83	89	
1748	80	85	
1749	85	99	
1752	90	95	
1753	5	
1763	9	9	10	
1773	14	
1775	82	84	92	
1776	81	86	
1793	3	
1812	38	41	
1813	36	
1815	64	
1816	95	
1822	97	
1823	14	
1831	57	
1849	96	
1851	95	
1853	100	
1857	3	
1858	6	
1872	61	67	
1874	84	
1879	20	67	
1881	49	90	
1895	4	
1898	75	
1906	73	
1918	24	
1919	5	
1921	97	
1924	5	
1925	29	
1928	4	
1961	2	
1981	8	
1992	4	
2002	18	
2020	37	
2028	27	
2050	69	
2053	25	
2058	42	
2088	10	
2090	16	
2135	49	
2147	95	
2157	40	
2182	35	
2185	14	21	
2193	7	
2215	13	
2225	11	15	
2232	7	
