11	13	
227	91	
229	92	
247	13	
248	12	
259	92	
260	86	88	90	92	93	94	97	
261	6	85	86	87	88	90	91	92	93	95	98	99	
262	8	11	83	86	87	90	91	92	93	96	101	
263	9	87	88	89	90	92	94	97	101	
264	11	16	83	86	88	89	91	94	97	
265	16	17	
290	57	
291	57	
292	53	88	90	91	92	95	
293	83	85	86	87	88	89	90	91	92	94	97	
294	43	81	82	84	85	86	87	89	90	91	94	97	
295	14	40	47	80	82	82	83	84	85	86	87	88	89	91	94	
296	16	40	42	46	47	66	70	80	81	82	84	85	86	88	90	94	99	
297	9	14	16	39	42	46	47	49	67	81	82	83	83	84	85	86	89	90	94	
298	7	10	11	12	14	14	16	18	18	20	81	82	84	85	87	90	93	101	
299	16	17	17	18	20	21	
324	52	56	58	92	
325	58	86	87	89	90	92	94	96	
326	33	54	81	83	85	85	86	87	89	90	91	93	95	98	
327	40	47	54	81	82	83	84	85	86	88	89	90	94	101	
328	14	16	17	18	42	44	47	68	80	81	83	83	84	85	87	88	94	102	
329	5	14	16	17	18	19	20	45	61	69	72	80	82	83	84	
330	15	16	17	18	19	21	24	43	47	48	50	60	66	69	81	83	
331	9	13	16	19	20	21	22	44	45	49	73	75	80	
332	5	7	10	12	13	14	17	19	20	21	22	45	73	81	
333	21	22	23	25	83	100	
334	22	
356	58	93	
357	55	56	58	86	88	91	92	94	97	
358	53	54	85	87	88	89	90	91	93	94	98	
359	40	47	82	83	85	86	87	88	89	90	95	100	
360	16	17	18	41	47	81	82	83	84	85	86	88	93	99	
361	9	14	16	17	18	19	20	45	68	71	80	82	84	
362	10	12	13	15	18	19	20	21	22	44	45	49	81	
363	6	12	15	18	19	20	21	22	23	23	24	27	44	71	
364	19	21	22	24	25	73	
365	11	22	24	25	
366	2	5	24	25	
389	59	92	
390	53	60	87	90	91	92	95	
391	53	82	85	86	87	89	90	91	95	
392	42	67	81	82	83	84	86	87	89	90	95	98	
393	9	12	15	16	17	19	41	45	70	80	81	84	85	
394	6	10	11	12	14	15	16	17	18	19	20	20	45	49	70	80	85	
395	12	15	18	19	20	21	22	23	23	25	45	
396	5	15	20	21	22	24	25	
397	22	24	
421	59	
422	54	58	58	91	92	94	97	
423	54	87	88	89	90	91	93	94	97	
424	55	82	83	84	85	86	87	88	90	91	92	94	97	100	
425	43	44	80	81	82	83	84	85	87	88	89	98	
426	7	8	10	11	12	14	15	16	17	18	18	19	20	45	71	81	82	83	85	
427	11	13	14	15	16	17	19	20	21	22	24	45	72	
428	13	14	21	22	23	23	25	
429	3	21	23	25	
453	92	
454	37	58	61	90	92	
455	54	83	86	87	89	90	92	94	97	101	
456	53	82	83	85	86	87	88	88	89	91	92	94	
457	41	55	81	82	83	85	86	87	89	91	94	
458	8	11	14	16	17	18	19	45	80	81	83	84	85	86	89	
459	6	10	11	12	14	14	15	17	18	19	19	20	21	27	45	70	80	83	
460	12	15	18	19	20	21	22	23	24	
461	20	22	23	23	25	
462	22	24	
468	46	47	
486	59	93	
487	52	54	87	90	92	95	
488	54	83	84	86	87	88	88	89	91	92	94	97	
489	54	81	82	84	85	86	88	88	90	91	93	96	
490	10	16	19	42	46	81	82	83	84	85	86	89	98	
491	9	11	12	13	14	16	17	19	45	46	69	80	81	83	85	98	
492	6	12	14	15	16	17	18	19	20	20	21	23	25	26	28	45	75	
493	13	18	21	21	22	24	25	78	
494	22	23	25	
518	56	
519	53	55	57	60	91	93	
520	52	54	86	88	90	91	92	96	
521	54	80	82	83	83	84	85	86	87	88	89	91	92	94	98	99	
522	81	82	84	85	86	87	89	93	97	
523	10	15	16	17	19	45	79	81	82	83	84	86	
524	10	12	13	15	16	17	17	18	18	19	20	21	26	44	47	71	84	
525	7	10	12	14	15	17	19	19	20	21	22	23	25	43	69	
526	20	21	22	23	25	26	74	
527	22	
535	32	32	33	
551	54	58	
552	56	87	88	91	92	94	97	
553	54	61	86	87	88	89	90	92	94	97	99	
554	43	53	55	81	82	85	86	87	89	90	91	94	96	100	
555	16	28	80	81	83	84	85	86	89	94	
556	9	11	15	16	17	18	18	19	43	45	47	70	80	81	83	85	
557	8	11	12	13	14	15	15	16	17	18	18	19	20	21	23	27	43	45	70	74	
558	17	20	21	21	22	24	
559	21	22	23	24	25	
583	56	
584	47	48	51	53	54	58	
585	37	38	46	50	52	54	56	58	83	86	87	89	90	92	94	97	
586	39	46	51	53	83	84	85	86	87	89	90	92	94	96	
587	16	44	46	54	67	80	81	82	83	84	85	86	89	90	94	100	
588	13	16	16	19	44	46	50	67	73	80	81	81	82	83	84	88	99	
589	7	10	11	14	15	16	17	18	18	19	19	44	45	70	80	82	
590	3	6	10	12	14	16	17	19	20	20	21	22	24	25	26	44	71	
591	14	21	22	23	24	25	
592	23	25	
616	58	
617	38	52	56	57	58	59	
618	31	50	51	51	52	53	53	54	55	56	57	59	
619	31	40	43	44	45	46	47	48	49	50	51	54	56	57	59	63	66	81	82	84	85	90	
620	19	44	45	47	48	49	49	54	66	69	80	81	82	84	85	86	89	99	
621	8	11	14	17	18	19	29	44	45	46	49	66	69	71	80	82	83	
622	9	11	13	13	15	17	19	19	20	43	48	70	80	
623	11	15	18	19	21	22	23	24	25	28	45	73	
624	22	23	24	
625	23	25	
651	55	59	63	
652	51	54	55	58	61	
653	51	53	61	
654	20	24	31	74	80	
655	4	8	13	15	19	21	22	23	24	25	
656	4	8	15	19	22	24	25	
657	21	23	23	
1168	11	
1173	23	
1185	64	
1194	47	
1210	9	
1211	43	
1232	30	
1242	39	
1243	20	
1254	63	
1255	63	
1278	70	
1279	80	
1283	38	
1284	86	
1289	12	
1299	98	
1301	98	
1311	12	
1312	35	
1321	93	
1324	71	
1342	31	
1344	26	
1346	22	
1349	28	53	
1350	44	68	
1352	68	
1354	63	
1368	42	
1369	17	98	
1373	34	
1378	26	
1381	17	41	
1382	18	40	47	48	
1383	18	22	28	39	45	46	48	51	56	61	72	
1384	41	44	47	52	57	69	
1385	45	46	48	49	56	62	
1386	45	46	47	51	
1387	52	61	73	
1388	68	
1389	64	
1395	54	
1401	82	
1403	15	
1412	18	
1414	19	41	43	47	
1415	16	17	19	23	23	72	
1416	16	17	19	21	41	44	49	57	60	69	
1417	18	19	20	23	43	44	46	48	48	50	52	56	59	68	71	
1418	21	23	23	34	45	50	56	58	59	61	64	
1419	19	21	24	36	44	50	52	54	56	58	59	69	
1420	21	45	49	50	51	52	53	56	60	70	
1421	48	50	52	
1422	57	
1425	72	
1430	93	
1438	17	
1445	19	
1446	20	26	
1447	17	21	28	43	
1448	12	14	16	18	18	20	24	44	50	72	
1449	12	14	16	17	18	19	21	25	44	
1450	17	19	21	22	23	26	45	62	71	
1451	20	21	22	23	25	54	
1452	24	53	58	61	64	
1453	22	25	52	55	60	
1454	23	50	51	51	53	54	
1455	54	63	
1457	97	
1460	10	
1465	39	
1471	82	
1475	80	
1476	50	55	
1478	27	49	
1479	14	16	19	46	
1480	14	16	18	21	27	
1481	12	15	16	17	19	20	23	45	70	
1482	9	13	13	15	17	18	19	20	22	25	27	45	71	
1483	12	21	23	23	25	27	56	73	
1484	22	24	56	93	
1485	88	91	93	95	97	
1486	87	88	90	91	95	97	
1487	55	87	90	91	95	98	
1488	55	86	87	89	91	94	96	
1497	14	
1498	7	
1502	73	
1505	26	
1507	45	
1511	16	47	
1512	12	16	43	47	
1513	10	13	14	16	18	19	20	27	42	47	71	
1514	6	10	11	13	15	16	18	18	19	20	22	24	27	45	68	
1515	12	15	17	20	20	21	23	24	56	
1516	22	23	24	
1517	88	90	91	92	96	98	
1518	86	86	87	88	89	90	91	91	92	94	96	
1519	82	83	85	87	88	89	90	91	94	97	
1520	80	81	82	85	86	87	89	91	94	
1521	80	81	82	84	84	86	88	90	93	
1522	82	84	85	87	89	93	
1523	85	91	
1535	34	
1544	15	16	22	42	46	
1545	9	16	18	19	29	47	68	71	
1546	10	12	14	16	17	19	21	24	43	
1547	10	12	15	17	18	19	20	21	22	24	44	70	
1548	13	15	21	22	23	23	24	58	
1549	25	92	97	
1550	54	87	90	91	91	94	96	
1551	55	83	86	87	89	90	93	94	98	
1552	81	82	83	84	85	86	88	89	95	98	
1553	80	81	82	84	85	90	95	
1554	80	82	84	93	
1555	80	84	87	
1556	82	83	86	
1567	34	
1572	5	
1575	47	
1576	42	46	
1577	9	15	17	42	
1578	11	13	16	18	19	20	24	26	69	
1579	8	11	14	16	17	18	18	19	20	21	24	26	43	69	
1580	12	15	20	21	22	24	26	56	
1581	22	23	23	25	58	63	
1582	22	53	53	54	91	92	95	97	
1583	83	85	86	87	88	90	92	94	97	
1584	82	83	84	85	86	88	89	91	93	100	
1585	79	81	82	84	86	88	91	
1586	81	83	85	
1587	81	84	
1588	89	
1589	32	84	93	
1593	84	
1599	83	
1603	36	
1609	16	21	41	
1610	11	14	16	18	19	22	41	46	69	92	
1611	9	12	13	15	16	18	19	20	22	24	45	46	
1612	11	13	15	17	18	19	20	22	24	45	
1613	20	21	22	24	63	
1614	53	58	81	91	92	
1615	52	54	59	87	88	90	91	92	94	95	98	
1616	81	82	84	85	86	88	89	90	91	94	
1617	79	80	82	84	85	87	89	
1618	80	84	86	88	94	99	
1619	81	84	89	
1620	89	
1634	12	
1639	21	
1641	16	
1642	15	16	19	46	
1643	11	14	16	17	18	20	23	26	45	47	70	
1644	8	12	13	15	17	18	19	20	21	24	44	70	
1645	12	15	17	20	21	22	24	25	58	74	
1646	21	23	23	24	35	56	
1647	53	54	55	91	93	
1648	53	55	57	85	86	87	90	91	93	94	96	100	
1649	81	83	84	85	85	87	89	94	
1650	80	82	83	85	92	93	
1651	81	84	
1652	84	89	
1662	53	
1669	18	
1673	17	19	
1674	16	19	49	
1675	9	17	18	21	42	45	47	49	69	
1676	6	10	12	14	16	18	19	21	23	28	71	
1677	8	11	13	14	15	16	17	18	19	20	21	23	24	26	70	
1678	22	24	26	
1679	22	24	52	93	
1680	53	54	87	87	88	89	90	92	93	95	97	
1681	54	82	85	86	87	89	91	92	95	98	
1682	80	81	82	84	85	86	89	91	95	103	
1683	79	81	84	85	89	
1684	82	84	88	
1690	34	34	35	
1693	29	
1705	21	28	29	
1706	22	
1707	3	6	11	17	20	
1708	8	12	14	17	18	18	19	21	24	44	47	71	
1709	11	13	15	16	17	18	19	21	25	27	44	69	
1710	7	12	14	15	17	19	20	21	22	24	25	70	
1711	22	24	
1712	23	53	55	57	59	92	97	
1713	54	87	88	89	90	91	92	95	
1714	54	82	83	84	85	86	89	91	94	102	
1715	80	81	83	83	85	86	89	94	98	
1716	80	83	84	88	88	
1717	62	88	102	
1720	17	88	
1727	20	
1728	16	16	16	
1736	14	28	
1739	30	
1740	9	12	14	16	18	
1741	9	12	14	15	16	18	18	19	20	25	27	70	
1742	10	12	14	15	17	19	20	21	23	23	25	71	
1743	21	22	24	
1744	25	
1745	53	55	87	88	90	91	91	94	96	
1746	53	82	83	84	85	86	87	88	89	90	91	92	93	95	
1747	80	81	82	83	84	85	87	89	92	96	98	
1748	80	84	86	89	96	
1749	81	86	
1751	83	
1755	6	
1757	43	
1770	54	
1773	9	14	
1774	7	8	10	12	13	14	16	
1775	11	15	15	21	24	92	
1776	23	25	91	93	96	
1777	26	27	55	87	91	92	93	97	
1778	54	86	87	88	89	90	91	94	96	
1779	55	82	82	84	85	86	87	89	90	93	98	
1780	80	81	81	83	84	85	87	88	95	98	
1781	80	82	84	
1782	83	90	
1783	104	
1796	58	
1804	28	
1807	8	
1808	10	12	14	
1809	86	90	93	94	99	
1810	82	83	85	87	89	90	91	94	98	
1811	82	83	85	85	86	88	88	89	90	94	98	101	
1812	79	80	81	82	83	84	85	86	87	89	93	94	100	
1813	79	80	82	83	84	85	87	89	99	
1814	82	84	96	
1815	64	89	
1834	69	
1838	71	
1842	5	
1843	81	83	85	89	98	
1844	79	81	82	83	85	89	94	98	
1845	80	81	82	83	84	85	87	93	94	102	
1846	80	82	84	
1848	91	
1849	49	
1850	95	
1857	42	
1859	13	
1865	104	
1867	69	
1871	26	
1877	86	
1878	84	88	
1879	84	
1881	88	
1883	63	
1886	99	
1896	34	
1903	100	
1906	70	
1907	57	
1914	101	
1923	88	
1929	54	
1934	78	
1942	53	
1963	80	
1976	80	
1988	95	
2009	56	
2016	28	
2031	52	
2045	19	
2048	53	63	
2055	17	
2058	39	
2084	76	
2090	95	
2094	101	
2129	3	
2142	101	
2146	84	
2182	93	
2183	97	
2189	13	
2207	93	
2224	10	
2261	13	
2263	7	
2265	5	
