45	95	
47	4	
49	63	
84	78	
218	12	13	
285	14	
286	11	11	12	
297	88	93	
328	92	
329	87	91	93	96	
330	85	87	90	91	93	94	96	
331	11	82	84	86	87	89	91	92	94	97	
332	16	18	83	86	87	91	97	
333	17	
359	93	
360	92	96	
361	87	90	92	95	
362	83	85	86	88	89	90	91	92	93	95	
363	81	83	85	86	88	89	90	91	92	94	96	
364	80	81	82	83	84	85	86	88	88	89	90	93	95	101	
365	8	9	10	12	14	16	81	82	83	83	84	85	87	88	89	94	103	
366	7	11	12	15	16	17	19	20	82	85	87	94	
367	16	17	18	19	21	
391	92	97	
392	87	90	92	94	97	
393	82	85	87	90	91	93	95	98	100	
394	82	83	86	87	88	90	91	92	93	95	
395	39	82	85	86	87	88	90	91	93	95	98	
396	38	39	47	51	53	81	82	84	85	86	89	94	100	
397	80	81	82	84	86	89	100	
398	8	21	29	37	38	80	81	82	83	84	86	89	
399	3	6	9	10	11	13	13	14	16	17	18	19	20	68	80	81	84	
400	7	10	11	12	14	15	17	18	19	20	20	21	24	27	68	82	84	
401	20	21	22	24	
405	72	73	
423	91	93	94	
424	87	88	90	91	93	94	97	
425	36	82	86	87	88	88	89	90	91	93	93	95	
426	81	82	84	85	86	88	88	90	91	93	93	95	
427	37	80	81	82	83	84	85	86	88	88	89	91	94	
428	16	33	42	67	82	83	84	85	86	88	90	98	
429	16	17	18	33	35	39	42	43	46	47	50	56	58	58	80	81	82	83	84	85	88	
430	17	18	18	20	21	34	35	37	39	41	42	44	46	47	49	54	61	65	80	84	
431	17	19	21	21	23	34	41	43	43	44	45	46	49	59	83	
432	6	9	11	14	18	19	20	21	44	64	67	
433	6	10	12	13	14	15	17	19	20	21	21	23	24	25	44	
434	17	21	22	24	
435	23	
439	74	
454	91	92	97	
455	83	88	91	92	95	
456	83	85	86	88	89	91	92	94	95	
457	36	52	82	85	86	88	89	90	92	94	96	98	
458	81	82	82	84	85	86	87	88	89	90	94	96	
459	16	37	39	80	81	82	83	84	85	86	89	91	96	100	
460	16	35	38	40	43	46	80	81	82	83	84	85	90	100	
461	12	16	17	18	18	20	41	43	46	66	80	81	83	84	
462	8	8	10	12	14	17	19	19	20	21	27	40	45	64	84	
463	11	13	13	15	18	19	20	21	22	24	25	28	44	52	
464	15	17	21	22	24	45	49	
465	22	23	25	45	65	
466	24	25	43	
467	25	
468	22	
484	91	93	98	
485	92	97	
486	87	90	91	93	96	
487	86	87	91	92	94	98	
488	53	83	85	86	87	90	91	92	94	97	
489	81	82	84	85	86	88	89	90	92	93	95	100	
490	36	81	82	83	84	85	86	87	89	90	94	97	99	
491	38	41	79	80	81	82	83	84	85	87	89	94	100	
492	16	17	18	19	35	36	41	43	46	47	49	61	63	67	79	80	81	83	85	
493	10	14	17	18	18	19	20	21	26	40	42	45	46	64	81	84	
494	8	11	12	14	15	17	19	20	21	23	26	65	67	69	
495	12	15	19	20	21	22	23	24	25	44	
496	15	21	22	23	24	44	
497	21	23	24	
498	25	
501	40	
502	43	
515	56	
516	46	
517	92	96	
518	81	83	85	86	87	88	89	90	91	93	94	97	
519	82	83	85	86	88	88	89	90	91	92	93	94	97	
520	36	52	54	82	82	84	85	85	86	88	88	89	90	91	92	94	97	
521	81	82	83	84	85	85	86	87	88	89	90	91	94	96	
522	34	37	39	42	46	57	81	82	84	85	86	87	88	90	93	
523	16	17	34	41	42	46	46	48	48	69	80	81	82	83	84	
524	8	16	17	18	19	20	38	41	43	46	64	67	69	80	81	84	
525	10	11	13	14	15	16	18	19	20	20	21	23	26	39	43	65	79	84	
526	13	14	15	16	17	19	20	21	22	24	44	
527	15	20	21	22	23	24	44	
528	21	22	24	
529	22	25	
548	58	
549	37	47	51	53	57	
550	46	48	48	50	51	
551	36	81	85	89	95	
552	37	81	82	84	85	87	88	90	91	98	
553	36	66	80	81	82	84	84	85	87	89	94	
554	18	36	40	42	46	47	66	80	80	81	83	83	84	85	89	
555	11	16	17	18	19	20	26	40	41	44	46	63	66	79	80	81	84	
556	7	9	11	12	13	15	17	19	20	21	26	39	64	66	80	83	
557	15	17	18	19	19	20	21	25	27	34	43	45	47	49	
558	15	20	21	22	23	24	25	26	44	45	
559	21	22	24	44	65	
560	23	25	
561	23	
582	53	57	
583	47	50	51	52	53	54	55	56	57	59	
584	32	33	37	40	42	43	44	46	46	47	47	48	48	49	49	50	51	53	54	57	59	
585	40	41	42	44	46	47	49	66	
586	27	38	41	43	46	81	84	
587	9	11	13	13	15	16	19	20	24	38	42	45	63	80	83	
588	11	12	14	14	15	16	18	19	20	20	21	23	42	44	48	
589	12	14	15	18	18	19	20	21	22	23	24	44	
590	15	21	22	24	25	43	
591	22	25	
616	55	
617	51	52	54	55	56	60	
618	34	43	45	48	49	50	50	52	53	54	55	56	59	
619	35	43	44	45	45	47	49	55	56	59	
620	42	44	45	65	
621	12	14	20	23	24	25	26	32	45	65	
622	21	23	24	25	43	
623	22	25	
1160	96	
1167	71	
1171	7	
1175	8	70	
1176	14	
1180	54	
1183	27	
1192	32	
1205	53	65	
1207	85	
1209	6	11	
1215	52	
1217	81	
1235	98	
1238	34	
1240	81	
1241	14	
1245	54	
1246	12	
1251	98	
1252	41	
1264	31	
1267	13	
1300	32	
1303	17	
1314	52	80	
1321	49	
1339	16	73	
1350	66	
1355	8	
1373	34	
1379	74	
1390	7	
1398	56	
1404	46	
1418	39	
1420	6	
1421	50	
1440	74	
1441	38	
1442	9	10	10	10	30	
1448	50	
1450	21	38	47	
1451	38	66	
1452	16	37	43	47	59	
1461	64	
1470	46	
1471	63	
1474	16	
1480	17	
1481	39	47	
1482	37	
1483	17	21	35	
1484	14	19	28	39	68	
1485	16	19	23	23	34	38	38	43	45	
1486	16	17	18	20	25	26	37	42	46	47	48	51	55	58	
1487	22	41	43	45	46	48	48	52	
1488	23	43	44	50	
1489	49	
1500	59	
1505	57	
1507	98	
1511	36	
1512	36	
1514	20	36	46	48	67	
1515	21	35	37	42	61	
1516	11	17	19	37	42	46	66	
1517	11	13	17	19	20	35	38	42	47	65	
1518	8	15	17	19	21	24	34	41	45	
1519	12	14	16	18	19	20	22	23	26	34	44	52	57	65	
1520	19	20	21	24	42	43	47	49	50	51	53	54	55	56	59	64	
1521	22	23	25	42	44	45	46	47	48	48	49	50	52	55	59	65	
1522	43	44	50	
1523	49	
1540	26	
1542	37	87	
1544	19	37	46	
1545	14	
1546	27	36	39	
1547	18	18	20	35	36	42	46	
1548	11	15	17	18	20	22	25	46	60	69	
1549	10	15	17	20	21	39	43	43	62	
1550	11	13	15	16	18	19	20	22	48	78	
1551	8	11	13	15	17	20	21	23	44	64	
1552	13	15	21	22	23	25	44	93	
1553	24	53	56	
1554	24	50	51	52	53	54	55	57	93	
1555	49	50	51	53	54	88	90	92	93	96	
1556	48	57	90	92	95	
1561	5	
1573	15	
1577	16	34	36	46	
1578	13	16	19	42	67	
1579	17	18	20	25	26	38	39	
1580	8	12	15	16	19	20	26	42	44	69	87	
1581	10	13	13	15	17	19	20	22	27	43	46	
1582	15	18	19	20	21	23	24	42	44	47	63	
1583	12	15	21	23	25	27	45	64	
1584	23	25	
1585	23	25	92	
1586	88	90	91	93	94	96	
1587	52	83	86	86	88	88	89	90	91	93	94	97	
1588	50	52	53	55	83	86	87	88	88	89	90	91	94	95	
1589	55	82	84	85	86	87	89	90	91	95	
1590	80	82	85	87	88	90	
1594	67	
1595	56	77	77	77	87	
1599	70	
1605	36	
1606	47	
1607	37	
1608	16	
1609	16	20	23	35	37	41	
1610	16	19	23	35	41	46	
1611	17	18	20	38	40	
1612	13	14	16	18	20	22	34	43	44	47	67	
1613	11	13	15	17	19	19	21	22	24	43	45	
1614	11	14	21	22	24	45	
1615	13	22	24	
1616	23	23	25	92	
1617	52	55	87	90	91	92	94	96	
1618	52	87	90	91	93	95	97	
1619	81	83	85	86	87	90	92	94	96	98	
1620	82	83	83	85	86	89	92	
1621	79	80	81	83	84	87	89	
1622	80	81	82	83	84	84	86	90	94	98	
1623	79	80	81	82	84	85	87	90	95	
1624	81	84	93	97	
1625	49	49	49	50	85	
1629	68	
1637	37	42	75	
1639	38	38	
1640	17	37	42	46	48	
1641	18	19	37	41	46	
1642	16	19	23	26	37	41	45	47	68	
1643	17	20	26	41	44	46	63	
1644	13	15	16	18	18	19	20	22	24	26	35	42	43	48	64	
1645	10	13	15	17	19	20	22	23	25	44	65	
1646	12	13	15	21	22	24	43	
1647	20	22	23	23	25	38	
1648	88	93	97	
1649	51	53	86	87	88	90	91	92	93	95	97	
1650	55	86	87	89	90	91	92	93	95	96	100	
1651	53	81	82	84	85	86	88	90	90	92	93	96	101	
1652	81	82	84	86	88	90	92	
1653	79	80	81	83	84	86	88	93	94	
1654	81	85	100	
1655	83	95	
1656	80	
1657	86	92	
1658	87	
1660	8	45	73	
1671	27	
1672	10	19	
1673	10	12	13	15	16	18	19	21	23	35	36	42	92	
1674	15	16	17	19	20	21	34	41	43	44	47	59	65	
1675	15	17	18	20	21	23	24	34	39	42	44	46	48	49	62	65	
1676	19	21	22	23	43	44	
1677	12	14	15	20	22	24	63	
1678	23	23	
1679	25	25	91	92	95	
1680	19	50	52	54	87	90	90	91	93	94	95	
1681	52	86	86	87	90	91	92	93	94	96	
1682	82	86	87	89	90	91	94	96	
1683	44	80	81	82	83	85	86	87	89	91	
1684	79	80	81	82	83	84	85	88	89	92	97	100	
1685	79	80	83	85	88	
1686	79	81	84	88	99	
1689	30	
1690	92	
1691	83	
1703	34	
1705	14	
1706	8	9	11	13	13	15	16	18	
1707	10	12	14	15	16	17	18	19	21	26	
1708	11	13	16	17	19	20	21	23	24	26	65	
1709	18	21	23	24	44	64	
1710	23	25	92	93	
1711	24	51	87	90	91	92	96	
1712	87	90	91	93	93	94	97	
1713	81	83	85	86	87	88	89	91	93	100	
1714	82	83	84	84	85	88	88	90	93	98	
1715	80	81	82	83	84	85	87	88	91	94	97	100	
1716	80	81	82	83	84	85	89	92	93	99	
1717	80	80	82	86	90	
1718	79	82	83	
1719	82	83	88	
1721	28	59	
1724	41	102	
1727	21	22	22	
1738	11	
1739	12	17	
1740	8	9	10	12	14	
1741	7	11	12	13	14	15	16	20	
1742	52	87	90	91	92	96	
1743	86	87	88	90	91	92	93	95	97	
1744	53	83	85	86	87	88	89	91	92	94	96	101	
1745	81	82	83	84	85	86	88	88	89	91	93	98	
1746	80	81	82	83	84	85	86	88	89	91	95	
1747	79	80	82	84	85	90	94	99	
1748	79	81	84	86	
1749	79	81	84	
1750	80	89	
1756	101	
1770	22	
1774	9	15	
1775	5	12	81	83	86	93	
1776	81	82	84	85	87	89	91	97	100	
1777	81	82	83	84	84	85	86	88	89	90	94	
1778	80	81	81	82	84	85	86	90	95	
1779	80	81	83	84	86	99	
1780	79	81	82	83	85	95	
1781	81	
1782	91	
1784	90	
1786	100	
1796	69	
1803	39	
1808	10	
1809	81	99	
1810	80	81	83	86	89	94	
1811	80	82	84	87	96	99	
1812	80	84	89	
1813	85	
1814	94	
1815	90	
1819	95	
1823	100	
1826	23	
1844	83	
1845	84	
1846	80	
1847	61	
1853	97	
1880	21	
1884	19	46	
1891	68	
1897	75	
1914	98	
1915	25	
1919	25	
1922	11	
1937	77	
1940	73	
1951	37	
1957	61	
1959	83	
1960	22	
1961	72	
1965	24	101	
1982	82	
1983	41	
2011	41	
2028	89	
2034	48	
2041	53	
2044	41	
2047	23	
2051	59	
2054	4	83	
2070	65	
2076	58	
2078	53	
2085	83	
2087	11	
2088	47	
2094	83	
2103	65	
2109	19	
2112	6	
2156	4	
2199	7	
2207	93	
2235	102	
2258	8	
2295	3	
2298	3	
