12	12	
83	67	67	68	
84	69	
117	65	65	
118	77	
152	92	
218	11	
359	92	98	
360	91	93	96	
361	91	93	96	
362	92	95	
363	92	95	
364	91	93	96	
365	93	
386	92	
387	88	92	
388	87	91	92	97	
389	87	91	92	96	
390	87	90	92	93	95	98	
391	86	88	90	92	93	94	96	
392	88	91	92	94	96	
393	82	86	87	88	90	91	93	94	95	
394	83	86	87	89	90	91	92	94	96	101	
395	85	86	88	88	90	91	92	94	97	100	
396	86	87	88	88	90	91	92	93	95	96	99	
397	83	85	86	87	89	90	91	92	93	95	97	100	
398	7	10	15	82	85	86	87	88	89	90	91	92	94	96	102	
399	12	14	16	17	19	83	85	86	88	90	91	94	97	98	
400	16	17	
405	72	73	
410	87	
417	88	92	93	96	
418	87	91	92	96	
419	87	90	91	92	93	96	
420	86	87	90	92	94	96	
421	83	85	86	87	90	91	92	94	96	99	
422	82	85	87	88	89	90	91	92	94	95	98	101	
423	82	84	85	86	88	89	90	91	92	93	95	100	
424	83	85	85	86	87	88	90	91	92	95	96	
425	36	82	83	84	85	86	87	88	89	90	91	92	94	98	101	
426	37	82	84	85	86	87	89	90	91	94	95	100	
427	46	66	82	82	84	85	86	87	89	90	92	94	99	
428	36	40	46	82	84	85	85	86	88	89	90	92	94	99	
429	36	39	81	82	83	84	85	86	86	87	89	90	92	94	97	101	
430	9	46	69	81	82	84	85	86	87	89	90	95	99	
431	38	44	81	82	84	85	85	86	88	89	94	102	
432	6	9	10	14	16	38	81	82	83	84	85	86	87	89	91	93	96	100	
433	7	11	12	12	15	16	19	70	82	83	84	85	86	89	94	
434	16	17	17	18	20	21	
447	57	
448	93	
449	87	91	92	94	98	
450	86	87	88	90	91	92	94	96	100	
451	83	86	87	88	89	90	91	92	95	96	101	
452	82	85	86	87	88	89	90	91	92	93	94	96	101	
453	82	86	87	88	89	90	91	91	93	95	100	
454	38	81	82	83	85	86	87	88	88	89	91	93	96	100	
455	38	47	81	82	83	84	85	86	87	88	89	91	94	100	
456	9	18	37	43	46	68	80	81	82	83	84	85	86	89	91	93	100	
457	11	19	40	48	67	71	81	82	83	84	85	86	89	93	99	
458	16	17	18	20	35	40	43	47	80	81	82	84	84	85	87	89	
459	19	20	26	36	38	43	43	45	47	48	49	56	58	61	70	81	82	83	84	85	
460	19	20	36	42	44	46	47	49	53	56	58	58	69	81	82	83	84	85	88	100	
461	18	20	35	38	40	44	46	47	49	56	61	69	81	82	83	84	85	101	
462	19	20	38	43	44	45	46	47	49	50	56	59	67	68	83	84	88	
463	18	18	19	20	22	36	44	45	46	47	48	50	56	58	59	62	67	81	84	
464	13	19	20	22	42	43	45	47	48	48	50	51	57	60	66	83	89	
465	14	18	20	21	28	38	43	44	45	47	48	49	50	66	80	83	
466	9	10	13	16	19	19	21	27	39	44	45	47	50	69	83	83	85	
467	5	7	11	11	12	13	14	15	15	16	18	19	19	20	21	26	44	45	68	82	84	85	
468	13	18	20	20	21	22	25	84	
469	51	51	52	
480	56	57	
481	56	
482	49	52	55	87	90	91	93	95	100	
483	39	51	55	82	86	87	88	88	89	91	93	94	96	
484	41	53	82	83	84	85	86	87	88	89	90	91	94	100	
485	38	47	82	84	85	85	86	88	89	91	96	102	
486	17	19	37	39	43	47	57	81	82	83	83	84	85	86	87	89	100	
487	16	36	41	43	46	80	81	82	83	84	85	85	86	89	94	99	
488	16	17	19	35	41	45	46	47	49	58	81	83	84	85	89	
489	13	17	18	18	19	20	39	42	44	45	46	48	49	50	59	68	69	81	84	
490	11	14	17	18	20	20	22	41	44	45	46	49	51	59	81	83	
491	12	15	17	19	20	21	24	27	35	44	45	48	48	50	57	58	70	83	
492	18	18	20	20	21	22	24	25	43	45	51	57	60	65	68	
493	20	21	22	24	45	48	50	58	60	65	
494	21	22	24	26	43	45	48	50	55	56	61	65	67	
495	20	21	23	23	25	35	45	48	50	55	57	58	62	68	
496	19	20	22	24	45	48	50	52	55	60	
497	18	20	21	23	23	24	45	48	50	58	58	61	68	
498	20	21	23	24	26	35	45	49	51	54	58	60	
499	10	15	20	22	23	44	45	48	48	50	
500	3	8	12	14	19	21	22	23	24	45	
501	4	12	21	22	24	
502	23	25	
514	52	56	57	57	58	60	61	
515	31	47	50	51	52	53	53	54	56	57	59	
516	38	42	43	45	46	47	48	49	50	52	55	57	58	82	84	85	88	90	98	
517	18	40	42	44	46	47	48	49	55	57	70	81	82	83	85	85	89	
518	16	18	19	36	40	44	45	46	48	48	57	59	65	70	80	81	83	83	84	85	86	88	
519	17	19	20	35	37	41	43	44	45	47	48	49	54	57	59	64	68	82	83	85	
520	9	18	18	19	20	22	27	42	43	44	45	46	48	49	57	65	69	82	84	
521	10	13	14	17	19	20	22	24	41	44	45	48	49	65	69	83	
522	14	18	19	20	21	22	23	24	44	48	49	64	
523	15	18	20	20	22	23	23	25	44	65	68	
524	20	21	22	23	25	44	65	
525	20	22	23	23	25	
526	22	25	
527	23	
528	23	
529	24	
530	25	
531	23	
533	24	
534	23	
547	58	
548	34	55	
549	51	52	54	55	57	58	60	
550	44	45	48	49	50	55	56	60	63	83	
551	20	24	45	48	50	65	84	
552	19	21	22	24	26	45	63	63	69	
553	20	21	23	24	25	26	45	47	49	55	58	
554	22	23	23	25	53	64	
555	21	23	24	64	
556	22	25	
557	23	24	
558	25	
585	24	
795	60	
1168	10	
1175	69	
1178	51	
1184	65	
1206	37	
1207	70	88	
1215	89	
1239	37	
1273	64	64	64	64	64	
1276	18	
1279	14	
1315	19	
1316	37	
1319	93	
1320	12	
1342	74	96	
1348	69	
1349	59	
1362	10	
1376	34	
1383	77	
1386	63	
1399	19	
1405	73	
1410	3	
1413	69	
1415	50	
1418	47	
1422	62	
1429	55	
1432	5	
1441	67	69	
1444	47	
1451	47	
1455	63	
1476	66	
1479	53	66	
1480	37	
1481	45	46	59	
1482	41	
1483	41	47	
1484	56	
1485	26	40	47	
1488	48	
1500	12	
1507	44	49	
1508	49	
1509	27	
1510	37	42	46	
1511	16	22	46	58	71	
1512	19	36	42	47	50	
1513	22	48	58	
1514	16	40	45	66	
1515	17	20	25	38	41	47	50	59	66	
1516	20	37	44	47	51	56	59	68	
1517	20	33	43	44	47	49	58	60	
1518	20	40	45	47	49	53	56	66	
1519	21	43	44	47	48	49	58	59	64	68	
1520	41	44	46	50	61	
1521	45	46	47	48	50	55	58	
1522	46	51	
1526	57	
1531	38	
1533	21	
1538	46	
1539	37	
1540	81	
1541	18	43	48	67	
1542	17	18	22	40	44	48	58	
1543	16	19	22	26	40	45	46	48	58	58	
1544	16	19	21	26	36	39	44	46	48	50	57	61	70	
1545	19	21	23	34	41	44	46	47	57	71	
1546	17	20	40	45	46	49	53	57	60	65	66	70	
1547	9	18	18	20	22	24	40	44	45	47	48	50	67	
1548	16	18	20	21	35	38	43	43	45	46	48	48	51	60	66	
1549	17	18	20	21	23	23	26	39	45	47	52	56	59	62	79	
1550	18	20	21	23	44	45	47	49	52	57	59	
1551	20	22	24	35	41	43	45	48	48	50	56	59	65	67	71	
1552	19	20	22	24	35	43	44	45	47	49	51	57	58	61	
1553	20	22	25	45	47	48	50	53	55	56	57	58	60	63	70	
1554	23	25	44	45	47	49	50	51	53	55	56	57	58	59	
1555	22	43	44	46	47	48	49	50	51	55	60	65	77	
1556	47	48	52	53	
1559	61	
1561	71	71	71	
1565	38	
1566	38	84	
1569	20	38	
1571	16	39	48	
1572	17	21	38	42	46	
1573	17	20	39	45	46	47	49	57	
1574	15	18	19	21	26	37	39	44	46	48	56	65	69	
1575	16	19	21	29	37	41	43	45	47	69	
1576	14	18	19	20	22	23	35	42	45	46	49	62	65	66	
1577	16	18	18	19	21	44	49	59	
1578	17	19	20	21	23	24	43	45	48	51	57	59	65	
1579	19	21	22	23	25	28	34	44	48	51	57	61	65	
1580	19	20	22	24	50	52	58	61	
1581	19	21	23	23	50	
1582	13	19	20	22	24	27	
1583	21	22	24	
1584	22	23	
1585	22	25	
1586	23	24	
1587	22	24	58	61	65	
1588	22	24	51	52	53	54	56	57	59	60	61	63	
1589	48	49	50	50	51	53	55	58	61	
1590	49	51	55	
1603	41	
1604	12	16	18	20	40	46	
1605	16	17	19	22	39	44	47	
1606	14	17	18	19	22	23	41	44	48	62	71	
1607	14	18	19	20	21	24	44	47	58	
1608	15	17	19	21	22	24	44	49	64	70	
1609	13	18	19	20	21	23	25	26	45	49	65	
1610	15	21	23	24	49	
1611	21	23	23	25	
1612	22	24	73	
1613	22	
1614	92	93	
1615	93	97	
1616	92	
1617	91	92	96	
1618	91	93	96	
1619	97	
1620	92	93	96	
1621	88	91	92	96	
1622	52	53	57	60	87	91	92	94	96	
1623	52	54	55	58	90	91	93	96	
1624	53	
1630	9	
1634	5	
1636	9	
1637	10	13	14	44	
1638	9	12	14	16	17	19	20	
1639	12	14	16	17	18	18	19	20	21	23	23	26	44	
1640	15	20	21	23	45	94	
1641	21	22	24	25	
1642	22	25	
1643	24	
1644	93	
1645	87	91	92	95	
1646	87	91	92	93	95	96	
1647	88	90	91	92	93	94	96	
1648	86	87	88	90	91	92	94	95	103	
1649	85	86	87	89	90	91	94	96	100	
1650	86	87	89	90	91	92	93	94	96	99	
1651	82	84	85	86	87	88	90	91	94	95	99	
1652	82	83	86	87	90	91	92	94	96	99	
1653	82	82	85	86	87	88	89	90	91	93	93	95	97	100	
1654	81	82	83	86	87	88	89	90	92	94	96	99	
1655	82	82	85	86	87	89	90	91	93	95	97	100	
1656	82	82	84	85	86	87	88	89	90	92	94	97	101	
1657	82	84	85	87	89	90	92	99	
1658	87	92	
1669	23	
1670	10	14	
1671	7	9	11	12	13	14	15	17	18	
1672	9	11	12	13	14	15	17	20	22	23	25	
1673	97	
1674	91	92	93	96	
1675	88	91	92	93	95	96	
1676	87	87	91	92	93	94	95	98	
1677	86	87	87	90	91	92	95	96	100	
1678	86	87	88	88	89	90	91	92	94	95	98	100	
1679	83	85	86	87	88	89	91	93	96	99	
1680	81	82	83	85	86	87	88	89	90	94	99	101	
1681	81	81	82	84	85	85	87	89	90	92	95	101	
1682	81	82	84	85	86	87	89	92	94	97	99	
1683	80	81	82	83	84	86	88	88	91	95	
1684	80	81	82	83	84	85	86	88	90	101	
1685	80	81	82	83	84	85	86	90	93	
1686	81	81	83	84	85	88	88	91	94	
1687	81	82	83	84	85	87	89	103	
1688	82	83	84	85	86	88	90	
1689	82	83	84	86	89	
1690	81	83	83	84	85	89	
1691	81	83	85	87	99	
1692	83	
1693	85	
1696	49	
1700	77	
1702	55	
1704	11	
1705	8	9	11	12	13	15	
1706	87	91	95	
1707	83	85	86	87	88	90	91	92	94	96	100	
1708	83	85	85	86	87	89	90	92	94	98	99	
1709	81	82	83	84	85	86	87	89	90	92	94	100	
1710	81	82	82	85	85	86	88	88	89	92	94	95	101	
1711	81	82	82	84	84	85	86	88	88	90	93	93	95	99	
1712	81	81	82	83	84	85	86	87	89	91	
1713	81	82	83	84	86	88	91	94	
1714	83	84	85	88	91	94	98	
1715	81	83	85	90	
1716	83	84	86	92	
1717	87	92	
1718	10	85	89	99	
1719	90	
1720	86	100	
1721	83	
1722	85	90	104	
1723	83	86	98	
1724	85	88	102	
1725	49	94	
1728	17	
1735	12	
1736	9	
1738	13	
1739	5	
1740	12	83	84	85	89	94	98	
1741	81	82	84	86	89	94	99	
1742	81	83	84	85	86	90	94	
1743	81	82	84	85	88	91	95	99	
1744	81	83	83	85	
1745	81	83	85	
1746	84	89	99	103	
1747	84	
1748	85	
1749	85	99	
1753	86	90	
1755	84	
1758	25	
1759	90	
1765	102	102	
1770	102	
1774	93	
1775	84	87	93	
1776	85	
1778	20	93	104	
1779	85	
1780	85	
1786	43	89	
1787	87	
1788	40	
1790	103	
1791	56	
1792	56	
1798	3	4	4	
1799	103	
1809	95	
1811	89	97	
1815	88	
1828	70	
1839	17	
1841	58	
1843	78	
1844	101	
1850	101	
1853	11	
1854	12	
1864	18	
1878	101	
1885	14	
1899	75	
1902	91	
1915	25	
1926	26	
1929	74	
1930	76	
1945	81	
1960	66	
1986	89	
1990	4	
1996	4	
2012	90	
2020	5	
2093	7	
2121	10	
2123	41	
2124	31	
2142	91	
2143	13	
2158	33	
2161	27	
2176	104	
2179	23	
2182	17	
2191	29	
2221	8	
2264	102	
