14	102	
49	64	
143	44	45	
146	28	
182	22	
195	88	92	
196	91	
226	93	
227	83	86	87	89	91	92	94	97	
228	85	86	87	89	91	93	94	96	
229	86	87	89	91	92	94	97	
230	86	87	89	91	93	94	97	
231	16	17	19	
258	56	88	
259	92	
260	83	86	87	88	90	91	92	95	
261	78	81	82	83	84	85	86	87	88	90	91	94	97	
262	80	81	82	83	83	84	85	87	88	88	90	92	95	99	
263	7	9	11	16	80	81	82	83	84	85	86	87	88	90	96	
264	7	10	11	12	14	14	15	16	18	80	81	83	84	89	
265	16	17	17	20	21	
292	53	54	56	83	86	87	89	91	93	94	97	
293	52	55	82	84	85	87	87	88	89	91	92	94	97	100	
294	37	79	81	82	83	84	85	86	88	88	90	91	95	98	100	
295	79	80	81	82	84	85	86	88	
296	13	16	19	41	66	78	80	81	84	99	
297	8	9	11	14	14	16	17	18	20	27	40	69	78	79	80	84	
298	8	12	13	14	15	15	17	18	19	19	20	21	70	79	83	
299	2	18	19	20	21	22	26	
300	22	
323	58	
324	51	55	88	91	95	
325	51	54	86	87	88	90	91	94	97	
326	53	53	58	80	82	84	86	87	88	89	90	92	95	
327	79	81	82	83	85	86	87	88	89	91	95	
328	16	42	48	60	66	78	80	81	84	85	
329	11	14	16	17	18	18	19	41	43	44	47	65	68	68	79	
330	10	11	13	14	16	17	18	19	20	20	22	23	26	41	45	68	72	
331	7	11	12	14	15	17	18	19	20	21	21	22	23	28	
332	2	5	8	15	20	21	22	22	24	25	
333	22	
355	56	
357	52	55	57	87	91	95	
358	51	53	54	55	81	83	85	86	88	89	90	92	94	97	
359	51	80	81	83	84	85	86	87	89	90	91	93	96	
360	78	80	81	83	83	84	86	90	95	99	
361	9	19	42	66	79	81	82	83	85	
362	7	10	12	13	14	15	16	17	18	19	66	72	80	
363	8	12	14	15	17	18	19	19	20	21	21	23	23	25	26	43	45	
364	5	19	20	21	22	24	
365	21	23	23	25	
388	57	
389	53	56	92	
390	50	52	55	88	90	92	96	
391	54	81	82	84	86	87	88	88	90	91	94	97	99	
392	53	55	79	81	82	84	85	87	89	90	94	97	
393	16	78	79	81	82	84	85	87	89	93	
394	9	17	18	42	45	68	79	81	84	
395	10	12	14	15	16	17	18	19	20	26	45	
396	8	11	13	14	15	17	18	18	19	20	21	22	24	44	
397	2	13	15	18	20	21	22	23	23	24	27	
398	24	
422	52	59	88	91	
423	52	53	54	87	90	91	93	95	
424	51	54	78	82	84	85	86	88	89	91	92	95	
425	53	78	79	80	81	82	83	84	86	87	89	91	94	
426	16	18	67	79	80	82	83	84	88	93	
427	8	10	12	14	16	18	19	68	78	79	81	
428	7	10	11	13	13	14	15	16	17	18	19	20	20	26	43	65	
429	5	7	10	12	14	15	17	19	20	21	22	24	26	43	
430	3	15	18	20	21	22	23	25	26	
431	22	
453	57	
455	52	54	56	93	
456	51	53	54	55	56	82	83	85	86	87	90	91	94	97	98	
457	51	54	81	82	84	85	86	88	89	90	92	95	97	99	
458	79	80	82	83	83	84	85	86	88	89	95	98	
459	17	18	39	43	67	79	81	83	85	
460	9	12	13	16	17	19	20	41	
461	6	8	11	12	13	15	16	17	18	18	19	20	28	43	46	68	
462	9	12	15	17	19	20	20	21	22	23	24	26	69	
463	20	21	22	23	24	
464	23	
486	56	
488	51	52	53	55	59	87	88	91	97	
489	52	54	83	85	87	88	89	90	92	96	
490	51	53	78	81	82	83	84	85	87	89	90	92	94	97	
491	79	80	82	83	84	85	87	91	
492	9	14	16	19	28	43	66	79	81	
493	10	12	14	15	16	17	17	18	19	19	20	21	39	45	64	70	
494	7	11	13	13	15	18	19	20	21	22	24	25	44	65	70	
495	20	21	22	23	23	24	25	
496	21	22	24	
497	22	
500	38	
501	38	39	
520	92	
521	50	52	53	55	88	91	
522	51	52	53	55	59	81	83	85	86	87	90	91	93	96	
523	49	81	82	83	84	85	86	87	89	91	95	99	
524	67	80	81	84	86	88	
525	9	10	14	16	17	19	28	43	65	79	84	
526	7	11	12	13	13	14	15	16	17	17	18	19	19	20	22	68	
527	5	11	15	18	19	20	20	21	22	23	23	24	26	
528	21	22	23	25	
529	22	25	
530	25	
545	63	
551	56	
552	93	
553	55	56	87	
554	52	53	54	83	87	88	90	91	95	98	
555	50	52	54	55	81	83	85	86	87	88	89	90	92	93	96	101	
556	50	55	78	80	81	83	84	86	87	89	90	95	100	
557	13	78	79	80	81	83	84	86	89	97	
558	9	11	14	16	18	43	66	83	83	
559	7	10	11	12	13	14	15	16	17	18	18	19	20	65	69	
560	11	13	14	15	16	17	18	19	20	21	21	22	23	27	68	
561	20	22	22	24	27	
581	53	
585	52	87	91	
586	85	87	88	88	90	91	95	98	
587	52	54	57	81	82	84	85	87	88	89	90	91	93	93	96	99	
588	51	52	53	54	81	82	83	84	85	87	88	88	89	91	92	93	96	
589	50	61	80	81	81	82	83	84	85	87	89	91	94	97	98	
590	42	47	48	78	80	82	86	90	93	
591	9	11	13	16	17	18	19	20	42	64	67	69	79	
592	7	9	10	11	12	14	14	15	16	17	18	19	19	20	21	69	84	
593	12	15	18	19	20	21	22	23	23	24	
594	21	22	24	
595	23	
617	47	52	58	
618	50	52	55	
619	50	54	81	82	85	86	88	88	90	92	93	96	
620	28	29	30	32	51	53	81	82	83	84	85	86	87	89	90	92	93	96	
621	79	80	81	82	83	84	86	88	89	95	99	
622	79	80	80	81	82	83	84	86	97	
623	8	16	43	66	71	79	80	81	84	85	
624	10	11	13	14	15	16	17	18	19	20	27	41	64	67	70	78	
625	5	9	11	13	14	15	17	17	19	19	20	21	24	44	71	
626	4	16	18	19	20	21	22	22	23	24	25	
627	20	22	22	25	
628	23	
650	53	55	56	57	59	
651	33	38	46	47	48	50	51	52	54	
652	38	44	46	47	49	50	53	55	
653	36	51	53	78	80	82	84	
654	42	48	48	66	78	79	81	82	84	85	89	
655	19	37	40	41	46	48	66	79	80	82	83	
656	8	11	13	16	17	19	20	21	26	41	43	43	66	69	78	80	
657	8	10	12	14	15	16	18	19	19	20	21	42	69	
658	11	13	14	15	16	17	18	19	19	20	21	22	24	27	45	71	
659	5	20	21	22	23	24	25	
660	22	23	25	
661	1	
684	52	53	54	56	57	
685	33	43	47	48	49	50	50	51	52	52	54	54	55	59	
686	30	39	41	43	44	45	46	47	47	49	49	50	53	54	56	58	
687	33	38	38	41	42	44	45	46	47	48	50	60	67	78	
688	13	19	26	41	44	48	67	73	
689	8	11	14	15	17	18	19	20	22	26	41	44	50	69	
690	13	13	15	16	17	19	20	21	22	23	24	26	43	45	48	69	
691	2	3	7	10	15	20	21	22	23	24	25	26	44	70	
692	9	21	22	23	23	24	
718	52	57	
719	34	50	51	53	54	55	60	
720	44	47	48	50	51	57	59	
721	30	43	45	46	49	64	
722	24	44	45	49	64	
723	9	12	14	21	22	23	24	45	64	
724	21	22	24	
725	22	
758	3	
860	44	
1157	90	
1163	47	
1171	67	
1172	52	
1184	103	
1187	57	
1200	78	90	
1203	14	
1205	32	
1215	35	
1216	94	
1217	91	
1221	79	
1231	19	
1233	27	
1239	18	
1241	53	
1242	33	
1250	36	
1251	99	
1255	62	
1259	90	
1266	49	51	
1274	66	
1287	47	
1302	32	
1315	48	
1319	100	
1342	59	
1346	79	
1349	41	50	
1350	35	42	69	100	
1351	39	
1352	52	
1353	46	
1363	6	
1370	71	
1380	18	
1381	14	20	
1382	16	20	41	46	66	
1383	16	17	19	21	24	26	39	42	44	48	56	67	72	
1384	17	18	20	23	26	31	36	40	42	44	46	48	53	54	57	59	
1385	19	21	23	41	44	46	48	50	61	67	70	
1386	21	27	43	
1387	59	
1395	88	
1396	4	
1400	55	
1408	95	
1411	26	
1413	16	
1414	20	42	67	
1415	10	15	17	20	24	43	67	
1416	12	14	16	17	18	18	19	20	27	41	46	62	68	
1417	14	17	19	20	21	23	24	27	34	42	44	45	46	50	56	63	
1418	18	21	22	24	27	42	44	48	48	51	52	55	56	57	58	
1419	21	22	24	43	44	45	47	48	49	50	52	54	56	
1420	23	39	44	45	49	50	58	59	
1421	49	
1423	89	
1429	24	
1436	57	
1447	16	18	
1448	12	15	19	21	27	40	45	69	
1449	10	12	14	15	16	17	18	20	22	24	26	43	67	69	
1450	13	14	15	17	19	20	21	23	26	
1451	20	21	22	23	24	26	56	
1452	22	24	52	54	55	57	92	
1453	50	51	52	53	54	87	91	95	
1454	51	83	86	87	90	93	93	96	
1459	3	14	
1464	12	
1474	39	
1478	19	
1479	40	
1480	11	14	17	19	24	26	72	73	
1481	9	11	14	17	19	66	69	
1482	10	13	14	15	16	17	18	18	19	20	21	23	24	26	43	44	71	
1483	12	14	21	23	24	26	56	
1484	21	23	24	
1485	51	52	54	56	87	90	91	93	95	98	
1486	49	51	53	54	83	86	86	87	89	90	91	93	94	96	
1487	81	82	83	84	85	86	88	88	90	91	93	96	99	
1488	80	82	84	86	89	
1489	40	86	
1493	7	
1507	6	
1510	16	
1511	16	
1512	15	18	46	
1513	12	14	16	19	20	42	43	67	68	
1514	11	13	15	17	17	18	19	21	23	42	45	64	
1515	7	10	11	14	15	17	18	19	20	21	22	24	28	69	
1516	13	15	20	22	23	24	56	58	
1517	22	23	50	52	53	
1518	50	53	54	87	87	90	91	92	95	98	
1519	51	56	80	81	82	85	86	88	88	90	92	95	
1520	78	79	80	81	82	84	85	87	89	98	
1521	78	80	81	82	84	86	96	
1522	80	87	
1523	81	
1527	13	
1545	17	19	
1546	8	11	13	15	16	17	18	20	66	
1547	10	11	15	16	17	18	19	20	22	25	44	70	
1548	11	13	14	15	17	18	19	19	20	21	22	23	23	24	44	90	
1549	21	22	24	
1550	23	25	52	54	56	
1551	50	52	53	55	87	89	90	92	94	96	98	
1552	54	77	82	84	85	86	87	88	89	92	94	96	
1553	63	79	80	81	83	84	86	90	96	98	
1554	79	82	85	92	
1555	79	
1556	83	
1560	20	
1572	42	
1577	16	29	
1578	11	16	20	29	
1579	6	8	11	13	15	16	18	18	19	22	25	43	44	65	67	
1580	11	13	14	16	17	18	19	20	22	25	28	28	73	
1581	11	13	15	17	19	20	22	23	24	
1582	20	21	22	23	23	25	56	
1583	50	52	53	55	91	93	
1584	52	53	56	86	87	90	92	93	96	
1585	55	78	80	81	82	83	84	86	87	88	89	91	94	
1586	79	80	82	83	85	87	89	
1587	79	82	86	
1589	92	
1591	51	
1596	91	
1599	2	
1609	17	20	32	
1610	11	
1611	12	14	16	18	18	20	
1612	8	11	15	16	17	18	19	21	41	65	66	71	
1613	8	9	11	13	14	15	17	18	19	20	21	23	24	25	27	45	
1614	13	21	22	23	25	
1615	24	53	
1616	52	54	87	88	91	92	95	98	
1617	51	53	55	58	82	83	85	86	87	88	89	90	91	94	96	
1618	80	81	83	83	84	86	87	89	90	94	96	102	
1619	55	79	81	84	87	89	95	
1620	82	85	96	
1642	8	
1643	40	
1644	10	15	16	18	18	20	41	67	70	
1645	6	10	11	13	14	16	17	19	20	25	28	43	65	
1646	11	13	14	15	17	18	19	20	21	22	23	23	25	68	
1647	20	21	22	24	
1648	23	52	54	
1649	52	55	86	86	87	88	90	91	93	96	98	
1650	54	81	82	84	86	87	89	90	92	93	95	
1651	79	80	81	82	84	85	88	91	94	101	
1652	79	80	83	84	89	97	
1653	80	84	95	
1654	94	
1674	19	
1675	11	28	
1676	9	17	19	
1677	9	12	14	15	17	18	20	24	45	
1678	9	12	13	16	17	18	20	21	22	23	41	68	68	
1679	7	11	14	15	17	19	20	21	24	
1680	20	21	22	24	52	57	58	
1681	23	48	49	51	53	53	54	88	92	
1682	51	55	86	86	88	89	90	91	94	95	98	
1683	55	79	80	81	82	83	84	86	87	88	90	94	
1684	78	78	79	80	81	83	85	86	88	99	
1685	78	80	83	87	88	
1686	78	88	95	
1691	2	
1694	22	
1700	72	
1704	3	
1705	23	
1707	18	43	
1708	14	16	19	43	66	
1709	17	19	27	40	46	67	
1710	9	13	16	17	18	20	23	38	44	67	
1711	6	9	11	12	14	15	17	18	20	21	23	23	67	71	
1712	12	13	15	17	19	20	20	21	24	27	45	56	71	
1713	21	22	23	23	25	57	
1714	35	50	51	52	53	54	55	81	
1715	50	52	53	82	86	87	87	89	90	91	94	96	99	
1716	80	81	82	83	84	85	87	89	91	93	
1717	78	80	82	85	90	
1718	80	84	93	94	
1719	82	88	
1724	40	62	
1739	17	
1740	16	20	38	
1741	8	11	14	16	18	26	44	46	69	
1742	10	16	17	19	20	22	43	47	69	
1743	5	13	15	16	17	18	19	20	22	23	26	41	43	68	69	
1744	9	13	13	17	19	20	21	25	43	46	49	
1745	11	14	15	20	21	23	25	44	
1746	22	23	24	52	53	
1747	50	51	52	54	87	88	90	91	95	
1748	50	52	54	58	83	87	88	88	89	90	91	93	95	96	
1749	77	79	80	81	82	83	84	86	95	99	
1750	78	80	82	83	86	90	98	
1751	48	81	87	
1752	11	
1753	60	
1770	84	
1771	29	
1773	2	
1774	7	11	13	16	18	19	
1775	6	11	13	15	16	17	18	19	21	23	43	64	69	
1776	11	14	15	16	17	18	18	19	20	21	22	24	65	
1777	20	21	23	23	27	45	
1778	21	22	23	25	58	
1779	25	50	52	55	57	
1780	51	52	54	55	87	88	89	90	91	93	94	96	98	
1781	50	53	54	81	82	84	85	86	88	89	91	93	96	98	
1782	79	80	81	82	84	85	86	89	91	95	100	
1783	78	80	82	83	87	88	95	
1784	80	100	
1799	1	1	65	
1806	74	
1807	9	13	17	
1808	7	10	11	13	14	15	24	
1809	12	13	14	15	16	17	18	18	19	21	24	
1810	17	20	22	22	24	
1811	22	23	24	24	56	92	
1812	23	51	52	53	55	57	87	88	90	91	92	95	97	
1813	50	53	54	87	87	89	90	91	92	94	96	
1814	81	82	84	84	85	86	87	89	90	96	
1815	55	79	80	81	82	83	85	87	90	95	
1816	79	80	83	85	89	95	
1817	83	
1822	101	
1823	24	
1827	102	
1838	68	
1840	9	
1841	8	12	
1842	5	6	9	10	11	13	13	14	15	16	19	
1843	11	12	15	23	24	86	88	91	
1844	86	87	87	89	90	92	94	96	
1845	54	82	86	87	88	89	90	91	93	95	97	
1846	52	54	78	80	81	82	83	83	84	85	86	87	88	89	91	93	97	
1847	77	80	82	83	83	84	85	86	88	89	90	93	94	99	
1848	78	78	79	80	81	83	84	87	89	94	
1849	79	81	83	86	
1850	81	
1855	91	
1856	81	
1863	25	
1868	77	
1874	18	
1875	11	
1876	3	6	9	12	13	19	
1877	79	81	84	86	90	96	99	
1878	79	80	81	82	84	85	86	88	88	90	97	98	
1879	80	80	81	82	83	84	85	86	88	89	91	93	
1880	78	79	80	82	84	85	95	
1881	79	80	83	84	87	88	
1882	82	83	
1891	5	
1906	9	
1909	7	
1910	15	
1911	81	83	89	
1912	78	79	81	85	
1913	79	81	83	84	90	
1914	87	95	
1915	79	
1926	4	
1928	9	
1943	6	
1945	19	
1948	83	
1953	69	
1959	24	
1964	54	
1965	51	
1976	54	
1981	97	
1982	100	
1985	46	
2002	9	
2007	14	
2010	31	
2011	84	102	
2017	24	
2019	91	
2041	40	
2043	58	
2093	3	
2094	74	
2114	41	
2149	9	
2156	3	
2162	3	
2190	103	
2229	8	22	
2267	6	
2310	5	
