12	11	
14	102	
113	45	
186	93	
251	17	
261	87	91	93	95	
262	88	91	92	97	
263	16	92	
292	56	93	
293	56	88	92	97	
294	87	88	91	92	95	97	
295	82	85	87	88	89	90	91	92	96	99	
296	11	15	81	82	84	86	87	89	91	92	94	97	
297	12	16	17	86	87	89	91	93	96	
298	16	17	
323	92	
325	91	
326	86	88	90	92	95	
327	54	56	85	87	88	89	90	91	92	93	95	
328	81	82	84	85	86	87	88	89	90	91	93	96	101	
329	81	83	83	84	85	86	87	89	90	92	95	101	
330	4	7	8	10	11	13	16	68	80	81	82	83	84	86	88	88	90	94	
331	7	10	11	12	14	15	16	16	17	19	20	80	81	82	83	85	86	90	
332	17	18	19	20	21	26	
354	56	
356	92	
357	86	88	90	91	92	94	97	
358	57	87	88	90	91	92	94	98	
359	52	55	56	83	86	88	89	90	91	92	94	96	
360	55	82	84	85	86	87	89	89	91	92	93	95	99	
361	53	82	83	83	84	85	87	89	90	92	93	96	98	
362	80	81	82	83	84	86	89	90	93	99	
363	9	13	16	19	28	66	80	82	84	86	89	
364	7	9	10	11	14	14	16	17	18	18	19	69	80	81	83	85	
365	7	11	12	13	14	15	16	17	17	18	18	19	20	21	21	23	24	26	70	81	
366	21	21	22	23	
386	93	
387	88	92	95	
388	57	87	89	91	92	96	
389	56	87	90	91	92	95	
390	83	85	87	88	88	90	91	92	94	97	99	
391	82	83	84	85	86	87	89	90	91	93	94	
392	81	82	83	84	85	86	87	89	90	91	94	96	
393	81	82	83	84	85	86	87	89	89	91	93	96	100	
394	81	81	83	83	84	85	86	88	89	91	94	
395	11	16	44	46	81	82	84	85	88	88	
396	12	15	16	17	19	29	45	66	73	81	84	
397	6	8	10	12	14	16	16	17	19	19	20	44	45	46	69	
398	6	11	12	13	14	15	17	18	19	20	21	22	23	24	27	44	
399	2	5	13	21	21	22	23	23	24	26	
400	23	25	
404	66	66	66	
418	92	
419	91	93	95	
420	87	91	92	95	
421	82	84	85	86	87	89	90	91	93	93	95	
422	55	82	83	85	86	87	88	89	90	91	93	93	95	97	99	
423	56	82	83	84	85	86	88	89	89	90	92	94	97	99	
424	81	82	84	85	86	87	89	90	91	93	96	
425	80	81	82	84	85	86	88	89	98	
426	17	41	80	81	82	84	85	87	88	94	99	
427	17	19	38	42	72	80	81	83	84	
428	17	18	19	42	45	46	47	48	72	80	83	84	
429	8	11	17	19	20	23	26	42	44	48	49	70	80	84	
430	10	11	13	14	15	16	17	19	20	21	26	43	44	45	69	
431	8	11	13	15	18	19	20	20	21	22	24	27	
432	13	20	21	21	22	23	25	27	
433	22	23	
449	56	
450	56	92	
451	56	91	93	96	
452	53	55	87	88	89	90	92	95	97	
453	55	83	86	87	88	89	90	91	93	94	97	
454	55	81	82	83	85	86	87	88	89	90	92	95	98	
455	38	80	81	82	83	83	84	86	87	88	90	97	98	
456	79	80	81	82	83	84	85	87	88	90	
457	80	81	83	84	85	87	89	93	
458	17	18	20	41	43	52	70	79	80	81	83	84	85	
459	16	17	18	19	20	41	44	46	48	48	67	69	80	84	
460	13	14	16	17	18	19	20	21	26	42	44	45	46	47	50	63	67	70	81	
461	15	17	18	20	20	23	28	41	43	44	45	46	47	49	65	67	71	
462	11	15	17	18	19	20	21	22	23	23	24	29	40	44	45	46	48	49	65	
463	4	9	12	13	15	19	20	21	22	26	44	45	64	70	
464	5	15	17	20	21	22	23	24	44	72	
465	21	22	23	24	25	
466	23	
482	92	
483	58	90	92	95	
484	56	86	87	89	90	91	92	95	
485	54	83	86	87	88	88	90	91	92	96	
486	54	55	80	82	83	84	85	86	87	89	90	91	94	96	
487	39	51	55	80	81	82	84	85	85	86	87	88	89	91	96	
488	16	18	43	46	51	66	80	81	83	83	84	86	88	90	
489	17	19	39	42	46	47	49	62	80	81	85	
490	15	16	17	18	18	19	20	26	42	43	45	46	47	49	66	70	80	84	
491	15	17	19	20	21	26	40	43	44	45	46	47	48	63	70	80	84	
492	6	12	15	16	18	18	19	20	21	21	23	24	28	41	44	45	46	48	50	64	71	
493	11	13	14	19	20	21	22	22	24	26	44	46	72	
494	20	21	22	23	23	24	44	68	
495	21	22	23	23	24	25	49	
496	23	24	25	
497	22	
498	23	25	
507	85	85	86	
513	56	
514	60	
515	46	50	91	
516	55	83	85	86	87	88	90	91	93	94	97	98	
517	55	82	83	85	86	87	88	88	90	91	92	93	95	99	
518	54	81	82	83	83	84	85	86	87	88	88	89	90	91	94	96	99	
519	16	42	54	61	80	81	82	84	85	87	89	90	92	94	
520	16	17	19	41	47	62	66	73	81	82	84	85	88	
521	12	15	17	18	19	20	43	43	45	46	47	49	62	66	69	79	80	81	83	84	
522	11	14	17	18	18	19	20	21	22	43	44	45	47	48	72	80	84	
523	15	19	20	20	21	22	24	27	42	44	47	50	65	71	
524	13	20	20	21	22	23	24	45	48	49	
525	20	21	22	22	24	24	28	45	50	65	
526	21	23	23	24	25	45	65	
527	21	22	24	
528	21	23	23	25	
547	53	58	
548	34	48	50	52	53	54	55	56	57	58	
549	33	39	42	43	46	47	48	49	50	55	56	90	
550	39	43	46	53	80	82	84	85	89	
551	55	80	81	82	84	85	86	89	93	99	
552	14	80	82	83	84	85	89	
553	7	12	14	16	18	65	70	80	82	83	85	
554	13	14	16	17	17	18	19	20	21	24	45	48	72	80	
555	11	15	18	19	20	21	22	24	25	26	44	48	73	
556	13	20	21	22	23	24	24	28	29	45	65	
557	22	23	24	25	44	
558	23	24	
559	23	24	
570	24	24	25	
581	55	
582	34	51	52	53	53	54	55	56	58	59	60	61	
583	35	44	45	47	48	48	49	50	50	51	52	53	54	57	59	60	
584	31	35	41	43	43	44	45	46	46	47	47	48	48	49	49	50	56	59	61	63	77	
585	38	42	43	44	45	46	46	47	48	48	50	71	80	83	
586	9	10	14	20	22	29	44	67	73	81	
587	7	10	11	12	13	14	14	15	18	19	22	23	
588	13	15	16	17	17	19	20	21	21	22	23	24	
589	21	22	24	
590	23	24	
608	6	6	6	
616	53	55	
617	35	51	52	54	55	58	62	
618	36	49	50	51	52	54	55	56	57	59	60	62	75	
619	24	33	43	44	45	47	48	49	50	51	53	55	59	
620	3	8	22	23	25	32	40	44	45	45	46	47	48	
621	5	6	10	11	12	13	14	19	70	73	
622	17	19	20	21	23	24	
623	22	25	
652	52	62	
653	51	52	53	55	59	
654	30	43	44	48	64	
655	6	23	25	73	
656	22	24	25	
1162	42	
1173	5	
1186	104	
1200	51	
1204	20	
1206	10	
1214	82	
1219	82	
1227	38	
1231	97	
1234	32	
1235	22	48	
1236	28	
1239	13	
1260	24	
1265	66	
1270	52	
1273	32	72	
1280	4	
1285	66	
1296	99	
1305	44	
1307	32	
1319	103	
1326	94	
1333	57	
1337	17	
1341	33	
1342	97	
1344	12	
1347	36	
1377	20	
1383	29	48	
1384	46	70	
1406	47	
1413	28	37	40	
1414	16	
1415	16	46	
1416	16	20	37	46	
1417	19	22	29	44	46	50	
1418	41	43	47	48	
1419	46	51	
1421	55	
1436	47	
1441	14	
1443	19	25	
1447	17	67	
1448	17	19	44	47	
1449	17	19	42	47	
1450	17	19	20	22	40	48	58	62	68	70	
1451	17	19	20	21	23	24	27	33	42	44	47	51	53	54	56	60	
1452	18	20	21	22	23	26	36	38	43	44	45	46	47	49	50	51	58	71	75	
1453	44	47	48	50	53	75	
1456	56	
1457	15	
1473	24	
1477	48	
1478	18	41	
1479	19	38	46	
1480	14	19	41	45	47	66	
1481	20	27	
1482	12	14	16	18	19	20	23	23	42	43	48	69	
1483	11	15	17	18	18	20	21	24	27	42	45	70	
1484	12	15	19	20	21	22	23	25	27	45	48	57	61	
1485	20	21	22	24	34	45	47	49	51	52	55	56	57	58	59	61	
1486	22	23	45	47	48	49	50	51	52	53	55	60	63	
1487	44	45	48	49	51	59	
1488	49	59	
1506	77	
1507	66	
1510	46	
1511	16	19	47	68	
1512	17	19	24	41	44	66	
1513	16	18	19	20	24	42	43	46	48	48	
1514	13	15	16	18	18	19	21	25	42	45	67	70	76	
1515	11	14	15	16	18	19	20	21	23	42	45	48	48	
1516	11	13	15	17	18	18	19	20	21	23	23	25	26	45	68	
1517	12	15	20	21	22	24	26	45	
1518	22	23	24	25	57	73	
1519	25	34	51	52	53	54	56	57	59	
1520	50	51	52	52	53	54	59	91	92	
1521	49	51	54	87	90	92	95	
1522	58	
1531	21	
1535	32	
1536	38	
1538	16	
1539	34	43	
1541	17	45	
1542	16	19	40	44	46	
1543	17	19	22	23	40	44	46	48	50	69	
1544	11	13	17	18	20	26	39	43	46	70	
1545	10	13	16	18	19	21	24	42	43	47	67	70	
1546	15	17	19	20	21	25	26	43	45	47	63	72	
1547	18	19	20	21	22	23	23	25	29	43	45	50	70	
1548	12	13	20	21	21	22	24	44	45	50	72	
1549	14	21	22	23	23	25	27	44	
1550	21	22	24	73	
1551	23	24	56	74	
1552	55	57	58	93	
1553	51	52	53	55	63	86	87	90	92	93	95	98	
1554	51	53	55	58	83	85	86	87	89	90	91	92	94	96	
1555	54	80	82	84	85	88	88	91	96	100	
1557	51	
1558	14	
1560	67	67	68	
1561	61	70	
1562	4	
1574	17	19	40	44	67	
1575	10	14	17	20	45	47	49	
1576	14	17	18	19	20	21	24	40	43	47	69	
1577	15	16	18	19	20	21	23	25	41	43	45	46	48	50	63	69	
1578	9	13	16	18	18	20	21	22	23	26	42	43	45	47	65	70	
1579	10	14	20	21	22	23	25	27	45	70	
1580	15	20	21	22	24	27	
1581	22	23	23	25	
1582	23	25	
1584	57	93	97	
1585	55	56	91	92	96	
1586	51	53	54	55	88	90	90	91	93	94	96	
1587	55	81	82	85	85	86	87	88	91	93	95	
1588	80	81	82	83	84	85	88	88	91	96	
1589	83	84	
1590	84	84	
1599	12	
1602	20	
1605	18	39	
1606	8	17	40	
1607	10	15	17	19	42	45	67	72	
1608	11	14	17	18	18	19	21	25	41	44	46	48	67	73	
1609	5	6	9	12	15	17	19	19	20	21	23	24	44	46	49	73	
1610	10	13	14	15	17	19	20	22	23	24	25	26	44	55	72	
1611	21	21	22	23	23	25	
1612	22	24	
1613	23	24	
1615	92	
1616	87	90	91	92	93	95	97	
1617	83	86	87	88	89	90	91	92	93	94	96	
1618	55	82	86	87	88	89	90	91	93	94	96	98	
1619	53	54	81	82	84	85	86	87	88	89	90	91	93	94	96	99	
1620	55	80	81	82	83	84	85	86	89	90	92	95	98	
1621	79	80	82	83	84	86	92	
1622	81	83	85	
1623	17	89	93	
1624	47	
1633	35	47	
1636	20	
1637	28	
1638	14	16	17	19	41	44	46	68	68	
1639	16	17	19	20	26	42	43	46	67	
1640	6	13	14	16	18	19	20	23	42	45	48	49	
1641	7	9	12	14	16	18	18	19	21	25	44	46	69	
1642	12	13	15	17	19	20	21	22	23	24	72	
1643	15	21	23	23	25	
1644	22	22	24	
1645	88	92	
1646	87	88	90	91	92	96	
1647	87	90	91	91	93	94	97	
1648	55	56	86	87	88	91	92	93	93	94	95	98	
1649	53	85	86	87	88	88	89	90	92	94	95	98	
1650	82	83	84	85	86	87	88	89	90	94	97	
1651	80	81	82	82	83	84	85	86	89	92	94	99	
1652	80	81	82	83	83	84	85	87	89	90	98	103	
1653	79	80	81	82	83	84	86	89	91	96	99	
1654	80	81	84	85	88	88	97	
1656	38	38	
1657	38	
1659	64	
1669	13	
1670	14	
1671	6	11	13	15	16	18	20	
1672	10	14	16	17	18	19	20	21	24	26	42	44	
1673	10	13	17	19	20	21	22	24	26	44	48	70	
1674	14	21	22	23	23	26	43	45	48	
1675	12	21	22	23	25	
1676	22	24	25	93	
1677	56	87	88	91	92	96	
1678	55	87	88	89	90	91	91	94	96	97	
1679	83	85	86	87	89	90	91	93	93	94	98	99	
1680	81	82	85	87	89	90	91	94	97	98	102	
1681	81	81	82	84	84	85	86	88	89	90	92	94	
1682	80	81	82	83	83	84	85	86	88	89	90	94	96	
1683	79	80	81	82	83	84	85	87	89	91	99	
1684	79	80	81	84	85	86	89	93	
1685	79	81	83	86	
1686	81	86	95	
1687	80	85	
1688	83	
1689	87	
1694	29	
1699	7	
1701	23	
1703	19	
1704	9	11	15	
1705	7	9	11	11	12	14	15	16	20	24	27	
1706	7	13	15	16	18	19	20	22	24	
1707	17	22	23	24	57	
1708	22	24	56	60	74	
1709	25	52	55	
1710	56	82	87	89	90	92	94	97	99	
1711	81	82	83	84	85	86	87	88	89	91	93	95	99	
1712	80	81	82	82	84	85	85	86	87	88	89	91	94	100	
1713	80	81	82	84	85	86	88	90	
1714	81	82	83	84	86	88	90	
1715	80	81	83	86	89	95	
1716	80	81	84	87	
1717	80	85	89	
1718	83	
1722	83	
1723	93	
1727	18	18	19	20	
1731	97	97	98	
1736	5	
1738	10	14	20	28	
1739	7	9	10	12	14	19	
1740	6	9	10	12	13	14	15	82	87	90	92	93	97	
1741	17	56	57	86	87	88	89	90	91	92	95	96	98	
1742	16	38	50	51	53	53	55	56	58	58	88	90	91	97	
1743	48	51	55	56	88	90	
1744	51	80	81	82	83	84	86	89	91	96	
1745	79	80	81	84	85	88	95	100	
1746	79	81	84	90	94	
1747	79	83	84	
1748	84	88	100	
1749	85	
1750	99	
1751	83	
1752	84	93	
1758	94	
1771	11	
1773	12	
1774	7	8	13	15	17	80	81	82	85	89	
1775	9	11	13	57	80	81	82	83	84	85	86	87	89	91	93	97	
1776	51	52	55	60	81	82	84	85	86	88	89	90	93	93	97	100	
1777	50	53	53	59	82	84	86	87	89	91	92	93	96	
1778	80	84	90	
1779	83	
1780	83	
1782	19	
1787	103	
1799	76	
1808	81	100	
1809	10	79	80	84	89	
1810	55	79	80	81	83	83	85	91	
1811	81	82	83	84	85	86	88	88	90	95	
1812	84	89	
1813	84	103	
1816	91	
1828	38	
1843	86	
1844	99	
1845	80	81	83	84	85	94	
1846	88	
1850	65	
1864	58	
1868	69	
1876	76	
1878	82	84	
1879	89	
1880	91	
1895	48	
1897	45	
1904	75	
1906	56	79	
1914	92	
1927	95	
1931	33	
1934	68	
1943	11	72	
1944	72	
1947	40	
1954	78	
1959	96	
1966	86	
1969	69	
1978	72	
1987	32	
1989	63	
1991	59	
2001	2	
2004	97	
2028	30	
2041	70	
2042	1	
2045	27	
2050	72	
2064	24	
2086	38	
2092	57	
2099	82	
2119	44	
2121	101	
2127	103	
2145	35	
2178	27	
2201	18	
2215	12	
2216	14	
2225	101	
2259	8	
2305	103	
2308	104	
