81	55	55	
182	20	
220	100	
228	87	90	93	
229	91	
260	88	92	
261	85	87	88	88	90	92	93	96	
262	6	9	14	78	82	84	85	86	88	89	90	92	95	
263	17	78	82	85	87	87	88	90	94	
264	16	18	19	88	
292	53	93	
293	52	86	87	88	89	91	93	95	
294	82	85	86	87	89	91	93	94	96	
295	77	80	81	82	84	85	86	87	88	89	90	93	94	
296	8	10	14	77	78	79	80	81	83	83	84	85	87	89	91	95	100	
297	6	9	11	12	13	14	15	16	77	79	81	82	84	85	86	89	95	
298	16	17	18	18	19	20	82	
324	57	
325	87	90	92	97	
326	51	85	86	87	88	89	90	92	95	98	
327	52	55	81	83	83	85	86	87	89	90	92	95	
328	77	79	80	81	83	83	84	85	86	87	88	90	95	
329	76	78	79	80	82	83	84	86	89	98	
330	5	8	10	11	19	67	77	81	85	
331	7	9	10	11	12	14	14	15	16	17	18	19	20	77	78	81	83	
332	13	15	16	17	18	18	19	19	20	21	26	
333	23	
357	56	87	92	
358	87	88	91	92	97	
359	52	55	57	78	82	84	85	86	88	88	89	90	92	94	
360	76	78	81	82	84	85	86	87	89	90	94	
361	53	77	79	80	81	82	84	85	87	88	90	94	
362	37	39	66	77	78	79	81	84	89	94	
363	8	12	16	17	19	21	27	41	46	67	83	
364	3	9	11	12	13	13	14	15	17	18	19	19	
365	4	7	11	12	13	14	15	15	16	17	18	18	19	20	21	22	23	24	26	70	
366	20	21	21	22	24	
389	92	
390	87	90	92	95	
391	83	85	86	87	87	88	89	91	94	
392	54	81	82	84	85	86	87	89	90	92	94	96	
393	77	79	80	82	83	84	85	87	89	91	94	
394	37	78	79	80	81	83	83	85	86	88	95	98	
395	42	77	78	80	81	84	
396	8	11	12	13	15	16	16	18	19	39	68	68	80	
397	8	12	13	15	16	17	18	19	19	20	21	24	28	28	42	44	64	72	
398	4	12	14	15	18	20	21	22	23	24	25	70	
399	21	22	23	23	24	27	
400	22	
421	87	88	93	98	
422	52	86	87	89	91	93	94	97	
423	51	86	87	89	91	92	94	97	
424	77	80	82	83	83	84	86	87	88	88	89	91	92	94	97	
425	77	79	80	81	82	84	85	85	86	88	89	90	92	93	97	99	
426	36	77	78	79	81	82	83	85	86	88	97	
427	10	13	34	36	41	77	78	80	81	83	
428	9	15	16	18	18	19	41	66	71	80	
429	8	10	12	13	14	15	16	17	18	19	20	23	26	41	45	46	64	67	69	
430	10	12	13	14	15	16	17	19	20	21	22	24	26	65	70	
431	12	15	20	21	22	23	24	
432	21	22	23	24	
433	23	
452	88	
453	87	91	
454	83	87	88	89	92	95	
455	81	83	85	86	87	88	89	91	92	95	
456	53	55	80	82	83	83	84	85	86	87	89	90	92	95	98	
457	76	77	79	81	82	83	84	85	87	88	90	94	96	
458	78	79	80	81	83	84	85	86	88	90	96	
459	14	38	40	66	78	78	80	81	83	84	
460	13	16	18	18	19	28	42	66	78	80	84	
461	7	9	11	14	15	16	17	19	42	66	70	
462	11	12	14	15	17	18	18	19	20	20	22	24	63	71	
463	5	13	15	18	19	20	21	22	23	23	24	
464	22	23	27	
465	22	25	
468	46	46	
473	79	79	79	
484	87	91	
485	86	88	90	92	95	
486	82	86	87	88	89	90	92	94	97	
487	81	82	85	86	87	87	89	90	92	93	95	98	
488	77	80	82	83	84	85	86	87	89	90	92	93	96	
489	77	78	80	81	82	84	85	86	87	90	95	
490	40	77	78	80	81	82	84	85	87	88	96	
491	38	76	78	79	80	81	83	84	86	89	93	
492	16	19	40	79	80	
493	7	11	13	14	15	16	16	18	18	19	20	38	42	45	62	68	69	
494	9	12	14	15	16	17	18	18	19	20	21	23	23	27	40	44	68	71	
495	12	13	14	19	20	21	21	22	24	27	71	
496	15	20	21	22	23	24	28	
497	22	23	25	
502	45	
516	86	92	
517	83	86	87	89	91	92	94	96	
518	82	86	87	88	88	89	91	93	93	95	
519	80	82	85	86	87	89	90	91	93	94	97	
520	77	80	82	83	84	84	85	86	88	89	90	91	94	
521	76	77	78	79	80	81	83	83	84	85	85	87	88	90	93	94	99	
522	41	76	77	78	80	81	83	84	85	86	88	94	
523	42	76	79	80	82	83	85	
524	14	16	19	38	39	68	78	81	83	
525	9	14	16	17	18	18	19	19	20	41	43	48	48	62	65	67	
526	10	12	14	16	17	18	19	20	21	22	26	38	43	45	47	65	68	69	
527	8	11	12	14	15	18	19	20	20	21	22	24	27	44	65	69	
528	20	21	22	23	24	
529	21	23	24	
548	53	61	
549	47	48	50	
550	53	81	83	85	88	95	
551	77	78	80	81	82	84	85	86	88	89	94	97	
552	53	78	79	80	81	82	83	84	85	86	89	90	95	98	
553	46	76	78	78	80	81	83	83	84	85	86	89	97	
554	46	76	78	78	79	81	83	84	85	
555	39	76	77	79	81	84	
556	15	16	18	18	34	39	42	63	67	71	79	
557	9	13	15	16	16	17	18	19	21	39	43	44	49	62	67	70	79	
558	10	12	14	15	17	18	18	19	20	21	23	46	64	68	72	
559	7	12	13	15	17	19	19	20	21	22	24	26	44	65	68	
560	13	18	21	22	23	24	65	
561	21	23	23	25	
581	56	58	
582	51	52	53	54	55	56	57	61	
583	30	42	45	46	47	47	48	49	49	50	51	54	57	66	
584	34	40	42	43	45	46	47	48	49	50	56	57	66	81	
585	39	41	43	43	46	47	48	48	49	51	53	56	67	69	76	79	80	83	
586	20	38	41	44	46	47	49	55	56	67	69	76	79	80	84	
587	19	20	39	42	43	47	52	64	67	72	79	
588	20	36	38	42	46	62	65	66	80	103	
589	7	8	11	14	16	17	18	19	20	21	23	41	45	46	62	67	68	
590	10	11	13	14	15	16	17	18	18	19	20	20	21	24	26	35	38	44	65	69	
591	12	14	17	19	20	21	22	23	23	25	26	44	64	68	
592	5	11	14	20	22	23	24	25	65	72	
593	22	23	23	
594	25	
606	13	14	14	
616	53	54	55	
617	34	51	52	54	55	55	58	59	
618	44	45	50	52	53	54	55	57	60	63	
619	23	25	33	44	45	48	49	51	52	54	54	55	57	58	60	65	66	71	
620	22	23	24	31	35	39	42	43	45	45	46	47	49	50	53	59	62	63	66	72	
621	19	22	24	41	44	45	48	48	55	58	63	66	68	69	
622	8	9	12	14	19	21	23	24	26	40	43	61	68	72	
623	11	13	14	17	19	20	21	22	24	25	26	65	
624	20	21	22	23	24	64	
625	20	22	23	24	
626	23	
653	52	54	55	
654	34	55	60	
655	23	25	45	
656	19	20	21	24	
657	23	23	73	
954	102	
1157	63	
1165	7	
1174	66	
1177	94	
1190	90	
1197	37	
1201	46	
1204	59	91	
1209	81	
1214	24	
1226	38	
1230	39	
1236	83	
1242	9	
1245	4	
1246	99	
1262	17	
1266	19	41	
1272	18	
1283	36	
1297	64	74	
1302	90	
1303	27	
1315	51	
1316	42	
1320	19	
1337	28	
1338	28	
1349	36	41	
1350	21	47	
1351	55	59	
1357	1	
1378	29	
1382	10	16	
1383	16	20	26	36	40	
1384	46	49	70	
1385	33	45	46	49	69	
1386	60	
1399	47	
1410	1	
1414	37	
1415	18	37	45	
1416	5	19	
1417	16	18	19	27	41	44	47	51	55	56	59	66	71	
1418	17	18	20	22	23	26	41	44	46	47	48	50	54	56	60	67	70	
1419	21	42	43	46	47	48	50	56	
1420	48	68	
1421	51	
1422	60	
1446	16	37	
1447	17	46	
1448	18	36	38	68	
1449	12	15	17	19	43	
1450	7	11	13	14	15	16	17	19	20	22	40	46	58	66	69	
1451	13	16	17	19	20	20	22	23	34	52	53	55	56	57	61	70	
1452	18	20	21	22	23	27	42	45	47	49	50	51	53	54	56	58	67	68	
1453	22	25	44	45	46	47	48	49	50	51	54	71	
1454	43	70	
1473	27	
1479	21	
1481	16	18	19	25	38	47	66	71	
1482	10	13	14	16	17	18	19	21	25	39	44	68	
1483	10	12	14	15	17	19	21	22	24	45	65	67	73	
1484	12	14	18	19	20	21	23	24	26	72	
1485	21	22	23	24	52	53	54	56	57	
1486	22	23	48	49	50	50	51	52	53	54	59	
1487	45	49	50	52	61	87	92	
1488	50	
1511	67	
1512	17	24	41	47	
1513	12	17	18	39	
1514	9	13	14	17	18	20	23	26	28	39	67	
1515	10	12	14	16	17	18	19	20	21	25	52	
1516	10	12	13	14	18	19	20	21	22	25	44	69	73	
1517	12	15	21	22	23	24	71	
1518	22	23	24	56	
1519	51	52	88	91	92	
1520	50	51	52	53	54	59	88	89	90	91	93	95	98	
1521	51	55	77	82	84	85	86	87	88	90	94	
1522	89	
1523	33	
1526	12	
1531	14	
1533	20	
1544	26	
1545	16	18	18	38	40	68	70	
1546	12	13	17	19	20	25	27	36	42	46	
1547	10	14	16	17	19	20	21	24	42	65	68	
1548	10	12	14	15	16	18	18	19	20	21	22	23	67	68	
1549	11	13	13	15	17	19	20	21	22	24	26	45	
1550	21	23	23	25	56	
1551	24	93	
1552	87	88	89	90	91	93	95	
1553	53	55	57	78	82	83	84	85	86	88	89	90	92	94	96	100	
1554	54	77	80	81	82	83	84	85	86	87	89	90	96	
1555	79	80	82	83	85	86	91	93	99	
1556	85	
1559	44	
1567	100	
1571	38	
1575	16	19	
1576	36	
1577	16	18	19	42	44	48	
1578	9	13	14	17	19	21	30	42	46	
1579	10	12	14	16	17	18	19	20	26	39	68	69	86	
1580	12	14	15	16	17	18	19	20	21	22	23	26	64	
1581	11	14	17	20	21	22	23	25	44	65	69	
1582	15	20	21	22	24	25	70	
1583	22	
1584	52	56	87	92	95	
1585	54	83	87	88	89	90	92	95	98	
1586	78	80	81	83	84	86	87	88	89	90	93	96	98	
1587	75	76	79	80	81	83	84	85	86	93	96	
1588	76	78	79	81	83	85	95	
1589	79	81	86	
1590	83	
1603	21	
1604	19	
1605	37	
1607	16	24	39	
1608	15	37	42	47	60	
1609	17	18	20	38	66	
1610	10	13	16	19	22	24	36	43	43	67	71	
1611	11	13	16	18	19	20	21	24	28	35	42	47	49	65	
1612	9	15	16	18	19	20	22	23	25	43	64	68	
1613	11	13	13	15	18	18	19	20	22	24	69	
1614	22	23	24	
1615	22	23	25	
1616	52	56	87	92	
1617	50	55	87	88	89	91	92	95	97	
1618	77	81	82	85	86	87	88	89	91	93	95	
1619	76	77	78	79	81	82	83	84	85	86	88	89	91	94	
1620	76	77	79	80	82	84	86	90	93	
1621	35	78	82	89	
1622	80	84	
1625	53	
1626	53	54	55	
1633	42	
1635	11	
1637	27	30	
1638	29	47	
1639	16	44	67	
1640	17	38	39	45	48	66	
1641	12	17	18	21	43	44	47	66	
1642	9	15	17	18	20	21	29	38	42	47	62	65	
1643	8	13	15	17	18	20	23	24	39	45	47	63	66	69	
1644	9	12	13	15	17	19	20	21	22	42	43	68	69	
1645	14	18	19	20	21	23	23	25	64	
1646	14	21	22	24	65	
1647	22	23	23	25	
1648	88	88	
1649	51	86	87	88	90	91	93	94	98	
1650	52	53	77	83	85	86	87	88	88	89	91	93	95	97	
1651	76	77	80	81	82	83	83	84	85	86	89	91	94	
1652	75	77	79	80	82	83	85	87	89	91	95	98	
1653	78	80	82	84	
1654	79	84	
1658	31	
1667	22	
1669	24	
1671	13	79	
1672	14	16	17	18	36	39	67	
1673	17	19	21	42	44	47	68	71	
1674	7	12	14	16	18	19	20	22	23	38	43	62	
1675	12	13	15	16	18	18	19	20	23	40	61	66	69	
1676	14	17	19	20	21	22	24	26	44	65	66	69	
1677	12	13	15	19	21	22	23	24	25	44	71	
1678	22	24	27	
1679	23	23	25	93	
1680	92	93	
1681	52	86	87	90	91	92	93	95	98	
1682	51	83	86	86	87	89	90	91	93	94	96	
1683	77	80	82	82	85	86	87	89	90	96	
1684	75	76	78	78	79	80	81	84	85	86	92	94	
1685	76	77	78	79	81	84	86	89	
1686	79	82	84	
1687	78	99	
1690	33	
1691	32	32	33	
1693	60	
1695	60	
1704	8	33	
1705	9	11	14	17	20	63	
1706	12	14	16	18	18	19	21	23	25	26	68	
1707	10	13	15	16	17	19	20	21	23	24	26	64	71	
1708	10	14	18	19	20	21	22	25	45	65	72	90	
1709	15	20	21	23	24	
1710	22	23	24	
1711	25	93	
1712	92	97	
1713	52	83	86	87	88	89	90	91	95	97	
1714	85	86	86	87	88	89	90	92	94	97	
1715	77	78	80	81	82	83	84	85	86	88	90	94	98	
1716	76	77	78	78	79	80	81	83	84	84	85	88	89	92	94	99	
1717	76	78	79	80	81	82	84	85	89	92	94	
1718	79	84	89	
1719	80	
1726	96	
1736	22	
1738	11	15	
1739	7	10	11	13	13	14	
1740	11	12	14	15	17	19	88	
1741	12	14	23	86	87	89	91	92	96	98	
1742	25	86	87	88	90	91	96	
1743	87	88	90	92	
1744	86	87	88	91	97	
1745	52	86	86	87	88	89	90	92	94	96	
1746	77	82	83	84	85	85	86	87	88	89	90	91	93	95	97	
1747	76	78	79	80	82	84	85	86	88	89	93	93	97	
1748	75	76	78	79	80	81	82	83	84	85	87	89	96	
1749	76	78	79	80	82	83	85	89	98	
1750	80	
1751	82	86	
1752	85	
1762	97	
1764	6	6	6	7	
1770	35	
1772	14	
1773	9	14	
1774	10	78	82	85	94	
1775	13	13	76	76	77	80	81	83	84	85	87	88	91	94	
1776	8	10	13	76	77	78	80	82	84	85	87	89	91	95	
1777	8	77	78	80	81	83	84	84	85	86	87	89	90	93	95	98	
1778	77	78	80	81	82	84	85	85	86	87	89	90	93	95	
1779	77	78	79	80	81	82	83	84	85	86	88	88	90	95	
1780	77	78	79	80	80	81	83	83	84	86	90	93	98	
1781	78	79	81	83	87	
1782	79	84	89	
1784	83	
1808	14	
1809	77	79	86	93	
1810	78	79	81	83	89	
1811	77	78	79	80	82	84	86	93	99	
1812	75	76	78	79	80	82	83	84	85	90	95	99	
1813	78	79	80	83	84	86	
1814	79	81	
1815	82	84	
1816	78	
1817	16	
1828	71	96	
1830	48	
1836	94	
1840	10	36	
1845	80	85	
1846	80	89	
1847	82	83	
1848	8	9	89	
1849	7	
1850	46	
1853	2	
1856	17	
1868	95	
1878	10	
1881	95	
1892	36	
1897	50	
1907	8	
1913	19	
1916	7	
1919	2	
1939	48	
1982	29	
1999	30	
2009	27	
2015	79	
2021	38	
2029	42	
2035	27	
2036	53	
2050	68	
2081	17	
2086	60	
2088	27	
2105	97	
2135	16	
2153	7	
2162	40	
2167	12	
2199	27	
2200	14	
2201	27	
2214	8	
2216	6	
2243	1	
2255	2	
