81	97	
114	46	80	81	82	
115	15	71	80	
116	21	
118	86	
147	53	
150	22	
214	29	
250	20	20	21	22	
326	87	92	96	
327	87	90	91	93	97	
328	83	86	87	89	91	92	97	
329	86	87	88	89	91	92	95	97	
330	86	87	88	89	90	92	95	98	
331	82	86	87	89	90	92	93	96	
332	16	87	91	98	
333	18	
357	86	88	90	91	97	
358	87	88	90	91	92	95	98	
359	83	86	87	89	90	91	93	95	
360	82	85	86	87	89	90	91	92	95	
361	81	82	84	85	86	87	88	89	91	93	95	98	
362	81	82	83	84	85	86	88	88	89	90	92	95	97	
363	78	80	82	83	84	85	86	87	89	90	91	94	97	
364	12	80	81	82	83	83	84	85	86	87	89	90	94	97	
365	7	10	12	15	18	77	80	81	82	83	83	84	86	87	88	89	90	94	97	101	
366	8	11	13	16	18	82	84	86	87	88	90	92	94	98	
367	16	17	20	
385	88	
386	88	92	97	
387	87	88	89	91	93	94	
388	83	86	87	89	90	91	96	
389	86	87	88	88	89	91	93	94	97	
390	82	86	87	89	90	91	93	93	96	
391	81	82	84	85	86	87	88	89	90	91	95	97	
392	81	82	84	85	86	87	89	90	91	93	94	97	
393	78	80	81	82	84	85	86	87	88	89	90	92	95	98	98	
394	79	80	81	82	83	84	85	86	87	88	89	90	95	99	
395	78	80	81	82	83	84	85	86	87	89	91	
396	77	79	80	81	82	84	85	86	90	94	
397	10	79	80	81	82	84	88	92	94	
398	12	78	79	80	81	82	84	86	88	94	
399	7	8	10	11	12	14	17	78	79	80	82	84	85	88	94	
400	7	10	11	12	13	15	15	16	17	18	20	79	80	82	83	85	91	
401	16	17	17	18	19	20	22	27	
405	73	73	
415	88	93	
416	87	
417	87	92	
418	87	91	93	
419	86	87	88	89	91	92	94	
420	82	84	86	87	89	91	94	96	
421	77	80	82	83	84	85	86	87	88	89	90	92	96	99	
422	80	81	82	83	84	85	86	88	88	89	91	93	96	99	
423	80	81	82	83	85	86	87	89	90	91	93	96	
424	77	80	81	82	83	83	84	85	86	88	88	89	91	95	100	
425	78	79	80	81	82	83	84	85	87	90	96	
426	78	79	80	81	82	83	84	86	88	88	101	
427	77	78	79	80	81	82	83	84	87	89	
428	79	80	81	83	84	86	90	99	
429	78	79	80	82	84	85	99	
430	18	78	81	84	
431	78	80	83	88	
432	12	18	78	81	85	
433	9	10	11	13	14	15	28	68	78	80	
434	3	4	6	7	11	12	14	15	15	16	16	17	18	19	19	20	23	70	78	80	88	
435	17	18	19	20	21	22	23	23	26	73	
439	74	
447	56	
449	83	84	86	87	90	91	96	
450	82	85	86	87	88	89	90	92	94	96	
451	81	82	86	87	88	88	90	91	95	98	99	
452	54	58	82	83	84	85	86	87	88	88	90	91	96	101	
453	54	78	80	81	82	83	84	85	86	87	89	90	91	95	98	
454	78	78	80	81	82	83	83	85	86	87	88	90	94	
455	77	78	79	81	81	84	85	89	100	
456	78	79	80	81	82	84	85	89	94	98	
457	77	79	80	81	83	85	88	
458	20	78	79	80	81	84	85	87	94	
459	46	78	79	81	83	
460	20	42	78	80	
461	66	78	80	83	
462	41	78	81	101	
463	46	
464	18	22	42	44	46	47	
465	17	40	48	
466	9	17	19	
467	4	8	10	11	12	14	14	15	16	17	17	18	19	20	68	
468	7	11	12	13	13	14	15	16	17	18	19	19	20	21	22	23	24	70	
469	18	20	21	22	23	24	27	
480	57	58	
481	36	47	54	59	
482	44	46	47	49	53	89	
483	80	81	83	84	85	87	89	95	
484	77	80	81	82	83	83	84	85	86	87	89	90	92	95	
485	55	58	81	82	83	84	85	86	86	87	89	90	94	
486	78	79	80	81	82	84	85	86	87	89	94	98	
487	79	80	80	81	83	84	85	87	89	98	
488	79	80	81	89	
489	78	80	82	84	88	99	
490	19	41	50	71	72	72	73	78	79	82	
491	16	19	46	62	78	81	84	
492	16	17	18	19	20	24	26	42	44	47	48	52	53	59	63	72	79	
493	18	18	19	20	21	27	40	42	44	46	47	49	58	60	66	70	73	
494	20	21	22	28	41	44	45	46	47	48	48	50	59	64	68	71	
495	18	19	20	21	23	24	26	32	41	43	44	45	46	46	47	48	53	59	61	72	
496	19	20	21	22	27	39	42	43	44	45	46	47	48	49	60	68	72	
497	19	20	20	22	24	26	28	41	44	45	47	48	48	50	52	59	61	64	70	73	
498	18	18	20	21	21	23	24	26	41	44	45	46	47	48	48	49	51	58	60	62	64	66	69	73	
499	19	20	21	22	25	28	42	43	44	45	46	48	49	50	64	67	73	
500	7	9	11	12	13	14	16	18	19	20	21	22	25	26	44	45	65	72	75	
501	5	6	9	11	12	14	15	17	19	20	21	21	22	23	25	26	28	69	74	
502	18	20	21	21	22	24	25	26	74	
503	22	23	
514	52	56	57	58	61	
515	36	43	50	51	52	53	53	54	55	56	58	59	61	
516	32	45	46	46	47	48	49	50	51	54	85	
517	45	48	56	78	79	81	84	89	95	
518	78	79	81	83	85	86	90	
519	16	78	79	80	81	83	84	87	89	93	99	
520	68	77	78	79	81	82	84	89	
521	41	78	79	100	
522	17	18	19	38	47	51	70	79	
523	17	18	20	21	42	43	47	48	48	72	
524	10	14	16	17	18	19	20	42	44	47	62	64	68	77	
525	9	12	14	16	17	19	19	20	20	21	23	29	40	44	47	48	65	67	70	72	
526	13	14	17	18	19	20	21	22	43	43	45	46	51	62	65	70	73	
527	20	21	21	22	23	24	27	45	49	50	57	59	63	69	
528	21	22	23	23	25	27	42	44	48	49	51	54	61	68	70	73	
529	20	22	23	24	27	31	44	48	50	53	54	59	63	64	74	
530	22	23	24	25	44	49	52	61	65	70	74	
531	21	22	23	25	26	28	34	45	50	51	55	59	63	65	69	
532	20	22	23	23	24	34	45	49	50	52	54	59	
533	22	23	25	26	45	48	50	63	
534	13	20	22	23	25	26	29	45	64	74	
535	20	21	23	23	24	73	
536	22	23	
548	56	57	60	
549	48	51	51	52	53	53	54	54	55	56	58	58	60	61	63	
550	32	39	43	44	45	46	47	47	48	49	50	50	54	59	
551	30	40	44	45	46	47	48	50	59	
552	38	44	47	51	71	79	
553	43	48	60	70	79	
554	16	17	18	19	21	30	38	42	45	47	47	51	63	66	68	70	79	
555	10	15	16	17	18	19	20	21	23	38	40	43	44	45	46	47	49	62	68	71	
556	12	15	16	18	19	20	20	21	24	27	29	42	44	46	49	64	71	
557	13	15	17	18	19	20	21	22	24	40	44	45	47	48	51	64	69	72	
558	9	12	14	18	20	21	22	23	24	43	45	65	71	73	
559	12	13	19	20	21	22	23	24	25	26	45	
560	22	23	24	25	
561	23	25	74	
562	24	
563	23	75	
564	25	
565	24	
568	74	
570	25	
582	57	
583	51	52	52	54	55	55	56	57	60	61	63	
584	33	34	43	45	47	48	49	49	50	51	51	52	53	55	56	58	58	60	61	
585	29	40	43	44	45	46	47	48	48	49	49	50	51	52	53	63	
586	10	23	42	44	45	46	48	49	67	
587	10	11	12	14	15	18	64	72	
588	14	15	16	17	17	18	19	20	21	21	23	24	44	45	51	69	75	
589	20	20	21	22	23	23	24	25	44	50	63	73	
590	21	22	23	24	25	26	44	49	63	74	
591	21	22	23	24	25	
592	23	25	
593	24	74	
607	10	10	10	
618	51	52	53	53	54	55	57	59	61	
619	41	45	47	49	50	51	53	54	59	63	74	
620	31	42	43	45	45	46	48	49	64	67	
621	8	11	12	14	15	15	19	25	26	29	72	
622	19	21	22	24	25	74	
623	17	23	23	25	74	
647	8	
652	53	55	
653	51	52	54	57	58	61	
654	49	75	
655	5	9	14	45	46	49	66	
656	15	22	24	91	
660	93	94	
688	50	
689	33	47	66	
690	11	14	19	
691	20	
694	99	
725	22	
1165	23	
1166	73	
1169	55	
1182	82	
1196	21	
1199	33	
1211	57	
1214	78	
1218	3	
1231	22	
1233	20	
1236	20	
1237	52	74	
1245	9	
1247	32	
1249	81	101	
1250	29	
1267	14	
1269	17	
1270	63	
1271	52	
1277	67	
1279	28	
1281	57	
1285	84	
1286	88	
1289	103	
1295	101	
1308	89	
1310	53	
1320	21	
1323	58	
1338	91	92	
1339	80	90	
1345	23	
1357	17	
1361	90	
1371	87	
1376	51	
1382	26	
1384	12	
1406	18	18	19	19	
1416	42	
1419	48	
1420	23	59	
1427	6	
1428	71	
1434	56	
1437	50	
1440	43	
1441	22	103	
1444	39	57	
1448	27	
1449	66	
1451	46	
1452	46	67	
1453	39	48	77	
1455	50	
1467	74	
1478	38	
1479	42	46	
1480	46	
1481	16	31	43	48	
1482	17	20	42	47	
1483	14	17	20	40	45	47	60	66	70	
1484	17	19	22	24	26	42	44	48	59	67	
1485	17	19	20	26	35	36	40	46	47	52	55	57	60	65	
1486	20	21	27	42	44	46	47	49	60	66	72	
1487	23	24	44	46	47	49	
1488	43	46	49	51	
1489	49	
1490	73	
1498	20	
1500	28	
1507	50	
1508	33	39	
1510	41	58	68	
1511	19	47	52	68	
1512	18	43	45	47	53	
1513	16	19	21	37	42	46	52	71	
1514	18	19	20	23	43	46	48	63	63	67	72	
1515	13	17	19	20	26	41	66	
1516	13	15	17	18	18	20	21	22	43	45	46	49	61	67	71	74	
1517	14	17	19	20	21	23	25	26	33	37	40	45	47	48	50	59	63	66	72	
1518	17	19	21	22	24	26	42	44	45	46	48	48	51	61	73	75	
1519	18	20	21	22	23	27	42	44	47	50	52	56	59	61	65	70	74	
1520	20	21	23	25	27	35	40	45	47	49	50	51	53	55	56	57	58	60	62	66	72	
1521	22	24	25	26	40	43	45	46	47	48	48	49	50	51	55	60	74	
1522	43	44	46	49	50	55	56	73	
1523	45	48	
1539	46	
1540	66	
1541	17	46	
1542	16	18	18	20	38	44	46	63	66	69	
1543	16	19	21	21	41	41	44	46	48	49	60	
1544	15	17	20	22	26	40	45	47	52	62	69	
1545	15	17	19	20	22	24	40	43	46	49	72	
1546	15	15	16	19	21	23	27	42	45	47	48	63	66	69	
1547	16	18	19	20	21	22	24	27	29	40	45	47	49	52	62	65	71	
1548	14	18	19	20	21	22	23	23	25	39	43	45	46	48	49	62	66	72	
1549	14	17	19	20	22	23	43	45	47	72	74	
1550	15	18	18	20	21	22	23	25	44	51	63	69	
1551	14	21	22	24	27	45	50	
1552	20	22	23	24	26	50	64	
1553	22	23	25	51	65	
1554	25	33	50	52	53	53	55	56	57	58	59	60	62	
1555	24	34	38	45	47	48	49	50	51	51	52	53	54	55	59	60	74	
1556	44	45	46	47	49	50	51	53	63	
1557	49	58	
1566	72	
1570	43	
1571	18	19	39	46	
1572	26	40	47	49	
1573	11	18	20	74	
1574	13	17	20	42	44	66	
1575	12	15	16	18	19	21	23	27	48	67	72	
1576	17	18	18	19	20	21	24	27	42	43	46	51	63	67	72	
1577	18	19	20	22	24	41	45	46	48	62	67	73	
1578	14	19	20	21	23	23	28	41	44	45	47	48	51	61	65	72	
1579	14	18	19	20	21	22	23	25	28	44	49	63	64	69	
1580	14	20	21	22	24	27	44	50	70	73	
1581	20	22	23	24	27	50	65	
1582	21	22	23	24	25	51	
1583	22	24	25	
1584	22	24	25	74	
1585	24	74	
1588	35	52	52	53	55	56	57	61	
1589	48	49	50	51	51	52	54	54	55	58	58	60	
1590	42	44	49	49	51	55	65	92	
1592	56	
1596	92	
1600	30	
1603	12	
1604	12	16	19	
1605	16	17	19	20	23	23	42	46	65	69	
1606	17	20	40	44	46	48	65	66	72	
1607	12	17	18	20	22	24	42	43	45	46	49	65	66	72	
1608	9	12	15	17	19	20	21	24	26	45	49	66	71	73	
1609	13	14	16	17	19	20	21	22	23	24	26	45	48	69	
1610	15	20	22	23	23	25	28	29	44	49	63	69	
1611	21	22	24	25	49	73	
1612	22	23	25	27	
1613	22	24	25	74	
1614	25	
1615	24	
1616	93	
1617	92	
1618	93	
1620	88	93	
1621	56	57	88	92	
1622	51	52	53	57	58	88	92	
1623	50	51	52	54	55	60	88	89	91	92	96	
1624	52	53	82	84	85	86	88	89	91	95	101	
1626	54	54	55	55	
1633	30	71	
1634	72	
1636	13	
1637	9	14	18	
1638	7	11	12	14	15	18	22	26	65	72	
1639	16	17	17	18	19	20	21	23	24	27	30	45	51	62	64	68	
1640	14	17	19	21	22	24	40	43	48	49	50	71	
1641	19	21	22	24	25	27	32	44	69	
1642	12	14	20	21	22	23	30	45	69	
1643	22	23	24	
1644	22	25	73	
1645	25	
1646	57	
1648	87	88	91	92	97	
1649	86	86	87	89	90	91	94	96	
1650	83	86	87	89	90	91	94	96	98	
1651	82	83	85	86	86	87	89	90	91	93	93	95	97	
1652	82	86	87	88	90	91	92	95	97	
1653	82	83	85	86	87	88	88	89	90	90	91	94	96	
1654	6	82	82	86	87	88	89	90	91	95	97	
1655	82	82	85	86	86	88	89	89	91	94	96	
1656	52	53	53	54	55	58	82	83	85	86	87	88	89	89	90	92	93	95	
1657	52	55	58	78	82	83	84	85	86	87	89	91	93	96	
1658	78	79	80	82	83	85	87	95	
1659	50	81	
1660	96	
1661	1	
1670	7	
1671	9	12	16	
1672	7	10	10	11	12	13	13	14	15	17	18	22	
1673	12	13	16	17	17	19	20	21	22	23	23	25	26	69	74	
1674	21	22	24	
1675	24	
1676	25	75	
1677	56	56	57	
1678	91	
1679	57	86	87	89	91	93	95	
1680	86	87	89	90	91	95	98	
1681	55	82	83	85	86	87	87	89	90	91	92	93	95	96	
1682	81	82	83	85	86	87	88	89	90	91	94	96	101	
1683	78	79	80	81	82	84	85	86	87	88	89	91	96	100	
1684	77	78	79	80	81	81	82	84	85	86	87	88	89	92	94	
1685	77	78	79	80	81	81	83	84	85	86	87	89	93	97	
1686	77	79	79	80	81	82	83	84	85	87	89	91	93	96	
1687	77	78	80	80	81	82	84	84	85	87	89	93	99	
1688	7	78	79	80	81	82	83	84	85	86	89	91	96	
1689	79	80	81	82	83	84	85	88	90	93	98	
1690	77	77	79	80	81	82	83	85	85	87	89	96	98	
1691	77	78	79	80	81	82	84	85	87	89	
1692	50	63	79	81	83	95	
1703	14	20	
1705	8	10	13	
1706	2	5	6	9	10	11	12	14	15	15	16	18	21	24	
1707	12	13	15	15	16	18	20	22	23	88	91	92	97	
1708	17	22	56	88	92	96	
1710	83	87	88	90	91	92	95	97	
1711	55	82	83	86	87	87	88	89	90	91	93	94	96	98	
1712	81	82	83	86	86	87	88	88	89	90	91	93	95	96	
1713	78	81	82	83	84	85	86	87	88	89	91	95	99	
1714	55	78	81	82	82	83	83	84	85	86	88	88	89	91	94	98	
1715	77	80	80	81	82	84	85	86	89	93	97	100	
1716	77	78	79	80	81	83	84	85	87	90	96	98	
1717	79	80	81	84	89	
1718	78	79	81	84	88	98	
1719	79	80	81	86	92	
1720	78	79	80	82	84	101	
1721	79	80	84	99	
1722	79	81	83	85	89	97	
1723	78	79	81	84	
1724	78	79	82	84	86	94	
1725	80	100	
1729	74	
1731	55	
1739	7	10	
1740	5	7	9	11	13	14	18	24	
1741	2	7	10	11	13	14	15	58	80	82	84	85	87	88	90	92	95	
1742	8	13	16	18	53	56	82	85	86	88	89	91	94	98	
1743	82	86	87	89	90	92	93	97	
1744	55	57	77	81	82	82	84	85	86	87	89	91	95	100	
1745	78	80	80	81	82	83	84	85	86	88	90	96	
1746	77	78	79	80	80	81	82	83	84	86	89	91	94	
1747	79	80	81	84	86	89	94	
1748	79	80	81	83	83	83	84	85	86	96	
1749	77	78	79	80	85	94	
1750	78	80	
1751	78	81	83	89	96	
1752	81	
1753	79	
1755	84	
1757	85	91	
1760	88	97	
1764	8	
1773	13	
1774	13	
1775	5	8	9	11	14	78	79	82	83	86	
1776	7	13	15	16	22	34	52	53	56	58	79	80	82	83	84	86	90	92	95	
1777	55	80	81	83	84	85	86	87	88	90	92	95	98	
1778	77	78	79	80	81	83	85	
1779	78	79	80	81	82	85	88	
1780	78	79	80	82	84	89	97	
1781	78	80	
1782	78	81	
1783	82	83	
1788	84	
1790	44	
1798	4	5	5	
1801	80	
1804	7	
1808	1	5	9	
1809	8	13	79	93	
1810	1	13	78	80	85	89	
1811	16	52	79	80	81	82	84	86	90	
1812	45	50	61	
1813	79	
1815	88	
1820	101	
1829	46	
1844	9	14	81	83	97	
1845	6	78	80	83	88	91	98	
1846	52	87	92	98	
1848	86	
1849	60	83	
1851	67	
1855	30	99	
1862	49	
1863	46	
1867	53	
1873	70	
1874	17	45	101	
1878	10	
1879	85	
1880	82	86	89	
1894	33	
1895	69	
1914	80	
1915	99	
1919	93	
1924	42	
1929	25	25	
1935	55	
1943	6	
1982	94	
1993	96	
1995	46	
2000	23	
2011	12	
2014	49	
2015	78	
2041	55	
2060	58	
2063	1	
2080	8	
2084	89	
2087	94	
2153	5	
2161	17	
2188	15	
2192	18	
2217	9	
2221	11	
2260	5	
2261	13	
