16	72	
159	92	
160	90	93	
186	97	
190	56	
191	56	
192	93	96	
193	82	86	87	88	89	91	95	98	
194	82	86	87	89	90	91	92	95	98	99	
195	85	87	88	89	91	93	94	97	
196	16	17	
217	15	
220	99	
224	56	93	
225	88	90	91	96	
226	53	82	85	87	88	88	90	91	93	95	
227	78	80	81	82	84	85	86	87	88	89	91	93	96	
228	7	10	12	77	80	81	82	83	85	86	87	88	89	92	94	96	
229	7	10	12	13	14	15	16	80	81	82	84	85	87	89	96	
230	13	16	17	17	18	19	20	87	
257	53	
258	51	86	87	88	89	91	96	
259	52	54	80	81	82	85	86	87	88	89	90	92	93	95	
260	77	79	80	82	83	84	85	86	87	89	90	91	93	96	99	
261	10	78	79	80	81	83	83	85	87	90	93	
262	9	10	13	14	16	20	77	78	80	82	84	85	89	99	
263	6	7	10	11	12	12	13	14	14	15	16	16	17	18	19	78	78	80	81	84	86	
264	12	16	17	17	18	19	20	21	25	80	84	
289	58	
290	48	51	55	56	
291	50	52	53	55	83	87	89	91	93	94	98	
292	50	53	54	80	81	83	83	85	86	87	88	89	90	92	93	95	
293	68	78	80	81	82	83	84	86	87	89	95	98	
294	38	47	77	79	80	81	82	84	87	89	
295	40	46	68	80	
296	8	8	10	11	13	16	19	68	
297	2	5	7	10	11	11	12	14	15	15	16	17	18	19	20	29	72	
298	16	17	19	19	20	21	22	23	23	
299	22	
323	52	55	57	58	92	
324	50	51	54	58	59	87	88	89	91	95	
325	38	50	54	81	83	84	86	86	87	88	90	92	95	
326	53	79	81	82	84	85	87	91	96	98	
327	14	17	41	56	67	79	80	84	94	
328	14	16	17	18	18	19	21	27	38	40	43	44	46	47	48	51	59	67	72	
329	15	17	19	20	21	23	26	41	45	46	49	68	70	
330	9	10	11	13	14	19	21	22	24	28	44	71	
331	4	6	10	12	12	14	15	15	16	17	18	19	20	21	22	24	27	69	
332	20	21	22	23	24	
355	56	
356	52	55	
357	51	53	53	55	83	85	87	88	89	91	95	97	
358	51	54	59	81	82	84	85	86	87	89	90	92	93	96	98	
359	42	79	81	82	84	85	87	89	91	95	100	
360	9	13	16	19	41	66	78	80	82	84	
361	6	11	12	14	15	16	16	17	19	20	21	35	38	69	84	
362	17	18	19	20	20	21	23	24	25	27	42	44	47	50	59	63	70	
363	21	22	23	23	24	39	44	45	47	49	70	
364	5	7	10	12	14	15	20	22	25	26	43	65	69	
365	12	21	23	23	25	27	
366	22	
389	50	52	54	56	58	
390	50	51	52	53	55	57	87	90	92	94	
391	51	54	81	82	84	86	87	88	89	91	93	93	96	
392	53	79	81	82	84	85	86	88	90	94	97	
393	10	13	13	16	19	78	80	84	
394	7	9	11	12	13	14	15	16	16	17	18	18	19	19	20	24	29	43	70	
395	6	12	15	16	17	19	20	21	21	22	24	43	69	
396	20	21	22	23	24	
397	22	25	
421	58	
422	52	54	55	58	
423	49	50	51	52	53	54	90	92	96	
424	34	49	51	54	81	83	84	86	87	89	91	93	95	98	
425	54	77	78	80	81	82	84	85	86	89	
426	6	9	12	14	16	28	42	66	79	80	83	86	
427	7	9	10	11	12	13	14	15	15	16	17	18	18	19	20	23	70	
428	4	12	15	16	17	19	20	21	21	22	24	25	28	
429	20	21	23	24	
454	56	
455	53	54	57	
456	51	52	54	55	57	86	88	90	92	94	97	
457	50	51	53	55	82	85	86	87	88	89	91	95	97	
458	40	78	80	81	83	84	85	87	88	89	90	95	99	
459	10	13	16	18	38	79	82	84	89	93	
460	7	9	11	12	14	15	16	16	17	18	19	20	27	69	
461	5	11	13	14	15	17	18	18	19	20	22	23	24	28	73	
462	1	20	21	22	24	
469	50	
488	52	53	
489	51	54	83	86	87	88	89	90	92	95	
490	52	53	55	80	82	83	83	85	86	87	88	89	91	92	95	
491	38	54	77	78	80	81	82	83	85	86	87	89	90	93	100	
492	9	14	19	40	67	79	80	82	85	90	95	100	
493	6	10	11	12	13	14	15	16	17	17	18	19	20	20	44	65	70	
494	8	12	15	16	18	19	20	21	22	23	23	24	71	
495	4	21	22	23	23	25	
521	52	55	87	88	92	96	
522	52	54	56	60	83	86	87	88	88	90	91	93	95	
523	51	54	80	82	84	85	86	87	89	91	94	99	
524	80	81	83	84	85	86	90	95	98	
525	8	12	15	17	19	38	40	43	79	82	83	85	89	98	
526	9	10	11	13	13	14	15	16	17	18	19	20	21	43	69	72	
527	10	12	13	14	15	17	18	18	19	20	20	21	22	24	72	
528	20	21	22	23	24	28	
529	23	
552	57	
553	53	57	
554	52	55	87	90	92	94	
555	50	53	53	55	81	83	85	86	87	89	90	92	94	95	
556	77	79	81	82	84	86	87	88	89	90	93	96	99	
557	42	78	79	81	82	83	84	86	89	94	99	
558	10	12	13	14	16	18	18	19	38	66	78	80	81	85	
559	5	6	9	11	12	13	14	15	16	17	17	18	19	19	21	23	27	43	43	65	69	
560	5	6	12	13	15	15	17	18	19	20	21	22	24	28	69	72	
561	21	22	23	24	25	
585	58	
586	53	58	
587	50	51	53	54	56	87	91	93	96	
588	51	52	54	82	85	87	88	89	90	92	95	98	
589	78	80	81	82	82	84	86	87	88	90	93	94	99	
590	12	13	40	67	77	79	80	81	83	85	95	
591	8	11	14	16	17	18	18	19	20	29	39	43	43	67	71	78	79	
592	5	6	9	11	12	13	13	14	15	17	18	18	19	20	21	23	23	41	70	73	
593	6	12	15	17	19	20	21	22	23	24	
594	22	23	25	
619	54	91	98	
620	52	53	55	57	86	87	90	91	93	94	97	
621	53	54	82	83	83	85	86	87	88	88	90	91	94	96	
622	46	79	80	81	82	83	83	85	86	87	88	89	90	94	97	98	
623	9	14	41	44	66	79	80	82	83	85	
624	6	10	11	12	14	15	17	18	18	19	20	26	42	69	83	
625	7	10	12	13	14	15	16	17	18	19	20	20	22	23	25	26	69	72	
626	15	17	20	21	22	22	24	25	73	
627	22	23	24	
642	3	4	5	
652	50	52	54	88	89	97	
653	49	52	54	82	86	87	88	88	89	91	92	94	96	
654	38	51	54	80	82	83	85	86	87	88	88	90	91	95	
655	54	79	80	81	82	84	85	86	89	94	100	
656	10	15	16	18	19	39	43	69	78	78	79	81	84	85	
657	6	10	11	13	14	15	16	17	17	19	19	20	20	26	28	42	45	69	79	
658	6	11	13	13	15	15	17	18	18	20	20	21	22	24	71	
659	20	21	22	23	24	
660	23	25	
683	57	
684	56	61	
685	37	42	46	47	49	50	52	53	55	
686	38	46	47	49	51	53	55	81	85	
687	46	49	53	61	78	79	81	82	83	84	86	89	94	96	101	
688	16	37	39	43	43	48	53	66	77	78	80	81	83	83	84	86	94	98	
689	6	11	13	16	18	18	19	41	45	46	66	68	72	78	79	81	83	
690	8	11	12	13	14	15	16	17	19	20	20	22	23	43	68	68	71	
691	12	14	18	18	19	20	21	22	23	24	26	43	
692	21	22	24	25	
693	25	
717	58	
718	50	51	52	54	55	56	57	60	
719	33	38	43	45	47	49	50	51	51	54	56	57	58	60	
720	31	42	43	44	46	47	48	48	49	50	53	60	66	84	99	100	
721	9	13	41	44	46	47	60	66	69	80	83	
722	9	11	14	15	17	19	20	21	26	42	43	45	67	68	71	
723	12	13	14	15	17	19	20	20	21	22	24	25	27	49	
724	13	13	15	20	21	22	23	24	25	
725	21	23	24	
726	73	
752	55	
753	52	53	55	61	
754	48	50	55	61	74	
755	24	25	44	61	
756	23	24	72	
757	25	73	
789	74	
1160	52	
1178	91	
1185	97	
1197	86	
1198	41	
1207	5	6	
1212	62	
1218	64	
1222	71	
1225	39	
1236	53	
1238	10	
1243	4	
1245	63	
1249	63	
1250	56	
1251	81	
1273	41	
1285	101	
1287	61	
1302	17	
1304	71	
1308	30	35	
1309	10	
1314	36	39	
1315	42	46	50	57	
1316	41	47	49	
1317	73	
1318	60	
1320	7	
1339	27	
1346	78	
1347	13	39	
1348	17	19	21	42	
1349	18	18	19	21	24	35	37	38	42	46	47	49	52	57	60	64	68	
1350	20	21	23	41	43	45	47	48	49	50	56	61	68	
1351	42	43	45	46	47	49	70	
1356	2	
1373	28	
1376	102	
1379	28	
1380	16	20	
1381	9	13	15	16	18	19	21	26	40	43	46	68	71	
1382	10	11	13	14	15	16	17	18	18	19	20	22	24	29	39	44	71	
1383	16	17	19	20	21	23	24	44	50	51	53	55	56	57	59	62	71	75	
1384	20	21	22	23	25	26	42	43	45	45	47	48	49	50	51	52	54	57	58	72	74	
1385	43	45	46	48	48	49	50	52	61	72	
1386	43	46	73	
1390	3	
1392	7	
1403	27	
1406	22	
1409	12	
1410	2	
1411	17	
1412	19	
1413	10	14	16	18	
1414	8	11	14	17	19	20	21	26	28	41	44	68	
1415	8	11	13	13	15	16	17	18	19	19	20	22	24	70	
1416	11	14	17	18	20	21	22	24	27	44	71	
1417	20	22	23	23	25	53	55	56	56	57	60	
1418	48	50	50	51	52	54	55	55	56	59	
1419	43	44	45	46	47	49	49	50	52	54	56	
1420	48	51	
1429	62	
1438	17	
1442	18	
1443	55	
1445	23	
1446	10	15	16	19	27	
1447	9	11	13	13	15	16	17	19	21	26	30	43	53	69	
1448	10	12	14	15	16	17	18	19	20	21	23	44	69	
1449	13	17	20	21	23	24	26	
1450	23	24	
1451	52	55	56	57	60	93	
1452	48	51	52	53	54	55	60	
1453	49	50	52	53	53	54	88	92	
1454	48	
1463	38	60	
1473	24	
1478	16	26	
1479	11	15	17	19	39	
1480	6	9	11	13	13	15	16	17	18	19	21	26	42	44	70	
1481	10	12	14	15	16	17	18	18	19	20	22	24	69	87	
1482	17	20	21	23	25	27	74	
1484	87	88	89	90	92	95	97	
1485	52	53	54	87	88	90	91	92	95	97	
1486	49	50	52	54	55	59	86	87	89	91	92	94	96	
1487	50	54	81	83	85	86	88	90	91	96	99	
1488	86	92	
1497	1	
1503	26	
1511	18	
1512	7	11	13	16	19	41	
1513	9	11	13	15	16	17	18	19	21	27	43	69	
1514	10	12	14	15	16	17	18	19	20	21	23	24	69	
1515	21	22	23	24	25	26	56	
1516	23	51	53	59	
1517	53	87	88	90	91	92	95	97	
1518	80	81	82	84	85	86	87	88	89	91	92	93	96	
1519	7	52	78	80	81	82	83	84	86	87	89	90	92	96	
1520	55	78	79	80	81	83	83	86	87	88	90	93	95	100	
1521	54	78	80	81	84	86	90	95	
1522	86	99	
1524	91	
1528	6	
1532	84	
1540	19	
1544	14	
1545	9	17	19	
1546	9	11	13	14	16	17	19	20	23	41	68	72	
1547	10	12	13	13	15	16	17	18	18	19	20	21	22	23	24	73	
1548	15	20	21	22	24	25	57	
1549	23	51	52	
1550	51	54	57	87	89	90	92	93	96	
1551	81	83	84	86	87	89	90	92	94	96	
1552	78	79	80	82	84	85	87	88	92	
1553	79	80	82	83	86	88	
1554	79	81	84	89	100	
1555	37	78	81	83	86	91	
1556	84	
1573	29	
1576	25	
1577	16	23	23	38	
1578	11	13	30	45	
1579	7	10	11	14	15	16	18	18	19	21	68	
1580	1	5	8	11	12	14	15	16	17	18	19	20	21	23	23	25	27	69	
1581	13	21	22	23	25	56	
1582	22	50	51	52	54	55	58	
1583	49	51	54	87	87	90	91	92	95	97	
1584	57	80	82	83	83	84	86	87	88	90	91	93	97	
1585	78	79	80	81	84	86	88	90	
1586	81	84	87	99	
1587	8	79	
1588	79	83	88	
1595	100	
1597	5	
1600	101	
1602	78	
1609	43	
1610	19	38	
1611	12	16	18	22	26	
1612	10	13	15	16	17	18	20	22	24	40	44	
1613	7	8	10	11	13	13	14	15	16	17	18	19	20	22	24	25	44	70	
1614	17	21	22	23	25	28	56	
1615	50	51	52	55	60	
1616	48	52	54	57	87	89	91	92	95	
1617	55	80	81	82	83	85	86	87	88	90	93	94	
1618	78	80	82	84	86	89	94	
1619	79	84	89	
1625	49	49	
1628	53	
1638	25	26	
1642	30	
1643	13	16	42	45	
1644	6	8	14	17	19	38	43	
1645	8	10	12	14	16	17	18	19	20	23	42	68	
1646	11	11	13	14	15	16	17	18	18	19	20	21	22	25	27	69	
1647	20	21	22	23	23	25	56	
1648	22	51	52	54	59	
1649	49	50	51	52	53	55	87	87	90	92	94	97	
1650	53	80	82	84	85	87	88	88	89	91	94	96	99	
1651	77	78	79	81	82	84	86	90	
1652	81	87	89	
1671	14	
1673	36	
1675	70	
1676	17	18	27	43	44	
1677	7	11	14	16	19	22	23	41	67	70	
1678	10	12	13	15	16	17	18	19	20	21	26	40	45	71	
1679	11	13	14	18	18	20	21	23	24	44	70	
1680	12	20	22	23	24	56	73	
1681	23	51	52	54	58	
1682	50	51	53	55	88	90	91	93	95	97	
1683	52	54	58	81	82	83	85	86	88	88	89	91	94	
1684	77	78	79	80	82	83	85	86	91	96	100	
1685	81	87	
1688	76	
1691	34	
1695	73	
1703	96	
1706	21	
1707	31	
1708	13	
1709	9	15	18	39	
1710	10	12	14	16	19	21	41	68	70	
1711	6	11	12	14	15	17	19	20	21	23	24	26	71	
1712	11	13	14	18	19	20	21	22	24	27	43	68	73	
1713	20	22	23	23	25	
1714	25	51	52	
1715	51	53	54	55	86	86	88	88	89	90	92	93	95	97	
1716	77	81	82	85	86	87	89	90	92	95	100	
1717	77	78	80	81	82	84	86	89	93	95	98	
1718	80	85	90	
1723	32	
1727	46	
1740	17	
1741	16	19	38	
1742	13	16	19	39	46	
1743	9	11	13	15	16	17	19	40	44	71	
1744	9	11	12	14	15	16	17	18	18	19	20	22	23	68	
1745	11	12	14	15	17	20	21	22	24	26	70	
1746	22	53	57	
1747	52	54	55	57	88	91	92	96	
1748	52	53	87	88	89	90	92	94	95	98	
1749	77	80	81	82	83	84	86	87	89	92	97	100	
1750	77	78	79	80	82	83	85	88	99	
1751	80	84	
1752	80	85	
1758	31	
1766	61	
1769	37	
1772	16	
1774	16	21	21	39	46	
1775	11	13	17	18	39	
1776	11	14	16	17	19	19	21	23	24	38	71	
1777	7	9	11	13	14	16	18	19	20	22	23	25	27	43	69	
1778	5	13	15	18	20	21	24	26	58	70	
1779	21	23	51	52	79	
1780	50	52	54	59	87	87	89	91	92	96	
1781	53	54	78	82	85	86	87	89	90	95	99	
1782	78	79	80	82	83	84	85	87	88	89	91	96	
1783	79	80	83	83	85	90	
1784	80	88	94	
1791	64	
1801	5	
1807	19	38	67	
1808	11	14	16	19	42	
1809	7	10	12	13	15	16	18	19	20	22	24	68	
1810	12	14	15	17	18	19	20	21	22	24	70	88	
1811	21	22	24	57	
1812	52	55	58	93	
1813	51	53	54	55	58	87	88	90	91	92	94	95	98	
1814	81	83	85	85	86	87	88	88	90	92	94	97	99	
1815	79	80	82	83	83	84	86	88	93	
1816	79	80	83	83	86	90	95	
1817	81	
1818	80	
1827	49	
1840	14	18	
1841	8	9	11	14	15	16	
1842	9	12	14	15	16	17	18	19	21	24	
1843	11	13	14	15	17	20	21	22	23	24	72	
1844	22	24	
1845	52	54	91	93	95	97	
1846	53	54	83	86	87	87	89	90	90	92	95	96	
1847	78	81	82	83	85	86	87	89	89	91	93	94	
1848	78	79	80	82	84	86	88	90	
1849	78	80	85	93	
1850	65	81	
1856	100	
1874	9	
1875	9	11	12	14	24	
1876	8	12	13	14	15	93	
1877	87	87	90	91	93	96	98	
1878	54	86	87	89	90	90	92	94	96	
1879	53	81	82	83	84	85	86	87	88	89	90	91	92	94	
1880	53	77	78	79	80	81	83	84	85	86	87	89	92	93	99	
1881	79	81	84	86	88	
1882	78	81	84	
1884	69	
1885	100	
1886	84	93	
1891	64	
1896	49	
1899	63	75	
1903	92	
1909	11	14	
1910	1	81	89	104	
1911	77	80	82	84	85	86	88	91	
1912	78	80	81	82	83	84	84	86	88	90	93	94	
1913	77	79	80	81	83	84	85	88	93	96	99	
1914	79	81	84	92	98	
1915	80	89	
1927	41	
1928	58	
1929	86	
1942	47	
1944	79	85	89	
1945	79	82	83	
1946	79	80	85	
1947	79	85	88	
1949	90	
1954	7	
1978	32	
1979	79	97	
1980	84	
1987	81	
1994	80	
1996	14	
2001	103	
2012	18	
2015	95	
2025	25	
2031	91	
2049	77	
2066	42	
2067	25	
2069	27	
2074	98	
2084	98	
2086	78	
2095	46	
2115	8	
2116	98	
2121	36	
2122	100	
2131	97	
2132	45	
2134	6	
2135	93	
2150	13	
2160	91	
2162	5	
2177	10	
2193	7	
2201	11	
2205	24	
2268	5	
