186	96	
220	102	
254	103	
342	2	
362	88	92	
387	88	92	
388	87	90	92	
389	87	90	92	97	
390	87	89	91	93	97	
391	86	87	88	89	91	93	94	96	
392	86	88	90	91	94	97	
393	83	87	88	89	91	93	94	97	
394	87	88	89	90	92	94	97	
395	86	87	89	90	92	94	96	
396	86	87	87	89	91	95	97	
397	83	85	86	87	89	90	92	94	96	
398	86	87	90	92	94	97	
399	93	
414	87	91	
415	86	87	90	91	97	
416	86	87	88	90	92	94	97	
417	86	87	87	89	91	93	94	97	
418	86	87	89	90	91	96	
419	86	87	88	89	91	92	94	96	
420	86	87	87	90	92	93	95	
421	82	85	86	87	88	89	91	95	
422	81	83	85	86	87	88	89	91	93	94	97	100	
423	81	83	85	86	87	88	89	90	92	94	97	
424	77	81	82	83	85	85	86	88	89	91	95	
425	78	81	82	83	83	84	85	86	87	89	90	95	
426	36	77	81	82	83	83	85	86	86	88	90	93	96	
427	46	77	78	80	81	82	83	84	85	86	89	90	95	
428	37	38	47	77	80	81	83	83	84	85	86	89	90	94	
429	46	77	79	80	81	82	84	85	86	87	89	90	95	99	
430	8	47	79	80	81	82	84	85	86	87	88	90	93	
431	8	10	12	77	78	79	80	81	83	84	85	86	87	89	94	97	99	
432	7	11	13	13	15	77	81	82	84	85	86	87	88	88	89	91	95	97	
433	16	19	82	86	87	90	92	96	
434	17	
446	51	57	59	
447	47	50	
448	46	49	83	85	87	89	90	94	98	
449	82	84	85	86	87	89	90	94	96	
450	81	81	82	84	85	86	86	87	89	93	96	
451	78	80	81	83	84	85	86	86	89	91	95	
452	77	81	82	84	85	86	87	88	90	93	95	97	
453	38	77	80	81	82	83	84	85	86	87	89	90	94	97	
454	38	80	81	82	84	85	86	87	88	94	99	
455	16	67	78	79	80	81	82	84	85	86	94	99	
456	17	19	35	41	43	46	58	77	79	80	81	82	84	85	89	
457	16	19	36	40	43	46	47	50	57	67	77	79	81	82	84	86	
458	18	20	33	42	47	57	59	66	78	78	79	80	81	84	85	98	
459	16	19	20	21	27	34	42	44	47	49	57	66	70	79	80	84	
460	18	20	22	42	44	47	48	51	57	58	59	66	70	78	80	81	84	
461	18	19	21	32	33	45	46	48	49	50	57	59	69	72	77	79	81	84	
462	19	20	21	34	36	41	43	44	45	47	48	49	50	56	57	58	58	60	68	71	79	80	84	
463	20	21	22	27	33	43	44	45	47	48	49	50	52	56	57	68	71	73	77	78	80	83	
464	21	22	27	42	43	44	45	46	47	47	49	50	50	70	72	77	78	79	
465	10	44	46	48	49	71	76	79	81	
466	8	9	11	13	14	15	77	77	78	80	81	84	85	89	95	
467	6	11	12	14	15	16	17	19	80	81	83	84	86	87	88	95	98	
468	13	16	17	18	19	20	83	85	
480	52	53	55	56	57	58	58	60	
481	32	36	41	47	48	49	50	52	53	54	56	57	
482	31	41	44	45	46	47	48	48	49	56	79	81	85	99	
483	18	29	38	39	42	43	45	46	48	49	57	58	66	69	78	78	79	80	82	83	84	
484	19	20	33	41	44	46	47	49	56	57	58	67	69	71	76	77	79	80	80	81	83	85	
485	17	18	20	21	26	34	40	43	44	45	47	48	48	57	67	70	77	79	81	83	84	
486	17	19	20	38	41	45	46	47	49	50	57	58	68	69	79	80	81	83	84	
487	13	17	19	20	27	28	42	43	44	45	46	47	48	49	57	60	70	77	78	79	80	84	
488	18	19	20	22	42	44	45	46	48	48	50	56	60	68	69	70	78	78	79	80	82	83	
489	12	18	19	20	21	27	28	40	44	45	46	49	53	56	59	66	70	79	80	
490	14	20	21	22	32	43	45	47	48	50	57	59	62	65	68	70	72	78	80	
491	19	20	21	23	24	26	32	44	49	51	61	71	78	
492	15	19	20	22	23	24	25	35	43	45	48	49	59	62	70	
493	20	21	23	23	24	35	45	50	62	72	78	
494	21	24	25	45	48	62	69	73	
495	21	23	23	24	25	49	55	
496	23	25	51	55	57	59	63	
497	25	34	51	52	54	55	55	56	56	57	57	58	60	62	
498	24	37	42	46	47	48	49	50	50	51	51	53	54	55	58	60	73	
499	3	9	30	42	44	45	45	46	46	47	48	49	50	73	
500	5	8	10	11	13	14	38	44	72	79	84	
501	6	10	11	12	13	14	15	15	16	16	18	19	19	20	22	69	77	78	79	81	
502	15	17	18	20	21	21	80	
503	23	
514	52	53	55	58	59	62	
515	51	52	54	60	
516	44	45	47	49	50	54	59	61	64	68	
517	24	25	45	49	55	59	62	72	
518	22	24	27	45	50	53	59	62	
519	22	23	23	24	27	28	35	45	50	54	59	62	69	79	
520	21	22	24	25	45	51	55	59	72	79	
521	22	23	24	25	34	49	58	63	65	71	
522	24	25	61	62	69	
523	21	23	23	25	61	63	74	
524	21	24	25	51	
525	24	65	74	
526	25	
527	23	25	
529	73	
531	51	52	55	56	57	60	
532	32	33	50	51	52	53	54	55	57	58	60	
533	30	42	44	45	47	48	49	50	51	53	65	68	72	
534	5	7	10	12	13	14	21	23	44	45	48	65	66	71	
535	7	12	15	18	19	20	21	24	25	71	
536	21	22	23	24	
551	25	
552	75	
557	73	
566	54	
568	24	
569	2	25	
572	17	
607	12	13	
1172	47	
1186	1	
1188	75	
1211	8	
1212	24	
1231	24	
1233	30	
1246	37	
1261	54	
1268	74	
1282	36	
1302	19	
1304	28	95	
1306	66	
1313	8	47	
1316	56	60	
1318	14	
1319	70	
1322	69	78	
1325	70	
1330	74	
1340	13	54	
1343	10	33	
1368	26	
1371	28	
1376	75	99	
1403	49	
1406	80	
1409	96	
1416	7	
1417	9	
1422	68	
1442	63	
1452	45	
1456	60	
1474	63	
1476	30	
1479	23	
1480	71	
1481	27	
1482	17	
1483	46	
1484	10	
1499	84	
1501	39	
1507	49	
1509	28	52	
1511	47	
1512	40	46	56	
1513	23	27	43	
1514	32	49	
1515	18	56	
1516	26	34	44	47	48	55	57	70	
1517	37	46	67	72	
1518	44	47	50	
1519	40	46	69	
1520	50	59	
1521	72	
1522	67	
1533	38	
1536	36	
1539	37	46	
1540	19	46	
1542	16	25	53	58	59	
1543	18	29	39	44	46	51	68	
1544	18	20	30	36	42	44	48	48	57	61	67	
1545	16	20	30	36	43	46	48	68	
1546	18	18	20	42	46	53	56	58	73	
1547	18	20	22	34	42	45	46	48	49	52	56	62	67	70	
1548	20	22	26	40	44	46	47	49	57	59	72	
1549	17	20	22	28	33	41	44	47	49	59	67	70	
1550	18	19	21	37	39	44	47	50	56	58	
1551	20	21	30	37	42	44	46	48	48	51	55	57	59	66	70	
1552	20	23	36	42	44	46	48	49	52	56	59	72	
1553	22	43	45	46	47	49	52	58	71	
1554	42	45	46	47	48	51	
1555	47	49	
1556	73	
1557	36	
1565	44	
1569	17	22	
1570	16	19	43	44	70	
1571	18	18	20	42	45	46	47	49	61	69	
1572	19	22	41	44	47	49	53	54	57	58	68	68	
1573	19	21	26	42	44	46	49	56	
1574	16	18	21	28	38	43	47	57	61	65	66	70	
1575	19	22	30	42	45	46	48	58	70	
1576	17	20	22	40	45	46	48	52	56	70	
1577	16	18	20	22	25	27	41	44	46	48	57	60	65	68	69	
1578	16	19	21	22	23	26	32	44	45	47	48	57	61	66	73	
1579	17	19	20	21	24	26	44	51	55	60	70	
1580	20	21	22	24	26	35	44	51	56	61	65	71	
1581	21	23	23	25	49	51	59	72	
1582	20	22	23	32	44	49	61	64	71	
1583	20	22	25	33	45	51	55	59	
1584	21	23	24	45	47	51	61	64	73	
1585	21	22	24	55	59	
1586	23	24	45	50	51	53	56	57	58	60	65	73	
1587	22	25	27	41	45	47	48	49	50	51	52	53	55	56	58	58	60	65	
1588	23	25	28	31	40	44	45	46	47	48	49	50	51	54	57	70	73	
1589	42	44	46	47	49	64	
1590	50	
1591	3	
1595	103	
1600	75	
1602	10	
1603	12	14	17	19	35	
1604	16	17	19	20	24	33	62	64	
1605	18	20	21	22	25	35	44	47	50	55	57	61	70	
1606	20	22	24	35	44	45	49	50	53	56	58	60	68	72	
1607	21	23	23	44	45	48	48	50	60	65	70	75	
1608	20	22	23	24	35	44	45	50	60	70	
1609	14	22	23	25	28	45	63	65	72	
1610	14	22	23	25	49	62	72	
1611	22	24	
1612	22	24	93	
1613	88	
1614	92	
1615	25	87	90	91	96	
1616	22	24	87	88	91	93	96	
1617	73	83	87	88	89	90	92	93	96	
1618	87	90	91	95	97	
1619	73	82	86	87	87	90	92	94	96	
1620	16	19	55	63	86	87	90	91	93	95	97	
1621	16	17	52	54	55	56	57	58	59	61	74	88	92	98	
1622	17	45	47	49	50	50	52	54	55	57	59	62	63	73	
1623	44	45	48	48	49	50	51	53	60	71	73	
1624	44	49	
1628	61	
1634	43	
1636	9	23	
1637	7	8	10	11	12	13	14	15	17	24	
1638	15	17	20	24	91	
1639	23	24	89	90	92	97	
1640	24	86	87	88	90	91	93	96	
1641	73	87	88	90	92	94	96	
1642	87	89	90	92	95	98	
1643	24	87	90	92	94	95	98	
1644	86	87	87	90	92	95	98	
1645	83	85	86	87	88	89	91	94	96	
1646	83	85	86	87	89	90	92	94	96	
1647	82	83	86	87	89	90	92	94	97	101	
1648	82	84	85	86	87	89	90	92	93	95	
1649	77	82	84	85	86	88	90	94	101	
1650	76	77	82	83	84	85	86	89	91	95	101	
1651	76	77	80	81	83	84	85	87	89	96	98	
1652	77	77	80	81	83	84	85	86	88	90	95	
1653	10	76	77	79	80	80	82	83	84	86	88	95	100	
1654	6	8	10	11	13	13	14	18	77	78	79	80	80	81	84	86	88	89	93	
1655	12	17	18	20	58	80	82	83	85	87	90	96	
1656	51	51	52	53	54	55	57	61	87	88	92	
1657	49	51	54	56	87	
1658	55	64	
1670	8	
1671	10	13	14	
1672	7	9	12	15	18	82	86	89	91	95	101	
1673	78	81	81	83	84	85	86	87	89	90	95	
1674	77	80	81	82	85	86	88	89	97	98	
1675	77	78	80	81	82	85	86	89	91	94	98	
1676	77	78	81	82	84	84	86	87	88	89	91	95	
1677	77	78	80	81	82	84	84	85	86	88	89	92	93	97	
1678	76	77	78	80	81	82	83	84	86	87	89	93	97	
1679	76	77	80	81	82	84	85	86	96	
1680	78	80	81	83	84	85	87	89	
1681	77	78	79	81	84	86	89	
1682	78	79	80	81	84	86	91	
1683	78	79	82	83	85	88	88	
1684	78	79	82	85	89	
1685	3	79	82	86	
1686	79	95	
1687	11	78	81	85	94	
1688	6	10	12	14	79	81	84	100	
1689	8	12	13	78	79	82	85	87	89	93	
1690	52	55	77	82	83	84	85	86	86	88	89	90	92	93	95	99	
1691	77	81	82	83	85	86	88	88	89	93	96	99	
1692	83	85	
1706	80	85	90	
1707	8	78	80	83	84	85	91	93	
1708	78	79	81	84	92	96	
1709	79	80	84	86	88	
1710	79	81	83	87	
1711	54	55	79	81	84	
1712	79	83	85	92	
1713	79	83	86	93	
1714	79	81	
1715	78	85	94	
1716	81	82	84	99	
1717	78	
1718	80	
1719	79	
1723	79	82	85	
1724	78	78	79	80	81	84	85	87	91	99	
1725	78	78	80	82	86	91	96	99	
1730	84	
1731	97	97	98	
1734	89	
1738	52	
1740	5	
1741	78	
1742	79	
1744	79	
1745	80	
1750	40	
1752	3	96	
1754	17	
1757	80	
1758	80	85	
1765	99	
1775	84	
1777	87	
1782	89	
1788	72	
1808	41	
1817	93	
1819	4	65	
1827	91	
1828	76	
1834	9	
1839	98	
1840	49	
1845	16	
1846	29	40	
1847	12	
1854	1	
1859	1	
1865	92	
1876	21	
1877	21	
1882	36	
1906	47	
1924	34	
1929	29	
1930	88	
1943	41	
1944	20	
1963	103	
1968	94	
1983	9	
1996	91	
2003	78	
2005	6	
2013	40	
2017	68	
2024	88	
2025	48	
2028	27	
2031	97	
2036	9	
2045	80	
2047	79	
2059	90	
2060	46	
2085	6	
2095	28	
2100	16	
2101	27	
2114	39	
2129	97	
2132	55	
2135	22	
2143	3	11	
2151	9	
2168	44	
2171	17	
2177	12	
2196	98	
2200	9	
2203	18	
2207	8	
2209	4	
2213	10	
2220	3	
2228	6	94	
2254	12	
2255	10	
2263	98	
